83 788 7669 86
8
5916 3405
5533 7004
2469 9853
4992 361
9819 3294
7195 4036
9404 8767
5404 1711
1 3887 3342 83
7
3201 9883
1915 5293
4879 1705
9333 6171
4059 2320
4567 6355
2747 9964
96 4098 1699 44
6
4783 803
1928 6780
5011 2933
9192 5750
8689 9025
2560 9336
60 6451 8055 14
16
4957 5014
3963 3841
4026 6457
8934 4144
4545 4185
8960 5196
9705 6206
7088 8150
1229 6015
8016 6536
1660 8137
8087 3069
7076 5902
8140 8151
6978 9390
5658 3013
44 1203 6906 13
9
4033 1084
9793 1447
6332 6115
9614 5601
4140 1896
515 3060
1235 1544
3422 3656
8109 5892
11 2396 4632 58
8
4561 4282
6938 2202
378 5394
2650 8947
5187 1658
5653 3168
5801 2433
5726 8227
73 6502 9772 59
13
2444 3823
523 3958
4907 7679
5190 7962
8150 43
1302 441
1371 9101
5042 6055
3539 180
8937 7239
665 1000
5423 2121
8646 3048
0 0 0 0
