1 10000 10000 1
0
383 2754 6839 886
1
5916 3405
675 1488 7486 765
5
8531 1675
4354 2086
2415 7661
7874 7271
3684 6978
295 7606 3604 8
9
2981 7135
2623 9308
4398 6466
8410 2785
4158 4697
184 561
5011 4905
5869 2794
7603 407
93 7156 814 550
5
5085 6639
3025 7522
5707 5185
3096 1836
1022 3789
911 5268 9909 258
8
4561 4282
6938 2202
378 5394
2650 8947
5187 1658
5653 3168
5801 2433
5726 8227
61 1517 5628 788
5
140 4524
4160 939
3308 526
9117 2281
1861 8563
533 1056 9685 571
6
5121 7261
657 4032
4973 1110
6116 8179
2264 3256
78 4365
64 6881 8218 143
5
2861 3351
1812 2396
1493 6390
7190 3316
9467 6262
306 587 9582 89
5
1732 4018
2942 9383
1062 5418
7560 1606
7255 9623
290 691 5222 515
1
4415 4683
202 6396 3671 510
6
3287 8193
7427 7257
9799 1969
5058 3798
6394 5965
648 7677
398 4952 8891 325
0
905 8906 7282 560
4
9808 6016
2503 66
3117 1168
8902 6462
513 7218 7367 389
0
512 3487 9738 838
5
5040 9339
8304 1468
38 4436
6386 6714
3096 6507
507 1743 588 551
6
9625 3584
6786 1915
9022 2310
1824 6513
5901 7620
765 2530
115 3489 6464 297
8
6841 8302
1519 5286
4201 5886
9807 7097
6483 4788
2152 7541
1138 2980
4965 136
691 3744 7533 893
2
3392 4331
1995 9407
11 3117 6231 556
10
5419 4091
7640 2712
7855 4869
7292 6094
2404 7009
7349 1956
934 4881
938 7513
8328 2058
4186 5056
600 9755 628 973
3
3506 8133
3525 1388
5607 5788
0 0 0 0
