265 9691 7525 157
33
98 5779
9536 7601
8947 619
7772 4350
8970 1354
9893 8872
3138 8302
9563 9030
8054 4046
301 39
1068 6187
1636 7780
1755 2844
4345 9516
735 2633
93 833
8412 9629
9514 8438
1326 7285
2787 295
9718 3758
245 2855
3138 9808
2963 1191
4932 3265
2309 6001
530 3945
4859 2285
7869 9204
1800 8604
2915 1893
515 1327
2600 28
911 5268 9909 258
58
4561 4282
6938 2202
378 5394
2650 8947
5187 1658
5653 3168
5801 2433
5726 8227
2524 8441
2587 9511
2869 3037
5122 8818
8467 1291
8775 4881
5732 1176
8781 1371
6538 5718
3574 7995
1111 6224
6941 7377
8961 2593
545 4761
6106 6271
4066 8630
5790 7732
8140 9738
768 3262
8555 9236
4553 7330
5195 1363
9585 3975
2735 7201
9693 7388
5195 1883
4690 3215
338 3650
5808 883
9490 1913
8233 4634
542 5101
2365 9762
4838 3134
3023 4472
3448 8655
2880 8643
17 2464
3696 3831
744 4467
1218 5939
6350 5908
9154 6689
636 6041
8651 1204
9033 6884
5838 654
3063 8204
415 7902
2416 3438
902 6363 2933 534
23
5307 5057
3324 7824
5724 7111
1093 4652
7386 8364
4471 2166
7916 9369
6306 4618
5319 6793
7111 5669
2782 3565
5688 1686
5877 2520
5357 8516
4588 6359
9681 974
1415 3004
8798 8218
1193 9891
3949 8579
9334 8420
745 8328
7788 8130
557 8172 4239 310
2
3660 2972
2777 3809
855 6971 8145 287
27
7283 2340
4501 828
8703 12
5481 3196
5939 7419
8272 8238
566 9998
5982 3500
6529 1555
9071 9315
4895 2713
1628 6023
7913 6836
1858 5013
7458 4902
8254 4740
8321 3834
6647 8103
3846 2127
1298 863
9546 649
180 1190
646 6162
4691 8255
7718 4840
7569 2612
7553 275
178 6908 5177 514
4
2369 8914
8053 5259
1907 205
5768 8694
64 6881 8218 143
49
2861 3351
1812 2396
1493 6390
7190 3316
9467 6262
2655 6523
8360 8867
4615 2542
2290 94
966 3154
7863 3445
9020 850
1673 9664
2371 1787
1383 4125
9881 4244
7476 2771
7719 8969
239 4908
2284 784
1169 4939
8386 607
4885 3000
3149 8254
3094 5195
1408 2035
9719 1506
3965 1391
2248 6336
4258 3631
460 5217
8954 9015
7988 6672
9063 9306
2658 1346
89 3827
7365 9554
5513 3328
2553 8663
1581 6726
4936 4068
9840 4654
5574 3804
6046 8901
140 303
2531 1679
6599 1484
694 5665
9235 9757
320 2911 8285 692
0
445 7082 7382 266
55
3057 4892
4803 6514
7867 3566
5397 7155
5047 9948
2732 6778
4559 3614
9844 593
3535 1943
2368 4928
7060 6886
5321 4625
555 3979
3150 3139
481 3886
6805 3538
9858 2686
1130 7724
7331 6527
5957 2377
7554 9768
234 2112
3381 77
2706 7995
3100 6153
2922 159
4117 9323
4784 4673
3301 9014
8891 3782
2899 6774
8399 2756
9460 9529
1558 7869
7135 8595
1324 4688
8362 1558
6800 2822
1636 584
816 4736
6737 4818
4895 854
4140 757
6606 8520
9771 5496
3381 3749
3348 1779
6505 3886
2387 9143
1754 9522
7737 3078
4209 6098
4637 2087
8920 7352
3751 815
249 7469 8797 948
37
689 9116
7854 7112
7526 6077
4546 7158
5403 4188
6797 7709
1724 9249
5561 3505
7711 4340
4799 2980
7370 1889
3270 6908
630 1738
5247 16
3225 3299
5866 3915
3493 4798
2105 1018
1953 6651
8177 7356
1917 6052
6144 4720
5300 1704
8225 3010
7123 3024
5990 4492
5992 338
2478 6622
3155 8804
7717 7459
3181 4661
2452 7753
9459 4557
8772 2490
2287 8027
925 5283
4078 7069
790 1402 7234 91
19
15 715
5023 7353
4341 2181
4669 5156
9304 5729
9611 7008
3418 8963
7438 3281
8768 5932
5199 3979
3602 9407
1228 2274
4705 3158
847 4494
2783 6041
3962 2798
7835 63
1229 3254
2244 5899
202 6396 3671 510
39
3287 8193
7427 7257
9799 1969
5058 3798
6394 5965
648 7677
6476 6350
756 5657
7756 2188
8168 7561
4641 6553
11 7910
501 1856
7156 7104
4342 4338
4304 8708
2530 2809
5964 2328
4778 2101
6126 1172
8066 7853
9928 4542
4202 684
1277 1957
2872 523
596 8592
7076 607
7580 8656
3542 4735
5759 8963
9073 1141
7671 2681
3951 4713
5009 8729
6814 2213
979 4880
65 907
9422 5346
2670 1777
78 6440 5831 656
62
950 3722
9982 3701
6668 5473
3024 4304
7016 4812
8115 5510
4046 2444
3254 7280
1009 1350
5273 4565
1877 6000
4453 366
7670 5086
3584 2633
1071 5717
8120 2022
517 9180
5723 8265
5731 8747
3647 3825
4638 1762
9335 9763
5285 2588
8121 6294
5017 3393
858 6895
9393 6390
8340 7062
1476 1924
774 2547
8720 9973
4569 9238
9152 1371
7502 5962
1196 1148
9787 6913
3989 9122
6675 9275
2788 4795
6647 7806
9268 8585
5779 8660
4974 4118
5722 6450
7121 7575
76 5841
7547 5724
5078 7777
8174 3658
3738 449
5885 3525
7362 953
3725 5116
1306 6513
9911 7953
5397 256
7616 2254
8917 2590
6373 5717
118 4572
3291 194
412 1916
879 3278 3354 590
28
5876 8952
2422 8894
7832 8758
6668 3177
5878 9770
2210 9205
6537 499
9942 8086
1816 230
3646 6280
1609 92
275 7060
5347 2898
768 8831
8327 7636
123 5281
6587 3624
4175 5497
3460 842
9754 416
1690 1963
9622 8227
3541 641
7392 6436
871 1037
3794 2481
1130 4070
619 6477
135 8057 5110 663
37
2010 6068
7855 8740
3035 9948
1069 8638
7639 6703
6486 7732
8125 6848
4573 5698
8342 3587
2114 3869
8789 5691
7239 7463
8547 7163
1392 5086
4313 2304
2953 7403
9451 1886
7221 2486
1833 8290
1123 9473
6072 7609
8283 4196
5536 2855
9894 3877
7521 3086
8825 7389
8777 7142
4851 8402
4305 6243
4566 8618
9626 8598
6020 9076
484 4319
2640 2317
2609 4843
2868 8681
3530 1151
474 7473 4273 458
47
4320 3403
6982 4106
5377 3737
9010 8601
2332 9798
7427 4470
8642 9663
5085 9758
8863 2734
3796 1553
6331 5413
9062 3153
535 4463
7494 1199
7905 401
1098 2225
4884 9160
6331 260
2896 5340
9940 6307
6216 7366
1856 4857
7028 6941
5693 6970
9676 567
8523 6006
5981 7584
237 6516
3126 7732
8794 1030
8133 970
4334 3016
129 1744
4355 3025
8163 4294
411 4379
1659 2267
314 9767
9208 6008
6736 9962
6575 6337
5968 3634
5000 7284
149 9205
5015 21
1313 4227
992 5648
513 7218 7367 389
40
5481 7178
2170 5446
1726 5006
2411 9248
8927 8403
5053 9454
5993 9776
8183 2322
6770 110
5870 7294
4603 2809
8696 4410
38 4567
4181 6206
8325 8812
9814 3805
5990 1983
329 8795
8069 3819
8043 8074
2222 4174
8607 8215
3949 7868
1615 718
7978 7485
9091 2580
1372 7787
8069 1410
3432 3328
8695 1756
2140 8508
5562 8130
1569 5891
6924 716
789 6045
8791 3011
1298 7397
2304 5247
6343 4998
7045 4321
778 3023 9529 250
64
133 765
7855 722
459 290
6585 6690
7957 2234
4953 5547
8860 6019
2941 9464
1950 613
171 3824
7198 8720
5632 3220
3230 3638
7671 8810
2390 2076
397 3602
2842 9331
4324 4380
9622 1987
1069 7578
5301 7101
4203 4160
3119 8223
4702 5069
9915 5953
8894 8191
5751 4525
1411 8982
9242 160
8870 1631
3315 345
6312 6157
9677 635
1615 376
3702 3763
9033 9003
863 4314
4241 3982
2537 22
9052 3530
5975 9024
1721 2804
3548 4211
2864 3868
4371 1734
5499 7686
3158 2889
4922 3913
3524 7616
4289 8305
1379 4400
7307 3321
8715 2627
7304 2330
3728 7434
5860 781
6457 7581
3585 1083
2870 6450
4951 7241
9263 1528
6006 2420
4417 927
6334 9020
68 5604 4088 996
86
6550 7119
4052 8229
632 3690
4426 5349
5204 5506
4635 5804
6859 8626
4768 6466
5863 4885
580 5052
2883 5443
3571 5732
6183 8144
5651 9184
6589 530
2445 4217
7649 7576
2445 9360
2345 7951
5787 7549
4535 422
3352 1393
9048 9200
8938 4910
5163 9518
1041 8046
6039 5691
4856 3300
4913 507
3563 1502
2116 7087
5719 9765
4662 9244
203 8086
8273 5990
5635 2807
6412 65
5279 6538
343 4216
2527 5506
4812 3568
3551 851
337 9487
5230 5250
1072 8793
6752 3188
5879 3550
2952 541
3872 4234
9706 2144
224 5340
6030 7715
5406 1308
4253 5749
6603 6780
2334 1414
1426 5885
3344 1763
5371 8575
7013 6443
7367 4844
9631 3246
9473 3662
4866 4423
7896 4571
7646 9199
990 3675
6914 6396
6062 2245
3223 2664
103 5557
4078 1529
2521 7423
3292 8971
5997 1383
6493 3363
7306 7202
7688 6778
863 3632
2279 9839
8204 9925
9037 9194
4678 7029
6668 739
352 969
3403 455
174 8985 4141 967
72
223 9629
4096 5589
2770 8774
2342 641
4549 4485
9616 4035
8877 115
8315 4425
3072 1641
639 4010
5330 3242
5383 5493
961 7757
5350 397
3781 2313
5389 5083
3020 563
671 6869
9337 4092
7511 3886
8578 7126
9000 8533
8320 8393
4037 1391
33 5755
6480 6442
8997 1862
1934 1036
698 8364
1433 5558
1755 7902
640 5854
8465 2390
2722 7802
6482 232
2766 6138
8438 2844
5750 6757
1236 865
9228 2348
6620 6786
8791 6695
9728 1803
7731 425
166 243
7062 3000
8145 8781
8854 6609
2249 1576
5489 8731
2887 9334
5948 2403
2177 2776
239 3413
3641 9467
5762 1339
7331 5631
8034 7058
7434 6843
7483 7601
7086 5623
1679 5230
5482 533
1839 7731
3188 8407
6462 6075
7741 3488
8479 9918
6264 9797
3331 983
341 171
2322 7672
730 1425 3220 554
3
4361 76
5934 5729
2679 9402
115 3489 6464 297
3
6841 8302
1519 5286
4201 5886
497 6969 6916 91
28
7568 4178
2089 6978
9360 8185
2668 7893
3573 471
2005 6098
19 3886
2197 6894
2110 3250
2680 4084
9051 2385
247 4291
684 8343
6129 6429
278 8395
957 7846
2572 4125
5902 3010
2309 9649
1981 6962
119 3986
3059 1217
8951 6335
9191 1061
663 1870
5145 793
5334 6472
5084 6018
222 2782 4755 881
28
1031 36
7076 159
3166 8277
1539 7144
4928 5504
1296 9532
6236 8977
5721 5411
2419 4838
3401 7553
9896 4937
3610 3165
4739 8668
9027 4375
5359 1197
3680 6391
1233 1834
7629 4399
111 9168
2621 6118
5750 3917
6728 1985
2894 2449
7396 6392
7287 797
3944 8261
6813 7554
1426 2630
329 2838 9893 182
70
3840 8590
2725 3812
7684 15
2226 1815
5881 1717
8602 478
1051 8949
8972 9274
4750 4168
244 1186
1665 1482
9278 9400
9605 8804
8952 8723
3267 5580
1002 7107
4169 3728
918 1852
3743 4223
4746 702
7020 3348
1180 9150
3375 151
8424 8125
5399 9747
389 7064
2307 746
7542 1911
9550 6494
633 2816
2073 2715
1002 7321
6443 2999
9173 1264
8302 4998
1966 5321
8346 4225
4470 2799
4377 3972
2002 854
4797 2391
7918 7104
4216 5459
93 4844
3031 1806
8740 5104
4521 9742
2424 2042
3819 2676
3306 3199
7674 6351
8520 7098
575 4069
9897 4952
8041 1898
5806 3917
5368 4802
2099 663
261 2193
5507 3292
5078 4246
9476 677
5066 2978
2719 8886
6733 6025
3163 5485
2375 1683
2582 2950
6831 3557
8982 5950
803 6574 7139 562
47
6124 5725
4573 7712
3715 5453
3799 2886
6407 2480
7643 2990
9278 3604
5838 6763
6274 1186
9125 3338
753 1822
3401 2158
3484 9515
2094 5554
5757 9810
5496 2959
5534 69
670 9250
6601 5548
3214 4086
8028 1935
8155 8385
6618 3992
5147 2892
6257 4271
7309 7010
7173 710
246 656
1303 3420
7289 7060
3229 2785
18 9843
3933 1768
170 533
7316 3384
5698 5344
6398 3852
3728 3016
8923 9954
5908 5179
4225 3216
3267 1397
5005 3513
3132 6308
8012 420
4446 1241
3205 5544
600 9755 628 973
67
3506 8133
3525 1388
5607 5788
1410 3778
3770 6044
1481 4556
7878 6188
2487 1553
6623 5446
4406 6872
3695 1794
8066 8298
8634 2478
3134 2315
5479 7156
7098 63
5288 1701
2530 894
7489 3940
4672 2337
9985 7232
7973 8941
3420 459
494 1121
6985 5979
7993 1758
7773 6058
56 7485
9615 3190
9801 6172
1424 7977
6235 7791
9678 8765
9765 8245
2705 5515
1661 3768
2747 9634
2708 7246
1171 3202
8367 8156
9182 7438
9915 8033
4575 9971
6597 5268
4239 6397
1440 6742
4373 7675
4532 5129
6440 5375
3373 223
890 5034
3991 4716
5746 6699
3040 6918
980 1406
5073 1240
9923 6066
351 4497
7115 6948
9766 2432
3344 2284
252 8796
9959 4785
3924 7477
1238 8377
7700 2128
4489 1690
621 6351 7253 767
88
3957 950
42 6534
4619 6372
5338 7401
3986 6854
8322 4538
6459 4346
1515 889
2887 6848
9857 274
8564 2671
2107 3472
9514 9546
3696 1049
5108 217
1972 143
2246 3093
6678 7945
9465 2015
5345 3450
9949 3666
9067 7486
9092 582
8375 1978
8509 9311
3332 7073
1981 5439
1623 2573
6064 5319
3622 2250
6615 6673
2394 8862
9766 9072
6806 308
2165 3229
4838 2113
6895 4983
9599 7065
6644 9053
9044 5153
9442 2375
3304 2501
8893 4927
5074 6035
1324 9775
8286 7939
6447 679
7879 7291
829 5763
8678 2994
8992 3515
6187 6966
9578 6864
4030 6221
5916 4152
1373 6436
7606 4677
8937 7578
682 4010
4691 2006
4863 2976
1024 2388
4734 9982
9679 6642
5745 9436
9637 5815
2950 6902
3859 3606
3765 8969
9828 760
3120 1200
7196 1805
6957 6133
9383 7639
1221 4073
724 6085
8129 2827
8473 3941
2808 9231
583 9632
8666 219
5447 2694
8200 9306
6301 1964
9353 6128
2724 2473
8407 999
4278 6442
466 9824 5748 379
61
9671 4156
3826 2635
6104 1230
9931 7386
7005 2889
327 7647
4073 8851
2865 2967
3974 3137
1634 4079
9578 2428
8165 6423
872 5763
3474 2083
7459 8354
947 7129
3588 4773
842 9693
7082 1851
8157 5166
4741 9564
3891 8814
9493 7835
1780 3466
972 3414
7546 1628
6921 6789
9130 7794
2552 3682
9877 10
2036 1902
7140 6703
7754 9061
7474 5914
912 5631
1079 5653
6273 6049
4466 5765
3884 7326
9232 5935
1818 7856
7563 8740
4644 7771
7612 7196
1453 7488
7207 4568
468 5425
1270 9301
4485 8745
5214 5397
5454 7373
2128 2805
3421 6595
8570 7305
4999 8880
3239 6817
6735 1880
5556 2458
9652 3167
9654 2183
1733 7939
375 2536 7090 807
15
5628 2545
4889 8432
2100 8603
8334 455
8918 3598
578 219
3579 7987
8688 2843
2479 8976
8254 4316
6719 5742
4862 4835
2371 6852
2474 6464
3098 1767
661 5984 7150 189
94
9748 9184
6898 3908
6426 461
8226 9513
8529 6261
4366 7625
247 5974
5407 1433
4999 4385
6512 1453
5649 6640
8921 7097
9840 9649
4048 6635
2844 6993
8527 3670
6177 5424
7579 3681
6964 5804
3193 5492
2065 8639
4195 3391
4612 9603
4825 690
5066 1336
2143 714
9056 2142
8890 9974
1790 2937
6608 5714
1009 6213
9384 8265
2715 6962
1945 9679
3845 5138
5171 6989
3776 9366
1458 9468
46 6283
157 5112
8699 3379
6906 8833
5521 6874
8806 7312
9812 6493
3025 820
3784 3487
9085 6500
1528 2108
7257 5373
7246 2427
3440 2101
2872 4898
1568 2918
2260 2804
9110 958
6183 6015
869 1703
3967 753
93 3778
8325 4197
5677 2109
7685 5840
9688 9213
7948 6944
5664 6273
9372 9104
8374 2243
5080 9942
6240 7340
2745 5349
9377 6
2442 245
1709 6410
999 2882
1266 9324
7079 8023
2511 4763
3862 2198
5054 2889
9143 717
9162 9593
899 8614
2914 5980
9634 9154
3319 2378
5582 2696
3463 9103
4020 5172
6591 5019
8054 7858
5422 5133
6959 9012
974 820
56 5588 689 144
45
4151 4017
3054 8087
9410 7325
7981 9425
5221 9933
9194 6637
6303 4655
7158 7037
655 4805
2632 6797
5074 7814
6248 1500
6726 2534
7705 990
9601 8395
751 4830
2412 3805
3995 1821
1129 1976
2324 7429
2987 1517
5144 9290
7251 2301
7405 7906
8185 36
4702 3258
8930 2028
4758 5655
4562 3541
7724 5241
1936 9554
1150 4348
4437 5145
7248 6645
8200 9572
4073 1187
2168 9217
476 9419
2597 7882
8404 781
8997 3105
5119 7926
5134 955
4659 774
4497 2382
695 1438 9039 163
14
3462 878
8533 7512
3926 3242
7528 7971
1243 5530
6576 6995
9913 2942
677 3328
6857 5226
8895 193
9209 5780
7712 2216
2579 2769
71 9466
857 9780 4665 461
61
9896 992
614 4496
2564 6887
6386 68
2722 4130
9333 3927
5345 3818
4728 7746
7095 2796
9032 1183
9558 6533
5467 3824
4222 3854
3202 9054
797 8382
610 1772
453 2303
6268 3017
9190 2653
3086 1912
7863 3497
5839 3207
8395 1645
2031 5489
4441 2142
7751 3999
8675 4296
7823 2896
8151 1024
1949 26
485 3638
1798 938
5941 9145
5034 5131
2877 8120
8122 739
2696 5039
5025 1090
6684 7056
6579 1125
9198 5409
6203 8951
9705 5104
1846 8934
6129 4874
39 7693
9591 2916
9710 5532
2061 4743
1741 4938
3942 941
5677 6638
5980 701
7728 3742
8836 5385
5946 9113
1872 2148
8063 1577
7253 9910
510 4460
5862 1628
329 8579 6396 183
9
2997 9307
3715 1765
9580 8167
8226 6840
9644 4925
3705 6131
2504 7542
4826 7577
1025 6155
10 3499 2434 566
12
3376 926
6774 5677
8092 8662
2083 6549
899 3302
2328 936
4428 319
9033 566
2914 9132
8312 3884
8824 7587
6932 5838
402 2656 4347 478
57
25 9797
4060 6531
1893 8589
7029 8252
7341 7052
7566 4018
3134 9165
5656 8815
4401 5026
9451 5053
6820 741
5321 5273
7858 9844
1186 8143
5170 8557
2819 5196
9432 7959
1726 1324
6547 8755
9576 4966
6886 8220
8985 19
7385 5719
9913 2864
744 442
8997 8644
2262 4317
4995 119
4160 6181
9341 9330
5816 3239
5604 5247
2276 7330
7650 9902
7164 8304
4868 4049
7603 4931
5147 6066
649 6139
8 2472
7660 9005
2194 9922
3321 7190
1120 8560
4449 1539
8969 1344
4778 4572
7670 8133
2981 6399
8035 144
4702 2902
5272 3383
8912 418
9449 639
7636 536
3111 5295
9541 6385
791 5060 6931 390
36
9058 6287
4805 1009
7116 6915
3616 4194
2384 2482
85 9247
4104 8735
9902 9468
4110 1635
3218 9986
2089 7714
2948 5422
2196 3456
5705 4955
6242 7863
1503 5299
4149 7387
7387 2343
4301 1002
6538 6685
4564 7702
7011 8668
7515 6912
9215 1624
8548 3511
2688 1715
1225 5636
8216 4500
171 3921
9455 6413
1783 2036
2790 5933
9423 176
8276 3723
2258 5892
1487 6822
474 4714 6220 257
16
7249 9449
7169 8474
4298 56
5682 8191
8173 730
820 7175
3199 4290
8747 4833
6989 2957
1766 7956
1253 3105
1682 2078
5934 3373
7394 2322
372 9631
2410 8701
331 2141 600 955
75
8791 1368
9823 4083
1705 8840
6438 7681
102 7172
4329 7121
8765 584
6447 3991
2273 6399
1976 3961
4292 7934
1470 1180
7682 302
8937 9451
2649 8242
2745 1439
689 3646
5522 2394
2485 3039
1153 3667
210 5483
787 53
7146 7235
5123 9419
4712 8178
3379 9004
6112 5929
183 4872
7310 198
4323 9959
9520 8147
2476 208
2872 9078
3681 5357
2116 4834
9024 3405
316 890
4537 7462
9204 9661
7960 3915
7838 2417
3997 5028
8346 4180
9901 6735
5457 5302
6693 4976
3448 9170
5184 7399
8247 9944
3835 1441
5857 3937
4846 6173
4827 9383
4714 5109
9043 2673
102 7960
5090 4099
2987 4515
9358 2887
1249 4815
9268 9021
9791 2716
8190 6054
1193 7515
7076 5028
8956 2932
8966 4880
184 4871
4263 4898
9981 4384
8650 1161
2343 4818
5261 6410
9333 4618
9297 1660
246 5119 7402 367
59
1602 7820
8126 3233
388 6974
9841 1846
5481 8205
120 2551
3857 6345
1971 3846
3074 2558
4467 8972
8830 9389
7682 185
8076 2246
9266 9779
3104 6731
5596 4706
5629 4801
7940 7096
1774 8859
8943 8335
8142 9063
885 1999
6486 3935
6924 9560
6494 2469
9611 5323
1858 8371
6587 1012
1695 6931
790 4799
3662 7466
584 369
2266 8524
7466 5119
8461 6408
3453 6602
6549 4338
9680 4114
9353 7682
4752 5846
151 5441
2247 2009
3811 8835
3021 6585
5765 4891
1384 505
3435 1968
875 5701
1570 8341
1898 1109
5827 5352
8790 2375
768 8470
7568 120
7230 2320
7045 7381
7761 9293
468 2651
9206 4569
660 8558 2407 699
71
7872 5052
931 8881
8236 6892
4209 4485
7274 8958
2299 8652
3757 71
6518 6415
8094 380
5233 4684
2498 8798
1177 7707
9598 0
3267 9594
7260 3957
5354 5131
9009 7364
5090 8324
4255 377
2808 2608
413 6186
2338 4171
6258 8857
585 4351
9237 5818
9035 2813
5695 1290
519 6371
1290 3786
5964 8550
8823 2397
4760 8910
9761 928
7233 5095
1306 40
7703 1719
6227 40
6969 3563
8897 7554
7914 9213
4451 8028
2025 1224
9318 3624
7595 608
8489 4638
236 7311
7035 6075
6221 7874
7004 4532
2968 9389
4573 1749
1107 1878
1790 8077
5441 1765
6709 4433
2056 2238
3539 4082
3462 2857
8785 2136
4544 7273
6774 5859
5663 4887
1934 2962
2760 16
7494 6808
9405 2066
9636 1590
5023 1425
745 463
4270 7455
5976 6326
408 851 6374 336
18
9290 1589
346 6709
7631 4993
2481 3023
6765 4800
7218 6910
6792 9692
4195 7761
1677 5157
6926 8095
111 8715
8369 2858
8713 9914
7420 1470
4174 2608
4200 4542
4197 5626
1250 1827
617 5104 7895 664
64
2999 7551
3410 8123
6825 4436
3940 2423
1777 5497
2099 6904
1395 8614
6941 9253
700 3997
8938 3267
4668 1720
7915 1732
4182 3246
2743 9379
3320 5132
7940 7399
3762 1349
5521 586
6864 9461
3009 8641
6037 6188
6624 7432
4801 4643
7763 5501
8640 7780
8768 4386
9500 7761
6118 3682
1006 9940
4139 5406
6151 2078
2804 9913
4506 8325
498 1369
8865 4586
1089 4901
773 7713
3411 5574
2355 1173
1074 2073
31 920
6460 9532
9760 2577
3213 1845
3596 8431
7251 9747
1587 54
9659 6093
9458 1235
7462 9401
5821 8551
5380 6595
7342 8791
3247 775
1043 5401
2849 1074
7400 9309
1684 7160
2964 4897
9005 7639
4406 6255
7385 5993
7388 8122
2085 7924
701 3277 4767 393
97
6555 5226
8845 9725
4650 7614
470 9418
661 5228
2581 2265
3794 3419
1592 2955
6998 4680
4474 6981
1526 702
1660 1385
6364 3642
5006 5707
3407 8337
4985 1040
3562 4908
1843 9291
3600 3392
8708 4262
8620 1288
6527 3493
5787 8119
7527 3863
3877 2000
843 6482
2702 3582
7868 144
7225 3952
5851 1710
2288 1915
3829 6929
6823 6751
6219 423
143 4927
5764 8763
7294 2290
3334 4159
1487 860
8022 6443
2860 9944
4004 5562
3526 1871
6786 1829
6902 2636
3539 9191
4551 8447
6119 2453
5197 3417
2876 5340
8344 8640
5182 6716
2008 8516
875 4574
9377 8897
2095 2236
8841 6099
8878 3445
9049 5663
5274 5951
8299 8813
5141 3929
8338 2338
6382 3534
5755 336
8875 5177
54 4056
1893 3141
2571 3847
8794 1947
3822 888
5263 3741
8067 4140
7186 7115
881 2459
3065 258
2350 9285
5266 687
1623 1647
4222 8457
3062 3096
4713 4195
8231 6606
7336 801
452 7208
3828 5353
8097 169
9095 7242
5388 6280
4356 6269
8740 7422
6527 2168
7785 2872
2856 486
4519 8157
8944 8661
2331 3656
751 7548 9863 504
8
6842 4279
8494 2593
362 8215
1144 5813
1892 808
2168 2185
3005 3302
373 2610
396 6116 948 527
22
2768 1927
8697 5348
740 1039
8442 4673
7212 8088
6869 6484
853 6080
783 7600
3839 7450
8114 8959
4801 1225
8315 1645
310 3875
9483 1249
6427 7096
8455 9195
101 7151
4542 1921
9269 4062
6594 7559
2149 3462
5121 4081
415 5147 8609 671
9
9143 7986
7243 7630
328 6420
9729 3057
6294 1224
8069 3506
4829 4967
1264 725
537 1141
757 8141 1297 296
20
6318 5887
1989 463
2824 4417
4032 9750
178 9997
1746 4789
4604 5585
1604 1283
3454 7304
8852 2764
1714 1483
310 4938
9962 4761
319 302
1122 7246
4001 7441
3132 7070
7904 7035
1486 3014
6785 2743
852 945 6984 566
0
0 0 0 0
