25
20
0 10 A 3 1 4 5
1 6 B 3 5 2 6
2 10 A 3 3 6 7
3 6 B 3 7 16 17
4 10 A 5 1 4 5 8 9
5 6 B 5 1 2 6 9 10
6 10 A 5 2 3 7 10 11
7 6 B 5 16 17 18 3 11
8 10 A 5 4 5 9 12 13
9 6 B 5 6 5 10 14 13
10 10 A 5 7 6 11 15 14
11 6 B 5 17 19 7 15 18
12 10 A 3 8 9 13
13 6 B 3 9 10 14
14 10 A 3 10 15 11
15 6 B 3 11 18 9
16 10 A 3 17 1 4
17 6 B 5 18 16 0 4 8
18 10 A 5 17 19 4 8 12
19 6 B 3 18 8 12
20 10 B 20 0 1 2 3 4 5 6 7 8 9 10 11 12 13 14 15 16 17 18 19
21 6 A 20 0 1 2 3 4 5 6 7 8 9 10 11 12 13 14 15 16 17 18 19
22 10 B 20 0 1 2 3 4 5 6 7 8 9 10 11 12 13 14 15 16 17 18 19
23 6 A 20 0 1 2 3 4 5 6 7 8 9 10 11 12 13 14 15 16 17 18 19
24 10 B 20 0 1 2 3 4 5 6 7 8 9 10 11 12 13 14 15 16 17 18 19
