726
3871 91
18848 14
11599 54
14153 51
4798 98
8302 21
16699 71
14064 93
18251 81
8084 64
5016 6
18860 51
14392 21
4606 61
11041 15
3414 45
18213 16
4740 72
17853 7
19735 85
10990 68
11924 53
18510 57
4610 53
16241 39
1757 22
8976 82
9056 57
14308 25
18182 93
12018 99
16612 79
16560 28
12744 52
16594 38
13413 5
13218 74
7974 10
7675 2
1191 1
5275 46
17874 19
16268 63
13970 29
16943 93
12275 94
10098 91
8246 73
6588 89
17420 86
9819 93
3467 100
12519 48
7466 29
4022 39
459 58
660 87
16251 78
1614 52
3853 2
18722 61
16571 68
5013 0
8179 2
2157 30
7485 83
9133 79
7714 55
2391 23
14548 43
12891 81
8413 79
6043 43
6828 82
11234 96
15267 71
3160 11
11478 39
13005 45
12476 34
17958 29
3487 64
7264 30
17797 100
2730 69
12418 82
55 8
5522 48
18196 49
2808 11
19382 45
12088 99
6262 88
3416 0
15924 45
14426 74
8556 16
13675 13
5463 22
1824 66
167 88
165 38
7775 5
19021 47
14387 81
8103 30
16253 6
9012 14
16458 32
1780 93
1023 49
18966 83
10469 70
18100 44
463 40
476 15
10516 55
17202 90
19029 5
16965 81
10754 26
19887 44
5257 39
9520 59
14030 39
10447 13
209 84
17333 85
18404 23
2960 78
11706 70
15847 23
16778 80
13216 51
18325 14
5574 3
15246 7
12436 39
7062 38
14920 49
5958 15
12494 30
7482 90
13195 51
1609 76
1103 8
15941 54
11888 2
19052 9
4876 51
7986 16
2806 96
8613 34
12789 36
13548 66
16765 49
5777 80
2023 12
15436 27
11848 48
7722 57
6710 81
18955 19
12732 77
16403 69
15382 84
4408 14
323 76
9780 81
5045 20
17170 63
19184 93
3771 48
8908 79
9126 33
8953 9
6409 15
16861 68
10611 73
19720 29
3550 4
4105 93
5993 58
13680 66
13889 46
15451 50
9589 55
3060 84
8543 80
5268 43
5426 21
10866 70
6235 41
9900 36
10021 13
12914 21
17424 44
10583 1
14149 48
15540 6
15691 87
11799 34
18327 31
14990 9
3177 46
888 91
7181 2
9491 69
12183 29
19316 23
5360 2
8477 93
5599 24
2551 81
19674 94
4137 98
5431 75
16994 53
7145 82
6977 50
4944 46
11626 61
15969 66
14595 59
16857 34
3057 35
2490 93
17703 15
3297 54
540 20
18343 14
14685 94
16962 81
3882 27
16365 41
7130 57
15074 49
6135 68
12574 46
11896 41
7342 75
4350 83
15542 36
6976 15
2305 25
18159 3
12190 85
17125 60
872 75
5961 60
8216 97
14895 35
8197 33
10683 26
14462 96
6552 25
6587 77
4339 69
12952 71
965 69
15180 85
8608 67
8317 34
9223 66
3089 80
2776 57
4625 75
14594 55
11403 60
9942 53
16910 81
372 57
3745 51
5623 36
12375 8
4657 15
2061 76
7626 94
15347 7
15917 50
8383 85
9739 63
9065 64
18531 100
18664 98
6332 11
1317 62
19069 1
7764 94
14461 66
7630 41
395 94
8732 28
12771 58
17571 46
2513 55
82 81
15311 55
5639 0
9613 1
18665 72
16226 43
15350 47
14097 11
16337 48
12306 42
4026 90
6359 38
13423 55
13187 86
519 36
13298 97
17006 24
2450 95
11505 38
6945 55
17062 74
2853 9
14816 75
8228 61
1859 97
7821 43
2289 3
11345 36
2364 9
19408 92
12934 28
16186 95
10370 6
12582 8
7048 50
8395 20
15400 27
12872 44
900 50
14070 90
14335 73
1346 65
5124 80
5038 67
13573 22
6721 33
13502 47
12797 68
17892 83
5745 29
17608 6
5400 89
18089 12
15925 35
12073 2
18098 74
4587 57
15734 17
8485 6
17197 24
1567 42
1267 45
3174 85
15291 74
15794 55
18708 65
7877 19
19112 95
15081 52
4954 59
17734 19
6263 96
18846 3
8382 46
15470 63
18442 4
2199 94
4809 26
10124 61
2789 77
13838 35
8373 43
1954 27
4031 17
15224 99
538 0
4739 7
7980 95
17852 8
3617 87
18292 42
490 1
7870 33
8241 32
1355 88
18157 67
15234 24
1156 22
253 71
14292 26
15079 68
10327 87
7932 4
12434 38
10230 49
15288 18
8816 82
10405 77
14343 31
17357 47
1858 23
11250 14
11735 0
16159 41
3298 4
13928 51
3106 77
12958 1
7219 66
8033 23
3850 80
9734 53
15449 27
2054 43
11487 39
18191 78
11274 2
10434 76
18197 94
7700 7
6098 15
16221 2
18584 27
16592 38
7272 76
19601 74
7944 68
138 83
5824 23
5886 20
17952 81
7005 90
6220 55
8585 86
13085 13
2261 45
14262 83
4738 86
362 83
11350 68
10950 8
6601 51
7947 62
18811 24
8582 32
4440 34
15828 41
15228 50
14953 69
19053 52
14607 75
1850 76
15676 32
2504 71
18748 19
12013 4
14298 74
2244 2
5142 18
9890 65
9523 56
9792 77
6830 9
10842 41
18461 34
10135 81
279 10
5075 79
18429 5
6423 47
6795 38
15566 74
15155 0
3068 26
2892 98
14261 54
4558 51
4655 25
19812 12
10563 32
10278 1
4023 26
12973 48
14583 39
231 4
9021 52
6181 58
8784 67
15098 33
17983 42
1159 16
5717 67
4113 7
8811 4
369 58
6238 7
3809 42
10390 85
4079 91
5839 83
7163 55
7616 0
17999 24
19550 46
3285 67
7360 99
16996 25
879 21
19234 91
9772 39
9476 41
13371 85
5505 64
15244 27
18254 72
7371 64
6648 33
6219 73
16640 55
7199 40
16010 95
8156 17
16689 36
6816 84
18724 29
11876 40
8947 1
10538 85
5358 59
385 86
19566 20
18082 22
15445 46
7211 77
6420 47
4712 55
5318 88
11785 26
1902 76
14279 15
11538 65
17879 40
7753 11
11286 63
10548 35
9425 32
12129 64
16325 75
8158 82
12361 9
10647 0
13358 1
6291 2
10673 77
16446 70
17872 83
7458 79
4819 32
517 46
4671 92
479 9
1176 1
14305 44
12884 15
13739 95
13391 87
15019 55
13053 49
4595 82
18557 0
5029 50
1727 17
8530 38
4047 51
15354 76
110 30
15516 32
4790 92
11490 74
8633 67
15620 98
2317 29
1476 7
4652 75
15447 35
19813 72
15988 24
9312 46
4437 70
9916 78
11130 4
11973 63
4014 71
9168 11
7139 61
13435 79
12528 98
6100 76
7472 51
16424 59
6663 91
16096 37
14127 85
16223 42
7820 45
14704 32
12515 59
1946 52
19790 49
3280 76
18169 19
14145 72
4841 41
17743 10
922 68
14957 13
5812 0
3988 15
6533 36
8094 61
13606 34
17889 47
5340 28
16422 9
15502 84
14422 32
8566 71
19634 23
1683 73
13985 47
19237 94
13561 36
4185 94
12431 23
5576 78
13043 96
15693 59
14309 83
2449 66
18314 86
17887 39
13295 100
12928 22
13958 90
9853 35
91 62
18916 27
10586 73
14772 4
12576 16
3646 43
9093 85
7433 8
17771 98
6394 33
17729 14
14814 45
8967 54
7609 88
16885 35
2616 50
4583 73
13871 87
19728 36
12008 5
19663 49
9627 59
9958 5
16647 50
2805 27
16090 5
15432 81
10537 39
17935 50
6924 23
164 71
14457 65
10847 4
2077 26
4925 71
11933 58
6088 12
9693 19
18618 15
16478 88
2083 84
14658 50
16173 9
14617 98
12395 81
5278 77
3782 60
17304 95
766 93
1554 70
9816 18
6628 15
11397 9
8300 15
15362 35
4139 100
13695 61
7663 82
16694 3
326 63
16522 32
1645 34
18041 81
11283 21
14680 82
17199 70
19026 17
16749 63
16497 52
435 50
9825 12
2007 5
19721 98
9738 77
8299 99
571
3120 9
5923 3
9392 58
5067 94
4056 94
4770 53
7842 90
16200 94
3495 26
7476 87
7756 88
10695 34
7373 42
12075 38
10580 37
516 47
8857 16
18211 70
6153 93
10911 69
13142 44
7770 83
6885 95
7901 55
1536 82
2023 1
18743 81
4828 55
15159 11
11926 25
13668 74
12140 28
15230 21
17123 64
9979 59
7943 33
16417 19
4102 35
16032 57
10032 67
3729 65
15913 73
17474 35
17641 100
13994 52
14721 95
2006 62
2888 81
13561 52
11321 29
746 8
3010 80
11326 43
16815 74
11816 71
17628 3
11603 41
7070 12
14280 35
1707 55
14275 1
8637 78
15990 37
2571 12
7885 35
5793 32
13154 70
4479 79
2607 77
13137 29
5816 48
13759 91
8454 9
6339 92
893 88
3790 89
19600 22
6013 40
18991 29
15360 49
14060 93
18739 73
2486 96
534 28
7757 62
3601 89
11406 19
5631 33
193 10
13021 15
2932 35
11109 0
9583 87
2711 71
5388 67
10510 86
14764 44
11364 29
8817 75
15045 45
18271 46
6496 80
16004 78
5886 94
446 2
13633 52
8420 44
14965 96
18214 24
19278 46
8448 18
15751 16
15387 55
16812 34
8066 35
775 99
6853 78
8715 13
12099 90
15403 43
9858 48
8626 30
10128 79
12630 21
17616 23
4645 25
18046 64
5626 36
212 20
13987 14
10644 15
10965 69
18383 91
16703 14
10631 21
15730 38
17493 84
18764 93
4296 25
8665 97
13309 88
10401 11
9950 24
6619 82
17820 9
19382 42
2213 38
3667 45
6284 14
8874 74
6229 29
15881 87
4477 67
11230 89
8516 77
4577 61
13817 58
4584 60
15162 33
8856 76
2450 78
18265 98
17817 84
19257 68
8783 99
18840 1
13843 15
14650 23
10924 35
3245 96
11723 47
13967 43
2797 60
2008 53
9752 77
7290 2
15451 11
13214 36
189 40
10071 94
16951 78
16685 99
19982 15
1817 7
13565 99
6696 29
12881 58
19881 49
15564 6
9987 11
9103 97
13867 3
19182 11
10524 70
12253 76
1044 55
9505 90
12700 78
5414 74
13095 89
19576 88
13320 83
13155 21
4485 63
15087 0
10384 43
8098 86
5094 37
385 52
19352 80
12563 35
14544 12
18123 54
4257 63
14463 8
11569 66
9844 0
2846 6
18087 47
8068 14
14504 76
10066 76
11757 71
6232 91
3479 19
1130 83
2330 72
14460 12
11971 85
16691 86
8770 92
16823 54
13146 33
17963 79
19701 97
13460 93
13536 16
13156 66
11387 13
17433 42
1322 94
10907 20
3290 85
16806 22
434 6
18045 95
18106 93
4168 21
10886 76
15186 71
863 24
14398 7
10648 76
16260 77
13474 1
4060 58
4062 55
101 27
15991 12
10714 17
2440 63
5253 21
12773 67
1440 15
19427 34
9306 66
9404 46
3919 52
6791 38
18918 40
7068 74
12650 75
4387 75
8347 71
5987 33
10764 59
582 30
7737 11
8506 43
17663 0
4182 31
17555 88
17499 28
15381 50
4481 21
18555 11
10657 88
19028 89
16657 86
8123 14
19137 80
125 80
11254 20
9423 74
9740 49
4042 73
6756 73
209 57
19420 31
4894 99
6238 29
11799 46
7356 27
4640 45
10903 26
15711 97
11648 65
2460 82
47 99
19011 81
15318 62
59 27
17352 80
2679 1
12208 23
13375 29
3725 76
15339 0
5055 76
7796 82
9093 71
2348 73
15693 20
19993 53
13041 8
1878 32
14759 18
6784 71
14907 75
17938 41
13386 3
5560 82
9189 10
4542 14
13580 94
6553 19
12195 39
19764 32
6411 46
16331 10
11462 50
4162 91
12847 33
11035 65
406 99
11220 38
12987 41
7253 47
6732 1
12771 36
483 22
15687 25
17278 80
13268 53
7909 74
19492 12
4157 37
18295 24
10949 29
17461 9
11004 60
17849 61
18162 67
2517 84
13247 0
17908 96
7313 41
19110 16
5396 44
4631 45
14679 64
5379 7
478 59
11426 54
2354 78
16708 11
13332 7
18250 58
3214 62
8031 82
17402 88
18517 88
13573 87
9096 85
441 86
9683 51
482 43
17743 67
6115 86
4821 29
2917 3
10685 40
6807 11
3178 43
9852 36
54 57
12898 44
17887 59
9201 82
5500 2
2574 97
4785 60
16859 77
9909 31
15147 58
16083 96
19638 14
18027 9
8588 90
18439 25
5501 84
4835 17
639 56
14806 29
15393 70
16103 64
3893 5
15015 22
6157 40
680 29
6178 46
13227 13
13121 66
17885 3
1469 32
6262 91
19076 92
12575 63
989 42
9595 81
2841 37
10889 58
1945 19
8619 46
12350 98
1691 58
4392 31
7824 24
5708 27
8758 41
14449 36
17457 45
4652 87
19236 19
19469 4
3928 48
2856 55
3462 100
15630 1
17459 100
5957 82
9319 39
160 100
4514 28
11369 47
4249 80
5349 25
7712 26
11579 48
11087 22
18914 42
8917 99
2026 92
3230 65
16645 88
15286 1
9376 5
12530 89
4137 8
11754 97
6666 85
17673 38
10411 32
14717 88
8682 9
5740 64
17169 79
2067 81
19738 92
9553 30
2335 42
11686 14
2146 4
17598 18
17610 51
14491 68
18057 23
8992 12
13899 35
3159 1
5863 76
19231 28
16258 60
14929 57
2945 54
8728 63
16766 77
980 45
3153 67
9345 76
11919 99
6158 5
8571 88
970 76
3184 17
14569 79
5941 47
13848 61
14680 14
16792 36
132 4
17221 18
10126 7
12404 11
14368 52
19574 14
1584 86
16932 31
12577 57
18440 79
19543 94
4551 90
11206 44
6921 20
6204 48
2587 21
6549 69
3797 67
16532 23
5200 92
16874 20
7776 66
5621 40
13713 34
6034 10
16807 5
5862 62
17336 50
547 15
19304 29
672 94
9436 81
18048 21
16598 71
5784 59
1831 87
19273 66
4893 5
3881 18
9402 24
12600 40
14598 59
12313 44
7207 50
7319 25
13592 6
19743 94
3608 62
10112 72
15109 66
12721 59
3885 31
4285 62
2047 91
922 37
16901 44
6425 76
181 78
19513 99
4361 33
17694 74
896
13260 89
30 75
12802 39
13264 27
14306 99
9641 15
1197 26
8503 60
16799 74
18659 87
16285 63
4764 88
13769 1
13418 62
16428 57
7114 80
10045 73
2964 50
12269 66
3333 66
17283 29
16975 62
16678 14
8437 38
12425 55
10684 26
15746 91
785 27
1118 17
4458 44
6183 58
19935 51
11417 9
11776 7
15477 43
6611 39
4433 21
3942 61
5413 55
10937 90
19474 89
19250 93
13419 29
17437 36
10588 41
1136 52
6169 35
9348 29
16672 69
17622 20
12583 42
1258 17
4168 93
10828 65
17578 8
121 22
19735 36
4973 42
15756 0
393 44
17008 91
3113 39
15302 65
17113 36
2639 37
4120 79
15318 48
4939 75
6929 39
5418 53
13881 25
14260 76
4908 89
6768 94
14345 28
3357 96
1393 100
10880 76
11633 1
8667 31
15430 34
2195 50
10867 71
6585 88
12002 40
13130 20
9263 64
18798 70
9864 7
15543 42
19169 53
7472 77
10478 68
9973 21
9183 71
6603 47
2789 8
5539 83
286 83
5522 94
11041 12
6177 3
18099 28
17854 91
17138 29
14041 12
12994 91
18295 68
5676 29
14644 71
5214 48
5883 46
14947 11
14275 54
3810 53
3870 83
11151 93
4210 8
11372 91
13562 55
11810 63
1167 0
9113 22
4626 77
432 23
2350 52
16866 30
9998 59
12357 93
19747 1
420 92
72 78
10014 1
17170 3
2695 50
2598 10
18332 25
12012 31
15929 44
14935 31
8610 55
14708 71
1868 13
13639 93
8977 8
19446 17
13353 10
13669 17
3798 46
1102 36
14272 79
13700 40
3816 56
12750 49
15052 79
8808 0
1321 29
9135 50
8220 67
10116 14
8862 70
15648 8
5429 59
1931 92
12858 78
8422 33
19435 40
12436 92
4184 10
15698 29
9222 88
2895 54
8019 66
6433 25
7506 12
2491 75
18812 2
14932 28
158 40
6170 99
16245 80
12849 40
16712 3
15281 83
6821 4
16481 68
11834 6
19287 41
7755 92
8795 71
11323 37
4330 18
2126 60
7079 33
12474 31
11651 50
7839 28
17102 98
6134 19
18148 11
19712 23
18052 82
14002 33
4101 67
12114 20
9720 60
16883 49
9922 63
9662 90
17644 7
6600 93
3557 99
6496 12
11691 17
9392 7
18287 22
817 6
13351 25
6381 59
9277 29
6698 29
1929 2
9397 33
18941 87
1554 93
13896 9
18581 17
15294 37
14462 69
14056 27
9525 15
2011 72
5033 52
17862 26
9165 89
6258 55
2486 9
12146 95
12740 88
3643 31
16725 41
15150 97
7695 14
380 53
10131 54
15065 25
3130 62
2700 22
8788 94
12278 90
4052 69
2870 31
19424 34
11123 20
15157 73
2809 34
5007 57
3538 37
1105 97
11209 20
14704 37
3595 51
19699 7
15050 45
19559 87
15494 14
2213 11
6499 33
6082 4
10152 67
8737 36
5822 23
3621 64
6444 30
9628 16
8665 77
276 61
11220 18
11256 33
1165 35
9948 29
10776 41
11373 94
10148 86
7598 25
11395 7
2314 18
6430 87
2927 22
3364 76
3229 32
5940 58
16990 12
16182 60
19780 71
15411 99
10356 77
18238 74
19812 46
15533 0
1388 77
96 65
494 70
2340 9
8453 33
8677 97
14082 3
7889 57
8127 29
15667 94
14120 44
17632 33
13616 98
6202 22
607 31
13540 12
1364 96
18399 68
9215 60
17981 90
2792 28
13225 98
13588 46
18456 2
16314 39
8129 5
345 68
13710 95
11508 80
13172 71
13380 82
7308 64
9916 11
12581 51
19848 51
9797 50
12299 100
9537 76
3668 59
16248 7
14353 79
75 96
9682 36
7262 86
17271 92
7133 50
4653 66
6720 30
16307 42
17925 65
2251 92
11715 95
10741 27
435 69
9243 80
10740 51
13761 20
10995 3
949 68
982 72
11392 77
1573 64
18905 68
6964 52
3943 76
7718 1
8960 97
742 90
13386 32
6812 42
10562 0
18926 70
1069 4
4116 77
4527 61
16588 63
9563 2
8314 12
6452 88
16382 80
16516 12
12939 28
16234 43
17878 65
7560 42
4951 54
11296 100
18794 30
19261 73
14675 57
3672 37
6624 56
15257 73
4635 84
7824 37
19752 15
4320 6
860 94
15808 55
1910 99
11781 55
4495 26
15176 3
2157 40
13183 97
7613 7
1768 52
11735 97
10430 88
17385 47
14723 81
2482 39
2869 91
8459 92
11446 95
14184 47
6153 45
19354 72
4700 99
19656 44
5286 44
10712 85
5767 22
12967 4
17416 46
10710 8
5064 14
4790 30
2727 9
10335 98
11258 40
18350 38
7062 69
9477 25
11493 23
2347 94
9103 88
16535 28
11855 24
7416 51
12555 16
17760 63
4020 40
1903 1
12148 80
17269 52
9459 76
13520 38
13322 65
4632 77
4831 99
14295 20
16387 14
1505 61
13034 79
13863 75
19749 4
3769 10
17813 59
19021 41
4135 43
12211 66
8649 31
9426 63
9714 52
12826 93
4885 70
5782 1
966 72
1452 29
4236 14
5986 54
19302 47
2730 79
16620 22
16218 63
16880 47
16858 30
13510 70
13524 38
16873 9
8970 8
2163 8
6527 96
1476 50
9366 30
7721 80
17920 47
17809 81
487 66
18752 44
11533 100
1484 89
17511 1
14672 89
10920 45
13736 2
6004 8
7343 29
15378 91
13211 94
10882 75
12798 36
7952 67
5802 12
1385 17
1494 93
12888 80
1306 79
10674 38
17784 87
3872 97
14186 1
1529 98
15498 56
4671 2
17580 17
5742 78
9905 75
8534 17
14083 44
12540 65
2325 19
8304 6
18894 49
10506 53
855 2
11024 65
14849 6
14893 82
15602 71
3290 3
1517 92
15913 58
18081 41
18819 38
10235 81
15513 12
19578 13
1634 33
799 90
15309 92
3219 93
17790 65
11588 85
1117 27
8597 97
13074 8
6141 11
10590 20
6135 74
12736 36
17118 27
5280 88
8416 65
11517 1
8108 38
19923 79
2212 83
2097 96
10393 91
13692 89
322 87
1806 41
12102 29
7035 15
18155 87
10956 91
721 32
8318 53
15852 97
7406 17
15714 81
11637 97
5039 6
8076 96
9649 48
7124 15
4883 47
16432 64
14028 85
7923 11
12291 29
3805 83
7817 78
11203 24
4659 23
3979 74
5935 70
18297 66
18403 29
19107 4
4490 11
18021 43
7864 77
2707 66
10621 51
10425 30
5858 78
8625 74
19055 14
10047 29
14786 37
4085 6
2344 40
8044 49
1456 66
8797 78
9733 40
11668 67
13972 59
15838 9
17706 8
206 55
13195 84
9941 42
1361 92
15961 68
10364 40
13218 2
15129 79
6156 81
4763 37
18880 19
14472 10
4794 59
17624 17
9386 78
19597 39
15244 11
14773 27
1391 88
1523 91
8630 14
10100 62
13648 43
19460 100
14516 17
7459 48
11421 80
16646 55
6725 27
13197 39
9598 64
2053 3
1936 34
2729 95
5661 16
17030 8
8840 13
16137 12
5061 44
18641 80
12521 81
3941 27
2321 52
11105 78
6055 37
2540 53
5618 52
13488 82
2812 55
806 65
10195 78
8605 18
7584 39
15088 58
6084 87
8403 64
16691 82
9266 30
8850 55
11953 89
288 23
6456 40
14575 36
17403 91
13108 91
17152 62
9655 83
9680 14
9551 53
9472 71
12134 90
520 18
6570 92
7835 36
6507 23
3026 5
10630 32
5402 53
2127 33
18942 91
13716 31
11239 91
18202 65
9664 67
18389 9
19738 57
13361 39
16282 97
3532 3
5603 79
7430 14
10299 26
10502 10
15389 25
10796 17
19724 16
14565 73
17794 0
5461 96
947 100
9801 51
10947 48
6941 0
5382 89
15646 49
15126 57
8054 75
19908 1
13607 1
3453 56
6648 55
5479 46
18907 38
2691 71
8238 6
7986 8
11623 92
2189 77
11569 47
17310 9
5010 10
1026 37
5652 97
6227 100
4340 90
5292 48
16751 50
8133 31
14413 67
13842 12
7851 46
17898 15
8014 79
13841 98
6323 11
8906 21
5557 55
17432 12
3567 29
19522 15
9689 34
11598 29
8286 22
18448 38
6904 95
1699 94
6819 36
10578 43
8738 66
7118 7
11920 81
2743 97
2305 19
17740 52
185 54
6481 32
18425 29
16312 3
14159 88
5760 72
3400 24
12167 89
16110 39
17754 8
3514 4
16258 81
17245 42
1965 86
11878 19
18124 41
13316 71
1935 59
15386 0
14801 84
9357 36
10606 36
722 87
12031 54
9784 62
1733 26
14286 77
4603 51
11833 29
17867 5
11331 19
1203 3
11862 2
4023 60
447 20
8520 33
524 49
14431 95
9658 13
17866 27
1993 49
3152 84
5819 62
18619 46
17313 80
1891 90
2764 62
17281 58
8739 96
13789 62
11221 30
2894 90
16288 55
7743 51
17641 37
14442 9
17910 63
8615 79
18051 94
17730 48
16421 8
358 38
19065 30
6514 68
11644 79
13339 74
15313 56
7312 20
2612 13
10249 11
17014 82
12590 70
18635 79
15002 2
17493 4
8399 78
8703 20
5801 16
19097 77
15569 8
1671 45
9957 97
17842 77
4935 44
8674 20
13410 74
16225 75
16961 80
19906 23
11543 24
1044 64
4015 73
1401 17
17512 67
14833 38
11237 82
11042 89
13486 50
11165 61
5689 89
9955 14
1876 15
17800 37
1037 74
7149 42
11455 19
5224 0
14290 57
1635 13
3472 44
17585 31
12970 67
2807 16
19769 97
15901 39
7534 90
1481 25
9149 70
7453 85
16383 49
8360 0
6480 40
933 99
10801 13
17285 71
15465 1
9715 29
9412 20
190 34
713
1371 8
9353 20
3726 81
5979 33
15528 54
10311 17
2055 0
5737 40
1789 93
5258 69
10692 28
1378 62
12569 34
18998 81
12198 18
2749 62
18030 25
16845 19
7167 66
3390 23
5840 81
14633 42
13749 26
1617 80
11206 28
10801 16
3468 85
9650 38
16660 53
14620 0
9657 39
18777 97
5821 77
5793 3
14796 0
12032 95
19235 99
4881 94
19737 51
1223 10
9722 88
5542 34
13256 70
1929 89
16542 23
15124 59
10268 84
6588 60
5873 3
1778 35
17914 21
17656 16
13176 98
2834 10
1737 49
16557 60
8783 12
17351 7
9993 99
4657 37
8531 51
5436 50
6384 18
7589 61
754 38
5628 58
19526 91
12167 11
18523 16
1965 3
15409 75
8068 100
16971 56
18933 1
17402 69
9849 41
16073 1
13786 20
10 67
3768 73
7092 9
15782 97
5382 37
15670 55
19301 62
514 50
16156 53
11603 55
6703 89
12793 28
6829 62
19092 42
10628 94
18061 14
10602 77
11399 98
3926 84
662 86
11481 34
5914 72
13965 64
1841 98
7712 2
12302 58
16682 42
11222 47
4086 22
2763 99
19541 18
5349 7
15354 65
7835 80
16631 32
4938 0
1178 38
15243 28
13630 59
14318 18
19582 77
8458 18
8064 28
19773 88
2695 21
6861 98
12413 64
12377 100
1660 77
3396 43
1410 77
2753 40
15536 48
6785 16
7782 26
3209 1
4073 9
19977 88
7697 51
637 54
14987 27
12626 43
12410 23
11516 19
17916 54
12359 74
15948 39
14615 78
5809 48
16999 60
18854 27
13656 8
8225 81
7766 41
9733 37
2663 70
8604 12
1174 20
12993 21
11434 0
305 69
2936 37
11606 54
7735 60
15302 75
3708 74
17644 81
9784 72
7347 78
18140 25
18656 39
10855 44
12442 39
4623 19
1069 70
12694 67
8903 26
17625 11
9531 86
14274 13
19147 58
11690 95
11695 35
19009 66
15375 10
12473 59
14302 51
17640 34
18614 19
16423 69
1221 83
19924 99
11771 51
2732 38
7409 24
12628 46
15605 25
13435 78
1130 15
8804 0
17652 14
8930 22
16824 16
12684 48
552 61
6459 7
19604 55
11325 63
19517 16
1207 94
14324 98
8665 83
15955 90
19710 47
7279 16
1283 98
16994 65
4521 46
11295 94
5920 36
2768 22
12708 31
11720 75
1370 43
17992 97
12803 5
13311 32
484 57
18792 7
11745 75
1982 71
7705 16
11638 85
696 11
8535 77
12388 87
3362 59
9508 93
1880 86
13561 7
15523 17
4401 16
1798 39
13299 7
15154 0
16948 32
14421 87
8814 39
13230 78
5343 81
12475 29
5770 86
19177 16
7270 54
6154 11
17279 16
19897 5
3213 43
2914 5
14986 56
17906 65
7906 76
12938 3
14737 88
18931 97
4282 67
10512 68
3593 46
5328 28
7096 52
4396 60
5861 68
18757 67
2338 42
18288 27
12441 77
1960 53
1224 42
6120 32
17415 69
8742 30
12806 19
8100 20
5293 47
19964 65
17612 54
9465 0
8651 56
1600 100
6243 72
1014 63
12433 85
11732 100
10574 3
2319 89
19252 25
6037 39
6664 48
1159 8
3914 40
17047 93
5481 98
17700 82
14732 26
17822 17
15539 74
12360 11
10865 61
17978 16
14645 74
5778 1
7707 21
18657 41
2301 66
19030 97
937 22
443 66
2587 48
13252 39
10146 95
10996 3
2613 2
10006 58
150 23
11266 94
4630 11
17746 27
1561 1
19409 68
16217 17
2780 39
14514 52
16274 25
14068 18
7122 5
13303 87
9896 46
10529 55
2095 84
587 43
18176 40
3107 38
10255 53
8675 35
1233 39
4453 84
14748 24
3585 49
8770 68
13250 80
1865 45
3064 48
15170 87
4365 94
622 47
3328 13
2871 23
11070 54
3805 23
19141 62
17339 39
5400 6
15263 13
12163 13
2989 89
1205 0
15690 33
19837 78
10034 51
9902 49
16780 28
10559 77
12472 55
19722 68
19176 81
2259 49
2862 2
10735 5
19210 92
7538 80
3743 71
5641 7
14411 36
5065 6
15281 66
8484 40
12720 56
7977 39
15430 2
6463 87
5159 2
6429 41
12121 80
11330 37
106 75
12023 35
10647 27
19610 57
12870 78
7756 45
1592 50
16907 54
496 43
8766 68
1265 18
9703 52
6151 58
14809 100
10291 19
7945 34
11145 56
15596 14
7773 40
14267 28
8313 80
1181 82
14541 78
3240 95
9241 33
15932 36
11728 79
9546 36
19709 78
17543 38
6844 38
16747 57
1806 73
12484 43
250 74
6572 62
1475 10
18465 49
14895 11
3755 41
10062 5
7344 95
1673 98
16018 52
17595 32
7731 38
11752 28
15130 96
9523 31
19487 80
10714 43
14686 24
2865 17
908 74
7559 82
14599 72
17052 23
15760 2
11535 28
16456 97
14393 77
9918 28
1368 96
12405 71
9012 96
13366 98
10652 24
4618 90
13906 60
3979 35
2890 9
15435 95
16871 71
15017 54
15674 84
13885 92
12011 50
8914 30
5201 9
10565 71
6689 35
16563 7
7611 31
4997 82
10409 15
8728 36
18246 49
2208 24
38 89
17816 96
848 80
3520 20
9500 85
2554 75
6571 70
377 34
16111 53
4350 59
19721 88
5911 10
12157 95
11819 22
19659 81
16192 56
17341 1
7557 39
14593 72
15540 46
676 91
11261 39
11210 100
16857 97
1279 47
3744 2
3256 61
3833 70
644 24
5814 66
18732 4
16349 39
8716 4
10611 53
11332 2
104 30
595 52
11956 19
15704 8
11828 70
2722 37
10686 57
17929 50
17740 87
2872 85
15225 10
18262 5
14026 27
11829 59
3160 61
19445 47
4083 63
19825 74
2864 91
418 16
4062 59
6883 69
6620 36
7777 76
623 12
16767 52
2295 65
12602 61
16519 25
4964 23
13429 18
3899 6
11567 18
6102 94
5064 68
10627 87
11562 96
15514 16
15260 48
16076 73
7323 52
10810 94
3411 21
6756 82
16555 46
6780 12
6684 6
8880 67
3096 53
11822 86
10288 94
17527 91
12811 94
19408 62
4488 61
16127 37
2451 48
7566 42
13686 42
11916 63
13458 90
3905 37
12041 34
19603 80
12446 10
1101 47
5073 43
17883 36
9937 45
4230 52
6460 24
380 82
1829 44
18592 86
10861 80
2310 90
9088 77
14300 88
18404 31
14317 22
6888 54
11251 72
3930 41
17961 82
12171 62
4499 86
16453 2
3536 96
175 16
7134 46
3663 88
9646 49
4597 54
10974 43
6083 9
1883 80
15043 23
3892 20
14970 92
1894 84
395 68
2121 71
7623 35
11480 82
488 47
11536 46
4407 30
13251 31
14181 64
4707 0
2218 6
5937 2
9828 89
11042 55
7182 76
8426 91
16654 11
17548 46
13104 74
19149 57
5935 42
8826 64
16548 89
13999 33
15239 81
19341 35
16550 41
17899 91
18240 23
14409 19
15346 9
4458 68
11491 39
7292 17
1980 9
7158 73
3188 74
7044 27
16576 33
16003 3
10558 73
12652 50
3545 22
11342 54
14121 14
6950 43
9906 18
12546 38
5431 10
6776 27
18034 86
18906 35
3215 14
12298 71
7922 6
4132 18
16055 47
13124 95
8759 7
822 55
19102 79
14271 100
18916 13
2556 64
17692 16
16416 52
5503 78
11448 6
7240 23
18644 3
7148 40
4740 1
192 42
6256 95
12654 78
4588 18
7552 80
13466 85
2025 21
7165 49
18056 5
8146 6
15253 19
1330 7
19690 22
17653 38
19100 100
19095 48
16606 1
945 22
8779 58
17366 1
17094 59
15501 97
19555 1
7891 84
18948 78
13871 22
804
12572 1
13722 27
2955 34
6473 14
13100 3
11240 47
11355 72
986 40
10808 42
14748 16
11858 28
5130 15
8460 95
1730 82
13145 42
15027 84
12520 69
6672 82
10486 76
11108 3
10795 96
11907 74
8417 67
7614 26
5814 66
18816 20
7358 12
19873 77
15920 15
16662 14
6091 30
7483 33
9492 75
10435 34
3650 77
19914 28
16593 87
9296 5
17417 81
585 61
15622 40
17253 6
16048 49
7852 91
18728 74
13734 87
8905 2
19780 35
11723 67
14726 59
4460 72
6168 82
19163 55
18766 77
5076 50
19809 49
11454 85
12731 8
14186 71
15820 63
1447 70
6703 72
6566 49
18843 35
16176 40
17591 56
13086 60
6329 48
10112 23
9975 28
19068 99
17266 11
16106 94
3018 91
13290 74
14485 28
1188 67
5633 65
17861 60
15166 87
12706 71
17864 30
1364 95
14163 39
9090 36
16042 43
13593 78
4922 14
7891 86
8000 95
12445 67
15592 3
2563 41
12621 47
12691 49
5202 71
19173 46
9447 2
2181 8
17511 16
19936 40
16438 32
14778 54
8238 38
19319 85
19191 94
12485 49
18098 17
8710 97
11823 57
11208 29
3148 98
16441 95
7268 13
12555 74
2595 47
14683 55
2369 63
16743 91
8479 82
15898 99
527 58
15155 37
19781 4
5693 71
17967 11
4979 21
7280 74
10060 75
12744 18
15677 17
4159 94
10721 9
12522 80
9836 56
16227 6
5021 35
10466 69
11728 72
13094 38
18201 32
14320 41
8526 24
17302 2
8850 2
10254 80
1734 17
11237 23
17290 29
16269 58
1110 30
9209 73
1952 60
15360 70
6272 46
7451 6
15864 90
4003 98
16073 62
12029 45
7700 18
5800 15
13045 65
18239 94
17145 75
10162 11
19705 47
17087 36
19044 57
11687 71
17250 46
2491 47
13611 91
10206 82
4149 77
7309 49
17220 51
17633 97
6495 35
13302 76
6729 74
10949 14
19185 3
4441 94
13185 55
16247 29
11616 7
16252 69
1582 86
7613 49
1395 77
10283 57
4381 94
1583 76
3786 75
3571 4
11051 70
13299 69
15258 1
1167 100
6570 59
15229 23
12502 70
16115 97
10640 42
12517 84
15000 8
7001 45
7066 25
19312 98
16170 3
17716 48
13752 87
13808 79
1458 10
13804 9
8739 38
18916 2
13215 92
8026 28
11460 44
8592 85
19693 17
18544 87
16878 82
13960 42
736 18
268 90
11746 72
16200 24
9048 78
13933 17
11738 32
11729 89
581 18
1510 23
16649 95
14852 12
18397 69
15803 20
11249 82
8321 0
14141 17
19174 36
15366 24
11792 3
1728 94
14903 50
11276 40
14769 15
2738 88
3897 18
2731 11
8430 27
8494 62
16400 96
6698 76
4429 43
2364 51
3076 14
15327 5
18495 76
13295 37
6872 57
16380 96
16427 33
14270 76
11206 99
11774 48
14478 99
16571 38
16360 53
4653 21
458 39
741 8
4746 80
11103 36
9474 79
9340 46
5320 83
10688 39
17540 91
14772 33
14660 67
4733 80
6811 90
12718 91
4571 64
309 72
738 49
1264 21
13468 59
1426 15
13115 97
11989 4
12837 69
12883 26
337 57
15473 14
10550 5
16837 20
17860 78
13233 71
19628 21
161 10
14590 21
18552 31
10141 89
3702 84
7094 74
10745 62
11070 98
3010 68
11281 80
19107 10
18687 41
11894 13
5127 84
14180 28
11839 37
5960 12
10369 58
5776 43
12065 41
6111 62
5503 59
2789 58
1291 45
6993 74
8603 89
9043 86
14928 66
1975 51
17774 20
11148 97
2953 20
14468 82
13219 55
3742 52
5816 6
796 66
3384 4
16181 23
14005 26
1422 71
17908 44
19455 49
14059 14
12145 69
14774 42
13206 87
405 96
7398 7
620 58
7961 13
17342 5
10456 28
8692 68
1751 25
18864 81
1655 41
9989 18
5958 100
15242 57
8583 34
14097 32
444 94
5813 54
827 45
11683 26
5570 7
13896 2
2453 73
11716 19
1635 62
80 27
6420 11
6011 89
8694 83
15401 44
10912 55
11855 41
19352 84
18943 94
4081 33
408 35
17977 86
11909 70
851 55
18550 84
8895 27
7835 9
11642 79
2132 49
7012 21
4451 7
7423 23
16039 25
8704 22
1613 34
19063 2
18593 18
7508 71
13955 9
15669 20
12492 12
7045 78
19877 51
6874 87
8077 16
12243 25
8159 49
5185 4
19143 87
15531 59
19376 13
15480 55
7984 48
17525 17
7697 85
7145 82
14107 50
13217 85
5579 81
13655 63
936 58
18485 94
7718 23
12447 59
10916 92
13685 95
5033 0
9844 0
1881 76
12068 43
15278 38
5531 63
1824 57
7748 44
4559 64
8591 4
288 25
18799 60
2460 97
2315 96
17151 29
15235 6
355 15
6554 54
9562 63
13659 70
7229 69
7009 29
15055 29
3669 51
8862 12
1459 81
19334 51
13507 18
7854 24
7872 2
4523 36
3538 49
4535 48
19816 75
5065 66
15287 43
5368 9
14048 58
13403 11
12738 64
9976 97
7765 26
7157 50
158 61
9795 91
16365 94
7487 4
11899 10
6346 10
2470 61
17892 61
16406 42
16403 41
32 42
873 41
8420 7
19670 83
9213 16
17455 10
1836 39
13751 73
17919 60
10806 40
9611 27
17882 87
15774 13
14021 67
2589 65
15416 58
18050 7
17165 57
4206 12
10814 26
7155 67
9218 49
13934 9
5026 60
10927 53
17485 80
9076 14
2045 95
12102 57
16584 44
9595 94
16139 70
9239 98
5597 77
3003 83
6510 16
6396 68
6878 81
18643 76
13796 34
12236 79
15263 51
12973 64
6604 34
9399 88
14984 18
13785 92
6988 19
928 28
2794 0
13961 81
10282 36
19271 32
19577 29
4614 15
453 10
4300 33
11351 38
4882 71
19014 22
11952 94
8380 47
5681 92
1878 68
12150 94
297 84
10325 50
19170 89
16792 2
212 21
8470 81
14605 78
9083 91
2746 78
261 87
4595 53
12974 100
14140 64
12528 65
16842 92
13748 100
227 49
18473 19
10173 88
6386 85
5688 84
2534 82
12483 39
17554 7
1453 50
7392 19
4124 45
17018 93
5058 82
8067 24
19447 55
1201 71
11547 8
2199 33
16891 93
9649 67
4689 31
10091 6
13374 78
19969 2
19661 53
1193 89
4077 72
14751 72
459 3
11032 59
13687 86
12282 95
8257 86
6952 56
15768 77
16782 20
5134 2
13979 10
10868 74
9685 73
14010 67
7016 91
1791 8
3572 25
13639 24
18505 3
15892 80
12557 35
17971 92
1999 8
8812 45
10546 42
2004 89
5156 94
11174 32
16103 88
18420 28
19621 3
17587 6
2458 81
6852 79
18549 38
4453 82
19594 89
3318 30
8864 6
13076 25
2426 22
284 1
654 41
15124 49
9344 98
16225 39
13753 45
1212 96
5036 7
6228 9
10680 57
3103 52
14358 14
14670 2
14122 40
5264 78
10714 85
6206 61
4319 8
4217 47
15537 96
7965 62
10744 10
14382 81
3106 98
18667 14
5358 76
15943 16
2815 14
2554 45
1042 68
18841 75
9716 48
19332 1
710 58
8246 39
9433 63
5592 25
5793 55
11686 89
10643 64
15387 38
8473 1
12067 96
14645 4
12038 38
16120 77
4855 42
15828 23
18226 2
3486 69
8808 0
16414 12
18192 90
17021 94
19733 14
18828 46
12197 64
7799 81
1153 37
763 48
13910 81
9686 31
10750 35
14004 52
1240 92
16149 24
6240 22
11734 97
18005 88
4224 19
12478 53
13470 87
5911 97
862 27
16390 54
16605 8
14858 99
5416 90
8155 25
10934 37
9612 95
15793 75
15996 97
12986 95
12631 62
8090 51
16611 44
2486 63
15530 72
5935 74
17674 64
18571 93
1534 19
18138 61
16108 57
11786 27
12504 58
10626 34
7808 6
15204 38
13523 7
18250 14
17555 59
9005 91
16785 65
1355 89
10182 44
3341 90
16614 29
9074 86
5892 0
15756 38
1769 37
17630 41
12162 97
11605 72
9021 89
5712 43
7093 79
15596 63
16502 27
8565 19
9747 47
9392 37
10738 56
7180 10
19287 49
16245 7
2163 60
7555 74
12915 87
11856 86
15386 26
13772 35
17332 5
17387 45
19403 36
18879 74
11061 21
3610 29
18949 84
13878 47
10001 16
14886 6
11231 90
2283 39
11718 74
19122 38
5790 20
18085 54
15870 34
1721 84
18956 23
417 10
2919 85
17311 77
6298 26
16321 76
17661 43
1166 84
6349 61
5739 40
10289 12
5169 67
3253 87
2677 51
17271 40
10383 76
14716 64
13492 13
10412 63
813
18166 83
16478 3
18991 89
13114 80
5425 5
7091 78
10958 17
17988 62
10709 61
11737 79
12156 100
6575 81
19707 55
6238 77
7479 71
11196 10
7185 96
6766 94
419 83
11259 83
4030 11
9175 17
10102 78
9023 20
11027 2
11833 74
7104 87
8260 17
41 85
19054 95
17186 65
5867 40
10625 86
10544 77
5214 72
13238 22
12854 86
582 44
2278 18
117 35
3066 96
16485 88
6708 28
9682 56
11945 65
14267 100
8039 88
9851 22
9116 38
2410 74
14899 24
16276 59
10763 68
7059 40
19164 100
6343 72
15476 49
5101 9
274 30
8931 56
16221 82
14052 57
16034 61
19275 8
17000 43
12183 75
10035 43
12355 78
1667 68
10188 29
2940 24
19411 62
12060 93
16949 15
15645 2
13607 50
1781 59
12477 18
4265 17
15667 84
6138 74
2218 94
12659 23
9672 61
10337 20
11506 58
12740 23
4394 83
8131 56
6188 71
19925 1
11992 7
3804 59
12223 45
8922 18
18388 69
8442 19
3935 76
15177 100
4480 67
9817 58
11492 97
19605 9
59 64
9930 43
7861 90
2392 88
615 37
672 55
6967 55
13430 44
1005 32
2310 85
12026 72
14897 76
15702 2
5193 62
19974 81
15781 43
8883 69
2630 11
8269 98
16596 20
7567 10
14424 83
3212 15
12590 54
2427 56
5507 53
5089 21
3660 66
17820 94
4335 21
13649 31
14177 51
2178 17
15626 23
14530 26
12032 81
2192 51
5685 34
10659 56
5971 45
5877 26
240 5
4583 58
11756 37
12751 30
12899 93
8909 89
1633 26
16584 72
14235 18
2183 92
5913 67
9073 29
2481 41
6222 22
5520 29
16279 16
19416 61
9658 37
15967 25
19964 22
5158 95
12292 61
16310 15
401 2
12692 96
13163 99
19661 1
2904 30
14670 45
6943 95
17576 66
5949 6
16785 84
865 91
14366 9
17969 93
9700 55
2665 57
15487 17
12906 70
18352 18
19486 76
17358 62
16504 28
7867 90
8569 79
3018 99
15136 13
6474 27
12553 90
16827 48
16714 6
13485 68
5240 39
15147 88
9853 99
13268 43
8080 11
19004 43
4161 39
14091 88
18440 72
6979 18
5225 71
18456 0
2756 56
17633 88
7251 1
1563 9
13720 34
12246 26
13457 80
13964 13
17173 34
13833 23
16891 9
8510 43
17148 77
16595 45
4075 69
13479 99
6571 51
19422 14
6687 45
12569 7
1455 63
97 89
17623 84
16447 99
19730 24
12479 23
14554 64
11950 47
9180 94
6777 54
19946 71
16436 53
4069 4
13041 40
5897 57
3865 61
3127 48
18614 28
10724 18
8248 14
1690 81
3425 8
18066 71
648 51
269 81
13203 93
382 23
19435 38
18199 78
7909 76
10788 93
4150 54
8437 18
11016 37
14174 40
2316 11
16341 21
8458 31
17465 7
14355 89
9232 53
10652 4
13547 92
10415 2
15264 88
8544 3
2799 47
16318 86
11808 71
3098 68
19299 39
18197 31
11153 97
6398 18
8463 9
2702 24
4661 53
7307 5
12494 38
6303 80
5099 52
10161 37
244 72
11835 29
6514 44
14384 18
344 7
17803 43
11938 43
16465 41
17656 0
14445 15
1575 60
16874 30
8527 60
18177 55
10726 24
17873 76
11166 80
15724 70
990 68
19843 6
15391 70
9181 46
14549 9
431 32
13867 51
10871 97
9330 100
5860 41
3623 69
7833 3
8725 20
18021 21
8116 84
13921 23
16555 11
6790 94
7760 11
15624 27
14319 92
10863 63
3632 38
3625 86
5828 18
10817 28
9873 90
150 45
705 77
14839 9
4618 90
14277 44
18874 95
13116 81
13388 42
1644 59
13848 99
12243 8
10590 13
10440 72
18056 20
18571 17
16256 64
2876 52
9594 61
18484 67
2826 26
11735 49
13826 81
1036 59
2645 70
11271 89
7889 72
13972 3
12085 90
7599 15
2019 42
18067 18
17592 60
7938 79
15008 98
14101 2
15533 88
15884 10
7037 48
9275 57
8653 19
6174 18
16762 7
11371 75
17259 64
18985 39
17841 88
10255 43
14345 94
18969 0
965 32
3537 47
18904 21
2207 54
5394 59
11973 85
8378 21
6939 69
10994 92
13985 58
9981 100
233 26
2724 87
19604 1
8679 57
19123 3
7993 71
2492 75
11134 74
5540 59
12531 5
3277 77
8362 13
2399 88
1227 22
311 25
2055 8
11731 8
11030 52
16060 8
13672 45
17899 14
898 4
168 0
6685 31
14479 72
12674 42
8910 54
14136 18
16818 42
1279 49
5277 72
16106 38
9203 18
17307 74
13697 58
3669 22
11 45
9093 10
12129 42
992 30
18601 53
17938 3
3217 13
14658 15
16536 77
4418 14
11491 84
7559 93
8130 86
8979 88
12841 7
11821 15
2369 36
272 60
14278 38
19878 93
6695 51
7070 64
9425 90
9053 73
17113 24
668 40
645 65
3885 3
13751 85
16936 20
2491 83
349 25
13459 95
12061 95
14586 74
13317 23
2457 15
3895 20
2114 32
14192 36
2769 11
4180 97
19437 41
4891 27
9982 23
16129 50
10582 82
10036 56
9801 25
4479 75
10385 3
9194 18
1074 89
15212 1
12224 72
6476 32
17744 55
17171 0
15450 31
4460 62
15976 96
4408 54
8137 85
4458 68
11298 10
6762 22
388 21
11933 40
17941 88
13078 100
1475 20
2919 59
1817 4
18204 90
19944 50
5197 49
10407 60
18282 29
16515 48
7510 36
6638 67
13832 22
11918 63
1189 98
9259 70
16374 41
6524 28
8340 32
4506 52
12027 42
7154 48
10278 95
18932 15
9624 31
9034 41
1012 11
3971 77
11573 28
1928 64
11697 74
10508 86
19069 21
1436 93
5941 44
2964 86
12872 67
16089 7
2545 86
11955 81
6646 86
14282 42
6065 44
14226 45
16948 71
199 89
18867 40
4914 17
16767 76
15954 35
10744 21
4870 100
18883 92
5946 3
14923 86
14697 7
16346 51
4222 88
350 22
7264 8
6807 54
3142 56
19146 81
3394 86
9433 76
14971 42
10968 7
16494 50
13503 14
7628 41
13044 69
6345 2
7653 29
8151 46
1717 55
1651 78
19228 84
10547 2
5551 73
10638 87
5991 40
4215 45
18152 36
3160 45
15852 81
12783 82
9463 67
14635 1
2397 6
5117 14
3119 58
13778 18
19533 4
6165 30
15492 1
12167 65
5476 11
15126 51
3609 13
15774 76
16223 14
11869 11
2350 4
13642 29
14729 45
3288 76
18322 49
19600 52
10066 29
3917 7
16119 26
19769 18
9812 14
11681 70
529 49
13363 93
16292 8
817 62
10565 3
17989 37
4274 22
17078 14
14006 2
18240 50
18920 8
6778 52
16842 87
6759 92
7654 44
144 79
19214 92
6649 51
10429 44
15116 58
8451 59
19750 80
3863 45
17251 35
9783 72
6705 59
13998 75
3740 81
16380 47
10195 27
17993 100
4918 51
196 42
5414 23
7970 32
6337 41
5613 53
17249 5
770 65
14706 5
5055 81
12177 36
13687 47
15144 35
13370 73
15341 21
18382 15
12340 53
7697 35
13327 32
15557 74
6198 25
10997 15
14379 24
10350 80
1524 31
14992 48
1343 93
5265 39
3739 95
3459 51
1831 94
3005 43
7117 7
514 25
7781 15
10250 38
1610 50
12762 97
8483 67
18804 53
7119 21
16479 2
515 89
12931 77
1545 19
14918 40
12161 34
6915 72
10146 25
19682 20
18042 32
4164 13
14649 40
11991 22
10794 75
16210 38
2320 73
17807 97
10306 28
18310 32
13328 87
15207 22
8599 83
14098 27
6868 49
6771 79
8890 81
7799 13
14764 15
11258 74
13122 57
19201 65
4842 63
8558 43
15418 7
18192 46
4904 52
9050 62
585 64
18583 47
11522 22
13306 86
1104 65
19242 0
6538 98
14210 75
16704 88
15198 38
14559 46
17778 20
6928 47
14637 9
5238 74
15475 30
11728 52
5526 79
111 20
2489 69
5597 63
5577 76
17786 27
16155 39
7482 55
14698 76
4399 41
19063 92
7860 34
6 29
17975 73
13269 61
15180 77
14736 96
1501 1
10680 41
801 83
2901 83
8540 33
18725 39
1622 8
10197 71
14952 77
10049 70
12014 28
8612 51
18238 58
16043 59
13378 16
8706 98
4353 84
14679 81
8345 87
16443 42
12985 18
9257 40
1292 28
13330 7
17768 39
15406 48
6136 77
16122 0
2248 42
14141 68
19293 79
3207 74
14935 36
1502 62
15464 85
162 8
9462 17
15758 61
17927 25
3347 83
5170 11
1827 63
19120 27
8382 21
6463 22
9696 59
18072 20
2104 97
10787 54
16284 46
17900 27
7401 73
14919 35
14465 23
17811 72
927
4041 82
11409 9
4284 91
7141 62
9281 10
15378 32
3631 96
5695 89
11512 91
18020 21
16423 43
6636 98
14580 39
3792 20
12632 2
8783 45
8038 42
10366 79
6865 7
9589 25
14463 15
15178 85
13731 58
4107 19
19399 21
6670 22
10063 39
18816 80
10419 43
4268 31
7618 15
12427 62
5946 29
680 21
16649 47
5307 53
4289 69
1907 5
10412 76
15965 75
843 31
1982 61
8644 83
11899 80
12461 73
14816 2
1920 86
8437 10
6385 71
13379 50
8440 78
6848 12
11873 40
7100 73
7471 41
4797 79
2050 9
15570 7
279 13
2459 83
19985 98
5521 74
868 15
2473 30
15777 82
6637 36
10888 83
16945 5
18591 65
17747 70
3459 24
14374 44
5672 21
12553 92
13762 38
11393 86
8637 92
8354 52
7222 76
16755 25
6677 28
7214 49
9580 75
13027 65
4553 98
14230 11
9667 49
9872 21
11249 38
13993 70
10139 18
11460 45
18650 47
8278 50
6991 44
5220 46
17479 2
287 14
9295 15
15227 16
438 80
18211 0
7115 81
18147 31
3209 100
12429 61
10227 89
8473 94
16405 34
7450 58
14486 18
9766 83
1455 31
15374 97
19718 42
948 24
9112 38
2963 83
19943 11
7294 3
5951 46
12850 95
19962 2
1405 71
10776 31
16112 81
17876 65
9929 1
12282 27
2782 74
8605 9
12153 57
15591 55
10295 32
8928 85
11389 9
17309 65
7408 65
18264 57
9987 70
14018 63
7004 35
8328 80
3926 55
14937 0
8959 76
3141 92
1258 22
8930 3
6968 79
5491 21
12736 17
11650 23
16421 86
5306 16
11656 0
5209 5
272 72
11943 38
6880 4
15806 33
10397 46
4382 68
18550 34
8799 36
17775 76
5494 4
15155 12
13345 14
3646 36
13075 25
17664 40
15944 87
16381 30
10751 49
101 33
6384 46
16177 79
8680 2
19401 35
11133 100
983 95
10451 5
14966 23
13909 32
12603 54
10635 39
7773 49
10521 52
19423 71
116 80
7828 14
2724 48
9967 73
18729 71
8880 55
19245 84
19191 39
18703 23
2546 74
1822 53
12298 78
18118 55
15385 84
16926 72
9909 39
7034 23
19891 10
18091 11
1159 88
11927 90
15736 17
16251 58
9921 28
1785 51
268 68
318 96
12413 62
5338 4
3425 22
15308 32
15655 94
3773 80
12097 93
1753 52
7738 38
19644 55
13905 81
14751 44
3552 93
12644 76
16493 30
9088 38
11396 88
9407 71
9392 17
856 3
3407 24
591 47
19195 40
1462 63
5078 6
6757 66
6055 63
2807 27
14395 70
6129 81
8411 41
12496 59
2344 60
7329 4
2968 98
13133 21
5516 24
1062 64
16041 68
10198 6
14750 41
15904 81
8338 87
7003 87
4342 15
8550 97
3089 78
14604 60
4739 62
7957 70
15823 91
11141 60
5262 63
11017 24
16547 65
7503 15
6746 56
256 88
17972 97
15222 64
14202 93
14573 78
1181 16
2280 8
8218 7
11545 80
17270 69
9936 23
11239 96
184 96
18519 44
11784 31
3797 5
16698 74
12000 25
432 45
12042 63
3491 20
531 27
15493 90
8709 39
9140 99
6074 41
1212 6
12732 1
17800 62
1786 11
12865 10
17973 43
53 16
17833 87
12524 18
8191 50
19449 60
14487 99
13821 78
14682 51
18229 79
18388 30
10770 94
17188 52
15072 76
10855 13
17258 11
10201 35
15150 24
14145 54
14260 36
16391 46
7407 47
1352 44
3128 48
16892 33
13139 18
797 77
19101 94
5180 66
13308 57
18459 87
5011 88
12713 91
14722 48
7 77
5832 44
17166 31
7770 48
8892 69
11636 21
9645 26
7396 38
18718 9
11436 69
11390 56
7699 63
1385 14
2531 50
2105 91
19890 3
7011 82
8529 71
15133 68
15273 68
12804 94
10623 65
6526 4
8703 90
12452 68
14484 90
16663 38
2146 13
11243 68
4847 23
14631 27
11811 91
6809 5
18520 54
12989 12
18668 43
700 76
4591 59
11 8
5171 25
6135 39
12654 33
1836 32
13547 62
8530 8
2777 90
19481 43
17504 43
7630 7
934 55
6167 85
2761 58
1595 37
6794 6
13347 31
6771 88
11618 46
18629 13
6927 66
15587 10
6920 93
14968 8
5654 46
1745 51
2679 72
7365 65
13012 63
16578 38
17376 30
10060 76
1306 3
13662 74
873 92
360 22
15404 94
12671 26
10784 37
15772 39
13519 79
805 35
15657 62
11180 85
18751 90
1733 70
14996 3
14522 14
14036 23
9734 97
8001 71
4308 14
2261 13
9874 24
8751 68
9002 37
7402 53
14817 96
14326 37
8077 5
2809 0
18259 80
14305 52
10456 10
17315 47
19600 57
2985 57
5070 14
13588 78
14640 87
13292 100
17311 58
6150 62
103 33
7179 66
2608 58
10692 11
4142 36
9997 97
9688 4
7489 86
8977 94
5898 65
12070 79
1694 45
14527 53
19406 55
8382 29
16669 30
18735 47
9368 32
10186 27
14911 75
17759 72
5276 77
8570 47
5788 70
15941 71
4296 81
3874 42
7424 47
10030 1
2941 72
8736 84
3247 58
16160 63
17867 2
1729 99
13375 87
15002 29
18957 62
1775 83
58 95
13502 14
13685 92
11843 57
2223 74
7729 92
111 8
16584 28
16200 89
1799 74
3630 49
4975 98
1315 31
11807 99
445 83
9476 94
3392 97
1274 53
11523 80
1864 7
844 35
7082 89
9632 24
1238 82
1919 33
13783 57
6668 38
17719 33
15085 46
4604 61
19457 44
8735 72
9760 28
16276 62
12181 0
7730 93
434 34
10329 78
11181 97
8601 70
7307 46
14998 43
17492 12
18307 87
18592 73
808 18
13340 1
17248 90
12255 81
17084 69
4366 87
17458 49
12329 74
11217 44
12056 51
12959 65
14903 38
6039 47
697 100
11966 88
14833 58
9650 14
7261 93
12981 61
6184 78
1501 97
11224 22
3325 78
13868 93
3769 65
12495 79
17643 76
2740 92
2569 41
18493 90
7949 21
12176 68
8469 18
18007 62
7458 87
3457 91
2996 58
14482 34
16328 98
18476 3
6512 94
13061 77
16182 39
6192 47
12565 31
1276 100
5893 28
5539 20
7430 9
16317 41
11669 85
6045 52
2232 37
5723 47
14544 67
10330 36
14860 14
17072 5
15542 13
9790 65
4299 55
1322 64
17220 30
903 96
6756 99
15888 67
13343 1
9439 24
18809 37
6837 5
12064 54
7111 29
16908 21
17963 88
148 52
13259 45
11521 83
7340 56
17792 25
6093 85
1813 87
19323 39
16615 2
15424 5
10270 64
12337 54
8589 70
17047 93
13573 42
9270 22
19105 38
1901 44
13759 50
11476 4
9438 7
165 20
11696 32
4384 61
18753 100
17082 61
1285 7
12810 35
1381 2
15347 47
15702 87
1686 5
7387 29
4843 4
10579 38
15849 80
8691 68
4136 3
4037 40
2789 5
10628 88
15018 69
4620 36
10483 70
16589 25
2881 16
19825 52
1295 89
18881 78
10340 71
7343 13
240 19
7195 51
3743 86
6876 13
5798 43
14694 93
6605 35
18409 56
6492 57
11578 51
8905 6
19762 12
7516 35
1693 96
6543 41
914 54
5094 21
16464 79
9228 18
8071 64
17195 25
12191 71
18430 50
13590 30
1948 74
6997 12
5625 50
10107 8
14456 81
7346 23
17186 45
16836 82
9070 14
3818 5
12991 85
9674 92
11005 92
6687 35
5167 55
7058 81
14499 12
10670 42
9868 51
13262 81
5278 86
1672 52
5218 47
17445 63
8159 60
8936 92
5855 70
13211 27
7075 20
1992 32
18757 15
14553 30
12479 35
15382 25
640 5
14883 36
14079 75
19167 88
7494 63
17096 33
18741 72
7314 66
14984 28
14175 31
12223 27
18465 100
17976 56
16494 83
395 54
59 41
4282 96
18631 33
4990 77
3650 10
3955 1
13943 35
8045 53
45 94
10836 60
17790 96
16254 61
1064 75
3235 9
2368 9
4279 72
12094 79
14736 33
16913 92
10454 24
12839 89
16043 31
15595 53
8281 88
838 59
12764 95
18292 98
10637 39
13871 48
6062 52
7855 76
13776 76
16902 19
16690 48
11034 81
14976 94
14832 75
10530 33
15141 9
5671 99
14619 94
8635 51
16555 81
3681 58
7918 60
8460 93
11909 96
15549 58
19168 90
10947 86
11027 15
1489 16
9133 0
10691 29
13873 48
7320 29
18632 36
4830 21
16648 2
18315 11
10956 89
16688 63
5362 3
4377 30
826 92
11081 96
13948 95
17710 63
939 27
16409 3
17465 52
19654 82
16035 46
3986 3
5696 48
13599 10
5426 17
15867 52
15226 60
11667 47
8270 64
4254 58
11668 20
18002 86
3067 44
121 55
18138 89
9331 49
16960 6
19558 48
8319 67
15658 57
16145 98
17235 71
4472 57
3772 7
4353 93
11310 44
6340 17
1330 93
3721 19
2641 23
13927 51
8734 7
17990 92
9892 43
17798 80
12756 7
9778 75
18016 100
11596 28
3341 17
6164 4
4671 66
313 91
18261 49
3801 38
14947 15
9223 11
4964 78
8322 44
6224 93
9461 53
15590 27
10779 31
9620 39
5882 41
15081 7
2942 57
13549 25
2197 10
9094 19
5231 83
8672 26
4488 85
13583 15
18458 87
17859 25
5169 2
15461 63
15989 43
1216 2
19703 94
15106 18
5006 10
15132 48
14581 98
9257 24
2134 65
15486 85
2142 81
8121 16
7732 90
9799 23
1940 84
17328 20
4009 83
12155 96
16026 97
471 77
222 81
10047 77
19304 67
14766 45
9891 85
7893 22
14954 40
4269 78
14043 16
6534 75
1140 83
16541 98
14547 89
10547 25
8828 7
16210 69
13611 62
13571 41
1768 79
18665 70
6557 58
2827 16
12463 95
17546 68
6658 83
13766 5
6619 46
3595 31
11537 25
3804 83
15793 53
12360 38
18314 17
4923 77
289 2
921
18521 84
850 79
16521 22
14220 62
9252 71
5005 49
10373 60
920 81
17122 88
5973 68
19753 38
17979 83
15052 87
12391 1
7336 70
7285 18
16589 22
18577 21
13817 83
5491 67
10083 44
7057 70
15438 76
9327 68
15978 98
10197 21
10382 6
16310 83
10551 62
12081 98
4582 58
94 17
202 45
10631 91
7818 54
13439 48
2967 38
11058 0
1174 67
3668 43
8387 2
5584 66
18391 34
553 1
6946 65
19530 93
11998 47
9049 35
14645 81
2570 87
12152 48
16713 65
9206 17
9875 65
857 99
16586 81
109 38
4364 8
414 26
143 33
17549 41
11590 80
15647 68
14450 12
16669 5
9104 15
5730 99
291 4
2641 77
14369 32
16410 9
9093 41
9475 91
7721 52
18371 25
9951 74
3887 44
18170 20
18529 33
2528 93
2341 98
16722 57
6503 19
15708 44
19880 62
8993 36
17382 20
9158 52
11540 59
9447 93
1093 55
18533 83
9992 85
13568 43
18376 68
16422 88
431 8
1489 93
6506 71
8780 55
19976 44
19025 71
12208 100
13268 6
1412 92
6361 42
14815 31
186 78
14299 60
6030 66
2553 21
6094 92
11945 98
2619 89
17482 53
4834 34
9170 66
3869 27
8392 59
1476 57
16201 99
5010 29
5433 89
12173 12
11652 60
5108 41
17005 31
13538 43
15135 49
7399 97
3907 41
2776 98
8794 67
10805 39
131 91
16043 41
12820 60
3698 85
18950 77
10686 29
6775 41
17509 50
3346 69
9080 33
19907 58
3799 18
1413 25
13240 72
5921 73
16446 83
12677 38
18734 17
9891 27
12804 45
11004 65
12146 5
11986 43
17909 44
13404 82
6515 95
19817 39
17581 64
10362 42
11864 33
13288 4
19786 23
9351 45
12018 21
10788 98
19136 45
5707 97
2614 47
11174 26
5116 66
812 19
14329 8
11899 74
13419 58
5103 26
5721 67
12252 18
518 92
3491 75
6087 43
2449 70
1258 76
14839 4
19867 50
14520 13
16876 66
16112 86
19159 62
12169 45
2974 7
6915 77
12013 34
10552 96
17120 92
1417 38
1023 9
1131 22
8371 40
2504 40
14685 89
5924 72
8706 17
11820 61
2748 15
13145 65
17611 9
7119 29
15577 70
18505 1
8063 62
12253 95
137 13
7717 21
2057 75
13096 8
3595 80
1005 51
13757 70
16515 42
9516 16
14929 74
6071 14
9453 0
16068 95
7047 10
581 7
9567 26
5386 20
5575 39
207 41
535 92
6745 94
12452 84
7067 86
9710 14
14977 98
16412 93
3037 57
15398 28
6524 62
19586 6
18094 77
4172 22
2786 79
7273 24
1121 41
3144 72
2050 23
1070 64
913 12
18402 77
15417 32
9640 89
13381 29
17556 40
3832 21
3360 92
2644 11
1756 27
13630 7
1125 75
13187 33
15318 49
16215 34
17056 98
3518 57
5720 56
15359 10
12707 72
7646 84
578 81
12322 86
134 73
610 38
9834 39
19391 69
15528 54
8957 2
12578 15
523 74
5213 38
8127 84
11657 91
10588 37
16583 53
13325 56
15723 48
12366 11
1851 74
14122 15
15316 70
5323 31
14279 100
18804 13
11184 40
13890 52
5690 23
11523 11
1328 82
2109 2
5561 62
11634 82
7985 80
13056 43
1610 51
12626 31
2766 86
17700 66
14130 88
1666 27
19610 50
12458 8
13054 60
11677 42
92 26
10850 61
19222 23
48 41
7815 40
4672 9
9984 33
8023 80
6548 8
285 74
3490 28
6170 71
19833 15
9800 38
12963 2
14527 40
5416 88
1468 91
135 64
7698 36
18873 33
9558 31
17569 54
15011 52
18997 40
19869 14
13597 93
1936 79
17370 97
2667 48
9563 96
12441 60
15273 87
15966 61
16 97
6999 47
5616 18
6305 61
3568 98
18543 0
6641 69
8810 82
15667 81
2752 48
17609 2
13317 25
18227 39
2777 8
612 35
12964 70
6945 79
5714 71
4871 28
12106 57
15142 86
4 15
731 25
3516 6
3755 51
151 1
4757 33
8868 41
14465 68
11428 70
17136 30
5827 19
10471 38
14672 7
3196 5
10334 88
19464 81
7278 55
8334 13
4735 94
178 28
12060 67
7669 53
15664 68
12239 58
9052 96
16725 62
7467 29
9876 82
14658 15
12992 51
8800 27
4835 66
6143 4
14514 63
5038 19
18209 5
983 60
12197 96
17870 77
7544 70
1431 10
2126 12
12082 7
11555 36
17688 40
648 100
2355 78
12618 36
10343 57
10998 20
446 5
6765 49
15159 35
14427 93
16101 96
16302 49
18942 92
19132 78
3131 21
14114 53
11584 33
3657 61
16595 84
11491 59
19757 28
15021 49
8046 3
14335 31
13450 40
8936 15
3434 17
3433 7
16367 59
9750 39
9601 31
16667 74
11328 78
7826 41
9300 65
7563 68
18155 45
1963 59
720 80
5756 87
17761 80
3719 20
16280 33
19921 38
6066 12
8495 3
6236 69
16850 7
14539 79
1838 73
342 13
5598 68
8335 22
4696 7
208 84
19574 53
1493 62
15514 93
6794 0
6770 85
17807 41
4877 55
13128 66
17957 88
16146 60
3093 22
13453 87
6584 55
2635 54
13924 63
11562 8
7282 42
3756 85
14351 48
4526 54
9699 22
8438 82
5620 74
8049 85
5618 85
13844 35
18796 44
3001 53
17363 68
13719 54
11424 19
19529 89
12837 77
110 63
15177 21
7101 51
13480 24
14967 74
14756 41
1440 13
19914 36
5434 98
15282 1
16791 10
10421 56
282 66
12140 94
16901 35
19445 60
4868 61
14349 80
12200 58
209 43
19630 33
2885 56
11688 75
12703 60
10562 3
18258 88
16980 97
14212 11
3227 17
13422 48
4032 6
9841 15
16543 56
13570 12
8368 64
8611 44
1445 5
5418 8
6997 24
19308 85
2456 61
4910 75
18947 48
13047 85
18177 22
18652 83
12037 74
162 28
9032 24
13672 75
212 28
18099 50
10130 51
3843 45
17988 58
14684 36
17066 68
16229 42
7771 28
10889 12
12094 92
17210 77
14383 24
9061 26
7453 78
13516 1
1366 52
18375 71
15130 7
4973 44
1718 11
9911 49
8305 22
7499 26
11765 50
18373 32
631 65
692 39
9304 81
14779 2
5187 99
13475 97
16261 53
10751 18
6769 83
859 91
8083 41
19973 5
13260 97
8814 80
18562 2
5234 54
15472 54
10558 22
12028 90
14235 24
9982 61
16470 70
12262 54
13984 40
19295 50
220 63
18314 71
116 20
4014 33
9301 80
12466 45
18120 69
16810 58
5189 47
16002 21
16698 43
15224 37
8675 62
13274 64
1738 7
628 94
2781 31
5582 18
1184 61
5 9
3327 96
10934 31
4051 66
13031 23
6326 4
697 47
5445 19
18665 37
14715 8
14528 77
12757 27
18270 46
12325 64
18946 54
14712 82
6323 53
6192 72
2006 70
13218 72
8537 17
16771 71
15269 55
1504 80
12686 2
2223 24
5373 70
18719 15
3220 41
197 12
903 70
17467 25
5651 38
832 38
6603 34
15395 33
6295 51
723 47
10731 59
8200 30
14795 14
6981 73
1753 38
13094 99
7137 6
11618 4
17268 42
1275 16
5156 35
15409 12
5185 53
5717 58
14709 86
15684 5
690 74
9671 16
4715 31
3766 23
6541 25
8156 30
8209 27
11778 38
13053 54
14694 80
4851 61
7610 21
8213 90
12043 72
11912 4
19169 83
7568 21
19290 45
1728 50
5334 45
18449 22
16388 89
15419 93
19631 13
620 12
9711 69
6016 3
4031 100
15439 27
14155 73
18031 92
15993 18
14653 54
14172 4
19406 79
9744 1
8516 96
14441 95
5930 51
10710 22
7231 17
15389 41
18969 27
10123 92
4162 66
14557 86
498 67
14570 0
7362 84
1577 61
15979 96
13426 79
4533 16
2978 56
12791 6
19526 6
6710 50
4836 24
17261 46
18049 15
5219 75
18616 27
11883 2
9946 45
19864 39
12701 70
1614 95
9243 39
4559 32
14794 100
19894 3
3216 36
17809 27
16843 37
15066 50
7059 84
17133 15
1339 55
14537 4
18601 99
13396 27
6068 88
19064 69
3914 28
679 25
879 73
3113 51
4649 88
10109 39
11198 72
14608 22
9835 44
12787 88
789 45
11865 69
88 75
6797 39
7494 96
19342 68
10804 16
18580 70
2613 15
15698 31
7375 74
10116 7
818 64
18470 46
10975 70
3917 45
15782 80
14386 21
19288 72
11705 68
5508 28
217 13
4337 0
7620 8
19667 88
5330 9
16654 16
4952 53
7172 67
12350 81
12225 38
5430 47
12955 94
8569 23
2333 95
18007 28
2382 89
9200 81
2192 98
1025 23
3356 99
5992 6
15057 20
14089 26
2899 19
6063 53
3254 0
19480 75
4011 66
4802 25
1024 89
6887 48
13734 94
19179 31
9256 50
14134 75
6557 53
5324 29
7421 6
12898 25
2202 94
1794 50
6804 10
18014 55
5673 55
6212 2
18326 100
19157 86
5536 12
687 83
18537 71
107 77
11298 3
19411 28
17546 26
5388 2
7619 64
1553 80
8454 42
17939 17
11437 47
13525 6
13601 2
18173 71
7367 75
6631 77
6383 42
7349 67
3111 61
2416 16
14489 91
19388 10
16418 48
2826 50
8100 68
3771 61
3180 87
12212 45
17690 37
19619 29
18186 31
7409 99
33 17
4996 59
11046 4
19974 96
12504 15
5976 19
820 19
7117 0
14785 95
13653 86
14272 77
9077 78
14499 15
12632 59
7400 44
14569 77
8670 45
9270 32
5625 20
3588 63
16904 54
372 21
17398 68
1237 33
3064 84
3846 79
14303 44
4008 88
12644 62
14258 100
9069 55
5697 54
15556 6
10760 57
14878 77
6698 81
17676 70
6869 6
15861 42
9842 5
7910 68
10300 55
18931 68
1902 1
14706 53
8001 52
2684 0
701
12741 37
3242 59
6759 78
14941 69
3744 21
3144 4
14505 56
9763 59
9449 49
1260 73
16353 46
1034 82
9580 63
16505 95
177 91
8308 56
5315 20
281 67
6922 98
8961 3
7448 51
6735 2
2152 75
11844 6
13548 9
1820 11
17264 11
1980 60
16726 10
11689 25
11270 35
6171 61
4248 28
1361 85
18024 64
18186 42
15128 28
3774 87
14122 72
5231 58
1424 70
13921 2
2606 94
18235 87
10736 82
12585 4
6270 26
11292 3
17909 93
18037 79
19324 42
14107 2
10199 65
8082 4
9850 81
8340 83
13066 64
2664 98
14512 12
7706 60
7172 63
19955 42
8100 29
16661 75
250 66
18292 77
19976 74
6728 9
6631 67
14493 6
825 41
456 99
1444 40
2264 61
16721 12
13906 12
2962 51
6389 29
17811 32
17069 33
14099 23
10337 71
4110 21
599 67
8225 59
19923 1
14274 28
19290 3
16202 28
4377 86
4226 84
5870 82
8494 85
14600 80
11660 81
716 80
16084 21
16183 33
4468 62
3637 97
8223 39
14445 18
16641 64
10917 0
4344 85
14820 98
9927 16
12108 35
9299 56
17428 49
7431 27
6715 73
1898 10
59 57
12381 73
8114 91
19957 83
15803 79
8996 97
2143 70
14716 98
14612 83
14003 12
15765 47
6130 65
4259 3
7686 91
13426 40
2926 48
8653 5
9882 82
8613 32
15675 72
2788 77
3837 21
10713 82
18244 80
19545 66
8395 14
11898 59
4853 75
788 3
19833 38
18474 100
401 72
14415 73
243 33
121 16
3793 47
13291 5
541 5
2533 19
5679 50
7381 9
10091 30
4949 75
11786 97
3833 69
12653 87
10727 53
2135 39
3336 77
8168 96
14646 43
19067 52
15942 76
8291 67
14743 75
16903 12
4394 46
17753 85
18288 46
7782 65
13860 82
17130 49
13487 76
2432 59
17993 25
12981 12
18911 62
13277 48
8006 20
9678 66
11889 64
4870 10
6277 53
18328 64
4865 77
3035 79
2894 12
16014 59
15780 47
9554 74
1748 4
15465 73
10933 82
11862 36
6660 35
1685 62
822 46
7534 41
1881 68
8013 63
8321 100
18172 34
7563 35
3946 32
5334 9
13465 20
8738 57
4091 11
14022 13
14960 6
10194 15
11933 12
19550 7
10817 25
1678 24
878 51
6228 29
17563 1
5939 10
13484 11
11360 5
14705 65
12229 24
16118 33
7450 90
3283 51
4073 41
17713 99
11032 49
14108 55
62 78
19058 97
10386 89
16431 2
10832 64
3948 50
13215 45
14991 63
10150 91
11693 72
18537 69
4297 84
6541 17
15287 90
6890 39
2984 40
4378 82
9591 56
11364 33
7439 1
12288 4
738 31
2741 66
7296 17
3189 56
3192 68
10314 43
17038 100
9497 67
7129 94
18069 99
19688 54
8504 1
9913 83
8003 34
2063 97
1441 34
4182 100
9439 71
18068 9
16615 56
11444 69
13182 100
9950 73
8130 89
16277 19
18726 64
3097 56
4987 14
8710 7
1378 87
130 98
3846 99
15409 33
14086 51
10766 96
9620 9
11153 12
3209 26
1009 29
141 61
2283 69
12359 81
15926 65
4694 80
2423 32
5219 55
6536 48
14711 11
19967 36
3288 12
14158 62
1818 54
5057 34
14319 32
19413 32
15028 50
314 94
10556 88
17803 86
19099 11
14232 40
19528 63
6550 17
13289 71
18776 27
9885 95
18424 58
6244 92
7326 18
8930 73
4869 37
14072 6
17067 95
11895 51
12521 51
15094 31
8014 96
3870 45
5210 100
13783 99
6438 31
13271 48
8073 6
1045 81
12779 29
14840 41
10283 8
19181 30
9890 74
2217 49
14772 9
1865 82
4634 39
10052 50
15596 76
10181 31
204 73
3246 96
19316 18
27 35
10616 61
6093 12
129 56
4598 4
12701 90
5132 86
16828 33
6609 70
9082 27
7657 77
13197 100
3062 75
17639 87
1676 49
6949 78
1751 51
9272 93
11166 40
13117 72
15770 43
15282 64
9640 59
602 28
9922 0
9259 80
7064 90
11766 86
15855 83
12783 0
19061 76
8288 48
10000 50
5007 89
3310 54
13280 67
291 20
12685 23
17022 93
2530 6
19320 39
17225 70
10595 98
12859 60
14746 60
13034 10
1725 71
10969 27
18879 64
9240 43
10449 42
13972 12
3784 39
13373 40
16293 54
452 90
393 100
18347 21
3017 13
13787 76
9550 74
4272 74
4493 10
15701 31
7567 83
18264 24
3812 83
1458 18
15242 39
1104 85
3435 72
3497 85
15582 32
14950 46
1304 76
15301 93
9687 25
8969 38
18627 34
5196 40
3307 3
82 56
17372 49
7134 45
1484 94
11987 45
18515 88
11323 32
3330 81
15165 80
11687 28
9109 16
9743 75
19003 78
19472 33
992 82
112 14
11022 8
1454 80
6035 2
9525 56
2326 73
6538 28
17453 3
16271 14
10852 64
19433 88
2034 28
10741 0
10249 37
1586 55
5694 36
12313 56
15532 64
11222 64
13054 41
12291 79
5138 30
1730 50
5046 48
15206 49
18662 38
12210 23
165 64
14435 3
5866 58
18005 19
14068 94
8275 37
16787 42
7517 90
16594 54
17923 62
14986 41
672 49
14004 7
8632 99
3219 66
6064 78
16495 46
6500 97
12869 40
10271 96
7524 56
9239 57
10745 0
10502 47
9265 15
1773 3
4427 53
16984 44
11025 83
3799 73
19160 64
13977 44
10359 31
10718 79
1331 22
6515 37
8589 7
9516 9
8859 6
19374 61
4792 31
18724 10
19942 82
4001 78
14026 96
1560 12
14013 66
1543 35
12364 63
3950 67
5952 55
18900 97
2568 30
10224 35
4784 27
5900 24
3447 92
15146 76
9385 20
10705 3
19648 35
12948 7
4151 3
14383 97
3102 90
2912 51
8795 33
19944 38
2930 18
15491 100
12467 0
13641 36
18716 56
12004 97
16987 97
7862 90
17161 98
15474 17
1028 61
11104 62
11250 67
857 24
12803 9
8694 64
4060 52
4491 14
2751 11
516 29
8759 34
1226 52
9181 61
19141 80
17209 80
17991 97
19305 79
10298 31
18305 29
9022 57
19723 8
3131 52
6826 62
1934 34
729 3
10168 27
119 67
13657 70
1957 28
15640 17
115 46
10104 14
15428 37
2677 69
7906 33
17543 70
5765 12
4113 0
998 53
18519 46
1198 29
7565 59
17573 29
11091 12
6254 5
6837 91
13062 0
9814 79
18098 53
13333 9
18050 52
9016 9
4391 96
17263 52
8091 50
4299 47
12480 77
19446 66
16301 49
11130 64
18285 22
5744 20
14005 76
748 97
710 12
2477 73
18106 61
16901 95
14605 77
12562 39
16812 15
1896 0
6851 85
18415 25
3391 70
2640 71
13736 52
17029 34
12113 60
12167 48
3218 82
1684 5
8338 45
2146 97
11098 34
7909 50
6957 78
18829 32
16567 88
2463 43
2418 37
5706 25
289 89
13574 34
3344 23
3451 57
10818 90
19963 61
11081 21
4022 54
15320 44
3099 10
11181 34
6390 95
12138 32
6835 66
1401 99
6705 72
16630 72
6405 32
7784 27
2085 47
13553 27
11510 48
9308 0
9926 48
16652 66
3041 60
8643 61
10156 45
9644 28
2605 68
2109 11
18180 37
9006 25
16297 37
6914 97
19499 26
8255 72
2090 32
19701 21
8087 96
7352 4
479 82
15723 52
8247 27
9681 96
9403 93
6437 66
16654 17
16059 11
17740 57
6048 44
15755 5
3365 22
5737 12
5044 79
702
17516 54
15196 46
19852 73
9786 95
4900 53
4421 18
10684 62
5659 82
9061 90
19151 27
9409 48
8191 48
17490 41
14626 72
7444 90
5447 8
15671 24
14974 50
16225 5
7062 6
13842 69
1265 32
16515 19
1151 69
5155 70
4951 100
2049 73
19801 98
13538 67
7046 95
4116 92
5940 32
9485 57
11659 78
2024 26
19537 54
6555 9
16741 57
4075 31
1347 2
14543 87
143 51
12141 14
8834 5
3424 83
3011 69
4723 36
7325 56
2566 83
16268 88
14055 18
16805 35
12956 25
29 88
7787 83
18962 90
375 57
11625 95
11750 54
14545 17
9040 32
2711 43
19208 53
4321 94
1722 100
6362 77
12743 55
12737 77
9415 36
19079 2
3196 53
12235 20
9847 98
12437 12
13372 47
13120 19
17240 81
12525 80
14921 95
18221 2
13784 19
8769 43
452 90
12223 20
3326 83
16124 78
5692 46
6442 77
4920 79
13485 26
18564 84
13405 70
11489 40
12250 97
19125 21
19402 60
7756 44
19433 81
2379 21
10777 92
19307 55
12224 37
11609 67
13239 9
10248 34
7522 36
2382 47
4613 14
3207 21
16631 54
36 76
15239 15
16907 83
12350 85
19030 29
4989 40
6378 11
16038 51
8581 23
7218 55
12351 62
7638 41
12017 63
4955 28
18169 98
17555 58
10321 61
5995 58
168 2
2864 13
14173 52
13886 48
17767 62
14888 7
19199 93
1527 8
13195 19
2634 96
14119 36
435 98
1876 71
10490 6
3485 95
15775 41
3883 5
15554 61
19193 39
18605 20
15713 40
19659 18
11948 21
19165 19
6701 41
6706 20
2089 3
9457 76
14184 39
8864 37
5486 79
14024 63
19628 64
3776 7
11719 64
8484 36
8576 87
15047 2
5678 46
18369 47
8712 1
5901 96
4917 51
7467 44
4360 86
9845 30
3495 84
9652 90
19340 87
1142 3
13307 60
2999 32
19971 9
19830 92
14594 19
15596 99
10812 5
936 69
6566 13
3232 28
5858 46
12920 87
4993 37
15128 69
3747 66
15108 70
17546 45
14853 72
10682 41
4401 17
19593 74
1294 78
19095 86
5629 55
11319 37
1259 26
14640 6
2881 79
9452 20
13021 100
6980 51
6603 44
18937 4
14745 82
8840 46
11245 71
11844 82
11539 98
7470 61
9301 31
15083 0
12316 47
17440 1
2058 16
9555 4
16441 40
19557 17
17411 16
849 66
815 66
355 64
10823 64
17300 17
15840 78
12232 80
19908 8
12051 99
13388 87
3771 13
12734 54
6875 16
6212 39
8569 43
13980 21
4833 87
11809 53
19556 56
13737 61
1344 10
14327 17
11069 12
13593 35
19161 47
8961 77
15129 22
18355 39
11524 50
8492 99
7820 60
12681 24
6068 94
14872 36
4308 67
6394 18
18756 92
1304 17
2618 9
4854 30
9735 70
17429 86
9449 68
7704 21
9624 29
5173 22
6806 60
9112 69
8424 19
14276 62
4765 45
19319 91
9694 54
9213 20
1397 34
14611 92
10907 74
15263 36
4174 33
17679 25
19160 43
296 17
13408 27
15191 22
9741 22
7266 99
2838 64
14377 70
3559 29
1193 12
10359 73
1266 46
7700 35
8368 46
12003 45
6177 68
15164 58
17317 52
3684 59
7014 98
19117 63
12338 39
8599 67
5611 47
2413 0
15250 95
19353 76
2410 49
7191 60
14069 0
1998 36
3102 96
5090 4
14434 2
12269 77
14625 39
15669 96
9789 57
8182 32
9158 51
18667 47
5162 68
13625 52
17775 65
14701 79
16359 48
4791 100
10210 74
16230 56
11356 33
18793 7
16234 38
9293 82
11432 98
17772 31
773 11
5934 80
11323 10
1287 63
4557 41
4848 1
10623 94
4167 61
13241 32
4561 97
306 9
14324 69
16184 83
18902 41
14469 27
7134 74
17189 48
10771 70
19276 82
17000 12
17889 59
17790 76
18858 91
18068 15
3469 38
10189 53
9519 44
7596 57
17561 51
12064 55
2340 86
15640 14
4968 13
743 24
14818 15
4428 49
12293 82
13920 26
4173 26
19601 95
14614 51
7767 43
7004 35
2537 88
14564 97
12946 96
6501 2
9134 82
11346 26
15711 8
323 7
11572 14
2355 13
117 27
13829 13
10520 35
2209 35
5277 25
6353 9
10129 21
15117 87
10522 89
8010 92
9436 2
2235 8
2557 15
6144 39
342 12
15288 65
5462 25
10092 18
13565 87
11883 46
3786 4
9257 9
7515 10
11574 65
16691 50
14919 33
9815 76
6969 58
14404 8
3895 95
1097 74
10670 70
3242 10
9516 87
18195 83
12287 19
13797 57
19385 30
10225 87
6794 65
18538 29
19312 36
18128 74
13428 27
15744 22
19980 35
9207 80
16102 27
7762 59
5607 54
19719 11
639 61
15788 34
11178 1
10981 19
9280 23
16034 96
10574 85
7575 18
19395 17
17674 33
12863 69
10023 22
15681 69
7285 41
16443 89
17082 49
4023 96
8047 54
4436 92
15666 6
18402 47
879 56
4535 50
8309 100
18905 67
13419 91
10409 73
14169 14
2371 59
17339 8
42 30
6243 30
7876 97
6802 75
16658 35
18968 26
15778 12
3973 64
17430 15
17220 84
12667 80
14823 27
2076 93
7620 39
17150 9
13819 96
12082 36
17606 66
10702 75
4971 87
19577 88
2419 57
16489 60
8370 27
11376 50
2955 57
8931 51
7117 15
3120 91
11803 28
12398 67
13811 40
18385 81
787 35
8526 78
12798 30
6047 100
16159 97
17958 74
12804 0
19173 67
9727 20
9887 7
15460 60
635 55
9626 65
5586 43
13862 90
7555 8
9408 44
13108 11
13237 84
13772 94
18041 2
2979 2
13766 23
19844 9
9193 0
18416 79
10025 65
4528 96
3966 42
13269 42
4574 74
13695 76
13727 44
6594 75
2375 75
7274 89
11672 90
574 98
13776 50
427 8
6159 17
14222 81
17223 52
11942 0
15769 41
5475 24
5829 75
13699 73
4125 48
8788 71
8985 0
17008 56
10232 27
657 100
7608 55
9511 84
10550 97
23 59
13987 33
17771 80
3037 43
17729 82
8163 100
19034 22
2423 37
13792 80
10799 35
5422 100
2374 44
5587 36
18283 50
5603 23
4762 35
7018 81
5376 41
1713 62
16645 70
8003 33
15656 25
12703 39
6600 24
9082 76
9254 12
8082 6
19627 7
6680 49
14760 85
10941 4
16240 100
18197 38
13226 40
17807 41
12882 37
150 11
18617 18
18780 31
389 50
11671 68
18715 13
17621 51
6124 15
12603 43
9287 37
16756 18
14204 100
3492 42
7564 56
13651 14
3458 90
1686 21
6652 42
19995 16
4678 91
9387 87
7768 90
1733 57
7659 2
11126 3
6933 80
18822 41
15536 10
19451 32
18567 99
19773 54
14285 79
11723 99
18193 44
6209 94
19170 89
7859 47
571 20
7941 78
8814 55
12281 78
12361 69
2653 79
3619 19
8547 16
18739 98
6854 89
5340 72
11481 35
13732 3
1306 38
4369 9
6507 70
17385 1
12987 19
2023 37
6538 51
5542 29
13054 69
9262 40
19599 2
12477 0
8218 50
720 95
515 88
2680 83
19128 64
8977 16
5580 35
17053 79
18150 66
7371 75
11755 91
9599 95
13771 9
3136 37
18090 12
2608 71
2395 22
7681 7
14438 86
1731 56
18554 91
13984 8
6834 33
4966 15
6060 27
13867 2
1599 27
15326 9
15028 63
13117 76
4049 50
9171 38
7103 78
14517 32
2865 70
12367 90
14769 56
406 6
10521 63
0
