65
18158 37
14148 96
18960 48
3912 55
3128 24
3966 43
1577 98
3979 83
7678 44
18024 22
7562 53
8149 75
4534 66
10351 90
1179 38
818 87
13837 39
18568 28
262 80
18902 23
13832 59
14321 85
15201 85
15968 21
15285 80
4336 28
5196 72
15681 57
7645 73
12281 34
1980 48
8159 63
766 98
4963 50
5556 66
17121 92
3082 95
11147 93
2444 75
17512 39
1105 49
16926 99
10684 78
12381 69
11341 98
3502 74
14111 100
5487 44
14738 38
12256 25
10665 58
16032 40
17168 24
8380 63
14292 74
13691 50
4091 78
14399 54
15925 84
9453 21
7793 20
584 57
966 26
16779 64
12871 70
61
14259 67
13960 61
8382 78
16442 75
12482 55
5725 85
18410 82
17410 60
15608 85
13860 92
7337 34
4252 48
10974 21
4192 51
1805 32
4967 68
5855 67
2264 36
8541 73
17029 99
17055 33
11221 52
9849 56
2582 62
14362 32
12353 28
13034 87
15067 68
8316 55
13414 93
6616 69
18888 61
13658 100
19410 27
19855 85
15923 96
11894 24
1429 43
12125 55
3549 97
16802 85
8183 60
5208 77
6545 59
18860 42
19996 94
11043 42
10648 57
16385 47
19602 44
19198 86
5852 44
19019 83
9184 66
7642 99
10333 36
1336 99
6982 54
14469 100
16419 86
9837 75
52
5535 46
13875 52
15103 86
9620 32
13640 69
2718 91
11284 97
12012 52
13002 91
14184 94
8702 73
6659 57
1503 100
14434 99
1820 59
2697 36
7702 71
14290 89
8508 71
4612 46
5527 85
9696 94
7701 92
18618 51
14643 87
3527 54
17027 44
6591 29
4471 93
7675 44
11544 97
6348 67
19647 44
18401 38
17250 72
6653 66
3045 98
15938 69
18054 37
7799 87
59 60
5097 63
10566 78
11966 59
5415 80
14030 52
6364 59
12555 74
13718 70
10515 95
6671 88
10094 94
57
15311 64
1322 50
6134 35
19300 34
3099 84
16303 46
8351 37
7725 94
13679 49
14555 21
5266 44
3730 60
15934 94
9233 73
16088 57
11692 56
10480 34
681 95
15868 73
3829 21
19717 29
19331 97
10992 48
2116 51
5919 56
9406 61
5504 28
9400 99
2011 66
11571 44
11551 73
5847 55
16275 82
14995 68
2859 25
7460 26
15305 49
3345 92
6548 27
7318 70
14833 92
16354 91
2561 79
14477 36
13441 60
15372 79
9310 71
3373 34
7745 30
10430 22
6246 68
2234 66
13734 47
4198 89
3742 96
5451 49
941 37
55
6288 71
19446 36
8868 33
8573 68
7542 83
192 78
4047 86
6686 98
19000 46
193 27
11140 99
15924 23
11364 35
5149 36
4087 97
13648 40
13802 98
1310 27
8684 95
1943 45
7112 59
8664 43
10877 83
10609 66
18789 25
16978 73
15962 37
15971 47
7060 53
11037 21
11826 60
3588 43
4795 69
28 36
8170 32
18593 88
5516 48
2791 47
15309 83
6268 39
553 99
378 42
12497 99
190 99
10170 80
3405 96
8614 56
16678 93
4593 86
19589 84
15026 85
4396 100
14493 32
13285 75
16937 56
0
