115
18158 96
14240 96
14148 96
2880 96
18960 96
8946 96
3912 96
9754 96
3128 96
15002 96
3966 96
14580 96
1577 96
15983 96
3979 96
4209 96
7678 96
4283 96
18024 96
5107 96
7562 96
14854 96
8149 96
16484 96
4534 96
18809 96
10351 96
6200 96
1179 96
19597 96
818 96
19337 96
13837 96
11317 96
18568 96
12796 96
262 96
2479 96
18902 96
19742 96
13832 96
2867 96
14321 96
15408 96
15201 96
14651 96
15968 96
2878 96
15285 96
13991 96
4336 96
2846 96
5196 96
12485 96
15681 96
9730 96
7645 96
6031 96
12281 96
8823 96
1980 96
13098 96
8159 96
15816 96
766 96
6726 96
4963 96
1028 96
5556 96
3864 96
17121 96
19387 96
3082 96
11441 96
11147 96
18283 96
2444 96
7114 96
17512 96
17728 96
1105 96
1848 96
16926 96
2652 96
10684 96
8958 96
12381 96
18328 96
11341 96
4662 96
3502 96
13320 96
14111 96
11661 96
5487 96
14877 96
14738 96
10449 96
12256 96
294 96
10665 96
9376 96
16032 96
13746 96
17168 96
7178 96
8380 96
19611 96
14292 96
2244 96
13691 96
11748 96
4091 96
6968 96
14399 96
61
14259 96
18498 96
13960 96
13497 96
8382 96
13263 96
16442 96
6441 96
12482 96
18351 96
5725 96
13848 96
18410 96
10745 96
17410 96
10766 96
15608 96
9380 96
13860 96
10546 96
7337 96
242 96
4252 96
13370 96
10974 96
15361 96
4192 96
13056 96
1805 96
7358 96
4967 96
12416 96
5855 96
18926 96
2264 96
10588 96
8541 96
18705 96
17029 96
17374 96
17055 96
2753 96
11221 96
11816 96
9849 96
8630 96
2582 96
5456 96
14362 96
16441 96
12353 96
1698 96
13034 96
12956 96
15067 96
359 96
8316 96
19259 96
13414 96
10121 96
6616 96
52
5535 96
13535 96
13875 96
10585 96
15103 96
15585 96
9620 96
13640 96
5267 96
2718 96
14845 96
11284 96
4020 96
12012 96
1808 96
13002 96
12937 96
14184 96
6474 96
8702 96
7875 96
6659 96
10543 96
1503 96
17934 96
14434 96
12795 96
1820 96
17816 96
2697 96
3706 96
7702 96
12924 96
14290 96
19157 96
8508 96
3909 96
4612 96
18499 96
5527 96
7329 96
9696 96
16810 96
7701 96
1707 96
18618 96
17054 96
14643 96
9153 96
3527 96
19697 96
17027 96
107
15311 96
13913 96
1322 96
9284 96
6134 96
6503 96
19300 96
10864 96
3099 96
3385 96
16303 96
4013 96
8351 96
14510 96
7725 96
17698 96
13679 96
2512 96
14555 96
4736 96
5266 96
12483 96
3730 96
1865 96
15934 96
12525 96
9233 96
13783 96
16088 96
216 96
11692 96
11398 96
10480 96
13013 96
681 96
16613 96
15868 96
16332 96
3829 96
18966 96
19717 96
131 96
19331 96
4419 96
10992 96
3407 96
2116 96
4670 96
5919 96
16670 96
9406 96
11184 96
5504 96
9487 96
9400 96
17789 96
2011 96
14984 96
11571 96
18098 96
11551 96
3263 96
5847 96
2031 96
16275 96
6528 96
14995 96
8494 96
2859 96
15175 96
7460 96
18927 96
15305 96
3142 96
3345 96
2648 96
6548 96
1812 96
7318 96
8818 96
14833 96
13075 96
16354 96
16689 96
2561 96
2105 96
14477 96
923 96
13441 96
6048 96
15372 96
4991 96
9310 96
1218 96
3373 96
1936 96
7745 96
14720 96
10430 96
6956 96
6246 96
14241 96
2234 96
1551 96
13734 96
5579 96
4198 96
105
6288 96
12005 96
19446 96
13760 96
8868 96
7896 96
8573 96
9260 96
7542 96
81 96
192 96
5253 96
3549 96
4047 96
7330 96
6686 96
3100 96
19000 96
7088 96
193 96
10750 96
11140 96
8809 96
15924 96
6043 96
11364 96
17808 96
5149 96
7361 96
4087 96
14356 96
13648 96
12443 96
13802 96
3759 96
1310 96
18049 96
8684 96
6921 96
1943 96
8764 96
7112 96
7195 96
8664 96
11158 96
10877 96
11702 96
10609 96
9876 96
18789 96
10802 96
16978 96
9929 96
15962 96
12901 96
15971 96
7325 96
7060 96
17471 96
11037 96
11146 96
11826 96
1036 96
3588 96
1979 96
4795 96
1250 96
28 96
9830 96
8170 96
1970 96
18593 96
15282 96
5516 96
3608 96
2791 96
16392 96
15309 96
13400 96
6268 96
14098 96
553 96
378 96
16514 96
12497 96
12700 96
190 96
15908 96
10170 96
7579 96
3405 96
18347 96
8614 96
6992 96
16678 96
9760 96
4593 96
16705 96
19589 96
12763 96
15026 96
14533 96
4396 96
541 96
14493 96
128
9515 96
5433 96
9634 96
15998 96
18992 96
1993 96
4094 96
5894 96
270 96
18130 96
17515 96
4280 96
10302 96
18934 96
16453 96
19540 96
1054 96
16151 96
18462 96
15766 96
16255 96
11505 96
1009 96
19004 96
2899 96
1844 96
12092 96
13536 96
19862 96
8781 96
1066 96
5728 96
10565 96
7051 96
18077 96
9556 96
9043 96
18523 96
11801 96
9313 96
16652 96
9315 96
9944 96
6953 96
8249 96
6396 96
2844 96
5654 96
2546 96
17658 96
17771 96
15152 96
9162 96
18779 96
10508 96
12060 96
16974 96
2599 96
1947 96
13187 96
7731 96
19364 96
15267 96
18295 96
6414 96
13343 96
4202 96
15457 96
8217 96
16003 96
1121 96
4868 96
1669 96
11064 96
8173 96
6269 96
13812 96
7368 96
8275 96
12709 96
5025 96
6045 96
7861 96
14186 96
1176 96
18368 96
2597 96
18149 96
17318 96
895 96
7688 96
5048 96
258 96
2954 96
3342 96
6672 96
16296 96
3895 96
18480 96
865 96
19897 96
19600 96
5732 96
17918 96
7015 96
10256 96
4186 96
826 96
17624 96
12460 96
14857 96
17747 96
13186 96
16114 96
12134 96
10532 96
9783 96
9381 96
18219 96
14830 96
9638 96
1172 96
14523 96
12661 96
13820 96
18417 96
7492 96
14684 96
0
