173 383
121 298
239 257
347 372
1 385
227 155
151 232
229 345
255 281
53 394
129 214
396 305
82 138
308 385
376 124
285 287
388 188
178 147
141 225
277 197
49 113
348 55
65 370
1 143
307 168
370 282
73 324
184 298
198 89
314 363
252 286
398 274
75 281
352 358
152 300
295 70
121 6
1 34
378 308
263 337
33 62
3 349
360 149
70 138
326 228
179 98
180 330
348 277
224 39
251 52
356 114
203 396
374 165
318 283
373 75
241 71
169 382
250 348
346 174
218 114
356 351
7 314
379 346
190 129
378 397
151 304
387 121
93 342
95 276
341 250
370 376
270 324
146 259
242 315
384 383
398 97
106 66
64 289
173 283
137 37
132 276
336 305
157 296
399 113
146 327
147 174
128 364
368 10
139 265
313 187
108 118
43 386
110 252
374 192
393 57
133 356
70 125
218 312
24 341
354 73
237 300
189 209
333 385
43 358
307 41
309 72
275 163
115 336
178 186
104 367
43 10
365 170
204 2
311 18
282 141
48 212
52 272
114 196
396 242
48 9
34 166
212 378
138 147
347 160
91 211
358 23
360 311
174 346
190 397
299 236
144 361
273 238
123 267
143 384
9 109
377 53
65 80
177 376
154 93
41 80
108 181
173 47
150 149
329 308
33 65
382 179
168 132
169 244
191 95
296 320
145 192
287 120
37 215
367 259
34 184
197 294
59 394
286 289
335 318
140 33
386 218
284 279
174 142
131 335
23 219
135 377
190 227
82 228
373 197
214 38
242 250
32 115
209 58
239 145
