665 707
251 237
373 128
118 343
168 94
301 329
125 6
249 208
262 216
142 28
264 397
317 172
139 225
29 41
264 204
41 330
396 224
176 47
383 189
149 202
25 397
187 280
370 383
182 176
239 400
36 178
36 222
31 88
329 79
326 293
168 227
399 96
293 384
203 285
361 292
145 371
330 44
337 142
11 380
15 234
355 350
95 270
25 304
26 10
187 44
232 307
280 366
143 216
8 237
160 314
29 84
260 376
95 366
373 129
227 81
380 82
57 202
210 187
349 91
327 236
251 373
261 63
298 399
79 101
164 12
210 252
104 114
207 215
13 370
210 352
219 174
180 296
322 273
126 299
275 374
307 170
172 180
352 58
197 358
229 206
49 148
224 194
323 5
210 5
94 57
198 277
104 221
46 64
5 228
273 371
3 372
1 349
75 266
316 346
235 375
156 372
300 113
280 157
80 96
28 303
104 313
79 215
240 142
208 12
283 21
391 173
303 248
155 392
96 168
271 353
86 302
58 390
240 249
264 116
341 377
61 146
166 211
256 18
205 23
38 105
67 164
152 4
376 60
344 76
93 52
170 106
21 143
194 122
41 1
166 212
42 292
362 214
236 204
280 153
17 16
208 172
154 63
352 177
279 382
53 272
84 17
65 56
209 108
26 48
38 392
179 94
153 135
39 121
87 367
317 118
268 153
221 305
222 158
100 166
278 55
237 137
178 136
166 244
386 76
11 73
23 391
212 65
399 385
314 65
158 375
165 155
134 377
175 250
388 389
208 392
87 176
184 293
221 312
279 245
216 373
309 158
265 25
270 400
10 168
44 150
83 305
328 359
248 246
67 22
255 377
276 223
287 170
349 279
96 23
169 10
336 145
194 390
370 162
372 88
292 394
283 298
105 178
44 386
157 317
164 275
299 353
137 132
139 4
331 56
159 180
194 30
226 275
19 45
282 296
58 230
63 150
143 175
70 96
98 380
395 389
46 288
22 398
381 32
313 252
310 197
182 256
175 228
93 236
278 374
36 211
56 360
22 90
87 106
112 23
369 385
274 198
348 263
119 247
155 358
153 22
275 326
200 179
227 316
249 231
399 201
175 386
260 332
117 312
189 30
333 53
357 191
89 196
16 216
152 85
345 315
386 139
148 89
109 200
389 337
113 69
186 178
132 108
71 125
280 267
284 232
318 68
349 391
267 274
192 263
132 126
360 376
237 241
307 129
321 334
137 331
296 41
242 311
371 256
176 192
196 38
60 89
272 16
348 216
32 127
246 244
5 158
274 183
31 258
281 366
57 73
336 217
117 163
324 235
31 23
346 39
149 358
53 194
369 12
207 123
134 173
152 165
336 205
87 351
387 289
294 33
105 275
363 83
49 226
246 181
196 269
293 188
52 396
379 145
356 58
83 372
266 223
322 359
25 278
82 100
7 284
77 155
23 147
16 345
137 263
313 28
233 71
354 213
197 236
111 179
10 100
193 76
305 345
180 268
234 386
142 12
173 317
376 249
122 336
193 107
265 117
382 188
344 210
125 2
328 301
235 8
82 119
206 243
187 123
224 305
348 24
49 131
159 281
82 302
39 383
298 377
137 339
149 66
358 60
320 392
348 15
302 5
247 35
389 245
180 28
218 113
80 393
117 28
362 295
326 380
113 371
240 226
296 84
336 390
202 361
239 317
89 112
119 112
345 296
365 72
182 114
56 66
124 120
237 18
307 306
148 339
285 167
57 231
349 98
174 30
194 310
26 331
141 36
44 270
195 44
47 208
96 136
76 156
7 115
302 213
10 153
122 17
351 309
138 344
232 385
332 342
36 30
285 173
186 260
203 386
155 154
52 191
383 14
297 313
38 59
256 184
373 121
182 230
87 288
285 349
303 114
187 203
164 1
191 180
166 186
324 386
220 226
324 396
271 230
12 3
78 349
7 13
221 23
70 139
293 331
300 299
351 375
257 205
217 245
269 13
94 309
84 364
165 145
288 246
200 7
239 397
128 202
44 289
391 193
75 216
2 3
43 362
391 352
134 87
46 370
105 97
90 274
70 141
224 206
145 276
100 275
233 354
95 9
5 379
390 27
370 302
91 397
233 147
365 229
77 275
226 251
239 260
191 219
272 323
61 305
227 231
28 75
119 374
283 392
39 35
75 118
298 131
166 266
172 114
102 114
201 199
67 313
178 311
270 88
398 207
262 285
73 301
114 312
170 101
51 304
216 292
399 113
59 162
241 68
274 267
107 199
78 247
321 197
336 189
110 52
382 176
92 287
195 396
339 185
148 188
154 284
149 267
63 346
209 268
91 114
290 159
326 370
218 147
146 208
153 252
167 167
1 168
27 188
50 173
264 113
115 246
390 9
370 9
326 255
357 335
397 331
110 72
238 284
221 116
133 193
6 103
195 278
186 132
7 331
386 4
36 41
43 179
156 343
323 2
361 382
57 47
74 306
311 299
395 263
240 85
275 136
197 227
304 237
366 12
102 139
144 242
187 306
225 16
302 352
281 247
331 169
222 203
222 308
191 260
284 218
325 168
107 65
386 46
54 275
266 115
9 380
159 167
99 327
342 273
250 75
324 277
202 92
107 293
154 7
63 42
22 98
223 313
31 115
317 200
44 140
269 246
264 141
339 157
46 32
182 234
29 400
192 201
48 321
390 196
101 182
105 115
15 173
361 5
273 54
386 19
169 22
53 16
306 277
199 326
71 137
391 128
360 176
291 393
333 391
47 21
389 163
297 186
270 301
339 197
78 166
286 189
315 383
63 397
110 294
391 106
323 167
315 126
152 45
214 277
68 334
53 194
202 193
83 366
137 313
139 208
149 37
347 284
308 317
48 201
37 190
49 377
192 391
314 301
130 96
249 0
297 339
342 394
269 322
82 22
168 254
342 361
6 221
257 101
322 60
355 358
289 140
31 246
263 225
365 384
102 108
229 280
51 165
156 320
287 112
319 377
378 254
74 258
51 387
53 30
323 345
381 143
243 354
318 134
330 113
399 346
5 93
13 356
