536 265
214 234
58 72
46 8
268 220
8 94
141 201
344 292
7 347
247 65
269 46
233 68
267 231
227 75
291 186
197 268
273 250
199 37
140 29
287 22
101 107
199 27
347 173
222 122
26 281
338 227
62 77
369 140
348 397
356 39
121 396
330 251
272 375
215 282
229 63
346 264
314 128
234 151
167 304
80 174
58 341
107 42
169 173
31 227
110 91
114 227
398 14
26 63
247 317
125 37
183 323
332 353
342 5
386 183
53 67
350 4
330 64
306 181
378 46
127 114
137 350
278 99
291 52
372 400
342 312
190 338
99 230
182 388
242 60
162 80
35 92
267 339
70 202
38 254
228 315
211 312
229 151
77 361
41 227
117 242
328 28
15 73
133 373
79 203
205 163
389 171
317 275
192 211
14 223
39 118
145 285
360 169
356 334
187 338
345 293
107 1
79 55
201 214
25 325
244 174
285 389
133 336
9 238
6 252
126 342
286 286
256 258
119 31
241 233
160 186
330 57
135 82
252 43
307 278
229 170
122 229
324 379
239 103
185 183
159 115
90 24
124 130
115 66
132 384
270 66
229 89
67 68
33 293
359 74
371 189
110 6
359 258
384 30
97 328
108 62
192 103
400 274
224 385
218 12
199 242
74 173
222 177
284 60
398 126
91 300
248 268
126 397
98 277
338 341
168 142
105 378
322 43
145 102
345 264
243 172
332 90
161 228
30 175
123 65
239 25
392 126
93 43
77 57
281 36
70 122
293 281
274 251
328 54
118 316
25 299
91 90
276 168
305 365
322 297
145 121
26 142
150 226
99 212
277 240
164 39
304 16
362 163
113 370
149 157
194 352
392 343
28 302
29 263
14 376
26 25
349 80
69 124
293 381
30 95
285 173
163 240
93 151
171 239
398 7
82 270
363 128
267 239
284 393
251 210
15 271
161 143
333 249
14 124
279 109
385 207
21 87
326 93
280 363
334 140
396 217
159 176
383 68
190 144
328 123
32 394
292 107
365 202
39 247
52 212
135 328
353 334
116 90
327 216
30 64
338 345
86 137
55 393
368 361
132 60
397 151
366 312
380 222
205 70
363 266
349 276
198 380
311 258
176 301
167 372
334 118
39 164
131 230
203 15
266 397
23 31
140 391
63 22
375 327
17 244
138 139
59 114
255 394
220 171
362 77
387 175
183 314
359 228
296 339
307 107
55 108
198 220
81 349
288 171
365 213
269 84
370 351
198 93
394 222
396 253
25 345
345 7
319 38
100 36
260 160
373 9
318 271
29 331
164 143
105 199
198 297
313 205
36 387
20 73
186 185
254 253
211 368
133 387
54 146
183 41
169 95
145 201
263 382
345 305
266 227
274 309
3 328
368 329
391 376
105 94
282 157
347 271
287 31
45 47
372 22
358 178
81 259
297 140
246 225
252 338
394 137
288 326
170 35
347 354
39 343
107 129
238 62
251 274
140 337
125 192
211 395
276 106
334 358
391 143
347 19
359 276
81 59
193 163
46 340
398 186
335 12
14 223
50 32
91 319
341 118
381 340
321 332
303 319
396 160
70 134
97 125
167 382
119 77
227 294
59 148
273 366
131 203
358 301
15 149
10 340
168 325
335 95
158 396
77 151
60 326
311 306
249 313
300 151
313 300
18 381
203 308
130 76
350 42
28 37
260 111
294 157
9 203
103 306
358 129
24 71
33 351
299 89
117 108
101 112
15 290
215 30
147 271
54 340
44 189
40 222
48 173
177 180
10 10
112 117
196 359
17 192
46 243
390 170
105 345
208 135
329 269
260 242
103 133
252 15
122 97
358 125
324 103
150 367
20 384
201 351
285 111
136 59
142 28
80 301
397 380
34 67
294 8
75 346
308 228
46 113
219 61
7 31
247 101
183 57
58 286
276 155
169 5
279 199
325 140
303 235
168 300
188 58
184 379
63 167
240 296
389 350
340 249
46 105
391 121
82 196
382 203
299 141
86 109
84 339
240 270
259 2
4 20
74 73
300 201
53 145
101 304
319 275
238 341
257 140
92 385
354 215
364 179
343 104
185 38
356 217
15 267
214 192
131 262
147 224
16 233
35 366
353 254
399 94
315 261
89 314
57 355
257 224
55 153
201 89
395 89
399 319
131 177
379 387
30 240
279 197
132 1
317 238
86 287
10 202
263 83
153 2
372 350
369 217
71 302
51 106
6 110
342 381
252 223
29 22
278 66
65 344
307 386
103 85
100 384
46 90
154 125
138 186
213 175
314 286
57 42
241 24
288 10
170 307
364 165
108 85
293 239
301 308
293 324
83 353
34 197
182 64
5 393
345 396
46 250
286 28
71 181
231 263
81 243
359 71
87 232
135 369
54 82
133 61
47 168
261 385
149 255
181 93
341 286
311 358
41 395
83 108
323 235
217 213
316 277
336 272
251 142
108 168
354 52
