224 11
263 184
250 248
277 7
292 237
178 366
64 371
325 390
21 49
256 195
259 62
340 397
139 209
264 396
164 77
311 145
1 217
367 82
389 138
318 188
211 64
12 316
244 253
400 259
91 242
96 152
309 142
10 108
21 235
358 58
266 379
172 244
136 118
99 111
128 261
229 218
235 235
36 191
40 294
78 171
32 23
365 11
173 78
261 225
322 355
345 145
391 334
147 6
109 246
262 387
368 84
241 182
369 392
201 332
330 71
289 150
240 185
386 306
30 26
66 65
315 319
269 244
370 40
363 287
191 178
101 219
231 328
318 269
396 212
389 73
1 392
261 396
278 233
0 364
69 281
41 239
218 177
235 76
182 308
135 69
80 109
87 279
259 360
155 266
300 389
156 338
229 247
284 360
134 396
232 337
49 355
147 65
26 352
71 97
125 377
63 12
393 280
229 266
141 149
215 294
287 384
153 301
396 29
160 223
4 248
217 392
355 213
123 385
38 17
342 143
215 323
273 119
194 361
240 241
390 327
237 91
209 44
92 50
80 94
36 55
103 390
75 46
299 63
40 220
51 26
278 261
113 207
262 137
277 39
137 141
396 163
264 233
108 358
90 353
78 27
296 90
6 243
166 83
354 117
42 113
121 301
58 313
48 10
164 368
238 369
211 87
399 301
0 223
175 99
29 183
109 111
262 229
70 119
231 52
153 309
275 188
144 242
31 292
358 318
291 328
164 371
14 232
26 319
161 149
77 19
92 79
357 337
169 305
334 227
387 139
201 329
56 5
253 327
370 103
364 145
61 343
63 331
195 110
8 94
362 74
319 322
87 272
395 153
315 349
168 42
8 116
167 362
280 32
293 158
315 400
30 359
386 208
319 378
385 6
55 170
95 397
199 176
344 187
90 26
300 390
16 177
389 12
101 98
119 345
377 346
263 372
21 109
273 292
374 296
329 89
72 73
297 325
1 324
211 314
238 20
8 28
95 16
211 37
181 290
314 35
44 252
162 231
212 233
293 56
10 92
