741 117
384 48
348 153
48 102
133 383
332 218
234 382
254 213
92 36
19 125
53 269
258 323
287 62
10 331
396 112
97 376
343 255
126 33
184 73
206 258
56 272
152 24
299 389
363 2
160 68
23 254
212 60
295 340
136 25
199 386
273 248
289 251
57 83
205 169
127 64
75 93
93 326
301 48
266 86
331 324
351 103
248 42
141 200
115 336
272 383
393 236
362 267
88 161
180 186
117 23
244 370
120 272
71 28
309 3
174 270
39 362
109 289
377 49
394 287
256 296
83 310
355 98
345 199
27 268
197 206
370 300
370 217
122 72
159 262
217 384
379 270
185 301
142 167
300 394
193 361
320 257
247 190
0 350
284 222
344 249
2 271
311 123
238 112
289 213
128 205
222 46
57 111
233 300
234 170
251 140
107 156
364 23
70 39
125 101
90 124
18 398
333 73
375 256
335 310
356 86
67 193
323 2
300 393
82 298
214 130
344 292
59 112
65 221
44 46
31 346
172 245
388 36
365 339
184 108
346 325
176 325
198 54
47 275
351 39
326 10
287 374
72 277
64 94
324 243
131 258
202 222
29 311
141 300
259 159
23 54
351 94
383 112
333 374
225 141
330 21
160 232
234 101
236 164
50 146
99 114
385 71
199 260
103 194
92 227
265 238
141 257
179 23
35 43
370 372
377 48
338 274
252 277
366 335
330 45
245 74
241 260
109 304
82 364
186 123
234 67
239 126
361 253
157 29
80 298
28 159
26 179
117 152
104 338
282 376
164 121
98 369
375 224
383 8
209 7
41 125
354 160
296 173
222 118
366 200
76 41
52 133
20 217
194 14
145 281
3 66
337 192
174 9
373 12
386 326
250 386
225 83
267 4
260 246
270 239
23 23
356 351
151 277
339 237
28 190
29 80
370 69
326 388
338 37
263 33
260 110
83 63
29 237
16 11
61 194
33 201
116 301
182 170
148 347
325 20
85 183
210 157
201 323
234 305
68 91
190 355
399 383
322 132
301 30
89 96
375 265
61 178
386 236
164 186
103 20
225 1
205 398
144 15
306 27
98 119
101 178
271 39
204 69
3 253
248 110
192 298
387 319
43 258
13 203
257 306
259 350
388 198
135 219
22 394
179 116
125 131
284 262
13 219
54 210
374 5
394 15
103 71
329 116
87 128
334 59
368 35
285 334
267 345
37 333
389 234
308 120
42 396
5 37
356 194
179 47
305 203
378 300
116 2
127 154
5 99
194 0
226 264
75 325
155 330
203 71
324 183
370 248
128 98
244 49
102 61
59 114
147 220
81 28
291 398
313 327
361 399
44 275
22 227
387 26
26 185
141 235
230 379
15 196
198 397
185 98
192 192
137 250
353 225
292 350
27 271
212 101
370 264
205 342
75 149
222 155
276 366
338 160
158 284
253 207
287 127
269 243
155 165
329 84
365 217
43 289
393 229
3 17
90 70
8 328
241 313
308 248
324 370
177 38
264 284
169 296
137 277
21 306
243 356
275 123
365 256
92 320
84 107
94 360
108 142
94 176
361 351
81 299
126 154
98 79
169 321
184 74
321 173
120 85
31 213
381 284
39 32
144 139
93 10
317 2
234 356
170 311
236 240
255 218
198 49
76 120
179 38
218 36
112 302
316 293
146 96
64 311
113 166
200 203
303 190
367 228
209 369
165 178
168 280
34 106
396 255
201 165
189 142
230 341
308 366
276 25
14 394
199 111
85 237
82 162
141 156
399 92
29 125
10 227
374 391
345 43
193 346
165 195
18 317
120 251
313 108
133 30
205 356
121 263
172 82
275 332
366 4
253 338
217 375
30 295
76 21
288 196
243 302
83 66
247 210
11 134
276 317
309 365
323 196
131 33
160 251
148 225
322 353
247 153
272 355
358 380
338 162
96 273
14 224
246 119
397 339
78 209
84 187
273 180
258 305
235 175
396 280
254 107
253 230
302 123
97 259
264 309
207 311
396 118
93 307
310 90
378 219
266 289
352 391
95 94
297 113
274 34
230 319
287 154
286 277
183 153
206 17
121 339
262 286
216 122
283 125
252 227
305 225
388 183
319 267
10 328
196 51
147 263
215 251
247 150
39 301
337 3
387 125
298 324
22 355
37 396
356 160
90 334
162 119
124 208
32 119
48 130
78 172
205 249
383 110
45 65
208 315
363 57
288 8
13 144
312 212
6 237
38 259
177 235
244 216
253 80
161 110
287 20
137 209
347 184
328 172
44 48
92 211
321 335
154 105
347 285
323 312
361 382
94 146
230 217
383 303
241 82
292 193
245 260
102 270
349 207
26 319
155 229
272 18
147 264
67 348
216 315
71 373
58 77
344 4
125 168
326 256
30 353
8 98
19 161
138 1
295 247
45 22
22 397
177 153
128 212
173 50
204 162
352 219
218 362
81 293
216 90
200 193
80 184
364 284
108 353
211 13
17 132
191 222
362 104
321 230
158 153
264 98
363 200
307 309
9 123
289 386
188 352
382 187
397 356
283 339
36 139
288 286
189 326
283 285
346 12
165 178
296 388
320 168
151 157
190 379
26 34
48 27
360 164
256 136
60 6
198 272
116 191
167 179
188 363
196 247
4 275
44 109
295 60
64 336
246 63
272 260
241 378
35 248
249 197
206 199
353 210
364 290
318 338
132 200
219 137
118 127
144 168
271 83
244 258
265 36
398 383
385 155
121 22
81 184
48 63
174 32
235 25
329 389
188 351
182 387
273 237
56 98
235 32
311 242
369 114
337 96
74 214
18 155
58 134
281 232
3 174
228 7
295 168
171 135
14 156
284 386
2 282
241 156
356 51
206 69
179 142
221 103
160 2
235 148
89 152
206 172
6 120
371 167
241 62
344 208
224 297
253 102
84 279
114 27
38 108
302 162
119 292
217 122
94 346
141 233
33 181
329 280
249 247
106 167
26 104
40 292
281 330
330 349
373 355
149 289
24 63
36 343
88 104
230 337
20 48
67 227
370 372
59 386
349 386
385 296
156 51
263 340
300 360
71 155
234 290
20 340
48 281
358 155
188 381
312 399
354 364
313 341
254 178
348 64
399 188
323 99
120 107
309 174
287 79
102 222
26 369
80 60
212 295
242 107
50 394
108 319
171 338
182 70
194 223
123 119
374 319
163 306
260 161
252 80
399 384
358 152
127 378
399 92
53 216
13 164
161 133
238 28
22 400
62 225
250 354
1 155
251 355
198 303
132 309
355 251
97 144
25 144
19 308
189 274
15 173
80 380
328 371
182 304
269 321
89 260
309 49
66 297
20 20
233 184
164 332
160 343
381 291
199 224
141 300
212 397
323 151
364 343
76 400
252 214
337 383
260 13
363 319
183 190
