418 315
238 326
60 362
61 287
304 272
338 274
274 273
186 161
31 280
399 141
164 11
326 188
226 239
93 333
120 285
149 14
231 140
32 327
137 243
101 71
229 78
286 213
252 268
182 20
207 292
352 221
252 86
118 185
380 85
269 139
292 372
304 28
163 12
174 397
336 152
251 86
5 357
234 4
355 82
323 91
146 321
156 108
199 190
359 266
129 114
216 81
90 37
55 40
25 397
163 175
90 9
147 12
177 206
253 86
279 286
86 72
21 168
45 135
151 290
124 264
272 386
183 349
315 297
71 38
399 143
216 304
206 348
220 69
152 25
236 294
157 86
106 185
163 38
86 118
106 265
59 29
59 265
322 118
233 113
1 295
60 247
342 164
53 397
310 84
309 267
318 125
74 182
203 257
194 355
34 79
285 4
196 50
339 215
131 191
369 38
332 328
184 31
32 227
21 86
47 9
294 180
299 323
125 230
176 332
189 218
334 215
171 213
195 272
348 289
223 230
359 192
110 1
6 100
19 388
295 161
1 340
377 144
186 124
106 245
77 378
43 144
234 66
348 174
62 310
238 274
160 81
381 150
192 148
161 300
275 108
107 130
33 251
347 356
83 144
261 180
245 145
392 185
400 389
207 110
116 303
259 43
327 369
252 221
153 199
326 398
149 373
158 228
359 16
268 296
321 21
373 40
126 371
154 55
389 337
4 312
314 400
253 210
125 312
183 136
338 307
155 354
119 72
74 7
357 123
214 386
348 312
23 259
153 126
54 200
189 343
312 41
85 169
31 138
72 15
163 301
382 396
289 321
174 96
132 313
274 344
316 194
183 370
272 394
246 371
238 196
147 279
79 55
61 324
267 256
57 140
258 50
360 70
383 379
342 29
180 150
306 344
173 347
151 351
8 55
399 230
188 54
224 197
43 78
275 21
26 371
49 389
185 220
218 346
171 223
146 24
279 130
369 303
286 293
66 75
375 315
72 32
240 294
115 199
260 168
277 81
336 220
137 9
4 351
399 128
210 181
130 266
315 155
2 382
254 231
384 298
289 169
74 285
136 184
327 119
41 360
315 44
46 353
60 162
303 290
111 77
20 215
153 159
277 68
168 193
44 314
80 25
271 134
123 351
387 218
251 261
64 6
143 214
275 6
376 231
189 138
196 359
146 274
353 251
47 266
269 399
151 303
114 352
202 2
177 1
239 54
284 327
188 140
279 367
57 281
227 213
186 170
155 351
391 353
165 89
142 353
15 365
306 291
146 53
34 327
132 181
121 294
345 319
339 300
60 297
48 158
27 314
139 178
98 3
298 207
144 21
275 32
322 104
327 6
85 6
108 296
140 32
267 172
388 148
189 106
273 323
126 172
88 30
305 362
331 12
392 251
73 277
162 95
224 284
200 87
117 384
352 201
291 215
207 104
109 178
239 255
96 167
278 214
49 372
97 349
17 334
245 354
21 270
212 323
176 100
303 247
257 93
245 72
192 353
332 6
360 113
202 371
89 3
33 113
340 337
172 224
99 244
215 330
386 328
355 168
279 265
275 166
258 57
66 319
124 103
274 400
154 234
49 156
250 147
36 296
171 175
305 17
39 14
109 389
89 395
314 186
7 133
20 200
14 205
197 259
156 336
223 258
394 400
210 227
61 308
214 312
34 210
0 330
346 129
193 122
337 191
25 252
44 169
75 293
304 88
302 63
234 327
43 212
301 375
75 375
221 264
274 224
8 396
238 363
152 335
399 13
165 215
278 29
325 138
83 35
80 96
400 316
128 181
83 378
50 263
155 327
125 303
197 344
91 158
252 123
21 177
311 23
216 246
368 360
222 62
33 328
36 245
327 210
64 245
344 75
290 348
378 70
33 380
324 175
125 388
59 65
258 252
325 49
377 209
72 397
