Turma 1
6119 12984 13144 1924 276 7831 3017 19056 7146 19806 5876 17301 7200 

Turma 2
4970 948 8546 8453 4372 4823 18745 15193 11575 12078 4591 

Turma 3
11344 9650 19072 8856 9881 9585 13496 17219 

Turma 4
7884 17210 11476 18364 3209 18483 19890 19178 3512 429 9853 7120 5876 

Turma 5
12097 14802 5644 8805 16248 16861 6302 10374 7666 18671 9558 14605 

Turma 6
4368 12620 4002 18368 7010 19035 12793 7815 11958 16649 19492 2206 

Turma 7
588 10860 15473 5107 2434 10446 1143 19910 

Turma 8
901 16441 3920 5081 4516 14976 14211 8040 575 

Turma 9
3638 19879 4724 12354 4334 2075 16021 19801 16224 

Turma 10
11706 3921 13949 15147 15590 10253 

Turma 11
17307 10090 12998 2075 13156 16087 11232 12452 1209 15788 10646 3419 16086 15270 7371 9877 16456 4094 19724 16579 6346 14003 6788 4144 3977 18563 8974 8488 2661 6727 18088 16319 13168 11085 14745 6323 7171 2329 15127 4731 14468 5772 8149 10553 1041 15520 429 13848 15965 16504 6779 18662 10506 13566 2805 14483 12128 11778 19322 11140 14857 17409 7459 4376 8494 18555 10699 12016 883 2177 16747 15351 7948 1247 5903 8988 13118 6332 19187 9082 2835 5965 7743 13341 19530 10548 4175 8010 18677 19848 19149 9885 17256 2959 14261 2101 1514 1311 10469 2396 3487 3567 14098 7786 4813 1 13125 17931 2684 12311 3364 5518 18276 11107 15210 14157 18006 15736 2166 13034 15583 17667 2919 9191 625 13531 7643 18490 14841 18111 17238 14679 1677 11335 2464 2842 7687 15588 17124 10370 7898 487 15888 2525 7945 7449 16682 2302 19537 18847 11688 15119 16513 10958 661 13490 4488 8304 8331 15680 2766 5568 6710 795 16903 9173 3636 4589 4760 17111 11311 9009 13949 3550 11534 18246 10998 4567 547 6886 3413 8586 2005 16278 19543 19017 6119 382 3672 14449 16061 6438 17 2770 7232 13271 8294 7219 14211 9405 681 5521 14766 14629 5422 6299 12874 16420 7217 9773 19657 6981 18358 18013 19610 14253 17030 5728 14634 701 177 7047 3490 16545 6168 7073 6167 10814 14291 16729 218 14971 18602 14983 5952 4023 17633 18825 16794 4849 4949 16451 8182 19659 14463 7791 13911 11492 13519 4896 8545 10047 12034 2943 14462 19107 9109 1627 9749 5837 1844 1072 4438 13179 3375 7163 18551 1606 12012 3500 18056 193 3158 12519 4335 13420 362 17853 18315 8906 7899 2961 17292 7193 13774 12750 16301 15400 18850 17243 19921 19279 6773 3295 4091 13936 1846 5697 2299 1697 3752 18843 1206 12622 3177 14625 12984 1030 9291 1889 5280 12251 15532 12473 6024 8281 5125 1423 7131 3614 15018 3403 2893 1790 3050 6983 15725 12679 14375 12783 13217 4148 5404 16394 18772 18387 13775 8062 16628 15406 313 8511 7878 6336 16792 13003 4111 3922 12968 19128 7324 15860 917 10373 19195 12994 7971 8225 7368 10913 1007 16937 11412 2763 13330 10183 17501 7104 14597 10480 2509 11261 18991 6739 13948 15782 16093 18058 16055 5412 17185 19730 1272 14454 6455 16818 3799 14425 5042 7518 5338 2401 4454 13101 1515 17783 3284 15367 1238 14232 5847 99 1189 3189 15791 13322 19281 10201 9376 4692 3737 5457 2315 18190 11911 15484 18340 16878 5858 8025 15630 10311 1125 17144 8094 760 8862 5683 11343 14708 5781 13186 12248 8969 8977 5569 4601 15529 11296 5645 19265 16753 7959 13807 8663 19795 12146 11350 16672 18003 19374 12301 8314 16851 5796 12759 17610 14657 14793 5305 5717 16926 17964 5894 3818 3533 6847 19346 14828 12491 18611 7932 16801 8769 16595 914 7944 9618 18917 3670 1918 3582 520 7713 16340 14481 18722 7484 19785 4409 14627 6655 18444 2285 13501 14142 13465 2343 9104 1396 15495 17872 14342 8442 18785 2286 18059 17701 2307 16329 17634 19178 393 10325 13658 19114 17809 9795 3551 2217 4421 2304 8871 19216 940 18723 13357 14404 1065 2460 12152 12912 331 6493 1353 19116 5130 15763 7436 12091 10802 6613 12484 17478 16623 7949 15286 6417 11500 17503 7189 10155 2725 6404 11094 1448 19761 1850 18864 18572 14001 8127 18903 16845 5831 18018 1975 1594 7537 5762 10036 14690 12375 18871 12168 5349 6820 3805 11765 14671 17659 15305 4825 384 1708 12270 18183 17820 14119 13398 16392 4471 1525 11646 1316 7355 6015 19642 5300 13551 5403 15336 4593 14129 14206 16760 19477 17377 564 7593 12047 18223 2897 16871 14958 957 9141 9492 15128 19611 2889 11519 434 765 19516 1749 4472 5530 17742 9771 19081 3144 1458 25 13625 16784 9392 13699 694 1439 8273 19942 14661 3230 898 153 12721 16026 16116 11962 3896 16549 12726 3412 18297 17197 5293 12390 3320 725 11885 1129 749 5509 13144 17532 18610 18888 7583 15655 16678 15855 11948 11338 15437 12846 7843 8157 5223 3958 118 5470 506 9196 5233 15154 2744 10526 7543 6063 7602 19427 3544 8351 4936 13039 5882 19897 11926 9816 11903 8603 5671 3850 16293 1107 13047 4135 5615 14621 4444 2085 91 11280 1675 16454 14023 8552 348 16438 16154 19774 16333 4504 1061 9371 6737 17309 1297 12905 9211 6251 18575 9413 18895 16033 2459 19381 17999 17080 3824 83 13522 5124 7714 11548 1577 18089 100 1924 10878 12605 18050 7210 13460 15462 16580 16548 12771 17876 9452 18333 479 8026 7745 19373 410 10204 18754 18409 3635 2577 14843 17156 4053 2557 8703 5629 645 5154 3905 11522 17758 18306 18731 11217 13767 11662 4117 5890 13568 1222 6368 5318 5740 18355 11873 845 16763 15507 11606 9014 3826 10514 14069 5806 7510 15574 6062 19031 13332 4367 14113 900 14486 2126 5016 17374 8015 18584 14947 14382 16529 265 16474 11235 8489 13670 4350 3996 13443 12307 9361 17268 2820 19781 19426 10329 15355 5487 5711 8686 9854 16175 5937 4339 18300 7305 18064 6315 2240 13011 17048 15120 9627 9873 6354 18115 3543 10703 18462 16985 19361 7823 10605 2180 7603 10030 8860 2957 11868 10922 7994 18073 7096 10283 2411 1748 13939 16827 4414 16178 9837 1461 11297 15815 11334 14002 13929 14876 1057 8743 8212 417 16565 18816 18949 519 5197 4160 19828 17065 15082 4173 15137 18529 10807 13900 276 4745 10726 4689 922 16914 2502 8570 9080 10187 2572 3008 1414 19980 11750 9625 396 4666 4793 15696 1537 9989 19856 17716 3405 14937 18240 18542 9047 8793 10093 13791 19518 11133 11065 13634 19634 1862 172 18557 1221 1585 18536 9323 7562 15284 13988 12354 10979 11876 18694 7186 9591 2099 2122 7831 640 11939 13229 9432 2031 3371 5301 9515 14435 3149 10421 16296 17516 1257 3865 6838 8818 15500 17178 17523 2830 9053 16216 10016 14996 18314 427 8758 1088 18809 6388 8324 6563 822 7824 16983 

