Turma 1
18158 14240 14148 2880 18960 8946 3912 9754 3128 15002 3966 14580 1577 15983 3979 4209 7678 4283 18024 5107 7562 14854 8149 16484 4534 18809 10351 6200 1179 19597 818 19337 13837 11317 18568 12796 262 2479 18902 19742 13832 2867 14321 15408 15201 14651 15968 2878 15285 13991 4336 2846 5196 12485 15681 9730 7645 6031 12281 8823 1980 13098 8159 15816 766 6726 4963 1028 5556 3864 17121 19387 3082 11441 11147 18283 2444 7114 17512 17728 1105 1848 16926 2652 10684 8958 12381 18328 11341 4662 3502 13320 14111 11661 5487 14877 14738 10449 12256 294 10665 9376 16032 13746 17168 7178 8380 19611 14292 2244 13691 11748 4091 6968 14399 

Turma 2
14259 18498 13960 13497 8382 13263 16442 6441 12482 18351 5725 13848 18410 10745 17410 10766 15608 9380 13860 10546 7337 242 4252 13370 10974 15361 4192 13056 1805 7358 4967 12416 5855 18926 2264 10588 8541 18705 17029 17374 17055 2753 11221 11816 9849 8630 2582 5456 14362 16441 12353 1698 13034 12956 15067 359 8316 19259 13414 10121 6616 

Turma 3
5535 13535 13875 10585 15103 15585 9620 13640 5267 2718 14845 11284 4020 12012 1808 13002 12937 14184 6474 8702 7875 6659 10543 1503 17934 14434 12795 1820 17816 2697 3706 7702 12924 14290 19157 8508 3909 4612 18499 5527 7329 9696 16810 7701 1707 18618 17054 14643 9153 3527 19697 17027 

Turma 4
15311 13913 1322 9284 6134 6503 19300 10864 3099 3385 16303 4013 8351 14510 7725 17698 13679 2512 14555 4736 5266 12483 3730 1865 15934 12525 9233 13783 16088 216 11692 11398 10480 13013 681 16613 15868 16332 3829 18966 19717 131 19331 4419 10992 3407 2116 4670 5919 16670 9406 11184 5504 9487 9400 17789 2011 14984 11571 18098 11551 3263 5847 2031 16275 6528 14995 8494 2859 15175 7460 18927 15305 3142 3345 2648 6548 1812 7318 8818 14833 13075 16354 16689 2561 2105 14477 923 13441 6048 15372 4991 9310 1218 3373 1936 7745 14720 10430 6956 6246 14241 2234 1551 13734 5579 4198 

Turma 5
6288 12005 19446 13760 8868 7896 8573 9260 7542 81 192 5253 3549 4047 7330 6686 3100 19000 7088 193 10750 11140 8809 15924 6043 11364 17808 5149 7361 4087 14356 13648 12443 13802 3759 1310 18049 8684 6921 1943 8764 7112 7195 8664 11158 10877 11702 10609 9876 18789 10802 16978 9929 15962 12901 15971 7325 7060 17471 11037 11146 11826 1036 3588 1979 4795 1250 28 9830 8170 1970 18593 15282 5516 3608 2791 16392 15309 13400 6268 14098 553 378 16514 12497 12700 190 15908 10170 7579 3405 18347 8614 6992 16678 9760 4593 16705 19589 12763 15026 14533 4396 541 14493 

Turma 6
9515 5433 9634 15998 18992 1993 4094 5894 270 18130 17515 4280 10302 18934 16453 19540 1054 16151 18462 15766 16255 11505 1009 19004 2899 1844 12092 13536 19862 8781 1066 5728 10565 7051 18077 9556 9043 18523 11801 9313 16652 9315 9944 6953 8249 6396 2844 5654 2546 17658 17771 15152 9162 18779 10508 12060 16974 2599 1947 13187 7731 19364 15267 18295 6414 13343 4202 15457 8217 16003 1121 4868 1669 11064 8173 6269 13812 7368 8275 12709 5025 6045 7861 14186 1176 18368 2597 18149 17318 895 7688 5048 258 2954 3342 6672 16296 3895 18480 865 19897 19600 5732 17918 7015 10256 4186 826 17624 12460 14857 17747 13186 16114 12134 10532 9783 9381 18219 14830 9638 1172 14523 12661 13820 18417 7492 14684 

