Turma 1
3871 11599 18251 5016 14392 3414 17853 19735 10990 11924 1757 9056 14308 16612 12744 16594 13218 5275 16268 12275 10098 9819 3467 12519 1614 3853 18722 5013 2157 9133 7714 8413 6828 11478 13005 3487 7264 17797 55 18196 19382 3416 15924 8556 167 7775 14387 8103 16253 16458 1780 1023 18966 10469 18100 10516 19029 16965 19887 9520 14030 10447 18404 2960 15847 16778 18325 5574 15246 12436 5958 12494 7482 13195 1609 11888 12789 13548 5777 11848 7722 6710 12732 15382 4408 323 19184 3771 8908 10611 19720 3550 13680 15451 9589 5268 10866 6235 10583 

Turma 2
9392 5067 4770 7476 7756 10695 12075 10580 8857 18211 1536 15159 11926 12140 15230 7943 16417 16032 3729 17474 17641 13994 2006 13561 16815 11816 17628 7070 14280 8637 15990 2607 5816 13759 893 3790 6013 15360 14060 18739 7757 3601 13021 2932 11109 5388 14764 6496 16004 5886 446 13633 14965 8448 15387 8066 775 6853 8715 12099 9858 10128 13987 10644 10965 18383 16703 10631 15730 18764 10401 6619 17820 3667 6284 6229 4477 11230 8516 

Turma 3
30 13264 8503 16799 13418 2964 3333 16975 8437 12425 15746 11417 15477 3942 19474 13419 17437 1136 6169 9348 17622 12583 4168 17578 19735 4973 15756 3113 15302 15318 4939 6929 5418 13881 4908 3357 10880 11633 15430 2195 12002 9263 9864 15543 2789 286 6177 17854 17138 14041 12994 5214 5883 14275 3810 11151 13562 11810 1167 4626 16866 9998 12357 19747 420 72 12012 14935 1868 13639 19446 13669 3798 1102 14272 12750 9135 15648 1931 12858 8422 12436 4184 2895 7506 18812 158 6170 12849 16712 6821 16481 7755 8795 7079 12474 17102 6134 19712 4101 9720 9662 6600 3557 6496 9392 13351 6381 9277 6698 18941 1554 15294 14462 5033 6258 2486 12146 12740 3643 7695 380 10131 15065 2700 8788 12278 11123 5007 11209 19699 15494 10152 8737 5822 6444 9628 9948 10776 11373 10148 2314 3364 3229 5940 19780 18238 19812 15533 96 2340 8127 15667 14120 13616 607 13540 9215 17981 18456 13710 11508 7308 9916 19848 3668 14353 9682 7133 4653 6720 16307 435 9243 13761 10995 949 982 11392 1573 18905 6964 3943 8960 742 13386 6812 18926 1069 16588 16234 17878 18794 19261 14675 3672 6624 15257 19752 4320 1910 11781 15176 2157 7613 1768 11735 14723 2482 2869 6153 4700 19656 5286 10712 5767 12967 10710 2727 10335 11258 7062 11493 2347 9103 7416 12555 1903 17269 13520 13322 4632 4831 16387 13034 19749 3769 17813 4135 8649 9426 4885 5782 966 1452 4236 19302 

Turma 4
3726 15528 10311 5258 1378 18998 12198 16845 3390 14633 11206 3468 9650 16660 9657 18777 5821 12032 19235 1223 5542 16542 15124 10268 6588 5873 17656 13176 2834 16557 8783 9993 4657 8531 5436 7589 754 5628 12167 15409 17402 9849 16073 13786 10 15670 11603 6703 12793 10602 1841 12302 16682 11222 5349 16631 

Turma 5
986 10808 14748 11858 5130 8460 1730 15027 12520 6672 10486 7614 18816 16662 7483 10435 19914 9296 585 15622 16048 13734 11723 14726 5076 14186 6329 10112 17266 13290 14485 5633 17861 12706 17864 1364 13593 7891 8000 15592 2563 12621 12691 5202 19173 17511 16438 8238 12485 18098 8710 11823 11208 3148 16441 2595 14683 2369 16743 527 15155 19781 17967 4979 12744 15677 

Turma 6
16478 18991 17988 11737 12156 19707 6238 11196 10102 9023 11833 7104 8260 41 5867 10625 5214 12854 2278 117 6708 14267 9851 9116 2410 7059 16221 14052 19275 17000 10035 10188 2940 15645 13607 12477 15667 2218 12659 11506 12740 8131 19925 3804 12223 18388 3935 9930 6967 13430 12026 15702 15781 2630 12590 2427 5507 17820 13649 2178 15626 12032 10659 240 12751 1633 5913 2481 16279 15967 19964 16310 13163 14670 6943 16785 865 14366 9700 2665 18352 19486 17358 16504 7867 8569 15136 6474 13485 9853 8080 19004 4161 14091 18440 6979 5225 17633 7251 13457 13964 8510 17148 16595 6687 12569 1455 17623 12479 14554 9180 6777 4069 5897 18614 10724 18066 269 382 19435 7909 11016 2316 16341 14355 13547 8544 2799 3098 18197 11153 8463 2702 6303 244 6514 14384 344 17803 11938 16465 17656 14445 16874 8527 19843 9181 431 9330 5860 8116 15624 14319 10817 14839 4618 14277 18874 13848 12243 10590 18056 18571 16256 18484 2826 7889 13972 7599 18067 17592 7938 15008 15884 9275 11371 10255 14345 18969 3537 18904 2207 11973 8378 19604 2492 

Turma 7
4041 11409 4284 7141 3631 16423 6636 14580 8038 6865 9589 14463 13731 4107 19399 10063 18816 10419 12427 5946 680 16649 4289 1907 15965 8644 11899 12461 14816 1920 13379 7100 7471 2050 279 19985 2473 16945 18591 11393 8354 16755 6677 7214 9580 13027 14230 11249 13993 6991 5220 17479 287 9295 15227 7115 18147 10227 8473 16405 14486 9766 19718 9112 7294 5951 12850 1405 17876 9929 12282 8605 15591 10295 8928 17309 7408 18264 9987 8328 14937 8959 8930 6968 5491 11656 5209 272 11943 17775 15155 13345 3646 17664 15944 10751 8680 19401 983 10451 14966 10635 7773 19423 2724 19245 18703 1822 12298 18118 15385 7034 1159 11927 16251 9921 268 5338 19644 14751 3552 9088 9407 9392 856 3407 1462 6757 6055 2807 14395 8411 12496 2344 2968 13133 

Turma 8
18521 850 16521 14220 10373 17122 5973 15052 7336 7285 16589 13817 15438 9327 15978 10197 12081 202 13439 1174 8387 18391 6946 9049 14645 2570 12152 9206 857 16586 414 15647 5730 14369 16410 9093 9475 7721 9951 3887 18170 2528 2341 16722 6503 15708 19880 9158 11540 9447 9992 18376 16422 6506 19976 12208 1412 6361 186 14299 6030 11945 2619 9170 3869 8392 16201 11652 5108 7399 3907 2776 8794 12820 3698 18950 10686 6775 9080 19907 1413 13240 12677 18734 12146 11986 17909 13404 6515 19817 11864 13288 19786 10788 5707 812 13419 5103 12252 518 6087 2449 14839 19867 16112 19159 12169 6915 12013 10552 17120 1417 8371 2504 11820 2748 17611 15577 18505 137 2057 1005 9516 14929 7047 5575 

Turma 9
12741 6759 14941 3144 1260 16353 1034 9580 16505 177 6922 8961 7448 6735 2152 1980 16726 11689 11270 6171 14122 1424 13921 2606 17909 8082 9850 14512 7172 16661 250 18292 6728 14493 825 456 1444 2264 17811 17069 14099 10337 599 19290 16202 4377 4226 5870 14600 11660 716 16084 14445 10917 12108 9299 17428 6715 59 19957 15803 14716 14612 6130 13426 2926 8653 9882 3837 10713 18244 19545 8395 11898 4853 19833 18474 401 3793 13291 541 2533 5679 11786 3833 12653 10727 2135 8168 19067 8291 14743 17753 7782 13860 13487 2432 12981 13277 8006 9678 11889 4870 18328 3035 2894 9554 15465 11862 1685 7534 8321 18172 7563 3946 5334 4091 14022 10194 19550 10817 878 6228 13484 16118 17713 10386 16431 13215 15287 6890 9591 11364 7439 12288 738 7296 3189 10314 17038 9497 7129 18069 19688 8504 

Turma 10
17516 15196 19852 14626 15671 14974 7062 13538 4116 5940 143 8834 4723 14055 29 18962 375 11625 11750 2711 4321 1722 6362 12737 19079 3196 12235 12437 13372 17240 12525 18221 13784 8769 5692 6442 18564 19125 19402 10777 19307 12224 11609 13239 16631 16907 19030 6378 16038 7218 4955 17555 168 2864 14173 13886 14888 1527 2634 14119 3485 3883 15554 18605 15713 19659 6701 2089 9457 8864 11719 8484 8576 8712 5901 4917 7467 9652 19340 1142 2999 14594 3232 17546 14853 10682 19593 1294 5629 11319 14640 9452 13021 6980 14745 11245 11844 11539 9301 12316 17440 2058 9555 815 17300 19908 12051 12734 6875 8569 4833 14327 11069 19161 8961 15129 18355 7820 6068 4308 6394 1304 7704 9112 14276 19319 10907 15263 4174 296 9741 10359 6177 15164 17317 15250 2410 7191 5090 15669 13625 16359 10210 11356 18793 16234 9293 773 4848 10623 4167 306 16184 18902 17189 10771 3469 10189 9519 7596 17561 12064 15640 4968 743 4428 19601 7767 14564 9134 

