10
64 49 11 81 63 91 29 92 49 16
96 13 65 52 86 33 76 62 23 21
31 21 93 2 6 67 35 47 36 62
86 87 16 3 24 20 67 76 17 88
56 85 97 22 53 70 14 24 10 69
84 50 11 12 55 81 62 94 86 83
83 89 18 59 99 97 10 5 25 23
1 47 69 91 28 64 84 82 79 11
91 39 11 40 88 75 33 9 54 11
34 53 30 3 59 77 33 73 59 84
16 48 3 31 12 5 12 52 19 58
82 2 32 47 95 49 42 19 90 80
69 79 19 32 3 94 34 32 29 56
22 20 23 47 6 31 95 33 16 13
53 14 55 48 9 78 0 87 36 70
41 73 46 89 21 6 81 3 10 82
14 26 70 85 59 99 60 58 59 50
25 60 26 5 89 42 28 64 57 22
16 24 86 56 24 33 2 21 49 73
97 83 17 3 46 5 53 87 53 55
