99
15 78 40 97 49 79 19 26 91 100 67 43 43 46 4 65 25 30 51 16 9 79 65 32 23 35 48 67 44 53 25 57 100 3 58 0 4 47 29 98 33 6 82 63 0 52 42 91 83 81 61 99 0 86 63 69 80 86 31 16 70 28 38 29 52 39 63 35 5 16 46 99 22 70 96 87 100 32 90 69 98 44 33 14 31 52 85 11 72 66 85 13 11 89 84 70 94 39 41
70 94 1 40 69 32 64 45 62 91 23 96 63 59 41 64 91 80 88 91 91 31 88 46 95 26 91 2 24 11 68 97 93 11 48 34 53 80 7 20 88 37 42 21 53 27 80 37 82 9 79 38 72 54 16 78 4 17 26 96 20 1 99 47 80 82 73 38 68 61 9 40 95 50 25 4 17 29 93 42 79 67 88 50 12 1 61 24 17 67 25 28 68 85 10 73 21 95 95
80 91 53 27 64 84 75 88 97 93 32 84 39 75 34 95 51 64 10 7 49 72 69 70 16 59 68 35 7 12 65 43 28 39 8 85 21 54 13 20 10 80 61 9 57 84 14 43 74 37 76 65 3 58 38 24 51 77 29 38 8 23 13 50 94 76 11 40 83 43 29 84 80 10 59 29 95 79 8 38 24 51 3 34 45 81 42 100 1 29 39 100 23 99 16 31 20 83 55
6 79 76 97 76 2 86 16 77 41 64 15 39 17 54 58 100 32 58 92 81 21 31 74 45 79 93 56 82 78 50 32 69 63 72 94 83 82 46 20 87 92 54 98 84 66 25 18 31 91 3 65 98 86 52 95 19 51 54 27 16 63 11 99 9 40 31 42 26 46 12 99 18 59 92 50 12 100 19 18 10 63 51 86 19 99 66 98 73 67 19 87 92 77 75 28 39 28 28
52 70 7 13 67 100 42 46 67 6 88 5 59 77 23 55 30 86 49 10 67 57 37 79 1 72 47 68 14 32 26 53 97 59 31 11 84 35 2 62 84 84 97 57 32 76 35 7 24 12 7 45 28 31 28 79 13 40 25 88 52 23 18 69 46 53 38 53 98 63 83 15 17 11 55 83 75 82 7 53 25 31 18 10 28 97 100 86 74 2 96 74 39 37 3 95 52 11 70
63 81 9 15 0 43 100 41 39 37 28 35 47 40 97 37 94 10 58 21 25 44 15 27 15 3 83 7 77 42 10 92 68 31 80 97 53 58 47 72 78 63 30 74 36 52 6 89 14 73 23 78 46 25 33 72 42 69 3 59 89 99 90 19 80 94 62 73 99 95 37 0 89 84 38 64 28 64 13 11 35 84 93 19 82 53 18 40 66 31 38 2 91 37 92 42 75 41 52
9 13 87 79 2 75 28 49 59 55 59 29 0 53 83 35 78 94 23 48 9 92 23 71 37 4 30 55 100 76 5 49 68 82 61 77 34 34 87 33 42 57 92 37 52 88 58 70 42 54 10 73 79 75 2 9 95 53 82 48 61 80 66 72 38 8 89 71 59 12 44 81 67 57 69 98 58 46 58 16 63 91 12 38 16 35 15 20 50 73 23 36 35 5 73 49 42 21 36
89 54 96 63 11 29 43 30 60 89 15 9 46 9 64 52 60 66 28 97 36 32 76 18 44 53 5 35 8 37 32 11 59 74 31 87 64 69 73 94 76 60 91 45 28 3 27 64 10 24 3 34 75 39 51 74 28 30 90 22 32 37 25 18 73 89 16 37 30 99 83 61 86 53 12 46 58 42 33 42 26 16 43 88 36 74 62 54 87 10 55 38 94 43 71 34 15 35 36
26 90 5 8 41 55 30 94 87 53 27 46 79 25 43 57 26 50 33 75 4 15 15 75 42 1 63 66 48 27 87 40 25 79 42 42 27 16 37 26 60 16 44 18 98 8 36 43 45 74 27 64 92 52 100 42 69 36 6 39 48 50 45 75 94 35 94 31 63 7 33 80 100 24 73 77 94 74 81 80 81 80 92 80 69 5 76 34 63 46 24 98 74 4 52 97 4 39 79
88 66 39 55 88 64 38 43 89 97 76 95 45 51 25 87 64 51 47 48 22 26 65 85 50 58 31 5 20 3 21 64 77 24 87 51 11 40 6 69 66 20 77 74 33 77 58 38 86 23 9 82 4 35 99 7 63 46 69 60 99 36 55 62 97 32 80 62 18 65 37 43 6 1 85 35 55 19 37 54 72 30 13 98 64 82 4 84 27 54 94 40 43 34 81 43 52 97 72
73 80 62 80 69 26 77 77 75 49 96 79 44 19 72 15 25 32 32 52 2 16 40 83 89 12 30 83 79 85 29 64 27 50 71 61 19 10 56 23 79 55 36 79 50 33 61 14 17 77 32 36 52 96 22 67 86 74 10 41 49 22 31 55 5 12 6 13 22 38 82 57 16 55 43 69 100 25 4 42 100 29 41 21 35 3 26 89 3 78 71 40 94 39 56 99 57 6 17
42 1 48 16 48 8 10 12 97 21 42 84 57 12 23 36 47 50 78 75 3 33 46 82 68 34 37 19 62 85 52 63 3 51 30 80 24 79 90 42 76 99 46 17 0 20 1 2 17 16 67 57 79 35 16 71 88 94 52 1 17 16 43 85 32 60 23 55 75 22 18 68 58 56 78 86 62 27 13 71 19 1 42 23 96 42 25 63 79 53 27 94 2 37 33 49 42 62 48
57 18 40 56 90 42 53 76 7 59 80 16 58 12 59 83 6 57 74 39 26 60 61 80 3 72 47 46 13 0 38 97 78 56 13 10 49 36 55 89 13 73 97 31 41 87 82 68 56 38 81 66 95 69 57 81 1 53 16 41 14 14 22 29 9 24 95 18 67 0 28 33 90 25 67 69 56 18 8 14 26 8 84 100 72 45 9 32 96 19 5 48 26 93 88 24 18 66 85
97 95 35 0 47 14 19 63 65 96 88 92 98 94 60 77 18 54 81 69 37 35 20 8 27 85 90 17 49 84 19 54 93 58 30 78 67 31 27 33 43 20 4 28 66 57 97 79 97 67 95 50 52 54 8 10 93 98 75 48 5 20 47 36 64 52 83 5 73 58 45 69 34 94 93 5 73 58 41 40 91 70 89 10 56 9 60 50 35 55 27 45 28 79 29 33 36 15 26
41 96 18 63 68 62 86 38 53 3 79 29 35 98 96 67 97 84 52 50 59 27 63 2 45 4 64 42 49 63 62 98 6 15 97 66 46 31 7 5 26 38 25 15 38 70 55 63 23 23 24 97 82 62 17 85 73 25 38 40 91 61 94 49 65 93 69 39 4 1 94 51 12 62 88 7 56 56 9 63 54 3 78 79 39 49 94 48 34 68 43 47 49 30 66 50 6 59 25
70 24 88 27 86 19 47 89 11 83 72 39 82 73 55 91 20 55 91 50 14 65 37 48 45 77 32 19 5 95 16 70 45 54 28 72 15 78 25 93 31 33 52 18 8 63 51 65 61 43 84 55 84 37 19 6 4 61 17 93 13 21 26 23 61 76 13 100 78 46 82 82 91 46 81 63 23 96 3 5 90 36 7 98 25 86 47 93 46 35 98 83 40 40 64 54 62 67 35
4 74 17 85 68 96 29 88 71 78 61 30 26 46 8 14 92 64 1 40 70 54 0 7 34 89 51 53 58 36 49 74 43 91 32 65 26 59 68 94 77 2 84 95 21 52 91 50 21 83 44 47 1 51 53 10 81 99 27 14 24 58 50 78 88 33 24 0 44 60 85 26 76 96 8 31 27 17 73 26 20 56 33 13 49 42 37 32 3 79 45 37 98 24 79 3 22 11 40
56 93 98 43 67 60 24 2 25 72 87 78 86 49 37 33 34 82 7 37 28 33 74 66 15 21 95 68 14 94 22 31 90 99 73 33 28 97 86 5 1 12 92 29 71 0 12 40 76 31 0 5 44 12 13 84 92 10 27 98 73 44 2 63 79 79 87 8 32 79 40 3 65 14 88 99 76 59 42 99 0 14 92 13 1 21 53 23 14 90 57 24 89 19 100 7 90 71 85
16 42 37 67 33 74 52 91 7 48 99 46 18 26 55 50 70 0 31 38 66 56 73 55 48 81 49 47 1 25 85 22 1 48 84 7 90 63 25 26 45 28 34 3 4 4 62 85 1 95 67 37 19 81 58 30 44 23 95 11 52 69 71 62 68 14 98 34 46 32 7 49 99 60 70 53 91 83 9 32 46 4 33 84 25 85 23 3 46 29 16 23 18 97 70 15 36 48 30
39 94 72 6 53 100 69 99 74 92 6 94 8 55 97 15 77 36 92 84 13 19 80 10 12 53 0 10 39 52 20 73 36 9 89 32 45 76 28 55 71 70 23 24 70 98 52 66 92 55 43 43 20 83 56 56 81 81 16 28 97 69 17 16 95 75 40 50 66 27 19 93 35 48 43 78 87 14 94 10 33 7 14 3 5 72 49 6 84 71 47 7 11 32 10 93 69 94 38
6 35 65 23 70 6 9 47 32 87 92 73 91 89 70 27 70 17 36 63 58 95 83 63 24 61 31 48 18 24 95 87 25 83 12 86 59 52 62 73 16 81 93 72 66 97 17 29 19 89 88 68 49 79 75 18 74 84 84 10 19 17 94 23 38 60 33 96 51 36 91 6 10 84 21 14 13 4 37 52 85 43 18 2 42 54 57 89 72 88 66 92 17 66 46 38 6 68 88
7 43 57 48 54 76 78 95 54 8 34 0 43 28 57 94 92 81 32 84 5 47 90 8 26 81 10 44 2 10 11 38 32 87 66 82 77 88 52 62 71 61 19 51 70 66 5 98 31 76 48 48 54 5 53 7 4 64 76 17 86 72 80 50 90 32 43 68 30 27 29 52 88 58 78 64 60 33 81 89 26 58 28 90 41 86 64 75 0 51 19 37 7 91 51 2 34 26 100
64 4 93 13 84 56 97 21 39 31 58 80 90 37 11 3 46 45 52 84 8 73 17 38 54 22 29 24 62 57 36 69 37 18 55 42 68 60 96 18 41 58 54 64 4 62 79 66 89 18 57 40 5 90 68 76 86 85 17 91 41 20 33 20 33 93 29 67 77 90 53 41 23 85 82 90 53 2 25 19 24 51 83 46 5 56 86 54 68 72 57 95 22 52 31 71 84 84 1
94 4 35 44 57 24 84 85 41 2 93 51 25 51 83 8 10 51 48 85 34 11 16 63 62 44 21 81 59 50 64 36 70 50 21 6 82 62 96 59 39 61 69 3 4 41 63 88 39 15 22 0 25 3 62 84 31 42 87 78 63 66 53 11 75 5 51 30 100 82 56 86 36 17 86 9 43 22 42 12 76 94 35 61 40 98 29 61 16 55 33 65 65 55 59 16 33 51 61
3 52 42 75 97 93 50 11 33 46 26 59 2 18 26 57 70 34 24 66 35 28 36 67 87 41 15 59 0 86 59 82 76 77 95 47 14 88 30 28 56 43 79 32 48 94 75 72 73 23 94 29 39 15 57 31 67 39 43 53 68 20 74 79 8 65 100 6 38 79 49 20 38 34 81 25 1 37 68 88 44 99 59 38 22 37 92 15 85 70 79 30 71 13 66 85 26 46 48
67 71 81 92 98 18 49 55 4 96 20 9 36 63 91 32 63 7 33 6 80 20 16 28 0 51 0 85 8 22 23 78 76 98 78 76 44 61 6 93 82 61 8 67 16 96 100 22 48 70 74 81 38 21 99 5 84 44 71 2 29 2 10 86 100 42 97 50 74 26 6 78 26 69 14 66 79 50 39 36 32 37 41 77 80 18 42 29 2 44 77 7 1 56 61 78 6 75 67
80 92 47 45 93 61 27 91 57 78 6 53 9 49 9 1 99 45 92 44 14 95 71 74 86 0 96 58 10 34 22 54 76 69 12 90 26 77 30 92 45 40 16 97 97 39 92 20 83 68 62 5 40 27 44 55 9 0 55 41 16 58 62 70 35 16 77 15 35 29 90 74 39 58 86 98 42 73 100 29 50 84 43 22 59 71 94 92 46 1 64 15 76 90 95 37 30 91 95
38 95 55 92 44 77 13 51 93 44 19 88 98 65 68 71 30 77 2 92 49 16 2 20 45 10 98 49 67 47 20 81 8 68 35 59 19 90 39 35 64 73 40 16 45 21 11 73 0 92 51 38 77 72 52 8 79 11 83 88 97 18 64 12 65 66 86 32 2 53 18 89 98 12 79 96 89 82 83 19 76 55 50 8 32 82 99 25 70 44 47 65 65 61 65 18 76 82 29
67 53 19 95 91 42 61 34 88 48 82 51 18 68 93 9 16 30 64 97 9 43 40 54 69 91 6 30 90 57 74 91 65 23 77 33 76 0 52 62 7 52 22 28 20 16 16 83 75 57 8 3 91 69 75 78 60 12 7 74 97 30 53 90 32 30 72 98 12 98 31 31 68 70 77 90 31 72 58 59 86 69 21 91 82 13 50 56 68 46 49 25 94 55 41 76 83 58 19
28 75 18 73 92 60 37 35 74 4 18 96 26 26 61 49 36 97 47 95 8 73 15 18 32 11 47 82 51 0 7 78 6 54 56 80 9 45 27 32 35 100 20 13 50 87 54 69 31 83 47 41 17 89 95 53 20 42 95 17 60 66 72 38 16 35 80 15 54 62 90 93 75 49 56 81 23 60 52 43 34 6 16 16 92 77 80 7 99 88 51 72 14 91 74 69 26 7 74
89 34 100 2 88 33 18 35 88 27 25 49 57 9 9 52 85 82 96 22 21 12 70 76 75 24 23 76 33 77 33 7 84 10 11 68 95 8 33 15 91 41 42 7 39 89 10 95 53 72 36 92 86 93 57 85 83 97 65 2 38 16 81 5 19 56 39 40 94 49 30 33 88 79 85 2 22 83 28 10 21 61 39 88 91 46 92 75 87 56 32 34 91 91 91 79 83 58 5
18 72 10 76 4 88 23 53 36 63 70 67 93 86 64 32 94 99 63 74 38 29 24 70 8 93 94 13 70 28 86 60 59 24 35 48 62 56 96 53 21 95 96 41 69 11 83 46 41 94 23 73 43 86 50 60 86 88 80 44 84 51 12 83 77 72 12 50 25 50 89 76 4 28 55 17 2 83 99 14 55 50 97 85 88 12 81 21 11 4 35 69 89 77 46 36 82 52 30
6 51 15 63 98 54 68 52 27 23 12 83 50 81 93 98 86 56 48 58 6 53 9 88 80 10 0 31 73 93 20 51 12 2 96 50 43 95 46 66 40 98 85 40 82 27 44 41 35 92 56 29 100 9 60 99 97 25 6 23 3 5 16 84 10 53 61 53 51 70 1 21 11 34 14 64 29 5 97 62 14 32 36 1 34 5 15 13 70 59 36 22 20 95 47 46 11 78 52
62 11 23 23 51 66 39 13 87 30 90 93 4 71 66 78 90 16 40 46 9 14 50 71 53 48 68 60 19 73 73 73 50 47 64 96 93 59 31 53 41 16 89 63 24 96 86 43 51 33 39 13 50 46 26 47 59 87 63 83 51 10 62 41 78 62 93 43 95 21 100 97 80 91 52 65 94 32 91 43 0 7 19 92 97 29 71 13 32 100 32 20 42 65 40 74 21 44 55
97 39 15 17 88 5 84 96 85 43 96 78 25 43 71 47 40 37 46 25 82 24 17 95 86 0 91 82 93 39 62 87 17 54 48 20 37 3 40 25 17 45 91 81 91 70 78 69 66 66 66 69 12 1 42 21 38 52 13 72 11 66 58 88 65 29 75 61 28 38 25 84 32 33 66 7 18 58 76 49 5 91 53 31 72 33 67 31 54 19 12 66 82 58 35 84 27 53 11
77 49 16 24 94 48 81 86 2 19 69 85 45 93 14 84 44 82 47 51 97 4 91 92 1 91 0 94 24 4 74 21 96 65 89 59 59 78 92 68 52 93 73 35 77 82 20 48 73 6 43 78 97 58 64 59 16 16 87 20 79 44 39 57 42 4 83 61 77 80 87 14 46 95 47 0 67 98 39 38 63 52 2 22 64 92 91 93 98 37 84 27 33 64 51 1 48 37 56
85 69 89 15 58 29 41 95 67 57 94 59 9 10 74 75 58 3 49 60 20 10 56 90 10 19 40 60 3 8 19 37 54 94 87 70 76 53 100 43 47 5 32 80 54 30 59 37 72 91 95 52 87 21 61 5 68 25 80 33 20 38 5 30 44 85 86 52 70 8 81 30 96 55 60 100 74 13 73 80 42 54 60 40 50 95 54 60 82 78 66 82 64 22 52 58 20 35 39
61 4 5 43 53 10 83 25 4 2 85 47 21 71 11 37 7 65 98 40 70 42 85 18 75 74 33 8 31 7 31 51 29 41 32 68 60 26 40 52 66 80 23 55 17 91 78 23 10 59 91 77 55 38 23 79 82 58 88 33 81 52 1 27 80 80 59 53 78 19 91 27 23 96 91 40 72 24 83 16 84 57 88 79 48 64 7 21 54 23 66 76 22 59 18 33 15 10 85
93 99 66 37 0 14 77 20 33 20 56 39 85 11 10 32 71 92 21 29 78 37 21 94 95 9 40 96 75 54 46 39 50 14 99 86 29 25 17 91 15 38 92 20 28 37 50 88 55 71 93 24 97 27 94 77 41 18 43 31 80 73 15 2 84 59 47 43 79 68 83 23 19 71 14 54 84 39 50 42 19 89 76 49 13 75 20 57 67 42 26 11 9 85 5 80 86 56 37
49 31 8 48 12 40 32 71 49 84 70 93 15 67 33 51 82 65 90 96 79 95 11 76 74 92 100 74 53 76 30 40 69 15 39 8 63 99 57 23 39 15 64 100 66 41 70 42 72 86 72 42 21 46 59 100 92 79 25 87 80 30 27 1 90 37 38 97 61 48 46 23 5 24 99 55 63 72 72 100 54 19 73 3 17 58 48 5 85 0 42 32 40 92 82 95 19 11 1
45 42 93 53 8 0 38 93 74 96 17 28 12 75 27 7 5 48 89 63 66 10 52 80 24 94 45 41 49 34 25 49 35 87 52 22 35 45 92 59 75 14 27 18 5 95 55 90 85 97 76 45 99 87 18 55 5 61 88 88 98 59 15 79 68 77 16 96 56 39 27 75 47 15 13 91 28 20 46 98 50 19 31 39 6 99 99 83 29 2 100 7 28 5 18 55 59 60 85
45 1 99 81 72 81 2 12 16 96 17 44 76 53 23 44 3 88 6 64 14 21 73 28 9 7 8 100 57 52 25 88 92 59 46 74 2 93 84 45 87 12 37 55 69 4 36 89 88 37 76 96 53 41 59 27 38 13 88 14 27 44 79 19 1 4 100 98 56 86 39 90 77 97 72 79 41 83 41 78 75 37 27 22 2 51 100 48 44 71 75 96 93 24 26 93 4 30 64
23 77 63 31 71 59 53 92 91 0 32 36 58 4 16 53 35 84 83 8 45 55 88 16 70 20 16 94 55 27 81 68 37 34 43 70 9 0 84 24 65 37 35 89 0 21 27 49 76 85 34 7 44 48 52 56 93 100 43 68 16 73 36 74 72 46 78 39 81 2 46 84 54 71 58 81 74 15 4 0 37 23 65 91 63 40 95 5 35 50 41 15 34 23 74 29 1 35 99
67 90 39 50 31 94 64 50 11 18 11 90 42 8 35 84 7 97 73 52 70 79 7 48 63 90 61 89 31 90 76 70 86 11 31 63 34 37 91 80 12 41 70 89 18 89 24 11 30 67 56 93 85 92 95 77 93 50 83 12 63 53 80 73 11 40 42 6 80 94 7 37 67 57 50 23 60 71 79 7 13 3 60 87 40 10 86 15 21 57 25 57 79 89 55 92 98 3 92
68 81 13 86 44 57 44 37 42 85 10 89 86 60 52 38 47 99 82 44 87 23 61 76 4 79 25 5 98 21 28 23 38 16 46 93 43 92 79 47 50 22 77 90 23 70 44 50 66 48 38 77 8 39 74 44 58 22 29 68 34 45 35 39 80 41 60 51 93 51 33 20 89 40 64 48 67 72 3 69 60 53 43 49 14 65 44 50 83 86 39 79 99 78 8 81 86 75 20
88 75 77 53 75 8 61 14 4 75 36 18 50 95 100 87 24 61 43 44 25 31 31 11 43 50 81 93 99 73 54 46 23 42 15 6 35 10 89 20 37 76 21 24 32 87 44 34 24 64 11 74 51 58 59 32 66 7 89 75 42 85 16 69 5 52 86 35 14 4 85 60 95 65 15 83 69 60 5 25 70 71 4 22 25 73 75 88 49 66 88 74 85 7 51 78 61 6 16
36 62 37 71 83 33 19 29 65 37 65 94 5 11 90 20 36 42 23 71 98 32 54 98 74 50 86 36 34 33 35 81 63 55 87 24 56 17 56 81 3 7 24 7 77 26 30 86 80 86 56 82 63 74 70 11 70 8 24 78 11 44 80 84 75 16 93 96 20 15 63 25 40 14 69 45 35 54 13 95 94 18 43 15 55 13 44 80 41 44 98 42 97 35 71 9 54 38 52
56 74 38 87 1 60 81 47 13 11 52 23 3 91 9 9 44 70 47 75 37 43 6 40 69 37 67 84 58 23 46 84 36 35 97 80 42 98 42 88 55 18 33 58 44 95 52 75 88 76 38 73 42 18 76 97 58 45 42 42 59 62 88 19 12 81 67 35 31 24 97 35 54 77 32 20 34 69 83 1 80 7 17 0 30 3 99 90 85 21 30 42 98 96 22 66 40 4 65
94 32 31 26 63 41 9 40 66 63 3 51 28 26 32 80 35 24 43 85 86 50 59 81 29 78 84 24 58 48 5 4 90 37 36 51 11 11 26 49 40 100 11 75 97 96 74 88 49 30 16 21 0 9 17 14 18 11 100 20 80 9 30 70 100 43 48 81 55 11 45 82 92 78 91 43 35 36 43 97 54 47 92 34 27 24 44 53 26 61 67 78 8 55 45 52 50 16 40
63 61 15 82 82 74 86 52 42 46 91 43 76 69 72 18 54 64 93 96 1 4 46 5 43 92 95 40 63 80 59 10 6 11 51 24 30 72 22 25 77 45 40 13 61 3 73 49 43 55 58 23 63 19 70 71 99 15 17 23 46 18 7 21 78 77 7 21 13 11 14 28 24 82 31 5 62 63 49 32 49 77 61 63 83 87 29 76 6 77 70 7 66 32 57 21 48 34 98
67 80 51 72 98 75 56 60 28 96 31 24 60 63 47 88 61 0 34 24 55 39 78 92 40 15 34 85 55 98 47 13 73 51 16 2 34 57 22 4 24 12 25 67 77 82 94 40 63 17 51 42 12 32 77 62 55 12 90 54 92 80 90 63 88 9 81 30 32 40 17 60 27 3 74 91 2 34 55 43 79 19 55 94 26 51 45 77 2 62 16 8 17 35 77 59 90 23 85
49 85 75 17 89 9 5 54 0 3 38 24 18 32 0 45 26 71 23 84 55 77 13 20 94 38 16 15 67 30 64 89 4 93 25 2 2 87 78 43 86 56 80 32 5 20 67 71 43 87 31 79 15 87 18 41 32 22 78 5 87 8 27 40 48 55 88 79 17 25 2 75 53 83 33 15 33 98 73 32 9 64 34 83 77 2 66 40 3 50 43 69 66 93 76 11 68 91 58
61 32 4 76 94 66 57 4 60 60 48 5 80 10 48 80 86 14 31 27 37 26 84 59 42 66 54 28 45 7 8 82 94 58 100 93 65 78 20 60 10 24 64 39 38 88 14 35 69 41 13 33 77 59 12 11 64 56 68 55 35 49 89 86 32 90 13 68 37 73 31 89 35 36 30 93 41 67 67 85 58 18 73 85 83 38 61 31 96 57 65 79 84 99 92 32 98 22 6
86 90 99 97 63 31 51 32 65 51 8 83 76 7 18 11 52 2 45 94 37 85 58 20 87 26 21 29 89 57 73 10 30 45 18 26 16 71 78 66 64 44 2 30 62 47 19 2 14 72 48 65 48 63 65 72 0 54 84 44 95 47 89 79 61 21 27 79 28 92 93 71 3 54 22 95 0 14 83 79 42 90 29 50 18 82 96 72 59 87 36 10 43 93 98 20 84 64 73
97 11 51 60 50 67 79 63 62 34 32 81 67 10 100 75 59 19 49 29 10 27 65 66 72 93 13 20 20 60 19 22 66 94 50 57 62 66 75 18 64 93 36 43 99 45 94 75 2 75 58 19 96 2 81 22 89 74 91 50 100 53 34 58 33 82 9 98 97 28 43 10 65 92 76 30 97 80 84 30 89 29 31 40 0 95 53 16 58 71 87 69 9 8 34 87 80 68 36
41 49 55 15 28 27 71 43 44 54 45 87 6 14 11 53 38 25 7 96 29 7 88 37 83 44 70 71 12 29 93 45 76 7 68 49 86 72 23 5 52 74 8 38 83 4 48 60 21 88 19 54 80 74 6 1 34 94 44 64 37 64 29 77 52 8 43 81 52 37 55 62 44 20 49 62 41 29 31 35 36 42 15 34 60 86 13 63 14 20 60 35 5 98 19 21 84 74 75
89 62 33 9 8 34 3 54 1 73 77 100 38 27 8 71 33 26 33 32 89 89 34 38 7 59 90 5 48 26 52 85 9 56 36 26 59 2 17 61 60 40 100 27 95 45 36 64 37 32 43 7 8 90 40 88 36 24 96 78 3 55 13 7 39 61 76 19 41 71 26 54 69 34 25 50 36 5 77 90 87 91 28 65 56 24 48 100 70 13 26 25 71 43 1 63 20 64 19
7 27 15 23 74 50 54 91 59 49 19 8 60 49 67 27 58 60 48 59 36 94 84 98 17 9 6 39 36 70 27 2 50 100 87 100 43 18 48 19 72 63 26 98 73 57 56 22 31 59 39 22 34 24 52 94 73 21 10 39 84 70 41 90 95 67 9 90 33 39 9 63 22 73 44 32 21 28 69 73 77 40 87 18 68 45 31 51 86 66 33 37 94 3 15 27 71 76 3
83 62 78 13 26 15 81 22 82 99 28 43 57 22 90 69 87 99 53 52 60 94 77 57 16 81 15 15 14 89 49 80 88 96 21 16 40 35 45 68 25 96 56 93 31 49 54 88 20 11 10 1 8 89 67 16 80 67 97 40 100 73 77 62 65 66 70 60 33 21 64 33 87 75 38 65 41 11 9 40 43 5 25 94 1 58 58 22 33 54 100 81 71 11 43 56 94 47 29
41 27 83 29 35 84 20 18 65 36 95 4 93 84 20 84 28 91 41 12 33 76 69 67 38 80 75 17 7 59 83 69 46 24 93 1 98 60 41 77 14 16 36 45 90 8 24 19 67 69 76 27 23 61 79 100 78 90 17 58 46 65 68 6 95 7 13 69 29 21 56 14 93 61 19 45 36 47 16 63 20 60 18 59 87 55 57 8 97 50 66 90 22 79 51 44 75 42 7
65 45 16 37 15 11 45 94 27 28 33 96 26 38 9 62 24 60 96 69 88 87 35 0 100 60 90 45 46 42 68 82 26 22 56 73 81 74 47 47 65 23 6 19 56 33 100 50 94 9 62 76 100 75 17 65 65 10 38 44 61 17 76 14 52 45 31 84 26 96 86 51 46 1 56 16 97 23 34 47 77 39 18 65 85 24 37 58 40 48 71 22 53 64 81 10 81 16 18
85 43 28 70 41 13 15 3 61 53 27 35 6 96 59 31 16 64 85 78 1 44 100 78 80 79 52 81 83 61 65 97 22 77 43 74 6 75 97 96 74 11 98 49 47 60 49 75 93 92 93 74 56 7 95 55 39 8 77 95 77 50 69 49 22 13 50 27 14 40 36 75 68 60 48 78 88 69 75 25 25 13 93 67 16 53 59 56 37 35 47 28 99 49 70 47 42 17 72
57 100 61 97 85 85 4 40 91 99 93 86 23 61 78 75 16 10 3 30 50 83 92 31 55 60 44 33 59 72 4 11 93 84 46 25 12 9 15 99 31 54 34 0 41 82 0 48 17 99 38 38 9 25 88 67 32 30 78 75 35 17 2 75 40 41 61 57 20 64 28 2 15 82 69 80 97 65 96 80 92 77 18 3 48 36 50 56 56 65 88 83 97 30 18 54 8 55 73
19 65 93 100 93 31 11 5 22 4 71 19 22 22 80 95 20 16 78 3 27 4 83 41 21 29 94 65 39 90 47 59 39 5 56 35 89 28 51 22 39 95 50 61 78 43 88 23 19 94 26 74 3 6 13 49 17 8 32 20 36 74 75 45 30 54 59 40 26 90 56 24 32 35 27 65 99 48 72 99 24 75 60 93 12 70 36 73 87 89 25 48 74 34 100 22 70 19 51
7 43 7 99 28 9 66 74 20 53 25 55 15 51 100 63 49 72 59 62 67 30 33 31 86 29 54 95 61 47 18 38 73 26 72 3 32 5 98 85 70 24 88 86 27 12 58 15 42 16 38 63 90 64 88 63 43 80 20 11 40 28 10 40 80 100 62 80 10 88 86 22 31 70 15 4 38 61 97 39 34 38 10 75 33 17 74 77 51 54 94 58 60 53 2 26 86 0 14
91 80 4 83 69 3 42 48 56 20 26 25 62 62 61 96 49 97 58 54 15 56 62 40 25 70 75 7 83 47 74 60 72 81 5 75 81 25 70 91 8 64 23 24 57 18 11 33 21 71 42 84 96 39 6 19 49 57 31 69 58 36 63 4 73 21 59 74 41 51 74 64 29 80 72 53 43 12 59 57 64 80 9 59 35 53 6 69 29 0 44 71 70 34 71 82 98 82 9
77 67 97 69 11 3 72 70 2 42 66 70 52 14 78 24 10 67 69 22 32 16 97 1 53 84 37 28 7 79 52 27 84 52 69 71 6 53 55 9 44 30 16 16 23 50 38 45 55 35 65 69 57 45 1 68 100 43 65 68 70 53 18 100 94 36 68 43 36 87 68 58 88 23 20 45 42 54 10 42 37 12 79 76 34 20 52 46 25 42 27 57 18 71 90 1 94 34 47
52 52 92 21 11 52 45 34 92 12 75 33 71 8 12 31 61 71 37 86 67 26 0 26 46 28 59 12 63 64 21 87 50 92 71 47 60 66 36 41 55 90 61 54 12 98 63 57 53 49 65 86 27 9 38 30 100 15 63 27 50 50 29 81 27 27 46 36 76 67 36 54 94 6 52 30 19 9 97 25 93 79 99 38 48 79 80 16 69 1 90 27 42 54 95 48 45 39 61
58 94 3 37 62 97 92 1 46 46 44 74 80 47 58 77 17 45 5 23 45 66 93 57 67 85 50 86 46 52 13 43 23 24 3 70 12 85 70 16 21 90 44 33 50 42 100 95 78 36 26 75 78 19 6 99 14 23 69 24 49 100 73 14 78 80 64 12 55 87 52 65 60 55 60 97 22 70 2 86 78 80 6 38 0 65 23 7 40 21 31 45 64 77 51 8 62 92 5
43 11 37 53 74 38 56 59 40 7 62 20 74 50 21 28 88 77 23 32 39 15 27 50 28 60 9 35 72 96 42 93 28 23 32 45 70 68 21 49 44 88 75 54 46 93 49 16 98 56 9 67 50 88 82 98 31 13 91 43 9 31 66 52 3 46 56 38 6 68 49 94 49 14 80 59 30 96 91 86 59 77 4 54 1 27 48 91 37 35 76 54 39 48 100 28 44 81 41
42 22 59 4 33 91 63 84 71 65 94 61 18 1 73 22 42 26 36 96 1 66 76 68 88 54 94 57 95 5 67 54 18 50 73 16 88 44 95 88 25 92 19 12 82 20 6 69 86 10 42 58 23 23 88 7 50 99 47 14 72 41 13 42 35 13 60 90 30 61 99 66 9 58 98 17 95 56 57 90 13 67 12 11 14 91 89 66 0 41 71 58 0 63 38 54 2 20 36
84 57 97 81 62 29 8 43 24 0 59 18 32 74 34 86 9 58 86 10 33 53 50 93 27 88 13 8 60 40 87 10 22 72 8 38 79 60 47 93 30 20 71 88 28 12 46 28 73 45 77 82 56 44 94 33 96 85 62 86 58 82 17 2 0 7 7 8 16 38 97 48 52 87 82 37 95 41 98 51 9 100 90 15 18 28 72 66 11 3 69 89 53 91 27 57 26 98 44
1 75 2 95 94 94 1 64 46 25 28 13 39 57 73 92 91 64 41 39 38 71 52 70 99 2 66 54 96 23 59 93 48 60 90 79 23 80 100 32 31 26 51 93 8 45 40 13 10 18 59 17 56 9 68 6 55 34 22 69 36 80 43 96 8 94 13 40 56 78 81 27 85 31 14 97 21 57 30 96 90 54 54 63 10 77 52 14 32 22 18 61 84 21 66 30 48 96 73
83 6 2 65 47 34 38 94 24 2 89 46 50 6 2 7 46 97 17 87 30 93 98 52 19 45 72 19 53 12 86 38 6 90 34 98 45 92 2 57 24 33 67 66 13 81 21 39 64 15 53 97 78 46 9 100 93 26 45 100 56 16 99 41 92 40 76 0 18 100 76 60 21 73 3 56 91 45 44 84 38 12 1 26 36 75 65 21 19 44 50 40 31 8 68 6 19 68 100
82 99 99 51 27 24 3 67 49 93 3 37 29 4 43 23 46 65 79 62 27 63 47 98 99 12 15 67 90 98 72 36 71 10 10 54 32 91 87 14 1 79 59 50 15 25 99 1 86 20 86 31 59 98 0 99 86 63 52 61 49 53 50 27 90 81 83 46 78 5 5 0 48 22 98 70 40 54 9 19 82 97 100 60 10 81 48 58 94 50 44 48 55 82 88 44 89 48 50
45 30 25 64 52 97 93 15 3 60 36 68 36 16 48 6 86 34 36 73 48 89 64 76 78 71 76 89 92 60 73 68 27 48 87 96 79 52 34 13 90 41 40 18 91 100 37 75 90 90 18 96 89 14 31 17 35 6 35 73 30 77 87 91 11 13 46 58 73 12 80 1 86 21 13 96 63 57 78 67 45 99 79 43 45 17 81 12 92 75 34 9 82 95 75 4 91 47 3
5 63 40 86 89 93 39 59 4 27 0 27 67 53 24 35 36 60 35 38 68 12 46 80 24 50 24 37 26 42 10 49 53 31 50 98 84 33 69 88 31 70 23 70 60 61 21 95 19 25 5 85 37 27 37 35 98 10 72 49 1 67 19 60 42 72 41 10 88 3 42 46 32 78 53 77 85 86 46 25 30 29 24 34 97 46 33 56 96 47 47 28 72 50 5 24 85 10 65
35 93 94 98 84 80 58 27 57 86 100 1 3 53 59 36 41 48 21 89 75 62 9 60 33 31 82 34 8 91 75 55 91 64 31 20 93 38 1 92 16 29 21 44 90 66 51 2 53 30 40 20 90 97 30 99 26 33 41 92 7 100 40 1 37 25 86 41 59 57 54 19 18 85 0 85 40 18 72 3 44 0 41 36 7 82 69 7 84 12 33 81 21 48 51 94 93 91 73
10 32 23 20 74 17 23 18 93 0 68 39 25 7 16 67 91 5 47 28 21 47 45 13 29 99 14 55 43 69 18 60 67 77 35 99 52 71 98 12 96 57 90 49 74 56 84 3 25 46 97 30 2 69 10 6 59 20 40 30 39 3 86 45 90 91 42 83 86 16 40 38 100 74 93 64 3 98 96 11 8 46 43 1 78 69 89 89 71 31 95 51 6 20 49 86 67 94 6
21 77 50 40 24 48 86 6 19 38 46 48 5 52 16 60 42 14 26 87 61 4 43 87 70 71 51 47 48 4 80 73 21 59 34 96 24 75 90 88 20 88 16 45 13 90 53 55 88 16 50 78 9 76 77 75 38 88 47 62 29 76 94 11 96 27 39 63 6 10 95 50 50 57 94 43 73 55 37 52 4 31 41 96 93 86 37 42 70 4 51 42 40 44 44 20 99 96 39
51 73 12 44 30 40 51 77 44 75 37 32 94 88 33 40 39 69 71 74 18 64 97 39 88 0 67 83 26 76 28 6 62 88 56 55 97 18 73 32 29 21 54 78 47 40 18 55 26 39 51 1 89 56 7 33 50 75 94 25 73 84 74 19 28 76 24 90 3 34 49 44 13 88 13 98 85 83 43 51 20 91 84 7 41 3 43 66 6 20 57 28 74 62 20 57 86 53 86
58 1 23 43 79 39 94 58 84 31 1 49 39 64 41 35 94 92 29 62 66 13 25 31 29 5 97 84 1 73 69 63 5 98 5 83 60 35 0 72 98 67 78 68 64 47 33 59 34 20 43 92 31 44 42 60 38 60 16 92 40 90 2 10 86 37 95 6 10 62 18 1 16 89 35 50 34 56 97 41 63 81 19 45 97 4 36 70 6 19 50 91 10 56 81 20 22 85 9
86 75 72 91 29 9 38 34 92 61 76 75 16 42 36 100 29 39 69 42 75 47 14 2 50 69 77 57 59 86 75 0 59 58 5 95 38 2 99 4 95 69 32 21 96 64 58 80 80 56 68 39 11 58 30 55 37 61 18 37 45 15 88 23 24 14 24 62 59 23 1 86 15 39 26 90 26 57 90 41 34 41 82 35 10 29 38 66 0 88 0 94 46 57 64 69 82 77 7
87 98 68 97 7 47 50 12 27 21 80 1 37 29 83 98 99 13 77 64 6 45 20 89 0 23 7 33 31 93 99 75 16 6 29 99 76 28 43 43 11 45 72 75 47 91 12 63 16 44 98 8 2 19 8 30 43 1 41 85 53 47 88 13 94 65 7 51 98 1 52 69 33 26 21 56 50 57 56 13 47 79 79 38 20 96 66 31 80 80 23 10 41 11 29 90 74 0 76
16 24 53 61 35 52 8 2 91 15 7 9 81 36 73 55 40 89 44 38 25 17 4 98 20 43 32 34 43 21 85 15 99 62 56 20 91 5 86 44 6 43 31 28 23 31 54 91 52 66 61 45 53 3 36 63 68 85 88 63 92 69 96 69 85 43 63 81 69 79 28 75 44 27 95 90 92 50 64 94 12 77 0 95 88 8 26 73 24 4 22 87 86 92 61 8 21 15 0
13 76 63 15 20 3 36 42 100 55 57 24 46 60 79 9 93 13 43 87 64 58 78 41 24 25 80 94 88 43 2 7 46 16 57 6 77 42 58 25 72 5 31 32 75 43 66 84 100 78 56 10 73 8 33 38 58 19 54 70 87 30 44 62 76 96 31 38 55 33 43 41 19 69 79 41 54 31 5 66 50 4 39 52 42 77 30 59 54 81 58 4 77 15 55 100 72 80 93
85 93 39 44 12 5 96 95 17 81 11 51 21 88 13 27 11 94 50 29 29 40 6 64 61 36 12 34 39 3 91 20 28 34 96 0 31 62 63 82 51 53 19 53 87 12 43 41 87 94 13 33 82 87 57 60 39 37 27 44 73 53 96 25 8 44 63 64 77 10 74 83 17 7 87 52 59 67 14 27 90 64 15 84 61 30 80 24 96 42 99 0 95 5 96 69 25 59 71
7 7 81 92 31 55 82 48 60 58 9 50 69 4 23 28 39 2 8 31 28 62 69 13 35 71 73 24 70 93 94 43 88 54 4 36 87 15 92 34 3 40 26 49 36 69 29 33 75 17 24 23 11 82 11 58 71 11 69 82 36 52 50 7 84 8 26 15 47 45 20 16 56 27 8 48 10 60 100 51 13 71 100 91 75 79 38 71 40 25 13 68 80 82 2 88 55 64 72
46 42 67 22 73 52 86 57 11 84 7 58 95 23 69 76 54 18 40 49 91 26 45 99 87 52 80 18 66 4 83 48 28 1 79 2 53 96 72 82 13 65 81 33 80 3 89 32 9 16 65 39 6 80 14 29 44 43 65 6 53 27 72 11 68 36 19 77 21 3 8 59 100 59 22 40 17 5 39 60 24 48 44 69 80 60 79 15 45 20 85 22 76 49 49 85 23 87 6
63 28 22 43 3 5 30 79 28 40 34 16 81 59 69 48 26 87 17 14 53 78 61 96 44 72 39 86 5 70 99 19 44 37 98 5 80 61 54 8 2 75 19 13 65 63 64 37 30 51 81 33 34 16 88 52 63 10 36 71 9 38 13 48 0 19 43 44 48 73 90 83 99 62 3 88 39 31 26 92 84 74 57 59 9 92 93 14 79 51 6 90 15 62 2 54 75 61 21
74 51 1 7 10 58 89 55 88 68 93 19 96 83 25 76 20 97 55 11 5 88 59 45 44 89 63 79 43 73 52 94 76 32 38 53 45 100 83 29 35 13 79 8 64 80 34 88 36 69 27 23 86 16 83 55 13 6 28 14 71 1 34 9 47 66 29 15 83 20 80 51 81 33 87 46 53 65 68 50 71 100 62 5 8 24 100 48 27 20 66 44 22 25 85 88 96 27 36
4 82 97 82 8 68 33 93 100 25 56 31 49 22 7 19 43 99 78 35 56 83 49 54 53 2 41 53 91 74 45 21 69 84 13 6 52 10 2 45 93 39 43 76 17 97 13 63 28 35 6 68 59 40 66 44 68 67 90 26 42 18 21 56 64 54 44 46 9 54 24 52 71 71 58 48 5 20 50 98 79 10 85 98 0 93 65 26 76 84 98 47 45 40 100 30 66 76 44
59 16 21 70 93 11 68 80 53 19 37 84 30 10 73 47 8 55 50 99 61 37 41 16 20 28 81 99 2 59 89 41 70 53 73 69 24 62 27 86 98 75 89 64 54 25 20 91 69 66 39 42 10 24 82 17 35 6 67 99 56 53 17 13 10 37 60 10 93 7 23 34 42 22 66 38 72 40 90 90 63 14 91 83 63 94 31 14 0 28 43 56 88 34 61 59 70 86 5
20 3 81 64 19 59 40 63 24 15 17 90 57 96 53 36 35 30 23 16 30 82 11 10 27 2 18 18 41 8 77 93 63 25 85 73 64 41 16 55 55 38 77 91 99 29 16 84 34 68 70 72 5 32 74 32 30 65 47 49 69 4 6 85 29 41 71 81 66 93 17 84 59 34 80 47 3 0 91 100 30 55 79 37 41 41 42 100 31 74 30 18 78 10 13 33 16 100 30
78 39 46 47 60 6 84 83 30 12 82 60 57 56 34 63 87 76 6 86 66 29 26 35 73 20 83 27 76 80 73 42 100 50 73 97 17 47 94 30 33 56 66 61 77 55 12 9 39 1 84 45 60 54 95 14 34 60 79 53 74 96 19 5 72 35 72 78 1 55 18 23 84 71 30 87 88 93 8 83 96 3 1 16 2 55 99 92 99 81 29 96 45 80 78 1 10 1 77
27 70 58 88 25 12 76 97 45 76 71 80 34 81 95 50 18 88 71 41 74 71 57 88 79 8 60 100 84 39 72 52 36 3 77 67 60 92 8 99 47 62 99 19 13 17 7 7 64 79 71 32 68 4 94 81 93 31 20 27 43 53 75 36 73 99 0 2 62 0 27 78 11 83 82 74 2 7 97 64 66 57 42 12 68 17 26 23 83 39 35 8 88 22 95 25 99 71 76
44 41 36 71 6 60 80 23 84 62 62 24 13 69 79 15 58 20 22 3 43 77 41 12 19 2 66 9 62 28 55 44 17 56 48 63 18 55 47 50 43 13 57 52 1 48 84 92 8 40 23 13 1 100 1 31 92 8 86 98 1 87 63 48 57 81 14 79 89 35 99 13 3 60 74 65 6 55 54 16 29 61 89 37 70 29 16 48 95 97 41 67 0 41 22 33 19 81 46
71 85 50 48 67 0 26 11 51 34 58 16 68 65 60 8 47 100 79 40 30 36 14 69 77 40 99 33 10 3 36 23 77 69 15 5 56 94 88 98 67 88 79 61 8 26 12 87 53 69 26 42 54 7 72 33 92 13 49 36 81 33 32 52 85 9 55 79 9 37 17 20 71 19 3 100 88 32 15 43 47 11 18 86 23 20 15 34 52 83 65 93 85 63 87 44 27 20 73
3 41 11 76 22 46 83 38 93 76 50 88 86 74 69 36 83 30 77 23 93 55 29 77 14 59 23 32 50 99 60 84 33 21 53 90 85 91 68 30 48 49 57 39 1 40 21 32 91 42 70 59 35 48 19 48 69 97 93 70 85 45 2 57 98 68 61 45 65 65 44 19 52 91 48 46 1 68 36 6 50 51 10 87 73 52 44 68 64 87 78 83 20 69 54 79 91 62 62
67 84 16 28 78 84 100 54 91 58 59 40 88 82 91 85 29 64 29 36 12 25 3 44 82 88 59 65 10 49 16 79 87 49 34 68 22 52 60 87 52 47 68 59 3 7 27 59 8 60 94 70 77 31 18 77 19 1 13 24 14 90 14 46 3 10 11 97 83 78 51 98 40 18 85 22 58 91 22 71 54 80 70 67 10 7 69 69 100 20 21 1 85 11 99 31 60 99 64
93 60 92 8 81 83 43 34 55 35 46 43 82 74 46 7 13 17 22 18 22 31 100 55 46 60 15 55 90 73 88 45 97 94 21 75 57 17 45 96 25 11 30 67 84 68 22 52 25 6 36 71 81 32 96 17 37 22 46 52 83 70 48 34 85 36 42 80 71 1 59 10 19 59 78 1 48 87 26 33 67 18 64 43 93 68 64 81 60 73 91 77 62 21 46 53 100 54 76
87 70 65 93 64 2 71 0 50 68 57 98 66 45 99 87 56 85 53 87 74 2 98 78 84 6 17 56 65 19 32 37 38 81 33 52 8 51 79 29 65 1 83 51 44 32 24 19 74 18 28 87 40 40 2 2 61 40 65 6 5 24 64 82 72 45 36 34 11 54 4 81 62 59 40 47 84 45 11 72 54 8 37 81 11 15 88 46 75 54 11 49 24 14 51 100 62 76 76
29 75 1 77 18 45 1 31 76 86 0 7 37 95 49 35 33 7 13 20 79 37 56 100 31 66 81 26 32 64 38 84 55 69 60 88 64 88 3 30 35 77 33 23 71 8 82 7 42 54 82 77 100 26 87 100 7 16 34 49 34 8 96 9 93 1 19 26 46 28 10 13 10 22 63 39 33 31 12 63 52 78 69 22 81 57 85 93 55 25 35 71 11 7 48 99 55 47 80
71 93 25 40 16 58 21 14 37 27 35 97 75 79 20 43 39 49 51 66 25 71 84 5 61 66 60 35 96 46 73 60 52 79 11 94 67 58 24 42 73 19 58 84 73 28 64 96 57 89 32 88 59 39 62 89 15 70 47 67 97 10 65 23 17 48 53 1 35 82 23 3 96 39 10 25 14 14 33 9 40 73 84 76 100 32 25 47 66 71 13 83 91 15 43 48 39 8 85
35 53 3 94 67 32 44 7 93 96 6 67 56 83 86 33 98 70 64 71 19 8 45 35 18 19 37 29 44 58 43 27 0 55 40 68 48 57 93 29 63 64 52 8 9 98 10 47 14 98 64 8 87 14 98 61 64 17 48 53 92 0 68 11 59 82 92 76 76 41 56 15 34 49 1 26 29 79 40 8 77 4 68 10 4 30 30 6 61 98 98 13 82 89 73 25 100 65 46
59 77 3 97 30 80 99 85 73 12 24 75 39 54 42 20 59 28 41 48 34 91 14 47 24 99 83 27 61 29 44 31 29 31 66 99 98 16 70 5 54 35 46 46 82 48 30 3 15 62 82 36 80 57 56 90 4 19 34 39 55 51 49 37 11 15 78 86 36 80 83 4 49 91 82 61 88 12 7 50 81 14 9 34 61 41 99 68 35 45 76 36 36 27 18 1 76 55 36
11 54 23 84 48 66 16 51 46 8 86 70 26 24 86 53 94 45 58 57 55 42 67 37 90 35 25 28 86 38 17 35 13 33 80 53 81 17 14 16 51 2 59 46 27 48 65 32 49 92 47 73 3 38 24 9 38 53 27 64 20 12 58 91 15 22 86 45 16 32 57 24 76 52 91 59 34 96 59 100 55 12 31 87 29 90 85 11 82 65 26 14 9 85 55 74 82 97 78
70 58 39 62 49 3 68 34 80 27 54 79 43 8 32 70 71 47 69 69 17 92 79 89 2 55 42 25 32 99 86 68 62 11 47 77 30 49 74 9 90 69 77 14 66 2 61 8 29 91 25 72 5 26 4 72 10 96 58 77 51 85 92 64 93 72 11 58 49 50 54 93 28 51 60 27 23 49 18 53 0 81 59 28 14 4 74 97 54 22 41 84 81 73 27 5 38 46 28
77 81 68 86 91 34 18 16 81 48 66 81 4 76 15 82 66 0 87 21 43 84 42 58 99 47 44 9 97 0 20 22 29 43 30 57 79 27 87 38 15 21 29 72 87 40 17 53 39 3 73 39 29 6 91 38 42 94 98 6 85 3 14 67 12 77 32 40 53 87 36 68 81 32 57 34 13 12 3 54 0 79 47 99 29 94 52 56 9 94 48 1 64 90 95 57 51 91 35
32 90 3 76 76 92 36 14 45 58 18 100 38 9 7 12 67 99 42 33 19 91 3 39 94 73 36 55 60 67 79 62 2 82 87 1 37 27 63 95 1 17 99 82 32 95 41 19 0 61 26 84 5 4 32 23 74 85 18 34 45 25 85 73 30 6 73 58 48 39 92 65 71 60 67 35 7 13 90 36 68 48 77 74 39 45 18 76 4 28 83 81 41 34 13 25 30 60 90
33 26 4 83 71 100 32 90 62 60 70 69 91 99 9 2 21 59 1 61 78 37 16 61 8 5 37 70 15 46 90 56 23 21 42 74 57 51 74 88 99 15 37 6 93 49 19 98 66 35 96 16 36 36 94 77 20 77 18 86 60 20 82 89 51 17 77 19 73 68 96 23 90 16 70 19 71 29 13 84 52 27 62 24 82 35 50 83 1 7 54 27 55 41 99 96 13 44 100
40 81 88 45 87 51 61 79 45 59 2 66 73 68 16 31 50 84 33 46 58 67 28 38 24 10 43 83 76 52 23 36 50 22 57 38 73 21 87 89 48 24 90 83 70 44 29 7 31 31 24 52 79 39 84 3 49 15 29 63 85 38 19 53 60 20 72 55 56 56 99 57 58 50 100 92 68 63 80 47 77 31 50 53 48 75 50 21 20 76 32 6 97 37 59 27 51 18 22
47 27 98 65 18 73 65 89 21 93 75 2 31 70 38 100 26 4 13 5 51 39 29 30 71 96 15 7 71 10 30 3 16 79 86 28 7 41 78 2 85 93 78 90 3 50 92 64 80 85 56 59 99 35 54 16 6 0 59 81 57 88 89 34 37 32 64 48 40 44 9 84 45 17 92 49 93 77 93 75 2 8 0 40 75 71 9 65 44 71 54 63 63 2 34 52 62 52 79
41 2 8 14 62 20 77 95 3 76 13 55 50 9 100 91 72 82 88 59 73 10 58 14 7 28 10 100 97 44 62 10 3 67 29 65 20 69 95 71 44 4 49 75 96 24 29 85 54 32 82 44 50 35 28 12 37 11 79 72 51 32 11 36 15 35 5 80 41 19 25 33 11 11 17 31 82 72 64 99 15 17 93 72 85 72 48 68 15 86 25 64 91 41 20 15 1 21 37
44 84 91 42 42 29 97 64 20 15 41 54 80 85 11 42 30 19 20 30 44 7 47 28 0 3 24 53 23 38 98 1 77 25 70 63 98 66 5 92 32 51 15 16 56 23 41 68 67 52 65 34 92 30 10 13 89 50 26 74 27 42 56 72 80 79 73 58 93 16 3 16 86 68 87 63 79 48 99 15 53 100 10 91 85 90 1 18 92 28 83 41 27 4 83 95 43 32 81
97 63 100 17 86 16 58 37 66 94 21 70 88 30 7 35 10 86 91 88 33 7 79 19 46 69 18 32 44 6 56 89 30 0 49 59 86 78 60 34 97 45 16 25 47 69 65 41 62 95 25 87 52 37 9 47 36 79 78 55 57 21 24 24 12 15 18 89 91 25 92 60 40 7 61 38 95 25 33 66 66 100 44 70 51 91 74 86 69 46 79 27 61 45 69 29 89 18 26
19 0 100 38 45 75 100 49 20 63 76 52 30 35 18 38 60 79 25 30 11 52 89 9 65 53 43 65 21 60 2 17 20 9 95 39 17 58 87 83 91 27 7 24 59 88 9 39 60 24 26 32 14 86 74 21 68 8 80 40 88 51 77 93 18 62 22 99 48 77 55 53 88 45 48 29 25 45 61 85 64 42 9 18 64 53 57 76 87 88 64 57 97 10 86 100 96 12 48
73 61 1 46 43 82 8 66 5 97 51 52 96 73 1 5 64 57 98 70 7 17 19 75 69 67 21 78 21 51 86 40 91 40 63 61 18 35 28 86 63 90 48 75 51 5 66 79 55 22 50 60 65 50 92 96 77 79 78 27 53 58 93 26 35 15 27 55 73 19 96 89 84 38 40 75 72 88 94 49 20 75 97 63 55 88 23 43 5 32 74 5 9 71 65 19 63 85 58
85 58 34 33 46 70 73 60 88 86 75 8 96 12 78 62 11 76 83 25 92 10 39 10 95 79 0 71 80 3 39 46 51 52 52 76 32 56 96 90 70 0 57 79 3 62 51 44 100 57 17 15 79 80 7 5 59 7 59 99 37 87 12 88 35 61 45 4 84 15 11 56 83 100 45 10 34 32 90 58 42 59 94 11 44 26 42 16 98 92 70 49 22 51 98 95 62 74 77
9 44 64 26 58 58 51 15 68 45 70 28 14 6 70 53 26 57 31 52 90 7 55 59 60 90 36 62 90 82 46 76 25 50 7 82 37 35 75 31 63 85 45 44 7 78 86 65 81 47 25 93 81 20 78 15 77 76 68 96 6 91 19 66 79 99 50 87 66 28 28 13 78 32 56 73 6 13 57 78 20 18 5 60 33 61 81 68 75 80 98 14 70 97 79 52 44 75 35
89 42 27 47 30 78 23 22 11 28 54 57 30 34 83 91 64 78 71 26 50 91 46 77 14 25 58 56 62 54 49 65 80 73 64 64 54 34 80 64 97 59 54 79 11 2 61 64 31 49 96 52 18 23 64 83 93 48 82 90 38 49 85 24 43 13 62 39 93 22 94 4 52 29 98 34 19 95 51 90 79 12 28 83 59 62 0 57 54 49 55 12 88 42 100 1 69 55 70
61 93 64 38 36 84 19 38 21 60 54 65 18 52 22 96 16 7 62 58 95 21 9 81 10 49 8 35 87 7 3 6 40 10 13 5 88 53 58 35 99 84 32 66 90 87 35 95 95 88 5 1 57 99 86 96 93 94 43 77 37 92 14 48 76 26 38 86 46 29 68 46 19 27 79 47 14 46 49 100 44 39 39 99 69 92 88 18 19 15 97 0 48 60 30 86 20 62 13
8 46 85 13 50 31 61 45 69 92 35 91 0 91 17 82 83 42 37 68 62 55 10 93 55 75 90 88 70 67 44 97 20 83 30 55 45 4 94 79 72 75 34 99 3 35 3 58 28 42 93 3 20 53 21 13 2 34 85 15 48 45 59 21 29 41 22 45 37 38 23 44 12 24 41 75 92 22 63 81 73 62 79 88 80 28 57 87 65 24 29 6 1 28 18 47 43 43 98
61 24 59 19 14 30 42 26 68 98 93 44 86 22 72 21 4 95 12 43 29 7 30 56 8 55 100 100 5 14 18 94 97 60 89 12 68 14 63 4 48 18 5 11 94 38 76 20 32 78 85 45 50 100 79 65 13 48 73 78 98 36 73 43 93 77 82 37 72 32 79 90 10 22 11 71 23 14 23 47 12 77 38 91 96 31 77 20 57 24 5 62 68 41 47 52 23 33 0
24 11 78 43 88 16 93 91 17 78 43 9 22 52 3 87 58 42 77 3 2 59 39 76 82 52 67 6 53 32 14 87 73 84 11 27 95 40 97 66 11 34 43 54 85 72 59 18 45 60 78 49 99 61 8 11 13 55 67 81 49 42 7 70 76 94 25 54 2 100 73 4 87 53 69 41 39 89 54 93 39 73 76 51 86 90 63 6 26 30 7 88 75 69 6 67 100 28 94
50 16 38 12 31 19 53 5 16 30 6 79 90 60 8 45 48 64 28 17 13 22 83 65 9 15 36 82 68 28 12 96 43 35 62 63 87 49 86 75 43 28 95 42 64 80 47 12 84 92 34 77 21 92 98 60 90 36 74 5 5 87 72 46 96 31 30 10 6 72 72 8 7 46 53 68 76 24 32 39 33 49 59 1 11 60 61 73 88 23 59 24 44 39 72 70 85 80 15
33 57 14 65 99 45 78 42 32 62 11 72 34 25 5 17 31 85 35 21 4 91 96 20 61 67 90 44 25 77 45 75 69 27 3 53 50 17 34 22 56 5 22 6 19 79 7 89 2 62 24 11 21 61 26 24 100 37 9 27 30 40 15 73 59 96 92 12 65 71 84 58 26 86 74 51 65 16 65 91 48 36 89 67 34 65 14 7 89 10 1 43 47 10 61 73 66 88 70
81 66 64 72 42 42 18 18 22 42 74 46 76 99 31 50 89 3 11 17 52 71 42 46 49 4 39 49 58 53 4 64 19 98 12 7 95 51 58 98 50 71 10 90 13 46 91 43 91 52 5 36 64 98 44 66 19 43 92 77 34 81 84 50 27 35 93 6 61 23 45 81 75 21 35 64 13 29 59 76 73 16 47 0 77 75 96 67 60 89 20 14 87 39 12 23 8 53 40
19 51 98 63 19 53 77 58 14 93 81 72 45 99 48 40 0 14 17 32 12 81 95 7 73 63 36 14 51 71 28 31 48 76 62 63 85 17 57 13 57 90 76 62 42 79 22 42 86 3 93 87 73 53 54 40 9 37 35 83 47 16 95 37 100 64 55 46 81 48 68 0 37 80 51 7 19 8 58 65 45 70 68 41 72 1 30 31 47 55 17 42 98 84 51 63 31 92 77
23 40 71 56 56 62 88 77 16 44 83 25 68 0 17 11 76 35 77 83 23 58 42 39 28 4 52 67 76 100 36 64 9 28 100 32 0 50 87 84 61 74 17 40 79 95 56 65 25 48 92 94 91 19 6 49 80 42 30 82 15 91 10 92 90 3 79 56 57 8 93 29 66 81 67 94 23 39 57 42 6 15 92 67 26 97 31 48 58 0 22 49 98 100 73 7 11 5 43
84 93 71 81 84 98 30 97 20 16 86 26 0 93 76 67 47 51 1 40 10 55 6 40 36 50 99 86 86 36 35 61 53 52 76 61 58 60 69 34 66 95 47 47 69 73 72 100 74 74 37 97 59 22 51 53 11 61 48 19 56 23 15 95 32 92 12 28 56 82 25 73 27 24 4 23 69 68 4 3 15 19 5 29 66 89 24 42 47 79 7 33 79 43 59 56 70 27 100
92 9 58 38 0 43 79 41 17 4 85 42 53 41 23 64 20 59 56 8 79 52 47 42 74 41 19 3 20 19 54 96 3 28 14 69 18 35 60 100 74 37 11 5 1 20 54 85 62 18 56 26 22 11 17 54 27 57 5 52 14 97 82 47 76 63 9 25 22 95 52 17 11 54 22 80 96 9 88 79 24 90 43 69 85 82 18 31 43 67 76 92 2 13 52 22 26 39 20
8 30 69 46 75 56 80 90 7 56 5 31 49 48 34 24 94 65 70 90 24 11 5 76 77 89 42 61 94 60 69 31 32 84 8 32 13 95 66 80 71 91 25 19 70 68 36 48 5 25 38 3 68 71 87 84 50 98 19 84 79 38 86 7 79 70 84 49 90 12 29 73 58 83 62 77 90 26 82 2 88 70 79 56 87 99 44 38 46 44 9 3 28 78 23 90 43 86 70
100 30 91 17 9 14 88 22 66 3 65 17 12 70 28 95 86 98 69 70 44 54 25 9 64 78 11 20 13 18 89 0 68 34 26 24 50 34 57 32 47 100 49 86 35 88 34 48 94 53 21 4 96 7 3 15 84 86 81 58 8 13 91 60 16 74 94 10 63 85 61 44 77 71 41 93 67 28 37 45 44 55 69 43 37 85 68 16 51 87 23 11 21 96 91 46 53 30 71
68 52 75 51 3 0 54 45 63 18 74 14 46 18 84 72 71 20 70 91 63 71 87 62 45 4 16 47 85 60 97 37 80 95 11 26 39 52 94 82 62 50 73 41 58 93 90 7 75 12 34 44 3 30 77 1 18 25 83 23 84 24 82 22 15 43 54 34 29 37 38 88 45 68 69 69 10 65 5 21 73 92 49 25 49 81 35 13 4 34 79 55 55 0 94 9 82 80 82
61 32 30 8 26 36 100 47 60 94 23 10 46 60 38 88 69 36 39 41 69 64 25 80 85 92 11 51 38 23 63 16 15 17 48 61 45 36 8 81 62 39 37 41 76 64 97 96 35 56 13 7 66 31 16 10 70 83 32 36 67 61 15 65 74 8 22 85 78 78 86 35 98 92 68 38 31 77 25 29 28 96 87 68 64 24 32 72 65 20 63 18 39 66 69 1 41 44 39
27 33 98 90 34 69 71 70 99 62 50 38 56 17 74 53 85 12 45 37 20 95 80 26 42 23 76 89 81 70 5 23 30 5 6 8 34 93 2 3 90 67 79 67 38 7 87 80 66 57 94 42 25 43 43 83 86 15 84 69 91 92 72 82 28 73 24 46 15 25 76 98 95 30 36 72 82 68 15 10 48 35 45 74 79 68 6 32 5 56 72 25 48 29 30 13 36 88 96
63 0 1 50 66 87 84 95 58 9 13 69 91 21 37 13 62 93 36 10 71 2 19 69 18 34 53 16 35 38 80 42 73 6 50 43 80 91 36 19 31 82 37 61 14 0 86 25 32 2 70 36 95 23 23 1 6 41 95 14 12 11 37 32 48 28 46 32 11 87 28 23 37 70 11 57 74 52 69 2 9 94 72 48 40 10 95 10 10 8 18 53 83 47 61 19 33 84 83
66 0 43 6 47 88 55 22 34 42 1 25 15 98 46 42 75 28 41 54 93 40 23 34 56 1 14 82 21 63 70 63 13 7 84 21 17 49 54 65 90 99 57 73 31 61 82 32 60 73 76 86 94 99 67 29 84 48 6 94 16 90 96 86 32 15 77 14 53 39 86 9 50 49 19 91 71 82 26 62 53 4 71 0 74 42 2 23 39 37 55 71 56 97 27 87 57 1 20
6 86 79 55 62 61 33 20 44 4 42 31 39 9 62 77 99 83 85 7 65 9 83 60 93 94 43 5 37 47 83 70 57 74 48 32 76 54 42 92 85 1 46 39 13 1 92 88 95 89 29 94 67 81 17 37 95 57 23 5 62 45 86 73 67 29 49 16 11 41 84 5 47 44 87 95 94 66 23 41 85 93 0 95 96 81 92 21 47 27 55 4 22 18 46 55 64 84 16
93 32 9 46 36 90 51 19 20 85 23 51 4 58 94 6 66 35 18 0 99 78 79 29 53 0 42 100 5 5 15 0 55 7 27 28 17 17 45 21 51 17 44 68 43 32 51 49 70 30 91 15 52 24 32 39 55 25 29 2 5 73 34 47 52 5 92 24 89 3 56 38 2 98 8 65 39 72 31 17 5 29 64 40 11 72 60 92 97 27 20 17 54 15 13 0 11 23 2
7 73 13 21 75 23 44 2 78 51 27 64 3 86 78 59 64 42 30 83 80 8 59 33 92 74 47 32 99 46 44 20 46 0 67 15 77 42 43 75 84 55 64 64 0 57 21 91 27 97 4 4 37 42 72 9 10 97 75 46 80 70 48 7 6 51 28 8 1 60 76 85 58 57 96 64 10 93 96 25 28 18 75 59 34 52 57 44 57 35 81 2 83 55 28 50 66 96 9
0 56 58 57 73 95 98 14 71 9 74 26 15 70 5 11 35 63 86 6 89 20 51 76 44 13 34 46 26 79 0 88 1 40 98 60 3 9 28 30 80 44 56 26 7 51 54 76 88 78 38 96 100 98 60 13 46 10 92 42 95 18 5 62 83 51 0 61 81 61 65 27 16 60 40 79 10 11 50 39 18 34 6 72 14 20 20 82 88 85 51 77 29 32 44 67 86 59 16
26 98 18 19 91 14 71 30 59 89 6 23 83 11 92 88 45 57 15 73 36 80 68 24 40 6 82 73 64 23 87 87 10 40 96 92 64 19 52 94 7 86 13 67 70 31 57 78 25 8 79 6 24 83 38 3 85 1 85 15 52 57 0 88 54 93 5 43 8 44 28 46 59 25 38 19 44 62 65 93 23 99 65 81 59 57 48 69 46 92 30 10 31 88 59 2 9 15 84
80 19 8 77 19 49 36 6 84 90 44 53 73 2 60 26 16 37 77 35 88 4 34 91 47 20 94 10 51 62 74 25 44 15 40 11 39 66 63 76 100 86 13 68 26 22 57 53 51 79 81 83 98 84 97 88 46 100 29 81 40 51 27 49 79 18 54 28 89 27 25 69 24 87 45 48 1 49 77 62 78 68 2 25 89 55 95 91 15 5 89 28 80 98 80 77 75 43 39
19 72 100 73 67 98 16 8 38 34 43 66 48 41 51 22 11 96 28 30 4 18 45 19 35 90 89 55 100 94 55 37 89 78 88 100 46 96 8 97 44 7 46 84 47 48 71 91 15 32 99 36 47 97 95 68 69 94 41 32 67 97 61 18 21 40 68 36 16 60 97 65 53 96 95 50 38 78 59 98 55 24 19 28 35 36 80 73 92 78 81 38 73 47 39 44 54 0 46
81 50 89 7 40 51 92 84 73 45 28 61 65 2 83 93 26 62 40 66 28 57 58 59 12 23 71 24 53 48 70 35 94 58 38 34 13 11 71 29 10 19 2 75 44 28 55 34 75 81 2 53 93 61 41 94 18 89 92 50 73 46 89 3 42 20 41 16 70 17 96 61 75 55 58 56 87 84 75 64 52 26 8 13 87 76 31 12 55 88 33 18 50 85 59 94 85 68 36
65 31 22 55 40 7 71 7 13 63 28 31 79 68 56 96 60 34 80 57 37 36 14 21 94 61 37 57 56 74 55 10 36 83 65 34 38 44 4 11 95 69 23 38 40 11 34 57 49 36 84 53 78 64 98 85 96 8 88 39 58 97 34 58 14 6 66 96 69 24 11 34 62 61 33 46 17 78 80 47 97 90 27 50 25 25 35 95 27 5 68 95 23 13 80 31 29 74 11
69 24 94 75 27 36 13 98 49 81 76 53 84 5 83 64 36 94 15 32 32 1 43 43 39 6 62 52 82 65 14 33 87 84 36 62 2 35 35 94 81 93 0 87 24 100 64 24 75 92 63 14 96 10 18 23 48 28 51 29 12 85 53 5 52 8 33 36 27 3 44 52 68 94 93 68 76 37 5 26 64 84 38 17 12 57 63 50 1 85 18 28 25 90 46 39 13 69 89
43 96 78 66 49 0 46 62 96 84 18 22 66 21 3 13 38 6 43 31 31 68 69 88 33 59 39 18 60 75 15 70 94 56 89 22 83 4 45 94 18 49 63 20 91 44 71 38 22 7 16 71 43 24 70 42 49 19 62 13 4 32 49 80 29 68 13 36 14 6 48 83 78 33 19 47 34 51 46 85 78 68 27 72 90 85 64 9 47 77 73 33 15 82 19 69 40 27 97
49 79 36 84 99 73 84 49 42 43 43 47 87 65 91 91 14 81 82 34 42 33 36 45 15 98 84 100 9 66 61 67 80 82 11 35 36 50 49 33 3 90 74 49 94 74 5 87 19 89 88 90 12 33 98 74 96 39 59 64 29 69 41 76 4 99 43 10 62 49 1 22 90 61 30 16 11 5 72 47 72 19 44 31 89 96 33 49 59 18 5 91 48 85 48 66 55 4 81
18 21 43 9 0 70 52 92 89 34 40 10 3 25 57 5 80 43 13 85 3 17 7 10 97 7 38 57 60 60 75 44 74 11 15 51 98 30 8 25 87 67 9 77 97 43 35 50 59 95 46 90 91 83 68 76 17 37 9 80 65 96 16 30 68 7 89 57 26 55 91 54 61 33 15 22 8 84 34 20 50 67 52 40 94 24 24 45 63 92 7 84 60 3 93 99 96 75 27
38 45 58 13 20 58 22 72 23 2 85 66 31 85 61 28 25 91 12 99 64 45 58 18 52 11 54 42 1 7 72 62 52 8 95 47 47 51 46 14 14 93 7 98 4 92 62 1 24 83 6 17 62 69 94 30 88 50 53 78 13 85 77 24 58 28 9 82 100 96 62 90 34 94 50 75 1 75 65 54 23 61 65 42 31 72 8 20 43 18 92 98 72 17 94 49 16 65 6
82 69 17 19 58 17 71 82 40 65 15 49 21 13 14 30 74 90 74 1 18 24 68 25 69 43 76 27 49 68 47 82 52 62 20 98 85 83 87 68 74 45 2 13 40 53 98 27 24 31 79 14 24 65 36 74 43 0 65 60 20 55 44 20 81 68 52 55 89 2 0 61 80 47 26 2 57 96 12 22 55 99 2 61 80 52 82 49 88 90 36 62 84 20 86 5 33 85 51
52 96 8 26 23 78 98 94 79 71 47 26 70 28 90 63 90 13 27 76 39 74 55 100 5 41 1 73 29 75 78 61 0 0 34 63 11 84 25 35 32 13 78 10 94 39 72 81 50 97 50 31 79 98 69 71 15 31 60 54 74 34 43 35 21 70 79 48 97 98 40 24 100 21 2 78 92 70 94 52 50 70 93 48 35 11 16 1 9 76 85 72 98 63 57 36 55 64 33
61 28 56 79 91 71 17 5 100 14 43 59 4 53 21 80 61 79 0 12 14 89 52 63 60 31 75 27 92 62 49 44 22 14 80 90 84 93 11 99 21 66 77 98 4 5 49 35 50 73 0 1 5 71 31 61 71 77 88 21 53 31 11 48 98 84 47 53 93 60 38 86 13 82 85 39 53 59 68 31 49 27 8 54 16 89 34 40 48 85 77 13 48 3 77 51 38 66 2
43 3 69 50 25 70 33 18 40 26 3 75 50 88 14 18 49 63 58 64 74 47 15 25 83 61 79 32 1 27 50 51 94 93 93 89 83 51 83 64 66 18 48 63 13 28 3 96 36 58 35 94 39 2 18 45 90 28 98 72 57 21 97 96 74 56 58 82 15 24 73 0 80 97 93 5 67 48 78 61 96 70 75 35 55 14 31 96 15 36 56 50 65 87 62 83 62 13 87
21 89 77 80 41 40 36 88 99 89 74 25 95 81 20 30 76 1 45 78 54 63 26 36 46 94 74 53 79 92 81 41 74 42 99 68 88 63 73 18 70 27 16 50 52 6 59 14 53 93 89 13 10 45 54 6 70 91 92 0 85 28 13 65 93 5 4 53 41 80 26 87 55 10 78 34 81 79 19 68 71 6 42 86 48 39 1 97 57 92 66 45 11 76 53 63 28 62 77
60 8 91 56 89 21 25 46 5 22 1 56 11 27 53 35 88 79 99 11 96 54 57 83 94 65 1 5 94 45 45 21 96 75 68 69 76 13 56 38 17 12 50 72 51 18 67 91 78 13 4 63 39 84 8 6 39 74 54 24 30 71 57 26 24 42 11 71 49 49 22 36 35 14 97 83 13 72 39 95 4 25 7 48 99 1 11 4 46 20 69 51 37 14 54 17 50 14 65
75 86 70 45 60 20 54 43 39 32 18 70 18 37 22 36 15 28 8 68 93 74 37 55 72 16 97 80 70 30 30 80 60 49 47 33 63 60 4 31 63 29 83 72 75 30 40 19 40 82 41 15 94 81 30 49 41 31 38 2 12 21 59 86 82 63 49 7 76 28 24 56 21 88 14 60 67 13 32 95 61 81 64 80 39 4 0 96 8 38 67 28 73 85 35 17 89 91 85
68 14 37 29 53 2 83 63 15 45 14 52 30 41 13 92 35 13 86 8 75 17 81 79 75 98 66 91 17 28 28 43 17 89 51 73 83 3 97 33 85 49 92 95 97 45 47 23 98 37 66 40 32 10 30 40 69 46 75 42 78 76 55 33 32 98 38 97 65 69 22 84 2 27 3 39 50 85 55 35 78 33 52 56 25 28 42 33 28 74 16 58 68 69 4 55 35 21 83
92 81 21 33 83 24 24 44 42 98 86 56 83 44 65 94 71 22 57 39 99 46 6 67 83 96 81 58 58 67 98 2 26 98 91 98 51 37 26 24 10 36 96 5 58 71 54 78 34 56 54 32 41 10 59 31 26 0 37 9 75 11 5 66 52 59 52 100 73 90 26 29 100 98 19 90 25 12 86 38 85 86 0 69 79 31 33 1 51 65 38 72 28 95 55 15 47 15 4
65 0 94 97 98 46 77 2 16 62 27 33 89 76 3 91 82 17 81 4 56 44 9 55 13 88 73 26 22 78 33 19 32 13 9 25 25 51 73 34 71 10 95 7 67 50 32 33 24 13 45 23 80 61 3 75 88 94 69 52 61 18 8 87 66 92 14 67 77 65 20 15 6 8 87 16 46 31 46 6 42 13 63 84 9 81 66 21 21 93 21 32 14 20 0 14 60 92 55
14 31 12 45 24 49 83 44 66 95 29 87 21 32 88 48 3 3 98 80 49 0 11 39 48 98 88 65 38 74 12 97 61 97 61 68 36 22 38 54 100 37 61 96 67 87 100 83 27 36 51 2 3 38 94 96 90 32 55 24 33 10 26 73 47 32 8 30 88 52 13 93 19 67 25 99 87 55 42 69 71 1 95 83 75 19 16 93 1 49 88 50 18 12 79 18 35 82 76
57 75 85 23 5 92 99 60 54 23 80 63 79 58 75 63 83 57 21 7 76 5 32 9 20 97 11 17 19 62 97 32 1 16 75 99 14 65 74 25 28 6 89 87 97 86 38 70 70 12 32 17 69 37 97 81 87 8 62 31 38 14 5 71 79 89 55 77 17 60 38 79 22 96 53 69 49 14 67 8 3 16 57 93 20 58 71 36 15 31 14 44 20 42 0 0 20 74 2
100 68 20 23 87 92 92 46 67 93 21 20 83 25 90 70 36 57 3 64 51 75 24 99 73 40 55 82 66 32 51 19 40 68 13 11 82 72 66 59 23 63 82 33 82 87 89 12 78 76 26 52 8 61 42 65 78 45 20 13 8 19 15 65 22 26 30 58 98 97 58 73 43 56 0 23 86 82 88 98 73 34 89 99 2 41 26 12 19 75 96 20 94 2 20 97 44 91 18
8 28 28 23 76 16 0 11 64 60 26 67 83 79 91 29 28 62 13 78 36 92 64 17 16 54 84 97 92 19 95 23 13 47 37 95 50 29 29 35 26 33 26 35 28 34 59 27 37 11 25 28 15 45 85 33 85 10 58 0 78 62 89 85 33 60 11 18 77 85 2 3 78 69 93 53 33 25 60 50 17 97 41 84 25 59 32 16 69 10 89 25 51 30 46 37 62 92 57
41 59 70 25 0 94 6 46 77 2 45 12 94 37 22 60 82 31 100 89 61 14 99 58 79 85 36 48 71 32 31 33 93 3 95 98 27 60 64 91 4 31 46 60 34 45 28 33 87 49 16 100 53 70 71 56 94 75 38 17 34 55 71 17 15 20 24 81 16 44 57 11 67 27 12 63 74 60 63 28 52 33 46 11 61 66 4 6 19 13 43 10 92 69 88 61 89 51 57
11 96 84 60 44 15 41 79 13 29 39 70 38 41 13 81 21 81 67 27 49 21 67 89 1 38 17 87 49 2 91 38 24 19 81 8 55 90 97 43 41 55 88 3 72 77 94 76 11 8 36 37 51 65 4 94 25 64 23 33 46 71 3 49 10 51 0 71 55 17 27 35 31 33 32 86 35 3 54 43 35 7 80 27 17 90 56 82 14 14 24 97 90 2 73 51 68 19 41
20 19 72 14 83 77 73 7 81 45 76 86 35 22 31 79 88 44 51 63 63 73 93 17 97 43 80 86 91 83 0 96 85 75 39 34 91 64 64 44 84 10 6 3 6 56 27 41 91 47 56 74 29 40 6 53 23 50 6 22 30 6 62 24 35 99 84 91 1 28 44 80 86 87 93 61 56 47 21 90 22 68 25 87 92 30 33 45 31 48 54 61 45 64 97 58 6 89 30
48 33 47 85 70 15 85 31 58 38 2 99 0 59 52 77 90 99 42 57 74 34 63 77 36 23 87 2 34 88 98 42 29 71 43 74 27 32 50 95 32 86 64 62 10 35 77 61 74 80 86 78 38 99 48 27 50 61 91 28 39 50 86 20 50 30 27 60 43 49 45 7 56 90 68 79 31 67 6 83 5 12 61 21 72 37 7 66 6 76 45 17 4 91 78 26 62 4 20
51 87 92 35 99 90 59 62 28 17 6 87 49 56 91 46 49 6 94 37 25 41 47 18 5 80 24 17 87 46 42 32 37 9 73 74 93 48 21 15 8 33 13 60 60 88 73 20 84 32 14 56 84 34 11 17 53 21 13 97 20 94 89 53 11 72 18 84 92 28 74 47 97 1 77 10 88 10 21 87 59 22 19 19 39 80 31 95 35 25 69 65 95 21 68 17 76 91 49
33 53 10 81 9 61 57 3 96 97 88 35 7 18 92 81 77 34 57 26 99 45 51 17 23 9 6 24 7 71 90 67 59 32 72 88 56 20 50 63 78 9 50 95 6 34 49 80 73 90 8 80 90 46 90 100 28 65 73 86 31 63 51 17 55 14 38 42 90 30 14 56 52 53 37 90 50 95 5 43 67 5 3 35 62 16 28 63 25 59 50 58 34 54 93 72 57 66 48
60 6 74 66 95 52 26 96 27 89 25 35 35 81 99 80 93 16 9 93 11 64 63 30 16 100 50 68 66 93 54 4 95 3 35 96 81 24 5 48 73 70 57 9 37 66 85 58 77 83 94 0 98 79 24 56 68 30 86 32 84 35 0 34 42 96 34 8 76 28 25 15 92 34 2 40 22 11 28 87 34 78 85 49 9 70 0 70 32 30 1 41 2 53 73 55 87 19 88
12 5 64 7 8 37 84 45 34 95 63 41 89 1 93 66 65 90 33 38 26 45 27 8 24 0 93 51 22 69 21 57 42 40 29 83 85 94 65 12 8 56 42 75 90 83 69 0 93 41 95 23 60 100 35 98 5 23 88 90 7 22 27 13 19 66 51 32 52 0 46 100 98 32 55 52 55 85 90 95 78 65 77 94 53 71 0 18 61 1 43 70 71 49 100 64 4 4 6
55 32 29 33 75 56 59 84 22 54 51 31 37 40 49 25 21 94 47 67 62 85 64 44 89 97 61 78 17 38 13 12 70 95 7 66 11 33 52 80 94 57 15 47 19 28 49 54 33 56 98 70 69 69 63 26 60 75 99 28 98 31 83 50 39 42 76 82 50 45 33 59 36 2 60 49 75 39 77 22 71 48 71 23 5 0 31 97 37 91 90 77 8 23 71 19 33 61 77
12 53 46 43 61 21 88 48 11 34 46 65 18 35 26 26 22 52 13 23 91 84 31 34 87 9 89 17 12 87 25 63 34 5 3 29 42 39 62 33 65 67 27 94 28 87 98 59 77 12 34 63 90 61 79 51 7 45 19 4 66 19 29 44 99 89 64 45 27 22 28 86 70 31 87 91 15 80 11 92 97 86 19 14 63 88 56 68 1 81 30 79 5 44 21 63 67 49 23
97 79 86 36 54 87 3 96 63 20 36 41 92 87 92 42 45 27 88 34 75 41 25 82 5 76 39 41 49 58 54 63 81 0 86 89 3 56 29 61 86 77 87 61 14 37 98 19 48 55 64 89 62 4 78 65 76 76 68 72 55 22 67 56 63 30 56 28 71 59 89 62 40 76 81 11 16 78 58 62 43 85 32 54 68 35 66 57 35 90 57 49 8 29 66 14 86 26 86
97 64 35 0 92 66 34 51 40 36 24 73 89 97 55 81 38 46 13 37 86 88 3 68 59 52 67 43 57 90 65 69 92 58 56 92 44 53 5 64 65 88 14 55 81 37 66 92 43 21 5 66 27 77 41 53 27 20 27 94 62 50 97 37 91 55 7 80 59 1 62 31 80 38 95 65 36 47 45 2 80 33 66 10 48 55 34 44 10 44 37 75 48 66 41 85 75 25 16
21 60 14 4 8 42 67 20 66 25 53 71 81 40 99 4 83 70 8 70 15 86 95 7 51 82 63 36 32 31 34 81 37 57 27 34 67 75 90 67 95 66 84 65 54 82 97 45 34 82 17 25 47 5 15 99 24 32 35 21 75 6 50 72 69 6 51 56 71 19 21 59 59 14 83 18 27 58 96 60 23 35 15 20 3 93 21 20 89 56 31 7 62 28 86 50 93 99 38
41 85 47 65 10 64 30 83 2 66 21 32 96 88 50 82 89 89 8 33 53 87 87 31 4 49 75 82 91 56 96 91 83 100 59 72 76 7 45 15 58 98 47 66 77 36 17 79 66 13 31 16 16 31 38 21 94 41 80 16 90 93 66 71 53 34 57 21 9 23 22 94 26 89 90 21 79 53 80 31 74 58 45 98 72 79 47 75 52 91 34 1 51 58 4 26 65 92 98
50 87 80 32 34 75 15 90 41 57 96 70 33 84 57 20 31 30 73 62 66 91 70 60 0 48 46 60 83 86 17 93 83 74 8 56 88 43 93 50 95 95 32 73 54 2 41 8 87 52 99 9 69 41 76 1 89 39 84 47 90 94 98 68 86 100 45 46 23 78 61 85 93 36 60 63 11 1 50 58 79 39 44 47 56 62 68 31 1 57 1 57 59 93 17 35 40 62 13
63 80 69 51 93 96 50 97 90 38 36 99 40 75 57 97 82 33 7 14 42 97 8 91 12 68 36 75 53 57 43 33 66 72 55 76 30 28 38 33 9 78 2 19 84 3 68 80 44 35 25 24 7 75 86 27 45 64 58 100 91 67 65 52 60 48 98 90 64 59 9 59 77 69 80 37 31 87 72 24 49 89 32 100 66 81 77 75 17 54 93 40 58 61 75 90 38 52 42
85 88 11 77 55 19 81 93 67 97 54 70 26 6 48 91 71 75 95 58 29 17 91 64 90 79 63 49 73 9 30 88 98 31 77 80 65 59 63 88 92 27 49 50 93 82 14 32 63 44 89 63 56 75 7 83 23 9 61 76 1 73 66 32 3 92 52 26 21 6 77 100 10 77 59 84 51 66 25 65 56 80 28 40 33 32 25 58 61 9 80 89 50 51 95 98 80 63 87
96 42 93 98 32 6 50 87 92 22 70 89 61 91 58 97 81 69 97 73 55 4 77 11 26 35 34 36 69 2 49 74 47 87 96 73 45 31 54 25 48 9 43 75 37 39 9 40 100 36 27 4 82 33 59 47 94 21 48 51 67 50 29 41 2 96 4 74 64 65 67 45 5 66 2 27 85 61 47 63 21 82 16 76 65 59 51 9 71 30 75 5 54 10 89 99 24 41 39
76 21 3 62 40 78 41 57 16 56 48 41 41 93 3 96 79 82 69 3 11 99 97 22 21 83 64 78 96 99 86 99 63 26 61 9 32 9 36 50 47 3 9 71 9 100 82 54 48 92 2 84 77 35 25 87 70 92 66 66 74 62 43 52 4 92 49 82 49 78 32 80 94 33 39 19 15 58 1 3 1 32 0 8 84 91 41 13 58 82 69 7 85 1 89 21 42 93 73
15 66 41 42 37 5 31 31 20 60 18 26 20 16 38 52 94 22 27 39 15 14 26 79 59 31 61 92 87 14 34 43 45 49 27 72 6 99 64 69 87 13 42 76 91 47 65 16 67 97 18 6 100 4 54 58 38 12 80 24 34 96 32 16 55 66 15 54 83 56 51 85 51 11 93 53 14 39 34 30 90 55 21 44 29 5 5 96 66 100 35 62 71 22 54 20 44 73 35
36 78 76 82 79 85 74 52 47 64 92 73 25 44 87 88 37 100 84 55 92 21 61 69 71 28 83 46 57 56 47 56 80 73 40 75 78 96 78 75 72 42 41 83 17 37 73 79 2 76 38 27 56 48 72 39 3 84 47 8 42 52 69 40 74 74 54 96 14 12 42 5 48 62 32 93 69 61 47 99 78 2 43 41 69 2 18 89 59 36 70 36 79 63 17 80 93 70 96
81 24 70 74 63 8 42 89 20 98 100 79 50 53 94 31 98 71 21 28 42 22 78 15 16 77 64 70 26 47 22 55 5 84 28 90 37 34 63 59 91 3 73 53 32 24 67 60 23 47 60 65 69 21 65 44 43 94 4 85 19 55 82 67 8 41 35 19 44 0 44 52 17 64 88 39 66 34 95 83 33 3 84 95 89 77 33 57 83 69 10 34 66 71 0 55 97 22 3
32 39 26 30 42 47 54 24 48 96 27 7 6 34 15 42 0 26 65 4 24 77 40 69 65 85 95 78 84 30 65 26 54 88 75 50 87 1 49 40 94 62 97 51 7 72 27 45 85 24 73 35 15 17 67 84 14 20 45 70 0 84 34 25 86 65 28 35 87 91 54 16 83 78 48 94 22 16 73 73 59 38 80 46 36 61 82 32 67 70 44 32 58 73 67 47 47 78 5
45 97 46 26 85 62 97 84 53 71 42 17 20 55 70 97 75 51 89 89 36 62 34 29 43 43 85 97 50 13 97 82 60 10 89 64 76 69 67 95 25 70 81 92 87 21 27 42 91 9 7 77 91 78 4 67 39 88 94 27 60 4 18 54 1 14 30 15 19 94 57 71 41 3 19 63 0 12 17 88 72 17 77 29 85 24 42 77 90 62 25 44 84 70 55 2 36 71 98
82 69 11 86 85 38 93 69 92 16 35 91 50 57 96 72 85 74 93 12 2 70 0 17 29 41 72 25 58 73 44 76 21 13 23 37 17 9 98 57 54 47 0 4 53 2 85 6 95 29 34 16 89 14 83 4 55 86 49 21 66 5 48 23 29 97 52 97 9 27 83 26 68 10 22 81 77 42 42 85 67 60 63 42 80 38 46 85 75 88 95 44 90 30 24 21 97 32 96
81 78 40 49 64 22 23 38 81 32 24 40 56 21 0 33 15 51 7 66 74 96 87 95 82 50 52 56 94 88 20 35 98 0 84 79 57 16 81 25 39 14 34 23 92 12 17 87 29 78 58 17 70 92 22 96 59 80 8 26 19 65 72 18 8 12 92 48 74 50 78 1 22 98 59 3 82 93 73 66 25 33 67 65 26 86 34 78 83 81 13 4 5 75 49 21 70 33 100
41 60 90 11 37 53 27 14 7 73 35 70 29 60 64 64 81 31 73 66 5 16 12 98 93 20 32 67 93 72 89 83 77 16 31 82 22 49 71 33 9 88 93 87 66 56 22 65 100 61 100 64 18 92 48 62 67 36 85 8 21 48 72 34 54 34 94 48 38 45 65 37 4 92 75 61 83 96 1 7 94 59 53 78 90 34 21 10 88 56 23 3 19 40 73 50 11 68 44
21 20 14 6 98 5 60 89 1 18 69 5 28 42 33 85 36 91 28 80 9 40 26 30 13 58 53 34 22 88 36 4 23 38 56 67 84 54 73 72 53 55 100 9 48 15 98 41 54 50 39 32 95 2 29 97 44 31 33 26 15 19 54 51 66 80 44 98 76 82 76 9 88 60 37 49 34 12 21 51 68 97 29 36 90 65 27 67 36 5 4 87 39 72 81 25 6 39 11
20 71 8 15 97 5 10 56 31 31 88 83 1 29 51 70 4 51 69 84 26 36 66 97 86 48 38 18 65 50 89 74 24 89 76 35 17 68 27 8 71 51 37 97 46 89 24 16 72 96 93 0 83 33 62 39 46 14 89 42 53 54 32 53 20 49 3 95 18 9 73 75 13 1 84 51 98 28 7 93 62 74 10 94 18 76 88 77 10 59 10 60 65 36 82 79 72 79 44
80 1 61 77 10 31 44 41 54 45 78 7 27 37 86 35 31 67 68 51 29 95 68 2 3 47 44 72 47 61 83 44 30 56 91 82 74 3 72 25 5 51 29 43 79 15 9 5 15 17 47 69 60 99 62 43 87 57 52 35 19 18 71 26 95 13 68 51 52 33 54 63 60 40 1 40 51 59 34 35 61 93 41 25 60 100 70 31 27 9 49 19 78 43 90 11 57 53 12
56 31 94 22 46 4 67 24 15 67 52 81 85 28 65 57 43 43 24 13 64 11 4 33 0 40 4 40 1 1 66 93 66 26 76 10 48 26 77 76 63 97 23 98 56 16 13 37 55 74 80 28 89 76 29 82 65 93 26 54 41 20 36 42 68 12 21 46 71 16 36 52 39 26 30 53 74 39 3 79 42 61 72 26 12 99 21 52 13 0 8 84 82 96 76 43 39 41 8
