500 500
0 4
3 16
12 43
24 46
15 9
41 42
17 32
42 25
37 15
11 0
18 36
8 27
3 17
48 18
7 48
20 24
5 6
40 14
25 10
19 28
45 4
17 32
12 16
37 46
13 22
39 32
25 8
22 40
34 42
44 43
41 31
45 36
17 44
17 24
7 35
50 11
17 20
19 6
14 38
35 5
2 43
22 28
32 28
35 18
7 1
48 41
40 32
16 23
43 22
15 41
12 44
23 21
7 0
37 48
8 14
39 2
22 6
10 22
46 23
29 21
11 30
12 5
36 17
21 19
20 32
18 12
24 0
7 42
2 32
1 38
33 26
33 34
36 18
1 44
1 15
33 47
31 47
1 24
39 31
42 42
46 2
25 16
45 31
29 2
7 28
7 32
4 22
41 25
9 18
5 26
2 29
30 9
37 44
41 23
35 15
6 22
25 2
6 16
1 11
23 15
27 37
42 2
27 48
0 45
22 40
32 3
38 46
41 46
22 41
39 12
12 45
39 28
37 36
17 15
41 29
46 27
49 4
9 36
40 43
24 22
4 27
22 26
1 34
2 16
35 48
17 34
30 17
44 33
42 2
37 50
25 44
35 47
12 27
48 8
11 14
34 14
41 41
18 19
11 4
21 48
22 27
40 17
18 21
34 12
7 17
46 48
4 42
0 16
22 8
49 24
8 11
6 28
32 24
30 2
31 24
4 42
9 24
4 38
27 27
30 20
32 29
41 19
3 39
26 11
36 33
19 50
25 28
27 28
30 39
5 44
15 7
15 37
1 21
10 5
1 8
17 34
11 42
17 21
47 11
27 39
28 7
34 46
6 3
9 19
30 6
43 25
7 27
45 22
29 9
41 45
46 1
16 12
38 32
5 12
31 1
46 33
33 41
20 8
41 28
40 2
31 41
0 38
39 16
49 32
15 42
15 34
50 10
48 12
19 5
40 15
49 50
15 50
47 31
34 5
1 9
7 28
24 3
15 46
8 23
17 42
11 9
33 27
43 4
11 24
6 10
42 24
45 32
6 29
12 3
32 0
8 20
43 8
22 38
6 30
50 40
0 3
45 48
27 44
6 32
24 7
12 45
5 16
45 19
23 23
40 12
35 35
4 17
2 42
26 12
31 45
28 8
30 42
22 41
31 18
46 15
10 29
7 38
49 22
8 16
21 8
34 21
49 12
50 45
32 6
12 3
49 12
35 12
30 34
33 20
22 45
24 34
40 40
18 25
46 39
16 10
20 5
40 42
15 23
2 34
7 18
22 4
8 29
48 0
11 3
41 16
11 18
21 32
34 33
34 34
36 40
29 7
7 48
39 32
32 46
10 46
38 0
22 5
45 37
15 26
16 2
18 13
17 4
4 15
23 35
33 3
7 20
5 36
49 43
15 44
5 0
46 43
32 26
9 36
8 33
3 5
17 35
31 33
9 33
27 29
14 35
50 0
34 27
34 3
35 26
20 6
33 33
8 32
6 30
45 36
48 3
40 8
10 46
37 34
44 29
0 4
22 8
17 42
16 45
37 26
44 4
18 2
8 21
4 32
39 46
26 4
47 13
16 7
15 25
21 5
5 29
32 10
7 26
1 24
19 19
2 15
0 35
3 20
38 49
4 41
24 16
3 15
34 0
26 36
4 36
32 32
5 39
25 47
5 25
41 4
44 36
38 37
22 22
33 27
2 37
7 44
23 32
41 16
37 8
44 9
24 25
26 30
29 49
1 26
35 25
25 26
0 20
39 3
31 40
24 45
0 11
33 42
23 33
15 34
32 7
48 23
34 3
4 7
39 0
24 35
5 29
41 18
48 1
41 0
25 50
8 5
12 10
14 34
36 19
35 21
27 14
1 8
50 43
24 41
35 27
28 26
11 16
15 9
49 18
37 27
26 24
0 14
37 8
37 35
16 21
32 43
4 8
3 23
17 46
15 3
0 22
3 50
17 42
3 16
39 10
49 20
44 36
17 27
7 34
23 28
43 2
31 8
17 29
31 5
22 27
23 47
16 12
37 26
46 7
23 48
21 18
27 6
24 2
29 43
32 8
50 13
2 25
0 46
33 34
24 24
22 2
13 24
0 17
15 28
2 40
4 26
19 41
27 14
6 4
35 2
22 38
5 8
7 23
6 6
21 22
0 36
25 12
44 50
6 14
32 19
23 11
50 0
9 4
31 20
5 23
33 30
3 31
42 35
20 31
5 37
12 9
25 26
19 18
24 34
14 9
40 12
14 16
45 11
11 20
4 6
46 34
