500 500
0 8
5 7
0 40
40 42
1 39
33 13
40 5
15 37
24 25
50 35
7 17
10 27
41 13
21 35
5 50
8 26
36 49
19 31
25 25
15 36
0 6
6 30
42 47
21 23
17 8
2 1
28 41
1 24
28 20
37 18
45 8
12 2
5 41
45 8
2 8
37 2
50 19
23 41
24 45
36 45
9 1
5 37
36 7
4 34
0 1
47 26
49 49
38 44
42 40
13 15
5 48
44 14
13 13
16 37
27 10
4 38
50 41
37 29
39 22
45 18
38 36
17 40
33 5
48 35
2 11
0 8
32 4
28 41
39 9
30 42
17 41
17 36
23 32
5 13
23 15
22 33
12 4
37 43
3 12
39 29
32 21
36 40
24 17
49 6
35 16
5 24
6 30
27 14
29 40
40 29
38 49
21 45
30 8
27 32
50 18
2 0
20 4
25 14
21 47
48 22
5 9
14 5
0 33
9 28
40 49
4 7
32 0
13 11
21 36
47 9
7 4
23 43
4 4
40 17
19 17
24 18
36 14
28 27
28 33
2 36
39 2
29 32
3 41
4 7
16 4
9 47
34 10
26 42
23 3
32 33
39 15
49 18
31 21
15 43
27 44
50 4
3 35
44 29
20 5
14 20
6 22
6 45
46 44
7 21
48 37
9 2
2 35
36 18
11 5
41 23
7 37
1 34
48 10
23 10
42 5
19 5
0 25
13 3
24 48
50 19
1 39
28 38
32 30
14 30
43 47
6 0
6 37
13 3
49 27
42 8
19 11
19 4
31 39
38 25
3 47
22 10
21 46
6 4
34 13
2 48
34 26
13 47
41 27
47 0
48 7
18 43
43 31
9 32
32 13
4 11
18 8
33 12
23 34
14 50
23 27
33 2
31 40
3 5
25 37
0 12
37 15
15 32
8 3
46 32
41 11
18 28
10 0
8 6
26 12
5 18
25 35
36 36
23 50
19 30
50 49
39 24
17 19
45 50
16 6
14 30
48 35
30 37
11 30
5 0
37 2
30 14
7 20
14 33
35 39
33 34
9 42
50 6
47 31
39 38
17 10
13 20
24 2
16 17
7 35
21 2
1 13
5 31
34 19
40 33
29 17
14 44
29 8
30 2
5 23
12 47
33 42
7 16
7 22
50 49
24 14
2 48
12 38
46 10
34 26
17 13
11 50
31 50
41 25
32 49
26 13
6 29
34 36
23 32
33 24
4 6
7 23
32 19
0 38
32 43
23 38
5 7
13 32
28 3
7 44
6 10
10 8
22 10
15 44
24 34
15 8
25 20
0 19
39 9
8 42
11 47
17 23
48 12
33 26
23 3
37 43
18 11
30 16
26 26
44 39
29 29
30 3
37 1
47 36
19 18
47 14
22 18
32 24
7 31
49 16
24 16
6 5
38 45
47 14
32 42
25 14
30 26
15 30
43 22
16 27
38 33
22 35
23 7
16 10
9 25
43 11
27 12
12 25
16 42
47 2
17 31
4 30
39 47
42 15
29 19
16 23
49 36
29 9
9 19
37 44
22 35
27 44
21 49
42 19
37 24
40 49
12 4
45 43
35 35
42 6
30 43
16 20
24 47
15 43
14 1
4 38
11 7
42 25
35 14
49 21
14 42
46 5
12 26
29 40
5 47
23 0
6 46
8 1
43 23
13 30
34 42
11 40
14 9
7 1
38 26
39 16
14 2
47 12
21 49
34 0
46 35
5 30
14 37
33 15
0 23
7 36
32 3
26 19
36 28
16 35
43 23
8 27
30 43
41 34
3 43
26 7
0 8
43 29
41 6
11 48
1 34
39 25
24 7
40 42
22 39
7 6
36 15
28 21
44 9
4 19
31 47
18 50
47 47
46 4
17 41
15 33
34 15
37 13
42 11
18 36
41 26
50 1
7 46
13 47
45 42
29 19
4 30
47 4
15 8
34 37
40 23
17 1
16 0
27 0
0 45
18 21
11 18
41 36
35 25
39 43
24 6
11 38
9 24
13 23
21 19
28 50
36 39
25 45
1 34
11 22
13 33
16 33
33 14
5 13
34 18
10 49
26 40
43 24
31 9
32 23
50 18
14 21
16 2
11 16
5 14
11 36
29 41
9 49
39 41
5 16
40 11
23 14
28 12
11 33
14 35
46 29
41 25
18 9
41 42
35 11
21 50
49 23
0 6
6 16
47 15
19 50
0 10
15 43
27 45
10 37
28 39
26 46
47 17
27 25
4 32
14 19
44 29
24 15
36 25
46 7
31 19
