600 600
0 52
20 12
28 18
30 36
18 25
27 4
19 49
54 16
4 11
23 10
6 45
3 35
33 38
2 50
5 38
47 60
24 14
57 28
22 20
53 25
57 48
31 50
49 51
4 1
6 33
0 24
24 2
39 48
39 51
31 2
39 30
13 9
40 23
14 20
28 59
22 58
47 38
11 46
22 50
54 18
14 34
51 57
44 58
41 19
6 46
56 9
36 29
33 20
1 40
2 4
48 19
50 54
28 14
51 35
60 41
0 6
46 51
37 26
58 22
38 55
31 51
14 37
16 31
18 14
13 56
7 7
54 5
43 8
36 0
45 25
18 23
51 16
23 46
54 51
10 3
58 29
0 11
7 42
2 49
48 37
10 51
33 31
28 38
7 44
40 55
3 45
40 57
35 55
14 12
10 41
25 45
45 22
38 23
46 10
57 25
17 44
12 9
4 52
0 9
57 60
41 11
17 46
47 54
6 55
46 11
0 50
11 53
46 29
18 8
32 2
3 51
41 57
57 17
0 20
29 16
45 2
38 60
15 44
8 46
45 36
32 34
42 32
60 41
35 33
6 3
21 4
10 41
57 18
18 19
45 18
35 31
54 7
5 20
15 38
39 43
55 44
33 0
57 36
25 57
27 53
16 50
47 17
53 37
35 18
20 46
4 39
36 45
43 22
51 47
39 37
48 10
11 37
36 22
46 45
44 9
7 44
22 44
3 13
43 10
10 9
48 12
10 51
57 19
28 38
17 46
29 6
57 17
45 24
46 1
24 18
23 1
7 44
55 10
52 45
12 42
41 23
0 57
29 60
32 52
56 33
44 18
30 18
33 32
26 32
51 18
55 47
52 35
44 32
47 5
43 24
4 20
41 17
58 30
11 23
2 52
46 50
32 7
55 58
47 25
40 29
59 57
48 59
42 45
0 16
16 37
17 23
24 50
9 4
58 11
25 50
32 9
5 18
43 60
52 10
16 27
21 45
14 36
2 2
57 26
4 50
59 37
26 4
18 5
0 40
52 58
57 20
46 5
50 25
8 56
47 14
27 32
40 43
54 30
1 52
47 38
4 15
18 22
32 43
15 36
52 29
0 14
2 59
35 41
5 12
49 47
54 40
28 10
5 28
15 27
14 4
5 51
17 40
14 43
48 20
42 7
45 34
54 26
53 54
2 3
11 29
60 47
51 20
47 48
18 53
5 33
46 1
1 22
9 47
43 50
48 54
29 23
23 58
13 59
51 15
42 11
44 52
4 60
53 8
59 30
1 50
15 8
52 9
7 15
20 45
46 18
0 51
35 39
3 42
9 44
55 48
30 53
16 50
22 36
48 39
35 27
39 26
6 8
35 47
38 6
20 48
41 16
41 25
34 48
29 30
48 41
49 8
40 2
19 18
14 26
43 18
28 59
29 29
49 7
53 27
14 9
0 37
56 26
46 57
52 27
31 1
33 10
14 10
32 36
26 24
35 49
1 39
53 12
26 21
47 37
4 46
9 55
8 32
50 50
15 17
6 38
17 1
52 54
28 16
21 46
8 4
14 45
40 43
45 10
10 55
58 41
46 57
19 27
9 8
44 38
14 0
27 53
2 42
14 41
41 2
55 53
7 39
27 29
36 28
20 9
33 39
3 32
8 31
55 9
34 0
1 59
0 56
58 41
55 17
23 50
21 55
2 23
16 18
53 53
9 1
15 9
48 31
15 11
41 19
11 25
26 32
49 48
30 33
43 42
55 52
36 28
13 43
33 6
60 13
48 7
52 12
12 42
12 28
58 49
34 18
52 31
51 55
17 10
31 0
54 0
50 12
52 42
36 55
46 33
20 48
38 33
8 21
4 8
41 57
54 53
4 50
28 41
36 5
55 14
21 39
41 34
10 0
20 15
11 27
59 40
44 44
53 37
19 29
49 33
7 35
48 8
42 32
14 31
12 8
31 25
14 50
17 12
28 31
20 60
19 25
23 36
5 40
55 42
26 16
39 50
6 2
16 43
44 33
37 49
56 1
21 11
11 51
13 45
57 30
59 12
17 3
24 26
53 30
44 56
52 14
60 13
24 12
1 43
5 17
46 42
59 31
28 52
60 29
24 10
14 55
34 40
46 39
38 20
21 7
57 2
43 50
40 38
53 17
54 12
44 56
8 28
60 47
2 31
43 48
46 23
50 54
5 16
40 44
8 23
18 59
3 54
7 34
37 33
57 58
29 13
29 35
12 5
35 46
45 1
7 2
56 21
42 47
26 39
14 17
5 26
21 7
29 31
28 37
7 56
54 47
56 46
28 22
14 24
35 59
33 28
52 0
8 26
8 1
10 32
9 47
52 53
22 43
15 17
14 40
57 33
2 14
19 1
25 13
46 22
6 27
59 23
44 36
56 10
10 60
35 0
41 4
54 47
52 2
56 3
13 0
56 23
19 33
44 45
32 58
43 16
1 51
35 0
51 8
0 19
24 8
28 52
7 38
4 46
46 51
1 26
42 6
48 35
49 47
12 51
17 37
50 5
0 56
34 37
49 13
40 22
8 53
3 46
48 24
54 20
7 40
20 4
45 38
44 5
24 7
25 45
4 49
51 1
51 2
47 10
31 5
0 41
34 53
20 15
45 23
25 16
29 32
6 38
12 33
6 10
31 31
57 5
40 15
2 6
21 47
8 41
30 50
34 32
8 24
20 24
44 23
57 6
3 22
44 36
13 22
16 26
9 39
