600 600
0 58
26 48
43 42
41 17
25 23
21 47
47 20
0 25
53 59
32 1
20 56
21 38
43 38
15 23
17 23
28 38
31 22
41 45
52 34
11 1
1 55
57 50
37 10
15 46
48 37
59 25
38 16
21 37
49 40
28 20
27 49
38 44
56 8
43 43
2 55
17 0
41 50
19 0
48 37
0 22
34 58
12 0
29 53
8 3
54 30
0 51
44 11
35 6
3 49
44 27
43 58
38 12
22 4
10 20
50 28
22 9
19 60
8 31
16 23
60 58
48 29
41 37
56 19
37 49
53 55
22 7
25 56
1 45
16 16
4 41
59 25
53 30
23 34
33 4
37 16
58 20
43 15
15 49
8 24
2 56
14 33
48 32
17 47
33 48
59 35
47 35
53 34
23 1
54 57
41 29
54 27
4 11
40 43
14 23
8 51
32 37
2 53
31 55
4 14
8 20
43 38
60 14
15 27
1 60
3 52
38 58
36 52
22 34
17 47
47 19
50 36
27 28
46 25
47 39
16 51
40 33
32 19
46 45
6 45
50 59
7 33
27 43
5 20
42 29
48 4
37 33
7 38
24 59
37 12
27 38
57 0
53 24
55 53
9 26
10 60
9 13
31 24
23 52
2 32
35 56
46 51
49 54
14 57
22 60
0 29
20 23
9 16
40 8
31 34
33 11
26 52
53 35
23 28
5 17
31 4
43 17
12 1
25 29
46 1
20 21
2 48
14 39
38 41
24 5
31 55
22 29
16 30
37 9
48 56
41 18
6 43
28 31
7 19
17 33
1 8
46 40
23 8
31 55
42 18
53 1
46 51
34 60
27 25
55 9
45 34
7 32
19 21
28 1
47 54
27 15
34 35
45 37
25 1
33 22
32 19
22 59
6 54
20 58
31 3
1 6
20 47
28 27
53 10
18 19
8 16
14 36
29 26
1 50
10 9
1 2
18 15
39 38
23 25
35 11
43 25
55 44
50 40
21 0
0 59
34 2
5 57
46 48
28 16
38 51
15 21
24 18
23 30
16 2
53 21
59 56
8 14
40 13
43 50
57 29
11 46
52 18
47 4
48 30
54 52
44 58
26 12
25 60
31 29
42 32
57 40
56 33
2 42
55 23
11 52
27 32
30 50
34 5
30 48
56 28
27 18
47 39
33 44
14 5
33 44
1 7
7 60
56 5
51 29
28 42
21 9
27 3
14 59
14 47
60 17
11 20
6 52
17 56
41 17
25 47
60 11
53 57
29 3
20 46
29 7
15 42
11 54
14 31
14 1
21 50
20 28
18 22
25 10
23 21
47 56
18 12
23 28
35 37
52 23
19 1
5 33
28 20
26 3
5 53
32 14
27 37
33 48
41 3
52 47
41 57
32 45
18 4
32 55
39 21
57 20
48 25
49 30
37 41
7 24
46 21
9 56
12 31
6 25
55 34
5 5
45 53
56 48
5 4
44 17
20 16
40 22
32 59
28 51
38 6
55 54
48 58
43 38
5 42
10 34
13 16
26 34
22 16
30 36
37 30
15 14
27 34
8 3
12 5
18 19
6 11
15 19
48 45
60 37
3 29
5 0
50 11
47 24
44 59
33 9
48 19
45 54
43 11
10 39
16 17
21 1
50 37
39 0
43 33
58 21
46 13
18 27
32 38
4 12
26 10
23 7
30 14
48 25
20 60
40 15
2 30
53 1
30 28
20 12
6 57
31 23
30 21
54 45
5 36
37 56
0 28
6 44
23 48
39 30
1 11
32 42
28 56
47 35
18 38
47 18
9 49
54 20
40 13
12 21
25 33
49 8
15 57
20 30
25 59
10 0
13 1
38 35
54 36
10 43
56 42
1 36
51 25
49 29
60 4
30 56
46 40
60 12
29 49
52 8
58 2
26 57
22 20
25 35
49 36
23 39
51 18
51 26
44 18
1 31
13 59
56 29
11 18
51 12
33 53
60 6
28 38
21 6
30 37
30 20
13 11
28 18
12 52
31 48
36 56
27 34
52 9
46 13
9 14
10 10
50 3
45 41
39 1
25 26
35 26
42 12
22 3
26 34
2 43
41 29
22 20
2 3
43 36
1 17
54 29
10 13
19 32
35 33
41 49
3 36
49 11
22 35
54 9
59 6
33 51
50 0
12 58
17 24
47 17
16 16
30 35
42 52
20 58
9 37
52 52
20 9
21 16
48 54
47 60
36 50
0 7
25 50
36 45
18 27
8 57
36 59
60 22
47 24
9 57
6 53
50 23
10 34
44 3
41 51
43 8
10 57
6 57
39 26
36 32
14 2
34 44
2 12
41 15
51 19
9 12
44 58
46 28
23 29
1 57
12 29
18 35
60 33
24 7
5 57
58 15
5 34
39 38
49 53
39 44
50 50
37 59
59 60
56 7
17 4
47 14
18 8
42 60
17 13
32 34
12 42
40 40
10 46
25 52
51 2
38 58
39 45
22 25
23 32
34 6
0 27
8 53
57 42
4 25
30 18
59 32
17 18
8 58
23 4
17 29
0 35
57 44
21 42
31 55
33 46
3 10
16 54
18 34
12 15
30 18
60 37
60 15
41 6
25 45
56 12
40 58
18 48
55 14
3 58
20 7
54 41
9 31
8 38
55 0
8 57
21 58
5 59
31 8
21 15
46 6
0 17
28 9
33 47
57 15
24 58
30 30
19 52
33 53
35 38
3 5
32 26
12 10
18 13
13 30
