95 95
66 31 48
73 72 68
33 36 10
71 62 56
68 25 56
36 80 39
79 9 83
58 14 57
56 48 27
73 88 84
2 6 69
30 29 18
40 82 45
85 6 92
83 48 54
28 87 46
61 63 47
37 20 30
84 9 88
4 32 41
86 77 86
91 79 93
89 38 64
18 81 50
94 86 103
70 66 59
71 80 74
78 2 89
94 39 68
32 55 10
67 67 57
39 65 27
20 0 57
58 94 75
74 29 58
78 74 75
35 3 45
56 49 28
80 57 60
1 53 39
7 4 66
35 19 29
49 55 27
4 79 62
47 17 43
12 52 27
5 13 59
28 8 41
10 88 65
31 13 33
17 15 45
48 94 65
79 94 96
70 86 79
64 64 51
86 13 86
24 81 44
55 61 39
2 65 50
0 12 65
69 26 56
40 49 12
34 93 50
93 39 67
12 36 29
21 10 46
78 81 82
1 57 43
28 55 14
27 57 17
5 19 53
29 35 13
52 77 52
41 32 22
36 38 11
59 21 51
18 49 18
22 51 16
14 76 49
90 71 84
54 60 37
85 7 91
48 72 43
57 19 51
78 13 78
85 16 82
65 64 52
3 81 65
17 4 56
54 88 65
34 18 29
24 69 32
85 38 60
23 13 41
63 32 44
