95 96
84 13 135
75 37 102
60 63 61
24 4 84
79 83 96
43 82 59
12 64 12
77 60 81
57 34 87
73 5 132
46 9 101
29 47 46
30 94 58
67 52 79
3 40 27
68 55 77
10 23 51
79 47 96
60 62 62
16 70 20
88 39 113
2 16 50
33 80 47
89 16 137
66 47 83
83 60 87
45 57 52
93 20 137
49 62 51
6 55 15
87 56 95
14 81 29
39 24 79
91 83 108
8 61 11
6 48 22
79 26 117
60 16 108
71 24 111
89 0 153
86 7 143
9 81 24
64 73 71
61 15 110
48 81 63
94 1 157
93 7 150
3 21 46
64 5 123
84 72 90
46 34 76
17 82 33
23 17 70
85 36 113
35 50 49
10 78 22
23 64 23
15 39 40
82 11 135
8 46 26
52 52 64
47 30 81
64 56 72
71 56 79
38 84 56
65 61 68
54 65 53
18 94 46
23 48 39
67 10 121
10 10 64
90 45 109
55 45 74
53 15 102
55 81 70
28 55 37
9 67 10
14 13 65
61 14 111
6 47 23
74 72 80
73 27 110
90 69 93
9 28 45
64 81 79
82 18 128
78 41 101
46 89 69
18 64 18
31 48 47
1 50 15
6 50 20
3 81 18
85 13 136
4 77 15
39 31 72
