877
334
886
440
106
937
13
711
425
889
3
765
42
375
440
75
133
356
328
509
891
308
41
438
858
691
385
349
550
22
415
302
527
144
288
484
73
758
363
692
401
651
857
195
918
103
637
802
916
838
385
541
327
612
453
709
762
33
269
790
307
526
637
689
875
287
132
838
584
896
461
120
238
225
973
910
56
530
280
310
80
814
675
262
123
630
793
517
642
344
619
318
672
198
65
167
257
960
769
993
923
513
570
39
432
452
451
333
770
997
670
234
881
528
657
446
468
772
238
116
1000
949
429
690
375
406
795
813
581
883
960
585
637
829
627
146
899
995
789
331
60
112
880
504
862
643
459
24
686
735
710
587
678
832
349
432
435
548
555
499
168
147
120
993
51
237
333
631
824
292
662
913
592
399
810
136
520
485
347
629
514
992
315
722
809
609
243
985
586
185
965
349
696
1
40
673
416
116
204
942
162
640
781
780
253
614
672
451
604
741
988
16
210
675
284
619
14
960
505
510
641
889
37
295
136
620
465
983
260
406
715
75
231
750
124
514
255
868
933
813
515
959
129
348
384
100
401
992
720
210
927
365
690
810
891
162
952
356
457
627
428
819
592
332
177
585
656
879
275
469
691
499
846
603
439
249
729
770
637
463
92
88
208
621
439
711
794
43
541
642
747
430
466
489
687
769
292
291
23
585
671
460
221
696
146
532
897
680
717
164
886
434
280
302
401
912
934
800
123
869
764
854
437
473
888
988
778
93
3
570
205
531
596
26
510
903
413
653
115
304
621
242
641
875
674
857
443
488
885
269
671
586
523
747
804
502
455
633
413
64
995
585
694
474
124
180
817
526
414
633
879
984
625
281
795
439
329
259
680
668
807
927
189
904
97
572
416
213
351
436
36
972
511
215
266
784
515
767
805
642
581
768
610
530
125
707
276
637
153
597
174
620
158
713
206
743
910
271
941
481
668
809
137
97
346
700
921
554
983
729
627
39
623
629
702
416
757
674
274
184
150
969
594
179
621
969
712
406
925
465
729
785
44
901
751
78
606
541
204
79
676
21
149
833
631
905
692
819
13
271
54
226
251
661
715
180
999
522
498
723
238
47
936
220
113
283
575
8
589
765
364
579
822
612
520
640
469
991
250
574
918
457
326
126
389
776
929
35
85
822
347
448
859
658
500
901
132
162
819
107
160
536
61
379
970
474
739
189
224
403
108
917
935
368
27
388
137
800
867
796
40
929
429
369
363
568
271
748
511
842
112
62
630
662
898
310
967
111
810
909
1000
520
560
24
574
912
496
838
129
330
393
538
492
894
961
466
736
503
260
876
780
297
154
358
884
787
205
467
18
969
318
279
283
191
515
236
812
344
521
439
28
739
501
812
283
119
393
550
493
363
892
210
2
76
896
438
508
86
36
273
447
280
303
446
770
841
941
966
112
539
572
768
450
500
183
473
305
198
837
252
651
535
614
479
410
231
80
883
480
212
45
68
856
198
768
621
164
806
738
105
485
133
795
516
106
425
723
816
739
757
54
187
858
351
93
40
637
987
290
464
21
792
462
423
177
6
828
928
858
451
434
286
157
192
505
846
73
911
167
952
768
433
537
801
824
655
577
55
199
164
786
896
883
307
753
328
32
267
10
192
718
322
907
262
933
40
716
33
969
912
886
811
285
692
532
489
516
958
641
104
708
222
134
647
453
277
685
122
87
372
139
573
498
112
450
349
873
268
184
105
398
658
581
247
202
241
104
330
722
468
294
219
807
799
815
404
563
120
85
267
467
721
648
694
481
313
806
714
24
283
22
526
706
113
270
862
529
891
704
763
976
275
91
647
28
773
984
705
973
165
427
554
402
908
318
306
390
880
704
46
203
23
222
874
979
468
580
667
176
343
420
7
927
424
281
178
569
101
431
968
309
460
54
556
891
811
64
258
437
175
47
604
562
179
880
15
988
6
41
473
767
526
307
504
934
998
103
990
306
930
645
710
44
898
816
226
865
344
