337
191
215
917
727
643
683
620
739
88
374
921
678
859
887
741
175
981
106
743
808
607
909
634
672
746
173
533
173
702
879
801
441
265
641
909
362
71
975
87
246
602
981
60
323
530
825
668
634
427
182
209
195
519
278
239
928
212
700
301
717
692
306
793
524
604
805
705
208
130
143
722
45
923
209
271
997
387
458
96
487
560
641
303
430
54
36
357
242
197
763
718
923
62
735
631
891
69
305
711
678
33
167
175
674
103
874
696
213
928
823
383
735
734
325
414
1
509
166
867
362
685
107
468
448
297
826
904
132
938
85
45
709
150
26
795
484
345
703
489
707
378
689
785
778
174
42
789
300
40
707
373
446
237
563
891
799
369
169
943
267
654
135
862
957
323
238
405
729
423
993
116
939
752
339
944
829
641
769
603
836
863
550
630
606
282
518
769
653
550
70
305
209
189
212
450
608
743
105
778
181
70
830
289
399
669
993
199
233
892
497
99
974
730
652
814
881
499
812
998
243
86
457
160
875
862
742
683
608
697
173
814
527
143
537
47
528
135
727
671
870
321
508
599
296
958
566
22
423
84
740
17
664
470
976
349
147
978
149
438
989
842
411
890
135
124
332
976
837
166
281
3
828
588
344
947
654
414
281
589
639
413
142
574
75
317
179
456
487
173
31
176
845
739
684
982
743
334
965
469
934
942
962
294
955
588
883
835
101
34
542
976
455
524
55
383
895
533
817
5
932
305
912
463
377
471
306
80
575
486
347
959
371
247
503
726
314
609
