7195
456108
525418
709138
616523
586378
67252
275194
507258
83304
610854
602109
676876
149981
117113
146499
784595
565368
742138
461431
937778
263974
170955
892518
681715
395743
817981
587074
783123
513189
379846
404565
38886
559177
806593
78651
514382
777926
300116
413369
323647
118334
603494
878381
947700
452413
269949
435642
174184
543226
275679
857925
46343
138404
2557
548505
824537
752326
848786
720681
406018
944041
912838
985475
826527
331675
571006
207967
503076
893751
964102
623218
996310
737501
939475
288614
140942
658837
402561
965738
761293
468789
930388
283314
873206
237713
771525
705044
35227
828336
484590
906896
415720
111906
763193
412335
620585
906665
421858
203172
770586
986613
591048
736505
281461
806037
486353
48171
472601
216606
435624
483847
205748
516581
77854
390519
189418
476087
674065
895142
958573
105556
671822
561398
808155
132190
858014
642055
289047
540302
599704
200767
760037
300015
264106
191672
956987
662163
42638
824682
968741
142278
650628
237213
289572
608074
844660
898680
142165
900006
55670
277654
575373
86404
429484
307030
356049
516468
420496
851157
480778
73735
604397
202446
801123
525907
998451
449720
988031
512070
189415
954514
534599
163431
222318
573612
472307
700820
49992
289305
690773
694675
442940
997686
309023
326788
12018
528999
43833
909663
457224
630962
179844
589192
468566
274374
297705
477797
359669
26868
371375
189116
891965
939002
632614
994238
422158
291346
334209
416484
280095
758826
925362
664620
209726
290328
884046
995496
52547
314936
810918
419023
800312
474835
549676
980496
307861
574037
442633
818100
108179
891329
64765
748292
166901
343336
592685
51128
142885
964656
803695
183242
145324
270388
201488
665742
776640
331606
548811
399783
850862
222506
624464
243275
890250
131231
920255
26352
358070
364729
40916
957575
128241
449532
54021
228502
177024
342216
111520
2684
531662
41838
214953
5637
908953
315488
106527
735460
338646
252267
914866
133244
959873
31357
820190
279190
372594
116333
188060
866192
594081
948630
319886
261395
29270
782707
278149
781489
568678
354996
167173
7846
824758
430640
605600
97003
296975
1512
301242
856731
119540
153004
34687
444670
252723
455845
705164
619212
661108
775572
288498
268091
725111
641076
843382
579844
868265
211468
314214
364484
887416
608919
587891
198086
494154
131241
953577
485351
60158
129841
802729
402142
730728
757054
481548
427140
660824
157882
406181
703311
819565
473615
743892
799238
157429
525184
675790
286839
393270
709478
961321
483140
98937
944300
498438
204512
553307
231751
356720
35195
771430
574607
758272
253369
688315
454886
61560
612952
689946
598260
712461
480725
195115
907418
399189
662082
714523
216201
877745
379046
775921
583941
2638
48977
208446
924866
245878
754616
393153
452271
635753
339070
541188
199736
984319
347056
381749
834715
960719
713252
368067
599743
233080
948953
486010
874539
843509
658969
668116
981443
812011
548879
724425
983222
331635
429098
902215
779268
278242
230756
640135
4489
972441
629430
623670
164140
427705
858926
812322
66334
116216
718918
328293
519193
975737
245349
669355
502580
130985
877595
612101
787199
648578
694781
729881
142117
692700
268470
847175
7192
608545
885601
380955
264000
240016
141911
285645
358863
281127
516133
861180
912054
886404
369665
584287
465463
273419
337777
305300
163045
465191
146646
292314
775865
988310
260873
300686
225797
587955
966094
97000
844679
422789
47936
559049
933204
64325
92936
617098
508970
399688
388102
633431
786738
117246
608219
837400
931443
824383
592974
445699
343749
520526
905841
711295
887514
118628
629944
20216
584836
583007
59395
632977
883152
63356
451875
162906
201357
364494
59965
942804
574644
663797
773134
666104
7924
197785
617910
866925
505726
285381
494063
265003
97370
894434
618368
31486
853236
85031
175682
366927
603107
584889
690870
640803
448219
741267
641359
494642
837674
537917
238182
193837
530551
912217
410248
869692
146175
971264
672462
697403
832522
868476
158210
905223
377950
374475
998634
552248
968545
844363
327453
57726
156805
983389
179466
450093
863387
809489
651621
480761
518296
437755
676660
733681
755300
302184
310609
374283
141099
578388
754155
224032
562541
551669
974582
47310
463300
858418
996150
186197
418574
63586
153005
758115
865989
483218
675697
538719
992360
211661
139999
267893
395590
771281
414478
472740
17751
811827
908228
634469
115513
702352
757
23147
739106
794365
19681
399012
743173
810433
317560
330273
647586
339511
426653
521321
284361
420886
322877
699835
169398
505411
573787
596453
37239
529937
978269
150963
502455
108278
629735
410605
836512
257609
27539
708582
350089
632886
6348
529705
362173
191705
339870
214436
381904
470836
70897
257699
892804
205475
847981
705041
112771
342346
864630
819078
767533
244154
607832
719119
600859
1086
606830
173732
244093
634277
969762
282224
239369
487588
727967
258163
784708
26983
18300
72957
386707
453958
662399
60486
728554
397215
927885
436340
38649
254214
960199
490963
795704
891151
329866
857227
152788
728163
758807
999168
956359
759179
28805
899862
48810
243280
684931
179828
96862
740054
164136
834577
486361
619336
751493
66050
581394
102310
337162
291043
9644
167665
308370
399920
547571
745509
858765
389419
932251
303182
309234
228274
678033
394028
276340
386872
457440
157534
924576
883972
635237
255605
719349
974988
576339
958084
157461
703945
118123
492149
567417
252337
34803
737509
766851
895848
953791
963362
193144
2965
46372
808471
129451
400885
117954
51457
182045
61103
862509
342864
98864
671721
471879
846948
771972
228491
324007
127042
362143
290985
349652
951643
848689
606485
408967
541513
936339
837606
411167
533875
871279
81657
355147
464638
89406
543201
981897
225584
971791
537920
934000
388739
972808
841471
52706
758275
148118
858909
928505
886723
98902
484056
440743
636516
178925
457229
808447
95337
236848
277560
314133
952347
79352
761834
604004
804593
189872
522902
610174
37955
973386
654953
53000
771423
837246
755221
846612
768423
196164
477630
734971
772906
35590
22965
680492
412643
905657
763327
689533
162691
102543
292094
207301
857726
138310
625809
454773
118050
786198
759194
225859
56945
318649
287478
5205
258852
565082
972102
661759
615093
228396
80739
934146
397226
209059
976482
392243
85858
779907
162523
754763
420693
730539
551590
136965
463051
666469
283065
67710
909617
236684
252476
294884
695027
624347
817003
803650
178264
971934
95096
108378
44913
707915
221330
730856
843488
911980
21572
257779
553261
254404
798233
227269
337270
846381
697582
723199
704814
925191
955431
981416
453986
2451
729255
182835
894548
601945
708355
775700
582219
791965
90233
332557
983947
237340
751138
635278
443012
943176
461199
770583
274683
590678
546330
412823
362157
150684
497343
673100
43283
305873
536253
175402
974965
560879
812682
227142
697457
129053
366838
160464
799748
494105
890678
277011
150445
240701
186618
951289
761577
365450
401184
319032
83430
778838
36085
573558
862817
595559
662551
614095
541437
541359
190893
380913
810495
586106
594088
292460
673169
584331
9096
920175
687283
309327
928981
870647
486999
585080
363218
452003
158305
305201
137516
432273
134625
560859
934674
217837
219641
815111
202669
326098
235900
566729
408678
584762
676350
500968
998838
162625
238416
561445
4085
916767
662527
894360
94222
617297
491955
882499
237316
737558
427680
154187
194396
230838
594942
443745
420058
665025
635356
712282
455252
148540
92930
576877
533609
332895
477825
581525
882317
483475
756677
456819
959975
912544
717480
952900
904892
121093
774555
313256
278075
236032
987823
201635
229841
897216
146075
764317
314711
8179
174976
379100
546019
130611
818922
405593
50337
652212
879491
684158
368729
415894
610814
475292
403977
29160
775364
822425
329781
30911
785582
216859
133729
95386
335916
66733
217043
391937
832170
438528
802913
900854
851981
783914
56294
265698
405775
699463
878454
852836
955413
6435
786659
673747
535474
274317
264954
758313
369710
236568
189307
724679
52572
77093
920746
315323
224206
451205
479918
267928
767783
843291
638461
211839
925294
509883
200517
231314
520015
67830
27782
516263
418539
362867
957082
209872
320229
496264
440659
361405
154672
101371
827625
955124
148916
911079
126003
646094
941433
941136
293201
230210
120891
975020
242066
160852
837152
814239
659592
34640
573361
730856
754379
443416
369737
884229
293426
840809
961815
798557
125453
533945
109961
470499
599393
218912
942359
483549
524122
313150
166764
764931
254666
398308
376719
405381
984773
400371
482603
614505
206141
255735
558700
324985
256149
691500
732955
751892
40406
529133
254226
887340
580557
504262
425544
330391
554795
870923
845219
475273
906093
498746
572078
201593
113940
262339
321077
85811
837453
850738
849389
965366
553733
313064
276406
790504
973443
664208
890350
14820
996728
672729
499162
33259
232772
307373
36046
220172
859339
99445
475079
928416
121802
502558
656783
68938
14396
82135
464725
392865
946038
464909
882617
113896
472647
264975
12138
966157
130754
435625
487752
198269
782148
903764
317241
701744
709381
854149
658404
772135
187345
312835
624614
702430
656573
481848
503402
252870
410094
474910
219657
349878
340104
449635
685643
431649
931696
468854
318859
553793
125360
43561
136956
703028
760412
197243
486278
638724
393129
390761
907619
250842
22289
822464
229349
344582
922419
257181
126546
687316
417302
156020
46891
797776
606651
598743
336327
912879
135186
34707
157556
176448
869232
49103
405667
384286
91923
202889
770716
558228
895218
825643
316217
573290
638816
866959
654068
280480
346979
680066
562237
808174
927660
540877
987233
445739
625149
161831
62050
966436
247977
886598
905174
880514
362214
761824
587089
991190
765379
642227
40677
669718
222897
889827
65917
118878
396023
752472
442719
488897
437653
588246
356657
85860
423588
762875
249265
233514
393441
264357
31522
257583
635759
505591
580419
9242
669282
608988
593454
320224
682411
768571
292642
884361
668859
325102
546849
608109
506668
105689
884407
935446
974286
732884
217087
699919
453461
746103
803654
704391
350368
627633
242217
1191
919961
43610
193216
52637
794418
516127
878829
379522
177910
68603
993903
226736
912600
471846
651855
485450
875795
374516
367730
56802
100583
373118
605465
522755
54333
229554
88388
678598
977296
984383
625350
261284
465681
694509
857523
334601
860513
598124
177036
859183
363561
300856
560572
593927
322170
745550
24225
73282
214916
328776
439326
862882
665157
796720
321125
950458
50905
450061
837157
631526
141728
290698
252863
133125
298916
336699
380982
546700
92036
109296
216366
115592
296218
106715
837946
856196
157301
946873
393928
621583
688993
87951
616855
12889
255301
549100
327363
334524
308026
501964
115411
306484
15765
28568
859492
36302
120348
682199
397066
665871
807002
116956
342885
120244
853543
507841
245729
875057
649574
611211
685847
740841
901683
229571
668789
207249
794018
629299
151408
230340
853286
709339
484354
390432
159769
477627
410152
396372
743873
79813
687773
15906
391284
813892
451661
836155
727346
57776
184825
446008
774945
753475
634320
19961
8806
70592
600537
668915
81999
73375
161390
592481
595804
45721
81240
929491
55229
30997
734673
166126
751891
840352
848160
782953
874012
633584
914978
684581
530018
234362
597640
465405
643258
969270
339409
240511
669772
676997
745280
473235
970316
512632
500784
693397
373216
410612
257607
572829
156898
102988
596305
146704
421658
457964
254163
707736
941348
794689
401360
396838
85691
694217
991240
669625
320265
637272
841888
698564
407726
180226
790189
788440
571062
680267
700693
954763
740962
485828
959697
922571
537011
207961
224460
905803
109138
665508
790260
702830
453307
525459
398359
123148
845393
87232
335213
697019
132723
900288
446039
375095
422669
206978
613312
384523
67851
325370
331485
321543
323446
178067
456252
838971
426584
353700
788148
459859
973686
621238
929188
530639
235500
883941
3874
104923
80481
980060
776097
775960
926423
118118
311306
262529
266372
173433
389029
661114
16360
880377
950260
569187
494250
707348
573751
561901
384135
978817
196969
839444
738342
848164
455763
314160
905110
445556
141788
426439
724656
503536
770810
183904
923922
782185
948528
217638
279949
975375
367556
927876
4629
709198
177009
242805
246582
884332
73894
264875
489702
891472
756793
672036
412493
336867
470433
946018
769788
455949
516961
346691
36546
90436
975774
827734
431193
18258
763857
555808
278780
745973
877834
844961
539576
226206
28945
148649
663958
851551
658321
136208
917050
616914
894429
230136
134428
336676
917844
104907
973290
257548
435371
402046
19734
185496
721287
417530
587455
966804
111101
530683
949767
209573
265776
921378
350485
361297
520435
417519
155345
673359
939660
289453
620864
853506
4377
692349
504211
358087
307117
643388
777976
626666
827472
688691
149121
774413
333706
663702
340245
410285
895096
678419
731987
476462
644098
325410
694389
70976
507121
2276
452899
348734
655188
224685
561435
833736
711655
905652
468449
628852
695767
729550
779998
840708
48953
640487
325762
785751
646797
415822
643827
417656
278811
762663
22586
238246
686201
151063
8051
993549
270715
875669
869066
590780
668349
518750
888221
667273
183363
740120
676832
192834
96216
950796
53557
747354
219214
220699
920743
698376
485626
617104
62444
560000
143169
937340
720350
5004
98377
77943
948902
342388
298229
452428
723207
719330
495113
307777
57081
402262
816409
988031
542577
484463
548761
867924
347146
773003
716574
165927
235003
230456
810525
213634
552119
867418
102074
307904
708860
420721
110538
644539
548897
162983
866702
122291
82338
594331
432961
986298
882376
77961
892328
557284
245445
809088
219491
400119
575008
247689
460925
453807
951443
487083
181666
633294
660017
891383
241279
692000
902100
507905
182591
573329
119943
142952
68481
524472
875952
449238
804803
908091
121908
578788
106793
888098
843807
879492
751341
290940
98996
509118
42359
217929
967695
804940
970112
350232
949174
408337
128222
448840
871246
63304
887798
332342
770188
755649
429620
61767
314545
426546
458778
918519
918038
518852
71086
186942
871315
614206
969716
420924
183306
833717
823902
575861
270615
466095
246315
226096
412106
439312
593570
497681
240528
533513
489359
184101
564072
802089
11373
628213
210048
368177
247846
357123
408333
912572
624285
469053
242594
861736
854757
821801
718276
448589
988724
781944
200125
400852
889991
162947
944005
403728
896321
830121
387977
257148
691202
836793
704261
569259
264425
151850
75365
696039
965459
797765
269600
443928
27005
214219
602817
116619
205476
614037
367193
18898
549435
691160
437494
306309
575685
902613
159590
626545
342958
853832
750083
157217
861931
868159
383848
453654
247850
83122
632563
60523
900017
522663
227480
227810
664012
358627
684442
51979
935819
775902
711351
84249
204862
154910
499523
850421
911230
341265
787028
176626
441365
550767
651991
981965
38400
112385
681903
236115
622252
895033
887408
420846
980538
135953
475443
804307
654196
280568
609924
903507
686270
171907
809628
282598
255426
450306
348070
37616
212022
298876
581155
29355
490287
164541
214917
581061
6158
792503
971592
867868
963597
394022
522112
543407
598564
881030
372
318236
329911
574492
313015
847671
626537
231736
918735
900384
674816
372302
64693
680037
725336
373388
454365
239651
677078
637504
629727
348108
850394
643818
674639
611885
825346
283386
724612
642538
672009
481967
435329
958708
636805
842031
545372
28388
148074
948221
764352
955107
886770
215536
136068
377519
537759
524885
706686
79099
312336
886150
838195
501407
906994
153726
914322
72075
47764
472485
146534
952778
440670
591065
418989
116746
368053
35959
866602
478825
179849
716467
433008
73852
487185
162250
196288
126093
459606
10663
580558
836779
705186
362994
91809
403720
441602
384671
454640
295173
780303
283998
76145
490818
3582
703235
736169
637219
611101
754891
88324
306499
296865
895165
294634
141488
927961
771844
730820
687745
296844
980111
355808
847972
993854
721536
277082
366434
336373
409570
718045
244007
38605
266647
307776
258165
461506
416588
667552
899223
626370
294141
759545
712958
267728
543405
391805
829383
441930
990381
624010
608730
630600
186589
447029
855801
204680
617852
178218
150326
855459
439272
772267
110035
744963
307489
462192
287873
844156
599160
772974
419264
534148
662078
529778
572043
455262
245586
45384
407371
401037
90346
968403
620682
820449
959709
714757
302128
833399
523232
385776
298602
123891
20984
91007
741240
879901
496721
166460
772245
318804
766548
404401
484144
155545
246363
302550
533341
420849
680338
858428
803533
224078
248950
445625
876184
491562
25357
722928
73872
737163
689797
742483
951830
899688
652418
982601
385739
313803
25974
934318
289707
637550
850776
961069
245949
212967
95831
482214
272582
98167
929685
627068
720567
520375
206948
312929
738180
44385
633267
907558
995442
207015
616945
850853
908387
701525
128434
897990
604670
304036
670767
113628
137139
612784
381169
89556
515013
398888
657743
477241
975344
824980
198746
158574
711045
182439
639918
279102
598788
287514
508097
769102
337212
142604
78183
520307
299078
908573
230081
181950
9012
133331
207446
717283
836942
227169
198842
865850
818674
150449
195999
478935
526321
28490
40551
758536
116865
781656
436203
354917
409393
851006
987890
194844
834839
930047
609374
665035
906799
406724
10286
521342
560036
536442
585108
193596
471836
815327
342383
913959
789421
916941
745435
730647
2708
981482
182687
735842
318479
661139
876915
318117
862777
602778
832013
634988
26203
409500
343148
641091
434809
130808
190657
34034
794788
630258
76825
997198
566574
552162
644032
265480
885671
348631
116050
569310
606047
305317
213111
558487
846173
419654
622131
552683
299921
734117
585166
352709
476995
763330
952099
107914
530829
813901
384382
620823
858903
824362
37517
23583
466415
741826
221265
757891
260945
325082
959781
488392
728999
537337
443238
854899
266194
672829
314047
218937
220835
337287
40626
69216
299506
151925
743612
337612
788449
298126
602035
145485
550010
430562
816370
317394
603155
956109
153724
772024
909080
506401
332874
215366
765240
860203
22958
738212
881480
923952
572327
77997
6475
822097
605660
485640
51169
208069
588408
398870
949903
310701
322340
850951
958411
431662
117125
751387
702706
979346
807511
914365
261761
18696
565142
332705
297554
764643
33006
472590
993639
306416
300571
450458
563146
4516
469148
910927
98918
602330
737763
139206
26602
861923
742873
193301
256295
548135
745559
388845
68255
943841
581969
626179
104253
88573
340598
392983
599991
970549
145380
341906
176012
506737
228068
521567
816686
330406
705658
109288
104921
452215
302287
553822
459967
313014
529938
766594
262668
425362
600199
1888
669643
302617
493004
720268
585693
923593
782498
848199
44642
562563
551864
549516
306097
629598
819068
178147
66719
40567
123331
124506
988743
233260
336624
670113
260699
440566
717956
489851
151489
448696
58513
246041
952183
796555
723679
182588
781795
936916
641711
893944
763843
956291
600358
315570
409549
701134
94196
100889
892185
775278
866058
72240
389758
784378
932162
93181
530660
877274
516159
678930
817043
377345
856175
139241
259790
644626
70698
701446
874733
831914
215555
290510
845123
830590
355323
975484
69331
128853
895921
492746
538509
269755
151649
165686
40793
746528
52854
763629
590184
813480
712811
238264
418092
667533
403078
25211
924417
742627
573339
257333
40340
507984
650689
481286
889642
896743
346652
87490
414353
564484
955772
736646
312309
674017
812235
995311
907242
906980
18422
792652
471805
181239
404584
422959
329576
110123
336382
513876
176360
352150
935177
901546
525298
641189
814263
932499
965452
81197
151681
908497
305502
851355
533278
959434
76665
38708
120896
682752
883916
454577
989069
996041
43575
75648
228575
732077
904905
249551
144920
51618
865738
421198
173782
699875
41453
724694
664341
1561
788290
603227
186555
341215
82343
170641
669062
625363
576916
43901
937552
745865
982392
25515
814634
513939
430245
101289
496818
282586
72479
439637
709582
890817
37731
866029
251062
531296
833543
521400
597422
192299
636604
184880
780837
620400
298706
908792
955199
873377
358610
50665
997121
291874
459467
607408
287515
91330
330580
340954
451106
962802
145444
626629
185912
149153
268818
881095
809272
388975
842678
338273
410320
203697
649612
122178
796737
986779
975437
868700
773702
394571
246714
997694
246589
143684
286528
297714
619507
323041
629599
37875
186832
635217
697588
501801
29079
378136
82597
613916
723657
519649
143613
568233
553457
416880
454729
253338
15449
914001
294672
733199
729211
89960
584844
873007
350397
174548
892032
839635
287705
686342
69439
856870
163782
147014
234720
796856
543344
914366
863433
854395
858433
434023
462072
288760
549730
749199
691172
80627
670251
558274
617807
158225
907236
761715
535190
875326
412455
190864
150818
351988
406808
765145
461684
353819
911680
991358
213631
577287
396828
316042
456745
237924
295293
272784
533851
962661
969757
690298
338302
528048
177803
740718
944609
899434
126777
316622
481105
483873
657353
656071
338025
686059
191513
533405
551510
491993
602875
867925
763437
903960
875308
829109
998964
141132
68719
529527
533137
125855
564083
937462
644867
365561
833969
254513
361221
859795
624291
580424
445379
145074
514018
382968
584683
414661
164347
961198
391522
159903
792971
655917
844217
1018
406968
985265
399710
837800
703839
872198
881144
388791
596161
11856
480468
519978
728266
74998
914839
724105
730840
914154
762298
825799
698637
831982
417717
848648
926768
998390
557447
306534
371109
22360
419127
344175
560997
482631
150116
866810
371702
261607
217599
459623
554485
396356
911442
948872
557343
231184
340561
981318
338844
83463
174906
979394
902265
292660
61040
163904
595326
618715
795964
602681
192229
433907
890116
150617
392057
589246
751606
439557
749108
750414
845938
655682
679481
967036
996877
551616
471517
760422
936293
224998
217699
366458
761132
872915
457671
181029
792712
243289
382953
750704
647971
905585
514007
917318
476287
797751
30632
783439
749368
928227
768234
763082
811577
632533
833245
3449
175841
676032
468332
651958
740321
7686
267597
109136
495732
908687
33079
798044
362740
962808
744034
527067
795963
954631
34147
467991
189316
191841
144964
872183
294713
191998
691531
458859
144841
635344
420766
817013
812785
787043
375154
561158
157316
813652
307206
561178
54131
850482
360364
587623
432717
877965
619607
708875
917359
158912
632726
14661
170519
309708
251289
598280
62405
298545
405152
559047
543262
233313
77761
966321
711748
372718
825558
484183
498227
14573
850905
49163
437946
473278
98223
422040
574890
668078
348289
488255
835277
446809
670377
716911
914938
192095
657934
294113
677666
30900
701595
341004
248803
257860
589650
721499
734617
880361
847316
108130
680511
695900
49950
913404
736346
69501
782520
68997
940556
758647
546420
662432
768729
380657
762140
191433
819106
512702
254128
522585
955301
225483
270171
155692
214522
458009
20342
353002
696980
291383
437416
596586
176675
568288
753869
206414
716335
445300
579307
375132
275312
41065
297519
135577
843891
699624
116078
974054
780654
350700
261443
896287
999424
465013
784293
478186
446994
293150
624385
514410
562103
926508
816054
906965
815195
469956
385416
341755
811788
431489
155400
692383
684626
824219
961619
971766
512526
279703
983583
772623
288058
14952
208122
347646
970049
88671
74493
650183
262222
948893
560107
742915
772118
42736
808805
8526
816354
889793
89811
933067
503346
977605
283429
307258
183931
465202
174172
538311
763081
447375
575169
23566
665489
434491
383210
281945
308982
858663
103929
439559
842393
776560
501324
475736
931961
13647
992769
855390
826983
26283
573261
257430
234788
719671
618524
247611
868542
189709
430997
910359
166459
566438
249276
917732
800139
783400
372229
145009
187285
221845
794322
946128
435263
141603
698588
976932
489966
305212
197040
63252
97559
497386
515579
879517
247471
497421
382813
585145
671589
833787
522331
770128
950834
985477
334613
544327
635591
866924
968882
571145
808785
64308
730317
968108
509343
241122
171530
578625
130509
595359
717274
715451
44423
726385
54936
79588
314947
141483
644782
473747
766248
979967
421506
30858
376385
624816
47271
741847
591556
191652
807203
210653
525139
210574
328684
841685
237214
446739
117609
343547
116114
309928
303152
288215
414969
58041
182057
309443
923326
919100
46794
12656
107765
949454
329100
519977
662505
344761
645640
665816
120058
659545
898156
493267
897051
658778
993043
708900
949922
641242
945711
504455
663446
930172
606549
340695
384201
727681
999234
699368
107768
108478
181067
687005
645360
876268
323156
128592
799392
557315
801146
239052
834467
521029
517460
893137
488161
146941
598493
560842
8457
30219
802325
843945
940229
533362
603304
699293
731954
894672
949715
174830
999704
965813
39571
215600
157679
413389
261721
348443
95548
341040
942026
602185
522483
404847
796291
913983
455543
276857
73684
184802
477245
151271
897186
326782
126079
944513
337066
355555
14399
530594
152152
263540
332050
747238
937115
555116
369232
443674
697847
821242
16484
366348
57627
730652
156394
820539
569519
241550
529696
768671
159482
828115
2152
394981
326382
278134
609141
592037
647097
349837
6678
410535
238132
921200
770221
177036
348952
273091
186036
279131
413917
867170
993884
993266
578765
512105
812154
676306
558456
668561
364740
696968
265857
437645
189054
670483
993247
637080
563822
903746
379540
542597
475869
222004
599333
359018
392356
695174
858277
784482
381614
421733
57368
521088
181324
791685
383535
624446
527293
310421
724879
326892
652021
803461
505456
412606
506587
125355
99529
199079
681317
608568
113036
431087
860429
992032
51364
75164
840901
426852
831400
679718
186828
159798
461321
757281
72902
212936
560473
498005
498716
828100
35566
111892
693288
668781
458602
929897
828823
146954
284018
238276
276256
206704
891847
86293
872397
181043
843317
54322
199453
794228
684528
128373
516174
122987
671840
713809
766064
405688
907983
434079
244626
783686
645074
816314
148921
403233
556697
837147
240511
131491
520964
493923
749012
404299
594751
788708
769826
829342
891443
970434
655448
535087
29343
885301
178009
621617
339346
695923
781394
160945
111783
74324
836651
466240
332611
262159
336975
737168
918129
167863
59534
236919
121539
534378
210650
653589
259471
455776
888141
899013
505888
564693
763430
268756
31424
273794
748813
753675
801784
661361
685585
19024
640928
640568
207158
231402
639561
789794
639589
152457
38533
469452
159213
469698
100762
35388
974514
279529
84339
430316
20500
466796
911187
979314
962980
972078
710599
906056
114737
255078
999504
945729
335352
690755
5304
471599
253413
20949
673344
621314
582192
267653
791340
403827
522897
654370
818962
15614
499953
78919
570180
410179
424683
5005
544612
715239
492505
440414
812002
702374
787188
387213
450492
594639
107597
996451
384551
912492
395395
465420
592673
773121
192440
736719
92800
441416
492861
389682
848807
91836
724059
538488
21150
701826
745928
168130
412261
778081
136792
954633
641873
575687
382256
225916
948175
25528
593912
380662
313217
448853
769114
445338
175459
915973
178561
328789
27368
55887
479711
339916
40284
173649
613714
595131
458216
221229
955515
568229
86527
138268
328029
569816
249338
12955
306494
795087
825130
984963
485849
495366
549976
684315
730951
410446
994373
467472
51643
985799
985301
694717
396714
579789
69431
511387
753088
549768
734096
760737
650615
605491
757922
77924
984088
468385
799212
662258
160577
260421
967201
347049
422549
672238
605863
808650
786580
391358
74410
585959
78593
873686
624822
294881
46894
72947
378851
94670
807541
870993
872948
293237
939030
297804
104558
845135
386846
846237
85036
778067
957350
473985
664302
749874
868331
66325
285130
538758
592634
401015
749181
808589
560801
304984
55904
202405
262047
491691
7396
751095
243140
252470
345270
542094
196401
459341
946936
397286
443417
186512
759546
134179
526987
138471
988754
172606
232512
49095
851708
434720
997799
655575
617237
658420
133608
692184
563072
864295
923953
134077
383385
356403
187738
538854
201319
482216
998851
662616
878965
36869
148023
161225
575115
917515
392897
693133
828223
117728
553111
951061
131794
466752
382336
485527
341739
426223
821033
413958
850733
428774
497447
699709
846066
505012
987043
328683
391957
206480
540163
935894
771375
908017
120898
495558
806540
628478
181491
163191
128619
687649
424212
983366
802446
713733
499695
806871
273102
164064
253681
100385
681755
191946
432641
233580
567064
653842
222
789770
13052
266762
387504
874970
736010
598916
693043
872647
632652
775336
879250
846827
922670
978716
533178
48944
943568
517698
500332
495301
122401
921070
146838
210911
550578
178140
289274
802633
885728
773087
166843
249663
294658
515732
264416
940215
421223
403494
573857
582372
341607
90025
248341
944717
720776
995819
51225
327400
858562
763304
497751
909996
439964
661400
797208
240715
656102
165549
847254
118978
721671
761362
840452
179651
374129
863212
187488
946284
570474
786282
399131
453255
191247
566810
103441
194424
718767
268374
944086
832424
206998
312308
699563
455992
150443
302324
276527
429021
530171
271511
846649
625196
653378
724732
499309
513309
219126
537070
299020
814183
379821
836831
550161
219476
94397
592633
108244
454991
189593
863258
408314
915227
717408
536308
79995
412187
230536
801493
446565
881508
111221
566090
832897
328316
398802
433327
412037
775443
312217
544981
678614
899389
996471
566410
499561
545165
410794
148488
472832
656790
4221
794298
357553
146374
192273
229165
196135
335495
803483
934093
578756
876275
729629
377589
357575
775744
195734
528033
950274
688127
161960
465378
761621
318081
411253
767622
189578
997420
687235
28674
556436
791398
107392
870808
579697
896430
333874
742353
399635
219259
87863
381340
824242
880162
857761
837292
74471
558624
455938
815744
833176
636502
105379
297002
578360
986291
193351
524996
104293
195175
280598
705088
920058
123933
692269
476673
506718
254518
650743
265211
931770
811655
38319
369847
766153
272503
877985
943023
524723
182507
40882
303808
837444
387411
165567
86306
457516
246689
588384
961549
399172
684461
906918
524609
353359
644472
278373
214754
520024
499251
651644
410937
280408
152557
130992
98513
305674
341209
528534
101129
782299
15089
704401
732656
941721
530838
500311
855671
383764
855353
732898
736180
797775
100441
319880
150157
693091
224790
783714
958465
318566
443261
902819
649013
626281
237143
302736
457096
581057
743910
977722
820673
809333
586732
533016
550339
164751
130411
722029
676639
996135
11156
318106
553209
754036
333281
327271
262787
326063
214231
646475
859386
63746
470707
663554
28666
45217
246619
759375
270808
565907
946489
593971
928808
470016
520983
937036
658234
772160
171037
422321
843964
230515
179329
839052
137288
666181
19297
158011
229495
78625
192307
75659
397275
918472
20582
675415
294978
603442
248185
64069
666882
349916
881447
725553
491749
70806
653720
433776
956347
419495
154748
192950
291836
871873
721444
24817
496394
793129
831237
280095
916197
948255
431306
219113
391242
989753
213245
517998
938176
32323
113291
323462
229905
194737
170858
531629
917253
361767
472614
647467
111999
898651
288034
323235
291027
152637
722128
16777
599468
572180
271784
566401
728623
632226
764962
716228
403298
829615
395092
449775
960744
957060
248882
920591
931817
608242
402097
55397
807171
868979
968877
478562
959851
175666
199116
918848
412539
209561
761576
173169
262194
476434
443321
657506
824982
502228
179730
295612
401215
822786
949246
352974
251008
128015
805816
387631
665094
57253
967885
47604
650625
826777
650058
941347
547638
646407
809528
79124
463191
287786
758888
13235
768453
302219
847171
421929
309818
635914
736500
507965
198467
420111
318806
602051
315405
588841
310652
896023
956917
353610
132846
374115
828251
288811
459329
70171
903529
92994
254789
577453
680357
716128
951001
597807
315417
174685
811988
272654
36026
883908
111403
900232
962478
906918
703125
220713
190694
391860
309740
465843
713893
524928
278802
747462
727689
856995
677015
727824
899996
505169
745080
273749
767509
988502
631248
997972
619222
453940
147622
446206
484256
41266
625608
203819
30983
592637
150781
103666
506033
325303
337712
849879
259
620489
87999
360784
846268
972664
696016
585123
999164
757081
982986
331149
741818
843375
553688
63545
685817
296654
675122
39372
710454
431054
693290
599667
91125
373200
882378
282064
819039
111380
183406
644425
504297
728964
117165
244295
133701
728125
520512
183770
238544
197887
483230
344085
119463
461111
457686
690708
499309
232585
763007
668119
441009
704948
998128
998110
803244
618322
296967
967746
719471
594565
82389
475748
445587
440511
905829
311648
554023
577126
136073
606631
67755
611496
624796
683549
563236
988639
825454
977480
431851
837115
664080
497110
441613
405774
14054
320445
736820
458891
878898
59730
985487
958172
212730
477570
986819
968495
254909
583359
137038
735639
552596
858761
426651
739311
261927
278776
604880
964866
871356
716111
5360
541480
624837
373315
54022
842200
13926
605089
723936
762928
652745
910304
899070
857095
411
407860
242593
624522
193313
607452
899450
370195
233645
178953
786518
7442
228582
613558
296191
510226
565256
925771
449133
948708
989388
936964
272674
667171
295277
813563
840079
256377
222157
367499
312548
959135
81298
149661
8337
605893
593591
736491
585790
220784
829608
229790
255945
488382
965532
709586
852266
207143
600459
977646
198980
475547
252
692351
32001
799460
514933
519981
857985
259742
167370
179498
661204
812969
226856
372107
131136
226994
584664
401942
451701
976440
729022
803372
743154
545938
373635
300775
913804
718599
21559
920477
575878
335618
378158
209822
257611
460459
62560
483579
935094
311362
962083
386259
792244
953765
273575
419826
170545
614816
867758
790992
935740
870640
185900
824580
894852
549525
643899
548737
639312
627770
688638
295693
281653
607585
212681
415701
136770
64952
369257
584184
256214
638332
216422
816004
130720
863699
975824
807452
411106
742232
716441
971833
826375
106706
530209
941823
454542
839766
781850
845743
763156
926760
73473
858428
407201
67214
671955
998794
2305
986427
111628
85560
766572
729846
363353
388132
376905
783076
281732
535225
279966
755956
279129
63075
971429
443953
457631
398282
342255
656849
382340
495820
877669
55932
654825
345941
207037
718828
772274
422210
643654
175663
189381
513256
444403
819411
777175
132081
741547
724914
749512
458129
358407
204224
664342
679778
456678
147924
71284
63497
166754
69654
546958
945087
742318
200996
895719
647525
60866
67582
630684
725652
604353
308942
588227
408762
407023
787197
914202
608831
602208
24870
841408
848746
190361
887989
950166
96308
682032
596438
470444
343861
50791
316697
643753
87214
149326
854949
381549
294658
879364
936451
848740
438905
781163
556641
422207
889748
350994
474795
213268
115434
258774
959078
861201
813165
103412
130226
110857
822370
262777
515749
519634
233904
35884
450505
594453
38361
396946
264487
849967
240364
353962
342622
256327
120065
731967
872252
632955
61720
7250
197911
61895
202635
803133
84267
938614
902561
179453
824414
585096
269542
831762
462874
399113
355093
611516
686524
934402
557578
43463
590919
224513
798601
384581
75132
865618
522262
508815
754168
623997
621017
698087
460755
101482
749091
485672
845799
494116
103133
978768
892233
472912
388877
243531
267752
860894
37091
872990
652719
968624
987279
224346
767516
442923
370335
680951
3877
861710
508206
296054
132442
955640
706141
950588
275307
467500
620630
598323
987020
55942
534721
275976
576473
302032
267062
949933
883863
152092
537123
501508
273957
166907
45315
63129
914040
951222
95541
780647
440388
133570
918233
902124
157978
993176
174747
423623
338694
303302
23047
297947
31434
45783
201507
714671
621663
997474
467929
620431
431136
650453
42792
480735
43673
661770
141912
756926
463515
45176
716269
398065
732594
266871
446677
112430
471990
358432
706773
688755
559650
571837
732986
190929
278684
146901
571990
951397
388998
240960
276197
420430
268859
714801
38185
799756
721269
95045
202793
860551
209296
683984
338005
196674
400859
537516
164806
970113
771180
925407
584773
266214
728088
314721
573009
762377
596542
920394
170545
277033
545355
845457
339128
278327
670982
480831
257732
866781
68938
117590
594716
779408
924705
713453
251557
465518
8022
199227
899923
580166
751650
480930
976510
226597
453563
960081
809054
791319
585579
328729
663787
620356
322121
801460
704865
284370
905437
368166
172251
249359
647344
793112
660222
880133
590643
435474
25327
748170
387415
560268
17115
803112
171839
274535
151025
96805
275868
282370
520557
19596
415812
734131
985492
342081
38664
199788
73695
657348
605569
101396
581576
892385
805700
963257
579840
743326
780583
903122
836398
276734
696868
327100
741135
760301
294720
166384
908772
696876
996595
625211
927735
151094
719308
102916
199570
34060
585581
605330
145441
358969
949080
732916
441560
768078
641030
565781
356669
555803
404729
705074
380100
537555
282805
586420
723904
513624
610057
856629
723874
750716
680476
831799
246712
202779
598600
100580
574384
181789
755317
316921
29190
386924
629019
410763
850714
7248
510081
794571
53281
243826
642022
731597
520801
316327
316474
257037
636309
441547
196759
688990
315623
505729
686243
664871
797290
72364
533795
330070
310554
556343
852354
91638
719471
561082
665772
648590
810076
307939
647412
934098
379179
456925
315798
727349
456909
897144
403737
200006
101742
242292
270033
690609
315186
549577
645075
542420
297906
583805
954130
350495
552866
149089
409590
647313
343425
23446
517482
823088
228211
491211
623790
920090
777452
131913
482340
994188
692213
890898
600013
308182
422516
887289
744560
885680
749838
476213
514342
344208
457553
22094
602742
72464
176858
527755
812387
168266
688965
788044
267545
830345
774574
598251
736345
829308
633456
321027
867707
491602
639043
132290
127113
680207
304439
959405
516540
324258
960441
131023
782226
217866
524992
487754
715351
208867
405942
118422
40264
25089
657353
77792
158239
934013
699419
322797
578295
384713
439084
323400
634244
284993
483325
988948
13213
525159
581718
728409
565036
223515
269983
150510
670607
596576
145674
302637
275575
558957
657051
450220
840531
559944
697003
491727
168944
824117
365296
997390
225285
56517
769244
992235
140185
600172
911527
566432
596550
155868
263436
712920
945615
158344
108024
531620
586068
669020
215825
963479
164874
975720
778606
69672
130322
758856
863706
572263
92443
291178
254652
659928
331453
769990
875354
525191
960854
849817
421978
504658
835399
516740
431858
588035
869110
31315
906096
683552
488040
811299
747277
812257
918293
655712
873645
504720
385332
402333
910632
693062
154239
691182
346751
83587
230136
109309
520161
959116
716907
399104
91206
46729
888239
81234
618410
841619
970607
897973
373764
154261
14732
842126
40365
129968
324199
337185
511866
8173
641729
993631
229197
792262
24781
694918
604374
769657
589234
218580
971021
694186
386636
295112
32167
391822
309756
733901
488468
508097
105402
681693
88665
64678
370303
244865
664262
741645
783780
205969
969110
692224
162016
470071
190475
595690
358239
781025
778452
865111
778836
398431
916107
161820
357463
921661
47161
664785
620198
826107
57309
115109
653589
701277
740611
370767
837187
312294
548145
195432
812542
867916
836135
676321
524926
948099
178166
870601
426996
598961
254079
511866
503833
582342
342676
310273
759150
470765
454958
393946
323923
772270
341588
100315
472006
496723
725252
956255
848744
485352
473940
549258
906201
957549
186650
45370
185211
714552
616688
916138
89092
719478
960880
212084
214484
4679
956815
653863
735599
708192
318807
460991
250342
437228
102903
622846
419179
5598
266179
819655
867745
474538
881735
775651
709946
734831
327977
99468
536950
298270
371464
843794
122077
812861
654930
378433
857385
817750
27544
686915
940480
927672
29608
239106
863821
114054
429274
80330
624146
375835
369491
705998
935460
82778
78158
61534
119398
924655
784079
454585
158072
483242
836649
820491
540558
462200
192582
503642
190882
174064
876569
312883
907278
675087
248469
496212
750047
737139
94302
695357
448035
260593
712359
90378
231848
174613
374980
130722
633341
864083
286274
476182
738395
762698
626237
514137
164696
667649
755782
28120
901188
102414
823095
683326
800836
369454
802798
458971
271856
479549
407928
686506
144786
920746
981665
47897
443482
837503
435603
120232
166860
756001
860015
683894
652119
406746
485110
148162
464816
840281
186499
930952
317960
416792
993647
399828
855859
184282
621652
689238
28195
623432
925123
875989
333235
784866
331860
689658
906048
868794
919832
669344
285473
149871
287338
883185
157685
233115
44548
625233
379160
105566
795919
88172
805529
664365
342329
160604
556219
210081
342265
148365
611601
565883
804333
400021
508574
114653
593108
851472
8374
58689
917420
882587
21961
703831
634647
142349
19808
51563
603595
263126
81951
445566
589011
493859
120395
820060
202802
168230
412465
283609
796052
747635
439541
322564
250166
394107
350819
652107
631932
748411
700276
174449
28288
533716
208044
557430
234246
414003
81671
918418
360739
25640
862931
779617
249765
908875
544885
671291
612500
264996
717197
1139
621449
267267
394197
137927
778406
663382
486621
446270
348004
273154
2682
349948
442153
84567
675904
625162
758752
521313
849456
300161
791349
697852
953734
930692
48900
622992
905564
522392
226785
496037
515613
924171
566311
546261
212107
456004
975215
827359
461904
245231
353254
807147
220716
661387
767247
315872
498044
944924
979065
218334
124311
726637
550755
818145
873208
446381
998397
787428
956607
702679
524153
721234
366840
288340
594913
810765
729415
614885
457354
181170
644038
584381
97502
59421
660567
893098
14019
68102
392026
798400
965556
86693
437254
300318
228774
709725
155104
614332
930725
301722
388434
243697
632763
288378
836571
274251
382903
974940
228523
88198
588216
527112
694252
190496
899842
391916
239927
890468
872486
687830
437216
117489
417728
149495
669732
662879
735088
528058
95536
807344
452965
214139
853760
490363
687685
961556
228987
380695
350657
582180
146083
529945
782874
725607
101879
877172
187668
901742
918670
159478
650612
18448
919783
535650
531481
154604
250094
759145
292342
393600
127855
109738
937221
987856
904830
553890
51680
953587
759648
281918
492596
968124
513199
341044
742335
513956
320057
96450
103979
222814
155576
241134
798707
577477
725760
615238
59961
943708
772029
594291
176106
616300
699018
513135
170332
89904
996241
794095
61229
160404
828340
402275
570720
505418
751678
955173
2607
438280
725730
3130
632155
755466
756181
539007
242312
119330
499719
172265
693820
708182
672962
594235
575635
838757
961208
870498
411303
425005
94108
782957
923727
972215
927405
918564
39601
922800
917421
297811
123383
244084
987242
397477
847171
449317
368745
17933
905292
667554
797629
229847
570870
262112
258520
92844
812761
733842
557417
283311
465592
131118
904134
270262
244062
129469
36895
330892
491651
142639
267875
990221
770837
953076
948457
460707
834169
980259
829945
938766
141284
974547
514077
657578
378380
946733
360291
640415
658051
383701
277482
418884
807524
142892
623822
891632
994261
954613
148066
23016
542652
718469
111031
864576
22708
155453
319018
857984
154620
899402
441610
868671
1861
459766
594227
84827
658796
5653
250491
756156
826951
812834
51237
269261
540617
540048
164308
953362
539150
428914
535980
227834
54765
589330
317076
337835
190659
927840
959882
817279
251294
11642
365414
429612
158666
816794
250525
942018
509359
71757
744623
794737
867983
860893
660776
232241
681422
819395
655089
721407
77757
210765
929283
300672
840641
529388
50286
785943
316088
468583
370372
721889
160202
770094
924241
376094
274405
255221
208973
140455
295768
700740
970815
365361
77032
293166
790452
522260
545632
332013
442804
523494
485892
998239
426248
828408
793985
875519
916387
579719
210187
493595
723254
734791
378641
790736
356777
647884
970663
499997
455493
427630
361198
315912
527949
252496
131763
78609
741887
822933
993202
157392
958188
103575
303694
926181
426248
997181
257326
740210
356622
674824
750220
621368
526063
271759
680094
8189
627514
293018
482585
753938
202053
109878
503656
199524
737639
747900
538369
44156
958892
722278
753593
129422
570314
239306
980592
500052
866110
317874
129520
421798
316585
677449
17693
890834
435721
711407
610772
539609
371712
690481
805143
415474
590867
994645
272163
558848
369290
994542
690485
165763
897992
736299
339472
200187
883980
685678
573423
737125
466528
20154
649901
779057
590812
361474
520644
534123
206324
871241
496293
915276
585307
415953
561752
976599
226271
432556
710907
197116
92266
308452
733280
796559
158457
418693
143390
502280
286051
605556
51864
379294
451356
269369
625896
232162
711300
800062
21249
714427
372956
91498
570085
678511
928062
14164
627062
467016
743523
541127
703303
300058
549868
741008
261251
650004
667173
232568
701661
112447
385747
650523
329340
246468
499048
534758
483208
611006
992859
941166
427214
743709
217691
682544
465175
837233
928102
478630
743066
366726
272360
864683
646042
284569
168229
838874
103309
891715
503552
784473
220800
973715
913358
21429
920083
516860
307444
524320
763888
343961
403363
303906
579116
547190
736854
880868
728872
747998
703380
878042
255625
145018
254956
981501
157162
399623
486833
65044
363839
887160
924774
553995
904850
236465
587027
16854
890436
503134
584566
209081
889375
4148
451762
712793
774007
615635
886816
344389
904275
176947
328547
419382
95374
162748
780645
962618
836615
710001
866219
814568
163457
740466
187915
614872
362542
650355
548237
481829
827591
314730
978953
532635
861608
541883
565416
231779
558616
359187
488081
820516
864738
303748
933323
147770
49262
207713
735230
569599
440090
617154
393669
649215
462318
969247
76926
183026
379686
834181
1959
331619
626539
369824
355950
428070
132267
880511
975768
207139
98520
252980
945879
28105
179458
360633
774624
422138
661884
903705
636314
247015
575252
474645
174541
362415
415123
417922
604867
392163
404695
91199
211722
166337
417983
206869
655204
726192
404394
118811
941063
286606
946906
601339
379302
127441
83561
602028
92926
162364
359424
621242
170863
665449
425286
327249
697908
19383
353203
339452
727690
927474
69027
107129
658523
636224
443103
370162
820749
999987
351879
325163
390795
310320
570098
539269
398948
358212
468787
913977
418193
936796
978133
907861
691756
482676
430036
384273
528770
264352
594275
178730
21362
623116
460369
262916
426658
526172
95749
297450
69344
540323
200974
481532
502237
898508
597076
419274
672378
308682
541392
485347
286928
20905
272551
188651
298410
4171
557508
624139
803665
416065
276466
924655
707127
172193
623279
897433
466723
709876
523839
952532
699692
514965
439535
809981
332468
514617
338641
70128
115943
925988
297623
144252
802172
481870
744764
264452
327596
291184
831511
579217
611738
806134
75930
430656
549662
230467
591244
21152
528939
452973
740815
218238
79615
177557
958877
989385
667756
785036
713485
585791
153187
33217
236938
626592
135206
706606
175761
130991
448232
283408
875623
255431
571916
433925
617398
570419
658321
118897
697501
825120
118384
12440
71493
900532
441824
259627
952904
492994
710560
961000
841135
707771
938026
496025
838337
285665
881355
645880
858166
887487
906283
217275
805738
493426
996520
812634
34707
113313
23086
825513
162363
418196
238878
934370
376768
307428
801402
719930
706778
391301
52781
111133
724212
425312
376771
720613
687975
834185
205740
551372
374093
705860
311405
228849
273444
939030
98516
795707
421873
384147
591199
96657
683111
226284
827297
120764
978782
466106
334663
363689
174370
796488
513972
196532
110977
723491
662445
201377
500006
378454
82180
973577
775319
309051
930829
91079
134198
590048
52123
306878
576920
119172
196184
288771
91486
231607
65136
349277
423071
207699
472164
586080
201004
420892
944924
908967
994279
187166
413277
997469
815196
700638
519802
149869
354005
371398
982729
935554
529715
535165
630606
336113
645543
685227
739966
999930
644329
273000
666835
516938
395149
911859
334993
315704
103863
812209
186499
278256
686686
709836
303574
107333
313010
980749
296104
773684
883612
440914
340739
542351
453411
742077
717635
812866
903527
825955
747812
231938
195854
967892
869207
55451
34052
480903
702850
941676
928883
845909
657258
419577
305598
1558
497119
150477
775096
713881
350777
143557
814756
74675
862387
460742
414864
924043
551089
923491
201788
528836
599958
459626
938230
749704
288489
805995
942519
14054
356974
267887
525057
848861
503274
466704
593901
833435
281266
995533
501584
329957
795720
743417
24050
636046
982873
132769
691825
859120
435398
444059
421102
318682
722267
437181
311853
127879
577067
521600
427724
571572
149738
299187
285570
260995
545751
133342
681872
129852
965231
692802
18628
68168
516370
160827
89361
630241
617885
596418
807718
147327
625383
273782
649903
271896
505545
100949
193583
325810
132467
819000
128055
645537
141100
974543
74650
411688
638965
821738
93430
117109
359111
629042
740866
610588
615569
575011
607569
211396
411160
492080
915789
218554
385463
16244
997100
644046
106378
18278
412427
611638
740680
616620
32195
540054
948109
311056
460439
797152
624028
425809
862241
981219
849655
929458
934864
512119
266064
446460
338803
925902
259499
458607
187466
349454
376098
776998
367279
779568
221044
985725
841222
523036
180996
429781
797945
851355
67850
181033
14891
578881
792383
452472
837741
341400
812500
754629
840575
677150
107302
486225
847779
295958
217604
527274
993454
653704
520336
871660
688907
43653
768445
300853
932967
754401
405148
30554
404292
844724
648517
268398
534484
257167
923524
166991
700223
908324
60159
603504
126077
768799
883368
387048
254118
213340
6077
400060
635199
445500
391928
835711
161453
665828
468802
951561
247536
421189
889348
227309
230598
24669
720435
150142
286172
719204
74573
537448
546711
509309
972708
