12 4
49
-60
35
102
-80
-128
189
128
193
-122
80
114
85 84
-23
144
-84
-192
-38
46
-153
34
58
-38
142
-61
-52
-126
-117
135
-111
-84
-90
5
174
72
-181
-118
150
-107
114
-28
121
150
-22
-102
94
46
-141
-192
-108
-94
42
151
69
-16
-158
169
11
-75
56
52
-7
119
-143
-32
-9
-124
2
-106
-31
-132
18
-158
-182
148
-107
113
-5
-48
121
39
58
-36
-58
-121
100
-15
-200
-137
62
57
115
-192
-24
124
-24
119
-199
86 69
-86
117
146
-26
114
-132
-5
41
-42
-170
161
-65
128
49
-175
-91
158
-37
162
-59
-88
-101
191
-19
-133
195
163
15
-8
48
-184
106
-35
162
-168
-120
183
-21
73
-59
9
-14
28
-110
-164
53
-49
194
-184
-87
-112
-120
12
-121
13
79
-126
-23
-154
18
-175
-137
-123
-57
177
-139
-25
160
41
-200
-99
-198
-13
81
-156
-25
-66
-5
-79
-98
109
9
-18
-79
88
196
11 4
-48
16
-111
46
-26
-101
183
-50
5
58
-177
20 2
-174
195
131
-175
-25
86
-19
-95
115
158
-171
116
-99
-133
62
-93
189
-168
186
-119
80 23
22
-141
73
-181
-57
-165
168
-183
-115
151
-68
-21
-4
-152
-113
-98
80
164
123
-107
-46
131
-108
-186
43
137
-126
-31
71
-95
106
-107
-35
-69
-135
60
-81
-167
77
4
136
-191
135
-67
-191
174
35
90
138
-42
135
-108
-159
-172
-142
84
117
-68
-147
-12
38
111
34
155
195
99
15
-86
84
-155
70
21
-194
-43
154
-184
-68
-11
58
-130
34 34
-189
24
32
-150
82
-169
180
-94
-94
-91
-2
86
172
-62
-147
-180
189
-150
-64
-159
89
198
-100
20
-109
117
-185
-164
181
148
-168
145
-28
65
82 81
82
145
-29
44
-4
-19
-93
138
153
-31
-142
161
171
-179
50
112
-73
7
-139
12
155
93
-20
1
147
-112
-49
117
175
-115
-192
58
182
-21
-98
-21
112
-39
-83
17
82
-72
-21
6
-99
-171
-82
28
-11
-69
-160
-104
-176
-27
97
171
61
-199
41
36
-114
1
-154
-132
133
-99
-1
-3
62
69
167
-103
197
-54
103
-150
-73
173
79
116
-96
71
24 12
-16
-56
-80
86
-161
-145
-150
-145
-76
21
2
33
-140
80
-68
-118
12
-120
80
-3
-5
34
168
-31
64 46
-124
-192
-199
-106
-55
17
-36
-42
192
-52
-139
-144
178
146
171
51
-29
39
62
81
-140
133
193
2
-117
-77
103
-3
-15
119
176
61
127
177
107
-176
-6
-129
-18
-62
19
-4
-6
-51
-106
-83
-199
17
108
63
-150
169
-4
-157
-29
79
-82
-173
-124
55
98
-148
-84
25
0 0
