250 249
1 2 11
1 3 60
1 4 91
1 5 64
1 6 78
1 7 21
1 8 73
1 9 92
1 10 22
1 11 81
1 12 51
1 13 94
1 14 76
1 15 5
1 16 8
1 17 73
1 18 70
1 19 74
1 20 54
1 21 53
1 22 77
1 23 11
1 24 18
1 25 51
1 26 94
1 27 92
1 28 39
1 29 92
1 30 57
1 31 32
1 32 67
1 33 30
1 34 42
1 35 48
1 36 12
1 37 92
1 38 49
1 39 25
1 40 24
1 41 81
1 42 78
1 43 60
1 44 85
1 45 12
1 46 35
1 47 54
1 48 41
1 49 21
1 50 35
1 51 35
1 52 33
1 53 2
1 54 53
1 55 49
1 56 70
1 57 14
1 58 71
1 59 41
1 60 61
1 61 54
1 62 92
1 63 90
1 64 86
1 65 95
1 66 89
1 67 62
1 68 74
1 69 86
1 70 21
1 71 1
1 72 100
1 73 25
1 74 37
1 75 86
1 76 55
1 77 3
1 78 14
1 79 10
1 80 54
1 81 54
1 82 17
1 83 52
1 84 82
1 85 43
1 86 14
1 87 48
1 88 25
1 89 35
1 90 91
1 91 27
1 92 11
1 93 29
1 94 29
1 95 90
1 96 6
1 97 91
1 98 16
1 99 30
1 100 56
1 101 71
1 102 40
1 103 47
1 104 98
1 105 29
1 106 78
1 107 10
1 108 60
1 109 41
1 110 64
1 111 100
1 112 1
1 113 8
1 114 95
1 115 90
1 116 48
1 117 19
1 118 96
1 119 21
1 120 38
1 121 5
1 122 40
1 123 83
1 124 93
1 125 41
1 126 10
1 127 36
1 128 76
1 129 15
1 130 16
1 131 53
1 132 50
1 133 54
1 134 86
1 135 60
1 136 49
1 137 91
1 138 13
1 139 64
1 140 41
1 141 91
1 142 9
1 143 85
1 144 23
1 145 69
1 146 17
1 147 90
1 148 69
1 149 63
1 150 39
1 151 35
1 152 78
1 153 98
1 154 39
1 155 38
1 156 26
1 157 12
1 158 8
1 159 32
1 160 9
1 161 38
1 162 7
1 163 18
1 164 85
1 165 20
1 166 76
1 167 78
1 168 39
1 169 1
1 170 52
1 171 86
1 172 23
1 173 44
1 174 69
1 175 41
1 176 25
1 177 3
1 178 81
1 179 65
1 180 67
1 181 5
1 182 55
1 183 100
1 184 14
1 185 97
1 186 84
1 187 94
1 188 33
1 189 73
1 190 96
1 191 63
1 192 78
1 193 77
1 194 8
1 195 81
1 196 84
1 197 50
1 198 67
1 199 64
1 200 77
1 201 47
1 202 63
1 203 73
1 204 32
1 205 25
1 206 81
1 207 53
1 208 72
1 209 65
1 210 84
1 211 30
1 212 27
1 213 63
1 214 6
1 215 77
1 216 33
1 217 94
1 218 21
1 219 40
1 220 46
1 221 48
1 222 4
1 223 84
1 224 41
1 225 91
1 226 98
1 227 44
1 228 28
1 229 78
1 230 22
1 231 36
1 232 99
1 233 18
1 234 72
1 235 69
1 236 18
1 237 71
1 238 73
1 239 96
1 240 6
1 241 56
1 242 70
1 243 10
1 244 42
1 245 45
1 246 67
1 247 81
1 248 67
1 249 82
1 250 65
