250 250
1 2 53
2 3 8
3 4 35
4 5 56
5 6 58
6 7 60
7 8 71
8 9 44
9 10 5
10 11 82
11 12 50
12 13 46
13 14 71
14 15 65
15 16 91
16 17 86
17 18 56
18 19 75
19 20 91
20 21 94
21 22 11
22 23 92
23 24 33
24 25 9
25 26 14
26 27 25
27 28 21
28 29 20
29 30 13
30 31 28
31 32 1
32 33 84
33 34 55
34 35 59
35 36 80
36 37 77
37 38 86
38 39 93
39 40 94
40 41 46
41 42 64
42 43 96
43 44 28
44 45 55
45 46 41
46 47 29
47 48 98
48 49 23
49 50 82
50 51 30
51 52 2
52 53 24
53 54 52
54 55 3
55 56 69
56 57 25
57 58 10
58 59 23
59 60 76
60 61 10
61 62 64
62 63 91
63 64 85
64 65 36
65 66 9
66 67 37
67 68 95
68 69 69
69 70 74
70 71 9
71 72 20
72 73 91
73 74 18
74 75 12
75 76 35
76 77 77
77 78 25
78 79 48
79 80 79
80 81 68
81 82 78
82 83 46
83 84 83
84 85 98
85 86 4
86 87 69
87 88 12
88 89 76
89 90 22
90 91 8
91 92 65
92 93 32
93 94 10
94 95 19
95 96 22
96 97 18
97 98 67
98 99 88
99 100 37
100 101 84
101 102 83
102 103 99
103 104 2
104 105 33
105 106 13
106 107 6
107 108 5
108 109 82
109 110 30
110 111 42
111 112 10
112 113 46
113 114 68
114 115 15
115 116 72
116 117 37
117 118 31
118 119 91
119 120 52
120 121 58
121 122 92
122 123 71
123 124 21
124 125 29
125 126 36
126 127 43
127 128 69
128 129 32
129 130 35
130 131 69
131 132 7
132 133 28
133 134 34
134 135 46
135 136 67
136 137 79
137 138 31
138 139 26
139 140 9
140 141 87
141 142 91
142 143 93
143 144 44
144 145 28
145 146 46
146 147 23
147 148 73
148 149 89
149 150 53
150 151 60
151 152 14
152 153 83
153 154 70
154 155 32
155 156 28
156 157 32
157 158 31
158 159 84
159 160 34
160 161 25
161 162 60
162 163 10
163 164 56
164 165 40
165 166 53
166 167 29
167 168 77
168 169 54
169 170 89
170 171 9
171 172 37
172 173 62
173 174 28
174 175 57
175 176 76
176 177 94
177 178 3
178 179 3
179 180 12
180 181 92
181 182 52
182 183 28
183 184 28
184 185 91
185 186 31
186 187 74
187 188 54
188 189 80
189 190 46
190 191 47
191 192 37
192 193 94
193 194 32
194 195 22
195 196 69
196 197 38
197 198 62
198 199 99
199 200 66
200 201 89
201 202 58
202 203 41
203 204 81
204 205 71
205 206 58
206 207 81
207 208 36
208 209 85
209 210 23
210 211 16
211 212 6
212 213 67
213 214 5
214 215 9
215 216 39
216 217 66
217 218 48
218 219 5
219 220 70
220 221 92
221 222 80
222 223 87
223 224 16
224 225 41
225 226 46
226 227 55
227 228 18
228 229 91
229 230 45
230 231 16
231 232 6
232 233 61
233 234 44
234 235 59
235 236 31
236 237 64
237 238 53
238 239 71
239 240 59
240 241 55
241 242 57
242 243 24
243 244 94
244 245 29
245 246 27
246 247 40
247 248 74
248 249 53
249 250 94
250 1 15
