50 618
1 2 69
1 4 16
1 7 13
1 8 98
1 11 31
1 13 64
1 14 46
1 15 49
1 17 90
1 20 10
1 22 93
1 29 16
1 31 13
1 32 65
1 33 40
1 34 69
1 35 98
1 42 100
1 43 61
1 44 24
1 47 88
1 48 37
2 4 80
2 6 66
2 8 32
2 13 86
2 15 18
2 17 66
2 18 87
2 19 27
2 20 72
2 21 49
2 26 97
2 28 5
2 32 78
2 33 55
2 34 70
2 35 18
2 38 12
2 40 12
2 41 18
2 43 83
2 44 35
2 45 69
2 46 59
2 48 63
3 4 37
3 7 49
3 9 96
3 10 82
3 11 38
3 15 71
3 18 66
3 22 99
3 23 24
3 27 28
3 30 1
3 32 78
3 34 87
3 35 53
3 37 47
3 41 79
3 42 39
3 43 93
3 46 21
3 47 92
3 48 58
3 49 98
4 5 48
4 6 55
4 7 25
4 8 50
4 12 43
4 13 61
4 14 84
4 15 75
4 17 49
4 18 27
4 20 8
4 21 47
4 22 20
4 23 100
4 24 94
4 25 100
4 29 66
4 31 82
4 32 18
4 33 23
4 34 48
4 37 16
4 39 7
4 41 40
4 42 56
4 43 44
4 46 17
4 47 52
4 49 63
5 6 49
5 7 87
5 8 99
5 9 33
5 10 56
5 12 42
5 17 8
5 18 29
5 19 95
5 21 20
5 22 91
5 27 61
5 29 87
5 30 31
5 34 23
5 37 19
5 39 83
5 42 86
5 43 33
5 44 88
5 45 29
5 48 17
5 49 100
6 8 36
6 9 55
6 10 83
6 11 39
6 12 8
6 13 58
6 14 43
6 15 24
6 18 25
6 19 64
6 20 2
6 22 30
6 23 57
6 24 19
6 27 92
6 28 62
6 30 21
6 32 52
6 33 59
6 34 66
6 35 49
6 36 2
6 37 38
6 38 71
6 39 4
6 44 35
6 45 84
6 46 38
6 48 67
6 49 4
6 50 87
7 8 2
7 13 51
7 14 18
7 16 38
7 17 92
7 18 58
7 20 2
7 21 32
7 24 70
7 26 18
7 29 24
7 30 22
7 31 85
7 33 78
7 35 81
7 36 97
7 38 83
7 41 31
7 44 9
7 45 81
7 46 76
7 47 8
7 50 42
8 9 52
8 13 94
8 14 9
8 15 51
8 17 10
8 18 78
8 23 92
8 25 34
8 26 40
8 31 98
8 35 73
8 39 23
8 40 79
8 42 39
8 44 59
8 47 34
8 48 76
8 49 66
9 16 42
9 21 86
9 24 26
9 25 83
9 26 58
9 30 95
9 33 32
9 37 84
9 38 87
9 39 27
9 40 92
9 41 77
9 44 93
9 45 53
9 46 57
9 47 89
9 48 42
9 49 70
9 50 77
10 11 50
10 12 9
10 14 20
10 16 16
10 17 50
10 18 81
10 20 67
10 22 89
10 35 97
10 36 70
10 39 43
10 40 80
10 41 96
10 42 79
10 43 85
10 44 82
10 45 36
10 47 31
10 48 69
10 50 90
11 13 87
11 14 77
11 15 90
11 17 55
11 20 17
11 21 55
11 22 74
11 23 55
11 24 10
11 25 72
11 27 89
11 29 52
11 30 8
11 31 60
11 32 94
11 33 30
11 37 86
11 38 97
11 41 89
11 42 94
11 44 86
11 45 94
11 46 79
11 47 100
11 50 26
12 13 11
12 15 67
12 17 85
12 18 58
12 19 74
12 20 97
12 21 75
12 23 85
12 25 70
12 27 30
12 28 55
12 30 70
12 33 1
12 35 75
12 36 1
12 37 72
12 38 51
12 40 16
12 41 53
12 42 30
12 43 24
12 44 9
12 45 23
12 46 84
12 49 88
12 50 99
13 14 9
13 15 16
13 16 72
13 18 6
13 19 32
13 23 26
13 24 14
13 25 77
13 26 19
13 28 28
13 29 14
13 31 10
13 32 86
13 33 72
13 35 66
13 40 22
13 41 18
13 42 18
13 43 56
13 44 84
13 45 39
13 50 31
14 15 4
14 20 14
14 21 59
14 23 4
14 25 48
14 30 91
14 31 65
14 32 35
14 33 100
14 34 91
14 35 80
14 36 26
14 41 98
14 42 26
14 43 75
14 44 32
14 45 57
14 46 50
14 47 8
14 48 18
14 49 59
15 16 48
15 17 60
15 18 20
15 19 37
15 20 15
15 22 80
15 23 7
15 27 77
15 30 44
15 31 33
15 33 95
15 35 12
15 37 97
15 38 87
15 39 77
15 42 61
15 44 78
15 45 99
15 47 32
16 20 58
16 21 55
16 22 22
16 23 95
16 24 22
16 26 6
16 28 69
16 30 83
16 31 4
16 32 20
16 33 96
16 36 16
16 38 13
16 40 44
16 41 90
16 42 1
16 45 33
16 47 89
16 50 29
17 18 99
17 19 74
17 21 5
17 22 26
17 24 42
17 27 99
17 30 18
17 31 39
17 32 85
17 36 27
17 38 73
17 40 63
17 42 97
17 43 61
17 45 75
17 48 30
17 49 76
17 50 12
18 19 84
18 21 49
18 24 41
18 25 29
18 26 96
18 28 5
18 36 3
18 39 2
18 40 43
18 41 82
18 44 49
18 48 23
18 49 10
18 50 57
19 20 11
19 21 85
19 22 59
19 23 91
19 26 62
19 27 1
19 29 98
19 31 51
19 36 34
19 38 22
19 39 91
19 40 58
19 41 62
19 43 56
19 45 70
19 47 55
20 23 80
20 24 86
20 28 30
20 32 17
20 33 37
20 34 56
20 35 87
20 38 12
20 39 54
20 41 10
20 43 6
20 45 71
20 46 2
20 49 45
20 50 5
21 23 69
21 26 97
21 28 12
21 30 60
21 31 37
21 33 61
21 35 90
21 36 6
21 37 13
21 38 74
21 40 79
21 41 49
21 44 82
21 50 61
22 26 44
22 27 54
22 29 76
22 32 75
22 33 6
22 34 96
22 35 31
22 38 11
22 39 50
22 40 71
22 45 67
23 24 4
23 26 46
23 27 14
23 28 1
23 31 70
23 32 87
23 35 96
23 36 11
23 37 47
23 38 84
23 41 27
23 42 83
23 45 76
23 50 16
24 26 70
24 29 90
24 30 14
24 32 40
24 33 47
24 36 50
24 39 16
24 40 94
24 43 33
24 44 13
24 45 55
24 49 65
25 29 52
25 35 54
25 36 83
25 38 77
25 41 90
25 42 46
25 44 29
25 46 48
26 28 56
26 30 25
26 35 7
26 36 97
26 37 81
26 40 23
26 41 36
26 46 71
26 48 43
27 29 28
27 31 44
27 32 37
27 33 97
27 34 43
27 40 28
27 43 10
27 44 42
27 45 95
27 46 8
27 48 54
27 50 98
28 31 79
28 32 58
28 39 51
28 42 97
28 45 2
28 48 11
28 49 98
29 37 53
29 41 27
29 43 94
29 45 88
29 49 93
29 50 97
30 31 23
30 32 4
30 33 12
30 34 70
30 38 21
30 39 77
30 42 81
30 43 68
30 44 49
30 46 81
30 47 30
31 32 19
31 35 15
31 36 8
31 38 44
31 45 93
31 46 20
31 48 94
32 36 60
32 38 8
32 40 49
32 43 73
32 46 79
32 50 24
33 37 88
33 39 38
33 44 7
33 46 81
33 47 99
34 36 66
34 39 88
34 40 37
34 46 90
34 48 57
34 50 95
35 39 39
35 40 77
35 41 40
35 42 27
35 43 6
35 44 26
35 47 29
35 48 31
35 50 20
36 39 99
36 41 78
36 42 26
36 44 85
36 45 19
36 46 67
36 47 99
36 48 52
37 41 24
37 42 27
37 43 30
37 45 41
37 46 63
37 47 20
38 41 8
38 44 9
38 45 37
38 46 74
38 47 35
38 48 7
39 40 53
39 46 83
39 50 26
40 43 59
40 44 66
40 46 98
40 47 58
40 50 76
41 42 31
41 43 57
41 44 24
41 45 29
41 46 23
41 47 49
41 50 47
42 43 34
42 44 44
42 47 41
42 48 13
42 49 50
43 44 69
43 46 26
43 47 21
43 48 60
43 50 76
44 46 34
44 48 50
44 49 82
45 46 87
45 47 9
45 48 4
45 49 44
46 47 52
48 49 48
48 50 100
