50 1225
1 2 8
1 3 7
1 4 33
1 5 95
1 6 11
1 7 66
1 8 100
1 9 65
1 10 8
1 11 52
1 12 98
1 13 20
1 14 52
1 15 89
1 16 61
1 17 41
1 18 15
1 19 32
1 20 9
1 21 59
1 22 77
1 23 47
1 24 80
1 25 91
1 26 36
1 27 33
1 28 43
1 29 98
1 30 36
1 31 48
1 32 46
1 33 49
1 34 54
1 35 77
1 36 93
1 37 8
1 38 48
1 39 93
1 40 31
1 41 16
1 42 49
1 43 43
1 44 63
1 45 38
1 46 37
1 47 43
1 48 25
1 49 19
1 50 77
2 3 61
2 4 37
2 5 88
2 6 34
2 7 44
2 8 18
2 9 44
2 10 88
2 11 14
2 12 62
2 13 93
2 14 24
2 15 66
2 16 23
2 17 91
2 18 49
2 19 41
2 20 60
2 21 2
2 22 5
2 23 46
2 24 45
2 25 71
2 26 44
2 27 32
2 28 92
2 29 93
2 30 3
2 31 72
2 32 15
2 33 24
2 34 13
2 35 57
2 36 87
2 37 70
2 38 59
2 39 34
2 40 12
2 41 27
2 42 83
2 43 34
2 44 26
2 45 41
2 46 100
2 47 31
2 48 39
2 49 8
2 50 59
3 4 22
3 5 82
3 6 34
3 7 71
3 8 35
3 9 90
3 10 23
3 11 96
3 12 64
3 13 40
3 14 4
3 15 70
3 16 17
3 17 69
3 18 7
3 19 66
3 20 40
3 21 36
3 22 97
3 23 57
3 24 82
3 25 95
3 26 76
3 27 84
3 28 32
3 29 23
3 30 94
3 31 86
3 32 63
3 33 47
3 34 46
3 35 86
3 36 22
3 37 55
3 38 57
3 39 69
3 40 39
3 41 59
3 42 17
3 43 35
3 44 7
3 45 6
3 46 60
3 47 8
3 48 96
3 49 82
3 50 35
4 5 72
4 6 84
4 7 81
4 8 40
4 9 75
4 10 60
4 11 41
4 12 87
4 13 3
4 14 51
4 15 85
4 16 98
4 17 39
4 18 58
4 19 2
4 20 74
4 21 22
4 22 4
4 23 50
4 24 91
4 25 11
4 26 17
4 27 98
4 28 25
4 29 26
4 30 31
4 31 51
4 32 23
4 33 80
4 34 93
4 35 58
4 36 25
4 37 1
4 38 27
4 39 38
4 40 77
4 41 41
4 42 37
4 43 8
4 44 76
4 45 90
4 46 23
4 47 55
4 48 96
4 49 22
4 50 32
5 6 29
5 7 53
5 8 26
5 9 85
5 10 1
5 11 98
5 12 5
5 13 80
5 14 11
5 15 34
5 16 10
5 17 88
5 18 96
5 19 46
5 20 39
5 21 99
5 22 48
5 23 45
5 24 19
5 25 76
5 26 55
5 27 15
5 28 11
5 29 61
5 30 17
5 31 27
5 32 77
5 33 87
5 34 58
5 35 69
5 36 59
5 37 60
5 38 26
5 39 10
5 40 19
5 41 52
5 42 79
5 43 51
5 44 79
5 45 58
5 46 33
5 47 85
5 48 14
5 49 61
5 50 100
6 7 9
6 8 63
6 9 35
6 10 35
6 11 56
6 12 100
6 13 26
6 14 25
6 15 35
6 16 37
6 17 96
6 18 84
6 19 11
6 20 73
6 21 33
6 22 56
6 23 52
6 24 61
6 25 2
6 26 22
6 27 39
6 28 79
6 29 56
6 30 27
6 31 8
6 32 4
6 33 90
6 34 48
6 35 34
6 36 48
6 37 40
6 38 44
6 39 4
6 40 100
6 41 89
6 42 6
6 43 12
6 44 71
6 45 81
6 46 11
6 47 66
6 48 49
6 49 90
6 50 28
7 8 99
7 9 66
7 10 81
7 11 57
7 12 9
7 13 19
7 14 74
7 15 86
7 16 63
7 17 39
7 18 51
7 19 13
7 20 54
7 21 94
7 22 81
7 23 18
7 24 54
7 25 24
7 26 77
7 27 15
7 28 60
7 29 52
7 30 42
7 31 62
7 32 92
7 33 63
7 34 45
7 35 64
7 36 87
7 37 72
7 38 81
7 39 87
7 40 26
7 41 41
7 42 11
7 43 12
7 44 41
7 45 12
7 46 76
7 47 1
7 48 39
7 49 100
7 50 88
8 9 66
8 10 72
8 11 62
8 12 40
8 13 54
8 14 75
8 15 39
8 16 78
8 17 45
8 18 16
8 19 16
8 20 53
8 21 95
8 22 97
8 23 100
8 24 68
8 25 92
8 26 9
8 27 23
8 28 5
8 29 98
8 30 75
8 31 95
8 32 87
8 33 37
8 34 76
8 35 11
8 36 75
8 37 66
8 38 39
8 39 19
8 40 6
8 41 69
8 42 40
8 43 94
8 44 13
8 45 20
8 46 73
8 47 31
8 48 73
8 49 46
8 50 9
9 10 14
9 11 3
9 12 50
9 13 32
9 14 4
9 15 12
9 16 18
9 17 38
9 18 6
9 19 9
9 20 33
9 21 60
9 22 46
9 23 29
9 24 53
9 25 39
9 26 80
9 27 38
9 28 31
9 29 2
9 30 66
9 31 68
9 32 37
9 33 65
9 34 95
9 35 2
9 36 58
9 37 3
9 38 93
9 39 26
9 40 10
9 41 51
9 42 95
9 43 46
9 44 27
9 45 66
9 46 57
9 47 5
9 48 10
9 49 21
9 50 22
10 11 25
10 12 91
10 13 30
10 14 53
10 15 51
10 16 18
10 17 6
10 18 50
10 19 9
10 20 95
10 21 78
10 22 90
10 23 52
10 24 29
10 25 32
10 26 22
10 27 16
10 28 93
10 29 83
10 30 29
10 31 59
10 32 76
10 33 4
10 34 30
10 35 16
10 36 36
10 37 60
10 38 2
10 39 12
10 40 72
10 41 18
10 42 35
10 43 13
10 44 72
10 45 52
10 46 33
10 47 9
10 48 96
10 49 96
10 50 45
11 12 64
11 13 2
11 14 57
11 15 50
11 16 11
11 17 45
11 18 92
11 19 54
11 20 52
11 21 42
11 22 47
11 23 1
11 24 16
11 25 87
11 26 26
11 27 2
11 28 7
11 29 64
11 30 80
11 31 23
11 32 2
11 33 86
11 34 55
11 35 89
11 36 60
11 37 25
11 38 60
11 39 24
11 40 79
11 41 93
11 42 95
11 43 64
11 44 80
11 45 79
11 46 49
11 47 68
11 48 97
11 49 57
11 50 60
12 13 20
12 14 48
12 15 13
12 16 54
12 17 27
12 18 77
12 19 76
12 20 96
12 21 89
12 22 55
12 23 31
12 24 29
12 25 10
12 26 50
12 27 97
12 28 26
12 29 88
12 30 81
12 31 91
12 32 79
12 33 17
12 34 89
12 35 79
12 36 49
12 37 16
12 38 29
12 39 93
12 40 39
12 41 67
12 42 28
12 43 61
12 44 22
12 45 85
12 46 63
12 47 24
12 48 20
12 49 67
12 50 90
13 14 28
13 15 11
13 16 73
13 17 38
13 18 45
13 19 72
13 20 7
13 21 87
13 22 93
13 23 70
13 24 20
13 25 85
13 26 82
13 27 7
13 28 76
13 29 42
13 30 70
13 31 85
13 32 91
13 33 24
13 34 76
13 35 42
13 36 53
13 37 78
13 38 81
13 39 6
13 40 9
13 41 58
13 42 56
13 43 76
13 44 55
13 45 80
13 46 90
13 47 87
13 48 90
13 49 28
13 50 34
14 15 52
14 16 53
14 17 89
14 18 58
14 19 53
14 20 83
14 21 27
14 22 14
14 23 91
14 24 60
14 25 25
14 26 35
14 27 50
14 28 88
14 29 54
14 30 12
14 31 61
14 32 95
14 33 100
14 34 69
14 35 84
14 36 9
14 37 53
14 38 9
14 39 90
14 40 48
14 41 63
14 42 96
14 43 94
14 44 69
14 45 67
14 46 72
14 47 8
14 48 9
14 49 44
14 50 72
15 16 34
15 17 29
15 18 1
15 19 48
15 20 12
15 21 89
15 22 5
15 23 35
15 24 12
15 25 73
15 26 84
15 27 96
15 28 68
15 29 44
15 30 35
15 31 14
15 32 18
15 33 99
15 34 17
15 35 64
15 36 62
15 37 84
15 38 80
15 39 100
15 40 100
15 41 26
15 42 53
15 43 18
15 44 6
15 45 18
15 46 9
15 47 83
15 48 64
15 49 53
15 50 94
16 17 90
16 18 18
16 19 87
16 20 76
16 21 36
16 22 10
16 23 96
16 24 28
16 25 96
16 26 46
16 27 54
16 28 2
16 29 76
16 30 60
16 31 92
16 32 55
16 33 80
16 34 80
16 35 79
16 36 61
16 37 78
16 38 39
16 39 99
16 40 93
16 41 26
16 42 48
16 43 40
16 44 19
16 45 55
16 46 31
16 47 79
16 48 15
16 49 21
16 50 77
17 18 40
17 19 27
17 20 75
17 21 75
17 22 9
17 23 37
17 24 61
17 25 99
17 26 49
17 27 71
17 28 67
17 29 36
17 30 55
17 31 39
17 32 20
17 33 50
17 34 13
17 35 33
17 36 21
17 37 86
17 38 82
17 39 87
17 40 76
17 41 96
17 42 18
17 43 4
17 44 46
17 45 49
17 46 42
17 47 70
17 48 36
17 49 42
17 50 1
18 19 49
18 20 70
18 21 97
18 22 78
18 23 65
18 24 45
18 25 23
18 26 99
18 27 61
18 28 46
18 29 90
18 30 7
18 31 7
18 32 24
18 33 37
18 34 76
18 35 76
18 36 60
18 37 70
18 38 16
18 39 73
18 40 43
18 41 55
18 42 44
18 43 97
18 44 66
18 45 74
18 46 26
18 47 4
18 48 76
18 49 4
18 50 90
19 20 42
19 21 94
19 22 14
19 23 91
19 24 64
19 25 68
19 26 46
19 27 55
19 28 36
19 29 44
19 30 24
19 31 30
19 32 31
19 33 78
19 34 26
19 35 48
19 36 37
19 37 71
19 38 44
19 39 2
19 40 46
19 41 98
19 42 95
19 43 95
19 44 86
19 45 82
19 46 14
19 47 6
19 48 73
19 49 50
19 50 34
20 21 95
20 22 75
20 23 77
20 24 52
20 25 64
20 26 45
20 27 67
20 28 86
20 29 4
20 30 83
20 31 6
20 32 53
20 33 24
20 34 73
20 35 76
20 36 77
20 37 81
20 38 61
20 39 41
20 40 66
20 41 48
20 42 88
20 43 24
20 44 98
20 45 85
20 46 10
20 47 66
20 48 85
20 49 96
20 50 25
21 22 42
21 23 34
21 24 25
21 25 72
21 26 24
21 27 64
21 28 43
21 29 13
21 30 23
21 31 14
21 32 48
21 33 14
21 34 3
21 35 11
21 36 98
21 37 3
21 38 25
21 39 66
21 40 84
21 41 28
21 42 58
21 43 66
21 44 67
21 45 30
21 46 53
21 47 60
21 48 93
21 49 15
21 50 4
22 23 57
22 24 51
22 25 70
22 26 17
22 27 8
22 28 14
22 29 15
22 30 78
22 31 48
22 32 95
22 33 36
22 34 69
22 35 9
22 36 80
22 37 50
22 38 35
22 39 33
22 40 5
22 41 44
22 42 11
22 43 33
22 44 65
22 45 86
22 46 38
22 47 86
22 48 14
22 49 57
22 50 12
23 24 19
23 25 63
23 26 18
23 27 81
23 28 40
23 29 89
23 30 5
23 31 36
23 32 28
23 33 23
23 34 28
23 35 56
23 36 59
23 37 62
23 38 80
23 39 8
23 40 73
23 41 69
23 42 39
23 43 71
23 44 19
23 45 46
23 46 91
23 47 37
23 48 61
23 49 6
23 50 40
24 25 33
24 26 49
24 27 95
24 28 24
24 29 33
24 30 56
24 31 80
24 32 91
24 33 65
24 34 3
24 35 48
24 36 49
24 37 60
24 38 100
24 39 45
24 40 26
24 41 73
24 42 31
24 43 3
24 44 86
24 45 7
24 46 97
24 47 34
24 48 83
24 49 58
24 50 5
25 26 31
25 27 66
25 28 2
25 29 73
25 30 38
25 31 43
25 32 73
25 33 16
25 34 54
25 35 87
25 36 7
25 37 82
25 38 29
25 39 20
25 40 43
25 41 57
25 42 18
25 43 22
25 44 42
25 45 17
25 46 23
25 47 57
25 48 87
25 49 11
25 50 93
26 27 33
26 28 47
26 29 87
26 30 26
26 31 54
26 32 92
26 33 84
26 34 99
26 35 40
26 36 84
26 37 46
26 38 62
26 39 97
26 40 34
26 41 31
26 42 62
26 43 16
26 44 25
26 45 5
26 46 41
26 47 36
26 48 81
26 49 91
26 50 34
27 28 89
27 29 30
27 30 92
27 31 73
27 32 7
27 33 23
27 34 49
27 35 44
27 36 20
27 37 32
27 38 22
27 39 19
27 40 38
27 41 31
27 42 27
27 43 10
27 44 99
27 45 69
27 46 75
27 47 47
27 48 30
27 49 18
27 50 67
28 29 47
28 30 82
28 31 37
28 32 76
28 33 95
28 34 39
28 35 10
28 36 85
28 37 18
28 38 5
28 39 36
28 40 85
28 41 94
28 42 59
28 43 57
28 44 94
28 45 57
28 46 42
28 47 41
28 48 71
28 49 99
28 50 45
29 30 20
29 31 19
29 32 13
29 33 73
29 34 68
29 35 94
29 36 5
29 37 64
29 38 75
29 39 20
29 40 81
29 41 7
29 42 1
29 43 95
29 44 47
29 45 2
29 46 63
29 47 66
29 48 70
29 49 89
29 50 91
30 31 46
30 32 22
30 33 90
30 34 7
30 35 5
30 36 25
30 37 38
30 38 4
30 39 13
30 40 6
30 41 31
30 42 52
30 43 30
30 44 67
30 45 27
30 46 33
30 47 59
30 48 93
30 49 6
30 50 48
31 32 86
31 33 27
31 34 30
31 35 61
31 36 39
31 37 43
31 38 84
31 39 88
31 40 56
31 41 59
31 42 19
31 43 22
31 44 6
31 45 49
31 46 39
31 47 45
31 48 29
31 49 87
31 50 67
32 33 70
32 34 11
32 35 65
32 36 41
32 37 100
32 38 13
32 39 32
32 40 38
32 41 56
32 42 30
32 43 77
32 44 97
32 45 36
32 46 42
32 47 97
32 48 1
32 49 54
32 50 13
33 34 48
33 35 43
33 36 94
33 37 71
33 38 17
33 39 16
33 40 18
33 41 18
33 42 71
33 43 93
33 44 7
33 45 39
33 46 9
33 47 51
33 48 15
33 49 53
33 50 17
34 35 97
34 36 9
34 37 71
34 38 64
34 39 77
34 40 64
34 41 90
34 42 57
34 43 30
34 44 35
34 45 29
34 46 14
34 47 75
34 48 83
34 49 96
34 50 59
35 36 23
35 37 46
35 38 4
35 39 35
35 40 59
35 41 27
35 42 1
35 43 27
35 44 18
35 45 1
35 46 97
35 47 5
35 48 67
35 49 80
35 50 97
36 37 12
36 38 1
36 39 88
36 40 13
36 41 47
36 42 68
36 43 4
36 44 95
36 45 83
36 46 55
36 47 36
36 48 34
36 49 17
36 50 68
37 38 69
37 39 19
37 40 94
37 41 91
37 42 62
37 43 91
37 44 72
37 45 60
37 46 3
37 47 19
37 48 21
37 49 38
37 50 18
38 39 97
38 40 30
38 41 18
38 42 58
38 43 1
38 44 52
38 45 54
38 46 68
38 47 98
38 48 59
38 49 18
38 50 91
39 40 38
39 41 68
39 42 90
39 43 54
39 44 91
39 45 65
39 46 34
39 47 20
39 48 44
39 49 91
39 50 99
40 41 32
40 42 27
40 43 54
40 44 21
40 45 6
40 46 8
40 47 71
40 48 92
40 49 29
40 50 45
41 42 56
41 43 31
41 44 50
41 45 96
41 46 78
41 47 15
41 48 53
41 49 26
41 50 83
42 43 85
42 44 18
42 45 76
42 46 30
42 47 13
42 48 46
42 49 38
42 50 22
43 44 15
43 45 24
43 46 56
43 47 95
43 48 77
43 49 35
43 50 35
44 45 57
44 46 9
44 47 40
44 48 77
44 49 74
44 50 5
45 46 86
45 47 17
45 48 4
45 49 36
45 50 90
46 47 85
46 48 39
46 49 54
46 50 66
47 48 80
47 49 53
47 50 14
48 49 12
48 50 31
49 50 23
