100 2504
1 2 14
1 5 20
1 7 97
1 8 6
1 10 89
1 12 18
1 13 61
1 15 84
1 16 48
1 17 98
1 19 31
1 21 4
1 22 37
1 25 95
1 26 46
1 27 66
1 33 36
1 36 45
1 38 100
1 39 67
1 41 22
1 42 19
1 43 92
1 50 69
1 52 57
1 55 7
1 57 14
1 59 73
1 60 7
1 62 79
1 64 93
1 66 4
1 67 70
1 68 67
1 70 10
1 71 49
1 72 2
1 73 61
1 74 2
1 76 28
1 79 44
1 84 89
1 85 38
1 86 21
1 87 54
1 89 55
1 90 60
1 91 1
1 95 41
1 96 14
1 97 86
1 100 100
2 3 26
2 4 60
2 14 45
2 16 1
2 17 24
2 21 73
2 24 29
2 27 48
2 28 76
2 29 81
2 31 26
2 32 68
2 34 45
2 35 84
2 36 99
2 37 54
2 38 100
2 40 55
2 44 70
2 45 89
2 48 73
2 52 72
2 54 34
2 56 90
2 59 75
2 60 51
2 62 55
2 63 17
2 64 29
2 66 2
2 67 92
2 69 22
2 72 11
2 74 80
2 75 52
2 76 65
2 77 44
2 79 46
2 81 30
2 83 65
2 84 49
2 86 64
2 88 15
2 90 80
2 92 11
2 96 38
2 97 87
2 98 58
3 4 94
3 9 49
3 11 13
3 12 27
3 13 39
3 14 50
3 15 11
3 16 31
3 17 88
3 18 47
3 19 60
3 20 36
3 21 18
3 24 80
3 31 59
3 33 69
3 34 68
3 38 58
3 39 76
3 40 32
3 41 56
3 42 84
3 44 95
3 50 83
3 54 16
3 57 84
3 61 79
3 62 34
3 65 61
3 72 34
3 74 21
3 78 77
3 79 25
3 80 33
3 82 80
3 83 35
3 84 45
3 86 27
3 87 18
3 88 69
3 90 63
3 91 90
3 93 1
3 94 70
3 95 84
3 96 72
3 98 98
4 5 15
4 10 63
4 11 47
4 15 28
4 17 47
4 19 23
4 24 92
4 25 34
4 30 8
4 32 34
4 38 92
4 39 47
4 40 70
4 41 54
4 42 5
4 43 70
4 46 30
4 49 42
4 50 25
4 53 63
4 54 84
4 57 17
4 58 92
4 64 80
4 66 59
4 69 90
4 71 8
4 72 1
4 75 20
4 78 25
4 81 89
4 84 22
4 86 1
4 88 84
4 89 41
4 90 74
4 93 97
4 94 85
4 96 7
4 99 44
4 100 33
5 6 83
5 7 54
5 9 1
5 14 33
5 17 70
5 18 31
5 21 57
5 23 38
5 27 37
5 28 30
5 29 68
5 30 73
5 31 39
5 35 29
5 39 60
5 40 68
5 41 74
5 42 44
5 43 100
5 44 56
5 46 50
5 47 79
5 51 25
5 52 98
5 53 79
5 54 89
5 56 38
5 58 49
5 61 5
5 63 33
5 65 48
5 66 3
5 68 90
5 70 19
5 74 72
5 76 60
5 78 4
5 79 85
5 82 88
5 85 99
5 87 32
5 88 94
5 91 79
5 92 69
5 93 56
5 94 15
5 95 27
5 96 79
5 97 82
5 99 33
5 100 90
6 7 99
6 8 10
6 10 87
6 11 44
6 13 37
6 14 16
6 21 29
6 22 11
6 24 68
6 26 22
6 27 97
6 28 1
6 30 59
6 34 47
6 36 90
6 38 65
6 39 9
6 41 54
6 42 66
6 44 89
6 45 2
6 46 32
6 47 82
6 48 28
6 49 55
6 50 65
6 51 26
6 53 90
6 55 48
6 56 7
6 57 90
6 58 32
6 61 46
6 66 86
6 68 43
6 72 31
6 74 19
6 77 17
6 79 41
6 80 83
6 81 89
6 83 96
6 92 28
6 93 100
6 94 17
6 96 4
6 97 67
6 98 75
6 99 93
7 10 73
7 12 89
7 13 58
7 14 51
7 17 32
7 18 51
7 26 99
7 27 99
7 29 56
7 31 22
7 33 60
7 34 39
7 36 80
7 38 70
7 39 61
7 40 62
7 41 82
7 42 79
7 46 88
7 48 90
7 50 100
7 51 4
7 52 52
7 53 69
7 55 31
7 56 90
7 60 38
7 62 40
7 63 8
7 67 82
7 71 52
7 76 42
7 78 12
7 80 39
7 82 45
7 83 38
7 84 93
7 85 78
7 87 21
7 88 26
7 89 61
7 90 91
7 93 95
7 95 54
7 96 58
7 97 43
7 99 7
8 10 14
8 11 82
8 16 1
8 18 76
8 19 52
8 20 17
8 24 25
8 26 34
8 27 44
8 28 48
8 30 49
8 31 69
8 33 75
8 35 15
8 38 99
8 40 99
8 41 29
8 42 52
8 44 56
8 45 79
8 49 98
8 56 11
8 57 99
8 60 96
8 62 70
8 63 65
8 64 44
8 65 16
8 66 45
8 68 44
8 69 45
8 70 71
8 71 23
8 72 62
8 73 34
8 75 87
8 81 97
8 82 75
8 83 35
8 85 81
8 86 91
8 93 20
8 94 32
8 95 82
8 96 3
8 97 47
8 100 27
9 10 66
9 11 26
9 13 7
9 14 77
9 17 50
9 20 29
9 22 89
9 24 61
9 25 68
9 26 20
9 27 83
9 28 83
9 31 22
9 38 87
9 40 58
9 42 6
9 43 33
9 44 9
9 45 60
9 48 36
9 49 100
9 51 87
9 53 11
9 61 4
9 62 33
9 65 10
9 67 68
9 68 4
9 70 62
9 71 60
9 72 40
9 76 73
9 80 53
9 82 7
9 83 70
9 84 54
9 86 57
9 87 15
9 89 70
9 90 64
9 91 47
9 92 68
9 93 84
9 94 28
9 95 73
9 96 1
9 98 40
9 99 63
9 100 84
10 11 58
10 13 31
10 15 27
10 18 54
10 20 85
10 23 67
10 25 41
10 29 77
10 31 94
10 32 86
10 34 98
10 35 53
10 36 35
10 37 24
10 38 33
10 40 9
10 46 43
10 48 8
10 49 36
10 50 56
10 51 98
10 55 56
10 56 74
10 57 86
10 60 87
10 65 92
10 66 80
10 67 13
10 68 56
10 69 19
10 70 88
10 71 28
10 78 61
10 83 33
10 87 88
10 89 94
10 91 52
10 92 34
10 93 46
10 94 74
10 97 8
10 98 100
11 13 2
11 15 16
11 16 19
11 17 81
11 18 30
11 23 51
11 30 43
11 31 25
11 32 77
11 33 87
11 34 95
11 35 16
11 36 80
11 39 36
11 40 45
11 46 59
11 48 16
11 51 11
11 54 26
11 55 44
11 56 60
11 58 50
11 61 91
11 62 58
11 64 64
11 68 82
11 74 7
11 75 14
11 76 89
11 77 65
11 79 72
11 80 68
11 82 11
11 83 36
11 84 53
11 87 87
11 89 94
11 90 68
11 91 72
11 94 39
11 95 16
11 97 65
11 100 48
12 15 47
12 20 40
12 21 17
12 22 92
12 23 34
12 24 83
12 27 49
12 28 2
12 32 6
12 33 87
12 38 33
12 41 25
12 43 22
12 46 75
12 47 25
12 48 54
12 49 40
12 54 44
12 56 46
12 57 38
12 59 70
12 61 82
12 64 62
12 71 30
12 72 47
12 74 80
12 75 25
12 78 88
12 83 47
12 84 56
12 85 86
12 86 34
12 90 73
12 96 94
12 98 72
13 14 17
13 16 54
13 17 25
13 20 43
13 25 22
13 26 17
13 31 77
13 32 87
13 35 59
13 37 61
13 39 48
13 41 2
13 43 11
13 44 38
13 45 27
13 46 72
13 47 65
13 48 49
13 49 5
13 51 92
13 53 32
13 55 94
13 56 62
13 57 99
13 58 83
13 62 13
13 64 47
13 67 89
13 68 78
13 70 93
13 71 9
13 74 35
13 76 24
13 77 66
13 78 91
13 79 23
13 81 34
13 85 53
13 87 79
13 89 42
13 91 85
13 92 35
13 95 20
13 98 32
13 99 11
13 100 82
14 15 89
14 16 43
14 20 44
14 22 39
14 24 46
14 26 83
14 27 76
14 31 48
14 32 48
14 33 20
14 34 45
14 36 18
14 37 51
14 39 83
14 42 10
14 43 20
14 45 73
14 47 55
14 48 7
14 55 22
14 58 65
14 59 55
14 60 56
14 63 33
14 64 83
14 65 61
14 66 17
14 67 18
14 68 89
14 69 75
14 71 58
14 72 63
14 77 85
14 78 20
14 79 18
14 80 53
14 81 91
14 82 47
14 83 74
14 84 34
14 88 62
14 89 27
14 90 44
14 92 71
14 94 52
14 95 89
14 96 19
14 98 2
14 99 70
15 18 59
15 19 9
15 21 57
15 23 94
15 24 10
15 26 2
15 28 70
15 30 4
15 31 6
15 33 28
15 34 40
15 36 58
15 38 81
15 39 5
15 41 24
15 43 12
15 45 82
15 46 75
15 47 97
15 49 86
15 50 82
15 53 23
15 55 45
15 57 39
15 60 38
15 65 22
15 66 38
15 67 56
15 68 89
15 69 54
15 72 70
15 73 94
15 74 92
15 76 26
15 79 27
15 83 42
15 84 67
15 85 27
15 88 92
15 90 10
15 93 68
15 94 9
15 96 72
15 97 71
15 98 97
15 99 34
16 20 22
16 22 94
16 23 39
16 24 50
16 27 46
16 29 17
16 31 87
16 34 80
16 36 61
16 37 76
16 38 100
16 40 28
16 41 84
16 44 66
16 45 78
16 49 81
16 50 61
16 51 47
16 57 15
16 58 36
16 59 41
16 60 51
16 61 80
16 62 79
16 63 99
16 65 81
16 70 44
16 71 68
16 72 52
16 78 82
16 79 79
16 80 97
16 81 4
16 85 35
16 86 76
16 88 11
16 89 40
16 90 87
16 93 55
16 94 50
16 96 95
16 97 60
16 99 44
17 19 89
17 23 23
17 26 61
17 29 15
17 31 31
17 33 13
17 34 82
17 37 82
17 40 64
17 44 59
17 46 6
17 47 64
17 48 65
17 49 1
17 51 59
17 54 9
17 55 95
17 57 27
17 59 83
17 60 96
17 61 3
17 63 85
17 64 35
17 65 32
17 68 60
17 71 90
17 75 61
17 76 4
17 77 49
17 78 70
17 80 63
17 82 44
17 83 85
17 84 69
17 86 6
17 88 81
17 90 20
17 91 23
17 92 11
17 97 40
17 100 88
18 21 97
18 23 53
18 24 82
18 25 58
18 26 15
18 27 22
18 31 54
18 32 90
18 35 55
18 37 8
18 39 25
18 41 57
18 45 32
18 46 99
18 47 17
18 48 63
18 49 16
18 50 58
18 51 4
18 52 40
18 53 33
18 54 89
18 55 43
18 58 56
18 60 98
18 61 100
18 62 7
18 64 69
18 66 55
18 68 41
18 70 78
18 72 64
18 73 69
18 74 19
18 75 65
18 76 6
18 80 59
18 81 15
18 82 46
18 84 24
18 85 24
18 87 47
18 92 43
18 95 32
18 99 75
19 22 98
19 24 19
19 25 10
19 30 72
19 31 68
19 33 50
19 34 46
19 35 99
19 36 17
19 38 28
19 39 62
19 44 81
19 45 52
19 48 52
19 50 11
19 52 91
19 54 60
19 55 92
19 56 36
19 57 56
19 58 95
19 59 82
19 60 51
19 61 23
19 62 27
19 66 63
19 68 91
19 70 67
19 74 73
19 77 16
19 78 31
19 79 14
19 80 37
19 81 98
19 83 10
19 86 97
19 87 28
19 92 94
19 98 25
19 99 2
20 22 49
20 26 98
20 27 96
20 28 16
20 30 99
20 31 21
20 33 7
20 34 59
20 35 84
20 37 61
20 40 79
20 45 71
20 46 27
20 47 87
20 48 92
20 50 2
20 52 39
20 54 79
20 55 77
20 56 16
20 57 3
20 58 6
20 59 92
20 61 56
20 62 1
20 63 69
20 65 97
20 68 5
20 69 44
20 70 42
20 72 76
20 73 41
20 74 47
20 75 55
20 77 62
20 78 73
20 80 5
20 82 86
20 85 50
20 86 37
20 87 98
20 88 2
20 92 92
20 93 85
20 95 57
20 96 81
20 98 24
20 100 12
21 24 60
21 27 96
21 28 9
21 31 90
21 32 10
21 34 95
21 35 42
21 39 52
21 40 54
21 48 8
21 49 81
21 50 95
21 51 13
21 52 50
21 53 99
21 54 92
21 55 1
21 56 54
21 58 28
21 63 25
21 64 44
21 66 23
21 67 11
21 68 34
21 72 12
21 74 25
21 75 50
21 78 28
21 81 94
21 82 93
21 83 92
21 84 69
21 85 61
21 86 92
21 88 62
21 89 31
21 91 88
21 94 37
21 95 99
21 98 92
21 99 79
22 23 19
22 27 41
22 29 26
22 31 85
22 37 66
22 38 65
22 40 81
22 43 28
22 45 93
22 46 8
22 47 76
22 49 9
22 51 42
22 57 19
22 58 66
22 64 41
22 69 67
22 71 16
22 73 28
22 75 82
22 76 91
22 80 69
22 81 63
22 82 8
22 85 90
22 86 43
22 88 73
22 92 21
22 93 59
22 94 41
22 96 62
22 97 44
22 99 57
22 100 44
23 27 53
23 29 43
23 34 34
23 35 95
23 39 69
23 44 77
23 45 46
23 50 57
23 53 71
23 54 69
23 55 57
23 59 41
23 61 76
23 63 44
23 65 27
23 70 20
23 72 48
23 73 62
23 79 1
23 80 2
23 83 38
23 84 63
23 85 15
23 87 27
23 90 50
23 93 72
23 95 8
23 99 54
23 100 57
24 32 60
24 33 98
24 36 100
24 37 14
24 38 9
24 39 95
24 40 63
24 45 72
24 46 33
24 47 54
24 48 42
24 50 47
24 52 85
24 53 86
24 55 38
24 56 87
24 57 99
24 58 15
24 59 27
24 60 17
24 62 82
24 65 58
24 66 88
24 68 70
24 69 50
24 71 78
24 72 2
24 73 61
24 74 36
24 79 7
24 80 16
24 81 87
24 82 49
24 84 62
24 85 60
24 89 14
24 90 95
24 94 80
24 95 83
24 96 27
24 99 62
24 100 89
25 26 76
25 27 12
25 28 8
25 29 80
25 30 21
25 31 22
25 32 41
25 33 97
25 35 54
25 36 83
25 38 63
25 41 93
25 43 46
25 45 28
25 46 4
25 51 86
25 53 4
25 54 10
25 56 78
25 60 80
25 64 14
25 66 30
25 68 8
25 69 76
25 71 30
25 72 100
25 76 59
25 77 67
25 78 19
25 82 80
25 83 67
25 85 13
25 90 62
25 91 17
25 92 29
25 93 29
25 95 23
25 97 32
26 28 88
26 30 93
26 35 21
26 36 6
26 37 42
26 40 58
26 41 22
26 43 14
26 44 77
26 51 38
26 54 64
26 55 63
26 57 4
26 58 29
26 61 46
26 62 72
26 64 50
26 65 44
26 66 52
26 67 65
26 68 68
26 70 76
26 71 78
26 72 96
26 75 100
26 78 51
26 79 3
26 80 4
26 82 32
26 83 53
26 84 51
26 86 4
26 88 11
26 90 84
26 91 15
26 92 57
26 94 24
26 96 81
26 98 81
27 30 53
27 33 37
27 34 36
27 35 66
27 36 71
27 38 19
27 40 60
27 41 24
27 47 75
27 48 60
27 49 30
27 50 48
27 54 87
27 55 44
27 58 15
27 59 82
27 60 18
27 61 92
27 62 83
27 64 4
27 65 50
27 66 80
27 68 65
27 69 94
27 70 83
27 76 15
27 77 74
27 78 38
27 80 57
27 84 39
27 88 27
27 91 75
27 93 41
27 94 73
27 96 92
27 99 90
27 100 70
28 29 85
28 30 63
28 31 45
28 32 54
28 33 83
28 34 83
28 37 54
28 38 16
28 40 4
28 43 86
28 48 35
28 49 98
28 50 19
28 53 32
28 55 69
28 57 13
28 60 69
28 61 42
28 65 97
28 66 97
28 67 54
28 70 29
28 72 82
28 74 27
28 76 92
28 79 18
28 80 28
28 81 43
28 82 74
28 86 56
28 87 55
28 92 37
28 93 29
28 94 30
28 95 29
28 97 29
28 98 66
28 100 78
29 30 84
29 35 91
29 36 69
29 38 45
29 39 75
29 41 53
29 42 93
29 43 28
29 46 9
29 49 46
29 50 2
29 53 76
29 54 90
29 56 35
29 57 77
29 61 16
29 62 65
29 67 88
29 68 87
29 69 74
29 70 79
29 71 62
29 73 85
29 75 69
29 78 48
29 81 12
29 83 77
29 85 75
29 87 53
29 88 71
29 89 86
29 91 44
29 95 55
29 96 50
29 97 42
29 99 73
30 35 91
30 37 41
30 42 99
30 44 86
30 45 35
30 48 33
30 50 51
30 54 6
30 55 31
30 56 29
30 58 23
30 60 20
30 63 1
30 64 75
30 66 45
30 67 56
30 73 30
30 74 90
30 77 20
30 79 10
30 82 39
30 84 59
30 86 97
30 87 43
30 88 80
30 89 100
30 92 56
30 93 31
30 97 74
30 99 60
30 100 67
31 33 7
31 34 36
31 35 43
31 38 98
31 41 11
31 44 50
31 46 38
31 47 39
31 49 75
31 50 55
31 52 15
31 53 1
31 56 33
31 57 65
31 60 59
31 61 30
31 62 56
31 63 42
31 64 93
31 65 66
31 66 2
31 67 48
31 68 85
31 70 45
31 71 33
31 74 97
31 75 84
31 77 24
31 78 49
31 80 52
31 83 39
31 85 88
31 86 88
31 89 23
31 92 25
31 93 99
31 94 97
31 97 90
31 98 25
31 100 59
32 33 17
32 35 97
32 36 9
32 37 80
32 40 42
32 42 62
32 43 88
32 44 4
32 46 8
32 47 80
32 49 79
32 50 5
32 51 80
32 53 31
32 54 66
32 55 21
32 57 28
32 58 18
32 59 85
32 61 33
32 62 46
32 63 33
32 65 43
32 67 100
32 70 15
32 72 61
32 73 17
32 74 62
32 77 75
32 81 69
32 84 23
32 89 50
32 93 2
32 94 9
32 96 51
32 97 21
32 98 3
33 34 13
33 35 52
33 36 33
33 37 37
33 38 7
33 39 74
33 40 66
33 43 88
33 45 21
33 47 99
33 50 83
33 51 25
33 53 11
33 54 5
33 55 69
33 56 17
33 58 68
33 59 38
33 60 71
33 61 81
33 62 70
33 63 60
33 68 25
33 70 69
33 72 51
33 73 24
33 76 93
33 77 41
33 80 33
33 82 11
33 84 92
33 89 86
33 92 2
33 93 80
33 96 47
33 97 33
33 98 45
33 100 63
34 36 18
34 37 3
34 39 9
34 41 76
34 42 76
34 44 6
34 45 51
34 48 91
34 50 60
34 52 61
34 53 78
34 55 78
34 56 72
34 57 71
34 59 53
34 61 91
34 63 14
34 64 29
34 68 61
34 70 83
34 71 65
34 72 92
34 74 88
34 76 20
34 78 67
34 83 8
34 85 79
34 86 93
34 87 24
34 88 32
34 91 17
34 93 28
34 94 50
34 98 36
34 99 16
34 100 1
35 37 61
35 39 79
35 40 99
35 41 8
35 42 52
35 44 79
35 45 68
35 49 77
35 50 50
35 54 10
35 55 83
35 59 43
35 60 40
35 62 70
35 68 75
35 70 73
35 71 87
35 72 21
35 73 62
35 74 93
35 78 41
35 79 63
35 80 43
35 82 64
35 84 10
35 85 32
35 86 57
35 88 73
35 90 22
35 91 99
35 93 82
35 94 22
35 96 86
35 98 89
35 99 46
35 100 28
36 39 47
36 40 95
36 42 35
36 43 7
36 48 84
36 49 93
36 50 26
36 51 75
36 53 65
36 56 18
36 59 48
36 60 51
36 61 48
36 62 15
36 63 53
36 65 14
36 66 33
36 67 42
36 69 7
36 70 96
36 74 89
36 75 54
36 77 26
36 79 41
36 83 19
36 89 77
36 91 6
36 93 21
36 94 48
36 95 83
36 96 73
37 38 99
37 39 21
37 41 65
37 42 84
37 43 72
37 44 99
37 45 29
37 46 13
37 49 45
37 51 64
37 53 33
37 54 98
37 56 55
37 57 14
37 59 95
37 62 27
37 63 5
37 64 41
37 67 99
37 68 30
37 69 13
37 70 94
37 71 32
37 72 4
37 74 50
37 76 91
37 77 99
37 78 5
37 80 60
37 82 44
37 83 1
37 88 40
37 90 69
37 91 29
37 92 10
37 94 1
37 95 48
37 96 42
37 99 43
37 100 88
38 42 62
38 43 99
38 44 42
38 46 44
38 51 96
38 53 33
38 54 84
38 59 6
38 60 9
38 61 86
38 62 21
38 64 55
38 65 68
38 67 92
38 68 13
38 69 33
38 70 86
38 71 88
38 72 11
38 73 10
38 74 43
38 75 53
38 77 54
38 81 34
38 82 48
38 83 69
38 84 55
38 85 10
38 87 40
38 90 88
38 92 17
38 93 95
38 100 7
39 40 46
39 41 17
39 42 17
39 43 29
39 44 61
39 45 77
39 48 26
39 49 40
39 54 7
39 55 11
39 56 6
39 58 35
39 60 70
39 62 56
39 63 15
39 64 72
39 69 84
39 74 10
39 79 3
39 80 18
39 82 8
39 84 56
39 85 100
39 92 16
39 94 48
39 95 8
39 96 100
39 98 98
39 100 68
40 41 40
40 45 86
40 46 87
40 48 32
40 50 52
40 56 40
40 57 37
40 59 10
40 65 83
40 67 99
40 68 63
40 69 82
40 70 59
40 71 19
40 74 60
40 77 82
40 80 46
40 81 26
40 83 81
40 84 16
40 86 39
40 87 19
40 92 66
40 93 65
40 94 61
40 96 77
40 100 38
41 42 67
41 44 82
41 45 96
41 49 64
41 52 53
41 53 25
41 54 40
41 55 86
41 56 67
41 58 24
41 59 24
41 62 64
41 64 24
41 65 79
41 66 53
41 68 60
41 69 51
41 70 78
41 75 61
41 79 31
41 80 53
41 81 81
41 82 80
41 85 34
41 86 61
41 88 28
41 89 34
41 92 20
41 93 61
41 96 45
41 97 65
41 98 83
42 43 41
42 44 4
42 45 37
42 47 100
42 49 65
42 50 78
42 52 84
42 53 88
42 54 95
42 55 12
42 57 10
42 58 47
42 60 49
42 61 4
42 64 93
42 65 89
42 66 5
42 68 81
42 70 10
42 75 41
42 76 98
42 83 13
42 88 72
42 89 94
42 91 100
42 93 48
42 96 19
42 97 65
42 100 49
43 46 80
43 47 91
43 50 24
43 51 6
43 55 33
43 59 14
43 63 23
43 64 15
43 65 72
43 66 13
43 71 45
43 74 44
43 76 71
43 78 48
43 81 6
43 83 98
43 84 93
43 87 15
43 89 44
43 90 97
43 91 99
43 92 91
43 94 84
43 96 80
43 97 82
43 98 54
44 47 46
44 48 99
44 50 26
44 52 96
44 53 30
44 55 96
44 57 64
44 58 76
44 60 24
44 61 12
44 62 23
44 64 64
44 65 79
44 66 22
44 67 6
44 68 31
44 69 52
44 70 4
44 71 73
44 73 12
44 75 20
44 77 96
44 78 97
44 80 93
44 81 53
44 82 95
44 83 97
44 87 90
44 90 43
44 91 60
44 95 100
44 96 62
44 97 55
45 48 15
45 51 100
45 54 49
45 55 56
45 57 94
45 58 19
45 60 20
45 61 11
45 62 14
45 65 88
45 68 30
45 69 1
45 71 85
45 74 11
45 75 85
45 77 16
45 78 81
45 82 36
45 83 64
45 89 72
45 96 84
45 97 80
45 99 77
45 100 26
46 47 15
46 48 3
46 49 46
46 53 36
46 58 28
46 60 36
46 61 73
46 65 72
46 66 14
46 67 58
46 73 75
46 74 93
46 75 84
46 78 49
46 81 84
46 88 39
46 90 60
46 91 94
46 93 58
46 94 79
46 95 17
46 100 30
47 48 11
47 49 5
47 50 62
47 51 83
47 55 58
47 57 78
47 59 50
47 62 97
47 63 90
47 64 43
47 65 70
47 66 10
47 67 58
47 68 93
47 72 24
47 74 10
47 75 73
47 77 39
47 82 40
47 83 99
47 90 63
47 92 30
47 93 88
47 95 99
47 96 56
47 97 14
47 99 76
47 100 40
48 50 28
48 54 66
48 56 86
48 58 82
48 60 17
48 61 1
48 62 93
48 63 2
48 65 33
48 68 10
48 71 3
48 72 89
48 73 27
48 75 70
48 76 28
48 77 86
48 78 92
48 79 16
48 80 36
48 84 11
48 86 65
48 87 44
48 89 34
48 94 12
48 96 49
48 100 22
49 50 65
49 51 36
49 52 35
49 53 22
49 54 75
49 56 40
49 58 28
49 60 22
49 61 64
49 63 10
49 64 90
49 66 38
49 69 45
49 71 33
49 75 1
49 76 32
49 78 4
49 81 95
49 82 85
49 85 38
49 87 89
49 88 76
49 91 91
49 94 62
49 96 96
49 97 94
49 98 90
49 100 27
50 53 45
50 55 45
50 58 33
50 61 26
50 62 52
50 63 48
50 65 26
50 68 86
50 72 12
50 73 88
50 74 79
50 75 81
50 77 6
50 78 6
50 80 86
50 84 67
50 86 69
50 87 81
50 88 38
50 89 40
50 90 43
50 91 98
50 92 68
50 95 39
50 96 66
50 97 38
50 99 14
51 53 23
51 54 68
51 55 19
51 57 2
51 58 90
51 60 5
51 64 34
51 65 85
51 67 8
51 70 12
51 71 11
51 72 11
51 74 66
51 75 51
51 79 22
51 80 45
51 81 10
51 82 73
51 85 30
51 86 40
51 89 46
51 91 6
51 94 93
51 95 81
51 98 68
51 99 32
51 100 28
52 53 37
52 55 70
52 57 4
52 65 29
52 67 7
52 68 70
52 69 53
52 71 16
52 72 96
52 74 1
52 75 26
52 76 87
52 78 11
52 79 1
52 84 6
52 91 55
52 92 51
52 97 5
52 98 99
52 99 96
52 100 65
53 56 82
53 57 90
53 59 85
53 60 38
53 66 15
53 67 49
53 70 84
53 71 37
53 72 93
53 74 53
53 75 64
53 77 36
53 79 82
53 82 29
53 83 13
53 84 44
53 85 59
53 87 21
53 89 82
53 91 4
53 92 27
53 93 7
53 97 67
53 98 48
53 99 100
53 100 77
54 56 92
54 58 32
54 59 94
54 60 9
54 63 88
54 64 61
54 66 35
54 68 7
54 70 73
54 71 31
54 72 81
54 76 100
54 77 73
54 79 53
54 81 4
54 82 5
54 83 10
54 84 2
54 85 7
54 86 45
54 87 6
54 88 95
54 91 79
54 92 1
54 93 83
54 94 14
54 96 5
54 100 86
55 59 97
55 60 27
55 61 62
55 63 94
55 68 5
55 69 64
55 71 47
55 72 17
55 76 70
55 77 2
55 80 97
55 87 98
55 88 77
55 91 73
55 92 15
55 95 28
55 98 90
55 100 10
56 57 63
56 60 55
56 63 88
56 64 74
56 70 15
56 73 30
56 76 66
56 77 13
56 79 93
56 80 96
56 82 34
56 87 70
56 88 85
56 90 15
56 96 80
56 97 64
56 99 85
56 100 21
57 58 31
57 60 70
57 62 21
57 70 9
57 71 39
57 72 14
57 76 89
57 77 98
57 79 71
57 80 59
57 82 11
57 88 42
57 89 53
57 90 13
57 92 27
57 94 41
57 95 25
57 99 52
57 100 85
58 60 100
58 62 55
58 66 6
58 68 56
58 70 85
58 72 97
58 73 66
58 74 16
58 75 72
58 76 31
58 78 4
58 79 12
58 80 44
58 81 82
58 87 64
58 92 15
58 93 38
58 94 88
58 96 7
58 97 37
58 98 84
58 100 36
59 60 41
59 61 76
59 62 14
59 64 23
59 65 85
59 67 87
59 68 16
59 71 74
59 72 77
59 73 51
59 74 84
59 76 86
59 77 49
59 82 92
59 84 79
59 88 61
59 92 8
59 94 95
59 96 30
59 98 64
59 99 61
59 100 2
60 61 43
60 62 78
60 63 2
60 64 59
60 66 17
60 67 85
60 69 86
60 70 78
60 71 33
60 72 4
60 73 99
60 76 58
60 77 81
60 78 61
60 79 25
60 82 26
60 86 91
60 88 24
60 89 44
60 91 33
60 94 3
60 95 94
60 99 80
60 100 95
61 62 90
61 64 12
61 67 66
61 68 97
61 71 17
61 72 69
61 73 88
61 74 82
61 75 6
61 77 20
61 78 95
61 79 70
61 80 79
61 81 78
61 82 82
61 86 10
61 87 19
61 89 8
61 90 48
61 94 62
61 95 60
61 97 45
61 99 61
62 64 70
62 65 62
62 66 69
62 68 17
62 70 63
62 71 84
62 72 53
62 74 59
62 75 65
62 77 61
62 78 47
62 84 83
62 85 45
62 86 73
62 87 9
62 90 63
62 92 5
62 94 2
62 96 82
62 98 40
63 66 49
63 67 55
63 68 54
63 69 19
63 70 34
63 74 98
63 75 74
63 77 30
63 78 65
63 83 8
63 87 65
63 92 2
63 93 10
63 95 36
63 97 4
63 98 39
64 73 72
64 77 98
64 78 60
64 79 61
64 80 43
64 81 100
64 84 51
64 85 84
64 86 50
64 88 73
64 90 23
64 91 15
64 93 86
64 95 81
64 97 77
64 99 57
64 100 95
65 66 50
65 68 24
65 70 14
65 71 26
65 74 68
65 79 50
65 81 58
65 82 13
65 84 81
65 86 64
65 87 80
65 89 48
65 91 96
65 93 69
65 98 54
65 99 97
65 100 76
66 67 71
66 71 100
66 72 55
66 74 7
66 75 6
66 79 56
66 80 22
66 81 8
66 82 45
66 85 4
66 86 75
66 89 7
66 93 20
66 94 44
66 95 97
66 96 80
66 99 17
66 100 37
67 68 81
67 71 39
67 72 34
67 77 32
67 78 98
67 80 84
67 82 45
67 83 49
67 86 95
67 87 23
67 92 7
67 94 19
67 95 74
67 97 40
67 98 45
67 100 96
68 70 13
68 72 90
68 73 32
68 75 47
68 77 20
68 79 28
68 81 18
68 82 83
68 83 33
68 84 97
68 85 30
68 86 40
68 87 32
68 88 63
68 89 10
68 92 60
68 93 54
68 96 32
69 70 85
69 72 59
69 75 52
69 76 57
69 77 9
69 78 55
69 79 7
69 80 74
69 81 73
69 84 71
69 90 39
69 91 17
69 92 29
69 94 40
69 96 33
69 97 16
69 100 11
70 72 59
70 74 39
70 76 83
70 77 85
70 78 22
70 80 17
70 81 79
70 83 76
70 85 13
70 86 25
70 87 93
70 89 85
70 90 16
70 91 63
70 93 53
70 94 45
70 95 52
70 96 68
70 97 1
70 98 77
70 100 43
71 75 8
71 77 77
71 80 32
71 81 71
71 83 8
71 85 58
71 86 32
71 93 78
71 94 66
71 98 74
72 73 9
72 74 90
72 76 14
72 78 47
72 79 3
72 80 30
72 82 6
72 83 20
72 86 59
72 89 96
72 92 43
72 94 22
72 96 7
72 97 46
73 74 32
73 79 68
73 83 35
73 84 80
73 86 39
73 92 65
73 95 15
73 96 3
73 99 87
74 76 98
74 78 1
74 79 81
74 82 65
74 83 29
74 84 100
74 85 55
74 86 9
74 88 67
74 89 74
74 90 83
74 92 25
74 94 90
74 99 46
75 77 66
75 84 96
75 86 97
75 97 57
76 77 79
76 78 68
76 79 37
76 82 54
76 85 16
76 86 83
76 87 67
76 89 99
76 90 2
76 91 3
76 97 92
76 99 47
77 78 32
77 80 39
77 81 93
77 82 42
77 85 40
77 88 47
77 89 57
77 91 92
77 97 64
77 100 3
78 80 52
78 82 65
78 83 50
78 85 46
78 87 56
78 89 69
78 90 80
78 92 59
78 93 73
78 95 19
78 98 15
78 100 9
79 80 72
79 81 37
79 83 85
79 84 19
79 85 64
79 89 71
79 93 91
79 96 12
79 97 78
79 99 5
79 100 37
80 81 35
80 85 93
80 86 65
80 87 54
80 88 100
80 89 38
80 90 7
80 93 41
80 94 30
80 96 85
80 99 80
80 100 10
81 82 93
81 83 71
81 84 29
81 86 88
81 91 53
81 93 64
81 96 97
81 99 49
81 100 75
82 83 6
82 85 11
82 87 37
82 89 53
82 91 100
82 93 77
82 94 80
82 95 17
82 99 67
82 100 89
83 84 84
83 85 35
83 86 62
83 93 85
83 97 15
83 98 38
83 100 20
84 85 64
84 86 24
84 87 39
84 88 54
84 89 21
84 90 83
84 94 95
84 100 45
85 86 86
85 89 16
85 90 97
85 91 6
85 96 22
85 98 13
85 100 80
86 87 75
86 90 18
86 91 4
86 98 32
86 99 79
87 89 19
87 90 8
87 92 33
87 93 84
87 94 13
87 96 84
87 97 51
87 100 4
88 89 86
88 90 9
88 91 6
88 93 10
88 96 94
88 97 53
88 98 98
88 99 49
89 95 34
89 97 60
89 98 35
89 99 33
89 100 77
90 93 34
90 94 10
90 95 71
90 98 30
90 99 34
90 100 46
91 92 39
91 94 32
91 100 31
92 94 87
92 95 99
92 97 18
93 95 6
93 98 75
94 96 1
94 97 19
94 99 66
94 100 1
95 97 33
95 98 8
95 100 33
96 97 37
96 99 50
97 100 40
99 100 36
