16447980
3415104
1266703
13742748
1535255
7779421
3335582
8300152
4530875
10734334
9583242
4341359
1865403
1306700
11836260
4159413
10179884
847031
1318182
4115380
6219950
12748490
4437103
7126257
2708197
4408327
14364681
3618871
1637861
1772571
593660
7625213
9272949
8024656
5575202
14548207
1087526
15315010
3515239
1654553
10627112
7476812
4146157
1815898
9570490
11673972
4579932
1919725
7701125
10527339
400885
377994
2653853
7839568
700479
7829225
1471064
3040288
3338261
6526088
8426119
1344873
1396268
7921698
1155756
4751324
9463406
4888186
3424480
1774375
3853887
4108209
12126654
7563004
274029
6534108
12678364
4958337
3526810
9105858
10973713
11286573
1958670
98777
9358636
13315351
38598
4032498
2836267
4503054
9539816
7546735
10141549
4085897
11677075
5164316
6904712
9203410
8227429
3422548
11779897
5699614
830040
343667
785564
5119770
4154907
10038667
83021
8028272
4127755
12560613
4118011
9964003
5179064
5016349
10268572
5548509
5620685
5619804
6901705
3232939
3361792
3492417
6953220
7641147
1075840
8581596
6301635
1305327
4425320
11611151
10149822
15103121
13372839
11674708
2822816
2816119
6425092
5504836
11935905
5066898
1643889
1000199
1428728
9716959
7567252
699054
8357605
1650394
475364
367600
5595682
7923121
9979549
7264761
4327447
2705844
9753923
11269754
5040363
416762
12127439
11937301
12366483
3538069
4841675
3166598
4419181
103487
770508
5635989
804724
14657083
1818221
8069836
3654944
13025898
1949266
2487309
7780427
6046218
413528
3540548
8796507
6996453
2690991
12649398
578897
8257037
11796907
494536
396390
8007873
5215925
11454739
6232562
11891584
22814
1447215
14161689
11209642
4787277
1466092
3905296
2113964
2820509
2300032
1537125
2632109
2086131
11484294
6469692
5057378
246312
9513423
289749
2531557
30435
910372
4623620
5342490
3388090
97099
7230771
3150931
6743148
12685137
7481122
4888887
10157252
4047842
4475220
7372813
6695572
5569775
6751264
2637629
1374559
6311992
8907874
218575
261428
7103152
3153380
3744353
8337600
6540618
1669443
6451090
730035
6650823
11712900
11413087
3809105
1501577
1735762
1713131
525460
1538547
4716364
2202218
7966055
3679827
11086895
9043765
8169564
11582913
3543389
696817
12725161
8005643
1254707
9890670
9608116
1876298
787274
10160895
13111329
8559682
3496565
3767679
9628528
10173577
2995991
3766688
1383449
7872980
1276546
2466049
1099312
6340914
8279832
308569
6465547
6573214
11557202
1557603
2741392
8752519
8176865
3456518
675652
1302820
5555750
6080901
3277831
3111320
10387781
3917733
5126329
1336716
2483149
3562079
4968125
1234290
6457854
4045302
77916
4207215
5838674
5848029
6780135
9455479
2865482
4416313
10179328
827914
3174212
3441241
14486665
8771226
9801227
9921935
6791911
1107795
3373878
883700
9749275
29479
4948050
6970017
961495
5006
2436827
6525
13936852
2818465
1546678
462659
6447708
7188435
397260
7335131
216571
1451280
14182280
1177214
2493828
110394
9702984
1049654
3386845
3186748
2405264
2714992
95806
6966893
7792216
7006802
2326241
967250
1109924
171291
8442433
4303172
828532
1142987
7894769
4414540
8031385
1008247
6633552
435653
1855004
11464753
8028750
5207444
5138174
4267108
1468198
1926096
3238974
7014110
9985466
8427838
1084687
6880005
4244177
7079986
3835879
2804553
2391030
1019132
8613278
5102409
5537572
8448833
4637048
9061475
465001
9745921
7126815
13334619
375688
2242394
9138526
4183841
3504270
14307197
14328335
854090
9127432
859828
1741999
516785
1209620
8239320
3942788
3514902
3708065
5920442
4538599
6950476
4579357
2996589
5560902
9138579
3524202
5808749
3843896
8610520
3762888
14083751
7758018
4383365
6471998
6101673
11989863
8173378
7181469
12266894
657378
1836558
2814410
13508530
8757327
5035691
5587846
2591931
6594540
7833352
13834280
8459498
4423875
6753523
7063456
274223
4019766
6479901
2225160
13543394
2126810
9922713
5052530
