38997696
55699
5573958
4275906
4464411
7289807
8969569
22777446
30381491
11682058
10441607
3022264
4921033
952305
17390717
27576485
12314781
5781623
8995644
7141946
32093873
21535647
5989354
21439370
7096739
19792865
34952970
15054676
25883336
5465788
406467
23242069
12238182
13709773
251045
15940988
8775425
5968216
27435056
27162501
36465170
1073476
13269651
1282546
2992667
4973764
1733945
9761189
15220967
11850403
22909598
10228655
20589637
34637152
31862055
25251983
26994797
19224432
2688042
15874208
20567153
4340432
5846714
1184334
6829458
15914607
1645012
154350
9289413
13468401
6352052
16037298
13582203
786886
1805399
4604367
2864537
7735731
1056489
6696433
20596331
19032748
4847616
25395276
19775579
5899031
7959370
10457633
14825911
4818329
10549047
11193052
1648877
24762900
29996812
21274602
7144849
13828187
2666919
753065
9064532
16638255
13812843
14631491
13142303
32191082
32967859
24639576
12883162
157204
2746693
3041677
33367655
30165728
416845
1079374
16696917
5271106
16749546
2522676
6870449
7467117
4285003
2960718
11924421
3482016
12752244
22708933
15653823
13187677
10938379
3209667
5680318
31234526
16469642
20233146
19438901
7077336
13603996
24670595
33590763
4705459
5676995
22034104
6075534
5628052
8239714
18778045
29747346
1002576
20893728
7274530
6007867
9293957
36301557
20148626
7775080
7551507
11002061
29343590
5543240
7350014
4821946
27330512
20054453
6836604
20141612
1048064
16126761
4989871
6009315
23038615
22525586
10758672
5996795
11018477
18039879
19140840
19660234
9696434
1422601
4737591
5890020
14283419
29757524
15883630
1800125
26911991
4730714
5987400
18760873
20931877
7528386
3013629
23064859
17922506
883563
17438192
3163941
11489891
17194358
10281795
12089198
22337036
3427323
12371399
10369623
36856694
15371764
11079085
14927771
20252345
11009484
1842313
4240657
34028348
14013511
20551217
20491002
27069042
9010123
4499223
27234737
13539595
29504017
3695465
15882992
14159912
1320697
24915213
10107923
25194563
19946554
23274376
8679458
18780658
26001547
20343997
4535299
28747592
29516777
11714358
28966883
10985982
24381714
24878364
4032321
24880386
18030954
28239514
14123804
22217062
1388593
16295050
17576075
32175075
21882109
14443285
18381210
6769673
11916705
3173459
4111914
2913671
37506275
28483708
28295085
11031046
7890090
18616575
4306674
1401704
21684493
17062272
10840995
31870840
219846
6925314
19496075
11093085
839135
19818018
22815411
277399
18787930
6752788
27583709
11979971
3183235
895227
3191450
22731449
13099175
14180402
1789588
26896100
1896743
903995
7240232
29839250
3614037
578995
12463367
13872379
20269726
4365519
5818077
21926684
7466574
23041370
32945064
27046277
22629300
14352411
16785014
6014890
14075292
1334095
9929569
6982869
6657741
18023268
306239
5008050
7172719
2330097
151617
10486853
12789685
13704048
5476748
5560347
8706027
26989105
8858232
17359966
3086237
2102883
20182047
