45701580
39628050
8651641
37261312
20544499
1536318
5987673
44349558
4574023
34779309
12164010
3925927
16164357
15817845
96591
24323678
6270804
14278651
4990098
9627969
16228554
15844350
10936948
6292313
9558682
11657440
3721870
360220
15665116
9093989
14149839
4258108
10292577
31630093
13139006
11922969
13045533
4397890
24389742
5482986
1894356
40533108
23587404
15180793
3749264
7608389
17587855
14250654
2374795
33546356
26095660
34970603
20559645
5953137
23976667
15641896
6116587
29734444
742367
26570191
2576554
2105043
4411079
9747058
19729456
13936865
5172553
10532672
24711478
15974140
14328721
22096107
27503668
4475318
18563137
13943621
37761939
16337213
12080251
5222715
3751932
10276924
666602
2263461
14728387
39977623
82957
32491693
5967708
16025147
489152
3551386
38819085
35971172
4785678
21509418
36842071
12379930
35328566
26741322
9682701
4021063
36619618
22346436
24249379
5517991
33164168
2132182
14387591
17786818
41897954
11591134
5365574
24679385
37625805
12896238
6141838
6209951
15975721
19646105
35022951
5411406
28793288
745736
1659760
8891979
16625021
19531181
33004931
28358193
1173273
30954197
16791289
7753709
34703447
13828112
11964519
1790224
8581997
41136975
2536633
10833977
11620571
15047835
40141193
29937654
7166846
26560980
42018500
10704167
41222556
17450796
26894354
9740526
6294490
4463757
35587516
28079366
3908003
8802104
25502150
23118637
15766396
2608531
16257586
9337627
221819
2558030
1326286
2526164
27495385
2824604
16452152
11650302
1520609
8894371
8929807
21859942
15246956
1152427
13835483
18891811
5715969
25460662
6022043
15834677
14647544
14068359
42886719
3201465
5863824
30325258
23447414
6178999
14015606
13350929
7875600
6171517
8795437
31835766
26253309
26552248
21750381
12138385
5268494
26162238
22273668
14185186
2893112
17987565
2430345
23862891
11307539
5735701
10030249
15384849
30653305
10102225
1332459
34839580
27468576
29298485
3255280
18629109
2118229
136442
17031240
22580077
11378296
15847669
19296534
9631954
10052694
5502309
29960562
15263372
10312154
5409497
17769352
23892824
7978311
7390310
1351197
6151110
13069033
15612041
3022444
23970569
29271701
16658911
24009408
12920761
19712708
11039527
2956093
2109938
6319705
1910402
21023403
39420582
38260753
8236885
17699893
3035285
23942402
41577604
4714382
7190238
3534183
35366383
11397659
2235175
7108930
13189693
1301045
709162
14514684
7601015
5450284
35148242
11532323
20475728
8902134
8928271
30849382
3694728
9345531
18340286
12035987
3275584
23619478
23101982
25916368
7459449
28070791
16152912
10496244
2073545
33021972
2600106
16326393
6822630
31626339
432115
6373513
9715561
23797931
6619761
13878556
13964705
10563603
2207580
11752632
21658277
18654005
26944929
14324719
15445790
10435075
9669221
14943899
4608003
