500000500000
79045778681
134464485345
375174525899
142901803593
416316688101
200158181192
9493823999
413019808807
319973383182
212358236166
165444015588
83995943200
293914958936
58244470550
26002093879
199035852812
382410749016
3953499192
142890226553
21948476419
106456775191
319674249866
148742379517
67354742965
276297642401
416844300772
579752332
65108843299
175381255100
168545464387
347228369458
4151684453
3400231084
19225782846
3428098751
359128442971
155755066255
34407842469
132215582579
158311398799
29232315722
330136485218
297922589909
71856942445
18775190405
392342211
3276030933
206644679204
217939818891
219482538882
33634274475
259431428059
142997043026
142683798786
264362723857
66412140320
427656961200
207090061306
11281518243
15720170976
427748711933
48399193705
73434211574
5780810694
91814006174
405525449703
61767969544
71153524595
206379870688
65659475824
289875037398
131297416181
468075176714
298458531769
200342775646
131829326513
105379808864
95299499171
90487756352
261400728220
22640388258
417351020035
102714109224
19370007661
144590242828
136311431616
159964208632
13381492761
225740555825
11029900023
96660193792
269226305122
28599390972
229704629674
106897570008
244927118010
241371137317
132683696569
9246690273
102111297231
97957569570
67243414289
73862537821
343056250360
56164731898
363007166979
289758272328
1848329373
28647680728
129031123859
253534738161
413347343481
97550187520
167037365081
288216450987
298040671776
222283322091
174129306773
53652579202
87810834689
295182610024
129052749708
12354107840
343914322664
330030583945
163180349232
252700428111
72337131982
106049204739
40091487441
45680497737
95490346528
133260699666
57263258546
375811129
378355048509
7485489379
100418996086
133512767124
246790872155
142298385541
212532216222
181953744750
49442545412
100914689199
29185867973
1492894706
144097154818
62177296038
124196546587
268035151977
51692711755
222321080249
42023059828
210425968422
142876782743
156951946696
15700481874
191361998879
113442317342
154362995208
70309881972
439945719470
108513692318
167841040229
42221403880
221877225652
239563012864
100116219898
201637281715
190483533834
216017311783
129242819016
394857390694
486026943317
275769913744
131945645209
111110934257
276758606923
4120611469
126062685855
96565053374
73586041890
107793812548
27896707778
25229931346
172921397824
399942447385
403417324554
53646091842
145287101488
106726125545
186315650916
124321758177
30707288915
30782157179
208260806854
48310452721
62028538575
123602003158
3986860809
154007930215
45811074634
19267697496
83207866347
43814285739
305487829842
450248321397
9925584215
76761967316
74731838999
100479201566
81054574566
130025423973
62500715814
46992257219
141255687766
78847764601
353187228269
98699224416
202269537845
5646190009
122010909946
295659451805
168093219954
19670655061
300124858069
91875035958
294557911284
356772197787
159969060490
308095336132
54474697062
183463612776
279739712351
366816347633
303599260810
250684440764
7771865838
245518442826
14447187255
65925249711
208240159189
81718299097
161077910323
18288886899
92758948825
14532729530
82396331033
197293946016
343642850374
227041317007
294950361259
66626773585
205868500572
25397023633
303417543109
4102993004
58015964804
311349353117
232589685370
23170684149
141931437956
90022907009
95969801028
79802176393
212005737706
380092341213
92074442081
85880771467
21279944365
109711205853
377281020740
139585204823
143359122294
22923121150
126241842493
37441926559
56903729192
50673044275
204785786764
170512315014
151115993900
352664195586
378723663822
313774660371
36199667576
113579155386
15750031601
1775037446
153068781373
27575157706
335558415103
133245581315
190568629877
26504681469
185605969497
236073071324
40077781668
3779759278
295286093318
369032363899
55372524830
3974812500
172140912922
312122236924
96344206841
53212547832
175642167476
14440539460
18583406946
36696732419
157918083561
307753236498
37491640848
125515642182
69849828403
94442292913
171162036851
117434866290
190137765868
367054761286
196585912858
61712199741
65362084719
69453895126
193156441868
465199943771
90818316116
161870984845
391649821978
363146987939
125257730350
401654558542
7451783492
200188744979
128983967436
263069016496
6536567198
272094165749
12376190474
17263525375
70766128839
148453297982
41796808435
257640752053
309911897970
68918383708
12898976666
80416336569
78319440502
41533358961
75315076487
20088578449
7432455346
162614885336
249690586507
179584589838
383535370687
256242142561
249120670118
144232560413
77722405936
43254685140
340595553205
67778552383
164779090708
473042519085
236719172135
90161922530
114408278051
76413552796
55831617618
166718419916
79488151759
155138804401
191602932592
74691263103
240192374758
276637845288
86368715426
170884951694
174451285085
205553492507
14857658053
61471679289
230561071445
44793572388
18142036875
58955174151
324367856849
257699592864
176741480223
60070001575
215223713342
78223096695
156864425297
102212075351
416811765573
20324310511
207020878613
49689563695
59299822531
304031042313
257986326498
94396123438
110523124386
360969546980
175251573574
247442948591
24238000769
70283524329
1322698929
148383193422
134948110724
438944580902
57536164294
352355951329
449538186746
252170964451
491479834478
175593573163
60122731833
219510766495
160497340096
189830009316
51982075224
54545273186
131145771149
1348939875
49753781879
162819408709
52663115179
84519610066
80918962602
190338113525
78187556647
8074508358
256643008765
172557792503
419809101495
302679014187
160780822149
206554923564
410760413260
115639713176
209901013128
225075617643
5875083123
219357318563
182929751047
463385115
114898426304
148075956392
36558630529
59582343155
8824408794
93399538610
138721544459
103013079287
53254692044
257664263026
304877937796
102183966078
284865605690
236679350525
54664188813
72250346508
284494652099
66761044623
272986655885
245353519290
361823205956
207172704784
334723420353
144062134096
376285463538
177544032373
94935956225
52837647095
38242278259
424284520024
320049626400
338676640497
42793687469
328477781753
313314347261
140193764727
107397390782
340895461124
