500000500000
254563547084
486542523372
152660223213
98986015434
227357189861
243588934064
10681696179
157121435811
297265220488
298824830225
107173974668
129482489902
331220571872
379050656368
151251052348
101784038633
212209356842
115679233796
104823705318
27036507345
128915667179
71534823315
21376106384
75401317516
163591236954
279138269775
225146516372
93579887836
15376424839
386685852848
68069437196
117390511472
213122140186
296177805274
258608221710
162920213423
240466757869
211565997151
41221673931
330433933967
332490867702
362816095249
243244353686
40824649643
54801901055
36616663960
150510338748
167455694765
115846131233
187798685499
218119013136
201356990901
296518303301
77739229020
228590665473
369490029887
437816673405
144697286482
321506956544
60624211711
230908085269
350687494395
52960934094
302342987352
56335680840
140217557310
324761446072
269943568227
183786314078
225369299869
145171651473
177704692656
184614380968
81471245434
405739135911
146752162850
122965048880
259533627512
19893391152
259761711969
193675471296
91477104609
62782735217
132167118811
226010871595
73781983807
118707916259
47854026907
222905405570
455600459629
64302577239
391562981044
14301676320
45286667955
73499415904
80935741842
114090080327
24830582412
23683178493
309012260641
61552814883
201755223909
48185912571
122437219248
44335678545
85730583780
254193022316
50610644923
29236877453
267095507541
274873273083
311635995488
282286756586
47070538837
3955392544
306876362832
331972572995
197785872358
172243205472
319801783136
405101345999
180880475336
321562823526
228875934316
313493793423
94621602616
6655693043
18809586560
83796026764
128817617791
4851784684
114746948051
67088219146
151064774920
226381883323
123473019435
189369342303
96583988294
79114665137
326980969270
76830388764
25717218473
176443093180
22318664625
985689001
159208423249
233495244772
121199954652
35634778947
189167445270
47736575339
75008688281
79121733471
228469613771
357840556015
33815279554
11393981254
295250841062
83741952990
16193167966
68011040373
268913283059
291559235744
134744071662
150109969522
145201824695
15148632163
20278174285
73656545551
118289618146
280989785694
313870569299
187197880976
352091108761
48688440196
143895600160
147355166843
69151625563
136962114805
67757925724
114703868923
227892112092
31841387188
174121839400
21726029539
136387017118
124900212537
113663298827
433970924605
282893500861
199848871593
219916958719
175610114630
310208471490
134477821718
63342083262
272427249581
179385886855
25767526133
56956538218
2630626551
57452706436
299437973907
30948811017
251676263090
239357909933
51429199463
93705843710
126363409556
232812969094
38851435039
200691498640
189796515537
170946395564
149074446015
89721857762
229748369157
94927693623
1804725478
78052249774
98604747783
396642933298
271428281010
217592220895
130819302007
244702829436
103608709659
5140074391
128932723
88132271837
98522740263
455844027937
153851087840
311075517914
229632684291
616297167
252441107393
243438957317
782831036
193478239817
93177284373
246312092564
262347362089
23364391633
118206469846
186041610844
77127309074
333918012412
259718496020
293668226954
415700777874
150300374932
5010873270
289640835154
132787699595
66819173524
140860489353
201674942646
429683341444
346138130349
375141198348
101823517896
12498623749
246379852726
18947048678
225077191577
255379826211
169652746493
42873605125
352345960625
34959221463
226916206921
67959916759
122718744268
130257158338
12640420401
167041155982
177795683359
282599536988
309013480901
280389730961
331276583269
260185701462
97262854053
169153797245
231859938777
373078475598
163403817355
213765809389
199428393822
109498114056
396347295817
46742604872
44333876488
43434902465
43884540473
127956975534
185323876234
48525754864
348711690548
23576238880
90273215595
337355014471
109432970771
109147665884
153662803440
294134026678
5191916258
105483572337
245659061953
14278920319
131855091118
246065388012
256367968263
72982804909
20761175439
59959633883
372757435629
57404196660
132585310993
244737729043
241905308272
51387659982
17495955151
92619904171
35187332032
267621907295
287642498767
238356548746
181761702498
79255489662
321569958275
40752024274
185912368058
315952464143
95341425997
8035338012
193504747466
1417872921
60872239956
123608426053
357664138895
195029445681
280573957546
289175154382
35249162495
128789267876
84508837103
494912983302
117826290610
44871550759
164168839663
15524118388
3812088145
244329345066
106555323115
465645170083
71511021200
242060978374
66680852426
359763443274
325519819708
55617953910
191124574904
147811275554
376706490730
41727204459
67018902395
215577806184
128123158393
23838962761
122170733770
175856031012
84498778392
154312097646
207608634589
70490729287
222765716664
60110472814
77114085197
19861539837
299604071292
206583016349
344482854681
254704216466
344136628855
245386439269
237480484528
349707091865
95644172533
87064616389
142158446149
8583321425
172729369783
155349471761
29667739344
332067672549
215350683431
33590965028
9719725855
320948690418
333284647643
96823755737
20518061820
137752124327
128046854080
32971278230
306082255018
82209383883
310099837022
244036853590
23219026996
92372959280
128109392690
74065088529
22152307194
6978410940
301959547665
212485457645
57641548731
109756788734
8612694844
177078706493
10412337794
2031262642
208514995184
286754505448
260608371067
102398000849
181820025501
112619638879
43246522477
13453189752
92596008530
95701965583
156992091560
110425065355
87077776683
16981937051
273352573751
246572028048
282753690073
199880225391
202576702025
19126510037
931568631
123479164203
301255291480
42887446716
63085324322
127507317342
20578550779
198382256006
132596564939
392274703594
55898805835
258961561978
220195788431
430758181142
403279700579
387593271101
19516722898
235461231860
120105907874
54002744945
335965535711
21455101375
64081670649
216748709122
389487524437
22885664329
28901137079
265752760249
135757684947
357692666643
32414603837
107483837017
4312551057
217474680936
252954400792
181002135302
104113710958
313228925727
112996547674
147827227482
232180713407
127242003681
368616549642
387826502045
155193790392
324954113446
351976227482
24505284367
4219336425
384677597534
457641576051
222520627313
