499999642500061692
500000000499989123
499999937499996500
500000000499946827
500000000499988416
500000000499905705
499999126500376575
500000000499895641
499999701500040090
500000000499909647
499999750500021077
500000000499930361
499999980499978046
500000000499799309
500000000499975428
500000000499883891
499999868499962685
500000000499896567
500000000499966633
500000000499900944
499999462500071345
500000000499924430
499999647499996398
500000000499877656
499999735499964941
500000000499386219
499999847499927363
500000000499964255
499999674499993027
500000000499421285
500000000499942422
500000000499218002
499999547500045413
500000000499806363
499999933499946589
500000000499495890
499999732499994338
500000000499389336
500000000499990845
500000000499895224
499999313500206573
500000000499526553
499999392500144232
500000000499990881
499999423500138975
500000000499962096
499999956499978792
500000000499772182
500000000499987813
500000000499982728
499999449500128108
500000000499934651
500000000499995497
500000000499471441
499999309500217648
500000000499591467
499999616500048029
500000000499694412
499999732500004104
500000000499755536
499999654500030306
500000000499944931
499999678500015107
500000000499799496
499999477500098261
500000000499295430
500000000499986915
500000000499706355
499999861499976847
500000000499360713
499999384500156506
500000000499322925
499999609500045356
500000000499700947
499999303500212185
500000000499253690
499999500500095786
500000000499306597
499999964499973494
500000000499831637
499999901499979621
500000000499827265
499999178500319071
500000000499452689
499999245500274066
499999978499412039
499999813500006067
499999994499501350
499999127500386582
499999962499456248
499999286500272186
499999923499997984
499999224500368631
499999936500002738
499999886500017303
499999829500016309
499999077500569738
499999856499711116
499999576500136167
499999928500003863
499999028500560724
499999855500001862
499999668500077597
499999936499866954
499999772500041161
499999889499640593
499999286500330970
499999836499693271
499999296500387613
499999829500028101
499999642500167698
499999871500036083
499999186500590272
499999651500045577
499999916500029903
499999696499912417
499999414500337873
499999691499765482
499999602500186825
499999925500024116
499999762500096570
499999721500055663
499999847500064826
499999660500064231
499999355500462874
499999819500061877
499999438500407428
499999604500082507
499999713500160705
499999589499968963
499999468500381412
499999621499998830
499999075500791144
499999687500007343
499999502500272805
499999777499816447
499999992500001777
499999904500015622
499999251500481352
499999822499879417
499999633500122536
499999903499803328
499999372500291982
499999836499687814
499999311500403687
499999803499926283
499999779500077101
499999746499970755
499999839500054960
499999798499970949
499999710500113210
499999752500034223
499999900500026658
499999773499834435
499999858500054895
499999773500054974
499999459500314383
499999768500017465
499999155500609691
499999766499998732
499999522500282581
499999683499826092
499999569500283951
499999973500009858
499999504500330207
499999889500039636
499999279500570182
499999816500053288
499999419500398845
499999690500043379
499999800500104041
499999879500049413
499999485500383831
499999795500076620
499999966500009867
499999924500031663
499999178500715741
499999661500070758
499999103500791247
499999691499956895
499999817500091135
499999950500016897
499999552500341373
499999638499821439
499999377500477091
499999686500012623
499999491500364058
499999647499858593
499999473500427547
499999565500137171
499999794500135011
499999638500025731
499999220500687896
499999891500047649
499999223500743493
499999779500110141
499999074501044191
499999819500104139
499999049501116115
499999424500163527
499999781500190291
499999907500068444
499999538500463996
499999422500234543
499999922500056519
499999487500045555
499999097501048770
499999657500195796
499999742500226901
499999697500185939
499999646500338896
499999977500015421
499999570500441920
499999765500180448
499999728500262339
499999648500246169
499999859500122714
499999405500163760
499999695500272274
499999417500237353
499999702500276906
499999428500281124
499999903500082575
499999916500070856
499999868500127172
499999582500302723
499999950500046451
499999634500300699
499999653500413480
499999666500308796
499999291500990457
499999378500482172
499999838500182261
499999386500491898
499999308500992458
499999996500001870
499999258501050190
499999551500381301
499999439500778066
499999146500530262
499999233501172996
499999065500614896
499999093501506434
499999897500116395
499999648500457694
499999585500402974
499999526500639839
499999615500378966
499999746500313792
499999420500442939
499999420500442939
499999420500442939
499999420500442939
499999420500442939
499999420500442939
499999420500442939
499999420500442939
499999420500442939
499999420500442939
499999420500442939
499999420500442939
499999420500442939
499999420500442939
499999420500442939
499999420500442939
499999420500442939
499999420500442939
499999420500442939
499999420500442939
499999420500442939
499999420500442939
499999420500442939
499999420500442939
499999420500442939
499999420500442939
499999420500442939
499999420500442939
499999420500442939
499999420500442939
499999420500442939
499999420500442939
499999420500442939
499999420500442939
499999420500442939
499999420500442939
499999420500442939
499999420500442939
499999420500442939
499999420500442939
499999420500442939
499999420500442939
499999420500442939
499999420500442939
499999420500442939
499999420500442939
499999420500442939
499999420500442939
499999420500442939
499999420500442939
499999420500442939
499999420500442939
499999420500442939
499999420500442939
499999420500442939
499999420500442939
499999420500442939
499999420500442939
499999420500442939
499999420500442939
499999420500442939
499999420500442939
499999420500442939
499999420500442939
499999420500442939
499999420500442939
499999420500442939
499999420500442939
499999420500442939
499999420500442939
499999420500442939
499999420500442939
499999420500442939
499999420500442939
499999420500442939
499999420500442939
499999420500442939
499999420500442939
499999420500442939
499999420500442939
499999420500442939
499999420500442939
499999420500442939
499999420500442939
499999420500442939
499999420500442939
499999420500442939
499999420500442939
499999420500442939
499999420500442939
499999420500442939
499999420500442939
499999420500442939
499999420500442939
499999420500442939
499999420500442939
499999420500442939
499999420500442939
499999420500442939
499999420500442939
499999420500442939
499999420500442939
499999420500442939
499999420500442939
499999420500442939
499999420500442939
499999420500442939
499999420500442939
499999420500442939
499999420500442939
499999420500442939
499999420500442939
499999420500442939
499999420500442939
499999420500442939
499999420500442939
499999420500442939
499999420500442939
499999420500442939
499999420500442939
499999420500442939
499999420500442939
499999420500442939
499999420500442939
499999420500442939
499999420500442939
499999420500442939
499999420500442939
499999420500442939
499999420500442939
499999420500442939
499999420500442939
499999420500442939
499999420500442939
499999420500442939
499999420500442939
499999420500442939
499999420500442939
499999420500442939
499999420500442939
499999420500442939
499999420500442939
499999420500442939
499999420500442939
499999420500442939
499999420500442939
499999420500442939
499999420500442939
499999420500442939
499999420500442939
499999420500442939
499999420500442939
499999420500442939
499999420500442939
499999420500442939
499999420500442939
499999420500442939
499999420500442939
499999420500442939
499999420500442939
499999420500442939
499999420500442939
499999420500442939
499999420500442939
499999420500442939
499999420500442939
499999420500442939
499999420500442939
499999420500442939
499999420500442939
499999420500442939
499999420500442939
499999420500442939
499999420500442939
499999420500442939
499999420500442939
499999420500442939
499999420500442939
499999420500442939
499999420500442939
499999420500442939
499999420500442939
499999420500442939
499999420500442939
499999420500442939
499999420500442939
499999420500442939
499999420500442939
499999420500442939
499999420500442939
499999420500442939
499999420500442939
499999420500442939
499999420500442939
499999420500442939
499999420500442939
499999420500442939
499999420500442939
499999420500442939
499999420500442939
499999420500442939
499999420500442939
499999420500442939
499999420500442939
499999420500442939
499999420500442939
499999420500442939
499999420500442939
499999420500442939
499999420500442939
499999420500442939
499999420500442939
499999420500442939
499999420500442939
499999420500442939
499999420500442939
499999420500442939
499999420500442939
499999420500442939
499999420500442939
499999420500442939
499999420500442939
499999420500442939
499999420500442939
499999420500442939
499999420500442939
499999420500442939
499999420500442939
499999420500442939
499999420500442939
499999420500442939
499999420500442939
499999420500442939
499999420500442939
499999420500442939
499999420500442939
499999420500442939
499999420500442939
499999420500442939
499999420500442939
499999420500442939
499999420500442939
499999420500442939
499999420500442939
499999420500442939
499999420500442939
499999420500442939
499999420500442939
499999420500442939
499999420500442939
499999420500442939
499999420500442939
499999420500442939
499999420500442939
499999420500442939
499999420500442939
499999420500442939
499999420500442939
499999420500442939
499999420500442939
499999420500442939
499999420500442939
499999420500442939
499999420500442939
499999420500442939
499999420500442939
499999420500442939
499999420500442939
499999420500442939
499999420500442939
499999420500442939
499999420500442939
499999420500442939
499999420500442939
499999420500442939
499999420500442939
499999420500442939
499999420500442939
499999420500442939
499999420500442939
499999420500442939
499999420500442939
499999420500442939
499999420500442939
499999420500442939
499999420500442939
499999420500442939
499999420500442939
499999420500442939
499999420500442939
499999420500442939
499999420500442939
499999420500442939
499999420500442939
499999420500442939
499999420500442939
499999420500442939
499999420500442939
499999420500442939
499999420500442939
499999420500442939
499999420500442939
499999420500442939
499999420500442939
499999420500442939
499999420500442939
499999420500442939
499999420500442939
499999420500442939
499999420500442939
499999420500442939
499999420500442939
499999420500442939
499999420500442939
499999420500442939
499999420500442939
499999420500442939
499999420500442939
499999420500442939
499999420500442939
499999420500442939
499999420500442939
499999420500442939
499999420500442939
499999420500442939
499999420500442939
499999420500442939
499999420500442939
499999420500442939
499999420500442939
499999420500442939
499999420500442939
499999420500442939
499999420500442939
499999420500442939
499999420500442939
499999420500442939
499999420500442939
499999420500442939
499999420500442939
499999420500442939
499999420500442939
499999420500442939
499999420500442939
499999420500442939
499999420500442939
499999420500442939
499999420500442939
499999420500442939
499999420500442939
499999420500442939
499999420500442939
499999420500442939
499999420500442939
499999420500442939
499999420500442939
499999420500442939
499999420500442939
499999420500442939
499999420500442939
499999420500442939
499999420500442939
499999420500442939
499999420500442939
499999420500442939
499999420500442939
499999420500442939
499999420500442939
499999420500442939
499999420500442939
499999420500442939
499999420500442939
499999420500442939
499999420500442939
499999420500442939
499999420500442939
499999420500442939
499999420500442939
499999420500442939
499999420500442939
499999420500442939
499999420500442939
499999420500442939
499999420500442939
499999420500442939
499999420500442939
499999420500442939
499999420500442939
499999420500442939
499999420500442939
499999420500442939
499999420500442939
499999420500442939
499999420500442939
499999420500442939
499999420500442939
499999420500442939
499999420500442939
499999420500442939
499999420500442939
499999420500442939
499999420500442939
499999420500442939
499999420500442939
499999420500442939
499999420500442939
499999420500442939
499999420500442939
499999420500442939
499999420500442939
499999420500442939
499999420500442939
499999420500442939
499999420500442939
499999420500442939
499999420500442939
499999420500442939
499999420500442939
499999420500442939
499999420500442939
499999420500442939
499999420500442939
499999420500442939
499999420500442939
499999420500442939
499999420500442939
499999420500442939
499999420500442939
499999420500442939
499999420500442939
499999420500442939
499999420500442939
499999420500442939
499999420500442939
499999420500442939
499999420500442939
499999420500442939
499999420500442939
499999420500442939
499999420500442939
499999420500442939
499999420500442939
499999420500442939
499999420500442939
499999420500442939
499999420500442939
499999420500442939
499999420500442939
499999420500442939
499999420500442939
499999420500442939
499999420500442939
499999420500442939
499999420500442939
499999420500442939
499999420500442939
499999420500442939
499999420500442939
499999420500442939
499999420500442939
499999420500442939
499999420500442939
499999420500442939
499999420500442939
499999420500442939
499999420500442939
499999420500442939
499999420500442939
499999420500442939
499999420500442939
499999420500442939
499999420500442939
499999420500442939
499999420500442939
499999420500442939
499999420500442939
499999420500442939
499999420500442939
499999420500442939
499999420500442939
499999420500442939
499999420500442939
499999420500442939
499999420500442939
499999420500442939
499999420500442939
499999420500442939
499999420500442939
499999420500442939
499999420500442939
499999420500442939
499999420500442939
499999420500442939
499999420500442939
499999420500442939
499999420500442939
499999420500442939
499999420500442939
499999420500442939
499999420500442939
499999420500442939
499999420500442939
499999420500442939
499999420500442939
499999420500442939
499999420500442939
499999420500442939
499999420500442939
499999420500442939
499999420500442939
499999420500442939
499999420500442939
499999420500442939
499999420500442939
499999420500442939
499999420500442939
499999420500442939
499999420500442939
499999420500442939
499999420500442939
499999420500442939
499999420500442939
499999420500442939
499999420500442939
499999420500442939
499999420500442939
499999420500442939
499999420500442939
499999420500442939
499999420500442939
499999420500442939
499999420500442939
499999420500442939
499999420500442939
499999420500442939
499999420500442939
499999420500442939
499999420500442939
499999420500442939
499999420500442939
499999420500442939
499999420500442939
499999420500442939
499999420500442939
499999420500442939
499999420500442939
499999420500442939
499999420500442939
499999420500442939
499999420500442939
499999420500442939
499999420500442939
499999420500442939
499999420500442939
499999420500442939
499999420500442939
499999420500442939
499999420500442939
499999420500442939
499999420500442939
499999420500442939
499999420500442939
499999420500442939
499999420500442939
499999420500442939
499999420500442939
499999420500442939
499999420500442939
499999420500442939
499999420500442939
499999420500442939
499999420500442939
499999420500442939
499999420500442939
499999420500442939
499999420500442939
499999420500442939
499999420500442939
499999420500442939
499999420500442939
499999420500442939
499999420500442939
499999420500442939
499999420500442939
499999420500442939
499999420500442939
499999420500442939
499999420500442939
499999420500442939
499999420500442939
499999420500442939
499999420500442939
499999420500442939
499999420500442939
499999420500442939
499999420500442939
499999420500442939
499999420500442939
499999420500442939
499999420500442939
499999420500442939
499999420500442939
499999420500442939
499999420500442939
499999420500442939
499999420500442939
499999420500442939
499999420500442939
499999420500442939
499999420500442939
499999420500442939
499999420500442939
499999420500442939
499999420500442939
499999420500442939
499999420500442939
499999420500442939
499999420500442939
499999420500442939
499999420500442939
499999420500442939
499999420500442939
499999420500442939
499999420500442939
499999420500442939
499999420500442939
499999420500442939
499999420500442939
499999420500442939
499999420500442939
499999420500442939
499999420500442939
499999420500442939
499999420500442939
499999420500442939
499999420500442939
499999420500442939
499999420500442939
499999420500442939
499999420500442939
499999420500442939
499999420500442939
499999420500442939
499999420500442939
499999420500442939
499999420500442939
499999420500442939
499999420500442939
499999420500442939
499999420500442939
499999420500442939
499999420500442939
499999420500442939
499999420500442939
499999420500442939
499999420500442939
499999420500442939
499999420500442939
499999420500442939
499999420500442939
499999420500442939
499999420500442939
499999420500442939
499999420500442939
499999420500442939
499999420500442939
499999420500442939
499999420500442939
499999420500442939
499999420500442939
499999420500442939
499999420500442939
499999420500442939
499999420500442939
499999420500442939
499999420500442939
499999420500442939
499999420500442939
499999420500442939
499999420500442939
499999420500442939
499999420500442939
499999420500442939
499999420500442939
499999420500442939
499999420500442939
499999420500442939
499999420500442939
499999420500442939
499999420500442939
499999420500442939
499999420500442939
499999420500442939
499999420500442939
499999420500442939
499999420500442939
499999420500442939
499999420500442939
499999420500442939
499999420500442939
499999420500442939
499999420500442939
499999420500442939
499999420500442939
499999420500442939
499999420500442939
499999420500442939
499999420500442939
499999420500442939
499999420500442939
499999420500442939
499999420500442939
499999420500442939
499999420500442939
499999420500442939
499999420500442939
499999420500442939
499999420500442939
499999420500442939
499999420500442939
499999420500442939
499999420500442939
499999420500442939
499999420500442939
499999420500442939
499999420500442939
499999420500442939
499999420500442939
499999420500442939
499999420500442939
499999420500442939
499999420500442939
499999420500442939
499999420500442939
499999420500442939
499999420500442939
499999420500442939
499999420500442939
499999420500442939
499999420500442939
499999420500442939
499999420500442939
499999420500442939
499999420500442939
499999420500442939
499999420500442939
499999420500442939
499999420500442939
499999420500442939
499999420500442939
499999420500442939
499999420500442939
499999420500442939
499999420500442939
499999420500442939
499999420500442939
499999420500442939
499999420500442939
499999420500442939
499999420500442939
499999420500442939
499999420500442939
499999420500442939
499999420500442939
499999420500442939
499999420500442939
499999420500442939
499999420500442939
499999420500442939
499999420500442939
499999420500442939
499999420500442939
499999420500442939
499999420500442939
499999420500442939
499999420500442939
499999420500442939
499999420500442939
499999420500442939
499999420500442939
499999420500442939
499999420500442939
499999420500442939
499999420500442939
499999420500442939
499999420500442939
499999420500442939
499999420500442939
499999420500442939
499999420500442939
499999420500442939
499999420500442939
499999420500442939
499999420500442939
499999420500442939
499999420500442939
499999420500442939
499999420500442939
499999420500442939
499999420500442939
499999420500442939
499999420500442939
499999420500442939
499999420500442939
499999420500442939
499999420500442939
499999420500442939
499999420500442939
499999420500442939
499999420500442939
499999420500442939
499999420500442939
499999420500442939
499999420500442939
499999420500442939
499999420500442939
499999420500442939
499999420500442939
499999420500442939
499999420500442939
499999420500442939
499999420500442939
499999420500442939
499999420500442939
499999420500442939
499999420500442939
499999420500442939
499999420500442939
499999420500442939
499999420500442939
499999420500442939
499999420500442939
499999420500442939
499999420500442939
499999420500442939
499999420500442939
499999420500442939
499999420500442939
499999420500442939
499999420500442939
499999420500442939
499999420500442939
499999420500442939
499999420500442939
499999420500442939
499999420500442939
499999420500442939
499999420500442939
499999420500442939
499999420500442939
499999420500442939
499999420500442939
499999420500442939
499999420500442939
499999420500442939
499999420500442939
499999420500442939
499999420500442939
499999420500442939
499999420500442939
499999420500442939
499999420500442939
499999420500442939
499999420500442939
499999420500442939
499999420500442939
499999420500442939
499999420500442939
499999420500442939
499999420500442939
499999420500442939
499999420500442939
499999420500442939
499999420500442939
499999420500442939
499999420500442939
499999420500442939
499999420500442939
499999420500442939
499999420500442939
499999420500442939
499999420500442939
499999420500442939
499999420500442939
499999420500442939
499999420500442939
499999420500442939
499999420500442939
499999420500442939
499999420500442939
499999420500442939
499999420500442939
499999420500442939
499999420500442939
499999420500442939
499999420500442939
499999420500442939
499999420500442939
499999420500442939
499999420500442939
499999420500442939
499999420500442939
499999420500442939
499999420500442939
499999420500442939
499999420500442939
499999420500442939
499999420500442939
499999420500442939
499999420500442939
499999420500442939
499999420500442939
499999420500442939
499999420500442939
499999420500442939
499999420500442939
499999420500442939
499999420500442939
499999420500442939
499999420500442939
499999420500442939
499999420500442939
499999420500442939
499999420500442939
499999420500442939
499999420500442939
499999420500442939
499999420500442939
499999420500442939
499999420500442939
499999420500442939
499999420500442939
499999420500442939
499999420500442939
499999420500442939
499999420500442939
499999420500442939
499999420500442939
499999420500442939
499999420500442939
499999420500442939
499999420500442939
499999420500442939
499999420500442939
499999420500442939
499999420500442939
499999420500442939
499999420500442939
499999420500442939
499999420500442939
499999420500442939
499999420500442939
499999420500442939
499999420500442939
499999420500442939
499999420500442939
499999420500442939
499999420500442939
499999420500442939
499999420500442939
499999420500442939
499999420500442939
499999420500442939
499999420500442939
499999420500442939
499999420500442939
499999420500442939
499999420500442939
499999420500442939
499999420500442939
499999420500442939
499999420500442939
499999420500442939
499999420500442939
499999420500442939
499999420500442939
499999420500442939
499999420500442939
499999420500442939
499999420500442939
499999420500442939
499999420500442939
499999420500442939
499999420500442939
499999420500442939
499999420500442939
499999420500442939
499999420500442939
499999420500442939
499999420500442939
499999420500442939
499999420500442939
499999420500442939
499999420500442939
499999420500442939
499999420500442939
499999420500442939
499999420500442939
499999420500442939
499999420500442939
499999420500442939
499999420500442939
499999420500442939
499999420500442939
499999420500442939
499999420500442939
499999420500442939
499999420500442939
499999420500442939
499999420500442939
499999420500442939
499999420500442939
499999420500442939
499999420500442939
499999420500442939
499999420500442939
499999420500442939
499999420500442939
499999420500442939
499999420500442939
499999420500442939
499999420500442939
499999420500442939
499999420500442939
499999420500442939
499999420500442939
499999420500442939
499999420500442939
499999420500442939
499999420500442939
499999420500442939
499999420500442939
499999420500442939
499999420500442939
499999420500442939
499999420500442939
499999420500442939
499999420500442939
499999420500442939
499999420500442939
499999420500442939
499999420500442939
499999420500442939
499999420500442939
499999420500442939
499999420500442939
499999420500442939
499999420500442939
499999420500442939
499999420500442939
499999420500442939
499999420500442939
499999420500442939
499999420500442939
499999420500442939
499999420500442939
499999420500442939
499999420500442939
499999420500442939
499999420500442939
499999420500442939
499999420500442939
499999420500442939
499999420500442939
499999420500442939
499999420500442939
499999420500442939
499999420500442939
499999420500442939
499999420500442939
499999420500442939
499999420500442939
499999420500442939
499999420500442939
499999420500442939
499999420500442939
499999420500442939
499999420500442939
499999420500442939
499999420500442939
499999420500442939
499999420500442939
499999420500442939
499999420500442939
499999420500442939
499999420500442939
499999420500442939
499999420500442939
499999420500442939
499999420500442939
499999420500442939
499999420500442939
499999420500442939
499999420500442939
499999420500442939
499999420500442939
499999420500442939
499999420500442939
499999420500442939
499999420500442939
499999420500442939
499999420500442939
499999420500442939
499999420500442939
499999420500442939
499999420500442939
499999420500442939
499999420500442939
499999420500442939
499999420500442939
499999420500442939
499999420500442939
499999420500442939
499999420500442939
499999420500442939
499999420500442939
499999420500442939
499999420500442939
499999420500442939
499999420500442939
499999420500442939
499999420500442939
499999420500442939
499999420500442939
499999420500442939
499999420500442939
499999420500442939
499999420500442939
499999420500442939
499999420500442939
499999420500442939
499999420500442939
499999420500442939
499999420500442939
499999420500442939
499999420500442939
499999420500442939
499999420500442939
499999420500442939
499999420500442939
499999420500442939
499999420500442939
499999420500442939
499999420500442939
499999420500442939
499999420500442939
499999420500442939
499999420500442939
499999420500442939
499999420500442939
499999420500442939
499999420500442939
499999420500442939
499999420500442939
499999420500442939
499999420500442939
499999420500442939
499999420500442939
499999420500442939
499999420500442939
499999420500442939
499999420500442939
499999420500442939
499999420500442939
499999420500442939
499999420500442939
499999420500442939
499999420500442939
499999420500442939
499999420500442939
499999420500442939
499999420500442939
499999420500442939
499999420500442939
499999420500442939
499999420500442939
499999420500442939
499999420500442939
499999420500442939
499999420500442939
499999420500442939
499999420500442939
499999420500442939
499999420500442939
499999420500442939
499999420500442939
499999420500442939
499999420500442939
499999420500442939
499999420500442939
499999420500442939
499999420500442939
499999420500442939
499999420500442939
499999420500442939
499999420500442939
499999420500442939
499999420500442939
499999420500442939
499999420500442939
499999420500442939
499999420500442939
499999420500442939
499999420500442939
499999420500442939
499999420500442939
499999420500442939
499999420500442939
499999420500442939
499999420500442939
499999420500442939
499999420500442939
499999420500442939
499999420500442939
499999420500442939
499999420500442939
499999420500442939
499999420500442939
499999420500442939
499999420500442939
499999420500442939
499999420500442939
499999420500442939
499999420500442939
499999420500442939
499999420500442939
499999420500442939
499999420500442939
499999420500442939
499999420500442939
499999420500442939
499999420500442939
499999420500442939
499999420500442939
499999420500442939
499999420500442939
499999420500442939
499999420500442939
499999420500442939
499999420500442939
499999420500442939
499999420500442939
499999420500442939
499999420500442939
499999420500442939
499999420500442939
499999420500442939
499999420500442939
499999420500442939
499999420500442939
499999420500442939
499999420500442939
499999420500442939
499999420500442939
499999420500442939
499999420500442939
499999420500442939
499999420500442939
499999420500442939
499999420500442939
499999420500442939
499999420500442939
499999420500442939
499999420500442939
499999420500442939
499999420500442939
499999420500442939
499999420500442939
499999420500442939
499999420500442939
499999420500442939
499999420500442939
499999420500442939
499999420500442939
499999420500442939
499999420500442939
499999420500442939
499999420500442939
499999420500442939
499999420500442939
499999420500442939
499999420500442939
499999420500442939
499999420500442939
499999420500442939
499999420500442939
499999420500442939
499999420500442939
499999420500442939
499999420500442939
499999420500442939
499999420500442939
499999420500442939
499999420500442939
499999420500442939
499999420500442939
499999420500442939
499999420500442939
499999420500442939
499999420500442939
499999420500442939
499999420500442939
499999420500442939
499999420500442939
499999420500442939
499999420500442939
499999420500442939
499999420500442939
499999420500442939
499999420500442939
499999420500442939
499999420500442939
499999420500442939
499999420500442939
499999420500442939
499999420500442939
499999420500442939
499999420500442939
499999420500442939
499999420500442939
499999420500442939
499999420500442939
499999420500442939
499999420500442939
499999420500442939
499999420500442939
499999420500442939
499999420500442939
499999420500442939
499999420500442939
499999420500442939
499999420500442939
499999420500442939
499999420500442939
499999420500442939
499999420500442939
499999420500442939
499999420500442939
499999420500442939
499999420500442939
499999420500442939
499999420500442939
499999420500442939
499999420500442939
499999420500442939
499999420500442939
499999420500442939
499999420500442939
499999420500442939
499999420500442939
499999420500442939
499999420500442939
499999420500442939
499999420500442939
499999420500442939
499999420500442939
499999420500442939
499999420500442939
499999420500442939
499999420500442939
499999420500442939
499999420500442939
499999420500442939
499999420500442939
499999420500442939
499999420500442939
499999420500442939
499999420500442939
499999420500442939
499999420500442939
499999420500442939
499999420500442939
499999420500442939
499999420500442939
499999420500442939
499999420500442939
499999420500442939
499999420500442939
499999420500442939
499999420500442939
499999420500442939
499999420500442939
499999420500442939
499999420500442939
499999420500442939
499999420500442939
499999420500442939
499999420500442939
499999420500442939
499999420500442939
499999420500442939
499999420500442939
499999420500442939
499999420500442939
499999420500442939
499999420500442939
499999420500442939
499999420500442939
499999420500442939
499999420500442939
499999420500442939
499999420500442939
499999420500442939
499999420500442939
499999420500442939
499999420500442939
499999420500442939
499999420500442939
499999420500442939
499999420500442939
499999420500442939
499999420500442939
499999420500442939
499999420500442939
499999420500442939
499999420500442939
499999420500442939
499999420500442939
499999420500442939
499999420500442939
499999420500442939
499999420500442939
499999420500442939
499999420500442939
499999420500442939
499999420500442939
499999420500442939
499999420500442939
499999420500442939
499999420500442939
499999420500442939
499999420500442939
499999420500442939
499999420500442939
499999420500442939
499999420500442939
499999420500442939
499999420500442939
499999420500442939
499999420500442939
499999420500442939
499999420500442939
499999420500442939
499999420500442939
499999420500442939
499999420500442939
499999420500442939
499999420500442939
499999420500442939
499999420500442939
499999420500442939
499999420500442939
499999420500442939
499999420500442939
499999420500442939
499999420500442939
499999420500442939
499999420500442939
499999420500442939
499999420500442939
499999420500442939
499999420500442939
499999420500442939
499999420500442939
499999420500442939
499999420500442939
499999420500442939
499999420500442939
499999420500442939
499999420500442939
499999420500442939
499999420500442939
499999420500442939
499999420500442939
499999420500442939
499999420500442939
499999420500442939
499999420500442939
499999420500442939
499999420500442939
499999420500442939
499999420500442939
499999420500442939
499999420500442939
499999420500442939
499999420500442939
499999420500442939
499999420500442939
499999420500442939
499999420500442939
499999420500442939
499999420500442939
499999420500442939
499999420500442939
499999420500442939
499999420500442939
499999420500442939
499999420500442939
499999420500442939
499999420500442939
499999420500442939
499999420500442939
499999420500442939
499999420500442939
499999420500442939
499999420500442939
499999420500442939
499999420500442939
499999420500442939
499999420500442939
499999420500442939
499999420500442939
499999420500442939
499999420500442939
499999420500442939
499999420500442939
499999420500442939
499999420500442939
499999420500442939
499999420500442939
499999420500442939
499999420500442939
499999420500442939
499999420500442939
499999420500442939
499999420500442939
499999420500442939
499999420500442939
499999420500442939
499999420500442939
499999420500442939
499999420500442939
499999420500442939
499999420500442939
499999420500442939
499999420500442939
499999420500442939
499999420500442939
499999420500442939
499999420500442939
499999420500442939
499999420500442939
499999420500442939
499999420500442939
499999420500442939
499999420500442939
499999420500442939
499999420500442939
499999420500442939
499999420500442939
499999420500442939
499999420500442939
499999420500442939
499999420500442939
499999420500442939
499999420500442939
499999420500442939
499999420500442939
499999420500442939
499999420500442939
499999420500442939
499999420500442939
499999420500442939
499999420500442939
499999420500442939
499999420500442939
499999420500442939
499999420500442939
499999420500442939
499999420500442939
499999420500442939
499999420500442939
499999420500442939
499999420500442939
499999420500442939
499999420500442939
499999420500442939
499999420500442939
499999420500442939
499999420500442939
499999420500442939
499999420500442939
499999420500442939
499999420500442939
499999420500442939
499999420500442939
499999420500442939
499999420500442939
499999420500442939
499999420500442939
499999420500442939
499999420500442939
499999420500442939
499999420500442939
499999420500442939
499999420500442939
499999420500442939
499999420500442939
499999420500442939
499999420500442939
499999420500442939
499999420500442939
499999420500442939
499999420500442939
499999420500442939
499999420500442939
499999420500442939
499999420500442939
499999420500442939
499999420500442939
499999420500442939
499999420500442939
499999420500442939
499999420500442939
499999420500442939
499999420500442939
499999420500442939
499999420500442939
499999420500442939
499999420500442939
499999420500442939
499999420500442939
499999420500442939
499999420500442939
499999420500442939
499999420500442939
499999420500442939
499999420500442939
499999420500442939
499999420500442939
499999420500442939
499999420500442939
499999420500442939
499999420500442939
499999420500442939
499999420500442939
499999420500442939
499999420500442939
499999420500442939
499999420500442939
499999420500442939
499999420500442939
499999420500442939
499999420500442939
499999420500442939
499999420500442939
499999420500442939
499999420500442939
499999420500442939
499999420500442939
499999420500442939
499999420500442939
499999420500442939
499999420500442939
499999420500442939
499999420500442939
499999420500442939
499999420500442939
499999420500442939
499999420500442939
499999420500442939
499999420500442939
499999420500442939
499999420500442939
499999420500442939
499999420500442939
499999420500442939
499999420500442939
499999420500442939
499999420500442939
499999420500442939
499999420500442939
499999420500442939
499999420500442939
499999420500442939
499999420500442939
499999420500442939
499999420500442939
499999420500442939
499999420500442939
499999420500442939
499999420500442939
499999420500442939
499999420500442939
499999420500442939
499999420500442939
499999420500442939
499999420500442939
499999420500442939
499999420500442939
499999420500442939
499999420500442939
499999420500442939
499999420500442939
499999420500442939
499999420500442939
499999420500442939
499999420500442939
499999420500442939
499999420500442939
499999420500442939
499999420500442939
499999420500442939
499999420500442939
499999420500442939
499999420500442939
499999420500442939
499999420500442939
499999420500442939
499999420500442939
499999420500442939
499999420500442939
499999420500442939
499999420500442939
499999420500442939
499999420500442939
499999420500442939
499999420500442939
499999420500442939
499999420500442939
499999420500442939
499999420500442939
499999420500442939
499999420500442939
499999420500442939
499999420500442939
499999420500442939
499999420500442939
499999420500442939
499999420500442939
499999420500442939
499999420500442939
499999420500442939
499999420500442939
499999420500442939
499999420500442939
499999420500442939
499999420500442939
499999420500442939
499999420500442939
499999420500442939
499999420500442939
499999420500442939
499999420500442939
499999420500442939
499999420500442939
499999420500442939
499999420500442939
499999420500442939
499999420500442939
499999420500442939
499999420500442939
499999420500442939
499999420500442939
499999420500442939
499999420500442939
499999420500442939
499999420500442939
499999420500442939
499999420500442939
499999420500442939
499999420500442939
499999420500442939
499999420500442939
499999420500442939
499999420500442939
499999420500442939
499999420500442939
499999420500442939
499999420500442939
499999420500442939
499999420500442939
499999420500442939
499999420500442939
499999420500442939
499999420500442939
499999420500442939
499999420500442939
499999420500442939
499999420500442939
499999420500442939
499999420500442939
499999420500442939
499999420500442939
499999420500442939
499999420500442939
499999420500442939
499999420500442939
499999420500442939
499999420500442939
499999420500442939
499999420500442939
499999420500442939
499999420500442939
499999420500442939
499999420500442939
499999420500442939
499999420500442939
499999420500442939
499999420500442939
499999420500442939
499999420500442939
499999420500442939
499999420500442939
499999420500442939
499999420500442939
499999420500442939
499999420500442939
499999420500442939
499999420500442939
499999420500442939
499999420500442939
499999420500442939
499999420500442939
499999420500442939
499999420500442939
499999420500442939
499999420500442939
499999420500442939
499999420500442939
499999420500442939
499999420500442939
499999420500442939
499999420500442939
499999420500442939
499999420500442939
499999420500442939
499999420500442939
499999420500442939
499999420500442939
499999420500442939
499999420500442939
499999420500442939
499999420500442939
499999420500442939
499999420500442939
499999420500442939
499999420500442939
499999420500442939
499999420500442939
499999420500442939
499999420500442939
499999420500442939
499999420500442939
499999420500442939
499999420500442939
499999420500442939
499999420500442939
499999420500442939
499999420500442939
499999420500442939
499999420500442939
499999420500442939
499999420500442939
499999420500442939
499999420500442939
499999420500442939
499999420500442939
499999420500442939
499999420500442939
499999420500442939
499999420500442939
499999420500442939
499999420500442939
499999420500442939
499999420500442939
499999420500442939
499999420500442939
499999420500442939
499999420500442939
499999420500442939
499999420500442939
499999420500442939
499999420500442939
499999420500442939
499999420500442939
499999420500442939
499999420500442939
499999420500442939
499999420500442939
499999420500442939
499999420500442939
499999420500442939
499999420500442939
499999420500442939
499999420500442939
499999420500442939
499999420500442939
499999420500442939
499999420500442939
499999420500442939
499999420500442939
499999420500442939
499999420500442939
499999420500442939
499999420500442939
499999420500442939
499999420500442939
499999420500442939
499999420500442939
499999420500442939
499999420500442939
499999420500442939
499999420500442939
499999420500442939
499999420500442939
499999420500442939
499999420500442939
499999420500442939
499999420500442939
499999420500442939
499999420500442939
499999420500442939
499999420500442939
499999420500442939
499999420500442939
499999420500442939
499999420500442939
499999420500442939
499999420500442939
499999420500442939
499999420500442939
499999420500442939
499999420500442939
499999420500442939
499999420500442939
499999420500442939
499999420500442939
499999420500442939
499999420500442939
499999420500442939
499999420500442939
499999420500442939
499999420500442939
499999420500442939
499999420500442939
499999420500442939
499999420500442939
499999420500442939
499999420500442939
499999420500442939
499999420500442939
499999420500442939
499999420500442939
499999420500442939
499999420500442939
499999420500442939
499999420500442939
499999420500442939
499999420500442939
499999420500442939
499999420500442939
499999420500442939
499999420500442939
499999420500442939
499999420500442939
499999420500442939
499999420500442939
499999420500442939
499999420500442939
499999420500442939
499999420500442939
499999420500442939
499999420500442939
499999420500442939
499999420500442939
499999420500442939
499999420500442939
499999420500442939
499999420500442939
499999420500442939
499999420500442939
499999420500442939
499999420500442939
499999420500442939
499999420500442939
499999420500442939
499999420500442939
499999420500442939
499999420500442939
499999420500442939
499999420500442939
499999420500442939
499999420500442939
499999420500442939
499999420500442939
499999420500442939
499999420500442939
499999420500442939
499999420500442939
499999420500442939
499999420500442939
499999420500442939
499999420500442939
499999420500442939
499999420500442939
499999420500442939
499999420500442939
499999420500442939
499999420500442939
499999420500442939
499999420500442939
499999420500442939
499999420500442939
499999420500442939
499999420500442939
499999420500442939
499999420500442939
499999420500442939
499999420500442939
499999420500442939
499999420500442939
499999420500442939
499999420500442939
499999420500442939
499999420500442939
499999420500442939
499999420500442939
499999420500442939
499999420500442939
499999420500442939
499999420500442939
499999420500442939
499999420500442939
499999420500442939
499999420500442939
499999420500442939
499999420500442939
499999420500442939
499999420500442939
499999420500442939
499999420500442939
499999420500442939
499999420500442939
499999420500442939
499999420500442939
499999420500442939
499999420500442939
499999420500442939
499999420500442939
499999420500442939
499999420500442939
499999420500442939
499999420500442939
499999420500442939
499999420500442939
499999420500442939
499999420500442939
499999420500442939
499999420500442939
499999420500442939
499999420500442939
499999420500442939
499999420500442939
499999420500442939
499999420500442939
499999420500442939
499999420500442939
499999420500442939
499999420500442939
499999420500442939
499999420500442939
499999420500442939
499999420500442939
499999420500442939
499999420500442939
499999420500442939
499999420500442939
499999420500442939
499999420500442939
499999420500442939
499999420500442939
499999420500442939
499999420500442939
499999420500442939
499999420500442939
499999420500442939
499999420500442939
499999420500442939
499999420500442939
499999420500442939
499999420500442939
499999420500442939
499999420500442939
499999420500442939
499999420500442939
499999420500442939
499999420500442939
499999420500442939
499999420500442939
499999420500442939
499999420500442939
499999420500442939
499999420500442939
499999420500442939
499999420500442939
499999420500442939
499999420500442939
499999420500442939
499999420500442939
499999420500442939
499999420500442939
499999420500442939
499999420500442939
499999420500442939
499999420500442939
499999420500442939
499999420500442939
499999420500442939
499999420500442939
499999420500442939
499999420500442939
499999420500442939
499999420500442939
499999420500442939
499999420500442939
499999420500442939
499999420500442939
499999420500442939
499999420500442939
499999420500442939
499999420500442939
499999420500442939
499999420500442939
499999420500442939
499999420500442939
499999420500442939
499999420500442939
499999420500442939
499999420500442939
499999420500442939
499999420500442939
499999420500442939
499999420500442939
499999420500442939
499999420500442939
499999420500442939
499999420500442939
499999420500442939
499999420500442939
499999420500442939
499999420500442939
499999420500442939
499999420500442939
499999420500442939
499999420500442939
499999420500442939
499999420500442939
499999420500442939
499999420500442939
499999420500442939
499999420500442939
499999420500442939
499999420500442939
499999420500442939
499999420500442939
499999420500442939
499999420500442939
499999420500442939
499999420500442939
499999420500442939
499999420500442939
499999420500442939
499999420500442939
499999420500442939
499999420500442939
499999420500442939
499999420500442939
499999420500442939
499999420500442939
499999420500442939
499999420500442939
499999420500442939
499999420500442939
499999420500442939
499999420500442939
499999420500442939
499999420500442939
499999420500442939
499999420500442939
499999420500442939
499999420500442939
499999420500442939
499999420500442939
499999420500442939
499999420500442939
499999420500442939
499999420500442939
499999420500442939
499999420500442939
499999420500442939
499999420500442939
499999420500442939
499999420500442939
499999420500442939
499999420500442939
499999420500442939
499999420500442939
499999420500442939
499999420500442939
499999420500442939
499999420500442939
499999420500442939
499999420500442939
499999420500442939
499999420500442939
499999420500442939
499999420500442939
499999420500442939
499999420500442939
499999420500442939
499999420500442939
499999420500442939
499999420500442939
499999420500442939
499999420500442939
499999420500442939
499999420500442939
499999420500442939
499999420500442939
499999420500442939
499999420500442939
499999420500442939
499999420500442939
499999420500442939
499999420500442939
499999420500442939
499999420500442939
499999420500442939
499999420500442939
499999420500442939
499999420500442939
499999420500442939
499999420500442939
499999420500442939
499999420500442939
499999420500442939
499999420500442939
499999420500442939
499999420500442939
499999420500442939
499999420500442939
499999420500442939
499999420500442939
499999420500442939
499999420500442939
499999420500442939
499999420500442939
499999420500442939
499999420500442939
499999420500442939
499999420500442939
499999420500442939
499999420500442939
499999420500442939
499999420500442939
499999420500442939
499999420500442939
499999420500442939
499999420500442939
499999420500442939
499999420500442939
499999420500442939
499999420500442939
499999420500442939
499999420500442939
499999420500442939
499999420500442939
499999420500442939
499999420500442939
499999420500442939
499999420500442939
499999420500442939
499999420500442939
499999420500442939
499999420500442939
499999420500442939
499999420500442939
499999420500442939
499999420500442939
499999420500442939
499999420500442939
499999420500442939
499999420500442939
499999420500442939
499999420500442939
499999420500442939
499999420500442939
499999420500442939
499999420500442939
499999420500442939
499999420500442939
499999420500442939
499999420500442939
499999420500442939
499999420500442939
499999420500442939
499999420500442939
499999420500442939
499999420500442939
499999420500442939
499999420500442939
499999420500442939
499999420500442939
499999420500442939
499999420500442939
499999420500442939
499999420500442939
499999420500442939
499999420500442939
499999420500442939
499999420500442939
499999420500442939
499999420500442939
499999420500442939
499999420500442939
499999420500442939
499999420500442939
499999420500442939
499999420500442939
499999420500442939
499999420500442939
499999420500442939
499999420500442939
499999420500442939
499999420500442939
499999420500442939
499999420500442939
499999420500442939
499999420500442939
499999420500442939
499999420500442939
499999420500442939
499999420500442939
499999420500442939
499999420500442939
499999420500442939
499999420500442939
499999420500442939
499999420500442939
499999420500442939
499999420500442939
499999420500442939
499999420500442939
499999420500442939
499999420500442939
499999420500442939
499999420500442939
499999420500442939
499999420500442939
499999420500442939
499999420500442939
499999420500442939
499999420500442939
499999420500442939
499999420500442939
499999420500442939
499999420500442939
499999420500442939
499999420500442939
499999420500442939
499999420500442939
499999420500442939
499999420500442939
499999420500442939
499999420500442939
499999420500442939
499999420500442939
499999420500442939
499999420500442939
499999420500442939
499999420500442939
499999420500442939
499999420500442939
499999420500442939
499999420500442939
499999420500442939
499999420500442939
499999420500442939
499999420500442939
499999420500442939
499999420500442939
499999420500442939
499999420500442939
499999420500442939
499999420500442939
499999420500442939
499999420500442939
499999420500442939
499999420500442939
499999420500442939
499999420500442939
499999420500442939
499999420500442939
499999420500442939
499999420500442939
499999420500442939
499999420500442939
499999420500442939
499999420500442939
499999420500442939
499999420500442939
499999420500442939
499999420500442939
499999420500442939
499999420500442939
499999420500442939
499999420500442939
499999420500442939
499999420500442939
499999420500442939
499999420500442939
499999420500442939
499999420500442939
499999420500442939
499999420500442939
499999420500442939
499999420500442939
499999420500442939
499999420500442939
499999420500442939
499999420500442939
499999420500442939
499999420500442939
499999420500442939
499999420500442939
499999420500442939
499999420500442939
499999420500442939
499999420500442939
499999420500442939
499999420500442939
499999420500442939
499999420500442939
499999420500442939
499999420500442939
499999420500442939
499999420500442939
499999420500442939
499999420500442939
499999420500442939
499999420500442939
499999420500442939
499999420500442939
499999420500442939
499999420500442939
499999420500442939
499999420500442939
499999420500442939
499999420500442939
499999420500442939
499999420500442939
499999420500442939
499999420500442939
499999420500442939
499999420500442939
499999420500442939
499999420500442939
499999420500442939
499999420500442939
499999420500442939
499999420500442939
499999420500442939
499999420500442939
499999420500442939
499999420500442939
499999420500442939
499999420500442939
499999420500442939
499999420500442939
499999420500442939
499999420500442939
499999420500442939
499999420500442939
499999420500442939
499999420500442939
499999420500442939
499999420500442939
499999420500442939
499999420500442939
499999420500442939
499999420500442939
499999420500442939
499999420500442939
499999420500442939
499999420500442939
499999420500442939
499999420500442939
499999420500442939
499999420500442939
499999420500442939
499999420500442939
499999420500442939
499999420500442939
499999420500442939
499999420500442939
499999420500442939
499999420500442939
499999420500442939
499999420500442939
499999420500442939
