400 53 964 332
3 393 388 841
895 343 64 586
108 383 495 90
377 627 323 450
922 25 3 494
512 217 437 809
807 355 6 616
185 59 271 387
156 479 815 944
703 91 385 278
186 643 850 759
781 768 326 650
466 903 190 266
241 641 818 859
421 954 546 320
311 572 723 910
250 225 335 557
474 737 976 983
78 574 294 523
603 948 234 501
164 399 550 163
981 240 139 569
288 498 1000 253
911 819 764 780
861 184 516 819
451 946 299 622
520 180 113 469
650 905 949 650
369 782 47 547
641 756 498 1000
458 780 635 945
103 351 733 994
331 746 201 369
660 842 834 669
571 118 417 876
32 407 321 25
488 958 108 342
592 963 981 455
650 5 161 345
210 608 564 954
616 414 409 989
520 939 951 407
285 660 32 550
733 224 486 899
476 885 749 33
328 582 157 419
117 567 624 840
466 988 165 94
655 675 522 943
583 930 983 465
896 206 549 912
531 660 189 638
603 349 943 208
483 837 90 442
553 919 888 303
486 950 827 479
788 585 553 918
515 469 589 97
273 498 538 931
156 402 629 886
475 1000 308 515
39 28 425 736
552 668 733 26
982 156 583 909
393 362 964 57
480 304 450 596
715 595 586 847
122 384 407 888
634 111 726 43
316 544 657 453
364 630 317 599
488 558 588 40
279 595 437 938
580 352 439 876
170 308 373 826
690 809 614 907
80 565 869 247
978 562 711 857
403 761 126 543
946 84 72 503
13 518 257 322
308 231 156 374
669 823 534 958
827 607 623 869
425 905 132 333
313 634 524 900
690 676 89 617
973 810 344 675
685 311 434 999
50 548 874 187
559 992 699 762
57 357 325 698
309 3 174 169
484 356 901 137
672 56 422 907
610 718 216 582
32 131 286 643
867 63 453 953
696 121 311 380
411 655 454 45
737 486 625 670
268 98 166 203
749 396 520 891
362 590 266 265
355 575 475 563
360 206 91 424
299 648 731 887
476 144 672 11
235 549 384 665
369 791 326 422
578 972 966 380
546 648 428 947
603 840 180 590
77 400 496 818
221 171 370 612
556 906 6 149
407 833 389 745
281 246 410 924
945 329 604 914
560 499 646 138
905 453 155 593
813 249 352 442
513 839 259 577
591 941 953 354
396 957 510 401
435 42 88 387
78 384 806 980
714 621 507 909
404 709 447 850
6 402 229 163
266 412 315 545
665 820 146 568
710 60 528 745
440 917 35 20
953 97 915 174
797 19 344 324
75 112 279 500
885 234 805 372
559 765 729 284
195 556 378 633
225 451 636 1000
202 340 128 124
844 387 616 806
268 198 335 495
472 717 53 518
705 661 932 337
488 842 88 84
377 656 671 727
775 863 715 919
303 638 185 395
473 762 295 615
622 998 967 633
445 599 72 628
419 677 125 383
413 973 268 9
532 914 186 400
410 854 225 274
513 768 233 476
894 968 417 697
697 632 996 161
802 396 984 100
610 669 841 267
233 470 477 987
152 414 490 872
680 796 415 659
464 350 596 297
78 164 122 103
17 231 461 757
415 717 191 335
205 606 678 710
731 548 527 882
205 643 908 892
92 441 379 766
793 106 185 446
127 67 402 675
884 468 370 548
201 394 717 92
245 673 739 928
732 721 607 919
947 741 81 579
479 973 873 255
229 276 375 724
77 632 348 661
63 29 304 609
813 282 549 862
776 435 924 194
731 435 644 625
309 532 216 243
441 930 104 6
72 515 464 900
569 895 837 357
427 760 259 419
798 485 609 811
122 180 435 969
135 113 401 823
425 329 62 537
981 199 2 557
459 776 742 980
546 699 782 760
824 749 623 968
475 132 5 553
12 470 514 55
224 514 995 290
437 835 416 759
971 225 690 656
794 998 530 836
690 732 91 588
152 565 596 803
144 611 903 770
367 641 846 721
63 609 914 464
24 430 87 387
652 875 716 919
318 745 423 857
775 236 548 759
679 548 609 706
941 37 778 366
430 992 510 833
264 595 43 300
391 725 743 874
345 648 705 822
364 621 575 798
574 460 200 561
717 225 37 566
99 421 753 943
168 379 409 766
101 267 21 142
123 400 482 157
648 909 405 655
964 394 12 583
357 755 402 794
364 709 219 458
79 450 574 799
269 422 155 43
490 903 200 253
262 400 336 701
627 27 528 532
2 49 191 347
799 442 113 580
976 801 501 672
609 141 247 372
149 342 55 157
810 987 92 575
512 871 868 196
215 420 266 492
704 193 480 908
298 669 19 397
782 990 594 823
923 132 555 822
53 124 365 780
270 235 226 32
745 993 2 419
508 413 408 939
249 608 11 423
259 451 342 610
901 188 294 436
879 218 275 457
69 293 563 892
615 112 571 305
452 713 520 741
235 226 431 948
763 367 594 710
378 749 393 795
67 488 647 970
541 888 534 897
602 867 886 490
864 845 637 773
894 944 93 500
982 27 241 408
986 149 252 492
534 195 433 935
110 447 476 779
206 512 332 770
424 650 442 468
291 522 113 31
129 595 894 773
282 306 229 7
604 790 659 703
585 890 964 256
826 765 196 575
88 531 803 23
170 523 757 942
162 587 484 661
756 395 159 577
817 177 634 555
385 918 294 178
115 535 871 113
902 831 380 699
285 568 975 444
37 543 329 429
90 398 276 189
471 755 765 924
413 819 141 419
351 406 651 278
169 6 354 686
84 414 319 139
88 12 511 915
958 204 560 875
944 851 828 821
72 535 462 287
230 585 298 625
160 205 473 997
864 329 511 958
779 88 630 480
631 642 874 116
692 907 312 675
319 588 603 822
246 258 323 480
463 703 892 958
852 923 740 994
524 760 761 52
759 475 121 598
377 881 261 13
198 80 354 542
51 85 443 982
271 466 13 578
660 620 807 279
816 425 603 746
238 530 9 319
762 200 531 814
859 159 181 468
792 494 527 879
528 463 921 357
204 389 364 255
39 417 177 557
594 807 447 729
624 823 42 477
167 521 573 884
375 817 207 362
249 2 160 128
604 783 732 607
187 543 576 456
586 833 335 621
519 866 675 568
710 982 57 455
404 985 261 154
676 346 176 498
230 453 70 221
94 505 886 202
686 748 28 569
388 993 575 212
5 534 687 92
565 973 34 407
449 8 160 258
572 938 136 439
315 580 377 775
49 532 649 198
314 564 968 460
217 587 367 736
557 721 461 991
59 424 565 817
532 32 238 255
402 916 193 152
803 54 493 909
583 768 823 279
492 885 460 997
74 159 329 622
48 131 419 781
984 269 651 783
652 748 812 536
857 89 743 336
369 729 28 47
44 82 302 547
847 249 572 734
633 931 723 993
381 884 291 249
397 909 243 524
950 293 630 401
652 165 381 307
230 625 678 730
156 385 374 659
524 993 390 715
124 419 597 93
222 555 12 183
861 622 987 448
801 820 916 711
389 867 147 27
665 617 908 78
181 623 685 688
648 910 173 509
493 693 74 466
17 306 262 532
486 868 817 191
582 730 906 76
677 585 798 310
707 721 139 607
136 210 282 548
621 301 332 417
222 11 333 630
921 238 130 519
108 146 361 710
297 564 435 930
135 545 683 381
91 351 402 84
202 389 400 905
128 601 675 980
906 58 525 243
964 737 68 593
252 674 2 574
577 297 440 835
