500 564 893 977
331 457 947 213
755 179 666 242
14 533 758 667
992 168 815 198
4 228 480 302
144 987 184 424
265 153 222 217
267 496 185 322
561 833 531 621
858 643 926 726
709 470 409 436
323 119 955 496
493 249 393 188
670 503 813 53
760 263 495 524
734 465 701 956
406 160 516 819
130 113 207 337
778 591 972 784
14 828 771 96
497 486 548 454
7 842 695 452
987 535 673 735
794 149 534 236
950 202 466 795
510 753 477 993
363 66 256 888
544 186 579 438
372 805 58 1000
394 792 63 841
5 398 335 676
755 267 667 838
467 946 109 796
216 167 842 742
953 670 626 797
867 682 539 394
690 653 573 807
932 118 392 581
793 678 648 910
598 898 955 694
981 889 450 93
343 736 401 261
571 34 327 554
803 252 986 913
284 861 935 85
584 587 824 903
762 333 507 547
309 393 500 460
830 951 264 589
689 474 68 651
438 148 477 381
111 404 961 327
69 897 438 94
422 901 97 662
728 623 729 54
960 82 435 146
979 103 409 398
655 161 727 380
181 513 722 51
532 204 236 285
670 332 104 84
288 979 131 859
358 786 227 82
648 826 795 776
310 210 929 846
591 167 92 371
761 112 192 431
22 823 447 849
893 305 697 315
903 106 889 144
299 651 829 553
216 214 617 125
484 942 612 660
276 730 217 88
18 296 998 135
112 684 413 94
478 895 261 200
824 340 482 701
154 929 555 782
138 271 943 284
741 878 27 566
592 721 815 402
447 229 646 497
570 986 359 123
974 366 520 571
255 10 14 176
127 737 696 822
357 182 617 236
483 424 729 581
638 929 359 367
676 513 320 309
519 816 584 167
999 271 873 761
472 771 382 405
801 559 137 480
426 164 972 552
652 969 461 385
901 448 689 387
287 174 775 991
299 954 57 584
333 892 867 733
187 21 809 234
989 925 983 629
573 845 983 217
607 168 709 558
955 625 307 998
472 911 2 877
182 930 390 143
806 449 298 153
684 260 657 608
908 954 91 877
946 823 394 227
587 842 767 86
86 672 190 580
919 656 179 585
928 332 980 762
223 674 629 990
116 680 679 764
848 251 406 316
629 640 496 144
433 851 708 829
501 355 783 560
168 359 766 210
204 605 745 826
744 695 344 208
384 735 16 72
786 601 493 944
194 647 774 775
414 480 371 463
469 516 712 695
189 810 362 794
406 389 607 84
492 146 38 193
428 697 590 318
562 538 923 413
485 746 816 922
305 872 687 217
71 430 34 207
145 861 580 48
583 616 663 640
405 733 746 201
684 389 643 161
758 667 990 763
916 993 854 923
786 465 419 732
329 367 505 236
404 684 439 70
429 212 469 35
132 85 778 156
526 885 917 683
954 563 581 232
894 190 754 362
620 835 616 230
585 779 313 679
5 410 166 592
134 8 830 303
207 95 357 953
168 601 331 894
931 841 271 63
210 914 405 884
771 533 2 66
115 255 646 586
824 913 79 558
206 516 390 705
2 50 18 519
769 356 738 947
710 744 772 387
121 659 69 319
772 688 470 307
141 643 899 696
214 710 226 143
686 328 975 40
520 33 373 114
283 147 574 204
315 300 374 22
527 681 527 669
609 890 132 460
832 110 368 975
515 537 735 738
582 734 486 817
859 967 79 389
341 27 497 940
91 368 998 68
926 212 264 980
915 431 904 349
949 772 767 659
665 782 669 54
459 788 110 403
356 464 385 5
46 856 977 535
398 903 906 336
371 655 499 359
635 937 645 63
629 731 231 505
166 939 3 916
289 598 679 750
258 404 860 353
142 646 556 933
388 213 75 251
942 553 709 524
745 260 857 819
582 681 179 106
799 246 187 450
245 893 870 253
287 646 79 980
37 784 353 971
341 736 834 478
625 323 896 626
990 351 576 366
940 135 54 381
708 799 951 977
561 671 150 904
813 851 467 184
779 917 459 324
495 73 699 408
180 819 45 429
720 46 803 187
292 31 260 835
766 65 410 748
995 466 625 362
887 414 192 322
321 88 193 749
385 763 201 129
806 462 995 1000
654 608 582 454
973 200 259 383
652 482 571 779
884 644 959 92
626 914 900 770
896 513 978 980
789 287 411 822
488 336 948 558
838 916 927 473
474 926 110 89
758 1000 463 764
868 866 468 263
566 749 570 804
201 3 792 932
136 336 308 911
371 180 586 782
664 917 615 910
170 699 828 98
956 600 79 381
463 811 595 323
277 515 968 895
807 238 362 672
913 871 783 937
708 859 914 799
769 432 810 611
716 717 91 198
869 50 206 440
186 672 944 427
601 433 328 321
794 69 844 106
263 602 73 244
200 923 777 866
47 898 713 919
18 716 314 212
761 82 567 369
251 331 345 848
435 457 973 266
466 708 78 431
121 762 318 939
410 502 194 619
34 170 764 522
768 854 133 343
829 805 896 670
573 554 325 604
392 555 227 151
223 365 839 898
928 7 78 217
70 305 444 540
366 659 309 486
469 590 398 88
974 520 829 798
609 787 589 353
86 349 44 972
442 776 956 190
751 261 357 727
707 247 879 966
686 271 331 967
178 248 176 22
352 271 849 173
412 72 594 127
800 312 535 190
938 419 249 976
74 557 692 397
919 952 327 302
792 697 528 864
406 818 859 512
160 775 521 745
471 821 162 306
836 654 904 6
866 374 60 22
449 818 843 670
862 439 413 426
862 457 192 209
856 446 206 912
7 925 306 995
791 518 952 957
382 973 941 905
825 829 229 186
905 980 505 802
331 289 563 231
62 537 657 847
679 806 798 859
56 701 410 212
520 644 113 788
498 818 737 977
821 678 733 529
805 670 539 465
920 427 605 270
538 207 597 317
682 517 351 577
617 533 452 425
257 118 273 337
998 753 809 709
849 191 730 925
967 808 540 698
0 213 640 769
146 753 71 690
644 825 445 475
992 546 147 352
727 972 6 701
442 579 680 493
661 442 486 257
233 166 91 547
22 329 518 442
616 571 92 85
383 138 543 311
311 145 935 729
764 804 463 653
502 729 356 169
481 214 94 532
420 99 658 343
339 52 580 74
776 541 575 117
316 800 247 552
920 753 264 533
464 62 877 348
157 805 965 753
237 9 7 391
559 64 877 735
838 632 278 376
242 217 762 9
94 127 773 736
116 985 585 165
922 116 388 979
524 725 390 469
336 545 642 317
636 50 103 27
19 339 755 91
464 800 215 279
361 691 650 757
892 663 735 723
718 535 265 202
374 882 390 755
718 45 282 832
188 374 594 793
94 929 826 865
379 708 134 312
187 571 661 849
882 126 871 640
668 174 15 694
809 480 6 423
702 482 17 610
566 595 168 621
761 686 717 229
92 969 5 945
867 419 477 586
582 505 403 160
41 504 156 724
81 715 40 430
206 7 368 523
979 673 245 461
47 744 995 527
846 202 857 563
689 83 841 626
344 464 96 766
259 533 717 536
99 903 608 772
303 962 974 546
970 134 892 232
900 58 405 475
13 245 435 256
60 926 369 739
400 512 664 787
580 892 899 345
633 787 850 977
389 46 750 50
644 731 560 584
947 919 875 280
519 821 379 839
701 976 649 271
448 62 291 553
388 598 853 372
154 112 668 588
961 169 455 312
331 649 441 742
299 875 891 166
581 263 473 187
80 517 350 859
708 958 250 102
323 437 7 388
351 410 13 512
615 89 925 145
770 157 711 713
213 27 118 706
518 644 63 160
939 221 665 333
800 610 762 151
377 979 461 453
216 105 552 547
292 300 227 77
647 751 960 380
434 374 824 419
24 930 668 728
804 588 907 313
533 840 383 894
721 624 357 830
328 491 989 64
937 576 136 8
237 185 270 41
252 73 969 380
933 410 103 583
930 564 28 294
263 843 835 35
123 304 865 659
107 715 887 755
850 24 74 337
122 415 584 182
312 336 896 771
521 354 562 796
88 330 106 176
656 477 55 485
553 779 20 674
963 757 396 220
871 297 307 932
731 656 230 443
426 353 865 463
355 671 185 121
920 890 337 773
295 29 792 580
956 782 510 979
390 700 887 834
366 41 542 259
112 173 829 261
40 311 835 496
346 768 809 190
593 738 822 296
721 65 590 301
832 234 364 763
928 490 8 865
561 436 534 158
17 117 847 312
700 879 55 240
63 299 306 824
173 423 173 878
483 625 716 911
11 647 569 563
721 929 41 991
303 719 594 480
571 765 826 595
902 627 382 805
149 373 981 227
392 550 436 794
961 699 953 142
838 76 774 614
670 681 921 627
693 571 797 140
790 546 644 289
11 952 788 777
820 137 545 761
891 278 968 82
760 729 312 421
957 606 568 451
653 84 441 380
68 505 495 764
21 590 493 943
298 387 920 72
56 146 509 78
467 544 672 433
96 783 857 674
849 753 408 346
927 86 269 798
768 532 585 159
481 670 424 688
882 119 118 887
367 767 250 140
301 274 343 248
480 611 480 241
454 204 5 789
906 866 149 516
827 509 595 679
676 648 234 313
141 903 404 941
91 244 801 734
986 446 941 688
333 876 76 858
535 707 628 658
