1000 399 700 971
155 919 643 481
75 843 723 557
14 443 784 957
765 486 33 914
369 940 429 460
759 830 39 570
605 894 193 506
247 902 551 498
436 555 362 845
221 435 577 965
417 768 381 632
273 734 525 666
28 592 770 808
770 612 28 788
779 929 19 471
391 701 407 699
377 630 421 770
21 946 777 454
298 480 500 920
334 781 464 619
221 822 577 578
419 813 379 587
138 968 660 432
331 789 467 611
393 533 405 867
40 571 758 829
255 865 543 535
331 865 467 535
311 887 487 513
105 591 693 809
469 531 329 869
669 604 129 796
302 452 496 948
482 860 316 540
754 899 44 501
286 422 512 978
792 789 6 611
367 983 431 417
71 519 727 881
472 824 326 576
44 715 754 685
792 624 6 776
317 730 481 670
710 528 88 872
593 841 205 559
322 645 476 755
709 412 89 988
100 931 698 469
564 908 234 492
751 714 47 686
105 779 693 621
558 994 240 406
390 825 408 575
573 811 225 589
518 996 280 404
155 788 643 612
238 610 560 790
387 968 411 432
246 414 552 986
55 476 743 924
701 884 97 516
329 474 469 926
43 603 755 797
792 975 6 425
326 761 472 639
176 564 622 836
444 937 354 463
308 877 490 523
257 601 541 799
629 555 169 845
80 931 718 469
181 438 617 962
698 847 100 553
620 981 178 419
409 934 389 466
537 996 261 404
685 721 113 679
243 969 555 431
613 418 185 982
143 996 655 404
30 671 768 729
783 520 15 880
572 879 226 521
495 656 303 744
749 963 49 437
123 758 675 642
438 805 360 595
253 825 545 575
452 784 346 616
177 402 621 998
697 698 101 702
710 871 88 529
138 546 660 854
77 796 721 604
457 739 341 661
32 648 766 752
786 680 12 720
403 485 395 915
726 976 72 424
314 887 484 513
42 939 756 461
663 905 135 495
670 612 128 788
342 511 456 889
212 550 586 850
34 930 764 470
176 994 622 406
403 531 395 869
780 717 18 683
594 439 204 961
678 716 120 684
88 965 710 435
673 714 125 686
147 574 651 826
227 709 571 691
273 607 525 793
103 410 695 990
559 617 239 783
247 576 551 824
104 829 694 571
467 572 331 828
387 958 411 442
531 938 267 462
149 895 649 505
2 930 796 470
640 880 158 520
385 506 413 894
619 950 179 450
382 463 416 937
42 966 756 434
701 602 97 798
781 708 17 692
273 428 525 972
334 558 464 842
185 517 613 883
117 410 681 990
11 559 787 841
162 755 636 645
580 507 218 893
720 674 78 726
606 773 192 627
413 650 385 750
584 868 214 532
569 976 229 424
541 800 257 600
220 606 578 794
5 519 793 881
269 653 529 747
656 683 142 717
614 573 184 827
623 758 175 642
85 744 713 656
684 521 114 879
436 580 362 820
349 919 449 481
671 475 127 925
774 825 24 575
197 527 601 873
9 529 789 871
374 809 424 591
80 679 718 721
25 551 773 849
626 567 172 833
159 433 639 967
751 978 47 422
231 840 567 560
565 733 233 667
766 900 32 500
111 971 687 429
695 996 103 404
121 848 677 552
349 742 449 658
188 751 610 649
123 465 675 935
66 487 732 913
62 755 736 645
103 958 695 442
15 592 783 808
733 821 65 579
623 774 175 626
563 784 235 616
351 823 447 577
226 938 572 462
721 803 77 597
708 661 90 739
71 560 727 840
388 462 410 938
465 934 333 466
465 835 333 565
378 686 420 714
672 411 126 989
411 531 387 869
422 730 376 670
412 870 386 530
588 878 210 522
595 925 203 475
64 862 734 538
306 522 492 878
774 930 24 470
413 810 385 590
597 700 201 700
266 631 532 769
145 654 653 746
310 937 488 463
267 460 531 940
94 417 704 983
277 593 521 807
667 886 131 514
720 452 78 948
553 852 245 548
48 540 750 860
529 643 269 757
264 796 534 604
731 409 67 991
670 985 128 415
416 794 382 606
294 988 504 412
106 558 692 842
85 894 713 506
143 923 655 477
663 846 135 554
183 810 615 590
599 909 199 491
420 618 378 782
500 494 298 906
696 439 102 961
532 520 266 880
126 604 672 796
634 619 164 781
681 901 117 499
366 475 432 925
760 714 38 686
468 624 330 776
565 878 233 522
205 825 593 575
375 690 423 710
477 464 321 936
446 889 352 511
603 742 195 658
276 708 522 692
445 584 353 816
701 928 97 472
712 793 86 607
496 996 302 404
39 911 759 489
365 544 433 856
122 403 676 997
431 901 367 499
444 672 354 728
761 552 37 848
432 603 366 797
386 434 412 966
326 656 472 744
157 823 641 577
656 734 142 666
258 450 540 950
489 943 309 457
321 631 477 769
174 843 624 557
759 546 39 854
279 846 519 554
429 928 369 472
104 570 694 830
148 449 650 951
651 464 147 936
402 685 396 715
251 720 547 680
631 705 167 695
257 410 541 990
657 705 141 695
206 673 592 727
184 934 614 466
60 448 738 952
383 527 415 873
702 756 96 644
349 957 449 443
595 797 203 603
114 875 684 525
676 819 122 581
472 662 326 738
27 802 771 598
690 668 108 732
731 972 67 428
575 572 223 828
379 946 419 454
751 770 47 630
286 649 512 751
140 849 658 551
231 957 567 443
180 417 618 983
288 691 510 709
455 945 343 455
228 444 570 956
721 841 77 559
527 829 271 571
720 468 78 932
761 989 37 411
546 721 252 679
786 745 12 655
312 424 486 976
586 841 212 559
683 687 115 713
763 914 35 486
663 640 135 760
362 812 436 588
781 558 17 842
3 857 795 543
579 412 219 988
4 586 794 814
411 520 387 880
229 991 569 409
36 860 762 540
583 609 215 791
469 988 329 412
25 510 773 890
569 834 229 566
334 992 464 408
378 662 420 738
293 429 505 971
607 718 191 682
378 439 420 961
641 418 157 982
272 615 526 785
210 485 588 915
677 851 121 549
44 711 754 689
586 916 212 484
388 791 410 609
746 981 52 419
137 775 661 625
295 637 503 763
785 911 13 489
285 870 513 530
498 869 300 531
66 922 732 478
283 916 515 484
502 530 296 870
594 919 204 481
387 939 411 461
381 704 417 696
732 875 66 525
447 988 351 412
773 923 25 477
651 501 147 899
154 559 644 841
721 780 77 620
6 952 792 448
123 503 675 897
765 607 33 793
419 929 379 471
366 684 432 716
367 737 431 663
256 595 542 805
87 700 711 700
659 730 139 670
456 876 342 524
90 935 708 465
470 728 328 672
531 603 267 797
57 877 741 523
378 830 420 570
520 984 278 416
24 963 774 437
168 928 630 472
631 538 167 862
609 876 189 524
27 598 771 802
231 405 567 995
771 796 27 604
582 622 216 778
231 623 567 777
204 763 594 637
542 994 256 406
735 513 63 887
670 640 128 760
36 556 762 844
681 660 117 740
225 997 573 403
208 671 590 729
490 944 308 456
304 656 494 744
152 453 646 947
666 801 132 599
636 541 162 859
276 466 522 934
789 562 9 838
535 545 263 855
214 822 584 578
66 682 732 718
398 437 400 963
467 414 331 986
763 873 35 527
750 859 48 541
237 706 561 694
684 415 114 985
210 447 588 953
722 978 76 422
7 589 791 811
423 803 375 597
192 928 606 472
429 578 369 822
59 452 739 948
362 781 436 619
654 599 144 801
687 743 111 657
48 449 750 951
5 637 793 763
272 737 526 663
633 831 165 569
146 968 652 432
506 841 292 559
348 969 450 431
380 836 418 564
682 666 116 734
178 624 620 776
368 840 430 560
162 834 636 566
359 455 439 945
195 799 603 601
310 821 488 579
778 455 20 945
60 560 738 840
620 539 178 861
562 989 236 411
223 561 575 839
783 451 15 949
14 776 784 624
283 622 515 778
200 439 598 961
651 980 147 420
776 915 22 485
309 578 489 822
482 533 316 867
587 566 211 834
547 820 251 580
291 467 507 933
103 594 695 806
119 684 679 716
246 888 552 512
511 643 287 757
433 981 365 419
749 719 49 681
790 686 8 714
601 493 197 907
456 761 342 639
633 655 165 745
362 977 436 423
743 487 55 913
100 666 698 734
768 900 30 500
216 611 582 789
256 910 542 490
193 700 605 700
74 576 724 824
781 717 17 683
530 905 268 495
320 757 478 643
248 968 550 432
191 942 607 458
745 947 53 453
620 738 178 662
508 504 290 896
634 653 164 747
715 677 83 723
598 835 200 565
405 589 393 811
11 682 787 718
188 601 610 799
564 418 234 982
0 542 798 858
655 424 143 976
1 816 797 584
353 512 445 888
675 941 123 459
457 727 341 673
743 500 55 900
443 536 355 864
326 841 472 559
336 562 462 838
630 501 168 899
764 967 34 433
591 419 207 981
431 608 367 792
68 842 730 558
345 561 453 839
601 973 197 427
287 738 511 662
90 884 708 516
372 740 426 660
334 956 464 444
89 451 709 949
429 470 369 930
161 403 637 997
677 459 121 941
571 631 227 769
702 594 96 806
493 690 305 710
242 496 556 904
105 562 693 838
5 626 793 774
34 646 764 754
290 523 508 877
28 804 770 596
115 586 683 814
490 946 308 454
105 807 693 593
569 812 229 588
183 703 615 697
326 696 472 704
199 595 599 805
213 841 585 559
37 760 761 640
75 490 723 910
670 743 128 657
198 473 600 927
457 747 341 653
771 540 27 860
357 646 441 754
376 902 422 498
579 793 219 607
638 418 160 982
307 497 491 903
354 747 444 653
130 858 668 542
638 801 160 599
146 603 652 797
520 728 278 672
8 850 790 550
314 718 484 682
257 761 541 639
475 840 323 560
663 411 135 989
232 446 566 954
66 887 732 513
7 888 791 512
718 526 80 874
15 402 783 998
74 962 724 438
111 729 687 671
540 428 258 972
731 452 67 948
299 520 499 880
586 949 212 451
86 795 712 605
773 986 25 414
14 573 784 827
561 516 237 884
246 558 552 842
268 951 530 449
118 482 680 918
450 655 348 745
390 451 408 949
184 432 614 968
506 892 292 508
390 548 408 852
536 423 262 977
30 999 768 401
61 854 737 546
547 836 251 564
129 610 669 790
454 701 344 699
497 924 301 476
703 994 95 406
389 763 409 637
772 748 26 652
497 574 301 826
232 658 566 742
690 793 108 607
669 921 129 479
652 759 146 641
553 403 245 997
721 408 77 992
332 607 466 793
761 995 37 405
323 767 475 633
561 504 237 896
396 829 402 571
462 790 336 610
280 483 518 917
369 498 429 902
460 577 338 823
502 665 296 735
179 524 619 876
520 760 278 640
5 783 793 617
13 589 785 811
223 827 575 573
341 582 457 818
526 596 272 804
489 555 309 845
114 703 684 697
106 709 692 691
334 954 464 446
193 952 605 448
151 892 647 508
720 698 78 702
30 756 768 644
555 718 243 682
533 840 265 560
711 435 87 965
313 626 485 774
54 592 744 808
667 662 131 738
445 627 353 773
305 986 493 414
125 553 673 847
78 809 720 591
607 926 191 474
690 643 108 757
589 829 209 571
592 949 206 451
157 930 641 470
201 495 597 905
391 869 407 531
407 857 391 543
607 640 191 760
147 847 651 553
469 854 329 546
519 840 279 560
83 649 715 751
663 842 135 558
342 732 456 668
242 436 556 964
289 416 509 984
162 977 636 423
492 564 306 836
227 899 571 501
577 663 221 737
510 858 288 542
619 499 179 901
735 458 63 942
677 518 121 882
129 791 669 609
647 990 151 410
321 736 477 664
438 841 360 559
450 458 348 942
419 422 379 978
427 602 371 798
216 815 582 585
369 538 429 862
1 568 797 832
240 595 558 805
299 501 499 899
75 764 723 636
505 450 293 950
77 494 721 906
214 915 584 485
570 462 228 938
8 509 790 891
459 964 339 436
184 563 614 837
448 931 350 469
415 757 383 643
103 564 695 836
559 677 239 723
756 718 42 682
612 981 186 419
276 472 522 928
581 583 217 817
13 577 785 823
768 440 30 960
214 964 584 436
671 738 127 662
41 591 757 809
51 743 747 657
454 977 344 423
295 698 503 702
549 676 249 724
411 646 387 754
297 477 501 923
626 558 172 842
432 708 366 692
519 921 279 479
164 463 634 937
699 944 99 456
217 673 581 727
783 984 15 416
327 702 471 698
54 900 744 500
535 568 263 832
209 901 589 499
144 501 654 899
603 719 195 681
729 649 69 751
463 808 335 592
796 821 2 579
26 490 772 910
787 721 11 679
542 485 256 915
84 786 714 614
280 971 518 429
302 618 496 782
717 811 81 589
439 925 359 475
528 562 270 838
389 895 409 505
378 572 420 828
33 898 765 502
763 994 35 406
555 875 243 525
577 878 221 522
509 676 289 724
682 761 116 639
264 716 534 684
86 733 712 667
72 959 726 441
429 993 369 407
706 637 92 763
59 975 739 425
624 411 174 989
773 816 25 584
503 625 295 775
347 536 451 864
399 426 399 974
470 667 328 733
594 482 204 918
507 552 291 848
390 754 408 646
529 761 269 639
718 769 80 631
207 755 591 645
627 779 171 621
296 541 502 859
579 749 219 651
489 638 309 762
716 411 82 989
586 545 212 855
322 636 476 764
624 623 174 777
788 465 10 935
727 895 71 505
139 752 659 648
497 411 301 989
491 581 307 819
328 879 470 521
786 624 12 776
726 826 72 574
26 458 772 942
103 407 695 993
353 662 445 738
648 552 150 848
753 741 45 659
185 602 613 798
42 443 756 957
19 634 779 766
268 605 530 795
47 831 751 569
382 633 416 767
319 699 479 701
740 478 58 922
317 401 481 999
133 821 665 579
115 881 683 519
449 755 349 645
343 600 455 800
689 863 109 537
142 699 656 701
149 983 649 417
525 999 273 401
568 733 230 667
271 414 527 986
589 648 209 752
724 442 74 958
64 587 734 813
665 818 133 582
768 581 30 819
21 795 777 605
430 649 368 751
262 767 536 633
73 579 725 821
152 973 646 427
361 831 437 569
232 754 566 646
341 907 457 493
292 852 506 548
780 646 18 754
768 645 30 755
798 560 0 840
650 774 148 626
322 905 476 495
480 546 318 854
282 933 516 467
444 623 354 777
521 487 277 913
657 891 141 509
132 666 666 734
613 740 185 660
706 663 92 737
774 413 24 987
665 671 133 729
738 938 60 462
183 597 615 803
555 541 243 859
142 595 656 805
601 720 197 680
364 486 434 914
399 622 399 778
410 564 388 836
14 681 784 719
723 999 75 401
12 889 786 511
355 785 443 615
289 709 509 691
342 649 456 751
31 751 767 649
149 656 649 744
642 907 156 493
164 803 634 597
604 673 194 727
23 473 775 927
366 783 432 617
428 704 370 696
145 532 653 868
325 990 473 410
567 817 231 583
644 411 154 989
129 738 669 662
476 824 322 576
724 668 74 732
512 936 286 464
626 686 172 714
230 588 568 812
742 952 56 448
91 427 707 973
2 406 796 994
229 490 569 910
744 935 54 465
375 673 423 727
573 438 225 962
109 895 689 505
204 841 594 559
170 702 628 698
654 573 144 827
26 457 772 943
67 576 731 824
247 423 551 977
402 577 396 823
483 920 315 480
796 902 2 498
790 978 8 422
439 780 359 620
26 888 772 512
442 943 356 457
603 661 195 739
415 882 383 518
84 799 714 601
133 665 665 735
362 590 436 810
759 820 39 580
390 598 408 802
525 611 273 789
790 764 8 636
301 626 497 774
447 456 351 944
699 486 99 914
586 773 212 627
352 973 446 427
137 680 661 720
439 511 359 889
123 751 675 649
406 795 392 605
437 693 361 707
663 937 135 463
588 640 210 760
499 685 299 715
108 972 690 428
556 745 242 655
182 402 616 998
585 964 213 436
714 731 84 669
209 881 589 519
759 688 39 712
18 940 780 460
225 429 573 971
210 673 588 727
328 498 470 902
238 614 560 786
520 409 278 991
239 542 559 858
391 580 407 820
622 522 176 878
483 893 315 507
350 813 448 587
318 979 480 421
547 793 251 607
280 990 518 410
797 837 1 563
701 517 97 883
312 941 486 459
61 897 737 503
768 591 30 809
86 905 712 495
588 603 210 797
105 614 693 786
254 434 544 966
327 778 471 622
304 867 494 533
602 918 196 482
780 725 18 675
218 901 580 499
476 815 322 585
448 525 350 875
416 999 382 401
476 987 322 413
573 995 225 405
48 848 750 552
3 559 795 841
627 595 171 805
82 795 716 605
238 412 560 988
638 971 160 429
620 596 178 804
724 995 74 405
532 796 266 604
459 536 339 864
257 488 541 912
726 470 72 930
639 403 159 997
304 619 494 781
453 770 345 630
499 548 299 852
547 468 251 932
787 530 11 870
692 451 106 949
698 963 100 437
408 891 390 509
314 420 484 980
416 440 382 960
408 641 390 759
196 793 602 607
684 602 114 798
410 755 388 645
108 678 690 722
183 958 615 442
194 783 604 617
245 655 553 745
61 526 737 874
211 422 587 978
245 924 553 476
407 842 391 558
721 702 77 698
537 470 261 930
412 783 386 617
32 535 766 865
447 954 351 446
157 846 641 554
72 541 726 859
222 545 576 855
419 478 379 922
690 526 108 874
228 509 570 891
189 665 609 735
2 504 796 896
153 986 645 414
327 970 471 430
309 920 489 480
602 458 196 942
105 611 693 789
483 517 315 883
621 448 177 952
569 555 229 845
244 550 554 850
367 920 431 480
306 523 492 877
478 695 320 705
96 683 702 717
797 756 1 644
127 801 671 599
731 432 67 968
384 447 414 953
621 764 177 636
733 872 65 528
769 561 29 839
34 893 764 507
676 581 122 819
88 643 710 757
283 984 515 416
543 867 255 533
247 476 551 924
514 558 284 842
350 439 448 961
717 883 81 517
140 688 658 712
372 424 426 976
769 471 29 929
436 739 362 661
421 591 377 809
677 997 121 403
670 593 128 807
692 474 106 926
603 644 195 756
116 887 682 513
509 945 289 455
499 811 299 589
432 464 366 936
483 581 315 819
602 472 196 928
223 977 575 423
221 929 577 471
