80 46 36 43
43 47 49 25
30 19 62 53
36 21 56 51
86 69 6 3
45 1 47 71
23 14 69 58
69 57 23 15
47 7 45 65
52 53 40 19
91 38 1 34
79 64 13 8
7 65 85 7
56 4 36 68
19 9 73 63
60 30 32 42
69 27 23 45
89 11 3 61
46 27 46 45
57 64 35 8
78 33 14 39
90 61 2 11
19 55 73 17
19 38 73 34
31 0 61 72
37 62 55 10
13 45 79 27
54 16 38 56
79 2 13 70
43 30 49 42
13 63 79 9
8 38 84 34
85 59 7 13
17 42 75 30
86 25 6 47
7 33 85 39
79 14 13 58
37 12 55 60
89 37 3 35
9 39 83 33
24 2 68 70
16 46 76 26
75 65 17 7
86 17 6 55
11 47 81 25
3 41 89 31
37 5 55 67
71 38 21 34
30 61 62 11
21 37 71 35
86 1 6 71
90 37 2 35
63 23 29 49
78 15 14 57
37 25 55 47
32 34 60 38
19 66 73 6
42 65 50 7
64 36 28 36
79 0 13 72
35 1 57 71
21 55 71 17
68 68 24 4
66 47 26 25
67 10 25 62
0 61 92 11
2 21 90 51
83 2 9 70
40 37 52 35
57 24 35 48
51 30 41 42
22 19 70 53
62 45 30 27
13 52 79 20
17 11 75 61
49 43 43 29
10 2 82 70
13 52 79 20
26 20 66 52
15 34 77 38
53 4 39 68
