Teste 1
2 4
9 18
14 21
46 47
6 28
13 37
14 45
35 47
44 47
1 35
25 38
9 39
32 39
24 42
2 44
35 49
39 50
14 24
20 25
10 28
6 35
35 40
40 41
42 49
23 50
5 18
8 19
6 22
24 27
37 45
49 50
4 12
13 17
33 35
19 41
30 47
36 47
20 30
20 31
12 34
11 16
14 43
29 43
32 48
7 10
9 16
3 49
4 15
26 27

Teste 2
3 6
12 34
20 37
21 37
43 44
38 45
8 20
1 32
12 32
26 32
18 39
41 45
4 25
25 27
14 31
11 36
20 41
18 45
39 48
35 49
4 5
20 22
2 32
9 35
31 36
4 38
42 48
8 24
7 29
29 37
28 40
6 41
8 30
1 43
11 13
6 19
12 27
1 36
4 9
17 36
19 47
31 50
20 28
10 30
14 23
26 33
42 46
16 32
15 20

