304 425
125 683 64 300 279 210 432 508 181 72 514 198 134 335 411 532 306 120 49 580 136 462 726 291 541 387 501 261 380 439 558 594 457 581 103 572 42 553 228 304 436 1 23 436 690 27 694 80 345 68 36 84 552 496 683 408 615 121 295 141 184 651 453 398 80 371 66 154 374 553 731 453 23 378 98 444 600 558 441 311 310 543 620 635 519 196 464 300 683 443 740 634 384 216 679 188 449 97 351 678 564 306 592 636 109 424 714 718 373 727 377 464 26 220 305 294 311 293 405 80 127 146 71 639 43 138 501 656 626 221 623 251 544 481 465 195 376 700 295 114 442 261 115 251 118 75 376 614 355 682 306 580 29 701 666 632 472 501 668 8 497 579 631 730 544 279 537 174 684 613 344 197 370 253 343 618 352 586 501 10 314 494 646 696 715 531 608 278 370 599 539 209 290 351 370 636 451 313 133 504 92 243 157 510 470 145 152 474 440 504 687 14 286 547 161 190 356 509 407 163 349 196 241 634 476 204 646 652 132 163 480 187 722 109 16 644 234 434 583 635 231 610 200 197 737 429 586 15 467 289 172 713 534 496 710 598 100 120 254 567 477 114 562 728 224 462 7 582 179 447 177 732 596 240 555 729 160 319 679 349 731 169 619 241 581 544 50 680 205 356 423 417 521 45 299 575 236 183 161 179 306 163 496 175
192 236 149
106 94 375
147 199 18
211 65 713
150 61 562
91 41 217
64 61 252
61 70 198
33 204 337
130 26 105
9 53 509
11 32 724
156 52 216
114 219 461
247 19 314
19 23 527
56 27 350
235 181 347
126 90 591
22 28 628
72 115 433
32 253 260
68 79 125
89 13 263
15 50 716
118 154 59
18 34 187
30 100 219
208 226 222
122 135 703
133 99 229
242 108 411
66 59 693
226 132 689
2 66 442
164 155 534
67 96 119
97 57 270
87 105 515
123 134 653
157 131 498
27 45 554
59 178 78
244 163 134
64 43 83
248 176 458
51 193 386
105 126 427
123 63 684
134 91 284
18 187 627
120 247 563
113 240 533
174 88 563
114 113 107
144 111 122
72 119 100
93 101 486
149 97 158
79 136 672
84 217 104
79 127 223
59 12 204
10 28 320
203 27 109
34 215 236
105 239 397
60 164 211
154 130 622
62 77 265
13 4 485
96 95 220
31 148 491
146 133 679
41 186 550
58 136 108
88 170 255
100 190 9
40 179 561
74 161 722
129 66 491
78 18 575
28 172 41
31 51 697
216 196 388
59 78 351
135 67 19
48 17 684
241 92 497
34 41 640
142 184 205
118 91 720
115 118 179
170 74 552
140 182 509
50 174 726
116 209 189
60 20 149
53 153 400
124 84 738
71 49 721
33 48 624
171 85 313
37 11 692
50 40 678
16 29 689
104 74 341
88 39 338
134 98 667
133 189 87
158 83 235
166 228 725
80 60 174
230 75 304
73 32 617
60 59 632
116 67 711
70 159 186
213 25 203
51 30 653
73 108 237
121 85 117
245 192 523
161 237 700
37 166 736
66 64 59
223 135 153
92 145 390
58 46 217
62 22 626
75 129 589
220 225 313
115 173 235
141 102 388
158 65 101
107 125 452
140 166 358
62 214 347
11 152 198
41 7 200
153 106 459
143 69 275
5 52 177
199 205 150
225 127 288
92 169 709
233 22 492
122 34 47
167 81 641
81 58 332
184 94 218
143 246 34
125 191 641
6 3 432
29 15 579
224 119 286
131 45 434
157 168 207
127 138 494
131 167 563
178 213 223
83 164 113
121 16 610
177 113 693
239 145 646
107 221 144
65 89 482
175 232 564
86 76 70
65 18 707
35 23 252
109 251 23
112 220 364
103 250 490
126 141 242
113 153 82
94 92 626
49 129 35
42 106 338
254 230 451
24 55 253
76 93 435
132 77 39
111 124 557
32 38 441
90 216 321
138 53 512
250 171 168
96 165 734
168 143 226
106 43 572
124 80 89
101 68 496
82 37 439
188 114 138
139 243 487
99 104 519
174 110 457
53 37 17
17 6 148
63 16 696
155 87 466
64 66 14
159 146 433
237 123 513
57 65 133
169 21 45
69 38 14
155 133 246
221 177 124
128 86 735
39 157 116
104 141 610
12 8 8
108 211 389
209 120 712
48 54 251
243 165 725
4 63 449
97 144 534
152 95 739
222 68 446
8 25 693
205 126 307
160 82 262
23 244 473
132 90 375
86 241 280
110 83 332
21 5 644
163 64 508
196 195 382
16 48 433
56 155 169
153 122 330
232 46 588
39 42 666
3 58 521
173 88 481
170 100 256
7 19 416
111 171 117
100 169 51
215 194 217
229 12 273
147 151 167
20 47 490
150 152 161
112 158 260
27 188 410
85 147 503
58 78 110
61 47 464
35 10 424
91 114 518
55 44 233
173 149 87
103 154 203
234 200 259
43 36 91
102 174 331
154 116 190
30 62 138
81 175 533
138 124 432
137 160 550
253 140 105
176 63 299
168 212 706
191 235 135
24 151 375
55 210 302
169 110 111
185 233 115
227 97 520
108 132 412
13 112 294
159 137 235
156 157 695
98 107 109
44 2 214
70 202 665
166 115 488
193 252 685
135 73 201
99 31 220
89 116 179
90 137 404
130 112 107
217 160 263
117 33 363
38 35 342
68 35 392
141 118 439
83 103 287
42 15 445
101 104 677
75 223 398
23 61 307
145 44 422
19 167 280
46 64 730
29 9 424
151 107 226
67 242 565
21 254 395
78 150 485
202 185 355
28 24 361
181 139 616
151 224 603
74 117 242
218 72 531
179 159 359
125 117 284
128 147 313
119 102 312
109 121 506
186 29 437
25 21 675
231 76 24
26 150 445
93 99 416
195 229 248
183 40 711
180 208 539
77 172 403
61 39 109
45 13 415
236 62 148
43 57 586
189 231 126
207 158 665
212 234 317
249 206 446
206 238 310
120 75 89
63 207 535
136 93 664
204 130 607
238 56 478
95 161 565
190 89 720
71 140 433
95 122 264
142 163 12
149 183 312
17 201 316
162 62 95
145 128 734
228 105 7
246 125 683
172 81 304
137 109 679
82 87 141
198 138 326
110 173 4
119 80 189
182 30 269
197 128 612
12 98 79
54 59 319
45 69 30
251 143 6
240 222 479
194 42 127
172 86 163
26 17 130
77 71 583
52 198 224
136 123 311
161 156 673
84 142 690
165 109 23
22 56 661
164 70 404
252 149 183
87 162 679
162 142 446
76 248 664
38 180 70
219 121 469
44 55 194
165 96 558
14 26 175
63 84 478
163 11 167
40 33 206
94 14 460
98 120 184
139 72 608
102 51 659
46 36 644
36 49 691
201 82 50
144 148 566
148 197 114
65 58 389
148 168 330
214 73 519
171 134 446
47 14 490
127 218 543
54 20 139
152 203 371
85 71 353
167 156 504
25 103 78
200 249 660
117 162 616
52 31 679
187 101 522
80 131 131
160 227 209
66 60 393
210 79 508
36 146 301
129 245 585
146 139 90
69 111 419
14 24 650
49 60 117
47 54 315
57 170 446
20 144 292
