500 514
69 156 95 220 113 158 179 104 221 172 199 17 203 53 145 48 10 151 149 170 194 34 204 25 137 23 198 77 80 44 72 186 70 205 103 110 91 152 100 83 97 82 147 77 101 186 156 125 47 235 68 215 77 86 242 107 53 182 211 22 63 236 177 6 170 121 80 217 77 9 12 123 102 239 152 168 101 184 49 43 21 150 93 207 163 72 216 217 248 155 206 94 104 79 41 1 182 191 88 220 34 95 13 202 178 32 207 61 86 99 179 134 90 229 119 126 184 42 247 213 24 178 73 53 154 4 35 81 194 194 111 19 7 58 46 154 240 244 133 35 133 161 202 63 119 185 8 190 28 98 241 83 46 177 76 151 6 10 234 20 6 194 210 44 77 219 108 16 195 112 189 106 18 36 230 167 79 80 161 234 155 108 25 178 224 173 18 174 202 41 178 165 197 126 123 182 65 49 143 114 210 7 137 162 148 116 98 49 235 15 103 232 225 10 40 168 3 108 89 202 87 60 82 48 163 199 18 205 224 195 176 8 65 99 100 140 191 238 111 183 122 123 59 82 224 189 9 199 223 13 224 87 106 121 164 19 226 44 7 234 25 50 79 192 150 98 104 135 227 138 62 224 46 51 114 49 169 145 177 2 74 207 230 219 126 64 222 162 122 32 45 26 71 118 182 180 18 57 78 121 179 226 223 60 70 169 211 82 82 43 24 191 150 194 126 116 166 152 151 92 45 244 6 92 107 158 23 10 66 183 132 91 173 82 20 180 42 38 90 234 199 148 181 32 136 189 98 173 106 147 16 95 65 164 162 18 49 90 69 87 139 28 204 60 236 158 150 187 184 212 46 57 108 129 246 221 179 199 16 38 227 155 5 162 40 195 59 51 30 4 142 200 98 133 207 219 36 188 177 76 22 77 79 6 165 177 206 244 125 124 70 201 26 42 182 91 169 9 133 36 201 13 146 81 238 101 153 111 48 41 34 13 155 14 13 222 102 71 219 61 148 117 173 112 32 173 110 112 180 121 186 178 128 49 43 238 168 41 192 142 130 56 113 162 20 80 84 59 139 120 202 103 58 50 165 18 71 5 139 47 95 220 73 99 243 122 138 162 73 3 103 133 84 124 185 11 107 127 121 204
447 304 117
243 169 218
441 182 226
369 452 120
327 112 175
193 390 217
281 53 34
271 178 119
381 166 133
155 142 202
103 202 228
418 361 157
216 191 210
266 417 101
330 401 26
350 209 80
97 350 63
90 221 178
77 176 63
128 161 68
425 428 149
224 341 164
427 386 34
48 402 207
192 286 182
162 348 193
355 69 79
72 188 160
429 451 247
452 274 32
332 381 48
194 463 96
267 292 186
430 77 212
346 85 221
180 175 53
131 124 188
165 182 180
141 143 39
177 424 130
284 114 5
52 41 19
440 323 28
249 122 177
195 239 40
108 404 7
43 89 191
286 87 43
329 216 238
117 358 45
215 298 82
152 169 94
320 84 246
248 403 28
372 241 179
140 176 83
67 309 203
312 265 79
35 269 132
171 134 78
151 174 70
326 339 122
198 33 198
366 260 166
199 100 239
170 164 24
41 193 206
368 197 126
423 263 67
79 91 50
169 223 72
137 139 1
164 147 229
275 261 98
347 49 67
212 21 3
259 326 172
310 229 164
76 42 184
273 136 42
415 25 9
96 285 27
28 375 4
398 349 51
214 22 219
75 310 136
331 427 107
341 132 33
277 287 36
133 288 23
384 175 42
256 344 164
70 336 92
110 439 73
297 282 111
269 80 188
158 152 163
337 281 223
87 242 82
116 385 110
182 125 51
285 411 98
339 44 158
125 426 40
371 142 216
167 145 211
26 39 128
100 48 196
161 76 200
148 132 75
126 140 26
34 156 220
23 400 12
152 78 172
225 108 58
62 352 207
89 124 8
407 305 161
169 130 31
178 35 161
294 215 216
38 18 243
176 253 19
280 204 195
289 303 178
136 59 194
403 378 7
321 247 232
428 28 93
65 119 220
136 155 88
374 416 209
44 168 213
163 72 30
229 329 162
348 246 200
272 225 58
262 393 232
172 165 103
217 68 29
175 389 34
226 34 51
458 459 186
49 340 16
142 243 228
180 218 41
344 296 32
401 139 5
144 162 108
131 314 164
123 208 74
173 268 61
316 60 222
305 163 241
239 391 176
118 234 184
149 201 93
419 307 60
431 405 3
254 255 212
359 257 84
438 148 53
364 294 244
328 24 38
402 469 194
282 275 202
27 164 69
164 434 195
135 200 89
270 238 204
135 138 105
233 273 222
325 320 233
411 47 176
300 99 129
244 185 134
21 421 240
80 466 241
179 324 185
126 333 153
391 392 178
202 291 32
203 418 177
156 148 58
307 159 217
150 278 210
157 129 217
130 185 158
182 270 181
166 184 11
383 157 55
168 365 12
185 137 40
461 117 248
265 337 10
86 467 61
150 167 203
213 284 68
167 116 170
389 267 144
53 152 240
91 338 195
105 321 205
406 149 186
392 65 17
219 445 124
399 369 76
318 37 57
120 295 145
133 136 227
455 189 33
439 364 153
32 141 187
232 456 92
189 422 36
206 383 147
179 183 195
354 111 118
230 61 239
460 442 92
46 19 248
208 74 37
451 430 118
302 231 174
454 38 245
250 162 191
64 443 104
386 153 133
317 212 168
367 137 220
139 203 21
211 283 169
378 240 65
61 177 127
360 429 120
59 374 99
296 368 151
228 50 67
468 67 151
29 228 169
446 107 46
315 233 23
143 166 14
231 130 149
31 103 234
290 70 133
188 151 157
342 81 129
145 437 157
69 73 26
153 140 143
351 322 168
453 313 63
220 302 63
173 159 52
92 380 67
174 316 55
113 205 179
176 144 194
66 425 8
104 432 17
434 31 141
132 131 74
340 356 22
293 450 193
353 264 108
375 376 132
291 82 204
426 271 231
357 79 15
276 227 179
172 146 221
448 373 180
201 308 199
394 325 140
465 186 167
154 127 50
160 102 50
124 170 240
236 455 248
260 192 57
102 32 199
464 90 61
274 207 21
122 57 45
158 104 28
409 109 60
268 382 224
466 435 102
155 138 61
314 183 65
18 236 176
335 230 78
20 184 234
261 251 154
234 331 124
319 460 215
134 414 86
184 154 44
143 66 6
450 384 88
245 128 192
177 171 83
156 64 172
413 458 234
88 395 92
181 387 2
309 45 126
147 113 126
55 51 202
140 252 134
295 40 100
377 449 122
196 334 94
51 447 3
82 258 55
138 158 45
408 379 104
437 330 216
57 106 20
400 161 165
106 311 152
469 423 153
200 160 93
264 118 26
301 394 46
45 290 59
125 160 89
240 388 121
171 180 221
19 399 117
303 88 201
292 317 218
78 354 172
149 180 224
370 345 172
388 280 96
60 327 77
385 306 220
376 224 164
54 415 119
98 433 195
166 297 169
414 441 232
145 173 138
94 36 173
187 332 159
349 211 79
165 370 197
223 219 78
358 194 62
404 244 233
204 367 140
185 319 157
252 96 41
153 157 87
56 222 28
141 29 95
181 133 177
237 366 53
85 343 22
132 83 133
235 30 198
109 71 159
304 371 21
255 245 206
163 141 107
417 121 38
47 97 157
338 406 187
39 438 107
191 92 205
313 23 174
134 128 232
157 289 118
161 126 42
124 335 230
457 262 215
287 359 179
416 154 234
84 55 138
168 179 157
210 465 43
138 151 36
246 62 205
93 250 188
278 94 224
459 190 135
30 143 237
251 63 9
127 95 10
334 362 87
33 75 174
257 453 15
205 462 88
397 129 125
83 276 15
146 110 102
410 398 99
178 163 112
160 172 52
184 347 24
24 377 164
115 351 152
207 98 58
197 372 42
308 431 140
111 408 240
361 105 53
73 145 127
420 123 147
22 220 123
421 464 23
395 217 100
238 210 233
263 52 9
323 198 55
311 86 15
114 293 40
432 196 147
405 43 43
242 410 75
25 214 91
324 56 135
40 457 3
58 420 112
343 259 107
175 168 29
336 27 101
345 150 235
258 46 21
107 125 22
101 301 189
379 101 44
221 256 44
333 120 100
162 150 161
356 419 177
36 235 195
186 146 128
183 126 210
95 237 213
456 355 71
209 249 134
241 206 122
449 397 19
147 177 215
433 171 48
222 131 2
393 312 157
154 93 47
445 279 113
148 155 21
144 199 174
139 156 61
352 170 217
63 58 246
424 172 104
159 165 92
227 54 11
112 353 240
50 195 232
365 318 139
306 468 13
129 20 130
37 266 84
362 248 185
146 135 88
382 342 228
218 181 9
444 413 209
130 144 61
99 357 33
299 396 152
127 153 99
322 134 198
170 187 142
279 444 189
462 226 50
298 300 179
442 440 92
422 448 155
380 446 149
142 149 92
183 178 142
396 174 184
363 328 107
387 461 24
283 315 223
190 409 44
137 167 143
81 299 232
119 133 212
390 454 179
436 135 107
121 412 59
288 26 202
128 277 149
443 254 230
253 173 175
74 407 192
174 181 113
373 346 147
68 363 127
435 127 19
247 360 226
151 213 179
129 158 127
71 232 30
412 179 171
463 147 246
42 272 114
159 115 90
467 436 204
