700 629
117 237 223 245 184 75 122 203 124 156 82 125 105 7 245 230 81 30 62 40 53 3 133 128 11 52 91 64 116 103 109 214 221 36 120 115 177 139 191 168 164 98 222 165 55 156 243 135 146 235 202 185 158 183 109 48 210 145 104 243 60 64 74 154 91 97 65 34 164 47 102 115 244 117 125 151 170 247 16 158 37 176 92 109 94 153 214 161 148 106 30 152 65 7 71 63 1 169 247 102 49 156 199 27 241 125 79 110 208 4 95 217 207 209 168 244 211 149 227 185 66 158 224 142 20 242 86 21 168 36 59 12 206 232 99 111 145 242 226 125 129 74 142 175 228 19 86 30 15 176 115 132 112 76 185 82 242 235 87 45 99 135 131 95 112 225 21 87 218 243 131 77 29 238 222 192 233 229 64 233 158 58 172 120 195 130 211 225 190 168 62 152 161 3 10 69 84 22 154 23 228 34 124 215 246 94 156 234 22 163 32 84 30 91 148 184 1 229 89 184 88 155 236 203 212 192 208 22 65 100 224 55 208 34 74 124 144 159 29 216 65 33 17 119 51 105 101 30 233 234 72 111 39 92 171 187 146 225 102 152 87 228 149 208 215 104 210 153 209 79 172 246 136 185 75 65 92 246 222 236 156 133 66 32 190 14 33 244 223 119 230 181 130 24 63 213 127 179 93 121 35 20 114 64 193 63 101 61 59 171 160 65 22 87 26 7 77 110 241 169 66 36 233 216 161 177 187 235 167 171 40 118 136 172 41 121 197 30 77 76 5 35 206 3 55 239 108 46 129 158 146 199 26 33 96 2 19 235 124 76 72 194 233 168 1 200 161 41 171 88 171 41 116 202 39 244 44 223 176 116 93 34 79 220 157 9 20 100 93 212 214 138 99 94 90 86 247 116 67 101 17 29 170 187 58 192 81 41 121 200 205 7 6 186 41 228 19 156 105 161 200 165 20 112 225 77 159 141 146 118 27 12 228 205 133 238 100 133 151 188 36 114 175 50 39 181 85 76 66 230 52 30 153 242 109 216 59 225 211 186 10 123 190 167 32 202 168 163 175 32 226 52 98 199 116 90 196 190 58 177 236 122 52 213 244 154 38 109 143 134 173 95 180 66 226 177 84 217 79 207 144 239 1 192 128 162 6 38 128 91 180 96 28 169 58 218 99 130 100 62 213 230 137 113 219 236 64 234 29 70 49 66 100 100 88 119 2 16 53 208 92 39 123 181 247 197 230 140 82 41 155 207 162 200 99 242 174 29 186 134 40 65 163 200 83 148 31 78 189 39 92 165 231 68 194 94 169 184 190 65 54 158 116 207 117 60 17 65 210 68 190 56 53 131 207 215 234 70 8 145 195 103 48 136 72 192 91 137 212 98 122 114 2 86 30 150 159 241 126 129 65 90 142 100 61 244 178 19 225 226 30 222 111 243 53 138 163 110 33 169 245 53 114 89 34 83 202 204 193 29 70 201 240 209 93 153 29 147 242 173 75 236 79 43 206 121 234 177 32 201 43 21 41 10 82 227 123 233 2 117 161 11 114 50 46 34 124 207 62 210 93 174 150 37 6 150 235 132 32 123
607 329 37
329 328 34
405 296 1
269 297 203
424 382 175
431 437 28
402 375 78
368 621 174
376 524 71
245 390 27
457 397 124
371 289 92
562 521 132
442 238 240
518 454 49
331 317 91
337 335 7
445 467 241
431 355 168
398 292 247
494 654 149
353 447 6
544 488 122
439 348 56
397 421 83
403 669 182
535 570 47
418 222 5
585 666 13
401 443 127
441 391 46
374 440 153
565 456 25
543 360 211
384 609 159
345 571 63
340 214 188
421 347 18
352 378 208
412 309 121
330 392 237
338 304 68
239 385 185
310 412 209
563 426 13
545 603 158
415 360 79
486 402 238
384 379 116
635 375 236
604 385 108
419 223 221
464 380 149
324 529 3
608 623 186
409 459 97
525 383 56
503 562 211
450 228 110
664 404 157
475 593 102
341 473 153
356 547 151
633 655 46
657 337 45
666 618 84
388 548 86
350 313 55
452 500 159
559 323 74
602 434 158
622 308 9
616 388 133
648 452 27
632 560 228
389 395 140
420 311 180
355 326 184
311 363 62
312 359 22
560 523 133
314 435 225
308 217 61
576 439 17
620 542 22
547 457 193
280 266 133
476 423 104
433 334 43
457 330 201
296 287 101
558 519 182
303 288 233
451 251 154
581 459 18
374 568 163
386 466 20
540 592 24
469 344 109
375 507 115
460 506 14
453 389 112
498 637 9
225 374 22
456 332 109
293 365 210
432 249 185
216 244 232
484 541 161
448 293 122
368 267 88
366 255 9
474 544 197
305 326 96
283 452 84
413 429 188
291 295 191
442 345 66
230 211 238
508 442 141
495 527 48
222 307 55
357 329 100
301 439 246
260 393 187
555 577 104
256 353 94
546 567 70
393 366 107
550 596 108
385 401 101
566 631 142
425 538 244
645 419 91
667 498 119
400 322 200
317 339 240
369 314 122
233 426 214
327 353 194
402 627 141
515 403 44
527 365 132
302 269 219
592 578 174
470 303 238
634 501 229
341 268 7
255 274 150
274 341 109
273 462 87
501 413 172
401 317 179
438 303 140
630 569 187
479 530 16
424 470 217
336 396 91
420 449 166
500 582 121
325 412 86
570 565 123
513 537 194
456 645 44
564 533 56
418 639 114
389 633 203
459 413 228
235 441 151
375 388 24
326 404 199
231 406 179
333 299 152
334 271 144
318 664 116
316 594 8
382 482 148
224 285 136
242 311 184
353 318 52
362 580 146
468 481 102
336 520 247
653 620 203
323 427 156
329 422 49
605 628 137
409 612 224
551 493 216
512 484 205
252 320 237
209 236 23
462 436 142
638 315 203
451 605 66
595 384 187
277 370 59
447 572 167
322 346 61
421 629 184
541 597 214
321 334 136
658 354 247
313 369 161
612 536 101
331 432 234
569 430 162
287 355 22
295 444 93
370 532 51
219 250 43
308 625 149
548 496 112
325 362 31
343 323 218
317 291 226
445 321 47
307 632 74
458 368 39
461 312 241
391 410 137
408 272 162
359 318 181
472 660 123
482 471 93
670 663 12
304 336 58
526 564 83
272 419 5
326 305 209
363 454 35
227 428 47
364 215 29
316 306 11
248 209 60
313 475 76
656 505 127
644 474 81
613 512 50
449 316 92
574 579 16
237 254 42
284 261 147
355 351 246
458 598 41
265 315 203
393 314 237
380 504 214
261 386 197
589 435 42
390 336 53
573 378 44
367 337 97
623 601 109
637 599 98
430 503 195
478 342 34
349 383 34
241 430 149
354 650 63
437 588 152
361 416 111
214 456 163
371 662 107
601 661 209
446 374 148
625 358 46
378 641 66
463 241 194
358 400 39
533 619 50
210 465 15
346 232 246
651 347 186
583 566 243
577 624 55
339 278 212
221 455 222
532 319 89
460 432 178
524 653 18
305 425 191
435 226 38
279 227 84
433 352 164
434 327 194
519 359 215
223 237 67
599 576 180
428 581 137
249 411 133
668 341 201
671 508 94
394 220 237
665 652 17
400 604 227
619 509 150
480 477 51
335 636 48
639 550 92
556 335 211
351 208 78
292 308 179
232 280 106
263 384 141
328 573 98
366 522 191
404 457 125
314 606 77
403 246 124
441 364 94
250 354 138
397 450 2
247 300 28
340 377 208
492 409 121
661 668 28
229 363 83
360 348 8
603 490 55
466 324 164
408 451 28
444 515 163
294 286 170
596 630 118
364 658 32
536 557 58
345 224 217
406 665 239
423 555 28
465 492 156
429 437 125
655 614 244
529 648 19
208 407 203
323 304 164
432 428 10
662 367 131
321 463 129
414 461 81
372 671 148
594 415 221
303 381 86
423 282 74
649 356 5
539 447 34
434 398 140
350 464 139
624 554 231
428 242 54
320 416 34
626 514 27
443 340 116
427 591 164
390 298 52
334 411 26
342 667 238
330 380 207
337 494 20
454 455 214
258 392 16
557 448 205
290 273 171
530 443 215
521 325 61
251 453 149
211 414 44
499 516 247
298 362 110
516 672 130
537 422 104
377 351 141
514 525 123
412 356 189
464 434 114
439 644 60
262 458 16
597 622 213
407 657 72
236 225 116
621 651 128
593 343 151
285 316 124
552 587 107
288 233 144
243 252 140
417 635 38
463 616 179
282 408 137
327 234 4
339 379 125
636 608 216
391 445 57
309 216 125
440 386 139
422 607 19
617 563 225
373 647 29
598 640 143
254 373 102
669 307 179
473 589 57
376 387 151
354 343 195
226 338 140
455 229 153
528 559 211
523 497 84
462 396 195
449 367 154
267 301 72
349 369 169
591 526 134
493 327 225
332 368 9
520 534 8
628 338 189
322 332 91
369 219 34
380 415 231
289 240 9
373 275 46
448 408 17
672 310 201
344 561 69
318 442 125
379 324 213
587 407 131
549 558 17
652 611 155
627 553 242
383 213 212
381 248 147
346 595 51
246 350 100
392 491 87
302 382 73
642 656 245
328 221 200
567 531 240
429 313 14
275 344 115
394 352 22
410 342 72
444 398 104
590 540 141
382 366 208
496 638 123
629 610 67
324 358 154
398 462 170
497 349 44
485 458 233
609 486 111
450 465 247
361 265 187
307 247 133
410 528 169
615 440 99
575 400 140
446 438 239
643 302 91
454 270 31
365 256 203
286 445 219
234 394 176
253 281 243
306 403 89
640 468 133
471 464 87
342 389 113
381 539 106
310 345 212
259 284 236
430 283 95
212 425 180
338 427 247
659 406 171
422 277 116
452 461 133
437 349 188
505 340 26
300 264 245
504 431 201
481 420 47
220 446 71
405 584 88
461 294 86
358 405 2
356 372 158
228 381 68
215 405 109
297 448 208
582 489 23
467 333 227
509 602 146
335 218 192
506 450 180
650 642 87
571 387 42
453 243 2
352 372 111
395 321 111
435 545 66
347 463 182
347 350 75
359 320 173
572 480 238
370 231 167
426 433 185
399 615 53
395 331 129
238 212 6
416 401 13
309 361 54
436 397 167
266 328 86
568 373 42
417 330 161
319 460 201
631 517 178
278 376 179
367 418 66
614 441 223
511 346 63
647 371 162
542 634 144
502 370 165
387 259 188
459 472 105
315 449 118
344 305 19
386 431 33
264 309 111
311 409 32
315 418 4
270 276 48
320 478 181
414 402 93
586 438 2
351 417 37
522 626 197
343 535 65
438 436 234
276 239 180
600 556 195
660 551 85
306 617 214
312 357 186
406 235 191
396 325 85
553 552 21
377 357 130
531 583 45
304 659 118
271 319 167
332 423 211
588 393 2
213 262 31
365 502 218
363 510 44
491 613 243
578 585 27
357 390 197
299 377 208
507 499 80
580 414 164
419 649 153
396 410 208
436 333 12
510 453 65
427 361 229
268 290 71
404 306 73
641 643 70
411 429 230
333 395 208
383 575 19
426 646 103
240 421 212
360 253 25
443 376 73
217 417 139
379 446 228
348 460 120
465 424 236
584 479 83
281 245 235
561 424 77
488 670 137
663 590 103
415 600 114
606 574 197
416 543 16
440 260 83
319 364 198
425 371 185
387 399 2
487 513 112
534 586 84
407 263 23
489 433 167
477 518 107
244 210 109
392 399 159
413 230 192
579 546 60
538 549 33
654 495 165
611 331 60
618 469 210
378 391 166
554 485 205
372 420 210
517 511 70
490 483 20
362 258 191
399 312 97
455 322 27
646 394 232
610 444 36
257 451 46
388 257 90
348 310 75
218 339 238
483 487 144
385 302 131
447 279 199
411 476 7
