900 978
24 58 55 74 45 93 113 86 83 40 16 54 84 49 93 32 47 48 7 59 7 111 28 20 54 116 107 78 65 30 39 70 46 26 9 67 4 60 105 105 72 1 97 93 74 103 68 9 29 102 21 115 53 17 83 95 76 3 122 91 119 106 108 18 67 3 65 88 72 10 105 122 96 69 36 101 104 101 11 122 90 95 27 79 66 95 30 42 17 84 85 13 31 37 72 18 25 101 87 100 86 115 119 31 28 33 85 38 25 46 49 69 10 17 45 92 22 84 84 108 6 34 19 103 6 102 77 56 114 106 18 90 6 118 3 102 61 1 19 89 44 72 15 56 44 32 30 106 53 114 117 73 43 120 1 81 22 95 47 103 83 102 117 93 22 65 110 93 1 91 6 8 82 36 3 119 100 70 71 115 74 6 54 25 7 100 122 18 4 18 86 63 89 18 53 39 66 42 6 8 102 17 83 91 30 2 106 28 113 62 87 108 105 64 118 55 106 92 60 25 114 100 118 23 56 87 37 70 122 88 31 44 31 70 6 50 77 92 59 37 29 59 102 68 31 23 47 29 91 19 33 1 6 92 68 74 16 88 94 30 109 14 101 46 120 81 100 27 88 14 33 48 48 40 121 68 88 105 42 51 38 13 88 120 114 49 39 98 51 23 76 3 66 5 39 53 83 5 67 40 35 103 110 107 108 14 63 74 120 87 29 90 5 30 19 38 60 112 14 49 10 53 4 77 84 63 10 99 114 50 50 109 89 72 94 87 55 107 65 57 82 42 92 115 65 116 33 87 70 50 111 28 65 13 122 83 53 112 59 115 119 78 97 102 34 111 92 30 34 121 46 56 27 76 116 77 109 26 95 4 92 109 78 116 43 28 84 21 52 19 16 64 117 64 60 98 27 21 98 48 72 85 87 34 14 73 17 85 35 6 117 53 38 96 62 55 87 88 83 8 12 13 21 64 58 109 100 20 59 114 88 73 121 120 118 16 115 3 57 110 72 70 76 120 5 61 100 31 91 41 93 77 110 57 21 39 20 77 53 102 108 6 69 28 19 17 90 106 80 101 57 78 83 115 93 42 109 36 34 15 10 112 49 118 105 37 19 8 19 10 44 16 100 12 92 118 118 25 87 119 95 5 44 10 88 75 118 56 81 100 9 28 7 19 103 47 49 69 52 46 122 51 107 13 87 101 28 92 32 112 118 33 41 90 110 20 27 44 93 67 25 21 101 112 55 91 14 6 82 84 55 19 99 29 111 9 60 65 65 10 82 60 99 28 80 73 2 107 65 5 72 122 91 75 90 3 95 57 45 84 63 84 85 88 114 119 32 40 61 73 30 63 77 25 100 51 114 10 64 2 86 63 96 88 17 46 84 102 40 93 44 64 115 65 82 95 4 4 40 56 34 31 38 12 51 121 57 68 118 29 74 110 103 57 41 49 98 120 42 46 36 21 43 20 106 57 21 43 57 90 28 112 83 116 29 28 44 45 33 39 121 1 38 55 6 92 85 68 115 40 50 39 120 54 42 2 73 115 97 40 75 49 77 51 9 23 91 6 102 62 79 62 75 80 102 7 88 68 12 94 24 116 113 87 7 33 13 47 46 81 57 69 25 46 51 51 28 89 20 37 82 16 114 58 117 45 100 72 54 53 42 12 77 27 25 69 21 118 4 108 104 7 38 62 50 84 110 56 55 115 120 104 23 43 119 106 8 22 39 61 74 83 54 86 86 95 89 12 89 57 59 120 5 59 88 24 111 60 77 73 1 14 4 24 31 100 104 51 113 11 118 1 56 53 114 56 48 59 95 54 45 72 58 38 83 41 33 6 16 114 78 48 64 107 95 77 85 45 21 100 39 77 7 94 10 38 64 105 38 103 121 75 45 81 25 30 17 117 23 51 57 3 25 63 64 110 105 98 118 13 63 21 5 39 36 5 113 54 88 18 59 28 62 114 64 59 27 22 2 40 111 35 100 77 83 74 61 65 70 60 56 91 65 15 56 6 81 88 55 88 104 32 18 4 118 81 23 42 109 47
283 563 46
72 150 98
333 380 18
702 76 76
672 705 2
378 276 24
460 761 49
478 386 49
606 544 65
499 699 32
522 753 56
142 199 28
477 788 37
44 358 86
431 506 58
251 158 67
60 279 105
670 290 116
186 598 47
372 267 115
376 146 76
648 712 31
807 680 76
727 408 110
812 853 76
797 486 106
382 861 103
851 609 39
473 141 116
215 564 85
210 570 19
89 616 15
436 810 85
87 355 111
203 277 57
844 775 34
866 33 36
650 494 94
383 317 108
347 877 72
189 811 96
758 543 20
563 46 102
450 860 112
526 147 63
537 449 59
395 567 23
321 352 100
535 624 49
429 518 57
490 243 43
305 301 99
245 446 75
38 654 83
357 394 64
794 431 14
307 247 30
301 231 33
318 872 121
456 520 2
808 341 109
440 855 117
515 429 28
687 64 21
484 702 73
452 297 110
688 451 115
302 586 96
293 385 13
336 304 83
46 367 42
271 843 88
151 452 100
621 874 31
134 571 83
119 44 41
377 274 36
393 419 28
346 92 16
361 387 1
380 43 70
312 358 64
747 546 48
610 825 88
630 820 33
558 792 82
547 91 1
404 798 105
336 213 18
823 856 14
292 340 93
569 305 115
138 742 121
268 244 22
191 204 106
779 688 42
317 496 105
78 778 107
579 51 39
652 655 73
275 273 112
102 230 19
258 769 23
157 522 90
120 314 60
390 662 79
539 110 69
111 723 97
216 123 82
244 727 104
654 322 8
35 144 65
871 335 16
615 596 95
285 878 101
240 472 63
310 281 88
853 738 115
325 832 55
442 625 31
425 291 52
93 765 44
381 857 40
395 305 43
714 672 74
33 694 64
566 562 28
710 758 63
590 721 44
82 108 83
250 813 55
876 172 66
275 732 77
875 409 46
353 272 95
280 292 68
173 286 77
324 629 106
819 262 71
432 764 20
421 190 119
591 366 37
272 348 36
230 343 63
282 479 16
449 577 70
289 257 37
85 107 97
462 434 43
249 278 110
158 627 94
459 129 83
187 690 10
720 550 113
528 90 119
236 783 3
53 193 76
847 606 113
682 457 25
620 134 25
327 189 76
420 526 116
378 330 7
423 215 5
280 354 62
223 126 47
96 724 88
741 578 23
373 219 109
814 252 53
828 324 33
506 404 105
350 117 13
447 534 111
468 303 66
642 145 41
86 667 30
502 585 54
623 113 1
776 239 49
578 631 95
358 351 81
434 454 118
413 621 120
298 600 78
837 79 30
256 116 67
787 430 49
282 342 90
740 260 99
559 545 41
660 841 11
344 785 40
98 298 64
861 530 45
81 334 107
690 397 46
181 720 101
617 426 65
777 583 3
491 185 96
656 407 69
867 371 7
543 413 38
198 514 115
872 467 22
205 416 34
49 703 47
780 412 20
709 302 77
300 589 21
313 640 17
438 650 64
277 206 18
335 75 40
392 350 9
369 309 57
110 622 100
355 360 62
331 393 49
753 398 16
228 187 58
69 106 65
355 776 2
231 646 20
824 184 112
572 194 102
288 383 107
531 458 119
317 289 27
272 787 36
677 759 80
160 847 20
320 37 90
84 487 14
582 132 11
721 359 34
190 151 49
646 198 93
353 130 117
374 182 103
754 271 105
647 60 74
156 214 111
305 779 101
750 432 66
369 293 91
437 668 91
482 320 20
354 343 55
384 292 68
764 410 4
362 68 78
323 718 25
39 45 54
146 490 122
629 49 77
397 154 83
361 241 116
242 605 56
118 763 88
783 675 59
278 271 37
786 481 59
548 784 92
774 188 74
184 421 24
316 335 121
568 862 14
628 160 53
326 509 45
329 270 101
676 584 17
136 137 25
500 802 36
56 34 89
241 651 58
154 400 108
705 178 118
550 517 66
466 614 8
693 536 12
302 328 119
100 730 29
730 706 10
347 296 41
852 311 115
92 466 93
835 120 38
330 392 34
857 693 43
370 815 72
417 559 63
34 180 34
340 420 28
706 722 46
281 369 108
685 179 88
619 248 76
358 455 35
849 119 23
732 553 102
58 121 92
877 480 21
273 183 49
674 708 35
734 864 89
322 295 31
800 97 50
520 114 79
521 63 64
553 211 31
856 209 105
315 320 107
278 304 48
296 299 91
274 349 97
195 96 106
268 367 34
135 245 33
697 806 49
791 294 11
276 267 101
168 395 89
339 652 11
411 438 66
169 268 19
139 800 59
394 149 74
185 876 97
698 691 100
507 868 38
593 415 121
182 403 93
292 373 30
279 212 122
576 713 27
127 315 1
580 217 93
83 361 9
113 665 98
99 854 87
678 295 63
735 35 10
167 539 82
333 529 104
233 510 67
592 433 117
719 595 97
457 376 111
330 342 104
513 363 98
71 603 4
878 156 64
188 560 37
379 278 94
805 32 24
383 384 116
297 162 10
295 850 87
67 192 4
715 256 49
583 368 61
348 389 114
488 173 34
196 608 72
565 834 110
634 125 24
495 95 101
770 362 112
843 659 53
570 719 77
760 375 16
689 498 110
126 513 44
838 422 75
354 524 70
351 714 31
122 73 94
475 555 80
349 324 8
211 617 99
717 805 22
364 677 84
465 875 18
308 767 118
57 656 79
218 396 36
708 824 63
76 261 105
746 462 1
597 81 40
567 469 81
627 338 32
267 548 21
785 505 15
109 489 67
745 464 5
222 384 41
416 167 116
738 427 41
234 670 60
51 148 117
314 290 29
433 197 63
339 287 111
504 478 111
795 848 91
343 333 69
525 588 30
612 519 43
387 377 30
400 538 107
357 865 83
274 196 11
293 635 15
644 869 2
439 71 52
574 755 86
441 176 110
253 337 84
296 69 7
194 80 13
541 465 91
392 473 122
101 673 30
346 355 118
199 392 35
239 372 102
366 307 34
97 364 114
398 82 56
751 122 55
680 685 87
319 362 62
453 704 84
212 701 1
703 111 99
793 152 22
862 842 70
304 323 52
463 613 66
765 762 89
270 303 23
544 78 24
684 837 54
749 216 2
527 428 3
804 786 79
303 599 95
177 817 16
498 168 15
379 53 35
692 138 55
165 516 55
443 233 81
602 350 111
276 312 112
725 307 111
675 57 86
608 644 51
472 447 87
121 333 23
310 40 47
389 249 67
551 309 5
207 226 113
393 317 58
63 264 34
483 870 66
372 626 8
237 867 96
326 293 107
542 200 90
214 470 3
640 661 102
65 203 66
759 477 71
778 201 29
179 56 91
363 306 119
864 587 19
315 565 96
773 153 120
318 361 89
865 736 67
175 658 91
575 671 7
266 461 103
290 83 94
594 695 70
625 109 57
252 118 8
349 739 11
364 375 17
480 47 116
324 316 52
557 737 100
836 748 17
742 836 82
385 319 66
352 782 89
487 715 57
108 852 9
246 159 120
104 87 64
782 58 110
388 474 16
287 357 68
66 851 110
850 378 42
288 284 50
562 175 36
141 99 73
269 322 84
332 280 73
387 471 52
479 389 89
37 385 122
287 678 109
309 266 3
259 112 93
226 573 120
338 268 73
868 417 46
150 696 4
221 725 15
332 255 29
671 405 121
209 38 44
295 359 81
291 284 122
172 289 109
691 391 114
603 611 113
174 258 119
726 435 82
36 528 112
584 532 22
700 663 33
117 177 58
322 717 8
736 541 58
486 399 64
68 89 43
858 523 6
683 497 66
75 313 80
183 493 67
137 793 103
342 277 117
427 623 114
48 224 85
32 731 40
365 871 64
641 669 12
238 425 27
511 164 100
396 103 62
611 828 87
822 406 15
699 485 106
365 370 15
170 186 112
514 809 97
299 368 16
534 537 14
352 339 35
636 218 9
206 833 86
492 450 17
391 741 38
766 558 35
348 676 69
80 380 62
64 684 99
79 620 34
229 859 37
761 374 61
555 401 94
510 142 41
334 757 89
444 55 41
673 336 41
713 561 71
781 569 117
454 591 112
729 100 63
313 310 88
94 325 36
90 607 90
798 697 87
390 365 69
771 246 56
768 515 65
626 604 85
341 314 36
661 634 23
112 345 75
840 468 78
821 165 105
731 734 52
148 766 19
144 312 110
367 804 80
308 353 67
524 259 6
643 483 108
273 321 27
410 540 31
128 369 46
201 316 4
820 61 49
323 381 113
409 441 7
588 72 64
788 288 115
270 143 14
664 439 45
834 240 68
573 744 40
589 754 70
114 796 74
474 387 122
464 827 110
599 285 56
415 773 50
401 628 99
848 85 69
50 768 23
265 814 80
124 863 7
451 679 63
790 597 74
631 488 3
540 229 48
712 790 122
445 115 95
340 283 120
512 273 13
564 533 26
418 42 10
45 807 16
225 653 69
809 448 21
757 86 42
217 300 53
257 360 86
461 535 17
277 391 75
289 269 92
380 336 108
328 329 24
724 521 13
496 155 100
586 501 75
476 453 42
334 297 64
77 566 78
505 74 47
430 740 113
458 831 73
663 745 47
261 582 29
560 346 70
232 639 109
618 357 98
632 649 63
806 254 75
667 460 25
388 332 63
471 328 72
366 365 39
91 411 15
377 170 31
43 789 82
722 698 67
356 363 58
842 648 45
662 270 68
40 339 42
827 568 95
494 210 42
204 512 104
131 208 95
375 729 71
405 250 17
422 340 31
801 228 10
545 98 96
855 482 76
133 733 44
762 352 107
335 300 17
321 223 66
596 414 66
343 181 41
701 823 40
649 777 94
200 549 83
517 636 25
283 372 87
533 263 26
298 294 59
376 346 32
227 382 97
31 59 31
707 437 93
686 502 24
435 253 110
262 238 22
711 227 61
826 839 78
813 459 38
106 191 99
743 849 2
368 424 109
784 225 11
123 507 69
363 311 65
792 310 7
538 592 32
394 374 35
382 325 60
695 283 99
301 390 44
665 351 33
870 442 57
829 491 107
818 393 104
328 394 69
622 94 33
267 371 61
832 707 54
624 602 94
767 232 40
874 647 73
873 557 106
481 41 3
556 65 19
637 347 80
744 84 78
269 463 6
279 275 91
147 274 108
869 272 75
345 378 96
61 265 41
467 124 22
581 66 22
360 838 66
178 379 27
470 161 51
294 619 113
341 674 121
716 780 117
577 525 118
529 169 6
516 556 106
345 630 46
314 205 57
386 388 8
657 356 54
162 797 71
47 812 47
304 140 96
155 344 17
290 379 5
105 657 23
368 331 36
115 475 56
407 131 120
370 344 4
609 390 24
54 726 59
74 220 7
176 743 113
554 39 29
549 139 35
307 286 103
95 746 81
59 750 63
208 135 63
219 808 77
523 327 71
859 133 15
284 756 85
311 70 73
164 527 119
426 222 53
679 638 60
312 88 73
338 236 48
337 492 33
381 279 9
362 373 55
248 281 56
299 552 38
297 308 81
356 846 73
802 572 43
532 105 31
561 615 120
789 54 28
309 593 9
371 315 72
271 386 65
192 508 56
860 326 40
614 799 20
696 632 78
153 163 88
163 418 82
854 601 16
446 575 51
286 174 80
530 242 74
220 700 37
503 858 1
103 819 100
224 440 72
552 681 91
140 423 60
816 381 81
704 102 34
385 641 93
367 376 100
571 781 19
202 377 59
247 751 46
255 747 114
116 835 4
70 52 23
659 791 112
748 771 114
831 645 19
197 511 90
130 590 64
803 287 48
132 299 20
718 772 22
638 67 118
143 349 87
601 542 110
414 308 37
485 829 60
651 251 80
501 402 94
350 356 99
815 171 38
755 728 14
428 296 78
587 821 109
125 127 23
412 580 31
55 643 39
166 633 108
325 347 122
291 341 23
161 157 32
399 618 76
546 709 1
799 443 16
41 826 39
469 166 116
374 318 94
284 382 92
303 366 33
733 735 93
327 395 63
841 318 35
737 128 74
669 388 40
129 323 89
306 581 72
728 642 48
403 760 35
285 327 108
286 313 94
281 195 40
509 794 56
536 873 87
375 326 98
88 499 82
655 275 12
863 594 70
107 576 50
600 551 89
613 221 43
263 660 71
254 579 24
300 298 62
616 50 45
839 266 113
497 484 11
604 235 99
384 282 65
386 866 60
489 234 4
294 334 60
605 503 33
360 345 96
320 306 62
42 354 64
595 711 107
811 207 30
763 664 22
62 816 111
796 840 19
52 574 95
311 285 43
723 93 121
810 686 46
73 845 84
402 687 101
243 445 12
756 710 81
213 330 48
408 770 75
193 716 51
455 774 34
817 456 68
448 666 104
658 202 77
694 749 41
260 803 34
406 269 15
145 31 83
371 683 72
668 610 122
329 531 82
316 301 81
653 692 98
319 321 6
337 302 19
344 288 88
424 822 103
846 353 99
739 101 102
159 104 23
775 818 4
342 48 74
845 500 106
518 689 75
635 495 65
389 276 14
359 801 109
373 291 35
266 364 38
149 612 70
639 332 93
633 436 54
152 547 4
508 504 43
519 77 12
171 444 36
331 476 11
493 36 36
645 280 25
264 752 37
830 329 57
391 337 46
666 237 29
180 844 36
419 682 12
598 637 37
607 795 17
351 338 78
235 830 80
585 554 110
306 282 106
833 319 86
752 370 79
769 348 20
681 331 21
359 383 7
825 62 90
772 136 61
