9 68
38760 28221 35615 2592 45535 45507 15068 12698 28575
2 4 16927
5 7 6432
6 4 29816
7 5 12720
6 8 44232
9 2 41498
5 6 20779
9 7 40541
3 5 12662
9 1 41875
5 8 36964
1 2 21925
6 2 40389
5 2 42424
5 4 35823
5 9 70
1 8 38920
1 5 20893
2 1 19899
7 2 21626
2 5 365
4 9 3941
8 7 30083
4 7 12098
1 7 1192
4 8 21386
3 2 39775
3 9 17100
3 1 33691
8 5 35753
9 4 31440
7 9 13391
8 2 38266
4 5 27247
8 6 15216
9 8 24610
6 5 11844
7 1 14083
2 6 42840
5 3 18468
8 9 8109
5 1 17131
3 6 35491
7 6 39556
9 5 12598
4 6 37339
9 6 6587
8 1 36651
3 4 20798
4 2 12538
2 3 10750
4 1 3894
1 6 357
3 7 16370
6 3 39741
6 9 40282
7 4 1404
2 9 44853
3 8 5211
8 3 38313
7 3 29572
4 3 41397
1 4 44564
7 8 38328
8 4 2361
1 3 34710
6 7 5531
9 3 18457
