150 437
2234 948 2668 965 1878 1878 1150 506 370 2745 1915 921 1422 2654 2112 1328 2549 2143 2170 1235 815 1412 332 526 1195 1965 327 1842 2217 1590 1417 2231 2180 1299 1217 2345 2414 1674 519 2358 2103 558 846 511 1956 2521 218 292 2436 2598 1139 761 272 2013 1036 2184 1134 2001 1902 799 2693 2500 131 1201 1066 1042 1929 1242 1520 609 1700 1357 2625 494 89 2253 1985 879 1648 2585 1592 1680 1975 2667 2296 251 2095 1855 364 1939 1565 683 995 55 1503 547 1880 2151 1611 2430 310 2585 900 1937 1736 403 2555 1263 2723 2797 880 1718 1956 2664 1761 638 2087 1432 2373 836 1001 1717 689 2024 690 1859 1565 948 1731 40 2079 2006 343 939 2415 1869 1126 1698 1171 1628 1101 2338 2556 33 76 2789 1646 1285 727 1646
100 67 2169
73 98 944
82 133 1276
43 61 757
106 84 2251
74 69 709
60 93 2319
110 128 1380
86 91 1943
116 88 1649
139 82 1022
23 21 165
58 107 627
118 93 1967
119 104 1511
48 98 148
118 86 1034
122 125 2325
86 90 171
54 57 881
142 52 1437
92 113 943
140 57 1149
69 71 2429
112 99 1522
143 133 169
134 85 903
68 82 3
137 38 1672
63 79 1734
77 107 1220
114 123 1156
49 111 802
52 77 926
133 68 512
74 104 456
67 105 1893
96 76 1989
31 91 2236
132 50 709
41 65 1458
76 89 793
92 73 2117
38 85 1576
72 73 2166
97 141 118
48 139 2748
92 99 2101
77 81 670
68 121 1762
59 53 1719
64 117 380
87 110 2211
52 93 2514
127 46 2228
28 34 231
119 126 183
78 77 732
80 88 2357
62 114 1281
66 69 290
51 55 292
58 86 1695
117 109 20
71 89 1359
39 137 384
66 132 2504
87 86 2343
65 140 149
99 95 1776
56 122 1780
76 66 676
21 29 1627
141 135 738
125 113 1674
116 117 2327
41 92 2152
78 100 2435
47 87 1260
85 64 1427
77 120 1242
40 118 472
16 20 397
36 50 1645
86 72 7
110 72 1197
99 62 1260
109 40 979
130 123 132
75 87 2184
114 104 826
128 112 825
133 44 24
120 131 102
53 92 1536
82 27 1882
112 80 586
107 44 298
109 118 552
93 40 1456
47 61 737
70 108 2647
105 84 2217
130 124 2420
89 56 2338
81 87 1737
116 119 2536
107 80 938
124 92 1175
57 29 1441
75 48 1847
127 77 888
72 82 1878
32 23 1149
55 63 1290
115 78 2700
85 65 930
114 64 2071
78 112 678
98 39 1439
79 55 2076
77 58 2243
66 31 2672
135 143 2033
116 62 1542
93 79 480
129 130 947
44 37 978
86 51 903
35 27 2419
95 68 2571
101 60 1435
57 138 358
113 101 139
117 81 1647
50 85 486
140 144 797
95 91 1509
134 135 1210
144 127 93
65 97 2421
119 112 2535
49 71 1688
91 78 1785
33 88 293
90 57 1016
57 140 1365
112 103 2224
91 68 163
56 83 2408
93 78 1173
93 63 1740
121 59 636
86 56 2208
103 141 209
95 85 499
81 105 1597
24 17 1816
140 107 1735
135 63 1942
39 52 2372
51 89 1121
64 47 2032
37 53 2198
133 138 2100
41 71 1214
77 124 2087
85 69 233
118 66 2420
91 66 2486
102 38 1759
55 62 983
25 119 2727
94 79 1807
131 116 956
93 36 1702
81 84 2751
57 89 2664
100 78 1129
106 51 1392
121 116 1414
79 98 2283
80 77 1399
56 109 619
46 51 1355
94 39 2381
79 101 429
85 47 252
44 45 1505
28 103 992
99 129 1442
70 54 1281
80 30 1488
61 94 2349
63 119 610
49 74 535
125 118 470
24 73 2584
58 74 1383
126 96 1071
106 67 2237
70 90 997
68 83 111
73 67 2707
125 47 1865
75 124 2037
43 129 1697
60 81 2203
50 134 993
111 48 1286
95 142 2509
34 32 1140
141 83 1740
105 56 8
89 59 2465
89 84 433
90 28 593
67 75 433
103 88 1298
62 55 2119
40 136 1864
135 130 1186
48 142 2608
59 90 22
46 131 2277
88 64 1750
74 93 143
71 44 950
63 103 1261
71 79 1077
51 73 993
108 45 1779
101 90 33
45 59 470
79 80 2317
83 50 2572
115 79 1241
72 114 715
69 49 782
45 102 187
65 81 323
75 55 2768
64 74 1621
88 70 799
103 86 2688
46 63 1668
94 101 2304
123 132 1604
59 106 2114
132 82 193
38 25 2486
87 94 1941
98 42 2422
47 43 1159
54 84 2673
84 70 193
122 137 1282
69 83 1788
48 54 1684
50 61 898
115 131 551
26 45 2771
29 114 959
80 42 638
29 16 1032
141 136 2629
124 53 1416
63 60 302
94 102 452
105 86 2779
27 23 2025
102 120 197
69 59 2266
108 47 1167
52 106 477
111 117 712
109 111 259
60 67 1492
104 95 725
62 100 2695
123 122 2062
113 126 2000
81 52 216
91 85 849
42 130 1355
128 97 1148
136 43 1269
126 116 1755
88 77 2770
94 70 1986
118 120 1859
88 54 662
63 58 734
98 71 1409
104 46 811
47 108 1235
80 95 613
124 121 1823
83 74 564
97 127 1887
119 61 576
78 66 1664
68 65 2579
53 56 2576
82 78 1680
83 80 764
72 127 2325
72 115 2552
61 46 2439
121 64 1507
75 96 545
132 125 2434
90 121 2194
126 142 374
129 87 1240
49 92 1472
110 105 2744
113 137 2649
69 72 2612
73 89 2487
68 76 2772
142 73 1765
131 49 402
52 48 2763
100 125 2189
76 75 1858
78 96 2582
73 52 407
97 70 2617
96 99 1989
100 92 1239
67 64 36
90 80 166
122 108 2163
34 41 933
22 35 1276
74 75 578
130 69 2593
55 95 2343
129 60 2459
138 141 146
108 96 2600
137 41 2393
61 115 2615
87 65 616
30 19 840
123 135 2372
120 91 2723
59 65 69
51 110 91
30 60 693
42 116 239
84 87 2332
64 76 1031
79 63 552
104 71 1778
120 43 2288
60 118 515
61 126 2644
117 123 2798
95 97 2021
138 94 146
66 49 757
76 72 1361
19 25 1919
20 30 1705
139 132 1077
102 143 1319
120 119 8
32 31 2276
23 68 1102
143 58 1830
107 76 408
50 67 2173
67 113 321
136 129 1198
45 100 1506
64 42 1113
62 48 1675
85 109 2626
43 72 1924
137 140 2312
139 41 1198
96 34 633
111 82 305
90 100 1218
82 62 1449
84 33 432
33 28 95
35 111 956
74 68 203
26 33 1087
65 115 2381
66 75 3
70 110 1279
83 98 749
91 57 2261
31 24 2308
131 134 1141
134 74 972
97 91 387
65 70 631
44 49 960
83 120 2213
89 35 139
89 66 1592
55 138 2662
76 95 2005
18 26 978
136 106 841
17 22 2808
71 134 1513
127 128 1414
87 136 2425
58 93 182
84 58 492
81 75 1946
84 94 2624
101 97 443
27 69 2679
67 139 674
96 53 2147
54 122 2161
98 102 2276
88 26 941
99 54 1216
73 76 568
142 117 2665
53 99 1220
25 18 2009
53 51 1636
71 50 2185
128 139 1833
54 24 991
92 88 1797
42 128 1186
92 32 723
