14 134
2264 23668 8899 1026 11742 21955 3755 5580 17878 12952 3426 8112 3510 27937
6 3 11747
7 11 11322
8 2 28297
13 8 17370
7 6 18439
2 3 17397
13 12 27564
11 5 25170
8 7 15947
6 1 6343
1 7 10503
10 13 15427
12 14 20418
7 4 14357
1 3 9896
5 6 27485
7 14 4332
3 7 27459
8 12 24013
5 12 14785
10 6 25849
11 2 27734
12 3 19379
9 5 19359
2 7 20455
6 10 8650
14 6 19170
11 4 15935
3 10 7367
8 13 11504
7 3 16313
13 10 5420
2 9 11271
2 10 10032
10 8 7457
2 12 22189
11 12 9888
3 5 18681
6 13 22221
14 9 23730
13 4 15988
13 11 19784
1 2 8262
6 5 24628
12 6 20080
5 2 7746
5 3 27719
10 5 11581
2 8 27474
2 6 9397
14 13 27485
5 11 13043
8 14 101
4 7 8314
9 11 604
3 1 26241
12 7 4588
4 8 1093
4 2 15121
3 4 13215
9 2 6974
8 6 17641
3 8 27994
10 3 16673
3 9 9848
12 4 10278
7 2 6843
9 7 3723
8 3 11077
12 10 12595
6 7 26965
7 8 17953
7 10 10722
6 14 8683
1 13 19396
6 12 24864
9 10 5795
5 1 19243
3 6 3089
4 9 18909
5 9 24656
11 10 7146
11 3 11326
4 5 2894
1 5 9850
2 1 9614
7 9 7466
10 1 9371
6 4 17619
3 2 344
11 7 9894
7 5 3359
9 4 20056
9 1 13812
14 12 20888
4 10 10012
13 7 16491
11 9 17920
8 9 23436
11 13 24627
4 11 14115
10 14 27394
8 4 1081
5 4 23426
14 11 8540
9 8 20747
12 8 3674
9 6 9132
9 12 1587
8 11 22507
13 9 12033
10 7 22822
8 10 27598
11 6 6036
5 7 20173
13 2 4702
4 3 23702
12 11 23845
10 4 20118
9 13 5625
5 8 3779
9 3 20394
5 13 1306
2 4 9024
6 8 4304
4 12 26265
10 2 22188
10 11 11820
12 13 14422
6 9 15712
8 5 21406
4 6 14219
10 9 13120
11 8 7039
