20 234
2975 1725 5517 7292 7248 4017 966 6861 439 1523 4446 6258 336 7212 5737 2420 2061 1495 1992 5588
19 18 3051
12 16 4824
10 17 4184
13 4 3451
15 8 5615
4 2 5346
3 2 6104
10 12 3298
3 14 2747
4 3 831
13 7 4486
4 7 309
14 6 7166
16 12 5567
4 14 2451
8 13 2250
8 9 826
4 9 5960
14 2 6950
6 4 4922
2 8 255
14 12 7140
12 6 832
19 20 4930
16 18 1848
6 7 5474
19 8 6686
1 8 6391
17 14 5820
9 3 299
16 3 2177
15 7 1834
8 6 4662
19 16 7372
5 10 6435
9 17 1785
18 20 470
15 19 2895
9 11 2188
18 5 7721
15 4 1183
10 16 6001
6 8 7054
14 19 4980
18 12 2509
3 6 6789
6 9 3941
6 11 6069
6 2 581
11 8 4066
8 3 1226
5 14 647
17 19 5578
20 16 4400
7 9 5045
16 14 4304
11 7 7586
17 15 6075
2 3 762
4 16 7054
13 16 3383
16 10 1045
16 17 5177
16 13 3629
19 13 695
14 17 6818
13 18 4493
9 7 4780
5 11 872
11 17 6869
6 3 7347
12 10 2716
13 14 3592
12 14 3048
6 16 5451
9 15 480
1 4 2005
7 6 5821
6 15 2673
10 18 4117
18 10 3779
6 14 1576
9 19 4450
5 6 571
17 2 6243
12 13 6408
8 7 6209
4 6 2406
2 11 759
15 12 1009
16 8 3810
7 15 288
10 6 6831
16 19 1143
17 16 257
4 12 6527
12 9 7605
20 9 5374
6 1 594
11 4 1462
11 18 2592
15 17 861
6 12 542
5 13 4316
7 14 1410
7 10 134
18 15 6044
3 18 58
20 10 3412
3 15 2580
19 12 1232
3 5 6697
8 12 5691
18 14 4513
7 8 2112
8 11 7245
13 9 1950
6 5 3267
17 18 6910
20 14 1425
10 11 2779
14 15 5429
10 3 4307
20 18 1441
14 16 1107
11 19 7137
8 5 6632
2 4 1527
18 19 6432
12 11 4887
7 2 2422
15 10 6471
6 10 3138
1 2 6132
8 19 5050
7 11 2476
13 3 6279
13 11 5271
20 17 5366
10 8 6927
19 11 7168
15 14 2168
9 5 3626
2 13 2984
18 8 2894
8 16 3547
12 8 2227
15 9 6828
4 8 3441
19 14 6298
12 17 2013
14 13 1934
7 16 4559
19 15 1049
16 7 1990
14 10 3433
11 12 2354
3 4 4224
8 17 7283
11 13 4613
15 16 3190
11 14 3762
7 5 3825
18 16 1592
10 13 5937
17 11 4801
7 19 3580
10 9 4943
11 9 187
3 8 6966
18 11 4099
9 6 2115
15 11 78
20 8 4475
4 1 1393
7 12 4319
13 5 4323
12 15 2440
8 10 6798
15 18 5261
10 20 2434
11 3 1095
5 3 6786
10 4 7713
13 10 1645
17 20 1403
5 7 1353
15 13 4817
5 8 7418
3 10 6379
14 9 2955
14 4 2370
2 10 4540
5 12 4187
20 19 6414
4 5 3738
13 20 6563
13 15 6930
9 10 1057
17 4 5907
18 17 1281
14 11 2718
10 5 6382
14 18 970
10 7 82
5 4 7161
11 15 4376
13 12 774
5 2 5857
17 13 1727
2 5 1190
9 16 660
8 15 4386
17 12 3664
9 4 4254
11 10 7665
19 17 4138
10 14 619
4 10 1119
13 17 843
7 4 6733
9 20 5319
14 8 1507
16 15 3995
7 1 6550
4 11 7320
19 9 6790
19 7 1490
2 1 2858
15 20 1769
2 17 5679
7 13 2166
3 9 5886
12 18 249
