42 328
964 1206 993 378 181 695 963 508 952 724 486 1165 1720 710 119 358 1231 1467 1730 616 1682 533 147 909 1263 983 844 1538 1421 729 176 637 946 1305 1055 1462 834 20 901 949 1255 1618
13 6 915
7 27 267
13 24 868
12 13 1386
23 5 334
23 28 1335
7 13 603
24 26 769
15 12 93
7 8 135
27 24 1591
24 38 1201
7 10 1426
27 28 464
5 25 159
11 12 1306
5 34 985
16 9 475
5 10 532
20 18 1494
35 6 194
16 33 579
31 18 439
10 36 1655
25 22 1205
3 28 1729
4 29 1324
6 20 1346
6 29 359
28 31 1366
22 24 999
23 26 1080
17 16 38
18 17 635
21 31 298
13 7 405
24 17 717
11 6 1226
11 8 467
13 21 1242
11 26 811
26 24 353
10 8 870
32 29 818
8 10 968
34 32 466
19 30 496
20 23 632
11 2 271
23 17 1036
34 7 922
2 18 1605
29 36 1647
12 29 1239
22 35 1741
28 24 1379
35 30 522
20 26 1662
33 34 1274
19 35 23
28 33 1453
22 29 1187
19 27 1038
19 18 645
21 25 1215
12 2 783
18 22 1178
11 3 1118
29 33 998
28 26 1107
10 19 1296
13 5 974
29 27 1279
21 23 1201
35 31 1371
8 4 448
26 5 354
32 36 46
13 31 769
26 27 824
33 27 1009
3 6 1627
6 7 1506
12 14 1636
28 7 1126
21 16 1264
36 31 1433
23 30 1679
35 14 1379
27 18 1587
6 26 920
17 12 443
26 22 1410
26 34 690
5 17 1730
15 11 524
25 33 241
1 15 88
16 23 1369
22 16 185
40 35 1021
20 9 469
28 23 1294
6 18 379
15 24 339
36 33 151
30 33 397
9 30 1210
18 35 882
7 4 1004
30 19 1524
18 21 1613
22 25 101
18 26 10
7 6 1653
27 10 437
33 30 197
14 13 822
4 3 756
18 24 58
9 8 56
8 7 1477
23 20 1265
12 7 566
17 27 1236
6 15 908
7 12 1739
23 11 1116
26 15 79
8 9 1255
25 19 1310
1 30 45
23 4 648
15 21 1247
27 19 1563
26 6 326
17 10 558
31 37 738
9 21 36
32 28 1233
16 5 800
15 41 201
26 32 683
19 13 1310
20 36 574
13 14 211
22 18 758
17 22 1167
28 39 1626
30 20 824
30 26 797
19 21 1496
26 12 874
30 31 1137
20 19 745
11 17 989
15 10 20
24 7 551
38 16 356
33 26 1650
30 27 1153
16 28 1452
15 5 283
25 36 67
20 22 1706
37 23 1723
23 10 1535
7 16 1296
9 2 330
41 20 1450
10 27 1377
25 21 376
34 31 925
18 1 548
9 5 903
32 27 186
32 15 1003
27 26 906
14 25 1465
37 29 128
34 30 832
30 28 1171
32 22 1498
11 29 892
27 3 1015
17 21 547
11 23 1190
27 33 94
13 18 1740
26 28 1735
27 36 1048
27 35 955
32 25 60
9 18 1723
29 19 474
3 13 455
2 3 381
14 4 229
24 11 199
28 16 1002
7 18 820
33 24 1174
24 5 1602
29 32 1543
22 15 533
18 11 1258
16 24 1436
32 23 1292
16 14 369
26 16 22
24 19 1375
34 28 1175
9 22 374
13 27 1027
33 37 217
25 18 1064
30 17 1135
22 27 596
39 31 783
21 20 1100
31 23 864
34 25 1367
19 10 980
37 19 245
31 29 257
30 11 1150
20 8 658
21 22 1138
2 20 1325
19 14 399
21 3 1407
34 35 274
26 29 110
36 13 674
8 20 30
25 23 1244
36 35 142
19 38 34
22 1 545
34 21 1213
29 28 431
33 28 1137
24 25 1054
12 21 393
8 14 400
31 35 302
16 8 821
31 22 644
10 25 1113
24 9 949
22 9 166
22 12 199
22 7 575
22 20 914
31 11 840
25 30 1082
12 15 1723
28 32 905
29 30 729
31 32 1044
8 16 200
5 30 1312
28 27 1042
15 22 74
32 33 81
27 25 1726
14 21 983
21 19 1380
27 22 1307
11 10 452
25 26 1639
23 29 1468
5 24 11
24 36 923
4 34 784
32 9 647
9 13 437
19 15 1035
17 4 376
36 32 1511
34 29 1470
10 11 1213
29 9 212
14 17 1564
11 21 928
31 20 1219
28 20 1219
17 32 1639
17 28 832
31 33 1493
5 13 454
26 20 83
25 13 1435
3 17 469
6 24 430
15 27 1452
20 40 27
23 16 298
21 29 48
19 31 147
18 14 488
12 23 542
20 31 266
3 10 494
35 34 285
9 27 1357
36 8 1373
14 12 338
9 14 451
22 26 175
10 6 1154
14 15 361
38 11 133
17 24 876
10 9 115
14 26 1230
30 34 692
24 12 332
24 32 1454
30 23 135
4 8 520
33 17 420
29 23 679
19 7 1657
10 28 635
27 12 820
35 28 1354
29 17 1598
