100 444
376 433 552 25 365 295 446 115 483 463 104 341 92 7 379 164 351 111 261 281 94 532 199 172 129 555 460 206 177 465 541 302 227 64 77 56 166 437 462 2 478 272 342 379 583 502 303 325 498 382 433 16 463 112 102 327 269 218 407 516 109 109 376 187 434 224 235 117 570 47 583 209 436 65 137 501 408 320 473 571 605 443 499 548 588 221 264 436 161 530 521 522 304 222 570 561 248 125 601 546
23 55 316
36 47 610
40 70 429
59 93 52
45 42 614
30 21 25
27 12 271
42 51 209
23 34 79
40 71 210
18 50 285
53 54 417
62 50 528
46 65 224
35 50 171
67 36 237
60 64 486
70 79 245
71 43 502
49 59 421
93 95 215
70 58 347
76 59 362
57 52 245
52 72 73
58 66 360
49 83 547
77 62 485
26 61 267
26 62 504
97 88 331
50 57 135
28 32 598
37 38 603
5 15 634
41 32 112
73 47 551
77 78 484
60 67 556
25 63 207
42 36 469
42 74 608
19 67 486
65 34 28
63 62 518
36 53 252
16 28 174
63 19 3
34 26 634
39 23 282
71 27 17
13 20 241
44 64 470
62 22 395
67 35 435
52 59 110
53 50 469
64 47 402
50 77 541
26 16 519
47 67 641
68 49 105
48 33 599
75 74 58
43 64 501
27 39 295
31 41 422
99 89 294
50 73 518
81 57 579
72 88 385
48 40 80
59 68 308
89 46 158
44 42 385
46 38 331
14 25 295
63 48 625
28 74 35
68 24 392
39 51 411
60 77 384
45 26 369
6 2 367
56 49 67
9 39 248
47 58 283
69 31 336
35 23 495
57 49 194
57 32 40
91 49 105
66 72 623
57 68 25
96 90 134
64 63 123
38 7 198
60 72 635
20 40 65
23 21 583
39 20 470
80 54 457
25 59 459
55 40 431
54 66 508
21 66 376
50 49 404
66 62 132
74 67 236
64 30 247
60 44 492
41 29 343
24 43 462
28 3 605
36 18 225
70 24 577
62 75 208
37 73 583
94 93 110
2 35 375
79 47 315
68 18 456
91 93 344
47 33 616
46 35 503
47 44 142
61 69 119
64 56 353
78 55 372
28 57 611
47 81 445
59 53 270
33 55 588
31 65 569
27 77 141
96 97 582
30 28 16
65 69 528
63 54 378
30 37 171
63 40 440
52 49 621
90 96 340
82 70 345
25 22 42
42 53 598
67 61 272
44 66 382
63 68 355
38 26 79
37 56 280
42 24 279
61 32 190
68 57 237
56 53 30
38 19 312
42 43 340
31 1 300
21 24 400
43 51 279
77 39 509
65 71 566
71 68 593
92 85 349
94 90 481
58 56 44
34 46 580
33 30 444
52 74 506
63 44 578
61 78 639
80 56 612
41 38 161
19 33 618
68 60 209
46 73 302
55 57 119
39 52 207
65 75 99
66 42 545
52 28 26
17 14 529
66 35 195
29 60 102
51 56 621
88 98 183
32 41 330
58 52 570
90 67 294
75 86 528
44 39 128
56 34 242
59 55 348
71 52 497
48 65 286
4 13 85
56 78 619
49 69 477
34 59 184
34 79 559
92 94 249
56 50 481
35 58 150
34 49 525
21 25 607
40 25 66
35 49 637
41 48 155
92 98 299
48 63 324
66 61 279
32 28 142
27 21 593
67 26 248
26 63 271
53 84 416
39 45 192
41 34 451
58 35 527
62 82 447
24 55 236
97 96 22
37 62 281
73 56 23
49 39 375
62 61 495
19 37 542
59 54 113
58 75 443
54 44 65
74 91 443
73 24 163
83 77 109
72 65 556
25 47 596
28 35 583
8 29 481
71 25 598
33 35 417
18 32 366
47 52 500
67 30 445
51 57 489
24 46 392
72 70 592
54 59 312
73 64 341
69 17 132
40 47 555
54 40 113
35 53 537
69 48 284
49 65 478
52 51 631
32 45 203
64 51 324
79 68 563
37 64 314
20 22 310
69 29 250
55 65 467
55 80 262
24 52 434
58 54 219
32 30 513
62 54 393
80 76 313
93 71 428
95 92 69
64 46 447
53 46 572
46 76 303
57 92 387
29 78 379
35 25 519
75 36 500
61 60 44
58 76 444
78 70 77
85 60 311
59 44 319
59 73 40
20 41 287
95 89 455
59 48 67
60 58 134
76 75 316
31 60 593
22 27 279
39 17 148
46 61 10
60 62 339
66 59 44
56 62 355
70 68 181
33 61 68
7 8 80
72 80 258
59 66 350
56 64 285
93 92 311
74 69 457
75 45 285
51 50 631
50 33 76
87 76 386
64 29 169
52 56 187
38 58 608
65 36 334
32 60 177
24 27 227
37 36 216
34 31 79
62 58 381
50 31 327
74 29 83
40 5 470
53 51 640
68 74 405
84 59 449
1 10 379
25 52 573
48 57 220
53 70 506
78 30 534
53 56 103
98 91 16
56 48 285
55 37 310
78 33 346
69 63 412
43 37 475
3 11 366
51 33 4
52 30 38
55 67 510
89 91 435
45 43 598
29 34 206
55 32 555
33 59 589
15 9 44
68 65 467
12 31 37
38 68 601
17 76 220
27 29 30
54 20 442
48 50 222
36 4 34
91 97 492
30 25 444
36 37 541
57 31 514
53 40 341
49 31 482
29 27 94
47 45 252
70 45 264
70 23 364
31 38 140
51 55 463
54 71 233
34 48 281
45 55 271
71 79 597
98 95 275
54 41 295
49 52 527
61 27 146
38 37 49
57 34 284
28 60 636
40 42 101
60 50 185
23 53 465
76 71 132
90 99 171
24 77 299
77 31 520
51 61 329
73 66 131
54 89 61
43 44 429
51 60 296
36 39 291
66 73 387
55 46 180
11 36 75
63 38 346
31 63 17
61 41 598
49 33 297
26 53 14
30 41 441
22 72 547
50 53 247
75 55 398
69 46 525
51 69 264
65 80 200
58 51 391
43 47 83
25 42 485
62 42 509
76 72 425
77 63 368
38 64 404
67 75 128
52 27 378
29 54 1
45 39 184
26 69 212
44 70 73
76 58 615
22 19 473
37 28 280
32 24 343
46 40 107
48 66 565
55 90 457
50 28 476
33 57 96
65 54 277
86 87 481
88 48 151
72 36 348
57 38 628
10 18 438
27 56 293
43 38 273
66 63 570
31 67 623
61 45 171
65 53 48
40 58 453
33 6 383
57 43 156
89 94 541
47 26 2
61 43 546
30 51 127
50 58 75
