104 439
2734 1450 1517 1600 833 2954 3580 3528 3218 11 284 1364 692 86 2122 880 3225 2732 2527 3485 861 3318 963 631 1922 3326 844 1237 2275 332 3966 645 8 1154 3432 678 358 1528 262 2720 2154 3517 1653 2696 465 2050 946 1496 3575 2538 1398 188 295 116 3626 1134 1886 468 274 1584 2217 1660 1440 2786 3385 656 619 2850 2910 3741 1833 74 1698 2867 2018 1911 842 3588 2445 2218 3165 3722 3044 2300 2638 1595 2881 19 1174 2964 738 3834 360 1991 4038 208 3557 1430 3034 208 3917 687 3708 3476
95 100 1925
53 45 4021
81 87 1233
91 70 3705
31 86 1185
42 26 3459
63 47 57
30 33 2352
50 55 295
51 30 432
80 68 1046
41 55 269
35 34 3011
28 46 502
20 40 486
101 90 384
45 52 3609
37 51 578
57 81 1855
26 7 297
34 37 3830
88 42 3623
42 24 1024
75 34 1126
65 63 1623
27 12 316
13 68 222
68 56 257
24 34 3091
43 47 768
74 72 901
31 30 2516
11 16 528
39 53 613
42 36 3668
27 51 2857
21 48 394
67 26 1947
71 60 2520
70 99 183
52 41 1606
42 59 2767
18 63 2505
13 5 1930
58 38 547
19 101 3419
63 61 1621
49 32 3349
48 22 1304
35 32 1559
39 64 3096
18 89 2548
43 5 1892
40 13 1982
21 100 1464
54 43 2827
28 57 3367
95 25 3747
59 29 2917
62 46 3289
66 71 2523
11 39 3874
59 37 1016
37 64 2773
48 55 2081
45 34 189
58 42 3163
29 26 1149
97 28 1233
6 32 2097
30 32 2642
14 35 3593
94 98 2579
41 21 2266
77 79 1155
42 65 638
58 16 370
46 60 1002
75 53 3947
27 46 246
37 29 2268
57 44 3697
23 36 18
16 22 3192
20 50 3438
70 67 2808
43 73 2289
55 29 3347
67 50 1065
49 27 367
51 48 1461
25 13 2320
73 39 1517
5 28 825
36 60 2699
60 47 907
10 11 2882
90 78 3637
72 87 3202
45 76 2987
40 68 907
66 75 1260
58 59 1935
66 87 1732
65 58 1068
68 66 2595
83 91 2359
79 82 1820
36 17 1405
30 44 762
97 95 3789
37 50 1085
56 43 566
57 34 1390
61 95 385
78 55 3891
19 42 3538
50 52 2974
73 32 2106
85 77 2823
86 78 2214
24 48 2222
29 27 3100
78 93 891
64 32 2638
61 60 53
77 72 745
64 43 3142
34 61 2643
28 29 620
12 23 3728
101 69 3759
61 18 1704
52 37 2365
14 10 718
38 25 848
66 44 1493
60 51 953
34 47 2532
25 38 3221
51 75 3756
44 76 3713
46 92 2694
37 19 3377
47 21 692
30 77 771
35 56 2697
80 81 881
90 39 1556
87 66 2378
68 33 1436
84 96 885
6 10 2650
65 51 2079
93 88 1742
49 57 1271
31 67 47
93 80 3410
38 45 2042
52 48 3012
7 34 2160
29 48 1236
43 22 1362
32 37 3926
22 49 3947
96 97 3205
52 45 2794
39 20 3603
92 90 20
55 51 2090
60 50 524
65 62 2309
22 66 3977
63 76 3282
55 66 3135
71 24 3268
69 79 257
34 20 1900
40 47 1196
100 83 2872
79 93 2691
50 47 2737
43 46 342
27 23 1870
68 70 3423
82 89 1129
54 48 2961
99 44 2825
99 80 131
69 25 1479
8 9 1494
47 41 3683
35 29 1190
58 41 3180
75 86 1852
53 43 3982
59 63 1641
67 35 1938
53 66 3004
78 85 2942
49 62 2185
44 61 110
9 6 3632
50 49 2422
94 78 3650
62 56 1546
48 53 3647
50 44 257
47 50 1842
47 67 2428
92 91 2372
32 29 2650
56 64 3328
40 36 500
58 69 2769
46 42 447
47 66 3987
74 70 1402
21 44 193
70 69 1680
76 23 525
25 28 3642
50 42 3902
25 29 2275
76 55 1552
44 41 1427
17 15 2786
67 38 149
54 36 2379
23 64 2623
26 63 2678
26 49 1191
7 15 279
54 66 33
33 69 3499
40 45 573
12 83 2429
82 81 1911
59 12 2968
65 24 569
41 30 539
49 23 943
56 33 1549
61 47 1123
49 36 1807
68 57 3159
81 94 1348
67 75 231
13 14 1540
46 63 400
18 8 115
86 82 3824
41 24 2324
91 86 111
81 67 646
55 31 1507
88 99 690
89 79 3506
23 28 2102
32 52 877
63 69 1675
31 43 190
73 83 1722
24 9 2296
47 31 2900
39 49 2112
59 45 1345
41 39 1352
34 56 3356
20 71 3749
39 16 2276
45 63 428
69 40 3472
29 44 3856
100 74 1262
62 54 154
31 24 2046
62 50 3950
98 85 3521
48 65 1704
32 30 3707
63 48 2899
44 54 1231
45 49 1102
32 50 1139
64 68 2486
102 84 3642
42 41 960
29 52 3868
85 53 1304
69 41 3364
71 33 1579
53 42 2017
33 26 3133
5 12 1107
87 102 2943
52 51 1981
36 27 3672
45 42 3239
38 23 814
33 64 613
87 62 123
73 64 3182
44 33 1099
37 36 1745
56 59 4031
72 67 3714
84 58 3263
28 35 1663
30 21 2708
61 37 126
49 40 1685
30 45 472
31 51 1073
66 48 1661
48 78 20
55 98 2019
40 62 3857
62 82 1880
16 13 839
71 76 686
78 38 3176
40 26 2636
23 85 3577
79 94 766
72 49 2481
35 20 1965
80 57 643
61 40 2196
57 70 2204
20 14 2552
32 70 1281
48 27 762
19 27 565
57 50 108
38 34 3723
69 53 1762
15 49 958
26 31 2171
56 39 2217
38 33 4041
66 67 960
76 77 1075
36 35 2856
51 61 15
83 92 3352
21 18 1938
42 6 2093
22 59 241
82 102 362
45 44 1923
9 31 2928
46 52 2561
39 42 130
53 88 2372
74 56 2409
43 38 1260
76 80 2243
63 25 1644
35 71 947
44 37 1329
32 17 939
52 58 1083
60 28 627
83 84 1665
44 38 305
24 22 1451
64 59 1741
71 62 2814
33 35 3784
84 74 1481
48 38 491
47 65 1303
36 41 2606
38 58 867
49 21 3635
68 71 3348
52 57 2426
36 40 2173
60 71 1087
57 62 2872
98 54 1514
50 61 1974
36 39 2301
25 30 9
56 52 1807
85 101 929
23 74 537
46 58 2074
42 46 1077
70 46 2814
33 40 239
50 72 1505
86 15 3743
17 96 2707
43 35 1626
51 68 1048
35 58 166
27 69 3470
32 35 1224
72 18 4010
41 31 3602
65 45 1848
41 60 1688
70 41 1155
28 40 2499
15 8 952
75 54 2633
67 73 1640
59 57 2278
51 53 889
29 47 3093
8 25 3197
33 53 2331
45 19 122
69 74 1653
16 59 30
33 60 4033
89 19 782
22 42 3704
66 54 4048
54 49 3185
54 73 3766
38 36 3872
43 55 3618
37 68 1678
51 65 2188
41 46 1882
24 32 119
12 14 3207
52 31 2450
43 72 1929
34 45 2484
60 46 1104
29 31 590
14 7 1683
77 73 918
53 39 1976
15 43 769
