16 110
8 3 31
13 16 64
15 4 59
10 13 47
5 15 82
4 10 61
13 5 18
13 8 82
14 4 70
16 7 76
3 15 33
4 1 76
11 13 61
2 10 21
16 15 44
1 3 36
15 12 69
4 7 10
3 10 81
6 15 12
16 1 81
4 12 13
3 6 51
16 6 9
8 6 14
15 2 17
9 6 27
3 14 60
15 7 17
8 10 20
7 8 69
11 15 63
8 16 78
13 15 42
5 3 86
10 11 2
5 9 71
2 12 84
9 13 83
14 12 92
9 11 79
14 10 76
15 10 99
2 16 35
2 13 3
5 14 13
9 8 35
8 12 56
12 5 29
15 9 57
5 16 84
16 12 3
7 10 10
8 1 61
2 9 38
1 13 34
2 14 86
4 8 88
7 11 51
3 7 60
2 8 3
16 9 46
1 2 24
10 6 45
4 13 78
3 13 7
14 1 26
8 14 99
14 9 67
16 4 1
14 15 44
12 11 34
14 6 96
13 6 51
6 12 14
11 8 11
11 6 52
10 5 64
16 14 85
7 13 33
11 2 57
1 11 54
14 11 46
11 16 20
9 4 35
9 3 34
7 1 73
4 6 84
11 4 62
5 7 95
14 7 22
11 5 98
9 10 29
2 6 11
3 2 13
1 12 36
1 5 54
9 12 77
7 12 41
15 1 39
12 10 15
5 2 40
1 6 29
4 3 43
16 10 94
8 15 67
8 5 5
6 7 87
7 9 2
2 4 96
