16 110
14 6 59
8 9 28
7 13 60
2 3 29
3 10 45
5 13 100
8 1 15
11 1 64
13 9 84
13 6 13
14 11 7
5 8 68
12 1 60
14 5 39
6 5 74
11 7 28
10 4 48
3 12 87
3 11 80
3 6 100
6 8 10
3 9 42
6 10 59
16 5 14
14 3 89
1 10 13
4 1 88
4 3 89
7 2 15
7 16 27
9 1 98
2 11 4
12 6 43
15 1 94
4 5 61
8 4 28
7 9 81
1 13 12
2 9 57
16 1 73
4 7 68
4 16 31
9 12 64
13 16 1
13 2 50
4 6 96
13 8 21
10 5 100
15 13 19
13 14 67
15 12 41
6 2 21
5 9 46
15 4 22
8 7 52
9 16 91
11 4 63
16 6 96
2 10 34
15 6 99
12 8 24
12 14 7
11 9 64
9 15 28
10 12 48
8 16 46
7 1 92
12 16 24
13 10 29
6 9 4
8 14 87
15 11 84
14 9 48
8 10 50
11 5 18
2 4 18
11 8 68
15 2 54
10 14 85
16 10 95
4 13 95
2 1 19
16 11 24
10 7 58
9 10 31
2 12 41
14 7 87
12 7 4
3 7 19
10 11 78
2 16 48
14 15 57
16 15 98
16 3 30
12 4 4
8 2 36
6 11 7
15 10 26
15 7 50
12 11 91
3 5 53
5 7 71
3 13 33
14 4 78
14 16 67
15 3 58
13 11 2
12 5 55
6 1 94
8 15 55
