44 488
40 1 75
22 12 58
34 13 88
9 42 57
8 42 28
31 42 90
15 32 88
32 16 66
23 27 63
1 9 2
19 10 43
41 22 23
22 39 70
28 15 39
25 7 32
44 18 47
26 35 2
42 38 46
1 44 15
7 12 44
2 7 63
40 26 79
40 17 1
1 29 54
20 24 14
29 32 24
15 11 63
32 38 24
20 42 25
37 34 9
40 41 77
22 31 24
4 36 100
3 21 83
19 28 7
26 8 37
34 12 49
41 21 37
24 23 45
18 8 30
25 14 95
43 20 39
25 40 35
7 17 42
35 37 80
42 19 90
34 6 88
29 2 87
36 30 91
43 24 4
11 5 95
43 21 69
38 43 10
26 43 30
25 27 53
14 21 47
25 28 52
25 9 25
21 27 48
5 4 36
11 39 25
34 3 2
44 43 52
39 42 57
19 14 35
15 26 70
26 7 86
28 33 78
18 34 55
25 36 7
41 20 96
20 11 16
2 17 93
29 23 46
22 19 35
41 42 75
4 3 4
30 43 14
25 44 4
6 9 81
5 27 91
44 30 8
21 5 2
33 10 53
42 10 23
24 19 19
7 13 86
16 6 10
29 7 77
8 24 86
22 16 7
31 27 29
36 1 75
24 1 16
25 34 94
29 16 79
11 17 22
44 19 82
10 40 54
4 8 60
1 34 77
19 18 33
28 17 46
13 30 86
13 36 18
33 32 87
18 24 64
43 18 40
40 29 53
29 10 54
39 8 63
24 38 36
32 8 60
13 41 29
23 14 92
21 10 29
17 29 57
41 29 15
8 16 1
39 21 91
34 38 68
14 30 62
32 23 9
15 7 22
15 9 41
12 29 39
35 23 45
38 8 37
3 44 46
13 21 17
19 29 71
35 32 38
37 9 41
19 43 19
39 6 40
8 25 70
42 44 30
16 34 79
22 33 80
43 9 57
5 30 75
31 11 90
44 24 45
21 34 74
10 38 80
16 25 43
10 12 10
30 38 78
31 38 70
8 3 28
11 41 63
17 5 91
4 7 15
9 38 66
18 32 43
39 38 34
5 35 68
30 12 11
13 2 41
38 40 96
17 34 18
15 18 17
20 27 90
34 5 60
11 6 90
32 7 25
18 36 44
32 13 22
18 30 55
21 11 53
4 23 21
1 16 53
3 5 35
21 16 87
44 7 52
13 39 32
15 20 55
35 10 70
44 40 33
28 42 72
17 42 13
40 22 19
31 4 9
13 6 51
29 44 72
14 9 96
20 33 51
14 6 15
12 28 71
9 12 66
35 4 63
7 22 81
15 22 16
34 2 46
12 14 41
41 28 74
19 34 45
34 4 83
28 27 81
40 12 41
34 44 38
22 2 44
33 40 22
29 43 90
8 43 84
3 18 63
29 4 84
23 43 36
41 7 14
2 40 35
33 6 17
17 9 7
38 27 38
16 38 1
27 37 89
15 27 57
12 6 10
41 8 88
35 44 10
43 13 17
42 2 19
19 20 64
2 18 50
8 11 85
44 15 51
2 14 79
37 22 86
22 3 73
27 36 8
42 1 15
32 37 41
41 17 90
20 44 21
36 24 40
24 15 57
15 34 7
16 11 30
10 22 44
22 4 95
36 34 15
1 8 23
26 38 100
26 27 88
7 43 15
16 2 96
40 5 68
26 19 43
28 9 51
27 24 26
12 21 15
1 12 74
17 20 50
40 14 65
29 26 97
27 10 36
17 37 7
23 8 2
3 33 26
40 32 67
31 12 31
6 44 46
38 21 2
19 21 74
13 31 8
29 8 28
24 16 83
21 18 58
44 28 98
27 4 77
37 44 66
35 1 45
38 17 67
23 10 39
20 16 98
14 37 63
28 30 48
8 30 66
9 31 62
9 3 70
2 39 35
44 38 6
20 6 59
19 6 58
11 43 77
35 41 36
40 31 4
9 39 15
16 18 69
28 11 26
4 42 24
2 26 67
33 19 19
19 31 39
10 3 93
14 22 12
6 29 92
40 34 11
3 35 75
8 37 1
11 22 1
37 30 99
34 27 25
23 9 85
42 33 20
43 42 54
5 15 29
9 18 66
6 8 25
14 7 53
12 39 25
8 17 50
27 19 6
1 23 93
33 13 15
10 43 13
2 23 87
22 6 44
4 33 16
1 41 56
17 23 18
42 3 77
34 35 43
20 26 44
38 37 59
39 35 82
32 36 30
13 38 54
32 43 47
44 13 13
2 38 39
30 10 38
23 15 71
26 21 26
8 7 62
4 13 58
37 39 39
10 24 57
34 30 26
30 21 73
8 9 26
27 1 97
1 19 89
37 5 95
6 35 56
36 11 99
22 8 62
7 5 8
40 36 99
17 25 72
42 34 82
40 16 25
23 36 9
14 18 85
41 26 83
2 4 66
18 23 86
37 26 62
35 17 7
3 31 84
14 31 23
33 7 32
21 15 29
12 15 8
32 39 52
15 19 74
7 35 54
5 32 31
11 14 36
43 14 99
44 2 20
18 37 79
2 19 88
41 2 65
19 4 1
2 33 47
9 33 53
29 25 63
22 34 62
20 1 8
18 4 19
11 40 9
4 40 85
44 5 10
16 27 6
31 1 69
35 30 13
30 24 52
35 43 48
5 12 36
23 41 11
21 25 25
35 15 32
21 23 61
24 35 7
36 26 57
4 16 33
2 36 93
23 22 48
20 10 77
6 32 50
38 28 50
32 17 68
8 14 12
14 16 90
2 37 38
7 31 9
15 17 92
30 31 46
33 23 39
14 32 40
16 36 42
31 16 18
21 9 14
31 29 13
14 4 99
42 30 86
5 33 10
42 18 93
15 3 91
33 14 34
28 29 14
1 28 95
1 5 64
19 41 62
27 39 75
17 16 41
20 39 57
25 41 61
23 30 29
32 19 16
2 10 15
14 38 5
14 36 20
12 33 70
21 42 55
24 37 27
16 30 8
25 1 90
43 31 23
41 24 91
10 34 64
17 6 46
10 16 21
36 44 37
14 44 51
39 28 67
14 5 50
2 32 2
26 10 81
20 4 63
35 13 36
31 35 69
5 24 82
1 43 18
30 33 3
29 30 61
32 21 89
38 41 30
40 43 31
31 34 21
43 28 56
15 43 93
15 30 73
6 40 58
2 9 98
13 16 93
23 7 71
31 33 66
28 21 62
41 3 45
10 28 99
2 5 89
34 24 31
15 39 51
24 31 8
27 6 82
43 5 51
2 6 84
7 1 69
37 13 5
27 3 15
32 42 83
18 29 37
23 3 86
19 40 12
6 31 62
8 2 17
4 32 26
