24 140
12 14 61
6 21 46
8 15 46
20 24 26
24 8 43
19 13 97
14 19 45
19 7 20
18 23 81
2 11 65
21 3 52
3 5 33
22 3 14
15 3 19
5 10 83
14 6 81
6 22 59
19 22 98
1 11 67
18 17 87
22 16 18
12 23 79
7 4 69
13 23 16
24 16 1
2 20 5
8 19 32
22 17 89
17 16 36
10 1 100
11 21 85
15 14 8
13 10 4
6 11 36
10 24 20
23 21 26
21 17 72
17 5 30
10 17 77
5 7 55
4 11 98
21 22 1
11 3 11
7 12 86
15 20 35
1 17 54
22 20 97
17 6 95
7 11 39
3 2 33
3 13 27
12 24 14
2 5 72
15 7 84
17 24 64
1 8 5
9 2 52
1 9 31
24 14 16
23 14 35
22 24 1
3 8 72
15 21 78
10 14 6
13 15 28
18 12 44
20 12 26
7 6 33
15 17 74
3 14 53
16 4 16
8 6 2
1 22 27
21 16 20
3 20 50
21 10 12
10 9 16
22 5 74
2 8 25
5 8 67
21 19 63
16 20 67
14 20 67
20 23 47
16 13 31
14 2 88
14 17 92
3 19 70
18 15 84
24 3 24
9 11 31
4 10 80
14 21 69
14 8 64
21 24 61
6 5 17
17 2 75
15 1 26
23 24 13
7 16 94
6 16 23
15 10 100
6 15 50
17 11 85
5 14 32
15 19 76
6 24 46
23 1 16
14 1 29
18 5 53
8 4 74
3 23 88
10 12 56
11 8 72
4 21 50
16 8 38
24 11 34
10 3 58
5 20 62
2 1 92
17 19 9
12 6 43
7 1 62
7 21 82
10 18 44
12 8 38
23 5 22
22 15 4
7 22 30
13 9 78
6 9 44
9 4 70
18 14 11
21 8 98
13 22 57
6 19 42
15 5 28
12 3 31
7 17 70
16 11 42
