34 256
29 22 44
2 13 66
7 23 33
12 1 85
14 10 50
9 26 48
30 21 28
3 6 88
24 26 23
25 34 79
5 10 70
19 20 27
9 34 89
3 27 81
1 19 1
32 26 80
29 11 83
5 28 27
29 20 36
18 29 77
31 1 52
20 7 58
33 24 63
11 17 32
24 11 5
25 30 29
8 6 47
28 34 34
31 15 93
29 6 82
2 3 54
20 2 29
31 26 37
10 2 42
29 7 63
13 4 33
21 22 69
13 12 9
17 24 65
33 9 22
17 10 98
5 21 70
34 23 85
20 23 78
25 32 84
13 11 27
24 30 67
21 18 64
13 28 65
13 5 94
3 33 67
17 3 92
29 31 20
3 32 83
13 29 92
34 15 13
30 20 49
13 1 25
21 19 83
29 21 7
16 9 47
2 9 39
11 7 78
7 4 79
30 18 25
11 19 75
22 31 63
1 20 95
29 3 13
15 9 65
23 13 37
33 16 37
1 23 88
4 34 34
30 31 42
21 7 77
4 18 21
23 26 43
23 10 19
15 11 73
16 23 74
11 14 44
24 34 14
3 16 99
19 3 41
16 30 75
1 7 3
33 14 84
31 34 22
4 9 87
30 9 70
24 29 83
7 31 48
25 26 78
24 20 72
25 33 6
34 1 53
8 34 71
34 26 26
7 10 1
24 15 56
33 5 58
32 8 18
23 22 19
27 30 45
13 10 74
19 4 34
20 11 56
12 34 75
6 17 8
32 30 9
15 5 34
2 5 31
9 25 29
30 7 50
13 30 7
31 18 83
7 12 37
20 12 32
26 5 73
27 31 47
19 5 29
2 29 1
16 31 49
2 30 36
33 30 75
17 19 96
17 22 23
2 19 32
13 3 79
12 30 7
7 34 88
4 31 51
11 12 90
18 17 51
3 15 61
21 2 50
26 22 27
33 18 58
12 23 11
11 23 23
29 16 37
6 2 31
12 17 75
25 22 16
26 16 52
2 23 71
21 20 70
33 31 17
6 5 3
23 6 63
28 27 23
2 27 34
14 16 91
34 3 49
1 4 2
26 12 95
3 8 78
2 14 29
33 20 64
24 2 64
22 5 56
28 30 55
26 11 36
6 15 59
26 15 84
8 4 14
27 19 79
27 8 86
7 26 93
30 11 93
26 10 25
25 19 81
28 24 87
28 14 40
18 22 98
3 10 69
7 15 72
18 8 14
15 4 54
14 13 9
19 7 8
8 2 32
25 3 79
26 8 86
19 34 2
29 25 76
16 5 15
29 19 46
18 11 13
16 6 57
21 3 43
16 11 24
32 1 80
32 19 86
25 31 83
18 25 3
23 27 36
4 2 81
9 5 5
7 2 85
18 2 38
21 33 38
20 5 80
27 11 93
18 7 55
16 34 42
12 6 73
25 27 80
14 9 12
32 27 75
3 7 52
12 19 88
31 28 60
21 13 73
30 14 70
17 4 36
14 34 85
22 7 9
31 6 65
22 1 12
21 6 35
10 8 87
6 4 49
33 13 87
8 19 91
3 31 29
22 28 77
20 6 81
5 8 61
9 10 27
10 34 49
23 32 41
8 1 86
2 31 24
16 4 85
15 8 56
18 27 65
13 19 17
1 24 10
22 33 91
12 25 90
11 1 55
16 28 63
3 30 25
5 29 16
13 8 22
32 7 38
11 32 14
21 17 29
14 23 55
2 22 90
5 17 90
17 27 67
18 9 61
33 28 47
