21 188
3 17 72
4 5 74
21 13 73
14 18 73
1 4 3
8 14 67
12 3 32
9 4 37
6 20 3
8 6 4
17 19 94
1 20 86
1 13 91
15 14 29
16 12 28
14 20 19
13 15 37
8 12 37
11 17 65
1 6 50
6 4 40
8 7 4
15 17 13
12 21 57
19 4 67
19 14 51
8 17 29
11 7 52
14 6 29
9 6 59
11 18 19
7 18 80
20 10 27
19 6 33
13 8 22
9 13 95
15 4 40
3 18 55
20 15 24
5 19 34
3 2 19
18 21 25
1 7 97
21 17 92
14 3 2
18 4 78
4 13 59
5 9 3
9 16 94
12 7 77
7 5 92
18 17 2
18 13 5
15 10 70
8 18 48
19 1 99
7 10 85
8 15 40
19 8 94
16 4 80
2 15 78
21 2 22
17 13 24
10 3 23
16 3 13
3 11 61
19 9 58
13 10 35
13 20 80
11 20 37
21 9 81
20 18 69
20 12 55
11 9 40
9 1 14
18 19 72
8 3 54
1 2 28
10 21 59
6 16 96
9 8 61
12 18 55
14 13 13
7 13 16
11 16 68
7 21 70
10 2 48
3 20 12
20 21 21
7 14 63
4 20 46
12 9 84
8 2 68
7 9 28
20 16 54
5 3 63
20 5 57
1 21 30
16 1 55
9 10 77
18 16 46
12 1 17
4 7 29
6 10 64
19 2 40
14 10 48
9 17 84
19 21 46
5 18 83
13 19 54
2 6 19
18 9 70
5 10 64
21 6 70
12 10 14
3 4 80
16 13 70
7 19 54
11 21 56
6 5 46
9 15 65
14 16 23
14 2 95
6 17 29
8 4 80
18 1 53
16 21 70
16 17 8
18 2 73
5 14 75
19 3 84
15 16 65
15 7 45
20 19 23
15 3 1
10 11 68
11 5 68
11 1 28
17 10 25
2 17 42
19 11 42
3 9 56
8 1 92
3 13 85
4 12 100
14 4 21
18 15 33
6 7 48
8 21 69
4 10 90
14 9 59
2 11 89
21 4 28
17 20 15
11 12 55
10 19 85
7 3 44
17 14 31
12 5 6
1 3 10
5 16 79
1 10 73
11 6 19
13 11 65
1 5 4
12 15 80
21 5 24
2 4 65
21 14 67
17 12 35
3 6 58
11 4 55
5 2 26
10 16 6
17 4 54
1 17 88
16 7 24
5 15 17
14 11 4
10 18 62
19 15 82
5 8 49
12 2 74
2 7 19
16 2 8
13 2 41
14 12 33
13 6 94
