31 463
20 21 54
1 29 63
17 22 29
21 15 74
1 24 60
3 11 43
23 4 9
20 18 84
2 29 30
25 23 23
25 14 22
28 12 98
21 16 13
9 21 45
7 4 87
24 16 54
9 26 54
1 6 10
20 27 70
16 11 64
4 9 16
28 14 15
21 18 31
2 28 74
2 20 7
22 28 81
1 19 49
13 20 78
22 6 68
8 23 92
13 26 9
22 5 79
28 6 6
24 26 82
11 7 29
5 11 91
20 16 82
30 12 86
18 15 3
28 3 32
9 7 33
19 7 83
3 20 100
14 1 28
31 28 56
17 18 39
2 9 95
13 24 73
5 19 2
15 23 10
26 31 16
26 2 56
14 11 31
8 2 62
19 9 8
18 19 5
27 19 30
29 15 16
24 4 31
24 22 13
1 2 44
8 11 98
22 20 61
8 30 9
10 16 88
12 22 86
25 7 41
16 23 6
11 6 16
2 19 58
12 9 56
7 31 28
3 25 80
11 15 47
9 16 4
5 2 41
31 13 35
28 27 36
18 9 28
27 12 57
17 6 86
8 31 54
8 12 24
1 28 87
10 4 17
10 3 17
27 4 6
29 8 82
28 29 22
13 17 79
29 7 37
16 25 22
26 21 81
4 11 10
2 24 37
18 4 83
17 31 24
27 25 20
8 18 99
18 7 18
30 27 56
7 16 19
17 30 77
28 26 5
20 12 51
11 26 9
23 14 20
27 2 65
25 18 96
16 1 74
9 14 94
21 25 59
30 11 13
5 21 86
1 30 76
21 22 99
26 15 88
12 4 56
3 19 51
26 20 34
6 10 40
8 19 4
24 27 50
1 15 76
23 27 1
20 25 58
23 18 48
6 7 29
9 17 79
17 12 96
27 16 18
20 15 71
24 10 79
1 21 9
11 12 2
23 3 98
20 7 71
30 28 34
13 10 23
1 4 11
9 30 2
27 10 77
2 14 1
5 29 20
6 20 93
18 28 5
4 15 59
31 23 100
31 1 32
3 29 13
4 3 16
17 29 24
9 10 70
22 30 39
10 23 45
22 8 30
1 23 78
3 5 88
24 12 88
20 5 70
31 25 52
31 15 12
5 9 5
18 31 31
21 29 43
16 28 3
24 20 35
11 22 14
16 18 77
4 16 100
22 18 42
16 8 45
30 18 58
14 18 82
23 12 84
3 24 93
4 6 87
29 26 93
5 25 52
7 3 29
5 31 53
27 6 95
22 23 56
2 30 57
17 23 93
15 13 24
21 4 35
16 6 55
9 25 32
15 9 68
11 28 52
26 16 7
7 28 72
13 16 15
10 12 41
5 27 77
10 8 12
22 15 29
4 22 14
17 25 59
28 15 95
20 17 66
11 17 47
24 17 25
22 10 20
25 11 81
1 18 17
16 3 96
30 16 26
8 1 55
22 7 48
2 6 85
27 22 61
18 2 97
29 13 74
3 14 73
29 22 46
23 26 12
3 31 36
2 17 17
2 21 83
10 26 33
18 5 70
7 10 100
10 30 95
11 9 84
1 7 94
8 24 28
11 1 41
29 19 6
24 6 85
22 2 63
31 9 23
15 3 31
25 22 56
21 6 82
28 8 99
23 28 37
10 17 92
21 3 72
31 29 46
10 11 98
25 2 23
26 25 91
13 27 93
1 17 88
9 1 18
14 16 33
25 13 29
11 23 37
19 22 74
10 18 91
12 29 40
26 14 2
14 4 56
12 19 44
7 15 94
22 26 49
29 14 59
10 2 81
25 24 33
18 6 73
19 15 60
16 12 70
7 12 62
21 30 51
30 7 2
6 30 45
11 24 16
4 30 15
16 22 65
29 24 25
23 30 1
15 24 82
17 26 34
13 8 62
14 30 67
24 5 50
21 13 3
3 13 84
19 16 89
10 31 19
24 31 98
10 25 70
8 14 91
10 14 21
6 13 76
3 2 4
20 11 77
4 20 10
26 12 97
12 31 26
13 22 12
19 21 46
22 1 2
25 12 88
14 13 76
29 18 94
28 24 65
8 4 28
30 13 84
6 8 54
4 25 70
18 12 94
20 30 73
5 26 80
31 20 60
9 24 77
1 10 9
7 23 73
29 30 58
14 31 83
14 20 43
5 16 82
13 2 39
21 7 36
27 9 36
9 23 71
18 13 1
19 10 15
3 30 99
12 1 15
9 6 96
25 6 13
2 4 27
27 21 14
19 25 27
11 19 73
26 18 100
30 26 28
20 29 58
25 30 72
23 5 17
1 26 93
26 6 12
23 29 63
17 19 61
12 15 54
9 22 33
25 29 72
3 17 75
28 5 44
13 4 37
22 14 38
16 17 56
15 25 88
3 9 25
23 20 81
17 15 1
23 13 25
20 28 10
10 20 47
6 3 65
5 8 72
25 1 87
31 19 16
13 9 94
19 30 46
11 2 98
20 9 54
15 5 37
20 8 31
7 2 62
14 12 60
21 23 60
3 18 6
6 5 93
26 3 96
12 13 51
31 30 86
2 23 15
14 6 3
17 28 20
19 24 15
2 31 59
13 19 56
29 9 69
27 8 12
24 7 77
12 5 7
12 21 22
28 25 56
23 6 52
31 27 39
14 7 99
31 21 46
22 3 48
31 11 100
7 5 70
17 14 31
6 15 34
8 3 91
27 26 49
5 1 78
21 10 64
20 19 70
31 4 34
18 24 18
27 17 86
4 5 44
9 28 86
27 3 44
8 25 57
11 29 89
24 21 21
23 24 44
19 28 13
1 3 90
28 21 68
27 1 46
7 17 93
15 14 25
30 24 25
12 2 92
14 19 18
8 9 30
17 8 25
8 7 82
14 24 77
20 1 45
15 10 1
27 29 13
6 12 52
27 15 20
31 6 16
21 11 43
14 27 42
4 28 64
16 2 94
14 5 7
13 1 84
15 2 10
17 5 56
26 19 31
27 7 4
8 15 40
11 27 57
15 30 43
18 11 71
5 13 63
29 16 94
7 26 70
5 30 51
7 13 31
16 15 70
3 12 8
19 6 39
21 8 67
18 27 1
14 21 59
31 22 59
19 23 69
28 13 95
17 21 11
29 4 45
28 10 68
13 11 23
19 4 79
26 4 12
17 4 2
31 16 12
10 5 23
29 6 26
