26 155
12 9 8
24 15 75
1 10 11
5 23 92
18 25 26
12 18 72
12 6 92
6 24 16
8 7 58
15 12 66
12 16 20
23 15 54
6 26 38
1 4 77
24 2 62
24 14 65
3 25 91
22 5 42
21 26 61
13 8 91
14 1 64
11 15 73
11 4 63
12 1 41
16 4 78
12 26 44
9 3 9
7 17 45
8 16 79
10 22 34
9 7 77
6 3 5
25 13 76
5 21 78
21 10 17
19 4 69
18 1 15
21 22 72
23 1 97
2 25 29
25 8 71
20 17 38
3 1 66
15 3 97
19 14 10
2 6 34
26 7 16
18 16 46
24 12 54
20 15 1
1 17 54
17 2 88
7 1 54
8 26 37
6 9 75
4 15 94
22 12 68
13 1 24
8 4 30
6 15 99
9 16 51
19 13 93
24 9 27
5 20 68
2 13 61
5 6 58
14 18 34
2 7 35
17 19 7
23 18 98
13 3 14
6 19 22
1 16 39
3 4 17
14 15 37
6 13 89
5 11 1
19 15 71
21 7 59
26 20 82
15 7 13
22 2 46
10 13 25
12 23 26
8 5 38
1 25 8
20 24 18
26 2 48
25 20 61
11 8 51
24 8 44
20 18 56
9 18 6
19 12 65
17 15 65
22 9 78
4 25 57
22 16 36
12 20 38
19 20 31
26 18 85
6 14 94
23 20 71
14 22 77
23 13 58
26 14 72
14 5 41
9 19 3
23 7 50
4 9 74
26 5 62
23 26 94
24 13 93
9 10 85
21 17 68
19 8 38
21 15 27
12 21 26
10 3 53
7 6 23
24 4 38
24 18 73
6 4 28
8 22 2
9 8 67
13 9 52
5 4 8
24 26 19
19 18 87
21 6 38
25 21 45
8 15 81
9 17 15
7 18 63
26 1 100
21 9 1
14 17 13
12 8 25
15 10 96
2 16 57
25 23 25
6 11 58
17 4 1
26 11 51
19 7 72
13 26 8
18 3 14
1 22 98
26 9 76
21 4 90
24 7 19
10 2 55
1 24 91
22 25 97
21 24 87
