14 87
8 14 36
2 13 36
12 4 47
3 11 2
9 11 42
6 1 78
10 3 92
3 6 17
14 2 72
13 4 25
8 13 79
4 1 91
7 11 15
13 14 40
4 9 27
6 12 17
10 5 48
5 7 82
7 14 58
13 5 75
13 3 1
3 9 88
4 7 85
11 4 52
9 5 70
1 10 37
10 4 27
12 13 39
10 9 9
13 10 50
4 5 28
14 1 4
7 13 37
7 10 21
10 2 84
11 1 84
8 3 4
1 7 62
13 11 74
8 12 12
12 11 2
1 5 70
8 6 49
14 11 69
2 8 84
6 2 39
4 14 43
2 1 13
14 9 75
14 10 31
3 7 64
2 5 23
1 3 86
2 4 10
2 7 57
8 9 95
11 10 22
1 8 2
4 3 17
3 2 93
5 8 14
4 8 74
8 10 47
1 12 95
6 7 19
8 11 79
7 9 14
6 11 96
6 9 72
12 5 25
7 12 82
1 13 87
4 6 20
12 3 66
3 14 6
11 2 98
12 9 28
9 2 85
5 14 33
9 1 57
11 5 92
12 10 3
9 13 39
14 6 72
7 8 15
6 10 7
6 5 21
