27 105
20 25 98
22 10 72
6 10 47
24 6 25
15 20 77
22 8 19
14 2 54
20 16 20
16 10 69
21 5 51
4 1 38
16 4 1
12 5 48
14 8 92
11 14 57
23 24 43
27 19 38
8 20 54
2 25 48
23 19 6
15 24 9
19 11 34
6 22 20
22 21 82
25 18 49
18 10 56
26 18 28
19 17 99
19 6 33
27 21 87
1 17 34
11 26 32
14 13 17
22 17 39
11 27 54
17 14 83
4 8 9
24 9 60
23 22 14
1 14 100
1 13 19
17 20 3
27 13 72
9 10 90
27 6 48
7 21 59
1 7 100
24 17 29
18 13 59
15 18 93
9 25 57
2 17 81
23 5 54
7 25 26
1 26 19
26 9 7
5 4 14
24 3 92
5 20 75
20 13 83
12 18 77
10 11 58
18 22 71
25 4 25
9 23 89
10 4 67
17 21 49
18 2 24
14 9 72
15 16 92
21 11 50
10 14 42
24 1 31
18 21 90
9 17 84
4 17 68
8 16 64
19 7 1
14 27 34
13 17 60
11 7 55
24 5 98
25 26 59
20 10 42
12 1 29
6 11 34
24 25 13
9 6 88
2 6 8
21 25 25
11 16 68
3 14 49
12 23 99
26 14 2
20 27 95
24 27 46
3 11 48
25 1 39
2 11 38
8 11 65
13 19 58
17 8 33
18 4 65
5 25 19
20 21 84
