46 728
33 9 73
6 18 54
12 10 67
26 19 97
43 2 3
41 29 21
38 24 94
38 26 21
41 33 78
15 42 7
16 25 11
8 46 39
9 13 2
32 12 7
3 41 63
1 44 88
21 27 80
3 4 61
4 45 76
37 5 81
36 34 5
42 13 74
30 6 39
9 3 70
17 36 50
37 23 68
46 24 98
31 44 18
41 35 38
37 22 100
7 2 75
16 24 5
19 24 75
6 25 29
4 6 16
35 3 33
44 38 89
40 14 19
16 43 27
22 35 86
30 41 78
32 22 89
10 30 92
11 27 29
37 3 13
15 44 53
22 33 10
29 28 30
30 15 15
30 24 91
7 44 83
13 44 59
26 6 5
40 25 49
17 27 6
29 46 84
12 36 22
35 34 17
41 45 67
17 40 18
16 35 7
26 41 51
32 7 64
25 33 2
37 35 84
23 28 70
43 23 73
45 42 39
40 32 61
45 38 43
15 33 19
40 33 34
14 4 29
27 13 56
20 9 28
46 15 33
2 41 78
44 26 8
26 42 69
37 13 52
33 23 38
46 14 10
20 39 1
45 32 95
8 40 93
16 7 86
24 32 59
19 31 57
7 29 21
1 11 40
36 3 61
30 32 68
43 21 41
19 9 16
43 46 96
27 28 9
12 28 16
7 46 53
45 17 70
13 10 55
7 6 94
46 38 61
15 2 48
26 31 95
3 14 6
5 1 8
5 31 100
32 33 47
20 31 11
40 1 98
20 19 76
20 17 99
43 11 35
20 15 98
45 8 65
38 20 30
33 8 70
2 6 51
10 15 66
36 29 4
37 6 34
1 12 85
12 17 51
41 25 55
42 33 46
43 5 73
43 35 24
4 40 6
24 4 45
24 7 71
24 44 3
19 23 1
23 6 71
1 17 68
4 46 68
44 40 9
18 41 76
26 37 32
45 12 7
29 16 10
31 40 11
15 11 95
43 20 57
31 15 18
2 28 28
27 44 66
44 29 91
27 20 47
17 18 79
44 9 47
10 33 21
28 20 86
37 8 39
45 6 94
44 3 1
21 40 93
34 39 14
2 17 3
5 26 54
21 41 31
11 29 32
27 24 20
10 42 74
46 22 72
2 35 54
8 18 71
28 45 11
21 42 52
33 44 24
34 42 68
15 35 27
31 9 40
9 40 41
36 42 52
11 45 92
36 19 57
9 35 78
10 43 22
16 28 36
18 37 38
5 34 18
28 14 35
32 20 67
39 38 67
26 4 89
42 9 10
3 21 14
29 4 33
41 9 44
34 38 22
43 6 54
21 2 26
9 12 5
37 31 85
18 33 89
6 22 39
44 34 2
46 16 59
33 11 15
11 14 57
14 10 92
8 1 18
15 29 42
41 42 80
21 37 56
26 8 12
20 35 42
45 31 60
44 6 100
38 27 11
39 13 19
27 8 79
14 43 11
24 6 22
25 5 25
7 22 65
17 7 55
9 30 62
20 7 10
35 30 28
38 4 48
17 29 21
40 36 38
34 23 95
28 44 31
4 2 61
31 39 41
12 8 62
25 2 89
21 13 91
38 22 3
26 10 85
31 32 77
29 6 56
18 39 24
30 43 38
2 29 33
12 5 47
3 7 64
19 6 33
30 19 63
10 44 88
18 2 30
8 14 22
18 12 57
19 7 16
40 30 16
11 22 64
7 11 37
1 45 69
13 40 55
23 40 21
32 46 38
3 15 61
12 31 67
13 45 37
25 12 99
19 11 56
19 41 85
35 8 11
9 8 47
24 31 22
35 38 85
42 1 86
12 46 100
41 17 59
44 25 31
4 35 74
22 9 67
30 39 80
30 3 45
41 14 50
26 35 38
45 9 98
19 21 97
45 44 96
11 21 22
21 18 98
20 46 9
10 7 21
29 20 2
33 34 90
6 34 17
21 31 79
26 30 47
45 18 7
15 37 8
6 13 77
2 40 36
9 11 50
42 22 7
23 21 79
19 12 75
7 8 81
25 31 40
9 34 19
5 17 71
22 3 7
23 22 2
26 46 100
44 17 58
38 9 1
2 30 6
15 39 55
7 23 24
19 28 93
46 3 71
23 35 79
5 16 3
1 10 22
44 11 20
46 45 81
5 33 47
6 41 51
42 31 78
10 11 10
32 15 5
19 3 78
34 13 53
39 32 94
42 24 74
1 13 13
32 41 54
8 2 18
6 16 38
18 15 76
8 44 24
11 5 93
23 4 43
44 43 60
13 23 95
29 5 22
30 12 3
35 33 67
16 38 17
6 31 11
4 30 9
29 26 36
35 28 78
3 29 83
31 43 9
34 40 8
12 38 44
2 9 17
21 46 8
15 27 25
4 21 96
39 36 66
30 25 17
35 13 3
37 24 90
43 26 32
14 36 75
8 16 44
29 27 54
42 8 30
37 34 47
2 12 98
34 3 96
45 37 29
45 15 51
12 3 64
11 17 84
7 15 17
16 17 10
23 45 40
19 43 20
14 35 30
6 40 30
19 5 83
28 25 52
13 5 50
29 42 85
35 32 24
42 12 68
14 45 29
5 42 88
20 18 26
22 27 57
9 5 83
5 18 14
30 28 40
2 44 88
8 23 79
23 26 20
46 35 58
39 40 66
23 46 69
29 23 5
37 25 4
14 39 69
9 25 8
19 38 94
28 31 28
25 42 38
44 14 79
46 37 78
23 18 60
5 10 85
41 11 43
10 34 42
26 27 28
12 44 22
34 22 1
2 45 5
29 43 24
18 19 64
1 18 34
11 39 10
34 46 2
30 31 6
25 26 54
8 21 14
17 32 2
29 9 18
26 39 60
42 39 100
38 32 76
34 29 1
8 31 59
12 40 88
13 30 6
27 46 10
10 3 79
20 33 56
15 12 38
25 20 71
28 5 75
36 4 45
46 10 34
39 19 5
42 20 91
18 44 46
14 21 82
5 15 59
29 30 86
24 5 94
22 30 7
31 10 13
14 32 91
26 18 28
38 28 81
42 18 54
19 13 19
33 46 18
8 30 80
31 27 40
36 24 81
39 1 58
6 28 80
2 20 59
39 37 42
33 1 4
25 32 77
31 33 42
40 46 55
38 13 91
39 6 72
34 43 20
31 23 94
33 6 98
18 34 75
32 42 98
7 12 15
38 23 79
37 30 50
6 27 34
21 25 47
13 41 62
12 16 76
37 17 98
8 36 72
17 38 93
11 34 95
44 4 53
20 10 17
23 24 21
1 34 82
15 13 96
16 21 74
21 38 75
10 4 35
25 18 85
17 42 9
7 30 19
27 10 6
8 10 59
22 24 47
11 3 22
29 18 87
5 30 60
11 28 48
14 23 26
42 30 35
13 12 56
37 40 41
22 4 10
14 29 97
2 5 46
29 24 80
45 34 23
20 16 22
8 5 55
2 36 17
3 2 52
38 33 94
25 19 61
21 24 9
10 17 22
10 21 99
25 7 20
35 10 18
46 42 47
44 46 76
31 41 8
29 31 99
43 12 77
34 25 35
5 36 65
4 12 21
14 38 56
27 23 18
10 37 58
45 43 7
14 16 75
39 28 54
9 4 29
4 42 11
24 35 46
3 39 30
18 43 74
46 28 59
42 14 72
12 11 68
11 40 2
31 34 60
15 19 90
24 34 76
13 17 96
31 17 26
40 16 74
1 4 76
24 28 25
7 18 42
16 1 59
3 23 9
33 7 36
31 14 48
34 41 14
4 37 27
17 21 25
9 15 86
6 36 20
1 23 20
9 1 67
1 32 22
2 13 26
44 19 26
16 45 98
37 7 10
17 6 78
1 27 49
3 38 94
35 36 22
26 13 12
4 13 85
44 32 37
33 28 12
46 18 28
13 7 47
19 35 62
9 43 82
25 45 15
40 18 21
20 26 71
3 5 69
21 44 45
14 15 25
32 9 9
19 2 69
34 30 54
7 4 84
20 24 63
8 29 56
35 21 21
8 22 83
31 38 45
13 46 76
2 46 86
7 1 95
3 28 77
23 9 14
44 36 2
37 44 59
14 7 34
10 29 94
6 35 55
24 3 37
45 29 17
33 39 65
23 17 72
5 20 74
30 18 81
29 22 12
27 12 57
46 41 64
14 5 5
19 14 55
44 39 32
24 13 15
18 28 72
11 6 97
37 27 37
36 43 40
24 14 62
32 16 56
35 5 20
46 5 84
21 12 25
10 25 81
8 41 36
37 42 70
11 35 90
25 22 76
10 6 41
16 36 5
40 22 14
3 18 95
14 27 17
17 3 10
15 16 69
9 28 10
32 43 64
25 43 27
17 33 53
6 9 62
33 2 34
33 43 44
29 38 95
18 38 15
44 42 8
32 10 6
11 26 69
12 41 76
20 12 42
12 39 11
34 12 36
24 26 63
16 30 26
41 28 53
2 26 76
7 41 52
17 25 55
39 41 52
14 34 71
14 13 80
31 46 4
28 43 19
24 12 13
3 33 25
18 11 40
32 8 17
27 45 94
26 32 63
8 43 73
38 41 7
20 22 68
34 27 47
11 31 58
35 18 56
35 40 25
40 5 33
39 10 26
5 27 38
13 31 30
17 35 40
37 38 64
1 20 88
29 13 64
36 25 88
22 41 4
18 16 76
42 23 57
15 22 48
46 25 12
22 44 14
9 17 4
15 26 33
24 43 37
4 20 73
41 37 99
40 41 10
37 12 91
46 30 40
24 33 62
25 15 68
40 10 65
16 31 78
11 36 96
38 10 68
45 33 19
38 15 14
39 35 1
3 8 69
14 26 28
44 20 55
31 7 70
4 27 1
41 20 50
26 45 84
10 28 37
16 42 33
7 9 73
36 38 65
30 27 48
38 42 45
16 9 5
4 43 89
44 16 10
2 37 71
15 21 99
18 9 80
3 16 87
28 36 10
41 43 51
37 19 1
40 26 79
34 4 44
