21 140
14 13 14
21 6 89
5 11 29
15 16 41
1 15 64
15 5 33
6 17 59
1 7 60
17 11 27
14 18 75
10 13 99
8 14 86
1 2 65
12 3 55
19 3 73
13 20 45
5 7 11
9 15 79
3 10 69
19 11 41
7 11 44
7 21 37
10 12 67
6 18 55
5 6 92
17 20 38
9 14 23
18 7 89
5 3 56
1 21 46
15 19 35
1 20 48
19 5 13
20 3 60
12 15 6
11 15 6
8 18 79
18 12 32
2 18 26
1 11 51
14 2 32
20 8 58
3 17 31
21 19 12
4 5 69
6 8 82
16 10 98
13 11 98
8 11 44
7 6 83
21 15 64
5 16 16
19 13 20
16 2 52
3 18 56
15 4 36
21 17 23
5 1 52
13 6 65
8 15 35
10 5 18
12 19 4
16 11 9
8 17 59
17 4 6
13 7 45
20 7 8
19 2 44
1 8 20
5 2 64
4 7 35
17 5 17
21 18 35
4 19 14
12 4 59
4 16 50
8 4 89
21 11 12
10 14 41
10 15 80
8 5 73
19 14 33
21 10 35
10 7 16
13 8 62
8 9 83
8 3 67
16 19 45
13 4 100
11 4 30
3 7 82
11 9 34
4 18 35
20 5 4
11 6 93
18 13 22
18 19 68
19 10 7
6 2 8
3 16 43
6 15 96
1 16 54
14 15 98
15 18 12
12 9 32
19 6 88
9 19 53
3 13 97
5 18 37
2 13 51
18 9 41
10 17 38
3 4 27
7 14 31
14 11 32
17 16 80
3 1 70
20 2 24
7 15 26
20 4 40
11 3 1
8 21 31
8 12 81
12 2 76
7 8 23
7 12 98
4 2 35
3 15 7
6 4 94
15 2 98
12 11 52
2 21 44
17 18 86
8 19 84
12 21 4
21 5 7
12 20 9
9 3 76
21 13 47
13 1 54
