19 162
4 5 12
8 5 19
18 10 94
18 16 69
13 18 69
12 7 51
7 3 56
13 11 44
8 4 85
19 2 72
3 16 31
10 2 14
8 15 85
13 5 61
12 17 94
19 4 95
17 16 48
17 19 35
13 2 36
3 6 83
7 18 15
15 19 84
8 17 93
11 2 66
8 18 39
14 13 38
2 8 67
6 17 93
11 7 51
12 15 74
3 14 68
7 1 10
10 19 80
4 12 25
18 17 72
10 16 32
14 12 16
15 1 79
12 16 18
6 4 76
14 17 78
12 1 86
17 10 96
4 18 81
14 9 32
15 13 99
8 11 65
16 13 65
2 14 5
14 10 94
13 6 2
1 17 26
5 11 59
17 5 58
14 1 79
2 18 14
14 15 87
15 10 82
2 3 49
17 4 7
12 8 53
15 17 52
14 16 72
13 3 16
2 9 29
6 5 72
4 10 61
16 4 57
9 10 59
17 9 15
6 18 5
14 6 98
16 6 13
10 1 75
13 8 7
14 11 75
6 7 38
5 7 44
16 5 27
18 14 2
6 1 19
9 7 43
7 10 59
9 1 71
12 10 28
5 19 99
4 3 7
18 5 63
15 9 96
2 15 73
5 3 26
19 6 99
14 19 96
2 16 15
10 11 32
1 18 27
17 7 53
4 2 26
19 8 34
13 1 43
2 17 19
15 16 68
13 10 77
9 18 19
8 3 58
10 8 53
15 11 44
8 7 67
12 19 94
19 13 6
18 19 92
15 3 56
13 17 81
19 3 93
6 2 34
14 4 84
9 3 97
7 4 56
12 13 23
10 3 93
2 12 53
3 1 3
6 12 36
19 16 65
14 7 4
11 17 83
5 10 75
1 5 63
11 4 37
3 12 83
15 4 59
18 11 36
11 1 70
6 15 92
15 7 48
14 8 30
1 19 54
12 9 4
19 9 6
11 9 15
6 9 24
17 3 16
6 11 16
12 5 62
1 16 47
5 9 65
8 16 75
13 4 52
1 4 70
7 13 59
1 2 92
3 11 97
12 11 71
8 9 54
5 2 27
6 8 5
15 5 52
9 4 27
18 15 32
7 19 62
16 11 69
10 6 92
