27 256
24 4 18
22 6 36
9 6 14
18 15 7
19 6 32
23 2 19
27 21 45
16 17 23
3 22 48
2 21 27
12 16 45
26 1 13
15 27 25
14 20 21
12 3 43
6 2 46
1 10 38
10 22 34
11 5 20
1 15 27
5 2 1
7 3 47
13 22 2
23 6 7
17 20 49
14 22 45
27 18 10
12 27 36
5 16 1
24 2 35
13 20 42
12 19 31
27 26 40
17 21 3
7 10 18
14 24 22
16 26 10
23 3 5
21 12 1
21 3 2
22 20 44
7 1 27
9 8 24
17 25 44
24 13 26
25 4 10
9 5 10
12 5 18
14 5 42
8 13 10
25 3 11
18 1 47
11 17 40
18 24 16
12 23 43
27 20 14
24 12 33
7 27 29
4 21 39
7 8 1
15 14 48
26 9 38
6 20 47
11 1 21
10 6 14
7 5 19
13 3 34
2 13 39
17 12 19
17 7 43
1 8 50
22 2 42
7 14 8
15 26 14
1 2 40
15 4 17
4 19 1
15 7 49
27 9 24
5 15 21
21 26 32
25 18 45
24 3 5
22 7 14
10 4 1
8 16 46
4 23 46
19 26 34
4 6 43
4 17 27
1 19 12
12 8 38
13 7 21
12 4 5
25 1 33
14 11 18
23 27 41
3 6 47
16 27 32
11 9 37
20 12 22
2 11 28
4 16 9
21 8 31
20 18 30
18 9 29
16 14 38
12 18 28
10 5 33
10 19 40
14 8 26
14 3 38
7 18 47
20 16 19
20 19 43
17 22 29
13 11 48
24 11 14
27 19 2
26 8 44
17 6 16
23 1 47
1 9 8
13 10 9
24 19 17
13 9 38
11 7 9
6 25 37
3 10 32
18 11 24
16 13 23
17 1 32
16 10 12
11 16 11
18 4 4
13 21 19
5 13 36
6 5 7
10 14 43
22 1 29
10 18 4
20 11 49
25 21 47
26 24 41
5 17 1
27 5 45
16 15 24
23 15 24
5 22 8
3 16 38
17 27 11
10 25 18
21 15 10
22 4 14
21 7 39
6 18 28
17 8 25
22 27 12
19 18 34
24 8 11
24 27 36
25 15 36
21 14 22
12 15 46
26 22 39
15 24 15
9 12 27
11 10 41
26 11 22
26 6 6
12 10 18
7 6 30
21 10 31
11 4 12
22 9 23
22 24 32
16 19 34
17 23 18
2 18 45
23 21 21
9 3 15
26 5 41
24 6 9
16 25 32
8 10 15
27 4 32
19 23 19
18 8 23
25 8 23
19 17 8
13 14 9
11 27 4
7 4 19
8 2 2
12 22 7
6 12 25
14 12 48
15 11 20
12 26 33
17 15 9
5 4 14
23 22 10
4 9 23
20 26 40
20 8 37
1 6 38
22 18 29
2 12 6
19 21 45
8 6 43
13 4 11
9 23 27
15 8 35
19 14 37
9 21 38
10 9 32
16 24 18
4 20 14
5 1 14
2 26 5
16 21 12
1 16 39
18 23 6
15 20 28
10 20 35
25 7 37
18 5 2
3 5 30
15 13 19
17 18 42
13 26 23
6 21 43
14 18 7
12 1 21
12 13 46
14 2 9
19 22 11
27 2 4
19 7 11
15 2 20
6 11 35
25 13 39
25 14 29
3 8 43
25 12 24
9 25 38
16 6 39
3 4 16
5 20 6
18 3 43
4 8 31
13 19 16
7 24 29
1 13 4
8 5 16
1 20 24
