34 404
14 29 5
8 20 8
18 26 5
12 18 50
18 5 25
11 27 49
31 4 28
20 16 26
16 26 32
29 7 38
14 16 29
13 7 6
32 9 7
22 31 23
22 15 15
32 27 23
25 3 33
33 31 2
22 30 1
12 20 17
20 28 48
25 10 28
13 12 23
1 32 13
20 27 18
1 13 35
15 3 18
1 3 2
32 3 31
34 26 27
8 21 42
18 6 22
17 18 8
20 25 30
9 27 8
19 33 2
6 10 5
3 30 19
31 13 28
10 28 48
12 19 34
15 32 39
26 11 12
13 6 50
31 21 8
8 7 24
2 12 46
32 13 44
12 9 50
16 17 18
13 4 39
29 31 10
14 5 7
5 24 30
32 29 19
1 20 33
6 28 30
16 4 48
2 32 19
5 2 36
23 33 43
9 28 11
7 32 18
4 17 8
10 2 18
23 20 13
26 5 16
16 15 12
29 3 33
20 13 29
12 26 29
13 29 6
5 28 8
23 22 44
7 10 41
9 6 14
10 23 4
31 5 27
10 21 28
13 9 43
25 13 39
32 4 35
19 30 4
10 32 4
33 12 27
14 26 35
17 29 28
19 13 8
23 8 9
25 18 36
5 23 28
1 4 7
34 21 5
27 12 11
28 3 20
17 2 40
14 11 11
30 6 17
12 4 13
33 3 12
34 7 1
29 26 42
28 29 43
20 18 18
5 34 22
14 2 18
31 20 21
17 8 24
22 1 29
28 27 29
19 17 42
25 5 10
18 16 28
30 16 38
11 9 46
22 4 33
16 1 25
1 12 18
33 22 3
12 21 1
6 19 31
16 28 40
29 8 14
17 7 14
22 17 41
5 19 37
6 23 38
30 25 9
14 3 1
16 34 6
33 14 47
15 1 2
24 26 49
14 6 23
4 30 37
33 7 6
7 18 42
17 24 16
17 11 25
29 5 10
9 19 4
12 34 8
7 2 33
30 27 36
32 20 45
16 22 19
4 25 18
5 22 43
20 22 1
3 16 15
20 26 44
31 10 36
28 11 30
34 2 36
33 15 21
23 14 27
2 18 45
23 18 36
3 5 45
15 6 39
14 1 45
7 12 16
13 33 21
5 8 18
15 2 25
13 17 12
27 22 39
23 31 20
14 27 46
21 16 20
33 18 3
14 30 22
26 1 6
10 4 49
11 19 29
16 13 9
13 18 3
22 12 22
17 9 39
6 4 9
26 7 26
17 28 45
33 21 24
4 23 9
15 7 8
20 15 18
1 19 48
21 3 33
22 3 35
19 24 13
33 1 1
14 21 28
7 25 47
9 29 9
27 26 45
10 5 22
3 10 47
31 12 29
19 10 34
21 17 11
2 3 18
8 14 16
20 11 6
29 20 41
11 29 32
25 28 9
19 32 37
23 12 45
25 23 37
23 1 44
2 22 27
3 8 8
2 9 21
33 29 21
30 34 1
28 14 26
19 14 1
19 21 12
4 9 39
8 11 35
11 13 23
10 34 28
8 18 41
15 5 10
26 31 27
31 2 37
28 21 49
8 4 4
21 18 47
7 1 29
1 11 21
19 34 21
32 26 49
6 32 1
17 34 22
11 4 30
24 2 5
1 17 31
32 18 35
15 26 41
22 11 4
22 6 18
21 29 21
16 29 29
24 1 33
5 4 42
21 30 9
27 29 25
6 25 37
12 15 23
16 33 20
8 1 26
17 32 40
2 13 16
2 30 1
28 18 29
21 9 24
23 24 14
19 25 41
11 30 23
15 10 15
28 32 14
8 9 39
3 7 50
3 27 16
30 12 30
15 21 31
8 24 38
12 14 37
18 29 27
6 20 36
19 2 29
2 8 28
18 15 11
28 12 9
7 22 19
18 19 44
17 30 45
14 15 50
12 17 10
15 13 12
10 14 33
6 31 1
26 4 1
16 2 23
33 17 14
1 29 35
27 15 40
18 34 28
29 34 50
9 33 11
21 24 23
25 15 28
18 22 18
14 31 22
1 9 3
15 28 19
10 9 30
11 16 6
27 7 41
14 4 44
19 4 46
24 6 4
5 12 8
27 25 31
2 21 43
3 19 28
15 34 19
31 27 1
17 23 29
19 27 4
16 12 22
34 13 5
23 3 24
7 28 14
17 26 36
10 16 11
23 29 33
23 7 7
25 32 49
30 32 12
21 11 48
6 8 10
22 24 43
29 10 24
9 30 40
1 5 36
10 20 38
13 27 49
1 27 8
21 6 47
26 9 22
25 8 14
33 10 18
14 24 37
21 25 18
27 5 9
33 25 5
24 3 17
16 25 40
1 21 20
32 8 15
30 18 23
13 24 6
18 9 34
16 24 25
8 28 46
18 24 12
19 8 12
5 20 20
27 33 39
6 27 47
28 2 23
17 5 13
6 5 36
28 23 40
8 31 12
16 9 21
3 11 45
25 34 42
22 34 23
24 9 45
11 6 25
31 18 3
26 2 27
16 7 17
11 15 9
23 21 27
2 29 14
14 9 42
13 3 45
16 32 19
34 28 3
18 10 13
22 19 36
18 11 15
26 33 38
23 11 13
3 4 32
26 28 10
26 23 12
7 31 37
24 20 5
6 16 20
23 16 17
24 32 24
24 10 12
6 33 35
5 9 13
14 13 19
24 31 1
15 24 35
14 20 30
12 29 10
27 18 8
9 22 37
19 15 11
33 28 7
23 32 4
34 1 16
23 2 22
11 34 25
33 5 31
24 4 33
