30 385
29 20 21
28 7 34
11 18 14
28 25 4
24 1 10
30 3 24
8 15 3
29 13 5
3 28 47
23 2 44
9 16 23
3 25 31
4 27 37
26 29 28
16 14 24
27 19 50
26 5 17
23 29 7
24 7 3
10 7 21
25 19 33
12 13 25
2 10 27
17 13 23
14 8 1
21 9 32
17 7 14
6 18 13
8 1 2
17 26 37
9 5 7
1 18 22
7 11 2
2 29 11
19 5 3
5 11 17
4 21 7
2 18 2
3 2 2
27 15 23
20 18 17
14 12 35
4 8 46
20 8 5
12 5 38
2 14 1
19 24 16
9 22 43
6 26 32
1 13 49
17 14 23
21 23 15
25 1 34
12 9 20
3 11 2
4 23 24
9 7 34
20 3 19
7 21 46
8 26 40
9 2 49
16 8 19
1 10 29
18 19 2
4 2 29
8 11 12
29 19 32
25 14 34
25 22 45
24 21 42
3 26 27
11 2 42
12 1 9
14 26 43
14 6 11
20 25 24
5 8 45
6 21 41
3 5 14
11 12 39
28 24 3
9 14 42
1 23 24
21 17 33
28 26 16
30 15 4
9 11 11
25 12 16
26 20 18
3 22 32
1 4 30
10 27 32
29 17 27
14 29 18
16 1 4
11 24 8
9 20 17
24 15 23
18 23 35
30 28 7
14 11 9
23 17 20
4 3 40
12 17 40
13 15 40
10 8 1
5 17 49
7 12 34
18 15 49
8 24 46
26 4 20
13 25 11
3 14 22
28 1 44
9 23 19
24 26 26
6 16 11
27 21 30
1 5 24
7 5 50
1 22 25
10 25 25
5 21 2
1 11 34
28 13 45
29 25 37
25 24 42
29 4 10
30 1 1
23 19 44
24 17 50
17 6 27
4 22 36
17 16 12
27 17 39
18 5 18
15 29 19
21 18 16
7 29 35
4 10 37
18 10 1
1 6 44
28 27 5
4 11 11
5 4 26
2 1 11
11 29 35
21 28 21
11 21 4
26 2 12
6 24 36
3 15 24
2 16 12
8 2 17
30 18 27
17 22 47
13 24 35
2 24 7
24 16 33
19 14 40
26 21 18
5 22 19
8 22 27
18 4 22
9 27 10
27 29 10
16 26 43
7 16 16
6 15 45
25 11 8
30 12 17
14 13 34
22 20 50
16 29 37
10 26 21
18 16 49
30 24 28
28 18 16
12 4 43
19 21 15
15 21 33
5 20 17
17 11 27
2 15 24
30 25 17
11 23 44
22 28 14
12 27 32
4 30 12
22 23 32
13 5 48
28 6 11
3 17 20
12 19 40
27 3 40
13 8 8
12 16 6
5 24 20
2 7 12
16 21 31
16 19 45
19 8 36
9 13 40
19 17 4
4 13 49
23 26 12
19 4 5
13 30 20
21 10 30
26 7 45
23 5 44
14 18 2
1 14 22
1 17 20
25 21 23
15 20 23
20 6 22
29 3 25
2 6 29
7 19 10
2 27 41
27 1 38
3 1 49
23 16 36
16 4 34
15 10 48
4 28 33
23 14 35
6 23 16
30 16 24
8 25 25
22 10 24
2 5 15
4 6 4
15 9 15
30 17 32
10 11 19
22 21 7
6 9 1
8 3 9
18 9 10
3 16 31
2 19 8
10 19 5
13 23 20
17 10 6
12 21 11
5 6 5
9 30 32
18 17 13
19 26 4
15 17 4
14 20 31
29 24 7
27 22 48
20 4 33
6 25 45
19 11 22
16 15 45
18 26 43
25 2 14
7 20 22
28 17 34
11 16 10
1 19 14
5 10 7
8 18 16
14 5 25
24 20 13
20 1 32
9 10 16
27 6 47
13 22 9
27 11 6
15 4 40
2 30 49
13 11 21
11 22 18
23 7 5
14 24 15
11 28 1
10 3 38
17 8 22
30 8 11
28 12 41
1 26 14
18 25 23
18 13 36
21 13 9
4 24 45
30 29 38
22 29 35
15 26 6
27 18 50
29 12 29
30 23 27
26 27 16
30 21 31
8 23 11
27 24 38
26 12 4
7 22 27
7 6 36
28 8 48
26 30 11
12 10 45
16 27 22
25 17 4
19 9 35
10 23 22
19 6 16
12 6 38
8 12 9
14 7 18
3 23 38
3 24 23
7 15 19
9 28 35
2 21 48
6 10 49
9 24 4
11 15 40
30 14 25
18 24 16
10 28 34
15 22 35
22 6 2
30 19 10
10 20 47
15 1 24
29 6 9
18 3 36
25 23 17
29 18 10
22 12 10
27 14 2
13 10 13
30 7 23
25 4 43
14 10 20
19 13 23
8 7 40
25 27 24
15 28 20
28 29 49
3 6 24
26 25 7
27 7 14
14 22 6
7 4 29
22 2 12
22 30 11
24 23 43
10 16 45
8 6 25
27 5 33
6 11 4
17 9 15
13 26 15
15 25 4
26 9 8
5 25 24
25 9 5
12 23 47
3 7 38
7 18 11
20 28 2
29 9 5
5 16 42
20 27 17
4 14 15
18 22 17
18 12 20
3 13 43
10 30 36
19 22 18
3 9 30
20 23 47
23 27 37
13 2 24
12 2 39
13 7 44
15 12 11
29 1 37
22 26 44
