49 1061
45 24 9
21 19 6
14 45 2
22 11 2
32 42 9
35 3 9
30 19 4
47 35 6
33 12 1
3 29 6
10 8 7
41 26 6
23 20 1
26 16 5
12 49 4
26 21 1
11 46 2
11 5 10
32 47 7
18 49 2
39 43 7
25 27 3
4 18 10
33 13 5
35 20 1
42 46 6
32 39 2
16 38 5
35 24 1
40 19 5
8 4 2
30 29 3
28 11 8
38 49 2
1 38 6
17 33 5
49 32 7
17 20 5
27 38 7
36 17 4
25 12 2
11 4 7
47 24 1
11 45 9
12 28 9
45 23 5
6 43 10
49 7 1
20 33 7
49 33 10
38 15 9
5 27 9
29 38 3
32 40 5
39 17 9
13 14 6
19 45 1
49 27 2
28 30 7
5 28 5
42 39 6
44 18 1
15 31 5
32 18 3
32 30 9
4 33 6
46 26 9
29 26 7
20 10 6
36 35 10
16 13 8
38 22 5
20 6 8
33 22 3
6 26 7
6 16 7
3 26 1
34 21 1
19 39 10
30 23 2
31 3 1
33 47 2
36 43 4
37 5 2
43 9 6
37 25 5
19 49 5
45 47 10
38 44 8
39 34 10
1 8 10
1 49 5
17 4 8
43 24 5
42 24 10
13 8 6
43 28 9
26 24 8
43 17 1
1 43 2
42 7 4
25 19 1
42 3 6
18 6 3
19 11 5
13 12 10
40 49 5
41 40 8
4 45 4
32 25 7
26 48 9
2 43 1
24 4 5
16 34 9
7 27 1
45 20 7
45 29 7
37 16 4
40 28 5
18 34 1
18 40 7
33 1 9
34 5 6
8 34 10
38 8 2
26 22 7
13 1 10
43 12 6
15 28 8
2 38 10
35 21 9
19 23 5
3 10 7
24 7 8
8 19 9
25 8 7
47 16 10
34 9 3
43 41 10
20 32 8
37 41 8
7 13 9
38 36 9
10 46 8
11 20 6
33 7 7
9 3 10
32 16 7
31 27 9
30 47 8
18 29 8
27 2 1
42 21 4
48 43 8
48 19 5
37 10 4
11 6 7
32 8 8
20 5 10
45 3 6
46 14 4
17 49 10
47 3 2
37 12 8
48 36 7
32 35 3
35 37 5
39 25 8
36 24 10
3 21 3
46 41 7
22 36 9
9 38 9
44 48 7
42 4 3
47 48 8
8 6 9
30 6 2
5 38 7
47 22 3
5 22 9
2 34 9
27 45 10
36 13 2
37 42 9
43 45 10
38 39 2
20 27 8
12 42 10
33 42 6
40 17 8
43 11 9
33 43 6
36 27 8
25 13 2
7 3 10
2 9 10
19 1 5
19 7 9
1 47 9
9 6 4
1 20 9
16 14 9
26 42 5
42 9 1
7 40 1
3 19 2
10 38 1
23 37 4
10 17 3
4 21 9
46 30 9
26 31 3
23 17 6
2 24 3
45 15 1
49 23 1
10 43 8
2 48 8
35 19 8
12 2 5
12 16 3
9 14 4
3 13 7
20 25 3
22 3 7
24 5 8
43 29 3
35 6 9
4 15 2
13 39 4
20 22 9
4 19 1
25 5 3
29 31 8
48 35 4
24 3 7
22 40 3
46 8 8
26 35 3
29 49 6
41 3 10
35 22 4
46 22 10
24 13 1
39 6 2
44 28 3
15 19 10
12 38 2
36 44 4
27 13 5
2 46 5
21 32 10
9 28 4
23 3 5
32 48 6
12 20 1
16 35 8
41 28 4
35 39 8
11 21 10
33 27 6
34 7 9
11 13 10
24 15 4
9 40 10
30 3 8
2 7 4
39 5 8
11 26 5
45 21 9
40 21 1
24 21 5
1 16 7
2 4 2
29 41 2
45 32 6
19 22 7
24 41 1
6 22 10
36 10 1
14 29 9
45 37 1
11 49 4
15 34 9
16 8 7
1 21 9
49 31 7
20 26 2
20 8 10
7 46 10
32 11 10
17 1 8
48 27 9
44 14 8
12 7 6
37 17 9
38 42 3
20 46 3
43 14 3
14 33 4
40 10 9
3 36 3
19 6 1
24 23 1
26 40 8
38 4 1
4 40 10
4 23 9
13 46 7
19 13 6
46 4 10
39 23 1
21 38 5
22 27 5
12 11 6
21 37 4
35 10 2
22 12 6
48 25 9
42 49 10
26 15 3
42 45 4
35 1 5
3 6 2
35 23 9
48 16 1
47 26 7
4 3 5
3 39 10
14 15 4
19 44 9
22 1 8
40 12 6
1 23 6
23 2 2
24 44 3
6 13 6
38 47 7
42 43 3
14 42 2
19 18 1
15 3 1
49 16 8
3 49 8
32 12 2
4 5 8
25 10 10
24 19 1
41 38 9
37 2 8
39 36 6
16 11 7
10 48 5
10 13 3
40 31 1
41 15 9
44 29 5
9 10 9
26 19 9
1 15 7
29 9 6
11 8 6
5 41 7
1 10 3
24 37 9
21 43 9
11 10 4
21 39 10
20 41 6
8 27 5
39 14 3
16 3 9
3 5 8
5 33 8
3 43 6
4 30 2
4 47 5
27 19 8
10 23 4
10 45 6
32 41 6
48 45 2
36 29 3
35 5 6
10 22 6
38 23 10
5 32 10
14 19 8
9 12 6
28 37 8
34 28 2
37 11 9
9 41 4
47 15 2
15 6 1
37 48 7
13 43 1
36 16 5
18 2 7
43 22 7
3 17 9
48 4 8
38 43 3
46 45 9
18 1 7
29 22 6
13 41 8
31 6 2
41 7 3
15 33 9
47 49 9
28 18 10
6 10 7
37 34 4
11 34 7
41 1 10
3 27 8
42 19 2
20 49 3
12 14 9
37 29 6
15 12 6
49 45 10
12 39 8
10 42 7
23 48 5
9 46 8
29 28 1
3 38 7
7 5 5
20 40 1
39 44 4
37 4 7
40 24 4
24 32 8
25 43 1
33 28 10
23 16 6
39 33 7
30 2 7
37 40 10
9 45 10
12 18 10
28 31 7
39 47 10
21 15 5
39 45 4
30 8 6
17 44 8
31 7 5
49 44 5
42 31 2
34 46 7
1 25 2
49 22 1
42 17 1
13 48 7
28 14 6
31 23 8
40 33 8
44 26 8
11 38 8
30 7 2
36 11 1
49 35 5
23 41 5
14 30 9
20 44 3
22 15 9
39 37 5
32 29 7
32 7 4
13 44 6
40 6 3
35 12 7
38 33 6
2 49 5
2 3 5
1 31 1
12 21 10
7 39 7
9 44 3
12 4 3
15 30 9
9 17 5
15 25 10
17 32 5
39 49 3
11 47 1
48 3 4
15 9 10
35 25 4
32 19 9
27 44 8
30 34 1
11 15 3
35 29 7
30 37 6
43 35 4
29 17 7
21 18 5
46 37 3
2 40 2
38 32 2
45 28 7
40 42 9
49 13 4
18 35 4
38 45 10
7 11 9
37 18 10
49 36 2
12 29 2
45 8 9
25 29 9
33 23 8
23 28 5
10 7 2
6 46 9
25 26 5
18 39 3
8 42 10
49 6 9
37 7 6
33 45 6
23 34 4
9 19 8
46 5 3
18 22 8
24 16 9
9 7 10
40 25 9
23 43 7
30 12 9
43 37 7
42 36 5
40 29 2
27 10 9
5 1 3
20 4 2
4 36 3
5 49 5
49 15 9
26 7 8
25 4 6
44 40 9
17 27 10
1 42 7
25 11 10
9 47 2
34 13 9
46 29 5
25 28 6
33 11 9
27 30 7
45 2 3
40 47 10
33 48 6
14 27 3
27 9 5
12 5 2
32 22 2
2 11 3
38 20 8
29 11 5
15 43 9
16 2 1
12 27 8
7 23 6
35 9 3
4 16 8
7 47 1
36 19 2
5 16 9
31 22 8
21 33 4
19 2 4
23 13 2
6 48 4
2 25 2
28 19 8
49 37 9
42 34 1
8 21 1
4 22 10
9 20 1
28 26 6
33 26 5
33 31 7
28 46 4
17 16 3
13 4 7
17 31 7
46 1 6
22 45 10
9 30 3
6 7 4
8 48 9
5 40 10
27 28 10
3 25 5
3 1 2
36 23 1
6 36 2
14 7 8
10 29 1
31 47 7
3 37 9
7 28 7
12 45 8
29 48 1
4 9 9
38 35 4
18 33 3
38 19 5
3 8 8
2 13 10
49 14 3
22 13 4
12 46 1
40 43 2
5 19 7
39 26 5
9 37 1
1 7 3
13 30 6
1 11 8
22 21 9
11 17 9
20 37 7
8 26 5
23 21 10
20 3 6
44 8 1
40 38 1
30 26 3
13 35 2
4 39 1
22 34 3
46 16 6
20 48 10
20 31 6
21 27 5
48 21 9
32 23 3
27 47 10
10 44 10
46 17 1
12 48 10
41 4 8
20 7 7
33 3 6
31 32 5
41 42 1
44 30 7
21 31 6
16 22 7
34 25 7
22 17 3
6 23 8
4 6 2
22 9 5
15 37 3
9 33 3
20 47 5
28 39 2
33 2 10
42 28 5
36 28 4
4 32 7
12 10 3
14 24 10
48 22 9
21 14 1
17 19 6
20 39 7
19 37 3
13 9 2
39 8 10
9 31 2
14 2 1
37 44 5
30 1 1
1 44 10
20 28 1
34 12 2
3 46 1
40 35 8
38 26 5
5 18 6
31 10 3
22 14 8
1 27 8
12 23 6
27 37 5
7 17 4
34 36 8
22 25 10
44 11 7
26 12 1
14 25 6
48 9 9
10 18 6
41 44 3
5 29 10
17 24 7
28 48 10
44 25 3
2 28 2
5 6 3
30 18 7
36 31 5
35 44 6
36 15 7
20 29 9
4 1 4
41 49 8
27 34 9
22 24 1
16 40 7
12 6 1
46 19 8
26 36 5
7 4 10
33 6 4
29 33 7
22 37 5
28 24 10
21 5 1
43 19 2
13 28 10
27 40 5
30 33 2
40 36 5
29 39 1
13 17 5
10 49 6
1 29 7
8 12 8
39 16 5
24 8 5
41 10 5
41 21 6
4 28 5
16 21 7
47 36 1
14 10 2
40 45 8
6 29 3
7 38 2
43 47 7
19 31 8
3 40 2
1 28 4
4 34 2
47 25 1
36 25 1
41 18 7
27 6 2
3 32 7
35 30 5
26 2 4
49 25 4
22 42 7
27 32 3
36 32 6
17 35 9
48 7 8
35 7 9
47 13 1
25 24 6
5 13 9
16 19 8
25 16 9
43 49 6
30 10 3
1 45 2
2 20 4
35 31 5
18 46 7
35 8 7
48 49 10
30 39 8
22 28 10
6 21 1
10 33 4
14 34 9
33 34 9
43 7 6
22 44 2
34 24 5
35 42 10
30 20 6
28 32 10
23 46 5
10 16 10
22 8 1
47 41 5
13 21 10
41 31 9
40 1 9
18 36 5
39 31 10
6 14 6
28 6 1
25 42 8
41 14 2
41 34 6
39 48 3
32 14 3
16 31 4
15 13 8
28 47 3
49 26 10
32 1 1
10 32 10
21 46 3
22 2 7
22 23 7
14 5 3
45 7 1
27 4 6
21 10 10
37 13 8
45 25 8
9 5 9
49 24 2
43 18 4
35 4 3
29 8 10
21 49 3
23 8 9
34 48 1
14 1 7
19 29 1
13 38 6
39 2 10
18 16 9
6 24 9
18 15 6
42 2 10
40 48 3
33 37 1
11 40 9
37 36 4
15 42 3
26 5 3
9 18 5
8 7 2
17 6 2
43 16 9
43 27 4
40 34 8
14 17 7
15 29 2
41 12 9
5 10 4
46 38 3
41 39 7
21 36 4
31 5 9
19 41 5
27 35 3
9 11 10
23 29 7
17 21 6
1 48 3
35 41 5
21 20 5
16 41 3
23 47 7
26 1 3
31 43 6
45 26 3
26 27 3
9 16 6
23 26 8
24 30 9
17 47 5
20 13 9
35 34 2
15 46 4
17 26 7
14 23 2
41 8 10
48 18 2
32 6 4
29 4 4
8 5 5
31 34 8
6 38 7
26 32 9
28 16 2
48 24 8
31 46 4
35 45 6
48 11 2
15 16 4
20 19 1
37 26 2
36 7 3
39 27 9
12 47 10
39 24 4
35 15 9
34 43 1
47 18 7
47 8 8
38 34 7
22 7 1
2 44 9
33 44 4
33 41 4
29 16 10
19 10 10
12 1 8
4 43 8
15 48 6
3 18 8
23 42 2
6 45 6
44 5 5
34 32 4
6 34 5
26 4 4
34 19 8
10 24 8
26 14 8
6 25 6
31 25 4
31 24 6
27 23 5
8 33 7
38 48 2
27 24 1
43 26 7
47 19 8
21 47 2
34 26 6
45 18 5
20 42 4
30 17 9
15 17 10
37 47 4
25 7 2
46 47 7
45 16 5
34 1 5
3 11 2
15 27 4
25 41 1
1 24 4
44 3 6
44 15 2
11 23 2
39 1 2
47 6 1
42 18 9
1 37 10
34 47 2
34 45 6
20 16 1
40 39 5
30 43 3
34 3 4
44 31 10
18 31 1
16 33 6
16 30 4
23 18 6
11 41 7
32 46 3
24 38 7
47 5 4
39 11 9
5 2 4
10 2 10
40 8 7
8 14 7
14 35 4
42 44 1
29 27 3
40 13 2
35 2 8
18 24 2
21 25 6
18 38 4
46 35 4
29 42 7
44 32 6
49 30 1
44 34 5
17 5 7
14 47 3
30 22 3
9 24 5
41 17 1
9 49 7
8 15 6
10 34 9
4 14 3
45 5 7
38 37 9
8 49 6
21 29 1
32 9 6
30 36 4
28 38 1
2 47 7
39 46 6
48 46 6
14 38 3
31 37 2
6 41 8
25 38 2
4 44 3
18 20 7
18 17 2
36 45 1
18 14 1
10 15 2
8 28 6
48 17 7
48 5 7
8 9 1
29 7 5
39 15 2
5 30 7
43 46 3
40 23 5
14 20 5
1 6 10
24 33 9
44 43 2
17 38 5
35 33 4
44 16 3
2 15 3
25 33 3
10 28 5
11 27 10
28 3 8
24 11 9
11 42 9
25 23 1
15 5 6
32 33 4
46 24 7
47 42 7
42 5 5
30 11 6
1 36 8
16 42 6
44 45 1
43 20 6
41 30 1
36 2 4
47 29 3
28 49 6
32 13 2
