44 926
12 19 9
31 9 5
11 14 4
43 37 9
44 6 10
43 14 7
9 7 5
32 35 10
22 15 1
22 39 4
17 25 7
34 21 6
25 41 1
29 44 6
3 2 1
19 42 5
10 23 7
10 28 3
9 23 10
35 6 1
8 13 8
30 35 3
11 39 9
32 23 10
8 35 2
20 22 3
4 18 3
41 18 5
31 16 1
35 33 5
19 32 8
15 16 10
1 24 10
9 27 2
13 1 10
35 5 1
41 7 5
37 42 7
42 39 10
3 40 9
23 42 5
25 35 8
40 29 2
36 20 4
34 36 5
15 17 7
18 35 9
4 39 8
25 12 5
14 29 2
35 24 2
42 4 9
34 13 5
10 6 3
18 19 1
17 21 3
27 40 5
32 1 2
42 43 1
4 3 4
10 11 7
27 1 9
20 14 1
40 44 8
13 35 4
4 38 3
41 33 8
44 18 8
29 8 3
37 11 5
21 32 3
42 30 3
19 21 8
38 6 5
32 36 4
33 27 2
37 15 5
3 34 5
31 23 4
38 44 1
35 22 2
27 39 7
18 34 6
26 8 3
30 24 3
29 36 5
44 28 2
18 11 4
21 6 2
27 38 3
22 19 7
21 1 9
8 37 2
42 15 6
43 22 3
21 31 4
12 23 9
42 33 2
29 3 6
18 33 6
38 12 3
40 38 3
33 28 1
24 12 3
25 28 8
3 42 5
10 22 5
1 16 1
13 26 10
35 15 10
32 8 2
23 28 10
9 24 8
39 31 5
28 35 2
26 29 3
5 26 5
1 38 2
2 9 5
38 23 9
2 37 2
42 40 3
18 12 2
19 24 5
32 39 10
17 12 9
11 24 4
2 34 6
26 41 3
20 38 9
30 5 7
28 43 9
8 17 7
15 21 5
38 10 2
27 22 2
16 35 5
9 35 7
28 32 2
41 44 2
34 15 7
40 5 6
20 32 2
28 18 8
28 15 1
30 19 10
26 4 3
20 27 3
9 18 10
30 28 7
7 27 4
14 36 1
12 1 10
41 23 8
19 28 1
14 28 5
13 20 7
1 22 2
6 18 3
37 44 9
32 16 5
9 39 3
13 22 1
5 13 9
8 22 9
9 19 3
13 3 8
44 42 2
7 14 6
13 31 6
9 11 9
28 4 5
23 19 10
19 7 4
14 16 7
18 26 6
20 19 4
10 35 4
24 14 1
15 26 3
28 9 6
17 44 10
14 27 1
7 4 6
18 29 7
34 25 9
10 18 9
27 29 7
44 20 9
43 12 9
14 2 10
27 15 6
18 5 9
41 28 8
4 22 10
21 20 10
42 16 5
37 3 9
34 33 7
34 42 9
37 35 9
26 33 4
17 41 8
17 26 10
39 16 6
1 36 1
8 44 6
42 27 4
22 41 9
20 2 10
9 32 4
16 34 9
31 26 9
2 31 1
31 19 4
7 31 8
40 37 3
1 33 3
40 12 9
12 29 1
25 29 7
8 20 1
42 35 4
27 31 7
16 12 4
30 11 5
22 30 7
30 16 3
33 14 8
34 9 6
39 25 2
11 19 1
19 26 4
42 25 4
12 35 5
1 31 3
24 34 2
6 28 2
2 29 7
15 8 7
33 3 10
20 17 7
29 10 3
33 4 3
39 12 10
30 31 4
29 43 7
31 14 4
41 38 7
17 38 5
1 42 3
22 33 5
29 7 10
17 6 1
18 42 1
21 43 5
10 3 8
3 36 10
10 40 4
7 20 9
38 28 7
14 38 10
16 10 8
31 42 9
1 44 4
39 10 6
26 9 7
30 12 3
27 28 2
21 44 2
13 23 9
14 10 7
15 29 10
38 9 5
11 3 9
25 7 5
34 14 10
15 11 7
32 41 4
37 34 4
20 43 8
37 22 8
32 22 4
44 32 6
15 40 7
31 12 9
17 30 5
36 37 2
1 34 1
5 16 10
22 38 1
17 29 4
2 44 8
7 36 2
8 5 7
37 1 2
30 18 2
29 16 8
5 2 7
3 43 9
14 12 2
35 21 4
27 4 1
29 19 8
39 38 10
25 22 8
20 9 9
30 2 8
40 4 6
43 19 9
41 34 3
15 18 7
18 14 4
3 38 5
38 5 7
9 37 3
11 20 1
30 33 5
26 23 8
19 27 6
2 7 7
26 28 5
30 25 7
33 16 2
40 9 6
14 21 7
37 18 9
2 35 7
12 3 8
28 2 6
25 11 6
20 12 9
38 25 10
21 39 6
12 28 5
7 8 7
7 18 6
34 23 6
13 6 7
3 24 7
36 8 10
9 5 1
21 41 5
2 43 6
14 44 9
12 41 3
16 27 7
20 37 8
36 17 8
33 29 10
25 14 5
37 19 7
30 34 6
24 42 2
4 21 6
12 36 5
22 31 6
18 22 3
44 10 1
42 12 6
30 1 2
14 13 2
5 34 10
20 39 7
9 10 5
18 25 8
34 6 10
42 28 9
8 2 10
28 11 9
39 7 3
26 36 3
14 26 8
25 44 4
2 17 1
34 27 8
13 39 10
8 4 5
6 5 4
2 15 6
23 39 2
38 8 9
12 32 3
17 1 3
35 34 1
41 5 4
5 36 10
27 35 9
24 29 3
17 39 4
40 7 3
23 2 10
31 18 5
2 40 2
20 33 5
8 39 9
35 20 5
36 33 6
27 13 6
10 26 2
19 16 5
13 38 3
18 1 7
8 21 1
26 20 10
5 12 5
25 32 7
40 6 2
3 39 6
26 27 5
23 11 5
24 17 1
26 34 7
11 22 6
2 19 8
28 37 7
33 40 7
23 22 2
43 41 3
41 3 3
4 43 9
41 37 7
27 5 6
10 24 1
42 26 9
30 23 5
39 28 9
10 8 1
11 21 7
6 29 6
20 10 2
36 38 2
25 33 7
33 10 5
44 15 4
8 28 4
31 32 3
5 17 3
5 28 5
23 14 2
32 43 1
24 37 6
35 17 6
35 23 10
7 15 8
10 4 10
16 8 4
37 14 7
34 8 9
29 11 7
22 36 3
22 42 9
6 2 3
4 11 6
41 9 8
18 36 10
21 9 7
34 19 4
17 11 7
23 16 5
26 21 10
27 11 1
37 17 1
34 44 5
21 23 4
25 23 1
33 31 4
42 36 7
2 25 5
17 34 2
11 41 1
6 8 10
11 44 9
40 16 6
22 29 7
8 27 7
17 19 1
6 15 1
6 11 5
15 5 5
24 21 5
39 36 10
40 35 3
32 10 6
10 2 10
44 36 2
15 32 3
37 7 1
10 5 3
44 35 2
40 17 5
16 21 10
19 8 9
38 24 2
39 14 6
8 43 8
21 28 2
37 23 9
8 18 4
21 5 5
17 28 10
36 10 9
27 2 10
8 31 5
26 16 2
35 14 3
43 26 5
6 26 5
39 37 6
29 23 1
3 1 1
6 33 2
31 35 4
5 1 4
42 10 5
21 13 3
44 5 4
33 23 3
28 29 3
25 5 3
15 23 3
3 6 4
28 34 1
32 38 5
8 41 3
41 1 7
7 1 4
8 14 7
22 3 3
42 6 7
35 43 9
42 5 2
7 17 8
14 19 8
2 39 9
23 17 7
4 13 5
20 4 6
1 39 5
33 17 9
24 39 10
42 14 1
26 7 5
41 39 7
26 22 2
30 41 3
38 16 5
32 30 9
5 19 6
7 11 5
3 26 5
11 35 8
15 25 7
19 4 3
8 11 8
43 44 1
34 39 2
43 23 5
39 29 6
19 38 8
18 38 5
32 14 8
25 31 6
38 30 10
30 9 9
29 30 6
6 25 9
15 33 9
3 31 7
42 29 10
40 34 3
24 44 5
40 43 3
4 37 2
14 15 4
20 28 7
5 4 7
21 30 3
29 34 1
29 5 8
30 36 9
31 41 7
33 38 10
28 22 9
13 33 5
22 7 9
7 34 6
42 13 10
34 12 1
9 44 1
44 19 1
15 30 3
2 26 6
9 22 7
11 26 4
6 20 6
27 37 4
5 31 4
39 30 7
9 42 4
15 41 2
14 3 7
32 42 8
33 5 7
36 21 6
24 26 2
9 12 9
5 7 8
33 8 7
32 6 5
12 2 1
10 43 1
41 2 5
35 41 8
26 37 6
2 36 9
31 20 1
7 10 10
34 4 8
12 44 8
16 43 9
6 7 6
9 13 2
43 38 8
8 40 1
22 44 8
19 3 6
15 4 7
15 31 4
13 15 1
18 13 7
38 35 4
36 6 3
11 1 7
13 36 9
22 12 8
4 25 9
11 32 3
3 20 8
40 11 8
13 17 3
38 42 2
4 1 1
43 34 4
3 17 2
33 7 2
31 37 8
27 24 2
39 15 9
40 19 7
6 9 7
14 4 5
1 15 5
16 2 3
37 21 3
25 19 7
3 27 1
30 26 4
1 2 5
34 11 8
19 41 4
40 25 10
39 19 8
9 1 7
21 38 6
3 9 10
40 18 4
41 6 4
31 40 8
30 37 6
27 18 2
7 21 9
11 33 4
3 30 1
42 41 5
8 30 8
6 16 8
26 32 6
38 7 3
13 28 5
24 23 1
44 16 10
30 13 7
34 38 2
18 3 9
18 39 10
23 1 1
32 18 9
16 24 1
31 24 3
44 26 4
31 28 5
7 42 7
4 16 6
21 42 3
36 27 10
42 8 1
35 7 6
10 12 8
19 10 4
24 2 5
24 8 9
13 2 5
36 24 6
1 28 4
25 8 9
41 16 8
30 43 9
7 3 2
30 44 2
40 1 10
30 27 7
39 43 5
16 7 1
2 22 2
20 41 8
29 13 3
15 3 6
37 38 8
35 36 8
24 7 5
13 25 3
37 33 10
20 40 10
32 5 7
24 4 1
40 26 10
22 5 7
26 39 6
17 22 8
43 11 5
1 43 3
43 6 2
29 20 7
36 4 1
43 36 10
23 44 7
8 23 6
26 25 6
20 24 4
10 41 3
42 17 4
6 4 3
43 24 9
40 36 3
23 20 5
25 43 6
3 5 9
14 41 6
23 4 5
32 3 8
18 23 1
4 35 4
40 28 9
20 1 7
23 5 1
19 15 6
25 24 8
21 40 8
35 26 2
30 7 3
25 37 4
17 43 2
29 1 5
4 2 9
17 31 10
6 23 3
2 21 1
21 33 2
24 13 8
9 33 10
9 25 9
5 14 1
19 1 1
16 3 2
24 5 7
18 24 5
3 35 8
16 18 5
40 30 4
11 42 2
4 44 5
1 14 6
44 33 4
36 25 4
12 33 7
6 27 1
40 32 2
36 15 2
24 15 4
16 20 8
39 44 8
12 8 3
18 20 1
9 36 4
23 3 2
12 15 3
35 29 4
27 32 1
6 12 6
9 15 4
32 17 9
18 43 3
8 1 8
16 36 10
4 12 10
22 34 9
43 31 9
31 38 9
10 37 2
38 29 2
21 29 10
39 5 4
11 2 5
7 28 8
34 32 1
9 8 6
43 5 6
15 38 7
10 21 9
11 36 1
17 14 2
22 16 2
10 30 8
29 31 3
16 11 3
41 13 9
19 33 3
41 27 5
18 2 8
15 20 8
25 27 7
1 10 5
24 33 9
16 9 3
13 43 4
25 3 6
24 41 8
25 16 1
29 41 6
11 12 6
19 6 3
33 43 1
4 41 3
5 11 10
14 9 8
24 28 1
14 30 6
39 40 4
1 26 1
35 1 8
44 31 3
32 37 2
16 28 8
29 9 1
6 22 3
37 6 8
31 10 6
38 2 4
40 24 4
6 14 9
13 44 6
17 18 3
32 7 9
35 19 8
10 27 3
25 10 8
21 22 2
14 22 8
30 6 7
12 26 2
40 13 8
19 13 2
16 13 4
1 6 2
21 3 2
25 1 6
3 8 4
16 17 2
13 12 5
32 33 9
11 13 3
17 4 6
9 17 3
4 9 5
20 25 8
25 21 9
5 20 4
10 13 8
38 26 8
21 18 6
24 6 9
27 17 5
15 43 2
37 16 6
7 43 5
41 36 6
17 10 4
10 34 1
40 23 5
33 39 10
20 42 3
30 20 7
36 28 6
33 2 3
32 2 10
15 10 1
43 27 10
2 42 10
43 9 6
4 30 5
23 27 2
36 23 10
29 37 7
21 12 8
3 28 4
12 27 10
13 37 7
13 32 9
7 23 1
36 19 3
11 31 4
31 34 5
39 35 2
29 4 5
37 12 9
