50 1214
24 12 13
30 49 47
34 36 48
2 24 31
37 4 36
46 43 50
10 18 39
25 22 50
48 1 16
18 29 34
40 25 18
48 18 40
19 7 13
7 45 11
21 25 26
2 35 6
4 21 35
9 25 23
45 46 29
46 17 17
45 28 43
49 34 30
46 13 39
36 45 42
1 46 19
42 6 46
30 13 21
36 8 18
9 20 5
38 23 46
25 32 12
32 6 21
6 49 16
48 6 27
36 3 16
38 36 28
42 26 48
20 35 12
20 5 46
33 3 32
37 16 18
50 26 49
14 43 48
3 19 40
15 39 43
26 31 21
14 11 21
30 15 38
10 3 12
25 35 9
14 45 26
1 13 41
43 42 18
2 19 19
14 38 27
15 36 49
1 35 19
20 7 25
45 44 18
20 4 42
15 25 6
37 47 19
23 14 34
32 1 22
17 39 36
37 49 24
39 37 50
15 38 33
37 43 15
20 32 34
6 50 20
49 12 30
17 40 7
18 49 45
25 19 47
25 41 39
32 37 23
49 47 14
13 18 22
19 14 44
35 17 1
39 31 16
31 43 22
5 18 2
15 23 9
7 31 35
2 5 33
42 40 3
42 25 27
40 35 32
33 13 13
4 43 45
12 39 42
42 31 41
17 43 39
23 5 21
16 47 20
4 35 45
35 24 28
15 48 49
46 49 37
11 49 28
44 40 43
31 38 44
4 3 41
21 13 14
34 2 10
8 29 32
18 2 22
44 46 23
49 9 27
10 22 47
22 7 15
3 28 28
4 9 1
45 30 11
11 5 50
6 35 1
43 22 18
30 50 23
3 25 4
47 23 2
44 25 33
29 4 25
13 45 5
25 26 11
25 49 6
5 44 23
35 8 27
30 31 21
1 17 24
13 26 11
27 1 33
45 49 45
35 26 41
32 31 33
19 4 23
13 17 42
35 11 38
16 43 36
22 8 21
34 20 8
33 34 8
23 48 18
18 17 27
13 32 1
15 18 43
8 33 26
49 17 3
21 28 35
38 47 13
23 21 30
38 4 37
31 4 23
8 42 46
8 21 33
12 28 43
11 43 13
13 20 12
39 14 26
24 14 46
20 16 22
36 5 32
1 42 31
34 5 22
43 24 36
4 2 18
3 22 42
46 27 44
22 44 13
19 48 32
6 14 4
16 38 31
46 22 15
44 32 2
46 8 24
29 20 37
21 43 47
11 18 40
19 10 10
25 16 22
25 30 41
2 28 25
32 48 20
47 45 38
48 35 8
34 45 28
37 9 35
29 23 15
50 23 36
37 31 39
14 46 44
36 35 11
49 33 45
2 14 44
14 47 43
1 4 33
10 30 44
31 23 20
23 6 1
23 45 43
44 30 12
28 6 47
33 31 40
7 8 47
35 10 30
20 33 27
9 16 39
4 17 15
37 27 3
13 23 18
44 28 25
29 45 8
34 21 3
4 16 32
42 37 14
41 31 49
15 32 38
12 20 48
45 18 40
27 48 42
11 3 24
19 43 9
19 8 31
24 10 3
12 32 25
22 23 28
40 50 14
12 1 38
24 19 45
41 26 44
31 40 40
10 48 37
6 39 6
38 1 12
41 17 14
34 42 41
21 12 30
14 37 5
18 22 2
18 34 22
32 19 37
13 27 9
33 50 10
30 23 34
35 32 12
24 5 42
41 6 21
39 35 16
11 38 15
20 25 50
34 40 14
6 36 25
9 13 46
19 12 6
23 27 32
21 48 10
2 9 5
9 32 17
39 33 42
18 47 49
34 50 7
37 28 20
12 17 12
27 2 17
2 17 8
14 18 39
11 6 16
29 7 30
17 9 5
38 7 3
18 1 7
43 30 9
33 42 22
17 36 29
45 31 15
5 25 12
40 24 13
47 11 45
11 2 35
41 30 11
34 23 33
17 32 48
21 40 22
32 34 46
5 27 14
26 21 45
18 43 30
49 1 37
8 50 40
13 43 11
6 33 48
17 48 22
26 2 43
26 45 13
32 23 4
17 5 48
35 37 11
17 37 4
49 44 17
28 7 10
34 3 4
48 11 21
33 41 10
28 5 4
22 47 47
23 43 6
31 22 32
14 21 28
27 28 1
12 15 34
22 45 45
18 46 15
40 20 1
15 6 31
9 35 28
41 21 30
19 33 50
49 28 5
25 2 34
21 44 5
24 46 41
5 39 48
8 3 5
44 27 16
8 5 4
5 50 41
38 40 17
10 26 27
5 37 2
24 37 10
15 21 12
39 46 29
18 35 35
43 49 40
20 24 14
12 11 33
47 12 25
30 17 2
7 48 30
40 19 43
21 7 44
49 31 19
33 4 4
34 26 35
6 16 7
13 50 21
3 14 4
29 41 8
36 42 30
48 20 29
37 19 45
5 19 29
46 42 39
18 27 12
46 4 17
15 43 7
12 30 36
5 31 32
2 3 37
40 1 2
39 2 21
23 10 44
49 50 17
19 31 30
18 44 22
6 34 33
15 45 36
5 32 44
15 11 45
30 32 5
8 17 46
47 10 15
33 5 13
8 25 2
42 11 39
29 36 39
48 9 16
46 10 44
12 7 45
48 37 6
9 12 6
20 21 44
40 7 14
33 43 31
25 50 42
9 39 46
39 11 24
20 17 13
1 50 41
38 28 9
40 6 47
39 25 32
13 15 7
40 3 47
5 6 20
44 17 29
41 42 33
41 38 10
37 25 28
44 6 11
22 14 13
10 11 42
23 40 19
35 45 32
40 22 22
35 5 46
30 38 33
34 16 34
46 31 23
18 39 32
13 37 48
12 2 32
44 48 50
31 15 34
23 11 9
17 29 36
35 34 39
37 12 11
16 3 10
18 41 18
28 25 31
15 50 41
8 28 4
19 20 44
47 43 18
6 2 12
2 7 39
36 20 36
20 44 43
21 47 15
18 38 45
14 20 23
25 29 6
11 7 1
33 28 40
38 20 44
6 26 39
37 11 43
7 3 15
2 22 38
30 22 32
29 10 32
37 21 18
41 34 17
25 11 34
4 40 13
48 50 38
31 35 35
47 13 13
1 36 4
29 24 26
26 8 12
24 25 36
11 33 7
3 21 3
46 30 32
46 50 23
7 37 5
4 11 16
39 16 1
9 24 41
9 6 13
19 16 49
19 38 50
8 16 40
18 8 48
35 50 38
5 7 22
6 47 46
21 39 15
26 44 38
46 40 9
26 5 15
16 14 32
24 15 16
6 30 37
33 12 14
8 2 10
30 37 49
49 39 38
47 4 36
36 11 31
48 26 32
19 45 13
29 2 4
24 47 41
17 33 10
28 9 2
42 28 30
41 27 26
39 1 13
44 3 1
15 19 10
46 25 26
22 20 13
33 40 27
16 24 21
3 18 48
35 19 9
29 11 39
11 30 3
15 26 24
50 24 18
17 50 13
41 3 33
8 34 21
1 44 37
13 40 33
45 21 22
30 4 41
48 16 18
32 46 44
25 45 8
24 8 20
41 24 10
39 41 49
12 36 13
22 48 35
36 19 18
6 3 2
41 10 43
11 40 22
26 14 23
26 18 22
18 21 48
17 6 35
15 9 29
35 7 32
36 21 19
14 17 20
43 48 21
44 39 16
17 28 34
8 15 33
30 8 10
8 6 29
20 26 36
33 36 26
7 18 38
34 28 17
26 47 19
49 22 50
33 37 26
30 35 44
4 28 19
41 28 2
32 4 7
49 35 38
24 13 46
2 30 49
30 40 29
20 41 22
40 2 39
45 27 38
9 36 24
16 17 1
13 35 14
30 34 31
29 38 39
31 34 10
13 7 27
16 49 23
48 41 30
39 48 9
26 23 33
43 44 12
21 2 40
42 20 1
13 3 9
36 31 46
26 27 17
14 4 17
1 2 27
47 17 26
35 12 48
22 34 5
41 22 44
2 48 47
1 16 32
47 19 16
19 28 43
17 3 29
31 18 37
48 4 34
22 6 30
42 5 4
38 13 40
10 15 8
1 8 30
15 37 22
39 29 24
20 39 15
11 26 44
29 50 46
42 18 21
26 33 32
26 7 4
37 40 24
31 20 38
49 15 41
28 50 26
27 40 39
16 35 47
9 27 37
31 29 11
35 14 1
27 29 41
36 14 29
44 14 15
26 3 12
27 42 17
28 15 28
12 25 44
23 2 13
29 5 31
36 27 27
30 48 13
9 14 17
44 2 15
41 44 2
12 44 6
29 34 12
36 24 46
29 32 21
3 23 45
25 43 36
31 3 24
21 31 4
28 39 29
48 24 45
26 16 36
44 7 50
1 43 36
14 8 26
50 44 16
1 3 26
22 21 49
10 32 47
13 16 43
32 50 2
48 25 10
10 37 1
2 10 4
39 34 31
4 34 25
2 13 14
6 37 26
19 26 9
27 47 37
41 5 18
26 12 28
39 10 6
2 42 7
9 26 27
42 22 7
39 26 31
14 50 31
26 32 41
11 22 20
9 8 18
32 38 17
6 27 47
19 41 47
32 42 8
25 31 23
29 28 37
38 46 41
4 45 1
46 15 23
14 42 10
43 29 42
9 1 19
34 43 22
1 30 50
27 3 35
22 19 21
16 23 8
8 40 35
3 47 31
49 38 32
49 23 34
23 39 42
29 40 8
49 40 36
27 7 40
50 11 34
14 25 18
47 28 21
42 4 47
9 23 21
29 6 41
18 40 15
34 12 28
44 23 35
16 18 26
26 43 46
38 44 3
13 36 10
47 9 10
32 40 31
22 26 50
49 13 16
36 18 26
12 16 9
2 45 2
49 19 5
6 21 10
20 11 3
4 10 7
2 36 47
50 47 29
49 8 33
26 46 4
40 26 14
45 32 39
19 18 42
9 46 26
33 30 39
38 35 29
4 7 22
41 46 46
34 46 19
24 21 43
47 29 28
33 22 10
10 42 25
33 18 47
36 37 3
23 28 24
8 13 4
19 50 49
24 11 49
44 15 26
25 18 11
38 24 2
8 39 33
45 16 42
45 12 50
7 36 6
36 23 37
10 50 10
10 16 32
16 36 34
48 14 49
12 5 34
19 9 44
38 26 39
7 6 30
32 7 33
28 31 48
12 43 20
41 13 15
5 14 34
27 31 30
49 24 11
37 2 45
33 10 14
8 38 32
48 36 35
1 21 23
47 20 27
43 6 8
15 14 1
21 27 42
20 10 26
3 42 13
12 29 13
44 4 1
13 34 47
4 5 23
21 17 3
33 47 25
7 16 4
21 33 29
2 15 26
32 36 11
21 30 40
38 22 28
4 26 50
30 7 10
40 48 22
30 9 48
47 15 17
49 14 29
20 37 40
28 10 28
41 32 6
13 22 17
50 21 42
44 16 30
40 5 7
35 42 30
28 36 22
15 20 20
24 28 1
3 24 21
12 50 42
10 44 22
38 21 37
14 30 35
35 27 33
23 46 22
41 12 6
16 30 25
35 28 49
25 4 7
48 47 15
9 43 6
45 24 5
22 39 23
33 15 18
20 45 38
10 14 50
27 15 1
4 23 21
16 33 45
14 31 37
38 9 18
32 3 29
28 1 4
23 25 24
38 34 39
5 48 22
22 12 46
8 31 47
20 23 20
24 18 34
2 47 50
46 20 7
1 31 36
21 49 18
19 34 13
42 48 6
42 23 47
23 8 40
32 2 19
6 20 31
1 7 47
18 50 19
36 30 34
44 31 23
32 33 16
41 36 17
12 10 37
48 8 4
10 43 14
43 28 31
10 40 9
22 9 8
31 50 4
26 28 8
4 13 8
29 22 49
15 4 35
6 4 28
3 46 10
49 3 4
5 16 45
30 28 43
2 31 4
42 21 43
42 44 15
33 35 28
43 8 12
12 27 23
44 33 38
16 42 39
35 44 46
35 21 29
36 25 18
25 7 50
22 4 22
9 40 23
1 15 38
32 16 19
17 22 46
42 50 1
46 21 18
9 3 25
45 37 15
32 22 19
39 7 35
29 30 38
42 38 26
49 29 39
50 45 41
19 6 11
16 28 23
43 38 19
45 11 15
50 27 23
41 40 38
42 49 40
28 13 23
24 42 11
2 50 8
45 42 2
27 24 14
9 50 14
28 22 37
9 44 31
9 42 20
31 47 4
31 24 11
10 13 22
2 38 50
23 1 6
15 5 24
8 12 49
41 2 49
3 20 33
33 38 36
47 25 40
19 11 34
41 7 44
14 28 30
44 29 34
10 6 50
24 4 14
12 14 49
1 45 48
7 14 47
42 19 39
19 27 2
3 50 15
12 48 25
21 16 28
16 40 1
37 1 5
13 19 8
9 34 24
16 50 1
34 24 40
32 11 12
29 15 25
32 47 10
18 6 3
29 26 26
11 13 40
41 16 42
24 33 42
8 32 25
44 34 42
15 17 50
11 44 10
47 39 23
6 46 49
32 18 8
6 13 10
47 7 35
3 48 26
24 22 3
38 12 3
20 2 39
46 5 40
43 20 21
29 9 21
5 3 15
32 43 4
3 15 20
17 45 9
12 6 8
10 27 4
25 6 10
35 46 37
43 40 1
41 45 9
27 34 7
50 20 45
29 46 6
35 47 36
39 19 12
41 43 10
25 27 9
1 11 22
46 48 40
19 44 38
32 24 48
21 11 18
45 39 24
20 8 1
8 47 2
43 35 11
36 39 49
16 46 33
47 34 34
28 20 9
23 24 39
49 32 30
40 14 3
24 44 23
11 28 7
37 34 37
18 23 10
34 15 32
43 50 34
13 14 43
3 39 3
18 12 9
25 1 2
18 4 15
25 33 2
41 37 35
49 2 2
7 50 49
17 34 48
25 34 32
37 38 38
45 33 2
30 39 40
47 40 36
5 30 41
29 3 47
43 7 1
41 9 50
42 13 36
28 46 29
22 1 6
17 38 44
36 40 5
9 45 34
27 38 36
29 1 3
29 48 30
2 33 30
15 41 16
7 49 4
33 27 19
42 39 2
38 3 26
33 1 32
7 46 38
3 45 41
42 7 26
39 24 26
35 41 38
17 10 26
16 27 24
1 20 29
42 12 10
45 10 43
32 27 13
50 41 12
40 39 1
39 27 19
9 18 46
10 1 38
34 1 1
36 46 38
46 33 2
44 47 34
7 17 13
13 31 12
34 11 36
6 1 12
29 16 44
43 27 1
24 26 43
19 29 15
10 5 14
16 31 43
3 30 21
31 17 42
40 15 45
37 44 7
27 14 43
22 27 45
41 47 11
49 36 47
27 17 35
19 46 7
31 12 12
9 31 44
9 7 10
39 13 14
19 23 2
9 21 31
17 23 41
30 42 44
50 37 31
48 49 7
14 33 40
5 22 8
22 15 22
5 38 12
29 42 35
16 2 18
1 24 1
47 30 6
33 29 46
4 36 45
35 3 46
12 3 24
19 17 29
11 8 3
8 27 32
23 12 22
37 46 32
30 19 4
8 10 14
37 29 45
17 42 45
17 26 3
49 26 6
45 38 45
50 36 27
10 7 1
43 2 21
20 18 34
49 5 19
26 37 29
7 33 11
17 24 23
27 20 11
4 49 22
2 46 6
24 6 15
3 43 2
45 40 35
25 13 44
1 26 11
30 26 21
10 21 31
25 17 44
48 45 2
48 31 44
15 35 14
18 30 50
1 47 11
4 39 15
33 23 45
45 6 10
10 25 10
22 16 49
18 28 35
42 15 17
36 47 32
48 13 42
41 4 13
22 35 34
11 16 3
37 22 9
32 14 27
16 15 12
33 48 27
14 29 29
47 46 41
7 23 6
7 24 10
30 24 34
9 11 43
10 38 1
11 17 42
11 41 27
40 28 2
29 35 41
13 29 26
8 4 26
44 36 43
45 8 40
21 29 43
6 38 43
5 21 15
5 9 28
35 23 48
3 37 42
49 41 27
30 20 1
14 41 1
6 31 11
8 37 28
39 38 10
19 1 36
48 28 4
50 38 13
32 39 1
12 40 23
44 8 35
9 33 11
15 7 2
21 19 10
44 13 14
10 31 22
32 28 11
7 34 50
12 13 20
36 10 30
46 11 41
30 27 2
1 41 6
39 50 11
12 46 18
41 8 40
37 18 27
49 10 30
42 47 41
14 34 31
25 38 12
14 1 35
43 45 17
12 4 31
10 34 40
31 11 47
48 38 48
27 49 39
36 26 44
36 22 41
32 21 17
5 45 42
50 4 3
34 48 33
43 39 24
5 47 4
