30 395
6 19 31
10 20 79
15 17 58
19 3 40
30 29 51
26 15 70
30 27 80
4 25 25
25 21 19
12 30 4
8 22 34
29 6 3
30 5 50
7 29 37
21 26 56
28 29 15
23 5 54
20 18 52
2 5 11
12 27 36
3 13 3
11 3 57
29 22 28
10 13 74
28 23 16
6 7 39
20 27 9
19 23 21
7 23 75
18 19 54
23 9 61
28 3 79
23 8 79
1 19 52
14 7 43
16 26 15
4 3 1
9 27 77
10 7 59
28 5 72
23 13 32
6 27 41
8 1 41
1 12 16
19 30 36
22 24 8
24 16 15
22 20 73
6 11 55
20 2 73
7 5 8
4 29 78
28 22 36
19 24 68
15 28 43
23 10 71
22 10 52
9 22 2
2 23 22
26 6 52
23 15 52
27 15 76
9 25 21
10 1 70
1 26 21
21 18 38
11 12 57
7 25 34
10 16 56
8 29 36
30 14 12
16 19 11
5 25 43
20 3 23
15 2 17
14 5 50
4 18 34
24 17 3
15 21 28
9 21 51
27 21 2
15 18 15
21 12 63
25 22 61
18 5 60
13 5 9
16 8 15
29 24 64
19 27 12
13 30 59
14 28 45
21 3 52
18 10 79
4 16 23
14 29 9
11 26 11
29 23 52
11 8 46
2 16 45
9 17 77
1 22 1
17 7 76
17 14 41
18 27 59
21 16 32
29 10 63
20 21 9
2 11 66
5 10 23
25 14 41
28 21 2
21 8 56
5 11 27
27 8 25
6 1 73
19 15 28
12 10 12
29 25 58
16 20 80
4 15 49
14 27 36
11 28 63
27 7 62
12 18 53
15 16 66
13 1 40
29 12 62
15 29 29
3 29 64
2 25 40
8 3 1
22 14 40
9 10 29
4 27 47
11 19 51
26 8 64
4 12 60
7 26 42
24 18 45
28 19 45
16 1 15
18 25 8
26 9 18
5 12 4
10 17 50
4 26 51
2 8 57
22 27 5
2 14 71
29 11 44
25 13 43
11 25 73
24 6 29
29 26 24
2 28 12
30 4 52
11 23 68
8 15 44
20 23 17
29 2 6
9 12 57
10 25 51
27 25 71
3 26 24
23 1 6
16 11 51
13 20 26
24 26 57
18 17 58
4 28 30
21 14 72
23 26 32
15 30 76
5 27 74
25 23 45
17 5 33
30 2 18
25 30 14
17 2 23
13 14 13
27 11 37
3 12 24
17 29 31
4 22 15
18 23 75
4 6 53
22 11 53
9 8 72
21 24 46
27 29 43
7 28 4
28 24 61
4 14 48
24 13 38
17 1 13
1 21 79
21 4 29
12 16 64
17 8 72
16 29 40
26 22 51
16 7 55
9 6 23
26 20 79
23 3 41
25 17 71
26 18 79
17 11 41
30 26 41
12 17 58
22 5 65
5 24 73
20 1 26
21 17 4
13 15 50
21 11 59
8 18 30
9 20 38
23 24 2
10 24 4
19 2 21
1 24 3
6 5 39
12 13 14
20 19 7
2 26 37
13 29 8
11 18 9
9 1 56
7 20 27
9 14 46
30 1 17
13 27 14
12 19 46
6 23 28
13 19 63
12 2 41
9 11 68
23 30 54
17 4 61
30 16 25
19 5 55
25 16 80
16 5 41
7 21 53
27 10 70
22 7 11
22 3 1
12 22 27
23 22 62
11 1 79
28 26 80
25 6 44
30 24 56
5 20 23
6 21 11
18 1 17
21 23 58
7 3 45
20 4 59
15 5 24
11 15 62
17 26 30
5 9 56
3 17 29
8 12 4
30 20 50
3 27 20
9 16 38
14 8 25
7 15 43
2 3 30
24 4 17
15 25 69
3 25 2
5 8 6
5 4 1
17 16 10
29 19 18
18 22 49
14 12 30
29 9 62
30 21 80
11 20 19
14 20 62
18 13 26
3 10 57
20 12 17
30 17 48
18 2 19
9 7 32
29 20 32
10 28 30
1 29 47
9 30 7
2 22 23
5 21 55
23 17 49
11 13 18
14 10 57
27 24 8
7 18 55
15 9 36
8 25 68
10 8 27
6 30 8
14 24 78
15 12 72
30 10 60
28 30 20
12 26 27
8 19 50
28 6 66
21 29 60
27 28 1
13 2 52
4 19 54
20 6 11
26 13 5
4 10 61
7 11 50
18 30 19
8 13 26
15 14 6
20 8 47
30 7 57
1 5 47
17 27 11
4 9 25
19 26 35
2 6 26
8 28 47
4 7 70
2 21 12
24 25 67
2 1 3
24 8 25
21 19 14
3 5 34
6 14 53
3 18 47
13 4 59
9 28 23
30 22 35
6 8 31
13 7 54
19 10 61
22 15 39
3 9 34
23 14 4
24 15 14
10 26 77
30 11 18
20 24 50
4 1 31
18 29 1
9 18 39
2 27 4
16 28 29
26 5 46
4 8 32
14 16 62
22 13 78
28 18 20
12 28 54
17 19 70
3 15 28
1 7 43
13 28 22
25 26 10
7 8 71
1 27 12
4 11 9
13 17 20
6 18 20
12 7 67
16 3 30
22 21 71
24 3 14
16 13 28
25 20 37
18 16 36
7 19 70
10 11 40
27 23 29
10 6 78
1 14 1
10 2 77
13 6 45
6 17 69
23 4 25
22 16 33
28 17 31
8 30 75
23 16 78
