27 176
24 7 99
24 4 18
22 24 28
7 22 99
26 27 58
25 2 16
6 1 71
5 21 68
21 16 36
1 18 72
4 26 47
13 18 93
11 10 19
15 19 74
8 21 37
11 5 4
15 8 16
9 11 30
26 11 94
17 2 86
25 10 26
24 27 34
18 19 96
5 14 64
21 3 1
24 6 37
27 2 79
26 22 2
25 19 64
15 20 67
1 13 100
18 24 17
20 6 8
21 7 41
24 2 63
24 20 47
5 25 49
15 1 59
22 1 49
10 22 21
9 12 72
7 27 39
18 3 85
2 15 97
19 9 95
18 21 83
7 26 65
4 1 29
20 22 69
2 26 31
23 15 94
20 4 86
20 5 65
27 17 22
16 27 94
15 10 48
8 7 25
16 5 95
6 27 62
19 24 1
19 13 21
7 4 32
9 20 8
12 22 8
23 8 92
16 17 8
12 7 6
27 11 52
19 23 26
14 19 88
7 1 36
17 21 10
25 3 46
17 20 82
27 19 70
23 14 95
3 12 45
8 5 66
19 22 58
10 2 14
11 23 33
17 24 79
25 9 91
16 26 64
5 2 54
19 20 25
17 26 77
26 5 49
24 23 5
24 1 55
15 9 81
13 17 3
21 4 60
14 2 67
12 8 79
5 19 56
27 9 65
7 18 47
19 1 91
18 20 75
27 5 17
10 16 97
10 9 26
13 20 57
24 9 14
8 4 94
16 20 24
7 6 77
18 2 17
14 13 70
17 10 10
7 5 42
16 11 71
11 21 72
6 4 87
14 6 57
13 12 31
15 11 55
13 25 79
17 8 83
20 27 4
21 6 88
2 13 46
18 16 75
23 5 74
9 7 41
15 14 83
26 25 32
6 9 63
21 14 5
27 14 27
8 9 82
7 14 85
21 22 87
17 3 72
20 12 9
3 4 22
22 16 65
5 18 85
17 1 99
10 21 87
8 18 6
17 19 97
11 13 53
26 19 50
27 10 80
19 10 90
24 21 83
23 12 55
13 22 56
21 15 82
3 23 77
6 11 4
25 8 37
9 18 69
16 8 97
12 25 33
24 11 24
18 11 5
5 12 1
12 1 14
23 4 27
25 20 81
6 15 26
9 21 48
24 8 56
26 20 11
11 25 74
25 14 20
3 7 1
1 14 35
24 16 30
2 19 35
10 4 86
17 14 95
9 5 65
