49 621
48 16 6
25 31 47
44 18 77
10 28 66
23 42 32
24 6 40
1 9 81
45 48 28
1 17 67
27 21 41
39 36 2
24 19 96
8 38 86
19 23 38
3 9 11
8 12 17
23 22 21
43 12 5
1 46 43
43 27 3
38 3 53
44 24 26
41 6 77
32 9 95
18 5 21
9 38 4
46 32 74
18 10 66
2 6 68
7 41 4
7 40 53
23 11 34
27 11 50
24 25 35
1 43 57
47 16 17
23 37 60
7 5 39
46 44 37
28 40 97
30 1 40
18 23 6
17 27 2
23 39 50
3 30 54
30 5 55
1 34 54
11 2 95
38 6 3
48 31 4
49 33 100
11 39 84
22 8 93
26 42 55
1 3 96
21 3 23
22 28 94
23 34 38
22 45 91
45 34 25
19 42 2
37 21 53
3 11 95
25 38 42
35 38 17
42 17 19
10 1 31
45 12 96
11 26 4
40 2 87
23 21 43
27 3 66
31 23 25
25 28 44
20 6 14
24 35 69
39 1 1
36 8 64
37 13 24
46 2 26
29 1 35
44 42 66
17 12 24
12 7 18
38 1 23
49 12 93
44 23 15
42 39 86
45 30 37
15 41 34
23 17 35
38 44 84
10 22 7
30 14 71
32 45 97
38 23 74
29 31 42
9 11 55
16 45 34
5 47 26
17 35 3
27 25 46
24 46 36
2 5 17
15 44 16
33 44 58
35 29 43
25 13 2
16 23 49
35 10 3
32 22 43
11 25 49
4 1 23
20 29 77
42 43 99
33 26 58
9 28 62
42 4 72
43 13 92
40 26 91
3 19 69
1 16 70
20 46 34
5 20 4
4 49 12
40 31 55
15 46 91
25 39 53
25 44 37
47 13 36
48 44 48
30 49 30
39 16 6
12 42 96
45 49 54
31 10 56
42 46 99
49 15 53
32 10 62
18 49 95
36 38 33
2 48 92
21 43 38
19 45 66
49 26 23
25 43 98
18 37 56
3 10 2
30 27 71
36 14 32
26 47 35
1 49 47
47 17 96
32 36 7
48 38 67
17 8 90
25 5 38
7 10 42
4 30 27
43 6 64
27 41 53
31 22 66
9 16 78
45 14 70
47 8 32
11 24 94
10 49 57
41 10 79
17 49 1
31 17 46
13 16 30
31 35 58
39 26 54
19 13 24
18 2 92
6 17 29
15 39 80
17 3 92
8 27 89
34 36 30
7 45 2
2 7 27
25 42 83
40 33 17
41 48 48
7 17 40
22 24 57
3 25 49
37 36 83
22 5 16
5 8 69
17 38 47
42 45 21
20 9 33
2 25 50
28 12 19
20 13 46
44 21 92
20 25 18
17 18 38
23 25 52
8 33 2
43 4 74
2 42 30
1 26 16
44 2 1
42 3 4
41 13 42
13 23 46
37 1 95
25 1 13
20 19 2
38 19 63
13 12 64
34 2 73
22 27 91
14 9 91
3 18 6
14 5 68
15 36 44
11 13 36
33 36 78
34 39 81
18 29 41
7 37 13
23 33 16
29 38 21
31 11 8
14 42 91
37 24 13
30 23 76
2 26 96
6 30 75
18 16 35
26 37 36
25 32 78
27 20 91
5 11 71
8 32 30
22 16 45
45 47 84
24 31 16
44 4 25
2 49 88
7 23 30
2 4 94
27 2 84
31 36 21
18 13 40
12 29 29
18 11 6
3 33 55
8 11 76
18 40 89
2 28 65
47 3 25
8 31 12
14 1 68
20 35 13
8 19 84
31 49 44
16 19 72
13 34 27
46 8 28
49 24 100
44 49 67
21 39 15
47 12 50
45 39 64
42 21 67
3 8 61
11 17 2
46 26 23
35 4 70
16 37 87
42 1 66
41 28 81
5 1 48
28 8 42
29 27 94
29 7 20
24 41 94
24 32 52
33 14 93
20 45 78
23 8 87
44 1 56
32 38 96
29 32 11
15 17 23
21 49 59
17 5 82
15 42 7
13 36 42
7 28 90
26 36 22
34 6 85
7 21 44
42 34 63
38 12 73
3 22 94
35 19 79
6 22 89
17 21 22
32 23 97
32 37 80
20 21 75
17 39 38
26 5 46
11 7 81
42 13 67
9 42 43
29 14 23
17 40 68
3 35 67
6 49 41
10 47 13
14 40 23
37 27 46
10 11 28
31 47 7
27 47 91
37 17 3
46 38 64
47 34 72
24 29 86
6 4 74
9 46 7
45 44 99
3 5 82
26 6 67
16 31 50
25 40 4
25 35 80
49 9 57
23 45 6
4 21 24
33 45 30
26 48 74
41 26 90
23 12 69
45 4 50
25 48 7
19 30 88
36 30 61
7 44 28
16 34 87
17 44 24
17 22 39
16 33 94
31 15 48
32 5 2
14 7 75
27 16 62
27 1 32
4 23 25
27 6 85
49 41 18
26 22 1
4 10 53
22 2 42
24 14 39
2 10 75
40 21 15
42 8 27
35 16 32
29 25 89
29 42 41
15 28 79
30 26 7
17 45 68
27 45 57
34 43 17
30 43 65
44 37 29
26 35 73
16 5 6
48 30 36
11 4 77
23 27 15
38 20 1
33 24 31
43 46 82
44 26 25
36 10 98
26 10 92
5 31 29
25 49 90
36 48 47
13 3 78
14 48 83
5 13 94
49 20 36
10 42 63
37 40 57
10 13 93
11 28 24
41 39 26
2 20 78
15 11 15
28 33 70
47 24 1
10 40 100
8 40 48
44 11 65
8 15 76
21 38 59
27 49 57
1 20 79
40 41 33
29 48 90
32 41 36
41 44 94
12 4 22
44 28 4
42 49 80
43 11 12
29 34 90
23 6 9
6 5 28
35 30 70
39 5 80
45 9 89
4 18 10
3 45 49
38 22 37
27 34 87
16 26 25
49 23 46
3 24 1
22 44 10
39 40 20
23 9 25
27 9 84
36 40 29
9 41 17
18 7 60
43 49 38
42 36 39
5 36 8
10 23 98
47 19 18
15 48 9
28 19 8
19 41 42
26 19 34
28 37 9
32 30 71
17 33 29
14 38 77
37 38 30
31 7 39
22 25 73
17 36 60
40 34 68
13 2 32
3 49 48
27 40 61
34 26 38
32 21 35
2 29 27
48 19 56
33 21 67
11 33 10
33 22 63
15 24 97
48 42 39
31 4 49
40 22 66
15 40 85
20 17 7
45 21 19
41 33 31
4 13 54
15 30 71
21 18 49
24 13 66
45 31 84
22 12 98
38 26 29
28 43 15
44 35 61
48 3 25
14 3 22
13 35 14
41 20 45
21 25 97
8 10 67
27 14 61
6 44 86
3 41 37
43 35 59
41 30 82
46 16 83
28 1 89
11 6 67
12 14 62
44 40 71
34 28 33
44 43 20
3 15 69
5 37 95
29 40 81
3 12 3
31 28 88
43 38 73
7 6 98
39 19 64
23 24 62
30 22 92
45 46 29
46 36 73
39 49 27
29 23 77
12 41 38
27 7 38
12 39 68
45 40 55
39 14 34
5 43 73
32 16 37
30 13 65
37 45 65
6 9 22
7 24 34
36 49 76
41 5 54
9 36 59
4 8 34
46 40 92
41 43 25
10 48 23
42 27 41
30 16 40
5 12 84
8 25 84
25 36 25
12 31 9
26 29 68
13 40 42
27 36 17
32 4 64
28 20 48
16 12 30
46 49 28
26 18 68
11 34 78
38 24 23
1 31 53
17 48 61
1 41 5
43 26 56
35 23 96
39 44 48
43 39 38
11 47 56
14 18 92
39 46 65
27 46 40
35 5 89
19 37 12
12 18 56
44 9 24
18 47 95
49 7 66
35 39 92
8 44 57
2 41 56
48 7 83
24 16 43
36 21 42
1 22 32
22 29 14
10 15 79
35 32 82
32 39 85
7 43 77
13 26 21
28 26 11
26 8 14
31 46 31
13 22 12
33 2 85
21 15 33
3 7 61
28 6 31
6 15 72
45 15 52
49 16 70
15 43 47
44 10 52
29 44 37
34 30 47
27 19 98
26 25 40
7 47 32
42 35 55
35 15 26
37 33 70
38 42 80
29 11 17
49 29 6
28 45 38
5 38 20
26 17 77
41 34 98
47 36 28
12 34 96
27 12 73
15 18 20
44 16 97
6 35 31
26 12 26
14 10 87
22 19 29
43 18 1
36 11 16
45 8 8
21 2 27
39 31 14
10 43 54
