35 397
22 6 84
2 11 72
21 15 62
21 4 97
7 23 55
13 31 88
20 24 59
28 31 17
3 10 96
27 23 29
21 13 4
24 14 55
14 33 56
13 14 46
26 12 48
19 30 26
11 31 73
22 11 22
22 18 75
31 3 37
23 5 88
29 8 36
7 10 89
32 13 94
32 1 9
32 35 33
8 23 83
10 24 60
27 10 26
20 4 88
5 4 5
30 4 38
16 2 80
17 13 55
8 30 58
21 12 30
3 19 39
31 21 30
10 8 93
3 32 60
35 21 60
4 25 47
19 6 96
20 21 76
33 35 26
10 9 74
13 9 9
7 17 14
10 35 37
10 2 20
32 12 26
9 1 47
4 2 80
24 1 65
34 30 98
20 34 31
25 1 81
32 16 64
16 13 79
2 32 72
33 17 43
12 11 64
22 21 42
8 18 67
29 19 3
34 10 94
27 16 68
20 2 6
22 13 11
30 12 86
30 31 2
15 2 57
11 26 82
25 14 77
28 10 90
29 7 38
2 5 83
25 35 18
35 8 15
34 7 68
26 22 33
34 6 77
2 6 88
12 35 52
35 5 95
11 16 69
13 35 87
10 16 41
15 23 64
7 32 29
33 15 12
31 33 11
19 9 30
24 21 100
30 23 73
3 23 87
31 6 8
33 7 68
4 33 9
19 16 9
15 22 56
10 21 62
9 26 56
13 6 18
9 24 46
31 25 75
31 8 29
35 11 61
10 18 79
32 28 84
14 31 12
15 3 35
19 10 94
35 24 12
31 20 7
25 24 20
13 28 32
34 33 45
19 18 22
28 12 91
26 23 82
26 19 7
29 27 64
28 24 47
16 8 100
20 33 50
29 24 18
16 20 23
12 27 18
13 25 24
1 4 27
10 26 75
17 9 8
11 7 86
15 18 5
19 17 52
32 19 64
13 26 9
11 32 77
12 15 88
12 18 21
8 21 29
3 4 59
3 8 88
28 11 88
7 8 25
34 21 16
26 15 1
25 7 95
35 30 96
18 2 12
7 12 22
20 10 16
1 27 25
3 11 33
27 15 21
10 12 11
13 19 44
7 18 4
24 26 38
12 6 91
2 7 21
5 7 56
30 6 1
31 16 11
25 6 85
17 34 58
34 1 61
16 24 18
3 34 21
30 7 37
29 14 53
27 9 9
3 17 50
33 19 68
15 20 19
2 31 15
35 4 72
16 34 78
7 20 67
25 15 29
25 5 77
24 7 8
21 23 7
25 32 92
17 29 15
23 25 85
29 23 62
34 4 46
29 33 26
33 12 27
28 14 96
4 22 8
21 5 33
33 25 100
30 32 89
13 23 32
33 6 32
8 28 30
9 22 69
30 27 45
13 7 90
3 24 72
8 12 11
11 5 35
19 5 93
5 20 57
13 27 1
21 28 24
16 3 97
19 35 13
1 30 41
20 13 35
19 11 26
5 32 85
20 12 32
3 33 92
22 19 5
31 17 89
10 23 27
21 25 71
17 16 37
21 26 48
3 30 35
1 23 97
3 9 12
22 10 4
10 6 4
24 27 48
28 15 65
9 30 21
23 18 30
23 28 75
32 21 96
22 12 2
25 26 76
18 20 32
8 1 7
19 20 65
35 1 82
28 6 12
33 5 70
32 14 21
31 23 7
14 19 59
1 29 54
17 5 93
24 15 38
4 19 36
20 29 66
24 22 45
4 28 4
30 24 19
34 26 68
6 26 43
10 32 60
18 29 74
1 13 64
32 22 97
6 32 76
33 28 20
30 10 4
27 18 51
33 18 39
3 1 73
15 13 50
14 15 43
17 10 58
3 7 72
21 18 77
6 8 16
13 11 47
7 15 87
28 17 89
9 16 58
24 8 5
15 29 71
11 10 33
25 9 19
27 34 46
20 9 94
2 25 5
15 8 53
20 32 15
18 16 35
13 33 66
25 18 79
15 9 17
2 8 73
7 9 69
22 23 27
4 6 4
6 18 44
11 27 84
23 35 72
24 33 66
3 35 99
16 5 80
34 28 1
5 26 97
14 3 52
3 25 32
29 21 72
24 11 17
16 30 32
15 6 81
3 28 23
35 28 50
27 32 29
30 22 24
30 11 62
4 32 73
34 9 73
9 2 47
28 19 45
9 4 28
3 13 62
20 22 17
27 28 75
1 11 21
33 22 17
4 26 29
31 35 2
5 10 75
9 5 52
11 18 4
34 12 48
12 1 27
14 26 83
33 32 34
15 16 10
5 28 27
8 22 45
19 12 60
26 16 53
27 8 44
9 32 51
31 7 90
9 8 30
17 12 18
4 8 88
31 10 29
22 3 31
19 1 61
11 9 26
4 10 34
33 8 89
2 3 59
6 17 30
35 20 43
13 30 56
26 3 27
22 1 35
27 7 38
6 20 81
31 15 57
14 4 41
29 12 40
33 9 63
12 25 21
34 35 47
23 11 25
5 27 41
28 30 64
34 32 85
2 12 28
16 7 27
9 12 60
31 9 28
15 5 21
20 1 21
2 35 71
1 31 69
30 15 53
18 32 40
20 26 79
25 20 72
10 25 23
30 17 56
31 27 61
24 17 37
3 27 55
7 14 99
17 8 14
26 28 81
13 18 98
29 25 39
25 30 33
22 2 93
10 15 46
30 29 16
17 1 1
6 7 77
25 34 94
17 21 81
8 11 44
5 22 77
