36 626
1 11 33
21 2 97
14 32 4
9 8 58
34 36 94
2 12 86
5 12 10
11 18 36
30 6 52
2 29 12
30 19 78
1 3 77
24 5 2
32 16 74
35 1 71
26 32 47
6 4 25
20 22 66
9 33 100
6 26 42
2 10 32
8 15 98
9 31 34
16 34 2
21 24 15
13 31 93
27 24 97
21 26 68
20 21 10
28 31 73
11 7 14
28 30 61
17 35 34
5 17 29
18 16 97
22 13 45
19 15 26
27 26 17
28 10 15
17 30 66
1 12 70
15 10 40
17 21 37
5 8 71
26 12 23
4 15 96
5 1 21
5 21 39
20 33 97
23 9 95
6 1 74
12 23 14
35 6 80
36 27 84
21 4 60
4 27 75
7 17 17
24 20 70
10 36 12
26 8 96
19 3 55
20 28 87
3 22 56
5 26 96
16 27 80
3 29 93
34 10 46
10 21 92
24 19 44
33 22 91
5 30 7
34 17 51
13 8 62
14 6 47
17 18 42
21 29 34
2 16 51
24 15 53
31 34 62
4 18 48
21 34 7
10 1 8
31 26 44
36 24 80
26 15 44
16 14 72
20 13 29
23 33 61
14 3 25
11 14 54
32 23 27
33 35 31
33 17 27
4 26 91
16 13 80
35 9 42
27 1 83
4 31 17
12 25 42
4 35 1
14 7 52
21 25 38
31 35 19
27 10 65
20 34 93
33 6 42
29 33 63
13 14 28
2 36 58
36 8 51
36 23 5
32 30 2
35 2 13
23 34 3
33 2 58
9 25 24
28 19 41
8 19 16
1 13 44
5 13 51
7 28 59
3 11 50
31 2 50
32 25 49
18 12 47
3 36 59
18 33 64
3 15 68
13 12 8
7 24 23
17 13 9
1 14 77
12 20 77
14 30 41
11 10 44
12 22 36
20 10 33
17 19 47
5 9 77
28 13 18
34 8 4
24 10 89
22 35 99
30 23 23
16 19 38
9 3 86
9 28 23
26 33 31
13 9 23
9 15 30
9 32 46
5 25 1
29 22 4
2 1 73
7 30 57
27 13 26
28 17 79
16 17 70
35 12 23
27 32 12
30 15 80
2 6 97
23 4 90
24 9 17
18 2 24
3 17 60
15 23 82
1 19 68
19 31 99
32 2 79
2 24 2
1 23 3
23 22 24
15 20 88
7 10 10
27 23 29
21 3 61
24 33 87
27 7 72
33 12 71
25 3 5
31 18 27
35 3 6
10 30 9
14 17 15
28 16 85
31 3 67
32 17 87
27 19 96
14 27 81
12 16 75
21 13 68
20 6 77
35 34 44
27 5 3
32 29 17
22 16 34
31 6 81
8 25 18
27 3 91
10 13 74
22 31 60
5 3 74
22 1 54
16 10 58
25 17 42
8 28 44
14 19 37
4 3 53
10 5 9
20 14 65
13 11 1
25 29 90
4 7 12
4 34 55
11 19 42
5 23 91
18 15 87
30 4 75
21 36 89
1 26 32
35 16 44
33 13 79
11 35 80
26 18 44
33 10 71
34 15 25
36 12 52
11 15 75
2 15 53
27 29 15
13 15 66
34 26 25
29 5 7
6 24 36
30 2 51
16 9 60
33 5 92
6 8 67
8 4 77
5 14 21
3 26 93
32 15 69
13 7 12
36 11 37
3 7 78
19 36 55
28 34 65
30 26 95
29 1 47
16 8 2
19 22 81
10 18 56
5 32 11
28 36 90
17 22 83
2 11 22
18 25 80
21 1 84
14 15 11
13 18 90
7 2 63
9 21 42
16 26 33
3 18 30
22 24 53
28 2 71
36 32 92
18 27 63
19 10 88
17 31 11
34 6 96
19 23 72
21 11 55
33 34 18
27 22 100
7 9 19
9 14 50
3 23 36
34 24 34
23 7 42
20 4 74
8 33 67
23 25 69
24 26 79
19 35 5
3 16 77
7 31 80
12 24 47
11 6 76
2 5 84
12 30 77
34 19 27
28 11 50
27 21 50
28 15 12
3 33 45
31 25 61
9 29 27
1 9 50
16 6 36
20 8 25
29 30 81
20 35 63
9 18 74
26 35 72
19 2 25
8 22 43
28 5 3
15 22 100
16 21 99
13 34 50
29 10 59
21 18 100
35 7 24
30 36 67
1 24 86
17 27 90
33 14 50
29 7 78
3 34 59
8 30 42
26 7 38
13 26 88
27 35 84
1 7 90
36 5 24
2 22 96
10 17 63
32 21 48
9 26 92
19 5 7
17 12 56
36 31 4
21 12 40
11 34 45
23 35 57
24 31 29
1 15 73
17 4 98
36 7 78
3 20 89
31 11 97
13 3 17
22 30 14
31 33 81
17 8 59
30 35 84
6 5 47
21 6 52
21 14 22
1 30 51
32 7 2
36 4 77
10 25 21
31 12 26
36 29 92
33 32 33
23 29 68
6 18 96
25 2 66
6 23 8
10 31 36
3 8 49
23 14 96
10 9 33
23 24 36
4 2 8
27 30 45
7 18 84
25 1 45
22 34 20
7 34 26
33 21 7
4 29 90
33 30 99
12 10 92
12 28 79
27 15 54
1 34 35
21 8 42
4 9 97
30 18 88
22 11 97
15 6 54
31 32 99
32 19 27
10 8 41
13 29 4
34 29 40
10 3 10
27 9 13
26 29 64
26 22 44
27 2 97
23 13 94
11 26 15
20 17 35
1 33 20
31 16 3
36 17 75
32 11 45
4 19 100
13 2 78
17 9 4
10 32 38
2 14 74
6 36 8
26 10 81
10 4 79
26 20 82
18 8 1
30 24 23
23 10 76
15 7 100
3 32 18
34 12 57
4 32 69
10 14 20
25 26 50
28 32 3
5 22 81
31 1 20
35 24 78
23 11 100
31 14 36
22 9 60
28 21 8
34 5 68
27 33 68
1 4 10
6 29 11
2 23 42
4 13 62
6 3 51
6 13 97
31 27 15
27 6 58
14 22 87
8 27 5
8 14 63
14 35 86
6 19 100
35 13 13
11 33 53
7 8 95
5 15 88
6 32 21
20 23 97
36 15 18
25 7 9
34 9 75
18 20 81
35 10 40
14 18 29
10 22 52
9 19 87
25 22 84
18 22 64
28 29 78
33 15 38
30 21 77
31 8 65
29 20 9
17 2 83
1 20 66
19 29 44
18 28 45
30 20 6
7 22 78
24 29 29
27 20 35
6 22 83
36 9 30
20 7 51
13 24 31
20 9 46
16 33 82
2 26 89
17 29 75
32 20 96
22 21 47
11 17 70
25 19 33
26 23 53
15 35 81
19 12 31
28 22 39
23 21 89
25 20 53
16 20 71
8 11 60
25 27 6
35 32 14
4 24 42
12 3 25
25 16 41
25 13 47
17 15 40
17 26 60
28 14 58
34 18 17
7 21 28
19 33 66
12 29 56
36 33 15
21 31 25
16 15 38
5 7 73
30 25 96
35 28 13
25 28 33
31 5 15
28 33 42
15 25 29
2 3 54
28 27 68
8 32 83
19 26 14
25 6 87
2 8 59
11 20 72
15 29 71
12 27 28
30 31 34
11 16 76
6 17 66
2 9 46
20 36 37
14 24 91
6 7 40
25 33 76
20 5 32
27 34 59
9 11 66
28 23 5
1 18 61
16 1 29
26 14 17
18 35 2
14 36 14
12 4 34
32 13 72
18 36 70
36 26 40
11 4 2
5 4 72
35 8 90
28 3 66
6 28 3
1 8 12
24 18 66
36 13 93
6 10 41
24 32 14
5 18 73
24 28 47
30 34 4
12 8 23
11 29 7
24 25 73
11 25 61
22 32 9
1 32 30
12 32 29
35 25 47
4 25 12
6 9 98
30 16 48
7 19 27
20 31 23
31 23 31
14 34 40
24 8 62
11 24 17
19 21 2
12 6 82
30 3 35
14 25 50
36 16 29
16 29 48
33 4 83
16 5 70
8 23 12
32 34 72
12 11 60
23 16 27
24 17 77
35 36 41
1 36 17
29 14 49
27 11 93
35 21 70
12 15 8
15 21 99
28 26 2
30 9 39
4 16 50
30 11 64
12 9 32
31 15 70
28 4 23
1 17 26
25 36 72
1 28 82
24 16 90
35 5 27
30 13 50
7 33 5
4 22 7
18 23 31
34 2 87
12 14 82
8 29 57
5 11 8
20 2 32
19 20 85
22 36 88
12 7 83
19 18 24
17 23 57
34 25 48
16 7 8
29 18 3
3 24 83
4 14 4
