55 79
54 22 12
47 45 94
8 20 83
42 51 100
6 54 10
27 43 99
36 23 31
2 36 56
32 27 29
54 38 39
20 18 62
33 14 27
51 20 90
31 8 70
10 11 54
8 53 26
14 15 39
44 36 44
35 20 21
31 54 30
20 38 21
39 49 2
5 21 39
12 4 46
39 53 57
28 25 7
48 10 60
38 45 31
29 26 58
35 38 39
14 17 23
5 54 6
11 53 81
14 34 74
34 41 81
42 21 9
25 19 96
54 47 65
33 27 83
46 49 46
50 26 26
24 3 57
43 1 36
4 20 53
47 50 13
41 45 83
49 4 70
50 42 51
9 50 90
55 16 44
6 35 73
1 51 83
3 31 24
25 22 29
22 44 17
16 21 90
4 18 50
13 51 78
49 18 62
53 40 84
2 11 44
20 32 90
15 46 72
24 37 2
54 2 37
26 37 74
38 6 64
53 45 93
33 39 28
11 35 22
18 54 64
4 17 72
6 34 6
42 30 96
2 10 46
40 12 65
54 49 48
44 8 48
41 14 88
