75 134
72 26 18
5 58 77
33 57 84
11 56 18
50 21 100
48 40 64
19 15 31
58 60 69
67 24 22
46 52 39
44 19 96
19 48 8
31 40 17
44 58 10
5 4 4
35 39 29
34 66 75
26 22 56
35 26 20
45 8 23
3 41 84
63 40 8
61 13 28
32 8 75
5 30 18
16 25 4
45 10 52
31 34 39
1 12 47
62 24 38
67 46 70
59 54 18
19 43 31
21 69 17
61 17 93
46 63 18
14 7 11
3 55 82
9 45 85
44 29 79
12 67 46
40 8 19
11 32 26
51 6 32
67 5 47
44 69 46
28 10 2
11 46 24
22 60 92
28 45 31
47 33 46
18 49 4
63 1 14
46 73 64
33 36 49
65 44 83
52 36 17
74 51 19
57 27 6
69 23 98
36 57 32
22 10 96
55 7 55
21 52 5
73 28 18
46 4 98
10 30 84
6 16 71
31 6 17
16 68 6
6 65 87
22 73 63
40 20 87
28 29 5
7 35 77
71 73 83
10 42 4
5 23 46
70 31 10
24 43 38
68 14 36
72 28 85
11 41 14
14 3 50
49 72 5
21 14 26
5 27 8
24 21 56
30 73 23
18 35 51
61 19 87
67 30 2
22 72 65
21 12 80
55 70 49
18 39 86
7 66 44
19 30 12
50 9 56
6 49 56
58 43 55
38 32 1
39 44 72
51 48 89
72 65 17
67 17 72
31 15 11
50 69 50
65 51 7
27 15 81
59 52 12
54 71 72
66 70 79
20 49 99
66 20 1
43 44 45
26 55 11
69 26 41
36 60 31
50 14 55
16 19 34
19 59 81
4 69 24
11 18 87
74 3 15
27 55 82
64 58 53
27 66 44
43 39 29
11 72 8
34 37 15
57 37 82
55 48 100
32 25 87
