4981
3354 3440
444 3764
263 3452
2076 4121
2631 1519
2141 2654
4669 1895
3188 2741
705 975
72 288
742 73
859 179
1980 1457
3340 4907
375 3928
831 482
4111 3881
4130 3833
3128 3174
1910 1759
1965 1734
3250 3480
34 2333
2321 3907
4314 3299
4206 2762
1681 1579
3200 4543
1685 1323
3575 1863
1527 345
3147 3327
2237 2465
1437 4455
2726 4108
1159 4397
516 3353
2775 2081
1771 3222
2445 2506
2452 997
712 4730
3264 3690
1204 1716
3675 545
462 1562
4966 1330
4903 1144
2684 4116
941 2218
4738 1569
1005 1616
2762 3845
1618 1846
2876 3836
4472 838
2574 594
3932 2504
1674 3783
4145 1655
1457 1357
3289 4327
2542 633
1447 3599
2288 1905
324 4411
4560 4304
3459 2072
896 3689
1310 2950
450 2872
706 2288
761 3433
4331 4299
812 2354
2324 3320
1012 4274
2431 3850
88 4109
632 906
4502 3578
2817 4113
717 4772
806 4748
3855 4341
3013 4385
4973 344
3684 4297
1397 3469
626 43
3495 2149
128 1570
4574 2663
515 4379
1520 4533
3995 4793
2064 3624
1845 2198
1343 3260
2559 2557
4795 2344
4073 4825
4769 386
4069 2119
3692 2899
3388 1993
1259 3369
366 4391
2535 50
1213 3544
22 4583
3902 387
1982 4125
1593 3802
1143 4123
2643 2659
1689 2653
2520 261
924 1705
3079 4520
3859 3471
1895 123
1639 1508
4535 2258
4432 2414
1449 3378
934 3763
2018 3660
1413 1437
2557 3159
255 2426
898 272
1813 4093
2022 2600
2357 4005
3157 1471
13 3609
1630 2940
4642 3067
3159 389
2547 67
4815 2706
2826 1117
2957 2350
3060 2100
4688 1300
787 4193
501 817
593 2240
3353 3829
716 2598
3636 86
962 909
943 1461
474 3255
2894 3149
3856 1202
1977 759
3955 3253
4231 3457
1303 1586
3163 160
3722 4459
4129 4506
1080 1259
3423 159
242 358
3742 1048
709 2477
2490 126
3118 2047
699 4900
4580 23
1325 3873
2290 3691
2763 2962
4935 1053
3492 4536
4512 1371
4497 323
4863 2929
3706 353
729 3046
3940 1434
4930 605
2251 1394
4690 317
2430 4561
455 4817
4898 4728
3378 3022
873 511
31 3404
2900 1439
4873 175
49 3994
2708 3394
1133 1142
4321 1173
4721 1809
4469 1261
696 532
1492 4335
2785 3020
3280 4921
2613 3269
1601 1240
355 2300
1752 2567
1034 753
4345 3026
2936 2651
1103 677
545 3986
1928 2834
4287 3703
2074 4880
2238 563
1004 1446
678 2704
4221 4012
3428 3138
1602 1967
2130 425
3439 1758
473 722
1583 273
374 3348
226 1056
4251 1685
2319 2017
2148 2381
4188 4712
784 1482
3746 836
3602 1375
1550 971
3969 741
1147 4204
3315 1659
254 1378
2127 4823
362 2564
4541 4489
2937 3104
810 4557
2422 4372
3717 1937
557 955
2486 795
2381 618
2459 1199
4531 1124
354 1999
2834 1087
3102 3625
2461 1265
888 640
633 1376
2622 3937
2735 1008
3273 3637
511 1910
1288 2616
2473 3385
2681 2892
540 1200
3936 444
2008 2583
1388 2852
4623 2697
1633 3710
2593 1170
4447 2737
2379 203
3005 1533
2822 2241
1339 4911
486 4024
2211 2330
3625 2758
2864 2021
1056 504
1200 4738
1188 551
679 2491
4796 3818
1312 3072
4268 3326
764 4074
1861 4926
528 4560
808 3780
4248 146
2412 1859
4059 1912
2930 1074
1894 2430
1919 1318
638 1918
1534 3878
1589 95
2607 4452
1092 761
1428 3901
4398 4650
3694 4415
4676 2727
349 1277
2581 459
2586 1982
1628 2051
2634 2056
3764 188
3977 3186
4403 38
2805 514
1283 4045
1921 1225
1922 3666
3317 4107
926 4777
4641 4760
2222 1879
519 1916
1739 33
803 4566
2303 2967
4252 863
1010 645
4538 2281
3572 3524
4446 220
4552 4754
73 718
2984 2493
4542 3363
1942 3686
199 4893
4886 1723
2594 2429
2873 4092
81 1641
4291 521
1857 4701
4894 4196
2182 1216
3527 4684
572 372
3762 2805
4354 4384
713 35
2935 2943
2652 3805
98 4943
3377 2309
969 1840
228 561
3149 1816
3560 1691
1096 3374
505 4622
1964 44
414 1037
2177 3838
4186 549
4890 3947
4414 3992
1124 1535
304 4894
36 4322
3443 380
4488 4621
90 4579
2852 874
4137 2813
4093 4029
2253 1297
922 793
4629 1334
4084 1514
2349 318
4570 4399
4389 3535
4406 3687
3514 3302
380 2767
3814 2867
4857 1423
957 683
2428 617
1987 4716
2798 996
1128 3943
1538 914
381 4600
2058 658
3991 2508
193 4180
2371 653
2085 4470
1265 2965
1061 2167
10 3720
1746 1242
1908 1531
4911 4143
889 4350
2478 2024
123 217
1015 1767
3780 2373
301 1713
71 112
313 4425
1975 1413
2310 4947
920 4881
2191 4699
269 2027
1626 4484
2908 1769
3298 117
3699 1820
3220 4090
4325 774
1190 2838
2916 2415
2156 2325
1929 2488
325 3017
3504 3376
4118 4162
1719 200
2993 2374
1758 4830
4421 4737
192 4200
741 2347
3564 3000
3640 982
4039 4901
24 1901
1605 3571
1435 2248
4768 4723
4853 3647
4409 3120
1961 3596
634 2954
2210 2342
137 2994
1947 4176
621 1046
1615 3610
218 414
4219 4589
4136 2752
1764 4912
4975 4471
2796 963
619 2982
2061 3066
4786 1069
2901 3750
3059 466
913 1197
143 3180
3075 1111
3689 4602
3783 359
19 2933
863 576
4000 70
3464 90
1793 919
1232 2428
738 3342
447 1010
2115 202
1256 4166
3723 3735
2995 341
689 1103
1131 3816
4439 4087
3978 4150
3258 192
3254 2180
4632 2855
4015 4500
2820 680
954 987
3369 2355
1829 4803
4240 2715
2479 3719
1843 2101
4394 849
4750 4567
1717 2716
2465 1174
1672 151
460 858
2154 1854
3777 3277
1866 3191
246 406
4109 1464
382 4606
1599 1027
3614 4034
2383 949
3921 1374
871 2765
1167 3484
4610 4259
4510 1321
2741 3386
53 3162
1298 4832
727 4710
1349 4275
2674 173
415 3492
4294 4763
2341 2384
2512 394
4910 3157
2804 522
2794 1961
1954 3035
2952 3179
1433 3684
3180 3141
3632 2211
4061 3124
3183 4153
4134 3051
2694 321
1969 4442
3033 1269
3391 3541
894 1139
2185 1274
4578 2496
2026 2644
1838 4665
2648 282
3728 2117
3152 58
1897 4249
4928 3576
3279 2185
2585 4139
944 1948
2107 1246
2316 1489
4932 4057
714 539
1991 804
1713 2029
1818 4719
4549 447
4049 4309
187 1244
1415 1322
693 3153
4255 4231
176 4151
3833 2064
4904 2880
3089 3787
3885 2810
3536 4534
138 4185
461 497
1471 3462
1400 2052
4121 3573
3773 3801
1690 4364
3081 1813
307 2154
3521 1694
2390 2399
1812 3475
4056 1973
1118 747
3720 3073
2080 814
2352 1573
2915 4781
1013 3658
3087 3392
2129 2731
3672 3407
2731 3063
3954 2510
120 4483
2286 4680
1470 1730
4090 335
4591 4800
400 4479
3679 1904
116 590
3396 1136
2709 1266
4435 2906
1162 3240
3021 2133
11 2570
2267 3550
4405 768
659 3468
1504 538
909 1593
4185 1067
2318 4095
3184 3938
1539 1940
2696 993
4826 687
4813 1618
4226 2356
119 2744
1476 2824
292 2988
1786 3033
2405 2529
3858 3061
4453 2746
4074 1038
262 3885
4220 4828
1024 1540
4582 119
3754 2107
2960 2219
371 208
336 2763
4466 2120
4064 799
2393 2738
2649 122
3098 3679
2450 3069
2337 229
124 3852
1409 985
1971 1928
3881 2828
1100 2898
4792 2321
3127 1422
4236 3530
4210 4720
4919 1803
3535 1262
2803 4892
611 3890
616 4594
2260 2006
470 1553
2125 493
1489 4946
4201 3323
2039 3290
3415 4398
3697 1386
4622 3198
3663 1137
281 4168
3804 3965
807 332
1841 1980
3063 723
1824 4854
1377 1945
1735 1804
47 4915
1722 3654
1149 896
2525 3739
3620 3304
603 575
1414 900
77 2736
590 1241
3985 2070
3824 1063
280 118
4846 3939
1030 1348
3538 4377
4960 701
1905 2554
4840 2471
2498 3351
4154 2719
2294 87
2720 2890
1418 709
3911 4440
290 2057
2603 2724
2078 490
3095 786
3595 4216
4979 1029
2261 2216
2027 785
2850 2231
2231 1120
3671 2459
2849 3450
4481 3396
2190 2134
1226 767
3433 684
2841 944
3669 2068
2246 2611
569 1679
789 1401
4028 137
1347 1583
2928 3371
1300 2739
3563 2334
562 2159
1026 3384
4380 2969
1222 3244
3867 4101
4322 2960
3034 405
4717 4794
2051 1785
1776 1358
3733 956
855 4981
1935 2942
3918 1844
2638 3090
390 1438
3070 3631
643 4686
459 349
2954 4681
4573 947
3726 1072
1099 3491
2325 4086
3816 171
1775 1073
2224 1576
2404 2592
2208 2327
2350 1917
1805 3024
4105 4514
2098 3995
1936 3946
1071 978
431 2807
994 989
4711 1143
3951 1996
2271 71
2475 4933
3467 2181
860 4968
4753 457
1335 1175
3325 3676
1540 2572
2836 1319
1590 833
425 1368
2209 2066
856 2669
247 686
4921 1041
3314 1414
3496 4935
4828 3215
3165 1919
4811 2410
2503 1012
1027 3645
3683 2039
274 4243
1891 2996
1510 4556
70 481
2142 856
1598 981
3903 455
1799 1392
2171 211
430 725
3151 3733
3882 2946
3300 3294
2588 1929
2563 4758
1230 1149
4865 1568
3385 1746
4927 713
233 2874
1705 4070
3782 4767
2528 3753
4433 1372
1248 699
1797 3759
4187 829
725 419
760 1340
3708 2308
1451 1206
3134 72
800 1220
4511 702
1475 206
907 362
2749 1505
3591 1575
2409 3920
6 1900
427 3143
4515 733
607 3295
1280 2826
1389 4422
1210 499
3550 1329
1234 1251
1651 510
4539 2979
4125 1028
1952 1527
1192 1039
1355 3908
1051 4813
4025 1654
2345 2645
1537 2083
4772 600
940 765
2637 2073
2829 664
4957 3279
3682 2142
629 696
1227 2220
1225 77
3947 1278
424 1135
4237 2277
2851 3917
2886 2610
3486 4878
3963 2114
2398 542
3524 1914
3864 1163
2410 742
2163 2850
1315 1611
3737 2115
3718 4628
1373 1332
3948 2631
1381 3898
1997 4178
4950 4270
1494 3924
2729 2446
1864 3510
1410 2840
2553 2297
4051 738
2760 1864
3618 284
2518 2559
3189 138
1239 3866
1332 2196
763 1165
3375 820
2510 195
3667 3813
2420 4421
2196 899
3004 4329
795 2517
1044 2170
1511 673
108 4449
3606 3247
2307 2205
4852 1528
4152 181
3246 3168
2169 2445
1020 2827
1219 2642
241 1832
2401 277
4303 3910
1521 3589
1252 1481
1580 2615
4227 4018
3150 2044
833 1054
1107 2031
2223 4401
850 4183
1652 3040
4423 157
2810 1138
3350 4015
739 1307
396 2537
721 450
3153 4694
3629 2423
4838 2425
2653 2749
1382 4311
4162 3079
2570 4955
2414 3341
1792 2884
3519 4782
1518 650
2480 439
1344 1823
4507 1861
3193 4439
2521 1501
4135 400
3097 4278
443 2876
915 1511
2067 2389
3259 3065
1693 862
3576 794
356 976
1160 4058
4355 1617
1183 2019
3470 1704
3713 2275
2999 2987
4702 396
1962 2514
2784 2681
4260 953
2292 3071
4804 4235
4708 4765
3476 4551
1860 2299
334 1333
3695 3110
748 830
407 2785
1153 750
3662 4096
3276 375
4066 377
4895 2160
1201 3798
15 1751
3234 4558
549 1223
2059 2352
691 2481
171 4603
2759 1342
1800 2004
2869 1970
3248 289
702 4910
3064 1821
1664 4027
2880 4660
2546 2207
4605 3700
2582 4133
3956 3724
2902 1748
583 2310
4891 1390
2137 2658
1211 1893
403 1145
4703 4863
3874 3539
4054 1487
1049 4833
3685 4250
4443 1543
1706 3847
3554 3603
79 1678
4245 2914
4925 4463
3371 495
1760 4733
2903 3115
2920 2123
4164 641
1902 4189
1091 2447
1287 2617
1787 4296
1426 2485
121 4480
2014 2938
4463 893
4906 1313
2630 558
1266 343
2516 3565
2378 3723
2933 3564
3335 253
4493 1830
4033 4824
1316 4277
578 3887
2837 3871
4412 4497
1215 791
4368 4021
2369 1237
4158 2821
4615 3278
4094 1697
1078 4219
1140 3487
28 1112
939 4691
3775 1309
3979 3846
1945 1102
1675 322
1411 2252
2927 4975
352 2740
2362 541
466 3230
2690 214
4128 142
3017 3074
2329 3163
1047 1886
1375 3600
238 3145
2158 3876
2561 3134
1847 2393
63 2266
1730 1344
4974 1432
4829 865
4947 3300
3478 1998
3795 3411
114 1754
1809 1320
1197 2619
1379 3721
4002 4836
4844 1683
4451 2801
2425 3922
4393 468
4532 2682
2416 2980
3411 2913
1498 2635
1623 4128
385 1201
2554 3670
3421 1935
3540 3208
3818 1558
3014 4614
4907 3453
4720 591
4417 2494
4564 4476
4099 2341
3578 1811
2339 3098
4661 1869
2947 4393
1874 3050
554 2112
1223 3642
1417 2222
4063 1463
3512 3102
3412 2595
4304 3957
786 3251
728 4891
406 4118
1074 4662
1155 2421
2493 1150
4556 75
3899 4318
4658 368
4621 4230
2314 2594
906 4412
4530 2808
1948 3726
647 1702
1068 1662
2956 3558
2867 3682
4142 1757
286 489
2147 1436
3819 4492
4356 1412
932 239
2659 366
4856 1369
4141 4572
1523 13
2610 2253
1880 2625
2599 441
2001 121
1994 2370
4302 2478
3413 2934
861 162
1657 969
3635 4775
201 4664
1081 4370
85 2303
4933 4264
323 266
1607 3057
2198 1526
4962 2035
830 2675
3711 3444
4514 4693
4402 3262
1920 492
4936 3909
4554 3860
2075 3088
3372 3204
4180 4287
878 275
2273 4438
3853 1949
2 4373
4835 2607
1073 3542
541 3339
1416 4722
4526 4043
3245 3184
2030 3137
1263 1002
3702 2895
4458 4927
893 1798
3704 582
2456 2184
1688 3202
1859 4971
3607 1130
4757 2896
4004 3187
4662 4433
1285 74
3709 3361
1430 4417
3240 4791
618 2357
4418 1400
4113 901
2402 3629
134 4374
4323 436
4793 4535
2042 4908
4759 106
2530 501
3690 4356
3966 1707
3789 2545
3037 373
3580 4365
4058 4348
4464 4632
1455 2009
1616 2264
2415 3662
1872 2804
1646 513
1687 2132
2372 3507
4594 1123
1439 4451
1984 2199
1187 1561
883 4948
1189 790
4370 2329
2907 3036
3651 632
1186 1177
2982 2972
514 1018
650 2792
3647 4371
3251 1726
1726 2025
737 3112
2801 3567
3115 3993
4705 3863
4171 2574
3140 3806
2793 4555
960 3136
3938 4225
950 2747
928 789
4165 3553
1154 2339
2620 2720
582 475
2661 1382
4104 30
4148 3509
2874 101
2614 988
3787 2652
731 2328
1142 4188
1703 2990
4390 516
886 2293
4736 1658
2624 1099
3185 3210
1438 715
1236 2779
1968 3974
4170 4569
4478 2618
3638 3958
3022 292
1425 1563
54 4890
1979 2859
3691 2026
4858 440
2255 1004
1830 938
791 1210
1761 939
1801 1944
1037 3775
1662 4177
3395 565
4626 4683
97 4940
2925 207
1025 4952
4536 4865
2591 587
3311 3614
2178 3639
3779 3976
3471 4517
4249 1664
3599 2468
2526 1761
3156 4006
2692 3518
2363 312
4689 1727
2424 4879
3306 3732
4905 2156
3869 1253
376 3227
4595 4571
3843 3322
2340 1263
2093 3377
2048 1802
4655 4672
2839 922
1988 2395
4415 3264
1342 4003
4132 4753
970 3547
1587 4666
1314 555
1421 2936
4290 1657
3644 2732
627 3872
491 1927
1811 4552
2966 4818
1205 754
3568 2201
4194 1547
14 4784
1235 4808
1063 2561
4872 4238
1914 3103
805 467
4316 941
345 569
1655 2730
4269 3894
2306 1296
2691 1360
2180 666
1791 4017
2579 3236
3094 2251
1148 1467
682 548
594 2546
297 885
866 704
3945 4895
1825 1971
135 4962
4444 2647
2015 4257
348 2949
4110 3447
2639 868
102 115
1484 3572
2787 1113
3533 2643
3074 2796
1600 4597
3490 2945
4296 4115
3876 1478
2186 2676
25 4187
1444 4002
2978 1233
685 1000
3975 4354
2979 4360
816 2915
3207 3615
4486 3401
4614 822
3125 370
4540 2968
4367 1001
2504 4584
1641 352
2232 1504
488 3730
2706 4061
2003 2579
3244 478
2660 4080
4072 2815
1499 295
3187 1825
4953 3388
1269 3019
3730 3843
4312 4783
1893 80
4212 233
3342 1196
1336 4105
1949 4820
1563 4136
3398 4242
472 4434
4961 1735
625 2513
942 4418
94 1388
2792 3229
3363 3949
1464 234
1548 4636
378 1596
2642 3934
4178 2437
1503 2695
3192 4164
560 3556
423 1874
2676 418
4637 4917
1264 3370
610 2312
1491 3176
3791 3151
2598 3146
1465 4679
510 3756
314 3738
2376 1097
1756 2228
46 2791
4767 4608
989 4941
4842 4657
1469 552
912 3972
2672 395
2745 1326
130 3399
2458 3897
3430 3749
769 248
870 646
523 3482
456 2952
2234 3809
4678 2221
4779 1121
2766 4667
904 1152
1656 2883
1851 3044
1941 3788
521 4052
1744 805
3774 302
2138 4796
3537 4615
4781 3944
1759 2623
3857 2562
84 1627
2774 2326
1755 2345
2489 573
3032 515
4330 3983
3195 4443
2046 850
3241 2576
533 4885
2477 4056
1558 2984
3842 3228
4870 3740
1102 4265
3908 1681
835 3793
3952 2165
4730 19
107 2079
981 3354
167 361
2662 3979
3680 2998
1309 1325
3813 1992
3201 4202
799 4565
4283 3172
3925 235
1468 1909
2433 4286
2265 4347
726 4815
4949 3978
1291 1193
2256 2985
204 3820
1742 4809
1990 1094
2245 931
2403 2520
1613 1092
449 12
1079 4209
3405 2387
200 4349
2500 1778
2823 1523
802 4436
4023 452
1281 4290
1937 1247
1844 843
3286 1835
3222 1995
3820 256
3456 399
3530 1384
3808 665
2254 331
601 3406
568 940
1736 1410
494 2725
3751 1405
2636 3368
4070 4119
150 3059
2013 2768
4589 3432
3418 4307
4177 1147
1667 1565
3725 4897
12 3562
2617 1248
1584 2522
250 4504
1720 4553
4742 4142
976 2292
3082 337
4140 4159
3229 517
1885 1304
4864 3077
1108 2764
2400 748
3785 3437
3393 2777
1358 1852
480 4595
3028 3498
3026 783
4247 864
4625 556
3703 2177
4680 3131
74 2646
1608 889
3850 2700
2072 3232
4467 2460
4088 920
4847 4337
1150 2904
4848 1943
469 2571
4679 1989
4547 4689
1740 593
552 2351
858 461
2418 2143
1638 3083
1406 2479
3844 1623
3169 967
3219 1292
2331 291
3896 2124
2308 3464
2275 4711
2551 4725
236 438
302 928
4211 4896
2519 1985
4609 4426
412 2394
3091 4295
1595 3962
3419 3895
692 4512
4156 537
2814 4036
966 3711
2089 3869
4801 1552
4790 4059
240 470
476 1795
3277 1827
4213 4909
558 3477
1544 28
3107 3855
3178 857
1821 675
4586 4914
4749 1789
3198 2340
3271 3857
1165 1745
3357 2851
792 2573
4454 223
2358 2040
998 4501
3980 2528
1883 1824
1467 1009
3721 4485
2845 4049
1704 3985
3408 4757
145 3622
2446 3991
2435 4137
3656 4181
2895 2932
154 2582
608 1042
3010 1612
2827 3970
1152 2059
768 1367
1892 3318
2487 2632
3509 3451
4916 614
3559 921
3341 4469
4735 4289
2601 3945
4534 3628
3483 1399
573 3832
4506 3543
2434 2873
901 2282
2783 1458
2921 2569
4315 4515
652 2409
2964 88
4773 3314
588 1454
585 908
752 1162
1663 55
707 980
2091 2718
1146 903
3266 1822
183 1833
1145 238
4588 4848
2092 144
630 280
3345 2176
4783 4521
2965 3125
1815 3085
1008 622
2739 2043
1822 4518
4273 760
2226 398
2508 4840
1819 2473
1634 2806
4776 3034
3659 4805
4176 2498
732 2020
3707 1183
4471 1598
4841 1855
316 2912
4577 2336
2626 491
4313 1964
3759 4690
1734 3316
1769 3634
1035 4570
3349 53
4388 4963
489 2881
3308 3465
2367 1096
3641 246
1206 1894
2573 3467
641 3265
4029 3867
710 3705
3913 1656
1240 2759
2629 1118
804 2368
87 3849
1989 4154
4977 4785
4449 4547
561 755
2317 2699
3330 3613
3171 201
2905 1128
1338 2832
2396 1534
887 655
4012 3096
1029 4313
508 3144
3386 3512
4411 1016
4867 2636
4144 1116
555 2605
3072 369
3313 16
2772 2604
3609 3528
3907 3551
3922 2590
2217 2224
996 544
4762 3246
1536 4409
3416 166
2328 1969
4656 424
1178 3291
4167 3428
3868 1207
4868 1453
1549 4550
4524 1653
3042 2249
4719 1665
231 245
3622 4208
3688 1486
2844 4481
3287 3239
3035 4134
577 2916
923 2161
3202 4740
420 772
4225 1862
852 431
1911 2849
62 4919
1294 3409
2972 2997
3223 2941
4382 3248
1635 818
404 660
4728 2601
4791 3925
2777 56
3503 1597
897 404
2961 3147
4191 2861
2973 1190
3586 3776
3973 1924
112 550
509 1529
876 2242
257 4269
186 1650
1853 2786
4923 3623
4727 4847
2543 1191
3299 2261
3304 1408
3523 1331
2268 2385
1930 2666
759 2621
2578 4838
2744 2113
3763 2664
4102 737
245 4841
4617 3012
3574 3699
43 3164
500 1744
2859 1752
4880 2463
4612 420
1422 2193
1532 923
4849 1373
1330 4850
2108 10
4618 2825
2068 609
1564 2686
3100 1090
1753 3366
675 474
146 3988
4 293
1307 390
4831 177
2079 3752
2123 2733
853 2503
2687 2121
2968 1303
1399 2376
4699 714
179 3170
4496 415
2437 3474
3172 4523
2718 1062
1934 613
405 4923
2819 1566
41 1289
2877 4138
2338 4414
265 383
66 4246
177 1720
32 3655
190 397
1804 4731
3404 1972
3590 4851
1363 4004
1070 4456
4011 2787
4620 3200
4224 4697
2110 2033
2893 4065
158 3420
1384 3834
1850 2580
952 958
1778 2597
2990 957
1341 4980
4400 3006
2344 4099
4733 3727
4387 338
1927 3329
1727 374
3872 870
2284 1958
3211 1140
3990 3777
180 97
819 4611
3243 4688
2724 108
832 1383
2575 911
3355 262
719 2869
2263 651
673 4717
310 3892
4764 1708
479 3675
908 305
1334 4
2432 512
3653 1585
4798 1468
3065 4627
947 3649
256 2751
1104 608
4455 3029
499 2655
211 2331
3119 3470
2052 637
2569 3181
4328 3442
3230 143
1257 1792
773 564
136 1308
3845 1775
1042 4649
4978 3092
2242 3713
684 1510
4646 1538
599 4120
542 2246
3552 4169
4246 3652
811 49
4197 4106
566 3133
3668 2298
2109 3448
3893 79
4276 3405
2102 2087
4371 4548
2761 2927
3488 3814
4038 910
3962 2434
2411 631
3197 41
3225 831
4649 1447
3760 2944
4243 904
1177 1800
2781 3830
2875 3841
4428 3325
982 2959
3370 4814
409 2957
3982 1155
3309 1419
2815 1890
1953 4127
1632 1159
911 411
175 2380
1884 1462
1380 2146
2555 3209
2587 3237
266 502
4972 1606
3030 570
953 810
2200 3276
1085 3717
2037 2255
2650 4464
3491 1217
1582 624
3434 1167
3454 3942
536 4217
2050 2008
3012 743
2121 1856
3233 3346
2716 724
4523 3105
377 763
3556 3490
3047 2010
18 4458
2166 2878
656 3086
667 391
4876 4623
2977 1445
1262 3195
4800 2151
261 1763
3875 3519
151 3593
1401 2332
4445 2673
4318 2822
971 1587
1386 875
2463 3527
239 3630
3752 1370
547 2911
3584 583
202 297
3596 659
4980 2862
1460 4288
2544 4532
2722 2092
4747 298
55 3481
4172 2688
2084 1127
4951 2837
925 4612
1156 3272
422 18
393 3344
30 1805
4555 3694
3928 3729
40 4864
2119 4190
3929 4345
3224 667
96 1064
2699 3768
1110 2864
3281 4937
3025 929
2728 3598
3293 2155
4516 3095
3678 1095
1642 3533
4734 4789
4628 1184
3798 1227
1203 219
3810 6
1680 4511
4349 4519
4098 385
3162 2232
1900 2710
3494 3270
4263 1260
3729 4291
1372 27
3362 597
2399 2127
3658 3954
3749 186
493 4494
1950 4643
329 764
3400 508
3499 4528
1356 3256
2045 483
4665 1777
2038 2584
178 3331
4788 930
2370 3274
3996 4756
3650 3621
1474 4734
1258 4461
4939 4073
2118 4844
1486 304
3387 3513
990 140
2693 4432
1176 193
258 287
2552 3790
2980 3967
2077 1268
3809 2817
2717 670
1180 4581
3601 4496
3933 2348
273 770
2791 3644
2678 3424
3441 1007
4869 363
3031 451
4482 1680
517 4837
3053 1644
502 285
4101 154
388 3169
3745 1132
3203 807
951 1391
4358 3060
917 1362
3142 3205
2281 2441
2179 4592
2197 4620
1529 1693
1090 3109
142 2857
845 2536
2356 4656
1255 3417
1970 4646
2114 845
4293 2360
4383 3668
4908 2379
708 4861
1251 4668
1695 2203
1367 4382
3161 3463
3547 3638
1645 2901
779 2284
2201 2210
2843 3821
2501 3914
809 4563
3544 2793
2721 1902
4193 579
2124 1978
4351 2917
4112 4949
3603 1770
1967 2789
3877 4227
2302 3193
1 3969
139 3297
2654 410
3817 3362
2899 4306
4889 2075
3109 1032
4175 1524
4971 4333
1216 4199
4569 2766
4878 3874
496 1109
3487 3712
4001 3742
2751 3221
2311 1421
21 4692
1277 1131
3965 3534
197 2612
4217 1933
4310 3413
4663 4368
1473 3619
291 4491
1528 3664
4760 729
1350 271
4209 1690
4651 942
3073 4253
3403 3367
774 898
3297 3511
3835 2894
4430 1215
2600 4445
4945 2756
1878 1208
1879 3616
1244 191
2305 4171
1741 4486
3769 762
3446 2318
2645 878
4938 2800
4809 1743
3649 4173
3458 1003
3422 2511
452 2238
3009 708
3384 1509
4668 1620
4018 2975
1682 4819
2750 776
1260 2648
3794 4423
1754 4158
1553 4262
3806 3570
195 2524
3642 1591
4892 63
1854 3906
4915 1512
1009 3844
2602 2175
4696 3514
3321 1055
661 881
1858 2206
4697 82
3453 4083
232 1780
1798 69
1932 4042
1345 3021
2970 3707
3367 2062
1579 2991
1351 4601
2919 4229
3849 1518
938 2433
2842 2226
1369 3663
410 3606
2034 2377
4770 2515
3906 4670
2249 2289
4585 3837
3043 533
2041 1876
3099 4598
3078 657
4115 1470
879 2495
3291 240
3447 2637
2812 610
3057 3308
550 1882
3431 4807
2918 960
3133 3840
161 2214
3610 3052
1912 3001
1565 4873
296 4640
4441 1577
2351 3497
3027 681
3452 4930
4732 1698
370 4331
3135 2783
2733 1649
2962 2301
1136 409
3507 348
3283 221
597 2152
3832 4267
454 4046
4095 585
4701 464
3262 4522
4262 4198
4181 316
2621 2928
4537 867
426 4951
2167 2918
1452 4843
2483 379
389 4852
736 4454
3461 34
1276 4314
3567 4973
1018 1865
3828 3123
615 416
4931 2970
2862 824
3839 2173
3967 3190
1077 1739
1207 2076
2536 2640
2689 4184
3080 422
660 1182
4640 3552
3661 2404
730 581
3114 1363
1903 2065
3399 2694
4659 2509
4673 4361
2641 36
686 2036
208 4010
4677 3743
967 4868
1493 693
4644 3575
1924 1180
3946 2189
1956 3084
1441 1589
2467 2098
3426 2630
4250 4834
358 2290
3249 3438
4182 4867
609 678
987 1476
2082 2780
4619 1773
2010 835
2354 2641
2890 3338
3865 4887
3712 257
478 2717
899 2265
1957 4247
2770 4129
1931 311
252 3398
4413 1061
2225 3688
1842 4062
4342 247
2204 1224
2758 2191
4448 2276
2560 711
4377 2140
4839 4554
56 3064
4797 2705
109 2839
2778 4524
2229 3758
4631 4559
2188 1853
2604 769
2219 3889
2596 2109
2040 707
506 1988
1526 1305
3549 844
3912 1615
984 3127
4598 596
1904 47
172 4420
152 250
3296 777
2736 2197
4616 1784
4855 1755
3541 4258
2419 2383
3522 3597
1996 4213
1087 198
1621 4396
3841 1867
170 1282
1374 2367
4065 2734
3926 4605
3600 1108
4163 89
253 3445
38 3641
1515 1632
1899 1291
4650 2091
1789 2085
3141 1311
4143 1667
1170 611
394 1556
1640 2628
1305 3984
2929 260
3553 3815
3208 2475
4333 3011
93 3285
743 998
2628 1781
4256 3100
3573 3397
1576 1354
1093 3224
4685 4369
3681 1557
2330 1765
205 1085
1913 1081
1098 3902
1816 2213
1810 283
3905 237
613 1857
1420 3289
3557 1483
4599 3757
3743 3915
4138 837
458 4829
2195 1938
2658 2634
3274 4091
4600 4279
1383 3640
1624 595
1992 2254
1450 182
4913 4387
2710 1829
86 4050
3823 1548
4477 26
2974 1870
3479 847
4964 4404
4522 127
513 319
2522 1104
4233 4810
2776 2999
3231 536
3019 104
3655 721
118 265
332 2701
3738 826
1296 3770
2991 1732
2315 165
1247 4766
4745 4846
2207 3206
1671 580
1938 3282
1999 1749
1509 1043
3838 2721
4173 463
4887 2992
2527 2769
4491 4531
1796 3268
1781 4749
1654 2422
2388 2323
2698 3476
2043 3896
1974 1981
3226 2263
745 1107
790 1231
2016 1473
4122 2956
4633 1610
3108 3478
3260 3460
220 3427
518 4651
3993 4117
1456 3189
2327 4001
1002 3418
1169 1258
995 1279
4693 1977
2644 1722
846 3964
2244 3334
3866 2745
2840 111
2906 2860
331 2668
2983 2680
3160 2095
2881 4132
173 1582
4624 294
4879 4744
3593 4478
4948 4685
3263 1834
4771 3781
1144 1352
2460 974
4017 4918
1998 1613
703 4195
1395 628
2959 999
1678 456
2773 2202
767 4175
602 4334
4706 2847
4513 264
4397 3359
188 4906
4108 1404
2738 2818
4498 3911
892 4751
300 586
359 2575
3863 2543
3958 606
2994 629
3352 2464
3050 4326
2296 2713
975 163
4561 2525
2481 1409
353 2691
2896 1828
1700 1337
299 851
3583 1793
1901 509
665 1418
1105 4300
3927 4617
3771 2278
2007 2891
4810 4215
3674 4097
3213 1625
538 3472
481 4708
2938 3292
1337 3824
3227 1230
4761 1682
2139 1306
1137 3540
2835 3298
279 1892
2727 3108
2474 472
3124 252
1454 584
3120 2875
4504 4026
351 3419
4089 1619
2605 462
1066 4251
3469 3608
3766 619
4266 4899
3083 2317
2159 2547
3643 1921
3278 4428
2824 4030
3316 2157
4010 4048
2278 2337
2394 333
530 1847
4442 3048
559 213
1834 3592
4924 4448
2807 812
4353 4977
3770 1806
1551 437
2756 1507
655 4931
4337 31
3204 448
3085 3698
2809 328
1643 3456
4565 2723
1611 2324
2484 936
305 1033
1402 3235
3520 4342
1610 2416
977 1942
4257 2683
2680 3005
3144 3611
2723 2346
4854 3760
1442 382
857 3746
840 4362
312 3003
3450 3473
373 4066
837 3238
243 1841
1692 934
3247 3259
3451 4357
4952 3336
3939 1433
2576 2925
2549 3321
1572 2455
3901 1151
58 1814
360 3211
4970 2378
317 1089
4563 1542
1846 1361
23 4969
27 1195
4369 4902
1708 3178
4484 3142
2786 4088
421 972
4636 4709
4571 61
3347 598
2283 4064
1631 2466
3871 1607
3784 3213
4805 178
2262 2365
734 3905
2491 3817
529 3672
589 4905
4116 2001
4546 3960
3734 2003
4634 2237
2765 3823
4075 4155
2550 4768
2280 1766
3424 4016
153 388
1459 1772
2128 83
184 442
1172 3443
1323 1651
4875 417
1101 4285
392 3293
2047 3704
4877 4526
1848 197
3257 784
3392 1366
2289 2829
3402 1493
891 3977
4517 131
2029 3489
724 1345
1855 3013
3652 4380
4239 4639
4195 1290
4378 446
1243 4743
4544 3574
1017 3590
2266 1026
3700 152
3735 4280
3294 4812
3829 4856
4822 42
2866 2306
3613 3139
4106 1469
978 4112
570 4715
69 4505
1575 1671
4335 1675
2165 1934
4748 4675
319 3150
439 716
1721 2971
3883 3128
2081 4673
4965 2390
2931 324
4230 3485
395 4044
2640 1818
1535 1736
4288 1536
2389 2877
140 2709
1481 2563
4718 4111
3815 3055
259 4732
3407 2809
3803 4702
2981 1359
948 4260
3848 2424
3727 4771
4744 1186
4277 212
1238 3963
4639 616
890 1839
2407 48
2049 2236
2595 94
595 525
1676 1158
1817 1396
2683 1498
3084 1643
1293 1075
4281 2012
4299 1695
1368 2195
3873 2279
2623 1052
1301 4408
1871 917
1419 1025
2421 3455
3182 4659
4301 2558
762 2799
2471 1941
3942 3667
3320 2244
4254 4493
4667 2633
3891 2778
3805 2602
2577 2287
2205 249
4123 3825
1915 2905
1058 2071
821 3446
1698 2084
3332 309
2779 3505
3645 3410
4611 3097
820 3152
2136 4924
884 2022
2813 1860
4860 2015
303 531
4127 3364
1794 3990
3319 813
99 1106
1788 1168
1019 3582
1502 720
2361 2230
2485 1146
4307 2413
672 4453
4794 3546
2606 3466
3799 1674
2914 4929
2608 65
3242 2538
3406 4323
1233 916
757 2239
4438 1677
711 3953
4789 3306
1083 4877
3619 907
824 986
826 3355
133 2099
80 1555
3612 2544
1193 2294
4222 749
3096 98
283 1888
2748 4703
3301 116
4912 3585
419 1947
4723 4343
1873 4079
4381 4402
2274 2728
4426 2907
3101 4381
4048 2443
65 3430
4920 1738
2753 527
384 1807
2870 403
963 1050
1865 4972
3055 1071
2831 745
1067 4207
4465 4939
2541 4023
1737 2983
465 1295
2004 3087
311 1897
2312 4301
1135 1581
4787 672
4866 895
1182 3900
646 3007
1141 2200
4817 4460
1113 1420
3525 4944
3389 2830
4715 4025
1826 2187
4726 3678
3348 3056
4499 4726
3086 4077
264 2802
843 892
363 2061
1870 2966
3895 3930
881 1567
7 4797
1603 4060
4286 4580
3312 1228
4184 4510
1171 254
1126 3804
2055 4310
4216 4261
3792 2427
2448 1959
1346 1049
1767 4148
3892 3483
955 1393
2892 4509
2441 970
3351 1637
3343 3422
4657 4156
1466 199
1306 3899
2447 4167
4816 1891
3744 4799
1837 315
847 4206
1660 1070
1561 4144
524 3495
3887 4774
1007 4831
2882 3158
4527 876
788 3875
2800 2235
631 4576
4242 125
4045 7
181 792
127 4525
986 2492
4429 1588
3561 3665
4298 174
3837 4714
695 4724
1939 1222
902 4503
4821 1686
4352 479
57 3273
3923 2729
848 2483
284 2539
4944 1956
2309 209
1405 22
2276 147
2670 3921
308 3555
2103 3791
1166 884
2025 4340
60 543
2258 968
110 4945
1546 3357
814 1387
2160 4736
3592 1939
148 3932
2053 4055
3333 4437
3597 2665
106 927
1060 4344
2488 4932
1519 973
2472 3926
3368 3
4120 1974
1545 184
991 1243
2625 2450
4320 669
3238 726
4041 4263
4091 607
4133 1873
1650 3155
3854 798
3322 3393
1404 802
3002 771
44 2285
1594 3883
3943 2018
2364 3350
3715 2449
992 1497
753 1154
3976 3333
3425 1984
3957 1017
3930 3933
3139 3868
1431 2190
4576 133
3846 3488
2884 534
2066 3659
217 4353
2904 2937
1557 1907
4494 3786
4183 3989
3270 1636
4645 2096
862 2484
2730 1936
1111 3903
368 4498
230 1668
4606 4631
2174 4588
1732 2523
2830 1285
959 1787
2241 242
1909 4103
3136 3618
3381 2926
2111 4332
4601 1385
3935 164
428 4739
1876 2989
1022 796
1751 3702
2789 3517
3879 1255
3812 1178
543 4094
2580 948
2997 1837
698 426
2134 2135
3356 1083
4021 296
614 176
490 3697
441 1213
4361 2451
1856 3002
4593 1078
1319 913
4279 1293
3889 2136
2181 1492
586 2541
4756 2845
1482 2335
3500 1991
4836 3671
4475 4965
4899 1013
309 4172
3361 3426
4079 710
1289 4473
3401 3765
3039 578
1627 2461
4888 1774
4500 2775
2548 1020
3621 2889
1407 3626
2206 1889
4529 15
1686 3312
2216 1647
2497 519
2795 4816
3267 4037
3191 354
1228 808
3327 1134
1887 3692
191 2516
2172 3258
1644 2499
2451 4212
61 231
1275 2243
4202 141
3217 4960
3044 4487
1295 1687
4603 1014
3196 3594
4914 520
4410 4624
3288 3913
3673 3058
2740 1750
2122 2586
3290 4324
4834 2274
3834 3566
1057 3859
2524 1710
1785 3340
3015 2296
1304 3132
1324 3166
3701 4745
1313 2995
1852 4040
1122 553
872 3286
2220 2462
4146 2497
4043 639
3303 620
766 1812
3358 3068
834 1714
3104 2781
4203 4072
210 2295
2086 1520
1849 697
1249 2526
337 102
1463 685
1512 1994
4338 1315
2373 52
1501 2885
2252 2480
1062 2773
3821 4328
3435 1946
4339 4283
2853 3449
3126 4582
401 530
1311 4674
4425 4228
4741 4146
17 68
4956 3028
3796 3782
3168 3373
3994 259
2194 4366
4080 1843
936 4161
113 1350
4918 3956
3624 2257
1479 2812
3364 3241
1436 2090
2116 752
3919 638
1173 880
2028 3520
1629 2103
865 4210
2184 1336
1472 811
690 2482
3970 2078
48 4294
4806 4179
3329 3400
3830 290
2062 690
2889 4596
1973 2754
1777 4585
2976 1684
3997 2953
3048 3580
2071 4170
3232 4625
1836 4539
4024 788
1946 4475
1907 4869
1701 1428
446 2174
1485 2316
654 1866
3944 2620
2611 3199
3292 2163
235 758
2313 2649
4543 1633
372 2016
2387 3461
4036 2549
4215 1819
3981 1450
285 2234
3077 4197
755 1
306 3402
2095 3271
2164 2
35 3725
3449 1164
4812 2388
2299 700
1530 4430
3748 2639
735 3521
1506 2609
1194 4641
3732 1516
3212 572
244 1077
1445 1737
1403 1284
2667 225
1157 1474
701 3744
318 2961
2861 732
1326 1440
221 2364
29 918
2666 2888
4359 3076
1770 1923
3417 3039
2671 4959
3529 1790
1918 2534
4374 2835
591 1452
3719 4186
3797 4098
4926 110
2734 3499
2063 3522
3878 1584
1668 1550
4683 4419
1497 51
645 3219
3344 4705
1434 4762
664 2131
3518 494
2462 4319
2949 2656
584 66
3589 367
298 601
4902 1181
4362 4078
1039 276
3275 4647
2054 3754
2619 3785
744 1963
2304 1628
842 2976
818 2349
3915 535
4131 4410
4218 2629
3093 1221
1653 1799
1084 3212
776 886
4190 3500
3581 3999
162 3799
4909 3358
1738 2111
4958 3941
1581 4954
3228 1797
445 1715
683 488
1282 2578
3123 2014
1814 966
4707 4957
937 4898
2612 3281
4285 4240
4174 2679
3 992
3437 336
4674 1622
3826 3389
4278 270
1507 2438
82 3441
4228 3862
4917 2470
4942 2007
3807 3586
2233 4735
1750 4801
2146 1646
4459 2011
3959 4564
4937 3959
234 3973
1352 1801
3539 3741
2359 1105
885 3118
1955 1264
3984 205
2509 3822
620 4779
3164 571
2189 4530
1772 2565
3265 3766
2343 2670
2413 1160
2457 3140
9 4835
3802 4549
1370 854
51 1706
387 2661
1246 3912
438 3439
272 2500
4476 3122
1040 2505
4006 4698
3018 3971
4613 2790
122 1966
2436 2552
4755 815
2675 560
1670 1250
4660 4806
2019 647
4884 3004
4976 2406
1168 1733
882 2102
704 744
1763 727
580 3951
4214 1791
3216 465
2655 2920
668 2924
1191 2760
3562 1219
3665 1272
4003 506
1568 2188
3455 1810
3931 3008
3497 4075
3282 1965
2455 3135
1807 2472
1088 3454
1072 241
3256 1194
4450 2531
4725 1280
4827 4450
2879 2403
3138 1011
2240 306
2860 4826
364 4586
4067 4312
4253 3182
2572 1741
3239 3591
4055 2444
2532 427
3861 1232
4643 3657
4551 3515
4341 3031
330 2521
4022 1845
3006 1884
3472 4205
4346 4802
4969 2702
874 3563
4548 4658
980 636
4155 4541
723 4875
1279 2692
680 4633
4092 3722
2218 1976
4401 1076
1823 3633
780 1122
182 3904
326 1204
1933 2568
3870 4157
567 1926
483 1082
1448 4407
581 3831
3971 4537
1963 2179
2346 3317
3394 3391
3436 21
1028 4255
1542 4248
3526 983
76 674
1175 4853
2888 3643
1268 3324
3501 2366
3566 91
397 2667
770 3848
3739 4239
4386 4653
1139 834
961 621
432 4874
4147 1979
674 1877
1745 2055
435 4502
1696 1281
1978 2125
2704 2270
2507 2672
3339 730
3003 1209
4713 4376
919 3810
1614 4465
3626 3504
758 279
2854 4678
3910 139
1808 402
2743 2186
1271 1851
3255 477
3473 3081
4885 4916
2953 3695
2872 588
4492 215
2202 1479
2571 4967
4189 4284
4350 1868
3383 2650
267 2843
592 712
4802 740
2679 1157
2948 4054
973 1506
3852 2750
1524 3851
3676 486
1086 2060
2878 2371
827 4889
1129 4241
553 1676
4763 2772
3146 1339
3989 1858
3582 819
2821 3335
935 994
522 1203
605 3701
3482 2145
2096 1205
4695 3231
2101 155
1202 4849
213 4203
125 4281
2565 2909
2386 507
1890 806
2140 4508
1115 1908
2695 4271
2439 2088
4399 3053
2104 1638
3987 2319
2365 4884
3051 3646
3753 3116
3484 1962
4327 1925
3143 1047
2746 1666
1943 2550
503 4822
3154 4378
3170 4405
475 3559
958 3254
4292 1317
1158 1955
3066 3839
637 1595
2511 4721
3069 334
4031 3982
4845 1551
905 2939
2719 4682
4579 1626
2975 2273
2117 3661
839 3016
64 3950
2444 4192
3040 3936
4746 4827
3687 3414
910 1630
3382 3526
2454 2671
126 1273
3508 2955
2898 384
1014 2405
3137 3545
4280 3032
2534 1594
451 3173
3750 2978
1116 3893
1487 1571
2152 554
3534 4629
1985 2398
563 59
2857 4700
3001 2707
4710 3223
1423 3975
2264 1153
1272 149
4508 871
2768 1517
2192 3968
1297 2013
4373 3434
4007 846
4765 1663
666 4886
3974 853
1195 473
3088 2581
1574 4068
1378 4063
1620 1459
4081 787
2100 1578
1376 2848
3747 4792
2334 1316
224 500
2858 950
596 4104
416 1407
339 1696
4205 3811
2537 3375
1495 2260
4704 959
3847 130
1881 2931
4077 3601
1951 2128
4758 1031
2342 4958
2752 4400
350 4028
869 310
2909 1254
3272 797
2168 2974
1179 3242
2150 3927
829 3884
2891 2577
1508 443
1250 3808
1559 3827
1828 612
2592 4273
3611 4375
343 350
2087 3315
91 2814
2380 592
4452 3503
4037 3773
4959 1592
4364 3390
2885 2042
1661 821
1731 263
4896 1086
3731 3998
1198 2431
2856 2947
2368 2116
1648 24
2094 4084
1718 3532
849 392
467 4424
2609 2588
1117 2507
4550 4978
1488 169
3551 433
4963 1764
1329 4713
2417 828
3366 1057
851 1652
798 3789
817 4122
4861 3010
525 1760
3836 3734
1229 1541
1095 4330
663 1817
4851 485
2120 132
3968 915
2868 498
1308 3537
4602 3458
2173 1101
1360 3772
3772 3216
2707 46
1665 1214
823 679
1647 2141
4282 3201
3252 2313
196 991
3831 827
2712 2137
333 2742
4946 4707
155 4773
2259 4544
1119 216
495 1717
4647 1288
3346 4268
4752 2712
2913 3650
1867 780
4670 1045
2668 4888
2517 39
2060 2532
2946 161
1516 2854
4372 3171
1327 4427
4525 4913
4712 3581
4365 4618
2539 109
565 1176
4424 153
251 3620
880 434
622 3560
399 1015
1960 1218
914 2105
3158 3082
574 3762
3546 887
429 604
2021 2153
1245 3267
2105 3693
4096 4435
4199 3380
321 2527
1944 428
3041 4599
1174 2811
551 4033
2911 2223
2269 458
2955 2104
115 4645
1993 2077
639 2698
3571 124
4489 894
4630 1602
2923 2412
4440 4236
166 1794
78 801
4013 4140
4859 4883
67 1188
436 574
1995 2660
3768 1275
2161 1425
3465 3309
3318 1495
3605 2168
3045 935
504 2711
2663 1485
875 2865
4040 3330
2033 454
3637 3119
4005 308
2597 662
1923 8
3757 1502
2355 937
1161 339
4384 1491
4020 4244
3090 4630
4149 2627
4396 4346
4085 2215
2940 4696
2143 643
1290 2291
149 2435
1273 107
648 3604
215 2853
544 2164
1387 1530
793 1640
3024 2338
2009 329
4545 4467
3646 1881
1513 4218
3444 3755
4575 189
600 3714
3587 4860
2151 4014
1412 3234
2926 1783
765 599
2020 4359
3710 1826
1359 1539
4019 2250
1725 2150
2515 2050
604 255
1571 1779
1555 2842
3790 3043
815 1600
3949 3708
1716 3167
3528 1347
4604 1276
131 2178
4782 3175
720 3886
2992 228
1391 258
3860 877
3608 649
3480 3226
4955 2144
825 2108
4271 1692
4241 2363
1127 3792
3886 751
398 567
2176 2542
1795 1601
3654 3266
749 2784
2855 3880
867 1906
1715 307
3205 3114
3397 1301
1986 3747
1261 244
929 2774
3898 4759
1320 1310
379 4011
606 1815
1052 4546
3462 866
3155 2771
3616 4642
2635 4321
931 2714
4437 2030
4566 1808
4207 2074
3756 528
3062 4352
2505 3121
3331 2591
2499 357
3295 3767
612 2269
4850 2871
4581 3101
4169 952
3558 1088
75 4429
386 3429
4258 1608
3103 2566
497 1521
3442 3923
2153 3062
4766 4839
3130 2831
4407 2209
3485 4222
1617 692
4819 505
3897 626
3778 4859
927 1689
1032 4676
1585 78
4509 891
1003 4336
4009 2417
3359 2408
4311 471
1547 4845
4408 1700
718 4303
4583 4695
1253 746
165 2453
4035 1931
487 1878
2945 4226
3380 37
1123 4593
1394 3651
722 1377
189 4008
2397 4233
2133 2703
1556 1328
2408 3677
1827 3987
2494 654
3067 3249
271 2467
2395 2247
2097 1475
3269 145
1278 1911
1221 4110
3046 4000
2113 2870
2669 3794
2090 1148
4234 1771
3648 1729
225 3177
838 4920
1869 954
1453 4389
3755 2757
3328 717
249 1444
383 4635
653 3225
2797 4446
796 1270
3598 4472
1591 3303
3953 330
4348 1544
4832 1252
3900 2551
1684 3280
1835 634
322 476
2426 1776
2476 1397
2529 566
3236 4706
237 4527
4675 3681
2847 1545
2755 2148
3007 2272
268 990
2285 766
1983 1742
778 2069
2531 3049
2203 1299
1649 2685
1570 1987
1609 2474
4862 2678
3432 1256
3235 2689
4883 4141
4295 3165
1432 3940
3310 4961
2442 4035
4485 873
2333 3807
1659 4761
2023 4750
2701 705
3579 2657
3129 4648
628 706
1321 1239
4874 1343
4635 1724
2808 3207
2825 682
1500 460
3186 2596
651 4298
3698 1537
3429 148
4533 3870
3008 756
828 2560
159 3078
1552 2820
4044 3089
4714 694
3992 1747
1120 3583
2423 3250
836 735
1783 17
168 2797
4698 4950
1677 423
2780 2501
4229 1245
575 1701
4716 3579
2366 2396
4968 1312
3964 3502
1709 2158
916 4038
198 1703
3215 4934
1286 2512
1596 1490
4694 1635
4934 1913
216 2262
900 2638
1199 2139
999 739
2070 3337
417 3812
1267 823
1031 803
2583 1614
3714 2271
2257 156
4808 2129
2988 269
164 3774
3677 105
104 4591
2677 4367
4724 3595
2470 3197
3056 979
4824 568
2301 1465
2566 1753
270 2212
3302 3431
1353 1885
227 60
747 4317
1888 4516
797 1058
4803 1406
4893 4953
933 4482
750 3796
1046 4545
1446 1952
801 4778
3880 4100
3623 1836
2069 2476
3020 3042
1348 4663
2429 3496
4739 3955
2427 4870
4034 852
1317 346
3800 1435
4587 3797
2971 961
733 1480
4078 29
1699 962
3194 883
930 3737
3237 303
2000 2411
1328 4305
1707 4587
2887 902
2277 1903
344 2593
411 187
2616 945
3570 2432
3960 4956
4461 4019
2558 2964
1138 603
1505 2097
1766 4842
2236 218
4462 327
4379 4462
3950 3706
985 1091
2375 2315
2406 965
293 3948
2818 2858
95 1341
3822 4358
194 3635
1392 4316
1241 1522
1637 378
3693 355
144 995
1048 342
4161 1455
33 210
338 4031
4456 1899
3113 136
1782 719
3420 1709
1490 879
1209 4130
587 4575
4837 3828
4086 4477
1429 2662
4343 3284
1926 2038
2099 1721
2963 4741
2438 1983
2742 3728
2686 81
1151 3311
1427 3888
4682 984
1886 3501
2747 1875
556 2054
4416 1554
4664 2402
2998 676
4700 113
484 4573
4053 1621
3092 1673
4126 1249
3181 4256
4026 2603
1569 2921
39 2245
3666 4388
1762 2028
512 1559
3131 3257
1774 1838
2323 40
1184 1768
3941 4488
288 2093
3166 3352
3988 1267
2912 1349
657 1079
1254 2902
3811 4468
2057 1172
964 3018
2665 1429
3323 3803
2073 2002
669 577
1802 1669
918 2314
2782 1298
636 2977
754 623
1398 1484
1780 4747
2036 365
1220 2986
1697 2948
42 274
3630 4152
3148 4495
3505 1712
2282 933
4737 2589
1121 1084
3068 340
772 3093
2764 1235
579 3538
1462 1986
1478 951
1036 1532
1208 946
3054 3648
3617 1211
974 1599
972 3536
2646 3319
3307 3736
2024 3113
463 890
1069 4194
794 4610
2883 4009
2149 1129
4347 644
903 825
2506 4394
1877 1212
1089 3129
1094 2963
1666 1515
3983 1499
37 1631
4608 170
4572 2386
785 1915
2300 4976
2651 924
4943 2614
4284 1314
2335 325
1106 2442
2056 4529
1625 4069
3705 1718
89 3196
1636 4220
4590 2951
2012 4013
4340 926
1525 3612
2833 4626
1053 1968
4687 1287
3071 1880
2897 2743
4731 1883
2298 3156
1522 698
3634 4718
2941 4677
3116 3416
1743 3014
3489 4542
2942 703
2482 4776
4395 1044
2348 1639
1779 4798
1702 4654
1840 4232
3917 1395
3284 905
4684 1403
3696 3745
1531 4383
1016 2518
1461 2436
222 663
1480 4746
4297 779
676 888
3639 351
2754 2823
3214 3981
2564 1115
2243 2041
782 2502
4232 695
2145 180
3337 2382
3334 3696
1604 3183
956 4574
1284 4752
4691 652
3481 2794
3440 1035
949 2535
756 4047
781 1645
4032 3009
4027 4102
2514 668
841 4293
4083 630
640 1896
1224 1226
531 99
1578 2023
2291 1756
402 2923
4150 1574
571 688
498 4145
4785 1351
2279 3919
546 4039
4830 2816
3765 1346
1082 1842
4046 1238
3548 3508
2496 4652
1806 4223
315 85
260 2868
3511 861
4357 1286
4119 100
4336 2208
968 1990
1972 4081
3565 3916
4922 2490
537 524
3179 469
2112 45
662 2322
2700 281
532 3835
3510 2280
4235 4922
3516 2882
1001 4276
2213 3778
3175 3493
207 4858
2088 4769
783 2063
3410 230
203 964
3253 1642
4261 1443
209 3617
223 445
3463 4351
4825 1849
2627 4687
437 3023
52 1796
4562 3047
1302 1472
1820 2866
4159 4338
4729 190
983 1448
1218 408
1181 401
4897 3263
4060 1379
3894 1059
4014 2372
4901 1051
3506 1324
1622 1398
3011 1119
4179 1100
1533 314
3840 2795
278 3748
3801 540
1217 2126
3474 4788
1773 4876
3999 3214
369 371
45 3030
342 4466
1586 731
3210 3395
775 412
2132 4315
341 2130
2466 3025
2248 1871
2295 3425
4557 11
365 1125
1299 4051
3373 839
2513 4082
277 2094
2235 2067
1832 4787
624 3826
3851 2879
3049 3996
687 2856
3438 2259
3477 3188
1163 3436
2703 2049
2846 1782
3517 4729
4008 3041
1958 4727
2838 4302
477 2761
1833 816
2924 4416
4686 4474
1292 4578
1354 3372
4267 4704
4807 4237
4638 1416
2017 3952
2199 2626
367 4149
1075 4764
4068 3194
1483 671
2106 4441
3409 2058
1691 625
2377 3038
1364 1381
2126 4174
4114 1951
1045 1271
2737 3879
2320 2935
340 1338
214 4513
1749 2798
3468 656
327 224
328 2439
2702 1740
219 4292
1393 1997
2584 407
921 1449
4124 2089
3000 2233
4326 1953
2632 4163
1541 1156
4652 4609
4900 1030
3761 2841
212 194
4151 1065
4681 3800
5 96
132 196
4521 848
3445 1335
3884 3412
3781 3015
1365 1604
1114 2304
3209 2489
3218 2401
1694 1496
129 1580
1898 4974
1130 3569
2144 1957
2568 4053
4087 4499
4052 3075
3106 1229
4431 3245
4967 3403
464 3529
4404 3627
3029 3997
2227 2726
3961 381
4103 977
4366 2690
4558 2005
3998 3506
4520 2048
4568 1080
635 2407
3498 64
4204 421
105 1353
1054 226
564 4644
844 2046
4427 1141
2934 4431
2212 2900
275 2486
163 158
688 2053
2538 1236
485 1688
3105 860
979 3203
681 4201
2987 4355
1976 3709
4422 2608
4784 20
4519 1848
4160 602
1862 2748
4050 204
1517 1572
2214 2922
4082 2755
4139 4928
3448 1629
83 4577
413 185
3741 1006
4474 3287
2615 2182
2618 1590
4666 4970
4309 1427
3555 1699
174 3415
147 3347
854 236
1322 1525
4238 4866
1134 4234
50 2908
1765 1431
2685 2458
1658 1672
3199 1661
3937 4308
2250 2448
4881 3577
1683 1500
1043 4126
433 2530
527 529
346 4403
2910 3882
294 172
3716 4619
2272 3345
1577 1922
2228 2045
3615 4755
160 2397
4843 4266
1357 1294
4823 1603
4559 832
1231 2418
2771 4942
4308 4568
4818 3148
4470 2358
1612 3751
822 3275
1340 4020
289 3094
997 4871
945 3365
4929 2606
1270 168
2799 3185
617 150
1714 2400
4751 1954
3390 1066
2502 2138
92 3054
4941 4413
3374 1192
993 4124
2950 313
2374 2622
1477 2166
2443 2034
276 3961
3058 2519
141 3842
2828 429
1065 1731
1606 3769
2297 4076
20 1441
3326 449
453 1068
1041 4282
3972 2391
59 615
4344 2981
1906 3877
3457 4872
868 2268
1385 4616
2347 393
4016 3486
3145 1133
4334 2227
4420 3605
3190 300
156 4770
4882 2305
2322 4182
3736 2080
3686 1426
2135 3126
3660 4221
2533 4538
1790 1110
3460 4966
4743 4936
295 2000
1440 2162
3545 2106
3268 2803
4584 4855
1242 3027
3110 2369
1728 3379
335 1560
1839 1546
4671 114
1396 3931
157 14
4042 3779
3825 4790
777 2118
1214 1365
2170 1762
2715 278
2002 3328
2175 299
3628 1975
4473 3531
1514 4254
3174 3217
4289 2887
694 2863
4654 859
3336 2587
3117 4160
4324 2307
492 3421
468 925
4317 3716
3657 2886
2440 1060
3914 243
3052 3479
751 809
2657 734
3176 1169
408 3858
3724 1609
2336 1424
1597 3731
2673 1634
2711 3929
4306 4085
4363 1402
3111 2454
4480 648
2985 2032
2865 3382
2384 4786
4820 4903
2788 2283
26 3918
4495 3408
2215 2217
357 2533
4490 1021
3365 1189
2044 1850
1366 3715
1966 3980
2382 2183
2035 932
4385 3381
4709 1950
576 1670
1543 1364
2230 84
2556 4041
4597 1549
229 3864
3132 3935
1673 1451
4071 635
4607 2776
2757 736
2939 912
1059 2320
1274 3301
3758 2457
4319 3218
471 3099
3305 4821
1748 1488
4954 2910
4332 1093
3577 2122
1390 3494
4596 4147
4774 3636
1588 3865
3122 2256
2332 1788
2157 1930
4505 4191
1496 2147
2326 1719
4799 1126
746 3607
4305 4007
4528 2110
1619 2353
4501 3554
2449 1605
2131 301
1424 869
2806 3310
2986 627
4157 4022
287 1660
2832 3111
2005 356
4468 1624
1803 778
3740 526
4117 4655
434 5
3670 2693
1925 1114
3862 4904
2589 3853
1560 1036
1863 3966
534 2613
3827 2696
3627 2836
2221 1171
117 2556
1768 1019
4780 4392
2647 3252
1868 1327
1567 3685
4775 1711
3513 453
347 2267
2590 232
2031 642
4778 1179
3023 2893
2360 2687
4264 1005
1724 1415
2562 2419
1733 2624
3531 3106
3788 1257
3061 4979
3569 4811
4198 2708
2688 2782
3112 2919
3594 76
2239 1166
1000 3523
4777 4604
2353 3037
3360 2086
101 1430
3261 326
2790 1234
4518 781
100 1389
1164 800
2162 4607
2732 2897
1196 3854
3221 3548
1917 2674
3016 2375
623 1786
282 782
1050 3632
697 1503
2464 1302
3793 2229
4627 2684
3076 4067
3167 1831
2193 503
1011 3130
4270 3288
3515 4071
4107 1725
2492 557
642 135
3909 4390
3173 360
715 4882
3324 882
2996 432
1729 2788
4981 227
361 2082
2989 1872
2656 1960
3475 2311
4567 1920
548 3761
4375 2770
391 4447
3588 840
2714 1034
3631 3588
16 3673
3376 3383
3986 3771
3542 4742
2540 2469
649 1564
2287 4114
1318 4395
2187 1442
4329 4590
677 2753
68 3313
535 841
4200 222
4754 3160
3285 268
1747 2440
2293 4339
4196 2903
3466 3602
4100 562
4097 2192
4057 3435
2922 2819
4192 4444
2011 3332
988 775
4047 2204
740 4634
1064 487
671 2361
965 2194
3493 3283
507 1648
1669 1022
1592 320
1076 3718
1562 3349
448 3784
4483 3683
2270 92
3890 3549
2967 2540
2155 1098
1333 3387
4300 3261
2802 547
2705 3674
4030 347
169 4214
4648 3070
1554 364
1723 3220
1371 4245
2863 120
1882 842
1711 93
2032 3091
2944 3343
4672 2359
2848 2958
520 4272
2391 661
4153 3192
4168 4540
1055 3296
1981 2833
4457 4032
1362 496
539 3525
3916 103
1757 4780
2969 3656
1784 1460
3379 2677
103 25
1408 1040
2006 2930
2713 3243
1212 2343
3934 3423
1361 2844
2545 855
1033 2553
4503 1513
2767 546
482 523
2633 128
4436 4211
2725 4165
2871 4457
3036 3653
2769 2362
1573 3516
3543 4795
4871 4363
2951 3669
440 872
2816 1185
3924 728
2453 484
111 251
4940 2973
4592 4804
2385 4131
3338 1380
2811 167
418 1024
185 2171
442 1932
1959 1411
1006 3795
1132 2452
1712 57
3604 1187
2469 4089
4208 3161
1021 3107
4722 54
3664 129
1237 3459
700 2037
3502 4562
3121 267
4419 2555
3786 1898
4272 1023
2065 1198
895 3080
813 518
1097 1355
1125 3233
206 4862
8 4135
1566 2420
4434 1494
2392 2172
3585 4386
4244 773
4391 413
3206 1456
2567 62
3633 1356
1331 2585
1710 1466
1916 2599
1185 4320
2495 286
658 943
4360 4325
598 4613
2958 1283
946 3305
4487 4406
4814 4638
2083 2722
1875 559
4392 2169
864 3561
2697 2302
4553 691
2917 4637
1023 3861
4653 589
3888 4671
3920 2487
3177 2286
3532 3117
2247 2846
320 3154
4265 3360
4740 2392
4275 3045
877 134
1038 3680
1940 4661
248 2548
4223 2993
1831 480
1443 3856
1112 3307
4460 4252
4479 4857
771 183
670 4490
2682 3568
2943 3819
1109 689
2664 1728
1896 4938
4833 2456
2932 3557
4166 3584
4259 430
3038 435
457 2225
4076 4224
2183 4964
4062 1417
3904 3356
3414 1887
4376 376
1458 32
2523 3587
4274 1161
644 4507
3776 1477
3427 3891
1889 4669
2468 4925
1679 757
3767 897
4692 9
526 2735
