6813
815 5067
1564 5001
3161 6602
1006 296
5362 3268
3491 3801
1003 4037
127 821
1441 340
2506 3079
3016 4579
5234 3414
1697 5215
6436 6008
6095 3273
1112 6088
618 2075
1676 709
4563 4178
2396 5779
1431 4228
4140 5660
5063 2704
1370 1129
5767 5011
1562 3866
3025 4414
6003 6473
1807 6100
1001 911
1950 3713
260 5300
5876 1393
5428 2050
4401 6503
371 3281
372 2143
5253 1209
2399 331
2737 2119
29 5684
1423 3644
822 1179
3892 3197
2877 1157
5715 6545
1383 1615
5208 5726
4842 1716
2153 551
6011 2650
4864 707
6562 2524
621 1035
6276 6019
1253 2792
2471 6656
28 6767
4553 2462
117 6189
1372 2190
255 1063
36 4888
3883 5772
6281 2709
3560 6144
5932 1636
1877 1645
3828 3735
4378 650
1154 2471
5308 5699
6718 5255
98 1780
6030 3836
6346 1023
279 1675
4406 4364
5314 1853
2638 2746
239 2180
2452 1217
5402 3896
6761 2219
3562 997
1805 3367
2440 5895
702 3877
1509 915
3482 2146
1551 1193
1756 5948
6657 2051
826 6712
209 5640
1973 452
3465 5130
2777 6559
4790 2716
196 2527
5589 5267
5036 4817
4341 4643
2039 1713
5494 5517
5132 480
4806 4581
2294 4644
4074 5289
6467 2947
2397 4868
3474 3883
895 2450
3408 646
1608 775
5205 4546
3513 3368
1364 5244
3757 6561
4502 4315
2460 2362
3030 1258
5092 3653
56 5030
2395 3502
6651 3434
1911 471
3371 3465
139 5716
6542 3022
3402 633
4940 3217
5582 2158
233 2231
2514 3063
2976 3018
4774 1072
2444 3159
5478 3059
6581 1530
6406 5424
4534 4872
2997 168
3558 3029
6168 5908
1427 6728
5180 2662
3365 5430
2790 5874
1230 5618
215 3407
1515 5236
104 2495
4426 6216
4186 2261
3784 1439
5350 4823
204 3617
1487 5369
5934 890
3308 6740
409 2174
1741 4516
2265 516
4325 210
3595 453
305 5079
2305 1269
508 4768
4265 1827
6158 3110
2615 3796
3525 6335
2845 942
2044 6065
3279 1906
423 4703
2672 2943
4939 2494
2479 4756
4095 3937
49 6146
4823 4730
50 325
6443 3772
294 953
3180 5588
2919 3689
2417 3995
6600 3835
6167 1347
1708 4957
5293 2063
1181 4391
6695 5527
3440 128
3078 2753
662 3637
6239 6348
5301 1631
736 1071
2206 970
6382 2102
3865 4304
4556 4378
5447 4262
4003 618
4695 5028
5409 6419
3734 657
962 6245
678 4256
5513 2367
2295 2160
3846 3486
1804 5675
6170 3724
5765 2863
1478 2523
3755 1380
3329 5080
651 6224
2542 5163
4119 2807
5630 1609
4015 5544
1054 3356
3077 5502
687 5632
2890 3956
4998 1150
1126 3139
3450 6077
3643 6754
3832 4636
901 651
3544 912
4312 3915
6286 2544
4625 4062
3333 4902
1428 4099
1009 5270
4624 2872
4711 4835
4200 5539
6472 4018
1024 5331
3780 4383
958 5415
3541 3032
1820 3055
2502 2590
641 4451
6181 1081
5971 5847
3771 6537
97 5963
5259 16
5391 939
5130 5728
737 561
909 136
221 4264
627 3321
4675 4585
3980 1110
6477 2461
6629 6449
946 1424
5850 5302
5668 5760
4482 5491
2067 3371
2461 5746
6229 3353
6193 4771
413 1270
987 2668
1376 5654
362 991
682 3211
6352 6183
6776 5462
6662 3948
1946 5450
5823 1245
4762 6699
524 5428
2122 6069
6505 6501
6577 1272
1072 1037
2923 158
6051 930
6176 5899
916 1402
1862 1083
5451 3155
3015 5384
2231 5957
4778 2507
2956 5141
6529 2889
1038 1053
1144 5199
441 4538
1986 2856
3084 373
5488 97
4235 3857
169 3225
1002 4143
3736 5372
1657 2783
4206 3585
6463 1045
1452 778
5177 1187
2179 3181
1274 2618
1223 5347
4326 767
6377 1968
770 4152
3196 4753
4812 1862
1404 5069
1771 6482
511 5829
6549 3734
1122 1286
933 6627
1047 6390
1900 99
6089 3746
2617 225
6099 3908
5295 1881
3598 2258
4706 220
995 1435
4194 670
3994 2217
6659 6269
3437 5321
3042 683
1239 4854
5436 282
6085 3600
3810 1662
2022 2781
3225 774
2767 6179
1712 3386
5953 6093
6762 4873
2623 4509
402 788
6794 5121
3398 3173
3635 1692
6812 5
4247 2084
2352 5637
924 6316
2463 1552
3725 818
318 1652
5190 6278
3611 2956
5575 1605
5549 952
6244 4298
1555 6604
4153 5566
4826 1224
2060 2971
1872 4569
3574 5007
4924 4564
1439 3219
596 1705
1206 4725
1784 4317
799 6366
1273 6494
367 5606
974 5744
1016 1369
458 4480
866 3515
2008 5394
5141 4999
3924 2702
5751 243
654 2455
6616 754
6568 2840
1726 517
4707 1760
6166 1173
5996 2887
201 4337
5827 5175
2468 1620
5236 2844
4619 1870
1706 5978
3539 4132
4578 2926
3959 6226
6701 3988
741 5914
5156 3873
4177 4403
729 219
3858 6562
6062 533
4661 6787
5847 283
2645 2175
4504 731
6523 5345
6575 2787
5358 1567
1696 6738
6243 5327
5210 3331
1418 3958
3955 539
6533 1453
6088 6808
6445 2763
781 3587
4694 6772
3509 4023
181 1354
4846 529
157 3410
6802 6591
2744 4702
5800 5785
3346 297
547 3588
3659 4916
3989 5094
1713 4040
4001 1199
3059 5596
4952 5248
3538 1114
2328 2642
5700 3164
2860 213
3160 2441
5754 5317
4681 1767
4090 1055
5046 6051
5882 4795
2936 6620
4670 671
4398 4399
5472 2418
1127 1394
6032 3020
4473 2721
2644 1674
4734 5607
4805 1003
3839 2028
2930 1118
2671 5136
4649 2250
6423 6467
1978 5066
2591 3194
1287 5587
5114 2297
1889 3442
1033 3498
2012 5766
1496 6771
2858 4407
4198 6371
6713 6326
4802 1210
3187 2159
5171 5105
4562 3023
5312 3604
159 3040
5029 5395
3159 3974
4394 739
1812 1811
1537 1078
2350 1843
4654 6695
1682 2010
365 114
5223 162
2282 4497
3429 22
1788 2685
6430 5364
5461 5989
3628 5019
2583 5101
1665 63
6385 4131
2303 2566
1990 5920
1095 6505
4147 577
4308 3245
4218 3277
5801 4380
3943 6202
938 3566
2749 1494
1524 428
5723 726
2704 6066
2861 4650
811 2140
3661 1094
710 6485
4573 4375
3287 1366
3067 5834
4277 1221
714 1445
2412 239
760 1623
2852 6431
188 737
629 6689
4580 1349
1058 1104
878 5487
4895 2930
603 1426
2086 2622
5846 1664
6408 3119
2518 5611
330 457
2848 2236
4622 3399
232 1555
183 6701
5869 2085
6349 2205
6686 804
1642 6647
4189 4294
6753 1
3901 2818
2084 4944
4118 5412
4799 1460
1904 910
1530 2026
4227 2223
6552 669
1963 4506
177 6450
5789 1341
3406 6746
3648 371
2558 3215
6038 3619
4067 4433
1252 134
6359 444
6345 4567
4635 4989
5263 6043
6707 4158
4010 2099
659 316
3155 946
1362 201
3011 4813
393 506
5505 1412
3698 5986
1485 880
3927 5296
1445 5984
6321 2648
1769 5742
6230 2058
349 1538
2986 2314
3551 532
6765 6552
3227 5775
6461 3301
2229 5081
4917 2355
187 4327
1620 5201
3022 6097
1379 3521
5052 3744
955 423
5133 2116
1694 2168
4898 2793
6133 4275
1341 2035
1757 6176
5594 3659
3275 6799
805 69
3431 3935
3080 4161
364 2701
261 5787
5368 4254
645 592
1148 3681
5041 3355
5374 5756
3722 5977
5783 3673
751 2765
2164 6053
5681 3246
3821 1961
919 2583
765 2794
3735 2280
3266 6022
6007 564
1770 1597
664 5148
3426 870
1585 212
1624 4978
2990 4827
3777 1574
5981 2408
595 6533
5497 1764
887 2030
6708 5352
899 2333
1091 3347
1917 4021
551 1896
3805 1912
4457 4030
2019 4303
296 2846
5109 432
6810 824
6771 5178
772 4734
1086 2762
5904 2649
5462 3818
3897 1748
356 5406
4495 5499
5653 5366
115 330
1108 702
5620 1771
3529 4530
6546 3741
4437 950
6362 2743
1109 5997
59 4727
5859 258
85 4133
4932 3999
1945 4626
4662 5835
5386 2341
3223 3768
3600 5758
4237 4269
4970 5878
5053 4883
4057 3641
6318 1994
6502 5219
3268 3100
6183 6526
1432 6048
3473 4087
1413 4512
1636 3990
5331 2327
6358 940
3341 3255
5066 3813
6663 6145
2660 3686
5150 454
2041 5054
5885 2065
5920 6538
3676 5131
2414 6406
6545 3748
6417 5743
1667 5419
6696 1839
601 742
6058 4670
5455 2637
2802 2892
5417 2593
5272 146
6632 2903
3215 1425
5979 5661
3351 4455
1419 6395
4775 4638
3549 447
2016 5025
4375 3485
6224 4017
3656 1957
219 4712
350 6461
3582 4652
6273 2998
4551 1038
5050 6626
3117 2630
6012 462
4868 141
6744 4914
4883 6717
1959 3545
6596 5017
3907 1482
4315 228
3058 6285
5485 6774
5632 5542
1852 706
4900 2806
2330 1897
1114 4457
4992 617
1446 1137
1873 6047
4524 6520
1582 2195
2150 1495
4896 5031
1022 1355
1310 6357
4169 193
1679 476
1918 4549
1344 1848
1474 4494
6643 6598
1284 4026
4053 544
5583 3543
2188 5784
5191 2591
1782 3942
4988 2988
4751 2033
6195 750
4019 1568
3717 894
688 489
6554 5616
2456 5078
3843 1823
4083 3549
663 2980
2952 550
3019 4874
3851 1550
2618 6095
5773 501
4100 82
4827 5367
5887 1753
4897 64
5697 1617
5967 2658
913 2289
6587 1340
2813 1400
3730 998
5360 2459
986 5479
1331 3287
5154 6122
4285 4848
154 2788
4467 6197
3038 5708
214 6330
5011 4386
3489 2082
5 680
1750 5342
3965 6731
2108 4478
1087 546
4428 6678
6655 3266
6279 5150
6442 5209
5530 3466
1832 1459
5280 6049
4374 2451
3542 2382
6805 4829
1964 1640
1803 3205
3418 3610
5264 70
4698 3003
6432 2839
5949 3310
1049 2369
4535 1865
2353 2456
41 6662
1615 2444
3115 2171
235 2375
5860 4627
3871 5646
6455 3840
5283 4524
6212 1139
3240 6428
3709 1734
3817 612
4043 4263
5457 152
2920 4770
1408 6314
5854 84
4835 6796
2481 663
2937 2848
2613 5549
3086 4845
3885 4809
3829 5940
6517 4879
6287 1472
429 3562
6080 4432
2457 5629
2131 5111
1514 254
418 1974
1101 5288
3564 1168
2063 222
3462 2976
4386 1156
1534 102
465 4622
3634 2037
4671 3559
1103 267
230 5967
1993 4723
2116 1421
1011 3759
1742 6497
4740 3614
3256 4793
4825 6435
283 4261
3049 3527
4132 2225
3987 3256
4636 131
2369 1972
2569 1326
5941 4863
516 3005
2702 4198
5878 2683
2080 2880
3322 5193
6270 1454
1859 322
6218 1673
3578 3697
4667 2007
4124 4739
6126 5790
3337 3180
6313 4356
650 4284
3153 5135
3250 5212
113 5697
72 1711
334 6244
6266 398
5294 3670
1335 3902
2670 5669
2216 4205
6791 1051
5159 1146
6783 5026
5831 4826
5544 6652
4602 465
5738 6718
2358 4270
5719 6295
6067 6230
2995 2961
1048 1189
535 4151
5081 6797
712 5103
1894 6188
3383 4070
6649 2510
4340 5922
2769 387
2918 630
4997 6759
4857 268
5714 5710
640 5480
301 4333
3536 1446
2280 2539
3919 1131
1927 5305
1550 3249
6803 215
3887 4810
2570 6325
945 6109
4668 6440
2132 1318
3602 4733
2066 3638
124 5359
2293 2379
5252 985
572 5650
5678 2640
6221 4750
3753 4775
126 3664
2642 3393
5636 5990
4397 543
3360 1633
691 5329
972 4994
5298 402
2013 5505
4849 6650
2198 6554
4511 1041
2455 2480
5392 867
1740 2890
3966 6080
4808 2429
3941 4560
243 3524
6274 2865
5470 4035
1115 2430
1677 3476
35 3305
6772 2332
1171 5273
321 1801
6149 4166
5763 3946
2421 4782
6678 4079
2320 6358
382 4220
4185 2353
2975 1601
904 2978
4655 5307
1068 5495
1297 4043
580 3362
3853 214
99 843
5811 6372
455 2857
47 3837
2425 5048
2911 5956
3781 1050
420 2271
1766 5139
2785 2616
6451 4280
1591 4784
1628 3435
5599 5711
3201 4544
6766 5604
2980 5503
1653 5411
252 3530
639 4824
1392 6539
3879 4695
3200 2321
3446 503
5532 876
1525 2
4217 6024
3617 1099
2634 2828
4830 1991
6330 3027
6793 2120
2489 3872
3485 5740
1170 5413
4824 3257
2040 5409
5398 3405
6479 6619
848 794
3158 6072
2847 2245
3762 5474
3963 772
5137 3687
5771 6416
2973 4794
203 4
1686 964
2036 6281
1643 2354
2915 4783
1718 2275
2436 6274
1532 4335
6031 1571
1453 2135
1853 74
5585 3492
5273 1702
1639 4339
1060 280
1536 2230
2857 3285
6025 4572
3245 4606
3106 584
6527 2347
2871 3001
5380 4528
4167 3568
4412 3152
3981 3212
2181 4959
2939 1255
2864 2847
2135 2919
3702 2577
22 4513
4474 67
4831 2654
5914 2673
5242 5717
4756 2612
5124 4665
5127 6572
2815 5386
5070 6803
1521 3114
3606 4071
168 5388
750 1457
76 5652
3325 1285
2493 217
1777 6773
501 6375
200 5724
1164 5936
3413 3795
478 3411
419 5543
3310 4948
943 4428
408 2089
1685 5973
2091 4602
926 6213
4216 2040
5153 3534
3094 2672
5782 757
5698 5391
4532 3221
4538 5583
4829 2449
448 4772
395 6753
6159 1266
5189 227
854 5262
2998 3145
6121 1452
672 3615
600 2628
6780 1073
2384 3907
5200 4089
3267 3589
2941 292
4703 2653
1621 1683
1498 6776
6365 1276
2043 6391
122 3765
4906 2732
2009 2305
6496 1219
988 553
4782 6229
5270 4082
3259 150
424 5165
4381 2962
205 2736
5473 2917
317 4489
4111 39
2130 1558
1026 6172
3743 2862
6347 5906
3614 1338
1688 6460
5587 1132
5265 4232
3447 5405
4050 2038
3119 6563
6008 596
1116 852
2335 4016
5217 240
6269 1442
1847 1290
5072 4781
6807 2178
3189 5122
502 4272
1271 2246
2291 2636
4637 3851
55 6518
3951 2237
4414 5774
6720 430
5656 1936
814 1061
4682 6321
2605 3625
3715 3085
855 6373
3045 477
5591 1534
1723 5182
6044 3968
5379 3093
1748 2968
2199 2117
660 3930
5120 5905
1602 5551
6513 5782
5703 1182
6598 1667
2588 1371
3855 4029
3008 2733
3209 4273
3960 2556
4904 541
6699 6655
1486 1501
4416 5812
6710 5500
5709 826
6544 3058
997 846
1581 1292
4112 1469
2055 3850
5778 4748
6131 4134
5414 174
4382 6110
6551 6174
1488 5514
2441 1553
4354 4061
2961 5509
2000 5218
1773 1117
4894 6099
6110 5269
2969 2478
6079 4586
1691 959
2765 3146
1700 1031
3385 4653
3590 4905
954 6305
2096 791
1988 1761
3249 4833
1703 6302
3694 3743
1511 3597
6613 4831
2809 396
3601 3276
684 1164
2469 4629
3389 2991
2556 6479
6280 6694
5618 1246
1014 6665
3233 4100
2614 4476
5903 4908
5796 2073
2846 4941
4737 2832
4432 3913
705 3904
1057 4947
3669 5574
125 2281
4968 1562
3028 6286
611 4828
310 1034
3273 1610
4052 3792
5940 4548
4297 3938
5694 5602
1781 4470
6739 5518
5245 1216
674 6393
2543 1503
1079 1523
4311 1982
5968 5155
3306 5210
6207 3394
5661 860
5732 3188
2001 2631
967 6310
4710 2191
4679 4343
3909 3078
5037 1032
2609 6432
2992 4438
6650 299
6066 3014
1584 2878
4228 6423
948 248
2700 5260
2470 1878
1985 3658
568 3725
4396 4172
3785 773
3013 5151
150 4657
2667 5205
53 30
6108 6758
1484 3369
1822 987
1130 3797
5741 1204
5094 365
6670 1192
6773 1807
6490 755
106 3282
4643 4064
730 2242
2109 120
1609 6529
6425 6724
2332 130
3463 3886
483 1303
1925 4724
2711 1955
1064 4033
3362 6341
2917 2588
4008 2264
4427 2442
449 5420
5906 5371
19 4401
2572 3889
485 2371
6604 3985
4518 4830
4638 5647
1075 5293
3451 2340
4108 1237
2733 5838
6641 1719
5016 186
466 6601
190 2996
5559 6480
5405 3278
3680 2155
3466 634
2510 6256
6087 2165
1023 3745
4489 6388
6770 3523
70 492
6800 2138
5506 6369
3443 181
3179 6800
1699 6396
2714 4413
5633 347
3652 1259
752 311
1381 2413
6324 4436
2357 1262
4022 272
5821 359
1661 4183
3527 116
947 2516
2637 3342
1102 1056
3510 336
2654 5432
4034 6702
1177 180
2048 580
4645 5112
3840 4922
4858 1810
332 5810
3692 4216
5819 6788
5182 153
5689 1545
3697 4013
704 1087
5994 4547
3024 3467
3750 4674
4815 1525
213 2797
2552 342
3367 5777
4176 4116
834 1395
5288 4671
5047 5576
802 3591
6226 4847
6515 2964
2912 519
3977 4891
4367 5109
238 3475
223 3752
1720 2185
2705 6261
3052 6287
2581 10
932 1589
1417 171
5439 4481
6411 1370
2098 801
4104 644
3099 5891
1063 1107
2882 1992
818 326
5123 4974
4884 3758
928 4490
4344 4607
5870 455
2252 786
1689 5223
6719 4389
5822 5965
797 6607
2818 6298
3876 1569
5930 1846
264 6645
1463 4213
3235 1866
4528 2338
6607 4156
675 450
1824 3443
6105 1887
690 1415
2243 1213
4184 2127
240 2881
6473 5301
3930 1386
4615 3831
3113 5328
5337 1984
4974 1309
2853 4737
2740 5253
3304 5903
3862 6231
2340 79
3455 1200
5820 5486
368 5560
1860 893
1701 1607
2081 265
6094 813
6799 711
185 2078
1965 3341
512 1612
1248 1856
2400 6757
6252 3307
2656 5770
5911 4757
2960 1365
1846 3050
949 1143
4086 4608
2033 896
5399 60
2341 5304
2326 4195
696 6571
5959 957
3021 956
292 814
3569 3156
806 119
3852 4696
1837 6173
4380 5983
3615 6131
2061 5344
44 4704
4385 4240
6275 6444
991 6130
1129 2737
3127 2319
3272 3684
4660 6000
2279 5739
488 4163
3707 5631
3968 5690
3101 395
837 1686
5161 3661
1180 4202
4488 399
5984 1836
5541 5615
743 2356
5284 6606
5233 5387
2411 1880
6289 1427
1355 1374
5146 4832
1715 6684
5049 3821
5980 6115
3517 4075
3813 3477
612 1091
1100 3711
3660 3512
2947 2973
476 2605
5881 4591
2133 2062
123 4011
1650 4090
3746 6150
4983 2759
3579 3213
6482 1960
5256 4928
4801 5453
320 3456
2756 4219
5828 1627
5024 3824
6102 4437
5779 2635
4589 4880
4025 339
2914 1478
1084 6517
963 1379
1462 761
4950 6293
6319 1987
2167 1423
2348 2154
3243 2239
5491 1437
1043 6600
939 4342
4324 3494
2308 2598
456 247
5397 3291
1890 2274
6308 3620
3054 2514
6109 3309
1607 6597
1147 5931
3985 3329
1117 2756
4729 1498
167 5951
3827 1011
5460 6218
1430 3667
3654 2928
2822 1466
2687 1595
517 4596
6752 2463
6378 5465
5784 4743
2475 6472
3211 5709
6399 5780
6755 2933
1649 6277
5577 6264
4452 1077
548 6744
5937 3413
5667 1174
667 1927
5861 5259
1225 3060
706 698
5334 4946
1763 4420
4032 3845
6679 6193
2170 6439
1999 1575
5026 3314
3761 5449
3438 2920
4433 3933
5806 2402
989 1357
6255 335
446 4322
222 4114
5338 1583
5035 3115
4626 1665
557 3528
6410 601
81 4991
322 569
5892 6625
3713 362
2155 2780
2403 5312
2879 6556
112 738
4959 2686
7 4231
1517 1986
5890 1124
6553 2790
3824 112
6194 4211
4149 487
6143 1106
1738 4222
2827 1314
4234 2550
6083 178
1382 4736
3096 2206
2999 4495
6585 1732
2504 3415
319 4218
2709 3190
1843 3335
4956 3461
2810 3028
4161 1054
1743 3201
614 3024
5569 4431
3048 800
4892 3364
338 3406
6628 918
5271 5998
6211 5864
3247 4148
5176 3624
5688 1251
503 6622
4407 5681
5147 4765
1857 1895
24 3917
4919 275
211 2778
1004 1443
6084 560
4526 5014
246 155
4129 3613
4979 1741
6491 6127
3456 1190
4597 1519
1907 4601
5469 2406
4036 6165
5874 4666
227 1914
3296 3978
2102 410
6483 770
1411 5619
6370 5712
4182 1582
3520 989
1577 350
4944 753
193 5562
6116 5416
965 5584
6339 6530
5158 5960
5674 1922
3026 92
4820 2661
4579 2659
5525 1467
6010 2397
3916 593
1255 2129
1151 3729
813 5202
3170 1191
5415 2571
1125 5804
4757 6795
3178 1840
1709 5798
6004 5128
2447 4405
4914 4253
3176 3912
1731 5966
3830 5379
1704 2595
1133 3951
383 3848
1449 2378
467 1596
564 6536
6684 878
4130 4285
5043 3892
1212 1945
4750 2760
6227 5478
2856 6677
2045 5418
713 1681
4899 4895
4099 6094
2981 2613
1983 306
142 4698
6704 5365
4840 2837
3107 1580
198 1585
1304 1647
5603 5553
4946 537
4869 2229
3528 6191
5739 2715
4439 5663
3668 6573
433 6762
5340 2519
3378 4738
4254 2969
4060 1438
3452 6703
5560 3855
560 3507
3128 3382
3864 3431
5543 1876
2989 3767
5683 5715
4481 2584
941 3113
4091 2018
4400 6719
1403 1508
6341 6030
208 5055
2458 5982
581 4557
4134 5336
1966 6057
1200 3903
5586 3271
5076 6221
5938 208
3625 3025
2313 3965
4097 3760
493 3719
447 756
2524 2562
562 5873
3516 1409
6494 2927
6404 2425
3467 4119
2886 3536
2987 3067
3548 4590
5140 2534
3 4751
477 2096
2528 1907
4314 2941
4238 5005
4395 2902
4586 6548
6675 6328
6134 3880
2534 1676
4434 4077
3387 4534
844 2801
6674 6312
5202 2270
3088 587
5479 6124
3230 3621
440 6004
3939 253
3990 6128
3416 3629
273 4527
5465 2081
333 2072
1858 924
673 1925
3594 3786
3866 2150
3731 6037
6636 2942
2466 1165
247 5677
6119 380
5841 2105
5444 3374
1097 6331
3789 4054
1346 4385
1660 6628
4631 3874
1145 4501
978 3944
4639 899
1914 6512
4674 1613
4026 4051
1984 2366
4387 1361
808 5221
6591 6136
1401 2439
4744 1514
3157 426
2027 4019
1254 6608
5464 3504
256 3628
4765 4896
4960 5719
1535 2324
3061 1698
6558 6078
4955 4633
4792 4678
3361 1965
3765 5900
1933 3235
2215 5730
1471 4545
2465 159
744 3404
1458 105
3972 2162
653 4755
5893 1097
4873 2121
4490 5286
1922 6455
776 3319
4183 1611
1443 2020
2370 4392
5418 782
15 5511
637 5638
3575 6075
4764 4745
496 4215
2223 3445
917 3876
3952 5414
3420 520
975 3705
3051 4935
4715 4474
5421 945
2211 5700
259 6506
3605 2454
4785 3077
5195 1793
5213 4112
692 3776
3204 2114
1333 5671
6572 2999
5518 2849
6522 604
3386 4122
3957 4249
5915 5959
4714 1428
2762 1122
2521 599
6808 1995
1579 4542
1338 77
2432 5833
6017 2740
1188 5572
5244 4048
4943 2134
2427 3120
4948 4123
4305 3186
2788 4580
1326 107
345 1629
5431 1944
4745 4034
116 2891
6758 406
3849 1145
3091 6159
755 4531
5387 1694
75 3622
5812 4326
683 4201
3334 4334
1681 5818
5251 1903
1440 4415
5900 6252
959 3861
1093 4839
5803 6486
2235 4458
4399 2553
2285 4443
1477 4173
4246 2535
1128 4610
5074 4887
4621 3038
716 4642
6055 5613
1111 2641
5826 6433
4754 6237
6013 807
6361 4915
3053 1319
5830 5337
3991 163
4016 5515
3393 1729
27 4931
1630 3535
906 1228
4271 6163
5864 3871
6439 3090
5501 1315
1593 678
5897 343
5954 3424
2567 4128
84 1135
5635 2339
4653 5492
1307 1561
2697 434
1570 51
5648 665
3213 5311
1790 1999
1169 6111
3973 642
462 4532
3837 6040
6437 1812
1250 3754
3665 1695
922 5687
2916 5771
5748 2124
2 3075
5592 1722
4880 5118
1267 5594
2967 4788
4357 249
336 4257
1020 6012
3880 4932
1237 3830
6174 5832
4084 5541
830 351
6054 1008
4941 4430
4860 403
4523 999
1801 2655
1991 6687
2909 976
1505 1043
1421 1581
1994 5946
859 2468
905 259
6725 1815
4963 2234
5596 202
5805 3322
3340 4288
1949 5029
5659 2136
3906 5046
26 5848
3719 886
763 2764
4419 3925
2176 4113
6734 6263
5135 1287
6082 2464
4975 5540
6150 2109
1317 1745
5825 808
5018 1679
2902 6569
3442 4691
6375 4402
819 2937
3607 935
5580 4834
778 1653
6415 6101
1875 1352
5269 2966
1311 1954
293 4008
6652 5370
2222 4091
2935 5841
3658 2302
5354 4593
1156 744
1 3916
643 4279
3770 5179
6348 3753
285 928
4630 2692
5394 557
4657 720
927 1682
6307 6223
5598 961
3391 209
5424 1062
892 6376
6053 1092
2262 647
4436 203
1573 2821
820 834
891 4127
2028 3906
2195 3252
5952 4774
5321 2228
2104 2141
2933 6113
4572 3961
4021 463
1475 5892
3423 2457
6509 4869
5891 5185
427 2536
2851 6688
4455 5698
472 3531
3414 781
5240 3183
1675 740
2491 230
416 4101
3020 3462
5982 1830
6495 6161
4814 6392
5624 5186
4854 1358
484 2470
2736 5187
2173 986
6721 115
2842 4971
5390 4786
2429 2336
4089 5000
4459 2830
5285 3973
3104 1704
3889 4319
281 5535
4510 4038
4223 5082
4972 3993
2321 1293
4964 5536
1893 790
1563 5157
6390 4235
6376 2100
5178 3478
2849 6500
5437 96
6120 5668
1476 4943
5604 3333
1761 2870
206 3295
5194 305
5323 937
3714 300
597 6013
410 4410
2538 1993
1884 4117
4048 6592
740 3914
915 3158
4587 4223
3969 5912
1051 2718
1215 916
3488 6010
3177 919
1153 5589
1891 1566
5990 3244
4911 5292
1219 1888
537 1492
1838 3884
2220 2172
3349 3135
1819 3452
2462 1332
2005 2142
6669 369
155 2663
4293 594
994 3122
6046 827
4278 6659
2380 3026
3808 3101
3135 3044
6627 2313
6530 5120
3148 5247
6106 1005
5727 1813
1450 3377
3017 716
5055 2710
2031 257
489 3495
1967 1915
3670 864
3624 1718
1836 3570
1919 2420
3914 1473
4928 6531
4996 3893
3526 1905
2927 6253
4980 4588
6140 1044
869 4573
5145 2734
3124 659
3910 3134
5916 2015
360 291
5625 2531
5535 5039
3114 3253
3003 4541
3384 566
1327 5554
723 337
2836 3921
4608 6681
5230 2001
4618 6016
789 1004
2431 4098
5209 4118
4114 4422
2362 809
1438 6234
2884 2838
6560 6603
4072 3166
94 1592
5430 2422
2327 367
2867 6228
3886 4912
4937 3457
4332 3365
1066 3123
635 422
241 3632
646 386
1768 4752
2925 177
1640 4787
2239 3106
1015 2802
2722 459
2597 4417
567 5831
6356 6451
2742 2111
2971 1657
2025 1515
6372 6580
1895 2916
1664 4140
3609 3751
1322 6060
224 2693
2161 2946
490 4846
4569 407
5422 3596
1157 2088
10 3574
9 6089
6640 6154
578 4899
68 1036
2748 5513
2747 1541
3937 5636
6388 2748
4168 658
1119 4617
2225 3293
1201 5881
734 285
4494 3438
1754 1142
2089 4519
2921 1855
5716 6210
2378 2426
6353 6812
3149 3439
832 5882
3471 4121
6069 1177
5248 2541
2874 5942
5151 1356
1167 4613
3681 5047
3255 2266
3218 5198
6592 1579
3136 2549
5622 3582
6658 3429
102 6640
2728 5230
4878 2899
652 5547
31 3828
1300 2193
194 897
6526 3567
2260 1980
6257 3508
5175 448
6093 1717
4891 4663
379 5037
6019 578
6421 3887
2266 273
2694 1101
4261 1384
1634 4441
3147 6443
4923 17
3076 2377
4544 4889
2505 6714
2678 5968
5875 6629
4477 812
5777 2981
6164 4083
5477 2164
1391 3514
628 2554
4404 4196
2183 3441
5504 2068
6122 246
3156 3176
2500 2208
1405 5170
2248 6333
5224 5865
153 3819
2101 4068
3953 3806
2204 6289
5526 929
3050 53
5929 5245
4241 3354
749 853
6403 1749
6514 6074
3397 3809
1194 1763
851 5803
2501 793
2099 5444
3307 6664
3449 3777
2047 4681
405 1080
6047 4020
3718 4165
5753 5683
1276 2368
6646 2227
908 620
4702 1900
1913 5291
3263 6070
2648 3586
952 4483
4663 5971
3281 3250
3063 6018
6355 3489
3782 661
5640 2714
3089 723
6142 4985
5400 1337
5474 2819
3945 2804
6614 3004
5389 507
4516 319
343 4277
2037 534
4213 2128
1077 4620
3748 4623
2484 4639
2478 1095
4469 5609
1229 2786
6609 3208
3773 6116
5522 2103
2984 5853
1285 712
3289 2410
1600 4648
62 5463
1483 173
2062 1231
3459 2403
4492 5524
2530 6743
6310 4651
4567 327
1526 565
633 4718
376 4425
800 1476
1545 5104
5851 264
4420 3179
1018 3045
1447 1557
3612 2688
5895 1950
1876 3376
5672 3482
1096 4301
2423 2879
3319 5643
6424 6034
3278 6119
870 1572
435 2912
2791 6190
1339 2427
6022 4003
6537 2477
2142 6623
2580 4746
1817 6715
3244 5836
703 6541
2128 3140
6369 20
1778 6693
4585 6104
132 5925
3604 6168
5612 2624
1454 3761
6429 3882
2761 5332
3845 3630
5641 5620
6316 1956
6801 963
341 4701
4342 1123
4641 3196
1106 1378
6534 1861
3786 3692
2616 1833
3850 5169
1245 5749
6141 5902
888 4155
4361 1160
2422 6397
6714 3265
3776 4818
2635 2589
2143 1759
6633 5704
5054 3154
2579 4242
1182 3051
6428 421
2349 408
5685 1238
5089 5528
2516 5525
2732 695
6101 1321
4319 5935
4038 3034
2319 994
680 4492
3381 4468
1920 5993
1888 1916
2603 5927
5219 6356
397 2820
2789 2346
5713 6474
6350 5058
5834 701
993 3655
4411 4692
272 2200
1056 719
2675 1814
950 1776
3001 4359
42 5003
3760 1282
1118 677
2934 5240
6189 1015
5989 142
5868 1234
2801 2803
1631 55
5963 1684
4211 2700
210 2184
3814 5133
2200 5869
4242 3789
4148 5695
3563 6061
3820 226
1288 123
5220 5937
1856 3970
2964 313
1202 2512
6368 5789
5364 2292
2743 3316
6605 3829
3493 2594
936 4210
1363 6240
5702 1499
4006 603
1347 6726
4627 1528
369 3427
3066 590
2082 1088
3321 1590
4196 185
6074 6025
5687 5360
3997 1468
1328 2625
1158 3911
4953 3082
2476 1507
6730 68
4887 2337
4555 2811
3031 6322
902 4570
5736 5909
758 5338
586 879
5957 1390
1143 1480
6541 1010
1935 4168
1029 2291
5320 5734
5718 2675
4442 1638
3068 521
57 5885
3436 4266
171 2929
2760 3303
4561 1863
6737 1820
5149 6194
3208 3073
5750 3238
2894 5318
6590 3169
1592 364
5986 4551
2074 4283
1162 2925
3863 5257
6749 6408
3297 6698
2329 1593
4603 717
540 6676
5112 157
271 4842
5022 2977
4669 5791
3409 2181
1375 2934
5547 1826
3126 1335
6297 4604
1385 3302
4358 2197
1574 3590
1663 4849
4338 3084
5297 4376
3282 3560
5839 1416
5863 4454
6068 2611
2944 4825
2315 1708
5445 4595
6172 1316
2574 5843
2344 4036
2834 5679
2214 6126
4629 2502
1319 5598
1481 2990
4550 5875
1090 5723
1231 126
2575 3980
1176 5585
5489 5757
2224 3327
1136 2057
6702 5605
3174 981
5707 906
4794 5921
5639 3016
5607 892
1257 666
4893 5400
2056 4822
5907 5805
1612 1963
5844 1535
4363 3594
2127 5969
1228 3782
6326 2400
2629 2540
1088 5991
4309 5459
5961 5358
780 954
2093 3108
6790 2152
2168 1046
4421 1064
5367 1159
4321 2681
6333 6609
2527 1720
3920 2487
3921 4200
4548 71
3767 795
4684 5334
1519 1489
1017 733
6392 6011
550 1096
2817 4582
5095 4105
1780 4129
3257 6748
5103 3787
2560 3537
6498 5564
4533 3571
51 6380
3950 6412
3546 2814
542 1769
2158 234
3083 3009
3804 2047
6489 6567
1161 6422
6312 1103
1019 5231
3427 110
3332 6319
996 3642
6190 6583
3262 4675
309 2404
2764 3057
889 184
1353 2699
6617 3076
1224 5421
2766 2325
4779 165
4070 3997
3484 6477
4810 4631
404 2752
3793 1109
4848 4069
5760 1148
2775 4898
3081 3008
3553 5229
5616 3716
4843 4184
4739 6251
1814 2257
2250 3157
4584 933
5894 5275
2273 3598
2945 2905
1416 238
5226 995
1246 2657
2193 6031
5947 3656
1012 2885
226 6749
1711 5095
79 4188
5919 5762
3236 5437
6469 6258
2526 1170
1809 947
1707 3232
3775 6003
4267 1444
6462 5512
4288 6313
1032 3216
6383 4707
1448 6044
5662 4998
388 5458
6639 4281
5706 1971
5588 1422
5110 3766
960 6434
2792 4792
6245 4199
3242 2789
2100 4255
160 4575
3034 23
1668 6307
2841 3294
2610 4448
5928 4046
3583 356
4816 4554
970 5222
2520 354
2866 4511
1390 33
1081 44
2859 5919
4014 4137
5995 3280
2906 466
1566 1039
5450 622
990 1505
6136 2080
152 4247
459 5854
6179 5324
3576 5473
4961 769
5852 2113
315 805
6052 5452
2835 310
64 5666
2488 3513
6223 2726
2953 3097
5183 780
665 360
1323 2592
590 2911
4725 3967
2136 3927
1461 3143
6268 1672
3458 628
4683 6276
2145 4287
3172 154
4902 357
3141 1770
407 2835
2596 3133
847 1471
4962 3336
5069 3395
1880 481
563 513
5835 6377
558 1733
2351 1152
2057 518
619 4467
622 1377
2494 3151
605 4354
134 2268
6059 536
314 5072
1384 4157
4604 1026
5128 1765
5359 5597
1558 6615
5933 3185
918 4408
1598 2652
5608 4776
828 4744
2503 5842
3673 5341
3354 1042
5898 1277
3881 708
2007 2286
4867 4577
6076 3572
2517 4568
6389 344
5551 626
5664 5177
1840 5303
881 2183
2928 1059
1569 3035
579 1730
5888 6407
4498 4808
3012 806
1597 6576
3198 1195
2078 6054
300 4331
2895 2381
779 6508
4362 6745
2377 1047
148 3843
3150 6266
3895 1196
5849 741
2474 993
5136 1304
4590 5322
2312 2970
6561 4274
4783 4885
6024 2416
2965 3381
506 2326
2451 4358
5326 3960
353 5098
6711 913
625 4980
3295 5196
4373 645
5775 148
4942 3770
3573 4592
5162 5814
5917 4259
6028 1447
133 6090
1758 6120
2360 1536
827 89
860 6636
5458 6657
6717 1493
3392 2727
4299 245
6129 724
2968 3306
6736 1239
3000 4741
3394 2858
4078 4207
5296 5434
4248 5143
4335 6697
6497 6516
2800 4419
6618 2506
2646 4694
1444 4647
4307 1100
5558 3707
4696 5537
2533 1364
529 1297
1046 3982
4256 2975
5315 4024
6137 1236
1506 1330
6510 3017
1337 2897
3861 5348
6401 2997
2680 3905
5278 4063
3903 1093
1567 497
5096 5720
5856 1273
620 4311
3448 5114
3873 4197
2707 2299
6148 4145
3986 1746
6018 3299
4193 955
2272 1983
1869 2586
3224 3742
6309 5797
5289 3723
6248 1120
6531 2011
1942 5097
2125 2868
4991 4237
4303 445
342 2945
5164 6813
2342 2003
5013 2503
4581 2259
2364 3111
3543 4526
1835 5890
2796 4913
6334 3401
5435 5759
5883 3480
4614 2095
920 3576
5537 3814
5670 6686
951 888
4644 840
1833 3330
2446 2388
3791 379
3116 884
328 2199
373 5050
1315 1782
422 5975
149 1591
5669 375
3650 4081
2683 2722
4522 2504
3112 6727
3729 144
6413 236
242 866
2375 4864
2467 4324
2415 3510
1268 6641
3435 1643
5943 2170
1388 4955
4777 2343
2309 6594
3303 323
2515 260
1829 2979
2825 1947
6063 2564
5880 2738
3565 3142
1947 6566
6357 3218
6336 839
5550 789
3347 5950
4726 2938
6511 5923
1546 3888
4250 5070
953 1899
3075 5071
4040 4609
4402 6282
3097 98
3664 456
2562 1688
5642 938
853 1171
4566 2824
2387 4472
4633 2486
3555 1373
4352 1731
4500 3170
6456 4619
556 4479
1457 4758
2898 3702
2337 1057
4804 2712
3678 2573
20 5084
2970 4954
4560 4982
1936 5825
5988 4412
5974 6125
5002 3098
13 3522
12 470
2191 3118
3699 5610
5193 6550
5355 3936
2129 4429
5377 1712
992 5194
5235 6242
6050 5929
5766 1000
6253 3433
2254 2565
2548 405
3445 4603
6777 5639
6638 6207
2233 779
4735 844
2782 3184
5573 4434
6241 2220
6015 224
4542 4126
5731 3261
3642 3472
3844 1396
5829 1832
1930 6691
6265 1441
2554 1368
1924 94
4617 49
2017 3419
1035 688
138 4250
3043 3454
1204 6139
5503 6186
5628 858
5521 4110
4731 5476
2839 1724
4430 1549
4588 751
5879 3519
3284 317
5410 3102
5257 2479
5241 1449
4390 3808
1531 2452
4071 2293
3769 5498
5023 6793
1733 4909
3894 1418
1916 6403
2054 5250
3935 4749
1415 129
3355 4475
192 2345
2095 2974
4264 5685
4981 4562
3190 6284
1387 6140
6712 2533
742 6491
4253 2376
6504 5380
4651 5484
2828 820
5999 346
5638 5703
5413 6082
6630 615
5762 510
1189 2488
2026 3805
4061 1630
3005 3939
3205 5214
1260 3878
6340 1685
1426 6791
796 4925
935 1265
1787 1890
3908 6785
3535 2606
3522 4230
4359 5353
2496 88
2719 3447
5021 4689
1277 2698
774 81
6380 851
4650 5335
2393 1201
3705 381
2302 920
5329 6495
5590 2972
3298 4057
4598 5361
5922 1804
2402 2747
6673 66
2213 6402
5747 6169
403 5657
1972 5466
2590 3403
3868 672
1690 3270
1651 4084
2212 5934
4356 3418
4286 2098
715 835
4117 5692
2227 901
5004 1715
5019 4056
2184 1388
4903 763
2706 5545
5290 3193
3700 746
6624 1678
2550 1744
3194 3132
3457 2770
1069 2331
6620 1025
4058 4447
5091 589
5926 3259
3874 2069
6487 3236
1332 1774
2676 4747
2256 496
4284 6528
3848 2182
5218 1648
5562 5467
250 1794
2296 200
6337 6737
2553 2475
74 2392
390 2298
4759 6017
2278 1411
5665 190
4243 3718
5758 785
2773 3671
3763 1677
5927 5519
1775 6103
2619 3171
6625 3865
4451 5649
693 6807
4967 4878
538 3387
3343 5281
486 6789
1105 5548
3944 2458
6214 5343
4471 3311
504 5154
361 4032
6303 1197
5155 1671
2301 5354
2171 1140
5768 446
6034 4645
1412 4649
798 822
3313 505
5423 4881
1739 6114
5804 2147
3739 1756
2413 6073
1941 2262
229 3546
5396 903
549 5235
6742 1009
3036 4409
4 1434
6005 3340
1800 3019
2286 1028
2178 378
3327 2005
5597 244
2783 6515
4283 6220
3492 5578
1221 6570
717 91
5300 1537
6693 861
3923 2357
1583 3432
2564 760
4724 4310
3688 4160
3976 6674
930 3178
2410 6454
2511 1125
6644 889
2203 5601
6471 3440
3556 5581
3974 5113
1596 4708
3382 6690
1710 3470
634 4073
1192 1790
2795 5534
3633 4618
6741 5282
1191 1516
4872 6280
1975 40
2270 598
6021 270
212 5377
3253 5655
4549 3969
1692 4742
4409 1020
4690 143
4258 4346
3751 4870
5453 2474
632 3750
4290 5363
4004 4314
4499 1029
2540 3548
5287 4286
2424 3900
2087 3947
5111 3547
1278 2854
1266 4382
6784 3526
3675 857
3142 3226
3711 5021
5643 1524
4331 2328
1687 5876
666 6158
1885 5119
6299 1115
2381 5915
5471 2044
823 5470
3311 3885
1802 977
4493 4373
1599 3177
4384 216
1348 1474
1589 6685
1760 4717
5463 1825
6118 1001
2144 3740
5600 3378
698 2877
3795 1178
1906 2579
2177 14
3380 905
773 1207
5118 3732
2512 3409
6157 5249
2117 2831
810 5211
3954 2249
4368 4416
4049 1420
5976 3593
1645 439
191 2711
4568 2322
1291 4952
6692 5688
311 483
1220 6510
1061 6426
1270 4162
3377 4341
6247 649
5539 6441
1648 988
2612 2669
1618 3998
3372 6729
2684 5645
3530 6489
5449 6084
6177 1689
4301 4612
762 281
454 4107
6305 6270
5212 549
6192 6042
4327 4012
6161 3350
156 363
6795 3891
6422 5237
2165 3785
912 1556
3464 3834
4306 2491
528 3623
2982 6582
5306 1311
289 2484
3415 1048
1135 2632
5211 5635
3072 303
5328 4840
2696 1658
2159 1762
4093 3964
6073 5089
2966 5316
4013 5979
1557 2132
5654 1663
2154 5644
2261 1619
3649 2944
6354 5682
1187 1090
4275 4493
6661 1175
532 1153
3481 2287
6234 5309
1560 5747
942 3506
3938 3941
6500 5116
415 46
1025 278
1749 1838
5818 5447
3087 3380
5593 6091
615 3222
1465 1621
436 6219
5369 6466
1197 5626
3122 3854
2897 4983
3222 2496
6540 1625
6283 3881
2249 4233
5433 5947
4713 1942
4403 221
2963 6790
1971 972
268 768
5087 5015
4298 6243
4230 3863
2885 3601
6543 3130
5403 656
6155 4396
3902 1842
1367 6409
2715 2953
3979 4340
6433 1757
885 1902
6619 4050
207 2690
1321 743
4915 1602
3737 5981
1492 3149
6132 2957
6037 6132
6219 2092
2416 1809
3812 5764
2701 2617
6594 6300
2665 4039
4673 3204
4475 5325
6565 474
4541 4685
726 5862
6258 4267
1396 816
3704 4507
3512 5733
1735 6543
6397 3672
4424 2423
6759 6593
6097 2694
843 437
2557 4995
6260 3650
5395 1879
1013 4164
172 3198
6001 2167
4205 2949
1656 5297
4813 1130
761 3200
5101 4956
1587 4632
1460 4811
3657 2255
4443 803
145 1133
6306 2133
3444 597
6049 6361
1034 1294
6756 2958
4565 4239
6171 4007
8 4323
786 4147
384 3525
295 5197
701 1351
5570 697
4521 2901
3210 1033
5690 3799
3144 3239
6205 3583
4210 6181
4969 2923
6578 1754
5529 4088
3146 6596
4487 871
6405 5754
4736 4462
1357 2151
425 2248
4346 6155
380 2984
6474 2311
6733 4522
4191 6805
5682 4518
2784 4464
5663 2581
4160 4682
1716 1659
569 745
4468 5996
2781 4812
197 3052
457 78
2499 836
3720 4486
5793 691
90 5443
6145 5846
5734 4225
1309 4911
61 6504
406 6337
1499 176
3137 2414
5722 2126
6689 3899
1502 318
6599 967
4166 1230
4087 4111
2731 4951
1361 1976
2069 5086
399 1151
4606 2267
1303 6779
1903 6076
6335 5732
4611 5672
3239 4452
2388 3416
4844 2039
2029 3569
6539 4086
1637 4066
5316 1112
3540 6363
1522 6755
3772 4000
4613 3817
4199 2861
5475 4843
1839 4095
3567 784
1301 3300
5867 6006
5746 5298
6626 4241
3620 443
4508 4370
189 3042
3666 1937
2311 3747
5684 5390
6267 397
3550 1737
325 1821
3962 4487
3369 2260
2435 3940
1350 1644
1120 3897
4984 1359
6236 5529
3315 3351
2356 4108
883 2784
5536 3297
3854 5630
661 4388
4002 5994
559 3693
4413 3449
5896 4799
873 5008
297 4521
481 5401
2573 6081
1500 6063
231 3323
5286 2676
900 1680
1808 3284
1073 3481
3246 4312
2064 5781
2486 6418
417 3771
718 833
1729 4044
176 4967
2049 4960
4360 1214
2811 1253
4268 2875
3342 5138
2118 4404
421 5849
2698 5815
4179 3317
428 600
2237 4194
2014 639
5658 5100
4600 1889
434 3080
2197 4533
6092 3326
1352 6414
2196 1487
2954 6713
4957 382
1227 3844
3928 4423
6774 6666
5044 4411
164 3685
2875 1410
5548 6502
6373 3991
588 3138
3896 1831
6786 4871
4458 5938
2433 2667
4768 1877
6751 5577
6184 874
2910 4740
5408 5641
3822 3279
182 6350
1655 2097
5163 4732
1747 3555
5304 3
4073 1700
3014 4465
5099 5408
4796 5623
274 5274
5617 3626
443 5533
2658 766
6705 6334
514 2982
4753 435
4150 5349
5615 1013
146 2373
539 5376
1078 2913
4520 137
6343 2055
591 6177
4448 6542
3581 764
5809 6720
2843 3558
1992 6442
278 5238
5651 6587
5203 6045
129 349
768 5180
469 5032
2831 1691
3197 2627
5322 6259
4096 1223
6344 1650
2626 5075
1815 2744
4646 3775
5165 2995
890 810
5104 3047
4752 6195
6682 3358
4133 498
3637 674
87 5228
6731 3541
976 1283
2820 771
3554 6036
2497 4537
4318 6624
2372 2813
3276 4600
4680 6192
2803 2351
5975 5168
4821 2509
4300 6617
3949 4439
5266 4728
4656 1740
6178 6613
3428 2609
2943 2490
23 1225
5567 6649
2366 5614
3913 4227
3831 4853
4987 4176
2808 4961
3152 3116
5857 4149
2210 3822
5837 1841
6645 389
4076 1465
4761 6457
2639 5144
4453 6288
766 1777
3630 3780
3336 3227
1179 3602
2508 1799
6114 1307
1767 2202
2185 855
1622 3332
1312 595
3102 2029
2869 1458
412 5856
3364 6667
2522 1211
5056 420
3629 5099
5523 2521
3175 2315
6782 3231
2258 6577
6789 2769
6315 2306
6259 6009
162 6303
1146 6121
6440 3503
5142 2308
3069 1512
2333 488
6338 2809
825 3816
638 6204
6250 2203
6503 3910
34 1295
4836 3214
3683 3539
856 4185
868 725
509 1113
1298 4900
6065 1440
1459 2498
470 6141
2138 2386
5345 4221
63 4807
5342 2435
5721 4473
983 3682
4978 4949
6291 2587
5131 5482
907 5793
4839 5368
5247 5252
1131 460
4935 6792
5079 1805
956 3254
4742 1773
2958 3996
6060 1642
6550 4496
1714 3474
3331 2163
6464 4006
1386 2647
2544 279
6512 583
5601 1084
2805 586
5686 2766
5973 854
5179 877
1494 2575
846 6149
2264 4058
1468 6050
267 1296
1085 2372
6579 4667
6767 138
1883 4296
4599 1284
6804 5056
4020 6672
5815 3992
426 6029
3130 2056
2536 2965
5007 2405
1527 5813
5730 5768
2092 4293
2359 2176
5483 2398
1360 4907
1410 902
3511 1758
2361 2303
269 2895
2774 3105
6215 3737
5480 5795
5923 1824
391 5532
5476 3810
4173 936
2053 3640
6302 1205
257 4759
4730 4022
3171 2349
5292 1021
6458 461
3515 3611
3269 4930
4519 3932
6016 984
3191 4297
5267 2157
2459 5158
1222 5426
5482 2563
4505 2421
6304 4390
6000 3121
1286 3046
759 2855
105 3731
3286 5510
2386 5423
6107 699
4760 5036
555 4762
5333 4236
6386 3228
669 1910
5051 478
6764 4597
816 4348
3071 6309
4156 4687
6039 602
4366 5552
1842 118
4142 4209
4712 6340
6691 6784
344 5823
2298 6206
5614 6642
1789 4926
831 1513
5644 4790
4075 2935
3140 2233
1528 4726
1008 5213
3893 1618
604 2335
3318 3030
1542 588
3103 6750
2306 6638
1851 2290
1759 6056
6023 3260
1320 2629
6396 4179
2807 5550
2105 3565
5425 5521
4530 5879
721 5693
4039 798
4188 5680
3870 3488
2076 65
3712 5306
5761 3264
118 250
32 2288
3206 4208
2717 5241
4372 1921
5446 6420
6282 2644
3425 1959
4686 2558
5275 4777
6677 1289
6198 2207
3326 5326
5886 504
2112 392
5090 4594
5305 2112
86 653
5382 3717
5647 4150
1854 3847
561 5062
3687 4550
746 256
2324 4300
5799 1475
1954 2772
2931 2045
6277 4245
3498 3087
545 2179
487 5852
585 277
1962 1450
2263 1367
5487 5765
679 968
1294 3192
2209 6384
4767 2823
3064 3554
3486 4862
1503 873
3790 1614
1455 6579
1921 2383
2251 5819
6204 2213
1652 5830
5276 3859
709 5670
3188 2074
110 1007
5499 2476
1968 5877
4640 5057
6420 1990
4155 627
4175 5625
5005 690
6486 1985
5015 4767
4664 9
852 3804
4334 3070
5810 5278
2668 287
5899 613
3638 3479
5106 693
1183 2389
5348 6071
6470 124
3622 6535
3779 1436
4496 524
5373 3471
6409 2739
3258 2859
5555 917
6601 2816
4029 3793
2725 2365
1659 5575
5330 3375
1568 6129
3323 2077
1233 3056
5186 1800
2163 4640
5699 978
5824 3803
1053 3649
5797 2384
1377 3700
4304 1414
1343 6167
1728 927
2042 111
3085 4328
792 6557
4931 3233
1366 5608
3978 4466
1539 2066
5144 5433
5728 4170
5344 3074
1059 4972
2776 5146
3217 3086
6631 301
2426 1300
5712 1531
1244 637
2674 3679
5772 4865
2088 2330
1178 4488
2607 5385
45 6547
1614 6304
1467 585
884 5705
4009 108
961 4444
4537 6052
3982 5374
5401 6279
4143 1339
5336 1785
1798 5065
6583 3763
5274 1857
1543 1274
1611 3061
5198 514
1588 206
5003 4360
3254 6046
6314 3095
6580 3511
4501 3714
5383 169
2283 1325
1226 3781
2712 3163
1173 2166
2160 5748
5889 540
829 3223
630 418
4028 982
1302 2497
6249 3730
1150 4041
236 5200
2242 526
2598 6478
1575 1232
5291 547
897 2279
2606 2359
5086 6238
1306 1875
4079 2276
610 172
3618 5582
4065 4683
1052 581
3797 5088
764 261
985 1497
3039 3000
636 4059
2115 1227
3212 563
6535 6250
4109 6706
2563 3879
347 4992
258 3112
2390 286
4723 345
1811 3421
5546 1998
479 1279
2006 1526
5426 5586
6285 2546
3532 5277
5062 3269
3869 1802
865 5149
2097 667
1899 338
4137 6782
2716 232
114 4963
4865 4838
4405 2817
1407 2334
141 4234
2334 1784
2277 1502
2685 3010
5579 2505
5148 4463
4938 1019
5866 1768
5000 1981
6128 1656
5059 3676
6117 1108
6729 5932
5855 6007
4803 2012
6606 5085
2073 6574
2495 1710
3585 104
6697 1844
2679 3529
964 1577
4719 1220
1451 6463
4279 2707
5790 32
4525 522
5692 4539
5442 875
2304 376
4123 1451
738 1586
3942 3207
1606 4659
6006 6
2979 1331
6048 685
2872 4139
5838 5351
4485 6756
1123 2189
3566 6106
307 5192
5561 2212
6571 6458
5998 2156
3506 3501
103 3989
4853 6673
6757 223
245 5633
5167 6320
2529 5658
263 1775
1632 4193
533 4754
3888 5016
2630 1158
2453 4125
3818 932
5134 2453
1605 973
2010 6370
3037 2370
83 2713
3545 4791
4559 5092
1647 1327
1139 3733
1313 495
1293 2482
3856 6643
3531 6747
739 5389
4472 3053
3728 2415
4281 5440
655 5622
2103 3262
4704 5953
2182 6565
6320 1975
3721 4583
809 4705
1236 5656
3940 616
6327 5226
1436 5497
1680 2501
4809 3987
1792 2520
1232 5954
4890 2067
1482 6704
2106 898
4763 5068
1816 904
6738 6705
2051 5002
5352 1121
784 4543
2689 736
1864 5884
6185 4449
2710 5563
4871 2042
135 5691
2664 6336
3826 4500
3309 1240
3632 1486
1369 5189
2938 4484
17 4302
6103 3069
4410 2123
6216 6551
4239 4641
500 4060
3653 1781
1434 3068
3041 5755
4870 2665
5848 5339
5571 5176
647 847
5385 3242
2297 3675
2713 6725
4746 872
3936 2433
6311 990
4445 1540
6293 38
3534 2144
251 4939
140 6700
3710 1858
3359 3391
4274 3518
5199 2851
4339 6670
2002 4106
1928 2638
4577 4440
5181 314
1113 3388
728 1651
1518 4093
6199 2087
2555 3147
2651 2329
4571 2680
649 2061
2472 441
4721 5152
4045 859
4355 4630
1163 1324
3399 1268
1898 5147
3975 6590
6635 5872
3370 2551
5188 1736
5814 80
677 4136
838 6471
1892 2742
777 3532
1067 4598
4591 6723
3507 1323
3344 2019
571 6028
4252 2924
6735 5961
862 3496
4907 3234
378 4693
4102 2309
6029 2626
879 1798
495 3949
5481 4104
4203 1587
1672 605
3338 5821
720 3651
6792 1928
2611 6308
6426 5559
1041 2723
4620 811
2738 4102
3647 3605
1799 1859
5538 4559
4345 6595
18 4990
4995 1391
1952 6568
3905 648
2401 3945
4793 2795
840 57
5311 5985
5206 2283
5950 179
276 6710
520 1946
507 2574
3847 6275
2247 3553
88 2118
570 1163
6290 6644
2622 4514
6173 3160
510 1375
2589 1138
5845 5073
3145 6137
3518 6038
4088 6781
3823 710
25 3189
5865 1828
4811 611
6041 1723
2757 6378
4486 5009
4170 4135
3521 5108
3500 2843
4348 4965
4174 5140
2487 2940
3778 682
4313 4229
4287 414
5227 5355
4727 4159
6566 531
282 3195
3800 5023
3961 6631
1442 4934
6296 5868
5726 3117
4886 3669
6363 1725
2146 6342
2068 2469
2034 6575
3421 979
4127 6383
1795 4975
6727 1750
676 2621
165 5696
4092 1343
3441 4368
3933 641
3348 5076
3356 6185
3479 2602
2942 2115
6460 6156
589 4459
1646 5579
2772 705
756 3148
2647 6804
771 2796
6532 5340
6574 4890
5729 2607
6418 837
2908 2218
6450 4397
2246 2443
4787 5446
5836 3357
966 2350
6548 24
4145 6468
1831 2785
492 2499
234 2312
5945 1483
1399 2725
6295 1218
1490 4778
3956 1904
2281 2717
2571 5855
3483 966
1092 5634
2692 1203
1389 2951
2230 3126
1512 3665
2275 320
2627 625
374 2243
2483 6786
3993 3384
5602 4855
6476 4938
5100 4706
5619 2465
5406 4970
4080 1588
1666 6415
4310 5164
1098 508
6026 575
4687 1408
3320 5617
6175 614
6787 5955
3811 3627
1340 5436
4838 5995
4691 2222
5093 4502
46 1348
2107 3324
2119 5665
5759 6299
5065 969
60 6614
3706 3538
6398 4892
1207 3728
2123 2173
5807 2187
499 3165
6623 3385
5531 1301
5098 5091
5434 5350
4717 6117
2893 689
1638 1977
839 4353
392 5753
6196 2664
3948 3400
5527 6761
2850 6123
1094 3396
5376 2316
3899 5461
882 6564
2972 4937
4470 673
174 684
3508 3313
5528 636
6367 4141
5511 5786
4666 869
2565 5504
748 1783
1980 1789
1184 4120
1755 3500
1850 6062
2300 4142
4628 4763
1211 2210
4708 2460
1830 5673
1751 121
5102 1154
5170 6429
5676 5888
3251 4258
5357 5276
2169 1481
3860 2448
2268 4361
722 3738
1209 6362
4705 3646
6077 1834
2787 6182
4786 6671
4766 891
6520 5022
4863 464
2379 5020
1031 295
4582 7
6342 3083
100 629
6036 5722
6366 5399
5901 6544
6061 4927
3835 1628
6653 241
1345 289
6331 85
5031 4372
4460 3325
4081 2022
2561 4856
5795 3867
1553 6648
2485 6578
6688 4124
4260 3013
3417 1909
6722 1194
4697 3144
3842 3491
2004 4461
4113 2773
5250 6171
4856 5224
170 4313
6096 6033
5117 5410
3033 2093
2336 4318
3302 4800
73 1312
2770 5493
2442 5183
6351 5718
4125 2983
6478 83
1571 6209
4011 951
6431 2703
1065 385
6078 1951
1976 438
6271 5469
5902 3012
2449 3898
2190 1791
6231 4796
1797 6709
3572 5987
2448 3267
5843 1149
287 4009
944 5456
4882 4886
5627 1012
1948 6107
3900 5407
1855 6630
5524 802
5724 1181
498 1584
163 3869
58 735
5649 4014
4094 2204
4190 2131
3496 2090
2189 1666
1827 5225
3199 2424
4503 19
1586 5051
6197 2691
6284 2106
6228 2004
617 3827
6665 619
2383 2967
940 6157
3794 6283
4158 1735
5238 5137
5956 3696
1721 6001
1325 3701
1878 2108
2035 2485
4743 5806
1940 4933
1242 4684
2804 962
5454 3953
327 5239
6740 6399
1282 4700
566 562
3547 6247
5393 400
1977 3612
1165 5027
1039 145
2695 6318
6112 4365
4201 3459
3231 2361
623 4450
3424 2633
2418 321
2368 5506
6278 6196
4632 3229
1393 1016
5038 394
2085 883
4231 3422
2587 1128
370 3784
299 1559
354 5721
731 3460
5008 5714
6809 374
2443 4798
5498 2438
6694 4367
4302 2670
2551 3320
4229 1655
6154 5263
613 6734
4106 1403
2865 417
1580 2568
3023 4268
1541 1624
1848 43
804 3579
3419 3318
1089 3468
4529 5043
2778 401
6200 2860
5105 3290
3787 2834
4634 3609
4012 5565
3783 6459
668 3182
6760 5501
4850 6447
3185 5455
3469 2048
5977 6092
2977 3833
3453 3926
2993 21
3439 5142
3877 1500
1547 156
984 4903
1456 1184
6002 4558
3792 1747
3057 6811
2690 3428
1493 5268
769 5184
5516 944
4479 1002
1810 5346
1926 747
4163 6323
6536 5441
4966 5381
1185 3006
3640 2300
4115 6292
2752 728
4855 4421
2991 1989
4245 4699
4204 4002
3432 6142
5939 1996
375 4191
5282 11
3878 269
3291 2025
842 4576
4677 1288
411 1918
6071 5264
2932 6055
1613 5735
366 4299
2759 1703
2585 3971
2238 3550
4393 233
1044 3631
3884 5290
355 2344
841 3398
5427 849
1368 3054
1549 3011
6251 2447
1272 6430
5375 1822
4461 4858
3608 6692
886 5558
431 6401
4807 3564
1944 721
5370 3453
1195 5299
3964 45
1863 4625
2721 5435
1259 6239
577 4584
3703 161
220 5220
2780 3636
565 2724
1722 1226
3499 182
4795 2931
2292 1913
1351 6187
536 4442
303 2730
11 3203
4257 1873
5646 2755
6743 4085
4990 2952
835 2833
1717 4445
91 1738
5440 3762
2110 485
4927 1017
824 482
2900 1707
3756 1049
5225 436
1374 2169
329 5591
3121 56
2090 6198
5335 6475
4866 1940
5556 26
4121 298
2245 3315
3644 4398
2299 2597
6162 4276
5862 2921
3631 13
2631 3934
2691 6679
2126 965
1507 5863
6570 4244
1420 2955
4612 1962
5605 2825
5196 2914
5214 1463
3626 2006
1141 4655
3454 862
5962 4553
2059 5134
5749 6272
6261 640
2699 4292
5554 662
2318 3654
3494 2993
4889 5840
582 1518
2816 5686
5064 5258
4251 1389
3695 4042
6130 5976
5693 3505
5169 1291
5705 4226
4225 5483
2652 1952
381 2822
606 4498
5204 4966
2151 5738
4007 2666
3524 4634
5486 655
4255 5523
3983 5042
5711 3943
4388 1455
4181 1837
5014 4010
6746 194
5207 4979
3186 5206
3674 5811
4483 1298
6187 5153
1794 3755
1241 1313
697 3248
5492 4171
1281 2634
576 4857
1845 1509
3859 3976
3472 1930
1028 1669
4546 6134
4370 2900
4320 5667
4594 5867
5935 433
6222 4349
6468 3544
5908 4789
3301 5590
3929 2054
5925 31
5565 638
2735 2684
6781 1941
3220 5857
6492 6138
2338 3199
775 1884
3470 2145
3502 2853
2513 2041
1437 2473
4875 3972
3248 4505
2205 1188
6391 3749
6115 5945
754 4918
5126 2985
6586 170
2955 1699
1414 4049
1422 1317
1619 4804
4536 1490
65 1967
4456 2939
3109 6143
3967 838
5517 4144
4693 660
5701 2446
1662 393
2876 1069
3667 2845
3898 2689
2751 5871
5249 59
4540 427
491 3420
5173 4316
6210 2528
3183 3483
4226 3739
468 2898
323 6560
6328 2034
4652 2008
5652 730
6124 5188
6153 4456
1334 3660
5060 3962
3357 5496
6169 4968
147 3397
1470 6588
4294 6324
2996 5962
4107 5713
2221 5397
5964 3037
4259 304
1289 6769
1627 1247
584 6777
3911 1022
2180 6271
3345 5783
2779 3136
2577 6669
6209 5893
2559 2053
2797 572
5871 262
3118 2253
4379 1721
108 4265
6584 6083
2837 609
5566 6273
284 3708
1671 3864
2840 6584
6438 3764
2957 4962
6763 5901
6778 2728
2904 412
3568 3174
1670 2428
2988 1527
394 2177
3004 3931
4233 1376
2625 6398
6660 2059
4454 1546
2363 5561
5353 502
1806 52
753 2537
5792 3580
4994 5694
594 5038
6488 4615
4574 3168
6654 2318
291 6096
2147 3392
1932 3647
6146 5195
4610 1329
3047 5809
253 2049
4881 3430
111 5769
3690 6327
3645 4295
6589 6381
2052 5736
4773 2610
5515 4180
5595 5287
2139 828
1199 6708
442 5567
4926 2000
4337 3064
4688 2750
791 1696
5786 2272
3623 971
1354 3137
6400 293
530 1939
3592 1883
782 5171
89 1082
77 4345
4817 980
5108 3895
6156 823
4328 2363
1121 4616
1719 5261
1705 5044
531 5439
4266 5745
515 4866
80 1938
3918 479
5078 6215
505 1603
4484 6301
1140 3575
1961 2603
1866 6020
4066 5233
3009 1413
4885 4923
67 5006
1296 6555
836 3979
4515 352
1036 2296
1264 5126
1247 943
3495 3263
982 2810
4280 1040
6754 1089
4103 188
1702 2358
1934 4217
398 1687
2823 5392
4874 2125
6484 2994
5924 909
6588 5041
5745 4350
3867 3645
4289 5464
1734 6736
6394 1751
3092 5279
3216 1908
6163 1136
871 1533
4329 6035
4262 390
5671 4565
4157 3928
5776 2483
2786 2932
657 1778
5679 5642
4699 6241
4513 2076
5621 1743
337 1405
2232 5481
6292 6166
5068 151
33 6783
4973 5256
1159 5320
1433 4986
861 1506
5448 652
5666 5488
3182 6200
5842 6041
249 4517
237 3975
5931 4290
2686 1808
4728 5612
216 4850
6057 5883
4105 2908
3123 5045
3260 6663
5877 109
4958 6098
4383 6682
3838 5816
849 6521
4178 2399
2532 3983
5027 3039
4376 6002
2899 3563
6014 1074
2148 3162
6144 4658
3768 5941
6322 3487
3120 5166
6452 4053
6576 6201
4797 12
2584 205
5744 1344
3557 6469
3610 6496
6111 5826
2406 2829
4463 100
3570 4555
1785 419
6732 623
4920 358
2083 1560
4120 1885
3353 6343
5816 3540
43 2209
5983 1144
968 2660
3815 4561
4389 3715
1283 6315
6075 3243
5696 1417
5623 2137
4444 237
2187 758
894 424
2636 2139
5946 6445
1867 5621
6480 2032
541 2596
3138 6344
785 6499
3931 6413
5313 4556
5429 1243
2382 5181
2371 4688
587 3868
4220 2677
2310 3722
3280 2265
6564 3408
708 6488
925 252
6611 527
3044 18
144 6437
5122 1634
5634 727
6191 6778
1783 2394
3619 5010
2661 5159
6427 3556
3139 312
2477 1058
3890 5294
437 992
3129 6760
5631 713
4316 559
1329 676
5802 2307
803 4504
4136 3790
5691 2552
5343 4719
6020 1306
5302 6349
3799 6766
2832 6802
4110 6794
2113 4246
1791 1235
5318 1431
3591 1599
1196 1433
1969 922
1732 6222
1554 4969
4480 6153
3261 4212
4350 1186
2724 6291
546 5944
1559 1988
3283 3210
6264 525
6672 3425
3745 1006
1561 2294
6559 4836
1258 2411
2628 1261
4722 191
2141 135
2376 6465
3029 2360
6180 302
4031 3994
1480 3668
3007 4394
2669 1661
3613 6021
4916 6212
3586 1898
6246 5398
1981 6621
6384 4214
2940 3043
2723 290
2681 2731
3192 229
1629 1958
5764 2561
3134 5064
1193 1709
6435 4248
876 76
4263 3694
910 4710
5508 1934
1132 6255
109 2002
2539 6214
2682 5246
2641 958
6806 5761
5960 1397
4552 4668
817 3072
686 825
352 2582
475 1869
3651 2395
5034 5603
725 2436
4296 2695
6567 3727
2650 6763
5033 983
3328 2031
3514 1893
1745 42
2830 692
4392 1461
37 2240
5468 1817
461 1381
6518 5308
130 3584
1874 1576
5419 1517
1373 4306
1595 6257
5817 4357
1753 1772
4784 1252
2868 6162
1683 4571
2077 4074
3317 4045
5913 552
4558 4722
5317 2906
4464 6246
3375 4766
1513 3856
6683 2522
5557 4424
2892 1578
3663 2254
5755 370
2394 2064
2316 2016
5058 3448
4209 1948
2437 5053
5221 2431
526 2869
1774 2871
6098 1882
2821 4563
2519 5087
3836 4460
6525 449
3277 5018
3682 6151
793 6425
4780 5928
3774 6735
3480 1920
5032 1014
6127 1522
2862 2866
5725 6086
2974 6178
2157 5530
4910 1419
1172 328
2896 6102
248 1353
518 2874
6288 4729
30 923
2949 3774
5310 6421
5356 4260
599 6424
1765 2263
2420 1162
1062 4816
1909 643
3766 4381
1262 1322
5125 6490
2913 6345
1137 3721
1533 4673
1203 6634
6465 3542
453 729
3857 383
2492 6267
4748 490
3597 1470
4041 5801
2149 4154
1540 5123
3825 2799
2355 2623
5228 4566
2537 3230
1425 2525
980 1901
6454 6675
4138 5475
2688 2614
4557 4599
1764 1845
4033 3825
6508 4611
6676 3533
898 5778
6395 5160
4772 776
358 6211
6027 1606
2905 5396
1886 1639
5997 34
4046 1027
5717 469
184 4344
3801 607
3693 1979
5363 2434
5958 1085
2317 4894
4659 681
6507 3150
6294 4238
5246 5489
592 3858
1027 4906
6186 6668
1776 3206
2392 5156
4364 4773
2217 6462
5231 2601
574 1978
2419 1079
4051 1727
4347 996
2172 199
5650 6651
5752 1701
5992 1604
6448 1860
3285 5284
1395 3334
2021 4950
5347 5910
2798 2751
326 3304
6225 5448
4999 5580
1548 4720
4543 2104
4781 1616
4063 6524
5080 5773
1424 1496
1380 2808
2653 1532
5279 5271
5361 4027
3882 4204
1280 3677
1336 1943
602 458
2346 3172
2718 5886
783 5974
850 1649
3958 752
5407 2445
4951 5507
747 2226
5853 1726
6081 1068
6687 451
5737 4552
4512 1308
2621 3699
6364 2060
598 1852
3726 975
2314 4936
4648 6233
228 2559
4720 3695
2549 3557
5673 1167
1409 4363
2137 1464
3292 4206
4531 815
527 6637
3833 28
71 6507
543 3736
4192 2201
6387 5074
5261 1923
6407 2024
4925 3963
5456 3870
5884 6170
3407 2696
1021 4508
6610 4614
452 5556
2655 2776
4933 491
2663 6339
2855 3639
1275 6768
5695 2211
6597 6448
1168 1222
4064 2508
6402 1382
3947 5323
4353 6087
5082 2774
3587 4097
534 3390
1290 6317
2883 6589
6459 196
5987 831
1074 4182
735 2079
3747 368
4249 3823
877 6148
4616 4387
1295 5751
5073 4861
671 425
6667 4893
4837 3838
199 4187
92 3981
2812 3493
1979 5314
2994 307
1626 2238
2473 2782
2771 442
5680 3756
3915 6546
523 4169
3679 4988
1394 799
3207 2883
2241 548
4676 6696
2593 2620
2873 4996
2586 5472
95 6297
4658 207
833 5776
521 6085
6381 1970
4462 3922
2058 4819
1552 5880
1654 5280
3214 1544
396 5096
3655 4578
195 5570
1594 1796
6481 3002
6242 3464
3010 117
5303 1350
2568 2836
6123 3832
244 4837
6360 309
6798 6105
2430 353
5645 4192
3154 5824
6750 1917
5443 5939
4005 1404
1737 3890
173 5926
4126 2749
175 542
3995 4987
5965 5508
3237 974
1603 4181
5626 5383
3477 58
2746 5172
727 2697
685 632
5187 5378
6664 6770
6414 2548
3376 3412
6072 6364
2595 2153
3165 1787
5307 4621
2620 3363
3662 783
5490 499
2578 4628
6499 1250
5568 3811
5268 384
6797 4711
999 3379
790 6752
1104 6411
3741 1797
2050 3202
6573 132
5993 6367
3232 2122
573 1911
6775 2342
5113 6059
4466 4471
6160 3666
5794 3021
1516 3088
3339 3337
151 2409
4976 3131
1371 3451
5833 3473
6317 95
1508 1212
3095 15
5420 4289
5411 2052
648 6751
5493 4186
5576 3643
3062 696
957 4371
6086 4920
3264 2440
3002 5689
1510 2086
4847 2094
4986 5451
179 1060
1124 3778
2829 5129
2480 3657
5985 610
4224 48
6237 3862
2824 4656
3732 5894
4623 329
3589 5106
875 211
1166 573
1292 4721
788 5911
298 5295
1772 6599
2750 1328
2601 3071
4030 4841
5075 2023
2793 6359
432 5403
2065 2278
2881 2706
4062 3091
6298 556
473 694
1943 3339
1005 5999
2079 5110
1234 5918
4545 4904
2946 1641
2226 4174
3133 4446
107 4924
689 5653
1953 37
1174 1871
4131 2578
544 2729
2192 5628
5720 3484
2693 5083
4918 4713
2545 3373
3316 3346
471 734
3490 1278
4365 1392
5584 6711
1495 523
6637 762
5909 2687
5832 4806
4478 3706
2405 881
4506 5285
1736 570
302 4875
5077 366
6232 3490
2844 5060
1746 5034
757 50
1464 4785
1752 5422
2657 2194
4564 3690
3996 1372
4971 5706
1365 2719
1823 5035
4609 4477
5629 4047
5770 5858
5438 4635
5201 413
4517 1608
1576 3923
2907 4805
2023 1067
5061 122
1314 3109
1590 6064
2870 6260
1882 93
1635 515
1887 5272
3070 2284
340 5896
973 2110
3388 1086
2525 848
4547 1333
4244 4779
93 3860
1175 4332
1923 4587
812 473
4047 2567
2323 1806
2454 6658
3195 411
4497 3691
4351 3552
2985 1554
4749 5844
6272 4109
4822 2188
3299 4676
6203 1302
2347 1851
3293 4052
4336 5477
1879 6680
3932 538
1190 759
2649 1816
1218 4482
1849 2894
5955 5763
5613 3360
3374 3791
6671 4646
4282 1969
6519 2646
1070 1886
4465 2401
4592 3919
4909 6511
48 139
5735 6405
4738 4435
4054 3957
5025 4146
4369 5063
4851 948
3752 3312
3738 4130
4292 635
4042 4910
4221 2295
5349 3141
324 2251
1786 1281
670 3581
131 2615
1910 6514
4164 4679
3588 3920
5969 6780
3875 3107
2240 4153
2207 5404
6603 5767
921 2619
5942 106
3032 6332
5121 1310
6220 3066
3228 125
2290 949
2219 4055
1658 5796
389 2884
3132 3720
1491 6108
3627 1872
553 5004
438 2812
4672 2758
5138 3561
5045 3437
3352 675
5840 6023
5299 484
6779 5828
4922 5678
4665 3370
1523 3875
280 2364
2708 5802
4758 4503
5339 197
3807 6436
5936 4940
2498 2396
2111 3272
1082 2557
4852 4377
4425 3841
3559 4859
5166 576
2287 2960
6524 6810
464 5573
5174 1850
1958 5949
6323 1134
5088 6365
2398 3352
3219 829
2255 3167
6634 127
290 5531
202 3812
2799 2301
2624 4589
2734 6160
1076 4510
6501 4540
5346 703
6475 5333
5215 4369
1400 3175
5384 5794
5168 3929
767 2918
4240 5526
3841 5627
6724 856
6521 3015
5184 3241
2535 3918
934 1547
1152 1594
519 2393
2490 568
4172 1573
1529 908
4317 2757
5951 5107
4377 6354
707 2419
2218 5837
5710 2317
2445 3389
3027 3129
3396 1485
1138 5266
39 4945
1243 1953
1050 3703
3411 133
616 1066
4771 5659
3724 5970
2166 3094
2244 2517
6206 4860
6042 3128
1896 3096
6419 35
1045 5040
6608 2580
2404 4605
1055 4929
5277 3635
6090 3450
2438 3950
430 3081
3764 6446
1982 6452
4435 6005
304 1334
2373 4426
2819 2850
6647 2643
3226 6374
1265 2882
400 1260
4276 467
3759 567
5341 5568
6045 704
5948 1819
5514 1342
6703 3209
6593 2570
6165 3674
3363 3288
3111 5356
3727 2224
1402 6133
40 1964
4024 1563
1695 192
2194 2720
745 2948
911 2348
787 1894
2901 3517
4595 4175
3580 3680
6556 5827
1616 6470
6612 545
1489 2569
3405 6265
3999 6809
5520 6683
2011 4329
6434 574
4769 198
4936 3366
807 5870
609 4769
3368 5454
4180 2247
4208 4355
288 3372
5708 4320
2541 6015
3131 2466
4035 1075
5372 4981
5500 6427
5351 512
4165 4352
1299 90
929 4080
4733 3187
1318 1973
4879 4325
1007 4094
1578 3577
2602 6232
262 4351
3173 1929
2599 113
4862 2775
5185 687
2434 5822
554 2352
2385 5217
363 391
2374 6389
5507 1660
4418 3343
161 868
1908 1728
4440 3103
359 5933
3169 494
1997 5204
4236 582
3796 1966
5071 2777
1698 850
2236 2017
2727 3455
6393 554
5085 2492
2739 1742
16 204
3925 3509
4128 6611
1269 4515
3229 1932
3988 830
6254 3220
5545 925
5791 6653
2325 5930
6680 2529
5858 6385
2726 4525
1901 4536
4219 5471
439 4520
937 3286
872 284
658 5243
1134 294
4000 1126
2924 2500
2038 1248
5564 288
2152 5283
5139 5980
1727 4252
1398 315
4982 36
1479 3648
4447 1432
2208 1169
4921 2645
2307 1363
4818 5861
306 2277
4085 2043
4232 1598
1010 4797
4828 3426
3685 6199
5039 6026
2259 6498
4446 1263
3744 1739
69 1161
6139 2417
5017 2235
3373 1098
857 934
1316 4393
6622 5494
1240 1491
6113 2888
2673 4347
893 3901
2024 6147
2608 5077
5467 6513
2175 5727
4788 1570
6528 6549
4422 6722
1960 3292
5563 6306
4423 3683
2745 6079
699 4876
5495 4917
5260 429
1825 6227
6240 41
4905 218
2391 1185
4576 5059
5553 1892
6569 1520
265 3289
3740 334
2015 4065
2814 3603
335 235
4171 4735
3460 2515
5542 1926
4832 6553
624 1166
5733 1102
6516 5592
5042 5438
4214 1127
5466 1018
3093 2320
2274 1448
3125 101
1210 2380
2121 4764
3671 2304
5502 3952
3476 2608
4322 796
2806 4379
385 4852
1841 4406
2339 1646
5611 4686
5970 5702
4929 3296
1263 6610
1330 4901
5757 5460
2838 5427
4082 3224
795 5315
4934 5393
4023 2390
2288 6639
2754 715
5756 3616
5309 686
3108 3308
5097 3274
1793 5052
4834 1030
4122 3516
3252 1539
5552 6184
2922 509
6300 6175
4017 1155
3872 1280
3970 4374
1429 5207
2677 5382
3006 1387
2978 3710
5459 3469
3577 679
4770 5557
4018 1935
1625 6351
1110 2656
3434 3338
642 5145
1000 3852
3366 2679
3163 6039
3335 5845
6201 5024
5574 1024
96 6476
3404 3328
794 960
4709 3551
2632 1479
275 1622
1779 4574
266 4031
1617 1706
3430 3258
4791 72
4700 3954
5540 6248
38 409
4685 2269
6446 4115
5028 4882
2020 1551
4607 6581
5873 3062
2367 6534
5991 2009
3904 5033
3971 6633
3754 3966
3422 1398
864 4138
5787 3344
4819 5943
4141 926
3926 3499
2202 6742
923 5593
6453 2107
3497 4001
1205 749
5010 6379
2794 472
1213 832
4678 3361
4291 1305
1633 748
4207 1105
6374 4942
1834 3436
4993 1202
1762 6509
3412 6268
3571 4672
5006 4964
4195 1116
2547 5817
3749 5442
4151 3984
5107 4801
2407 3417
4215 167
2926 5571
1501 931
4343 1070
2162 2161
2439 6205
5366 4780
5912 1336
4077 2555
4776 5737
2703 1406
4162 160
2741 6484
3390 1795
3395 2800
3686 274
377 5898
4450 4015
1678 5958
719 1521
681 558
5788 6235
2594 2538
1905 3275
3537 1362
3672 8
5769 1697
3696 4958
1473 2437
5381 2518
2345 5012
2763 3127
6035 5889
2662 5800
971 2560
2903 2071
4269 1385
3065 27
2075 3497
3143 3773
3193 308
3716 4291
1870 1229
2018 6586
977 2842
21 5191
4718 271
3330 2867
6538 5049
4876 164
5324 5457
4417 3955
3410 3359
5441 4997
2271 2904
401 4976
5325 1242
1279 4469
4570 5916
351 1637
1915 4884
3294 1766
1673 2907
6709 2036
6656 6481
52 3678
1868 2513
1693 3153
3055 1779
522 1401
4575 3240
3073 3606
3166 3033
316 2604
331 3815
6447 2481
694 276
4913 5251
3621 6523
1544 6618
4408 842
1610 591
644 2148
5222 1654
3533 2910
863 5061
357 6635
2753 3894
3819 4529
3468 621
1349 1052
5944 718
4055 6394
5197 2873
2640 5907
4647 6527
3305 5417
2120 4953
4859 3049
143 4321
2253 6453
5657 6525
6213 4654
5232 1931
3288 2489
1030 25
6263 2070
3056 1670
2331 5952
217 4973
3400 1320
6033 2893
2234 4395
914 1407
6813 1206
6506 5013
4977 6585
5243 1456
1937 6646
4601 1847
2124 5232
1744 2767
3274 2585
6188 2876
2633 921
4098 5330
4509 1668
4901 1257
1730 6616
3788 1600
1466 3048
931 4362
2768 2013
5388 5662
6182 1254
4187 2014
5610 1504
2186 6483
5160 2791
2071 5904
1083 3853
4888 4815
3798 579
4596 333
4429 2130
4222 6522
6768 6765
6723 6532
3917 4709
54 5917
5704 1849
1955 5897
3802 4005
2951 6296
583 1867
5484 6217
158 668
3616 1510
6301 1241
700 6027
6009 3007
5115 6382
1497 4977
3167 231
451 4716
2929 2273
2140 3036
732 3041
2666 5468
6151 5093
166 6254
3684 714
4692 5516
1520 1868
2720 75
1358 4814
858 4103
5432 1180
5808 787
2962 468
5365 3345
4154 1854
2833 4167
5281 941
313 5595
6745 388
6582 5860
5412 2864
1406 1477
5009 6355
4270 2192
1865 4921
2003 1198
1902 4844
525 1462
2659 6014
5534 3099
1912 2827
1601 5445
4449 5522
4593 4669
1556 6438
3018 3986
3475 5216
4741 3633
3079 6632
1504 5788
3984 4366
2408 5429
3379 3959
6416 4523
575 6294
5067 1564
1813 2572
6648 3849
5416 5600
6235 6152
2523 5992
480 2959
5262 2387
3599 3634
5742 6338
1261 1215
6668 4177
1995 6540
3701 149
5237 1488
4755 1299
180 6387
6595 6386
4642 2385
2983 2241
4116 700
348 2754
656 5731
1238 372
1674 2987
1821 3458
5918 907
6147 3599
1149 5167
128 4867
6125 4384
3300 2374
1669 3652
2643 2530
1214 4282
4949 5913
5966 3977
312 1714
5030 4096
4747 3788
3519 5988
2030 6404
6208 4821
5192 528
4491 5546
6371 2221
5813 817
552 6410
1435 3092
5533 4662
1929 2639
3202 3125
82 1346
6563 2600
2863 3909
6152 3104
3082 4004
1198 4499
3691 1752
1324 6798
5496 5174
2322 6775
3677 5792
339 2526
474 777
2566 6558
5978 2674
1397 3608
225 1818
5143 2021
1644 6721
2948 2771
1897 251
2576 3247
2509 3709
387 1264
1359 6067
3090 4076
3074 5117
3552 2046
2072 6368
4877 5851
3523 6329
3723 3757
5327 5127
2409 6716
2546 500
3834 4025
4295 493
308 4338
1235 6208
1987 6492
3733 4028
1042 4919
4391 4624
6135 1565
4800 1256
1970 5310
4146 6456
6325 4637
2888 255
5216 2543
1956 819
5660 4820
2531 2745
1641 2407
4716 4661
4438 348
4197 377
6557 3520
4732 2915
3358 1529
3646 3161
78 3595
6785 1874
3603 5538
6726 6203
5572 1176
1356 571
66 5227
286 29
6485 624
482 555
3806 5124
4507 4278
2134 1693
460 3807
5012 4680
3162 1511
3234 1542
4965 4224
2257 2214
2507 6164
1251 4851
4539 4803
1040 5090
463 2542
2604 5799
494 73
3501 2705
5319 1788
6547 5520
4159 5357
3151 355
270 6180
5040 5807
2365 6417
5609 2909
6040 4189
3040 3842
2276 3662
2094 606
631 841
4202 5375
5378 2511
3758 6612
3504 6249
1186 4677
3433 2244
874 4092
120 3251
979 189
5921 3839
4139 5707
2201 3402
6555 361
5798 4715
3505 415
4912 5729
5057 4984
4044 4690
6100 4535
3487 2467
4431 2992
5254 6118
3238 5431
6602 4697
6444 341
5677 6806
6698 5373
3596 1430
3181 3124
3184 5651
6332 3573
3271 2805
5972 4897
5119 3383
1974 6739
4861 4190
6700 1076
4069 2101
3503 2989
3221 5808
5872 5208
3992 4243
2482 4330
1861 1997
4068 530
4056 4761
5157 2285
5172 5254
2878 6732
5452 2215
3350 2149
1378 2708
608 5485
6681 5402
1305 2826
4514 2852
6379 324
5084 1383
4945 2741
867 61
2046 1399
4798 5741
6056 4308
5129 2310
3046 6707
5655 6660
2450 3794
1881 6236
3593 5569
386 792
6642 4078
3100 183
3478 87
6715 4067
1538 1275
6769 5132
3639 2798
121 2232
346 6262
5229 3423
821 5313
4605 2091
4441 5203
1604 4427
998 5820
5510 4993
2891 2432
845 2083
6256 3065
3110 1543
3265 2761
3324 1755
724 5850
2156 1626
3946 2963
3203 654
1623 3463
4689 5750
2428 4400
4037 6741
136 6493
6457 486
1951 1141
1572 147
6728 6068
5332 1065
1142 3726
4152 2282
4985 4877
1256 511
4833 5162
2592 1924
6811 6112
5910 1864
3742 1949
3060 1635
3689 5924
6788 103
2730 6346
1939 2841
5519 6487
896 5866
2114 6347
2729 1208
4954 6360
1931 863
4789 4072
5255 6730
2950 2954
5512 3592
6217 4307
4908 2196
3708 1548
2174 5242
1249 1792
5785 2412
5780 4664
5404 2545
6138 5599
6716 5964
4144 6353
6748 3191
6064 4485
1998 6801
6666 664
4330 5173
2269 2950
513 416
5371 845
626 5725
450 140
6043 47
4212 3283
254 2936
1217 6605
4333 5115
4415 6519
5743 6400
3922 4731
6449 2532
5048 3846
2343 2815
593 3712
981 722
6091 6464
4059 195
6233 4336
101 5752
2880 865
4027 2576
2354 54
3934 1244
4930 3031
4701 1891
2267 3820
5606 3698
1208 2027
3401 4660
4273 2256
2854 440
6685 914
414 2682
4583 2216
3164 2651
6493 1147
2582 765
3891 535
2755 5234
1099 1484
4135 1172
3816 3783
3314 1632
5637 4802
6796 5674
5116 1933
3403 6225
137 3618
3998 3444
5740 5859
1308 2768
1957 1183
711 5664
5581 2678
733 2493
4272 1786
178 895
5781 608
2032 475
4371 187
2887 3348
2070 4418
4101 2599
1938 2779
5258 175
4349 3089
1989 5839
1080 3704
4323 3826
2289 86
6262 6032
6412 6654
186 3798
6238 6661
695 3779
6466 732
6615 900
3803 885
444 4760
2284 3237
1472 3663
2600 5425
1844 3607
6104 5701
3636 4305
5578 1803
1724 6058
3641 5190
3561 5362
5020 62
2389 1919
4989 2896
1469 4251
1565 5161
4841 5676
497 3802
5675 3924
3168 5887
218 263
5001 4491
277 2198
5152 2323
6690 3800
3241 1829
1725 5265
1828 797
3098 4453
2758 1690
1871 2735
5509 5555
445 1249
3312 2547
5774 5490
3809 1233
1155 3578
6621 6764
4845 631
6441 5624
2464 3298
3912 4714
2826 266
3461 6352
5905 166
801 242
6747 1271
4476 5972
969 6733
2889 1111
903 1119
1342 1267
4554 2186
1107 5648
1826 887
1037 5319
6329 1360
1996 2671
1160 4203
3035 3349
6706 431
1216 5102
3270 5125
5239 2922
3290 1345
1818 2886
2959 6290
6202 2252
6 3688
4527 6135
2228 4271
1684 4309
1071 6311
4947 332
14 2472
607 3769
3584 3446
119 882
6070 404
5083 1429
880 2391
3105 1835
1796 2986
