10000
4550 5059
8375 9137
6332 9998
9355 9704
8989 2427
4447 9915
7402 713
6329 3499
9349 311
7667 7590
5385 8938
7644 9560
5966 5558
611 4398
7838 6656
3234 8860
9180 4121
6370 5121
1858 1864
6572 648
9051 5406
9312 9788
9435 1036
8511 6735
1627 8754
191 8073
6305 3058
5322 9979
7472 1265
8527 3387
4450 2612
6927 3915
2508 9891
6701 3481
8703 5903
2848 5897
2941 2995
6098 7181
9005 413
2234 4739
6793 5037
4067 7718
4682 8714
1987 2499
8305 9781
6424 7441
2000 1462
3071 5448
9644 5936
4005 5598
6128 8832
1100 2943
6968 5032
8882 8015
9844 3891
2004 4797
130 1953
3150 1329
7821 156
423 9070
9255 202
1830 7629
9928 5131
4303 8976
1149 4386
2754 7278
3648 2393
2246 7074
8769 6191
3357 4615
9373 2452
8637 8336
3282 6068
9140 2464
7534 6441
5326 5098
9624 1502
4814 8299
4915 6293
3209 2005
6238 9166
6718 366
7385 1160
83 5609
4890 6005
7815 3730
8800 9475
9918 7812
6273 9206
4329 5671
8687 4380
9673 8349
8258 3484
616 9434
331 7878
9016 9045
9070 1077
441 2941
7851 9326
9771 2489
2140 5253
7089 4440
4543 3397
4102 8433
5883 4188
8228 6439
2668 1121
9 2189
2611 1635
1216 2084
6886 1286
6488 3037
7553 6097
9094 785
4728 568
7678 2038
6861 3862
5357 6255
4898 634
3495 1834
9689 3501
535 4870
7175 6283
9201 7012
485 8541
3217 6021
698 7776
8172 5578
6199 3994
4010 1418
9475 3500
9838 5376
3866 5077
389 7860
5627 1146
461 1501
620 4192
7232 6672
6924 6047
8094 6638
7669 6532
1351 7231
9013 719
98 986
93 8603
1003 6082
9501 5176
321 3229
4762 5191
2577 5828
5272 8283
9129 3980
2575 3953
8253 4567
5123 9683
7820 4983
7306 7980
3689 7324
2578 5736
7906 764
3465 4847
7885 1968
3503 1824
8207 3810
1974 8789
2383 8038
4592 893
9403 1735
8157 8909
3018 7262
6118 6122
1597 4787
638 3916
5540 6662
8191 6611
8892 6033
345 1582
9053 277
3130 6711
113 5567
3418 1477
168 5378
8195 683
9470 9484
7353 3233
2221 7612
2652 4651
181 3095
9701 976
237 4785
2805 201
8617 9485
9144 1545
1554 4538
3428 2331
7482 9243
6425 5915
9087 9381
5140 8605
8415 1778
9499 7082
5186 4495
717 4384
8622 7338
3735 3350
3027 2628
8880 6086
6122 457
5138 7351
2386 5749
5543 4070
673 8706
604 3765
7256 7540
2932 3108
2767 9570
9706 325
1266 1587
7930 5565
2299 7276
6069 9240
3303 9912
4703 592
6284 4826
63 9822
5509 1599
9276 777
9730 2260
7367 3946
7324 4792
6900 8386
7998 4862
8481 4535
4426 4480
3994 7505
7058 6629
6475 1963
3142 7490
7558 4765
405 4856
1904 6591
7185 6560
1849 7720
7056 9527
9909 1747
3368 3470
377 3243
5777 3618
2951 7894
2305 9140
3443 2178
1132 7220
9166 2789
2497 6757
5927 1426
7481 1793
945 7451
6640 9026
8611 2179
5175 3293
8162 7709
7260 7376
6356 3749
9254 2862
1376 3061
8455 9293
1590 3034
732 8531
4973 3255
5178 5081
9800 425
9554 3238
9690 1245
3383 1480
4866 1684
6923 8881
3861 1270
4567 989
5546 2885
6943 776
2684 6606
8312 8054
4406 2294
3984 7545
629 232
2844 9255
8915 6641
4919 6276
9923 4869
4999 2742
1560 2336
3291 3722
1958 2820
5196 591
6998 6091
8328 8723
7615 340
4684 8036
4459 196
4744 7318
5507 4265
9381 1069
3235 897
2898 9674
2177 1033
6016 4947
236 137
6803 9419
3918 6123
2495 5591
1229 645
3420 9878
4126 754
2024 7806
4407 2255
9358 7110
7237 4236
5562 8385
4246 6316
6417 2699
1850 8070
2486 8527
4105 4707
5238 6720
9723 6894
3189 2974
5251 1444
7084 8554
1321 7938
2912 6868
7348 6955
3806 3241
6415 5122
8073 860
3993 7979
9620 588
8584 2112
1579 4916
22 8079
6966 7116
1752 7917
6680 3234
353 3338
5818 1365
9354 5213
4129 5313
3707 1927
546 2272
8752 6603
9295 8842
4021 478
1545 7633
4497 609
8914 5551
3402 7299
4584 9399
7114 3530
9188 9069
7606 1132
2880 7068
935 4264
8885 4774
6724 3411
6599 5390
5870 1690
5603 5250
8188 1887
7541 8900
3717 2403
4176 9015
1654 2659
7560 9607
7765 1566
1421 9889
7272 3800
4855 5038
6874 3838
9848 9220
4650 9247
7633 1398
9458 3610
884 3850
4844 3147
3916 5673
7752 7502
4472 1340
9981 31
9035 4201
4553 6317
1948 6334
6414 6233
5309 7266
8359 149
3254 3873
657 3494
6505 2681
4369 6540
9759 8905
338 8181
1825 617
6252 6895
38 3422
4338 3200
7192 1500
4395 377
2723 3475
7900 9629
5609 9544
7356 969
1469 2894
6326 4752
3559 3384
8414 4711
6778 1954
6613 4898
128 4970
4851 2054
7398 5075
9846 3792
2775 2603
8197 2305
828 8061
2458 5941
3393 1921
4228 6393
2475 7562
2030 9375
779 4998
2871 3561
9398 2720
518 6579
3885 9649
8796 9141
8524 668
8671 5274
2842 9367
9877 5963
7884 9923
9774 4501
229 4158
3442 7079
5516 1090
665 7387
8876 6440
137 5289
9022 3380
2832 9511
3678 8121
3668 4583
9925 7708
9044 7483
7631 8540
7282 7723
612 6292
9969 1503
8983 3067
2157 8590
2217 1608
302 5364
4117 9761
630 9694
7097 7753
4017 4250
7762 7995
6135 9023
4686 7791
3849 470
4617 3809
7010 6797
4266 2222
3158 5599
9763 4154
5074 8010
6133 4732
608 9965
3502 5012
488 5416
6197 4525
1642 1071
1756 7778
8657 2566
3952 1165
5027 3071
1522 2238
100 6701
5318 8957
247 9898
7860 4055
4618 8844
930 881
8495 6210
9299 7795
3633 5894
9878 8631
1060 6912
3257 7570
2573 7339
1162 2685
1379 8598
6853 4142
7505 9991
5833 9271
2229 4449
928 6175
9741 2003
9067 8574
2875 5321
5829 5659
6421 41
5402 4068
9566 1622
412 7414
8292 2831
5284 4953
2447 7149
6936 9383
7394 2019
8101 7247
4678 1390
6553 6413
7635 7135
2881 3117
4777 7120
2928 4381
465 4054
5795 672
4315 8568
790 6187
102 6380
6605 4207
1959 7281
4778 319
1405 5171
5681 2257
6033 7523
5559 230
694 9067
3581 7990
9683 8891
7862 7203
2851 3543
7351 3046
5013 1438
9836 9540
3454 6181
528 5029
5950 8480
9436 1604
2066 341
8969 8954
5941 125
9305 6271
1270 9049
4687 1399
9901 6121
8035 1095
3603 9738
5149 7998
8711 7838
3589 4600
7096 9039
1810 7263
2559 5938
1735 2173
7545 1947
6382 5799
1197 4490
5615 5277
1056 5026
3925 4518
2427 987
2304 7075
9509 2546
1099 650
101 234
4238 7264
4702 3965
4698 5832
2500 6617
5902 2259
1260 8235
9340 2389
8268 1439
985 2221
9523 6780
639 2849
5792 2873
2600 7330
7277 7742
9387 9918
888 4903
7083 5229
7515 579
7630 6010
8806 7823
7366 4899
3023 7479
6557 8409
7823 3926
1122 3137
5359 8931
477 1346
2223 1616
2136 5855
4526 6768
3022 6708
6251 3558
9693 2295
4279 2165
9441 4015
4408 8354
2057 3934
7686 8383
5079 2588
3406 6500
1618 3120
5630 8047
3348 1130
3659 5091
5177 640
7750 1576
2642 4171
3943 1086
160 2195
1026 4320
7198 7658
7190 8484
603 5772
298 9019
4699 2886
7793 9960
8780 9553
4767 1758
9300 7797
4065 9867
5292 3099
9708 7265
1232 3408
2677 3600
292 9557
4438 1572
6888 2958
352 2206
3077 1826
6334 7032
1633 2129
8391 5149
452 8921
2539 6030
3179 5134
5183 9695
3308 2169
6310 7662
8744 6878
1240 5466
1809 1771
4659 1949
7278 2643
7109 2522
5887 4193
1129 2302
9163 3285
6286 5819
6800 6451
3591 1613
4668 5165
7400 1636
4817 7327
5437 3056
407 1155
2020 7407
2748 682
6207 1827
9987 9729
4596 7643
8508 3448
8909 597
3959 890
2506 4845
2047 6395
7213 9190
2551 1769
4883 2188
795 675
543 4830
7708 2234
9520 1389
7103 6580
2350 2543
5607 6078
7261 9482
6850 3086
3706 4078
9488 3455
3012 4812
6222 5399
3969 9935
3873 736
3712 4900
9154 2976
975 5006
2040 6247
9389 4239
9858 8587
510 3069
1513 6673
8218 170
7484 9642
8030 6412
2920 8645
1789 6800
5217 6162
6903 8033
2824 5957
1370 8572
1022 372
4490 343
7073 2495
380 7245
5372 587
6455 6037
5344 7325
9525 4132
3981 9176
313 3597
6239 8398
4001 4266
5850 6683
559 4365
6484 8053
2572 1303
1604 9938
2681 7288
8451 2865
5224 9246
1399 9241
4672 8342
2159 381
8124 5845
3908 4588
1201 7863
5465 9005
2803 3602
1658 513
780 5658
7543 4760
9001 9488
5195 9698
3566 7438
8991 7897
4782 7940
2262 2527
5811 9368
9808 3631
6775 4645
5696 197
6551 3214
151 961
6647 3076
5669 3211
6000 4596
1400 516
5016 4640
9982 8012
9639 1369
5484 1699
8904 7613
8385 7905
7617 3216
6423 4425
5928 253
5205 8049
9556 6779
2780 8253
4825 4694
9889 167
7462 3057
4495 4255
136 4644
420 576
6935 3168
4853 486
6075 9114
8559 308
7405 8428
5010 6821
2973 6415
8393 9259
2612 8837
1344 3010
1802 8030
5352 9982
1047 9813
8921 1872
7082 5853
112 4107
4504 4473
4139 9731
233 8763
1483 5560
6065 1122
5369 3671
368 9313
5628 82
7068 1598
9629 2394
1742 3205
7177 1543
4784 1185
8824 8071
77 4081
454 2837
9150 9621
2189 5899
4188 2060
6463 4168
7576 2056
152 7671
7161 1550
6306 7217
5948 6599
479 4347
7721 2030
8848 5169
9588 2933
5584 89
3043 9486
3961 6615
2405 6903
6011 8851
6378 8202
4685 4868
6746 8664
9459 7786
1168 2092
7253 4668
5218 3118
1946 5557
7571 4978
4068 6219
2224 8022
933 3309
234 3865
1313 7098
6492 7733
9914 9339
2219 6538
7342 4456
3949 117
1734 2658
6583 8443
6442 6551
635 6680
7470 2187
7119 5082
3680 4923
6705 7226
7596 177
1037 5158
3779 5160
4902 6268
1462 7410
9030 2337
6395 5058
3838 9971
9964 1570
3482 3853
6443 7178
328 2397
6014 9583
6445 9871
6355 3032
9440 1470
1992 9811
3719 4047
2144 9474
5098 6018
7246 690
8883 315
9343 4175
702 2144
6181 1822
3072 2388
7171 3111
3429 8646
7647 2857
1679 5648
9420 9136
642 6764
1474 9286
6058 2447
3900 435
8932 7842
8707 2630
6645 1932
2499 7986
8908 8863
3960 8163
1212 4692
5353 8029
3647 4971
6543 2741
1806 5570
9161 450
501 9677
705 3171
3030 6866
9922 5279
6438 2246
3266 8923
7022 7879
1189 5047
5566 7704
3676 6688
4118 9062
7874 6991
533 5020
5449 7958
5141 6959
1912 5152
1743 3228
2825 2662
4340 849
5725 578
3801 1859
8662 8449
5391 8835
8808 7083
5732 1397
2027 6556
919 623
3619 2631
3895 6494
1380 9506
3846 3110
2046 619
2062 3880
4057 9929
730 4341
7117 7232
349 7039
2632 2036
6515 4364
7645 2674
8066 4014
399 9105
4130 9260
7513 3637
7655 6425
8324 4240
8616 1775
7288 4700
3922 4954
6912 3758
5300 6456
5781 1729
2260 56
952 6256
5763 745
6406 6751
2301 8826
5766 1971
3919 604
4552 6437
2763 7436
96 7808
4443 1126
3755 5306
6526 9847
4921 5926
4206 1777
958 8481
7457 2252
8145 9464
4774 3957
6671 3103
3358 2666
8063 6933
3244 9185
9130 8942
3777 9741
323 6654
1920 6102
3681 8077
2017 2935
4466 2124
4172 1785
8577 9645
3638 107
6043 9500
9185 1695
4209 6124
7819 8683
7910 8623
9777 3998
6790 507
5527 911
6136 699
8981 6051
476 2247
839 5083
967 766
7937 2106
2446 2842
2862 1256
4198 7520
1002 5178
5752 186
7448 9830
4892 5400
1103 7686
7680 6357
3671 5834
6777 5146
3787 1899
6611 4003
5403 4992
1530 6951
385 472
5524 8601
4905 2703
8076 8231
6403 395
1873 5221
6786 4454
2604 3512
6706 7593
6643 3615
4269 9085
2393 8885
2664 9307
835 1768
8619 2649
303 2408
5031 189
2970 6203
4488 7726
2132 3051
6030 476
2536 2750
8961 7350
6145 8698
2699 2108
4989 5760
4917 4991
1963 2818
1791 6828
2827 5949
2231 2481
1952 5579
1397 1945
1816 1018
6079 6605
224 794
2924 8910
3641 4674
7166 226
3440 1087
6598 8892
7846 8536
5821 7763
8644 793
8196 9728
3052 5514
2798 7175
6228 9306
764 9142
1218 7236
8052 349
6405 2051
1375 652
921 1196
2118 7425
3008 7334
3321 3823
9924 64
8828 4235
6730 7996
9426 1531
3541 6290
3064 4356
6226 8424
2101 2214
1481 1124
1933 906
8220 2737
756 3518
2423 7187
9590 9774
7876 16
1778 9258
512 4720
556 6922
8015 9345
6788 7871
1661 7684
6249 825
4388 3129
9927 3264
3369 7821
357 2198
6748 9083
1089 9344
5881 5763
9175 7303
6381 422
5959 3503
1978 1181
9670 2984
8350 6157
3732 4504
462 1248
5253 5722
5360 2269
5418 9944
7858 2567
1518 791
6656 8903
5882 9385
4601 6085
1233 2113
2790 2240
9787 6717
3504 1673
1427 1820
1293 2170
5271 1225
8331 2712
3424 2154
574 8473
1170 7561
5477 8948
3637 8761
7984 9171
391 1989
654 916
2570 954
2709 9408
5551 805
6430 1053
7511 2656
4113 9451
7023 6142
3958 8994
4225 2123
217 8025
4846 4285
2434 6055
4903 7563
9427 4272
2518 7171
8923 8478
401 9633
2248 2532
6824 6581
408 8200
1641 3742
2936 9405
773 4241
9883 9341
9958 7934
3232 9873
8582 8490
9127 770
4957 1978
8799 8864
1192 3221
2712 5566
2450 8997
2722 6297
4645 4150
2099 222
2083 3657
9743 5667
7842 4546
5432 6766
4515 9160
4724 9103
1289 8207
4673 4017
4366 188
4352 410
2633 5066
3574 8512
1613 2045
5706 9520
969 2859
310 5682
2146 6511
6315 2734
911 6971
5574 4253
3512 8872
650 5816
1282 5442
7869 5532
7774 5056
9064 4534
1359 3576
3062 6819
2895 5608
2535 5343
5491 6516
7466 1166
6624 4783
6027 9546
7801 3834
6538 105
6312 8731
3059 8833
7895 6099
9415 759
8860 3443
2068 5993
4196 3999
4481 3333
8596 6669
6157 2072
5933 6084
7598 1710
3720 3889
8966 4234
8580 4729
8276 6288
9474 5044
526 3290
2866 2956
5096 2830
3661 6242
2335 9215
3703 626
2554 6566
5844 8468
1144 2967
114 6019
5390 2919
9704 9780
4398 1177
2849 1032
1237 5325
7766 2159
7845 4233
3694 7026
5716 8196
5828 3165
9388 1285
2953 6257
1576 7637
4477 3658
9438 9747
7163 4885
1951 8102
8863 6997
4803 3981
7425 7499
979 8927
5466 3579
4932 1278
2680 1589
844 1435
7816 9095
9069 5818
8234 2073
9732 3339
5187 2367
5979 3736
2424 67
4449 8204
8901 7933
4359 661
456 1925
7742 6707
4403 4500
5116 4577
7967 9931
1324 8791
7802 8004
7379 1910
1973 7352
8917 1767
6344 184
6064 934
2917 4277
7240 7071
1136 4136
2397 5714
7380 9650
6446 65
8351 1084
7711 3935
6108 3745
9718 3528
2316 5520
7330 2531
4901 6816
3325 2111
5076 8577
7926 3188
271 260
3582 2634
3577 1268
7143 2057
3013 1003
9334 6984
7062 6471
2173 4372
4420 1432
3930 3877
8791 828
1773 6039
4141 3004
308 8326
9302 928
6815 9762
778 1575
2181 5103
4039 4315
8955 8911
653 6850
6852 8057
4184 5923
769 3620
1385 8301
8648 5130
6635 1536
3100 8617
9628 8559
9581 1730
3097 6552
6149 818
5954 2220
446 8866
2216 4686
8494 7474
3175 1359
6530 7580
5296 8914
8610 4864
3165 1326
409 2386
6712 1046
3069 1964
8884 1447
7812 9014
8381 823
4609 4297
8542 4555
2151 2351
2629 2492
9868 3225
9565 9032
3268 9577
4262 4203
9192 4276
567 5798
812 1568
2835 5878
519 9299
3019 3904
8449 7337
9921 4161
6452 5739
8853 1296
7727 5268
1403 9875
190 216
9128 5550
8534 5260
7574 1728
9374 4825
1406 7861
5170 5583
263 4274
7661 4945
2201 7659
86 9249
6409 1933
4362 4268
7207 2110
3693 923
7359 102
5809 7501
2567 8422
4841 342
613 3392
6371 3456
8809 3693
2579 6896
3370 6034
5742 4980
6693 4044
1447 7913
9348 7103
6865 4723
1562 540
7205 7673
2978 1519
2594 9617
9593 8888
1262 281
9516 6892
8635 4405
4288 9626
8091 5575
471 6921
5999 1805
2102 5537
641 6628
1310 4082
9273 4924
3021 2598
6872 7431
1632 1487
6163 5935
8857 7689
3622 5294
929 6151
5712 400
4620 7697
6501 1754
9468 8972
572 7421
4706 7596
770 8514
5381 5523
2557 4661
3451 3513
8266 3896
2665 4818
9126 2132
1420 6564
1975 8370
8888 2313
9502 5871
4836 1379
1759 5345
2369 350
1845 8738
504 9027
4988 6915
7025 2754
6076 7802
3696 9226
3225 6244
41 92
8291 7417
5261 3608
6166 4198
7604 8060
8666 6807
6331 1721
8089 7792
4496 1975
7431 7375
9351 2467
10000 4548
8249 5013
2590 7403
5221 3771
1617 5708
9101 7386
1133 9473
5255 7389
1250 2890
3400 256
7488 8701
3160 5700
7391 2711
7464 3297
7303 5604
27 1403
4760 8940
2619 2769
1111 556
6072 7004
3677 4563
2259 9884
4100 9987
126 4837
4849 5287
6858 1922
4651 1184
7717 2991
410 5427
3824 2814
9645 4028
5258 602
6004 3417
6939 3002
1900 2256
3903 4382
9372 2160
2667 8602
4604 9061
4680 224
9572 9861
7850 8377
7854 271
6094 7057
2613 7908
907 5144
8317 4373
5392 6404
3516 886
1687 6565
3198 3253
4815 2425
4344 7019
9825 7477
3654 3139
7709 5201
7789 7031
8640 7463
6120 5072
6796 8786
7701 2419
7707 7595
2729 7925
2029 6574
9297 9438
9078 3881
6478 2001
4019 5840
4750 8215
9627 670
9940 3089
5024 9350
1448 4092
9508 1190
5968 4628
4558 1317
3573 3522
7670 3320
2247 4354
5549 4997
1532 2987
4720 1574
8632 7285
2823 6927
1570 5080
287 1784
14 4045
2209 5697
970 3902
1436 9402
9065 9587
9547 2982
3229 5512
7915 2502
7520 5470
3194 5118
3116 3260
1837 3373
6092 2348
9904 1203
1765 3738
2770 1790
5862 3011
9173 9250
8301 6969
1544 4124
7870 6217
9341 9225
7035 8984
3766 3049
9870 5656
8673 846
9079 1135
3164 4610
1693 4999
2945 2414
1207 8493
4394 914
5837 3023
2235 7434
4995 2951
9681 1156
5278 2
1955 4614
9457 9635
2759 9472
6981 1985
3804 784
7477 7289
6335 6448
4234 7574
1312 8123
6956 8840
9778 6338
1827 2868
7787 8705
9347 4394
2143 4129
1005 3846
868 2555
7968 1188
6440 5198
8728 7801
996 9347
7172 4293
8837 1141
1279 1669
4119 6281
9910 8180
9490 711
2883 9334
3039 1254
1940 5372
3524 6909
2156 9491
9680 6392
3805 3317
5050 9403
7126 9161
711 6407
8032 6352
6121 2288
3124 4910
2481 100
1977 2023
8175 1066
8951 2771
4160 3521
4494 6315
2589 9999
2243 8482
8844 7064
6113 6239
9744 93
9371 7328
3565 8600
2857 3928
1563 3154
5421 6345
1411 841
581 9031
2635 1524
8077 8676
3833 1055
4227 3624
9530 1354
7291 6234
7081 5842
691 8149
3202 3804
5501 8594
9891 5824
8804 4568
6819 5901
82 6881
5740 2109
306 763
5029 6119
959 4275
2764 328
4103 2455
2738 5805
6587 8952
6753 7705
3514 6278
9189 9239
7078 233
1728 8489
6003 3757
1598 3121
7209 7648
2407 7396
9874 1041
9941 8298
6756 1208
3207 129
276 3656
1792 4291
6859 5975
6766 1060
5810 8960
4412 3388
7344 6522
9249 3776
3631 4123
6183 1088
6676 8
372 816
2529 4629
8165 7683
3269 3044
4144 1172
875 7206
4590 5866
6152 9324
4746 1672
2867 7274
6264 1489
679 7280
4252 1229
7599 5168
1285 651
4745 3281
1442 921
7600 5750
2054 5096
3731 4369
2167 9716
3007 6778
3513 4805
6614 5710
1523 8374
9725 2493
4080 8395
1512 3573
7432 6106
8634 4113
5228 7873
1467 6417
9881 8762
4829 5581
2122 3731
6269 3641
6731 1539
4107 6727
848 2042
3005 339
6711 7816
3437 8817
7864 7591
889 2832
8453 5045
2326 7484
8029 4077
9032 581
5996 4040
3095 7198
8167 6408
8496 8096
8954 2356
2175 6518
2055 1437
7409 1117
9630 6202
8160 4627
6734 4637
8950 3688
1653 4958
5977 5332
2469 8567
6573 5856
2769 8006
4789 7144
9746 6679
4691 7347
3511 5368
2816 7862
5320 9742
3351 9427
4075 7257
6795 738
5244 5491
5910 9522
8067 2988
3602 4465
9218 1852
2367 8519
1069 7663
4033 8733
5731 3093
5753 5446
3134 641
6985 1016
4027 3278
652 207
8614 8090
4307 4130
1152 141
7444 1681
4747 2063
7975 8045
5265 6350
7537 2082
9214 3116
2328 5425
1301 2136
9191 2497
5618 4986
9613 4472
9292 6365
3909 1962
775 3949
7395 3772
3776 4508
8311 7714
9938 5669
9290 4780
5215 6544
8346 6205
4213 9121
3296 1449
3210 9332
9148 741
5513 5574
9505 9719
493 9336
9285 9509
3931 4523
4467 8643
2225 1986
3422 5490
1721 8780
2203 1233
9414 6847
9321 4919
1432 4271
8776 6324
1382 5090
3410 9183
5964 5852
8887 3394
4545 8841
7699 7803
464 1337
9549 3613
5316 462
2436 3376
7322 8886
2359 124
7483 7624
8773 2433
3455 3268
9960 1712
6038 8051
2538 1533
2713 7145
752 6534
8628 2478
4660 9203
4861 7724
7517 6974
7554 6169
9170 8426
6129 8845
2334 6721
8764 7645
5184 1284
5203 1972
3632 3511
7954 9789
8085 6199
5925 9897
7350 6834
3088 3737
1123 8459
7420 9593
4040 9896
5136 8699
793 2895
742 1402
2355 3269
3747 7047
3343 7991
4868 4611
986 2960
3387 9657
3571 1577
3246 9430
7333 5944
4799 6488
3139 4335
6013 4429
3563 9415
4544 6246
7799 8226
4004 4691
9816 6726
6595 9628
6489 6762
9638 815
5389 8288
909 8264
8392 3670
744 2900
9916 1752
4187 4524
3105 6889
2944 8355
6707 3514
973 6643
8128 4332
2245 3184
7106 6514
425 9968
8243 327
2580 2192
3053 2690
342 4470
2654 7780
3529 5917
586 4256
7755 9392
7422 5960
4354 4717
2543 1232
1711 1918
3844 3068
9818 3415
5534 2035
8953 4791
1894 2317
6176 294
416 9588
6189 8993
209 4510
7193 194
634 7252
4455 3433
9190 811
6971 3382
7006 4796
1739 9300
9304 2638
5277 3650
8078 4215
4960 4360
7918 2797
8333 8877
5900 1240
4712 8104
8297 6172
5208 5605
2455 5888
3827 6874
8403 8974
8309 7568
5554 1846
8949 7271
4186 1907
6559 6474
8512 2487
2966 2949
5685 8689
6757 2618
8096 2791
4671 6229
6995 5932
9895 2210
5460 5981
8988 8435
266 4437
8072 5014
6990 1347
8321 1956
9325 506
7235 5620
1581 9856
6960 1417
8483 2228
8507 529
8958 9758
8544 19
7108 8542
5279 1893
3737 7020
9483 7437
9404 3286
3371 3428
1796 5827
2028 5564
3823 4042
5313 8887
7041 2563
2913 6347
584 6623
3275 3908
4612 2420
7676 6985
2818 5009
2019 7037
2268 2926
3917 9167
8031 3220
9419 9772
7649 409
5808 4579
3338 1865
6218 9150
4056 1393
6233 4498
2888 974
9561 883
4586 1682
8356 7954
5101 5488
8308 4850
4842 7827
4055 7909
3729 3307
2599 2071
4328 8064
1854 4278
3080 1718
8242 7883
5134 2011
6144 9507
8421 4556
4800 5028
1068 3625
9063 5800
7080 5951
8461 6043
1805 753
194 3667
6012 6698
718 5988
5620 9855
392 7584
1258 6722
2743 239
1088 1534
1311 7146
3032 3036
2591 8969
4310 9089
7730 4699
1424 8108
7736 5231
9799 4605
8920 1912
675 2416
882 7173
4348 4675
3811 7005
3133 3439
6336 4612
4735 9959
7221 6009
8469 4468
7993 2677
557 9043
7074 6885
6029 5262
502 882
9491 8091
1842 9907
2884 2319
3745 3012
8254 6578
9209 9035
8008 1787
2995 4180
2321 257
9141 3232
6577 873
9361 778
5675 7059
3542 1452
8633 7335
8384 1463
6889 2735
7305 1059
788 865
8663 6589
7611 7207
5133 415
7304 2990
7495 7072
3947 5602
2343 2245
9328 2985
8941 9726
6267 2341
4998 8213
9238 2392
991 2959
1986 6723
9834 322
5461 3887
4286 8639
5646 7409
609 867
8609 3790
6934 6744
3567 6820
1839 6458
3593 2274
8545 7426
542 7727
925 3235
8688 4638
5055 7395
8257 3367
4845 487
9515 9879
5901 5455
1892 8662
6268 3055
3764 5437
7557 7625
444 900
8601 1946
279 3473
3775 1810
6899 2483
5624 3820
5370 5720
2892 3950
9781 2587
7936 1560
31 5145
3886 8421
7796 9276
8164 2726
1238 2457
5192 1446
198 1269
5867 8024
3968 3132
6678 2309
3151 9680
1766 389
2376 9273
2968 5820
9819 7147
2228 8752
6285 9272
4322 8103
5545 953
625 6253
953 9110
2288 1131
4562 1615
3709 6273
7208 6189
550 7369
9618 1943
4914 5618
2814 7029
4818 3870
1431 7121
6091 9727
5239 1048
5568 3130
3122 6631
4110 5123
7813 3210
2485 6160
8691 7472
6958 9436
9615 4657
4318 8800
4458 627
7694 133
6933 2411
1067 3942
8929 4724
971 9268
95 4194
4082 3822
5086 7674
8760 8665
4918 3075
7723 1685
4379 8251
1908 8072
7200 6767
1794 8303
5005 6185
6636 4883
1558 5456
5294 4371
2327 9052
3832 7478
847 7078
6426 3167
9006 3633
9221 4730
3049 26
1200 468
818 8584
5095 6647
6401 5404
1871 5257
4009 430
6234 3567
7902 6756
8429 8044
7966 3907
7502 1212
5075 6686
2564 3791
1898 9574
7658 9189
1917 5683
6999 4491
5848 4892
3962 2573
9837 1812
7688 2398
6764 6626
2432 2944
5338 8812
7853 390
9592 8165
4749 5164
1934 5788
9871 8727
3972 9365
7773 2134
9077 8318
8570 7112
3313 5885
9281 9839
7549 6627
9268 6349
369 7587
9830 4061
3869 5148
2098 843
7636 32
4357 3744
6253 4137
4123 4809
5410 9404
5082 9288
5 5087
3413 9263
8147 3793
115 3063
2601 3400
116 8474
6690 1118
7390 6536
3691 7193
3628 8248
6432 7269
659 2087
1779 4959
8492 7250
5854 7951
1745 7650
5041 8058
3156 1017
5919 6607
9951 3621
506 3546
2463 8211
8749 1075
1820 9984
8236 8107
6673 4685
9817 1529
590 3374
4368 2816
3180 2863
5006 1658
594 637
1732 872
8281 3440
7544 6477
5590 5801
2765 2817
487 4251
4813 8462
5307 1099
2415 9562
5737 3202
3011 7433
3127 673
2010 3708
6504 8055
6490 8808
2232 4149
7748 607
5776 388
9829 1849
9046 140
7273 8579
9587 509
8013 2230
5583 375
4335 5967
1107 6752
5040 241
1847 2770
8377 727
4753 7640
8404 716
4910 9480
9443 2925
1813 8001
6056 836
214 3532
4277 8350
9993 4564
8334 1934
8498 4901
3975 5595
777 3145
1115 1823
6351 6115
5179 9371
1391 2363
8121 9284
343 7091
9383 988
6258 211
1020 1817
9132 8183
6601 7874
1930 8432
6836 3773
1230 4904
2086 176
2659 3115
5631 7740
9061 2241
1443 2229
5268 5280
6584 7945
4098 2171
3329 5063
4476 9888
4134 4522
5876 2536
551 8456
213 5238
8597 547
3894 9882
1049 2839
4953 7664
2433 2342
9466 7200
5126 8376
6977 392
1996 2850
7814 7260
7718 8454
1664 3418
964 686
305 1343
5400 6190
6763 1368
7302 958
7514 5990
8427 9159
5191 9751
1131 8344
3126 8920
7465 2768
9887 8563
2707 5977
6096 8389
6631 5113
5842 1145
7027 4355
1353 6482
3842 251
3526 565
5311 5508
3782 4421
5312 5639
3539 9636
8579 5417
4513 1201
9037 6264
3797 8827
8410 807
8237 1231
3826 3962
9100 2320
127 9391
4838 9555
6642 4125
5469 3005
3129 955
9835 8431
4221 4165
8347 8968
8699 2052
7492 9554
5654 4502
3404 5324
6123 9988
6957 3706
5159 6827
1514 8535
8845 8907
6524 8346
4564 4451
1804 5489
5209 6942
4501 7219
9976 8690
8107 6982
984 8293
9412 3780
3205 7044
750 2848
9368 822
7100 6502
7867 9053
8957 9718
2552 2507
1606 5962
402 9684
9609 7353
6781 3109
2372 4664
8005 6822
397 1302
7737 4126
8928 4342
6202 5538
2329 7677
6216 85
1726 9192
2077 2225
2873 4022
8395 712
5448 1602
4927 3589
4353 1205
260 6092
6973 7959
4324 7194
3346 5858
2828 7638
1148 3193
8332 7881
8376 9369
3728 7506
9481 4905
6761 4106
5804 5948
3419 9844
7214 8263
7953 7024
8217 5549
2523 1885
106 5187
8355 6376
4457 8681
1369 459
7469 4814
1078 5572
7094 6048
870 8032
2109 173
9031 2064
3670 7866
9378 5910
2916 9886
123 6695
5113 9388
5989 6064
3079 2318
6341 1267
435 5041
2452 4843
6627 3713
9024 7668
7608 8734
5704 7315
3330 3493
5057 4565
9181 6220
5458 5552
3382 6846
2915 4184
4708 5195
5259 2292
544 7023
4261 768
9779 4292
7489 3866
819 1891
3753 6105
6992 9671
8729 6302
9108 3551
2237 2090
2273 9478
8176 4936
5962 4120
6967 9529
4029 6814
2032 9675
6347 7048
3060 6093
1172 7322
9027 7901
1935 1035
2401 5515
9444 4156
5049 5770
5714 6060
4756 2504
9524 6801
1559 4772
4014 3676
3191 1610
7001 5933
6227 3244
4174 548
4548 6890
4207 5663
3131 249
7329 6299
5661 569
7938 9450
257 1890
7338 7788
5638 4989
167 2043
2414 5635
8153 7034
4289 86
8143 8720
9015 5138
1909 4666
2942 6937
5009 5132
2989 8573
2899 2665
4775 3634
9716 4400
2295 8751
9623 1874
7355 3371
6822 3389
8606 5510
6926 3673
2733 5785
6328 6542
8353 7989
7695 5293
4427 677
4451 2700
4337 4740
2148 504
6994 5924
4435 3952
789 9978
3948 2981
4882 9199
7007 1476
2438 7319
7720 3496
7456 3954
1832 367
683 5875
3473 4238
1254 610
3310 3709
4285 6973
4287 6952
4417 4871
7901 8300
8946 1739
823 7331
7365 6353
2115 4697
8341 7518
2890 1624
1780 5136
4952 2016
5767 7840
8669 3661
1057 8955
6322 6781
8271 34
1703 6742
891 9230
6871 5889
6961 2167
5582 6221
6989 8259
2940 6906
7758 3363
2622 8538
6372 8153
2996 1490
3914 1654
1907 9148
5662 8560
9314 9681
1215 8460
3445 6475
936 4872
8705 9537
375 7814
7656 649
3789 4679
6823 4497
5528 4076
2088 8999
1455 2267
3096 8148
678 5497
8717 3038
9517 5179
7155 8606
7270 1680
4512 8289
3522 7310
2464 4915
6770 8450
1243 7856
1309 6958
3714 902
4912 5954
4002 8330
3673 8915
6991 2747
7866 6880
4613 2089
8697 2636
1831 3979
4104 123
5719 8708
3067 1559
3024 1080
5891 3155
4710 5147
3086 4073
9187 33
6633 2130
2501 2158
8010 1950
9671 2620
1671 4378
6700 6902
7965 966
3700 5711
6392 9257
9291 6303
4797 8423
6733 4988
4812 4663
6537 5344
4063 7094
3807 6693
6215 1306
162 4631
2946 4561
1736 5786
9263 7912
1582 1652
6738 9690
2568 6359
1118 9604
5864 5086
624 9337
3152 9693
3856 6899
9095 298
5510 4585
7677 771
1856 3156
6632 2503
6060 7316
5722 4210
1471 4646
5853 5185
4166 895
6138 8525
890 7471
1960 5506
2961 1508
4085 3274
6321 7730
5455 7735
894 3435
6833 6127
7021 709
6314 5644
177 3632
8765 4566
4732 9503
223 1367
2439 2660
2263 1328
2926 5603
2161 5895
4743 3218
553 6644
5557 3984
7030 2691
7844 2008
2658 8537
7764 2593
6801 1037
6460 9922
2152 4462
9433 265
8472 4601
9049 4122
2394 9457
2134 1305
143 7381
8992 3653
9647 908
7800 925
8851 6562
9740 8820
6870 5652
8625 3893
5678 9597
1337 3215
6708 3102
8537 1380
9685 3368
3821 7911
7916 4815
105 6261
1957 7253
7274 3362
1945 8889
3042 4822
8138 4325
393 76
3199 7041
5298 9169
900 3572
47 5451
3335 501
9658 4714
9379 7642
1525 5128
776 6095
1147 8852
1466 5302
8369 6506
6083 4690
6929 4424
3213 2080
822 4091
8658 4393
6723 7949
3973 4776
9583 4704
6496 4428
1372 1358
532 8043
1651 4311
5163 7458
7334 5884
3466 9242
2935 2233
9876 6399
1601 8883
2556 7716
8405 7355
4739 6146
4015 2871
8232 5247
9117 9805
2462 7826
9352 5807
5667 8660
7674 6444
9437 6658
2411 6804
6835 6295
6806 5544
4970 4461
5325 453
6010 970
4761 7354
4843 5691
3724 3976
6294 7577
9659 2133
4251 2888
6368 1290
614 8083
7116 6604
7822 8416
2876 8042
5991 4672
8623 7216
8342 8209
2736 3531
6255 782
7370 7292
7131 6378
92 3651
3212 1689
2252 4908
2838 2454
9455 1209
4025 6549
1836 2316
6592 5151
3791 9038
9796 6497
7206 6171
5531 4553
1968 402
6794 8438
8639 946
8100 4570
8022 8644
9007 7644
4783 5568
6604 4758
6558 8950
4665 6818
7761 1518
2314 4763
6750 5073
5857 8176
4265 9233
2974 7696
5046 6164
7779 5732
9529 7611
4223 3094
5185 9951
6916 404
9734 3404
2721 772
2373 9163
5533 8122
6383 8825
9142 5672
3438 4939
5152 8476
8046 4929
5741 8626
3434 3640
4461 403
2207 8322
1426 6326
5071 3033
7180 3101
9622 9363
3850 9064
2188 8135
1276 1109
5526 355
9872 6519
4325 5172
840 3479
18 3197
7327 1816
4832 1274
8631 1445
4570 2285
3756 9390
3560 262
6878 7970
7012 3598
9377 293
1084 7748
8854 9377
4016 302
2636 8809
9039 8607
9417 2340
1991 5022
8638 6660
3472 266
4116 1420
3845 5528
8293 8233
9272 3537
8993 2969
9112 2177
259 2864
243 6070
7279 223
712 4117
466 4340
6390 8926
398 8725
876 4684
5873 6401
2420 1530
8354 3476
2861 4865
3242 857
5117 6839
8777 6512
2162 3837
2404 7947
7101 557
5861 6992
6375 7045
1500 7741
244 4486
9660 8529
4870 5781
5905 3401
433 1776
119 9147
804 492
4644 4909
5770 8693
9821 6431
8531 3964
7416 6759
6259 4687
5664 6799
6324 6330
5384 995
3083 9990
651 2730
156 2405
4694 2571
5371 5017
6728 9458
3818 205
4401 1484
6941 4976
2347 8749
4081 5791
8690 6143
5517 6313
2745 7106
8463 9713
6274 7102
4463 9651
1876 454
7712 8672
2688 9632
1626 9710
5693 2723
3259 9214
5762 8360
5093 9638
2911 5713
4418 3941
1413 6252
158 2103
1824 4479
3082 4163
2620 938
1116 4477
7925 1073
8846 7293
8135 279
138 7382
1647 4174
4355 4220
9498 5454
1470 4948
9788 801
4568 6427
6105 643
1608 9471
8261 2261
1655 4995
771 8305
2319 4887
6360 4224
6659 3520
8533 5526
1246 2855
6397 3223
5048 1538
2302 852
5019 9831
3944 5232
7276 5330
5440 8742
1537 1554
9275 8275
7374 4710
9714 2710
2121 2298
2482 2670
1185 6829
4754 337
6448 5394
132 1725
4837 570
3786 9895
4810 4806
367 5695
5755 5690
9473 6946
9896 6337
2110 494
8087 3079
6194 354
1039 3988
3662 9612
7107 7824
8939 4345
4240 5310
3790 5034
645 1491
9114 6714
459 5675
8050 6130
8997 4298
6373 284
3985 489
1306 3258
7872 8467
4468 9838
5799 885
2653 6243
8093 5943
5146 5619
5456 9966
1126 5141
1628 6983
6005 3778
9425 3341
2410 7025
4536 7202
8140 4050
6697 8819
7618 2371
153 4415
5921 554
2113 2758
9545 5477
8674 2669
9582 6796
9311 8172
8480 4987
2859 1468
467 4669
3695 6550
9407 6547
9970 7348
8486 1590
6910 4493
7162 215
7805 4476
495 9857
4899 1221
8797 8130
4713 1504
7503 7058
2076 6430
6897 3933
9411 7394
7147 6852
8712 2289
8732 9210
5939 321
6308 5600
950 8570
1104 1928
7332 204
713 5434
8911 3463
3561 503
9957 3807
949 9964
2987 4389
7438 5782
6609 6771
2131 6372
3119 2579
5929 6341
3295 7481
5945 3092
6179 9666
8646 35
9915 1244
7421 9942
7002 2682
9494 5890
5592 329
1281 2975
8818 7923
5657 4075
5242 5726
5033 6724
2472 5779
9832 869
491 9701
8918 1674
9801 3472
3293 9349
8357 7480
7289 1662
6471 8097
5558 943
8366 1581
3640 7765
7361 3939
4258 5627
710 9945
7516 6387
239 8992
482 5754
7378 9810
7632 5839
2185 128
577 7819
6893 5350
2761 8656
4236 5562
2296 6308
7475 1688
4396 9525
1688 2954
5560 7575
3515 1607
7134 979
8725 7558
6411 3590
4924 2297
2041 9340
6387 4244
636 8110
4834 237
9823 8311
9625 7487
4217 4751
5059 6125
4725 7987
354 4737
9109 2811
8994 3940
192 1773
8445 7542
9301 7631
5121 6876
5849 9252
43 5848
6785 2311
6100 8019
8641 1057
8467 6849
9210 433
7540 5105
7927 9120
5541 4485
5831 5153
1077 4648
2056 3574
3226 5892
3736 1011
2846 6138
4276 5267
1479 9380
1031 1004
5329 1263
1291 3659
3878 9333
3674 3324
9810 2050
6298 2148
6511 1013
8051 9806
9715 9689
6400 145
5539 29
3872 5104
2947 4079
4780 7649
9956 2226
6831 6410
9143 30
2108 5543
4157 8244
8986 6995
5247 4677
7267 3754
8326 4641
3265 2377
5699 2896
76 8031
8408 8267
3238 1405
3319 4736
7933 1078
2908 4414
9118 273
5835 4063
5553 386
6180 8260
4193 4767
2444 3644
5451 2000
3252 9303
4676 4769
8841 7190
3446 6140
3685 2654
9560 9576
1267 9668
5745 7001
5364 3424
6050 5629
6051 9186
858 9470
268 6465
591 1811
1161 9244
9147 5018
7843 3364
1509 5615
3356 9081
1807 7162
1993 5685
4440 2600
3289 6972
4640 7976
3599 8139
3304 4447
5555 3707
1346 6318
4389 111
1589 7221
1896 3899
5800 7087
9776 4200
1911 4237
4692 2022
709 2047
2050 8869
1905 5205
7756 3938
5726 2721
2776 5469
5824 9946
6359 3986
4795 4413
5433 6322
1314 338
6213 1749
7371 66
7831 2760
4350 3073
1392 3250
7982 1557
499 5802
2089 861
7471 9373
8081 8592
8984 2265
2063 6687
8009 9135
6860 2208
2812 7815
5998 5241
1636 3077
9930 4928
3618 4041
111 3839
4589 7972
3432 3555
6165 3442
9626 2339
6481 6230
1857 1049
2074 9950
3814 667
8726 2824
4060 8218
9489 3885
8307 8935
7725 7833
6391 4708
6591 584
2502 9538
4248 6418
5355 379
9274 7440
6737 3300
2787 9519
6088 3303
9259 3972
3921 4191
4345 1761
2287 8979
3365 6032
4138 8145
9072 7809
3281 5386
2850 7903
5648 2418
6969 6443
610 1556
1292 8227
9257 2807
2163 8599
6031 6398
8585 356
4764 3592
226 5554
5796 2878
1498 5969
8959 4133
5330 3603
1208 2227
2356 562
9657 3697
6261 2594
4625 6531
8262 9494
2598 9579
5768 7320
6380 9310
575 5780
4518 8779
6972 4426
5610 5411
8922 9992
8557 8491
1593 2808
5913 8400
4422 3186
9755 3017
25 7249
6975 3266
2441 7464
5872 3797
8098 5331
9966 7571
2766 5694
6841 7279
2080 910
5233 9883
5987 4860
5189 8638
2696 8000
6564 4399
4090 6461
9653 717
9120 5336
4074 4116
376 3052
762 5677
9449 1
5431 1990
2662 6666
9535 3178
5728 2601
8771 6832
3572 3948
3250 2137
5514 3660
1396 572
6845 2924
9745 162
7579 8495
8023 2858
4652 7374
7423 8402
9050 5613
3452 831
3375 6173
4089 1051
2856 8985
5668 984
7265 3163
261 7362
5495 6916
3860 7876
5450 2296
2082 6870
8934 5396
525 254
5701 9644
1686 175
4897 853
3055 7773
1125 5752
598 8155
2797 1331
8396 5795
9636 4007
7929 2010
6472 1633
16 5764
7786 3678
1231 9594
6348 2213
2249 4021
5720 6107
1682 746
6250 5463
5990 6436
2227 9618
607 5219
8012 8741
3084 1195
8318 8169
7118 7119
865 3725
3772 1821
7584 4111
9511 2421
2322 4327
4313 920
5608 957
8150 6960
1717 1022
8226 9705
1322 6498
9589 3280
7829 7006
7280 6548
3604 6382
269 6692
6389 2843
5892 6329
6722 1791
9235 2007
6779 611
9937 9156
3974 3973
1588 7597
4177 8152
4308 8337
627 6223
9692 3801
1476 8160
4565 8410
1108 8510
6582 2541
437 4467
8306 358
580 6038
968 3669
3469 1896
3810 3319
6095 9547
67 4273
4376 1919
7847 4030
8344 451
2740 47
5229 1408
324 4927
2640 6134
746 164
9313 8989
4306 9056
9446 6454
2354 7667
3911 1123
2645 3762
498 7340
5089 286
1550 6863
7922 6240
932 3409
860 3187
5319 9572
4528 7118
8003 3007
348 4589
1011 6207
4578 9926
7556 8516
4981 9985
1075 7828
6894 5485
3927 4434
6644 8265
142 3752
3741 5850
3378 9119
5135 9174
8753 4330
178 4647
5642 1546
9131 43
854 1455
883 4930
6317 9394
8230 4455
4643 9223
4982 1853
3421 2157
9584 8593
9294 5774
2596 6367
8651 3294
7767 9708
7136 1948
6169 8205
7410 9685
1176 324
5028 3425
6607 8442
3548 50
5158 5223
4218 475
24 7402
8668 2383
4297 2950
7142 6526
8250 9111
3363 4598
141 5674
9413 1039
7775 5961
473 5311
7406 7073
548 1293
4583 3257
2631 5102
8528 7195
2934 5593
2927 8095
4776 2759
6074 4733
7795 7818
1182 8367
8412 72
54 8555
2786 8774
6154 4532
2454 6791
5909 2971
4164 7042
2795 8234
103 9082
560 3150
222 3366
9345 2107
5956 4623
2238 8405
8879 1349
3863 4463
8201 542
1224 935
2671 8382
3547 3467
1725 5638
5613 4949
350 144
563 292
5286 1594
4573 3134
4470 1210
492 7961
4993 2496
2925 4643
7459 6872
9338 8037
2300 8753
7963 5986
893 6478
8070 6128
8536 8173
379 1116
1159 9407
6856 1442
849 642
5154 693
9092 1687
7004 997
4726 4401
1070 243
7627 6473
1913 2962
1331 2678
9985 6135
7195 8677
5333 7140
3173 3991
7780 5784
1521 6087
335 7469
1235 7128
1652 1280
5601 3578
4121 157
5105 289
2339 5322
1755 7453
4380 8003
4798 131
7236 9495
5735 3626
672 8188
2509 1374
272 6331
1508 7419
2993 6990
3840 8943
815 5401
7447 5365
7722 8673
8618 5388
9206 8522
2468 5207
1503 907
286 9282
8442 4361
9531 5533
589 5898
4028 2716
1969 3502
1066 5701
1833 5734
1151 5186
8535 7882
4156 780
7908 9798
3611 8444
8116 4489
4108 4162
2158 4084
7595 629
6272 1308
5670 7412
4994 4549
4049 6691
5211 8581
2734 3159
3149 4557
5830 7172
2937 1716
4393 1692
9134 9487
360 4187
2303 7015
1014 6789
6911 8119
7341 8159
2711 5776
7388 1428
6158 5913
4997 656
278 3711
1879 5225
246 4499
3260 9443
7738 5789
5686 464
5065 8274
8874 7750
8193 6682
8105 1394
8021 737
5674 8918
6890 2917
5774 2025
3195 7576
9989 612
289 835
8213 9776
45 9177
2730 2957
3318 8171
8185 863
6464 5326
6920 7211
4150 6936
8390 3715
982 168
9747 1952
4637 9115
1473 3314
1050 9068
4727 2358
7234 1884
10 9790
1956 5606
5492 5999
8475 497
9445 3421
3954 7530
6151 1578
2939 5053
757 3562
8877 1601
4554 25
6300 536
1493 1235
9350 2708
6563 8391
8820 2787
9236 3544
2708 6825
7763 17
8974 4560
4247 7661
5565 5524
972 4172
7202 1839
4332 1625
5047 2211
4320 5906
4127 2239
6702 9696
3162 3308
2460 7028
5240 2615
8987 9975
8190 3917
3906 5062
1567 7500
8790 5815
3261 3489
2531 8212
7441 7002
2637 3423
6638 1731
4709 887
4375 3900
3501 3361
4876 4043
6420 6103
6047 4509
8428 134
9518 3199
5880 6513
1364 7309
9562 4886
4047 4857
4503 9641
5405 3192
7992 4558
1348 8332
8968 3006
6148 6150
863 9499
7987 1911
5478 7111
1394 2202
2026 3349
570 7062
2896 5354
2276 4671
987 2439
9339 8790
2757 6215
4860 3292
3185 9021
7128 2174
4887 8652
4715 3212
8163 5632
684 255
4205 4505
7275 2535
1004 3918
3063 553
1692 6681
9284 9995
9052 9178
3264 1783
9642 3674
7244 1868
4559 2714
7413 2964
2093 9623
1219 5982
8358 4779
8000 8254
1092 796
64 9416
1886 3013
6512 8986
4245 7077
4943 1000
9055 6277
9758 2884
3287 5307
364 8678
6621 5181
5145 735
8549 6957
2840 1715
1731 2724
1146 7845
171 7413
1087 5139
5223 1627
7798 973
1564 5108
2142 3026
7593 3438
4323 9467
9071 3724
740 8517
5898 4439
6280 8340
6229 8086
9721 9321
2244 8987
5408 6651
2521 4517
5677 4033
7603 8184
3554 5027
69 116
2755 4946
3117 639
8126 4942
5015 812
1893 283
5435 8539
1712 1541
8416 7306
1329 8991
9386 1871
7028 4016
6055 7975
3391 2869
6254 9842
3683 1987
9631 707
2657 3119
2583 7910
5585 3176
480 7943
8737 7657
5683 8081
3449 7534
5709 1803
7875 1173
7127 1813
1482 1169
4482 4328
3794 6845
1552 1513
5112 967
8184 108
1690 5829
4511 8417
9469 5010
7889 9720
8702 1942
8660 4541
7877 7174
2291 2529
8279 1316
3417 1540
4946 2937
4547 5222
5951 6996
4771 214
7254 5016
9724 3378
4772 8085
6491 2530
3222 95
8626 4633
5379 2551
387 6858
1932 8309
5305 8496
8413 9132
2104 3985
4383 833
426 3370
8300 1498
6266 4747
7392 60
520 6446
6500 9920
1251 6746
6506 4543
5750 684
5797 3664
3934 8925
3697 1656
3708 3869
6570 9697
1689 983
9401 9358
6666 3971
4985 1025
5771 5877
6369 8624
8373 7516
8448 3833
1899 9976
7156 8229
1277 7784
9761 9783
9454 6390
3190 312
1861 9173
2195 2201
3038 421
2011 3345
6140 2327
9827 6053
6 3048
8251 9714
1596 2939
8211 2438
3366 7242
6361 1573
5869 3766
7354 1320
681 6108
2593 1764
9578 9532
6626 6740
7610 3755
7912 6131
4051 6939
3309 5918
3109 2026
4967 5248
6302 8768
2826 4761
4560 8414
1363 9505
5715 9854
2698 9034
7886 9017
3480 7191
6023 9932
2489 2629
4473 7939
5282 701
509 688
6137 2373
1897 9755
3765 4759
4224 4337
5303 6738
9156 1913
9995 2176
7266 3031
1091 4204
5014 618
7726 4896
6668 8608
6716 6214
3074 9133
8982 231
3270 739
7427 5117
8678 236
9687 5301
3650 4436
5827 1363
8858 6063
1433 8792
5780 5970
3546 8867
6619 3811
7917 7546
8255 8988
3634 9615
7463 4284
1299 6978
3575 6232
941 1127
8833 7725
267 9732
7957 3539
8603 2235
4941 9278
5834 3990
2182 7370
6196 4138
6954 4288
2071 7136
1774 9447
5043 2942
1983 9216
6799 6481
5663 3146
4539 6491
154 4603
5452 9106
2033 2162
6904 1226
4429 3453
1997 9648
4582 1351
1980 7244
8581 8390
5485 7489
1352 2300
8042 8199
9356 6499
7777 7043
212 1161
3169 6700
5814 8089
2417 2511
8229 7550
3667 9585
6663 6381
1929 1482
3848 5230
4271 5651
8088 104
9842 8276
5398 290
5519 9378
3478 161
8680 8494
6862 9981
1580 2661
2493 5101
6518 559
5967 1372
622 1171
4439 7051
9853 2346
2547 8671
7612 8302
4996 7922
5119 6421
549 2131
4796 1246
5025 1645
4281 8447
6364 2128
5888 3716
2644 6198
6476 5078
7138 7896
1638 9724
1296 5904
8322 8566
2130 498
8813 9924
7216 8388
6569 7721
274 7573
6830 4331
230 851
2905 6388
8778 7770
8283 1211
7804 1187
725 6452
4621 8273
3057 945
3118 6013
8513 8533
8865 3160
2313 4891
1938 894
8708 1851
5984 1425
4115 5314
5174 876
7399 1496
497 5021
4679 7628
8516 22
8026 7017
6346 827
3690 2485
3280 4580
5645 2033
6807 8709
5144 1714
9224 250
3415 3704
1644 3279
8422 2155
3489 3686
9138 7692
8379 2448
135 4037
1970 55
7092 1660
664 1134
7251 9425
9614 4569
6689 2996
1477 2548
7949 7488
9215 2480
2972 521
9521 5220
7215 6517
7029 8297
9656 1406
2274 5585
7931 1620
8246 2883
9933 5110
5275 5666
5243 8778
4964 411
2338 9145
9773 7892
9319 9766
5291 3105
5308 1981
2877 4299
5786 1079
3364 8558
7710 4784
9149 3510
5416 3096
8214 2479
7882 1486
9196 9711
4523 7150
6896 4159
3664 8810
2233 9502
3468 6645
3748 7766
9820 9370
6581 8296
7988 1464
2674 1112
4178 655
5859 5909
5289 6204
4674 5553
164 9957
8378 2513
8074 5874
8310 9401
8459 9917
3528 1510
4069 6794
8348 5449
4291 439
3762 4584
5122 320
8518 2477
196 9953
3284 8628
3279 3777
3354 5251
9576 9827
2785 7235
453 9972
1877 7445
4022 6178
6297 9109
4280 3795
9296 5001
1619 5395
1931 3764
7732 3311
5760 5641
716 3698
8446 5333
4026 9737
3323 4391
4381 9093
5120 8894
7231 7095
529 5709
475 4104
9121 8126
6813 335
6393 9580
5324 1492
2985 7632
6006 106
2830 6194
3200 7122
2297 6081
5916 4101
4603 3832
9760 5699
9988 3841
2280 1634
7211 4799
8320 4395
6205 8565
5934 9479
545 2219
8272 5870
7018 6136
9610 2312
3530 2460
2392 1663
8568 8736
9705 1830
1982 4196
7093 6066
7935 4074
8227 6495
3702 1384
5161 2796
7873 2920
2039 6114
4442 5431
2281 5064
3467 9616
8212 7700
6454 5500
6487 6567
4282 73
7428 6961
9792 6920
8716 6704
7788 919
1995 7918
1566 1901
4199 9456
3381 1289
6203 8865
2727 4242
7060 4002
2691 2290
2900 7529
1269 3072
9106 7457
5884 4911
6168 4346
7239 2301
5938 1287
6942 875
9002 6608
2133 38
8119 9184
7828 7699
8181 9322
5182 7259
8025 5245
3201 9292
7336 3627
637 5925
3003 4019
9963 4807
6919 3947
2331 9496
1965 23
5092 9784
4751 5023
5503 3614
8973 520
3928 6842
1326 1727
7565 282
5893 1378
4647 5216
3298 7349
9363 4448
1902 9002
8774 6120
3184 1472
6895 9231
1524 1214
726 8106
6260 8635
4537 2523
8722 2368
8371 575
8079 1870
4257 7307
1090 5942
8830 3133
7383 2468
7580 305
5575 5775
6509 5015
656 1794
1811 2977
5790 1019
8556 3429
3041 9355
5807 8745
371 1352
6740 6840
366 4093
3586 4098
3228 8271
7740 9025
4913 4221
682 288
8563 4620
4933 8399
1134 4458
5889 344
5506 2218
9293 8177
3518 5420
3423 1034
9585 1250
2348 4817
9897 5733
5819 6193
6669 268
378 2310
8767 24
48 3149
4037 9440
5604 2880
2311 1194
3841 2175
2473 2287
3262 5589
7582 427
329 4134
2728 9267
2525 6748
221 9611
9431 3883
1826 4773
6325 6403
6084 4755
583 8591
4791 9476
4819 9530
1371 1879
1645 6988
1117 6770
4154 8132
3837 3735
1374 5459
5697 3622
7626 546
8485 7599
2013 3062
5688 5089
7880 1746
3163 8937
109 6089
9152 5474
3176 4205
6760 9072
5235 1521
1195 2291
2907 87
6022 819
4717 6
4697 2335
1034 5259
1332 9620
5676 1412
2628 9787
1727 1548
5306 5688
7219 8576
4693 7787
2345 5095
3570 2521
7501 1253
8474 2647
6651 3535
1685 5716
9405 786
4131 5008
9550 3198
2872 6377
8560 7416
4538 1416
9859 586
1565 5114
175 8578
4811 5706
9179 9218
2682 3886
5958 2138
202 5498
9102 7994
1609 9296
2517 1297
9018 664
6540 2879
7287 9516
5201 8668
8259 6029
9042 9734
7411 5628
1660 1414
4347 8730
2576 6155
5494 6075
3431 9835
9434 2664
554 4659
5078 393
9894 246
7250 551
3061 1230
7518 8802
6307 8744
2958 7560
1384 8262
4695 9297
8187 5218
6812 2488
8930 6100
7490 9204
4579 127
2992 1153
592 6145
5328 5421
3645 8192
2669 4756
3206 9124
4073 3386
1063 2021
403 280
3224 4257
3879 2126
6142 2186
9682 7
7417 2596
8724 6625
6503 2199
4646 4859
6596 8715
238 9098
3306 3302
4954 2838
3682 5642
7609 4902
6970 8627
9125 5860
3017 7799
5635 8722
6353 3925
2453 740
3822 2204
5266 8401
8792 4226
1113 46
1649 7432
2855 7400
9160 1371
5193 2616
5070 5129
8174 9208
7790 8338
4356 9040
8456 6584
5260 5668
2170 4956
88 775
1851 4941
1549 9851
3479 5346
2904 3164
1749 3028
3115 2663
7784 4894
9863 2184
7375 1138
7672 1357
3538 4625
3010 4820
3376 1015
8838 3782
2186 2299
3146 2242
6089 9490
251 6788
2199 9469
2007 7651
5561 695
7607 6237
8156 8636
3436 5409
2451 837
8659 9586
4950 1113
60 7774
5001 1332
390 1264
6063 1411
6687 4636
3750 7446
2324 8834
514 9676
204 414
6767 6730
7148 2910
9287 2471
7974 5180
9172 9289
3120 5757
8720 142
6160 830
3090 8140
4781 9785
6045 720
7868 259
2289 3018
8758 2825
1259 1877
1347 2139
5537 2806
5665 8436
5036 7839
4916 4336
7942 6385
3768 1763
2242 1642
9596 9117
4599 3978
6735 8115
4140 8520
4194 2552
6742 179
1803 5194
8670 2860
8970 1798
188 9059
3658 6505
2264 9801
1594 6661
4824 6953
994 1451
956 7486
4201 9087
8751 5509
1236 4788
8363 54
9385 6976
8814 135
5118 6758
6327 9179
3392 8816
4627 2557
3161 8366
7499 7131
747 6301
2145 1026
7715 9101
3970 814
2695 5237
9089 5879
9451 62
8084 4624
5687 5908
7349 6374
2419 765
9571 1966
4721 8418
7050 7129
9569 1072
4874 5876
3884 8363
7173 4602
490 9682
3453 7984
7955 5684
9733 3088
7446 9200
1942 4540
6536 1895
7249 3847
2614 8427
7522 9545
1181 1094
9948 7513
9990 1789
9220 7345
1927 2231
333 8373
7622 5505
3394 769
3627 4877
4052 4018
6703 7847
7229 3097
7671 696
1704 9934
998 1507
4363 5929
5160 1991
7262 8815
1568 8221
5401 5464
6851 449
6802 9086
78 7408
8592 9104
7051 8341
4249 2781
2762 5715
4889 6011
3932 5516
5252 3761
7650 3784
912 6274
7091 110
3276 9108
2141 2216
2160 8286
8578 4420
1988 4344
2084 6888
9854 3516
9310 4551
3635 394
118 4873
5472 2370
9085 3142
7704 9631
7919 7169
7668 1755
4087 7777
6374 9134
7129 8859
7445 2688
6623 1159
8397 1074
5067 2384
1964 9703
8723 2706
1386 1623
8086 3747
9399 3347
4631 8154
5782 5614
2512 2273
3483 178
524 5236
6539 4262
4364 3831
218 6703
1423 2443
1444 2097
7384 6515
7507 380
3491 2307
7834 370
2984 8868
6366 7465
1280 3775
5349 7983
311 9245
3626 4595
7531 8325
8948 6480
3630 5735
3075 2923
8118 1704
55 1969
4358 5952
3913 1583
299 8315
869 721
4211 1751
615 2624
507 2829
1672 8546
12 3556
5302 3024
4003 8407
9360 5689
4145 9353
5932 3588
3802 4592
9506 7507
1967 3596
4886 1440
8576 8133
7881 9669
9785 3974
4300 3431
7 3087
4786 6851
5599 6045
1763 2190
4023 6862
7369 5837
5637 7929
1171 2067
2918 582
4212 3123
4415 9327
4367 9125
7066 8956
7696 4052
3615 5670
842 8023
2212 4935
5038 3995
3923 5328
8424 9730
9460 2577
4880 1702
9115 8087
5817 702
1082 9767
2126 1837
9327 555
6024 437
6291 2118
7551 8002
3769 8951
3121 1261
9900 7647
3104 2698
9266 1626
5032 4483
5236 5768
3051 8640
4532 7588
5671 5050
434 7688
3193 2639
7546 1381
7563 1024
9025 9526
759 5479
5823 5340
9486 8707
8747 7114
9641 7240
6175 2101
9450 6384
8380 9424
7865 1648
7038 8682
830 9892
2377 416
8056 227
2553 9180
9806 309
9182 7794
9447 5625
6190 7378
5088 5202
5227 6861
1989 4402
2781 7655
5840 9413
1710 6206
5164 1639
6839 3993
7613 9084
5301 6077
3556 8131
174 8746
3240 3183
4909 9899
5068 2512
1659 2469
3644 4208
558 8695
661 5972
6720 7204
5894 1038
4769 8896
8600 9165
3904 936
4507 1062
7932 7557
8439 2034
5476 4260
4416 6434
3660 4578
7578 5545
8654 2611
5680 3599
1680 6226
7174 6636
7045 9030
5778 9359
1539 657
6125 7429
4038 5414
3723 8193
358 5159
8002 6934
9104 3830
1065 115
3767 6156
7638 8011
6407 7844
4581 3882
34 834
4925 6472
8779 21
6648 4155
4413 3410
6736 481
6675 5965
8245 3015
8256 9342
4220 7342
4487 2482
9197 7439
9478 3239
2901 8713
8802 552
4884 2934
4975 7745
1222 8873
6725 5556
4035 8014
1283 295
6246 1376
1673 4190
2618 1197
3373 9281
2646 2861
2416 8187
1186 8515
9934 4452
1127 9191
7085 6470
3033 8747
4733 2205
9395 1643
8762 5630
7224 4594
8694 2053
8158 1023
4233 3806
5395 148
6677 3270
3137 1276
5008 5242
6126 3675
885 9126
7043 8331
8343 5304
73 3127
6814 583
832 6772
3692 4725
4875 7889
1174 6979
2396 480
3025 8224
74 6447
3989 1107
415 3683
6519 9395
6541 8796
4633 8604
1255 373
9696 5252
2794 535
1157 3726
7257 8615
2902 4213
9709 2652
7743 8818
4865 977
293 1304
8478 5373
9912 6963
5297 7971
2382 6000
3147 8412
173 12
9676 8719
4296 6618
5473 4108
6909 5281
4723 126
4974 9374
1635 9812
1592 5660
5569 3047
1428 6424
5903 5475
8130 7361
6825 2224
3605 1936
2058 7141
515 8225
2938 7093
9171 465
3997 9799
4360 360
8977 9113
2449 1457
8240 152
2597 8162
6951 1176
2690 1996
3322 1848
5705 7514
21 4139
4092 5097
8336 2271
8036 7461
1187 5209
536 6391
8323 2614
7186 3375
9536 220
3536 3474
2608 6167
2265 8068
3093 4716
9568 3861
1308 2785
754 7772
7535 8378
1112 4178
8225 2560
317 5256
3553 1904
1093 9670
9537 7836
1823 2805
4576 3987
3568 7602
8044 9312
6566 5296
8985 466
7665 5631
8910 5826
4167 9717
1015 7868
6009 6296
3188 8962
6107 1678
2333 3416
4204 9251
5162 9410
9707 7160
4445 8017
9418 3763
8588 7715
1137 8278
926 2029
2286 2304
5692 3794
6608 7820
811 6327
6898 6397
2467 4254
2561 8975
5949 1630
9230 2673
3733 5407
3278 1373
1812 68
1102 8857
4270 8936
3687 4270
448 7682
1747 6867
3153 3843
7159 4803
3795 6110
9979 4443
2731 5445
460 4982
5695 3090
9698 4062
7016 6017
2059 636
5520 9534
5058 2450
626 3958
6843 8959
8471 3208
8864 7406
5367 8651
9362 1030
4070 4487
5825 7608
8224 6928
662 7756
7011 1637
3505 1192
9789 7672
8368 9542
3971 1506
2981 1703
5974 544
6516 9323
9208 2278
8604 3310
9998 3359
9471 9386
2524 5349
8387 6466
9907 2589
2982 2853
1143 8046
1859 9743
9410 1655
5836 4115
8151 9852
66 6052
5424 5239
8775 3685
4319 3306
9772 5698
7034 3587
3770 9146
5508 8317
669 8499
938 4097
7187 4821
6119 490
8330 7027
4483 8420
4301 4688
9353 3814
3688 5931
1244 9248
4433 7793
6672 7679
4945 1906
3744 549
2891 1273
6741 4890
7181 9235
2756 9420
7904 7555
9099 8614
4638 1202
9199 2946
2676 5792
2330 8561
763 5633
3881 4112
2841 7946
9242 4231
4734 9497
2702 7255
3170 2088
7757 9753
3665 3358
2119 3432
5081 3209
974 2963
2187 9285
5304 2533
687 6642
8221 3684
7642 4423
3485 6321
6805 3265
2069 8508
4636 728
6849 8458
6017 7304
8068 2966
1585 1980
1962 4071
3752 3586
1000 2353
5249 9076
4260 3322
6172 8783
7044 4529
1949 9097
327 7151
5548 7359
5094 3236
3331 4575
7716 3331
6188 4520
9742 5914
6873 5530
3316 6133
4290 412
2031 1828
5988 1140
6339 2953
3068 9575
9756 2765
133 8371
5139 2802
9004 7581
8530 5561
3843 6632
1708 9468
8209 2382
3778 5717
2660 5042
3940 172
1623 698
5502 630
496 5269
6449 6351
6459 5817
4341 6968
2544 5347
8621 114
51 8111
282 1345
9944 2263
5544 1044
9719 2679
8785 9622
320 9802
9326 9864
7024 6596
1775 8492
9702 5024
155 3249
3157 7533
6784 4963
9059 7832
4879 4496
3255 7851
6001 4065
9423 1838
7298 2122
9873 2854
2116 8222
104 4838
8735 5051
5754 4562
5694 6633
5482 4166
5965 4383
2114 4906
5600 9504
8444 44
5396 2738
6418 3136
564 3909
4343 9364
5713 1549
7071 7385
6809 2410
9662 9253
2402 7680
9265 1863
5895 1603
7981 8803
1373 9384
4083 6659
8937 1780
2574 991
8200 6174
7139 7598
8038 4232
46 982
2768 6674
3136 884
1453 9112
5605 5391
42 9213
9252 8630
1944 2422
1494 9041
6466 9091
225 4844
8849 5513
8006 2586
8689 235
5397 378
3980 5436
7577 6569
7321 5959
6109 8666
301 3084
9124 8653
1694 3276
5404 3719
4704 13
8924 1686
19 2927
7536 8146
5769 5587
2718 6793
413 7926
2073 7105
5108 9881
7158 4430
2991 4889
6780 5084
7019 2635
9183 9914
8296 2472
7568 7701
5606 7605
2737 8884
1855 6994
1919 4839
7794 6546
5629 1427
5026 3580
170 5370
4190 4258
1492 4764
474 1889
20 351
1045 8944
9558 1831
3643 7660
3711 4392
7959 6236
9604 1520
1662 3316
7705 7891
5820 4147
6376 1395
4556 5719
5394 8711
3534 2928
6134 4804
6201 1939
4078 408
647 1988
4859 2833
8247 8503
6821 7363
9605 6948
5069 7732
8420 2595
1787 1860
668 6332
362 808
8805 4307
1119 7603
2887 7368
9195 3327
4569 6803
4911 7734
1213 8882
7832 3054
3345 1151
5350 2626
3416 4312
1953 8069
9903 9539
9533 8437
9764 1114
4741 6613
2079 9195
1841 7966
5805 3694
2625 3591
9648 2936
2789 2783
4666 3655
4642 7890
7978 5203
3880 1930
9750 5380
8598 4990
3576 4914
2036 3668
3965 8250
5751 1257
4707 9940
9577 3760
2081 5893
483 4574
9597 5292
4765 6869
9710 2149
7255 638
1748 4397
8219 4406
1153 1691
5020 7011
7339 6356
9091 8518
6451 7899
2793 9400
59 7390
1318 2823
3915 9181
9532 9379
5970 153
5946 1128
5653 8343
579 9939
4192 615
814 3890
6549 1189
341 397
9226 3855
180 8498
9176 1888
316 3864
140 2827
8319 6309
861 9573
5702 2440
3734 8765
8655 4469
2643 9153
5231 2972
758 6314
7183 5439
7393 3825
5852 8513
1648 2767
7586 2625
617 3335
1110 7930
5658 6728
8367 5299
3078 8694
3301 3607
9119 4287
3964 9422
4431 7512
3600 3487
2988 2590
2283 5559
1166 1855
4542 9000
1985 3459
9608 1234
8893 5612
8360 1732
4377 8637
7572 3691
7403 2119
6066 6057
5011 3040
15 4176
6073 8078
2678 3565
9711 3642
633 674
3073 8167
6028 4683
2799 418
3531 889
1268 9568
1526 1892
1722 7948
5943 5140
3877 5703
4533 8101
422 1370
6304 1631
8514 6201
3336 2308
9893 8255
983 3702
5748 3301
2948 6785
3470 6812
6447 2998
6561 8290
2747 2554
6586 5569
1506 3753
6866 8642
3236 1199
7698 5211
9902 6913
2504 4412
1338 1924
3976 7565
4731 1743
707 6541
2616 4582
8787 6074
9391 8970
8082 2461
2255 6188
1519 1659
4086 7626
3939 4741
2139 6950
4529 88
8325 4515
7628 9018
7980 5002
7408 3636
6278 5335
8288 2258
1211 2286
6192 6026
1507 2152
4956 6196
6035 6600
7285 5033
2897 2645
5332 3030
1234 6101
547 1638
1300 9858
939 4715
5000 1466
6146 192
4034 975
5679 7620
2808 580
8264 9298
6235 78
4779 4966
1278 9561
5593 2055
4540 9523
3359 7962
6311 7214
4143 9930
3332 8856
2478 307
539 3798
9359 9900
8573 2794
374 4745
2349 2676
7294 4362
2092 8136
3549 8258
7065 2892
3953 7134
8523 2906
6243 8995
5365 6736
1889 7492
4872 7180
6416 405
995 8924
8583 7537
774 2640
6026 9338
290 9224
5281 8294
1643 6882
9477 692
1923 7428
2679 7606
5975 999
540 3789
2168 2325
6256 9421
1239 6583
8916 2431
7133 3826
9097 7201
7453 3527
1699 1105
9570 7567
9303 7010
7075 671
8589 1383
9178 1167
3425 1104
294 4771
2025 8308
8856 8246
94 118
993 9958
841 9343
735 9058
9225 5334
6281 7066
9174 5473
5802 8455
9110 8663
9048 4701
7512 6343
3196 4025
836 8380
3070 6705
7217 4933
1016 3460
6527 1089
8284 2938
7648 6786
9397 5859
5812 9686
1052 8203
2332 9397
9950 6507
942 2870
4648 2197
9598 1344
307 8963
5691 2333
4334 7415
703 8893
5423 7283
5926 8831
3245 8729
4522 6467
5700 3407
9735 8161
7112 5741
3625 8544
886 7404
4062 5882
1516 2324
6949 7364
1410 6931
3389 7865
9021 1569
8316 7669
7504 9211
924 1970
6153 1592
9317 1579
1330 4494
741 4969
587 2093
6641 4385
4385 6216
9699 6918
7944 9849
5274 9955
1885 8509
9504 4975
3441 1841
1499 9518
7664 2323
7194 7999
9219 5341
6758 6016
431 496
2309 2582
148 6375
4374 6197
9539 7919
1966 9792
5256 9431
5576 83
3490 5353
4920 2279
6277 143
9540 4329
9111 1467
3299 2621
4566 9182
2426 6525
4755 7459
3253 543
9422 2800
7113 3575
3891 6924
3596 6940
3875 384
4146 599
5621 2364
9748 7566
6103 9845
3746 7615
4456 1941
7962 7137
5673 5873
6694 3884
1754 5940
3324 8312
4046 9902
3312 5300
6219 8562
1650 2657
4517 6830
4935 8897
2706 4926
4955 3905
7199 3875
4931 182
3398 5920
6567 2024
3587 3019
6441 4609
7314 1894
8772 9508
4155 6015
7811 7108
1368 2585
5644 8335
1800 2434
4361 8811
4137 1014
948 1009
9315 7157
7964 6523
8152 949
2858 58
748 1997
5536 9916
2725 5106
9158 6962
6618 541
4808 9706
2362 757
796 5844
3946 4094
1612 9088
3285 7511
1777 1448
1799 5624
5204 9
6437 4960
206 446
7212 5869
4681 4127
5062 5224
6044 7927
9945 2744
9798 7391
8024 7618
2817 2637
4788 7485
8746 94
9307 7707
6544 4492
2016 3289
8386 1923
44 8932
9992 2435
2306 866
4614 8839
8146 3635
918 9437
3836 1061
3411 3595
2457 510
6318 7372
2183 3262
5097 6733
1843 3098
7620 4027
1242 5640
2813 3480
1814 6739
4622 3689
288 352
3094 2613
7575 1806
588 4681
2072 7443
6639 2428
761 9196
3433 90
800 9158
2532 3296
816 9963
4669 8710
1357 8799
7347 3282
5441 1547
13 1100
6495 5398
6652 1419
7783 8189
738 7825
9875 1844
4084 6022
8280 5285
3938 847
2603 3151
9729 8501
7090 5088
258 545
2758 2015
9794 387
3839 9748
3520 6553
6867 9531
9804 2810
511 4367
220 7804
4951 3466
2541 6046
3141 191
1867 5046
4219 2360
3474 7549
7997 1422
9028 8564
2352 5199
3283 7399
4309 5196
2950 3399
1863 348
6937 9462
5171 6932
9931 9236
6688 5329
8466 962
6759 6113
6844 4719
2701 6396
7581 2772
6106 1694
9400 5947
8148 2407
6964 4734
3227 9591
4969 8547
3535 2100
5172 7076
3597 2718
6232 6362
6384 6761
6864 1029
2236 4099
6829 2475
6585 4080
5738 2486
9480 870
356 4475
9133 9328
1834 7284
3590 8356
8905 482
850 2519
5622 8589
9646 9319
4453 3604
3294 2091
9367 9411
6625 2048
1381 3122
8672 1168
8896 2326
805 7115
7539 7915
186 8117
7149 6072
2023 4680
6479 3043
8835 1220
7689 8534
5907 7233
8755 2172
7104 7021
4632 6981
6913 9287
6170 9096
782 4853
4804 9709
7863 6675
1607 9193
9738 9603
621 6304
6450 2041
1488 6336
5157 9128
9856 8632
2044 424
4165 4526
2864 8854
3598 4109
8870 7717
9503 8446
8727 5987
2692 4650
9402 3581
9204 3321
4436 1804
4378 5996
6556 6168
347 5617
6290 7527
4938 5317
4500 2207
3722 5316
9216 8777
2002 5573
7971 4321
602 4516
2865 5655
1350 6777
1317 3185
1730 3174
9974 2891
1723 1621
5935 6593
9234 4408
5500 6970
9336 3605
7337 6877
5103 5507
8204 6177
8265 2062
264 3937
8832 1260
715 2350
8142 4727
6789 6050
5225 2775
6947 9187
3920 2795
8587 964
8215 3135
5115 5375
3507 6147
32 2727
481 2553
568 1999
5216 2653
5931 1959
3942 531
9023 6463
3977 3519
262 9795
9843 6036
9151 1561
9432 3070
5012 4066
8065 365
937 2284
3349 330
3646 1277
6827 9346
821 8440
6571 3819
7782 7532
1884 7936
1241 7295
4922 7117
6628 3617
8011 218
3215 6910
3870 6065
9169 1914
3444 7779
5504 789
8285 8588
8109 4616
4524 1745
7760 7830
1036 4829
3494 3369
2445 2538
1852 5188
1419 1178
1758 856
5775 5930
5499 2498
7072 2680
7653 7759
2516 3471
5176 6655
5003 7800
9369 9581
2784 9608
4961 6719
2639 5374
7373 9311
5052 7379
7152 1119
6915 2821
8591 8413
2090 8310
6112 5916
1287 9672
1160 3515
8696 9455
3986 1096
7132 9217
9971 8998
6485 3353
9908 608
1333 1338
5986 4488
9574 718
284 6354
7401 751
9177 3330
2241 5440
5865 3646
5672 6949
5963 4878
6533 4608
5717 9264
9453 1001
1520 2473
9043 8502
8681 8908
3828 6783
3241 2948
3171 383
7952 7627
1887 368
6869 8304
450 1294
1674 2098
8365 4782
943 5592
4263 4177
9543 8582
8473 3414
5129 5534
5337 5808
4546 2191
6665 6539
3902 9138
2323 1647
6754 9962
3956 474
4848 5355
8682 750
8111 8771
895 2282
6546 8798
2952 7470
6131 8041
2980 6836
8203 2899
9038 8292
6090 2686
2363 8404
7729 1995
3982 9432
1061 761
3379 1216
8407 8076
6565 2276
9277 2753
5480 3131
4114 3963
9465 6116
4158 2599
7059 2462
322 7601
451 5872
3851 3931
1339 1170
3585 7767
4840 4431
1422 5423
6715 1876
1398 6402
9145 1291
7486 229
8736 8220
9497 6090
5383 9551
6891 264
2215 4968
9841 9444
7290 3665
1868 9409
2266 7450
5417 2491
8388 6003
927 75
6667 1944
9602 5813
5064 1514
6071 528
4930 4693
3484 8773
9332 1434
7227 5154
4331 9435
8398 3222
9861 2876
9074 1883
8942 1738
5971 8941
7871 1544
7693 3901
6159 4775
6944 6747
9955 6725
3208 804
3385 8361
5407 3606
6522 221
3239 5496
1578 7623
6477 9658
9720 5297
2035 6521
5327 9779
4230 3251
1757 2689
9222 7621
5459 8287
7154 3969
5425 5000
5711 990
3048 4834
9552 1881
9068 8457
5336 1994
6288 4770
2990 8654
2220 2456
6177 4912
8903 924
5982 6269
3669 909
9674 7769
355 1436
2353 299
6650 3082
5339 3517
6940 4917
1501 6291
4259 5636
3796 9009
8235 4613
4197 8862
8048 1974
6521 9227
6483 9665
1553 6222
5793 5226
5004 4403
2651 4478
6826 3206
3496 842
1341 1938
2298 1565
753 9967
9929 363
9942 8846
8208 2609
6206 2506
6093 1227
8097 8675
6211 2501
6670 4542
3936 1770
2697 5382
9672 6650
4272 1983
6520 3936
9726 6588
273 6805
751 4
2537 147
1249 5190
5419 8996
4370 376
84 4932
7345 8899
5682 6967
2459 505
9694 7261
1446 8575
1614 7358
4958 7030
2388 2556
61 9207
2726 9078
4498 9357
1676 653
4007 4931
9770 1081
5855 4591
755 2232
2526 9746
9983 4842
7857 5548
2550 7630
5287 3263
1284 2915
7210 9011
5708 4319
300 2668
1401 3357
6928 2237
6053 245
8338 6058
8248 1479
3132 6557
4959 6592
3555 9003
3890 9905
3868 183
7734 1106
4274 8966
6462 8281
340 2651
5148 6025
6474 4267
4432 6438
3106 2729
2179 5467
1517 7013
7562 6831
9324 8170
3334 1866
527 7241
7547 3050
159 1845
8037 8359
5018 4199
957 1898
2123 2606
3998 2415
846 7852
7747 5054
6099 3924
8975 4712
1461 5369
6603 6469
184 8530
4171 3966
5498 1564
6101 6545
6914 6765
8768 8717
8289 3729
5246 644
1972 9152
4349 263
7017 1829
8123 5112
5468 3430
1922 6254
1667 9102
4821 537
9845 7223
2471 6676
6772 200
5387 6083
3066 2564
3771 566
8027 1664
7907 7065
6162 2102
6458 9936
9167 36
2034 219
5843 2993
1165 951
3154 9107
9384 8394
5314 2646
2008 6998
9155 3750
674 9559
6699 5661
7861 4922
6685 6117
359 1251
4758 5912
8636 7000
1007 9092
5168 4222
3966 1388
8763 8945
7485 7950
1771 345
5972 8147
7496 4189
6997 3385
7053 48
9780 9533
3624 3672
3344 7333
6456 5377
1891 3240
7218 9396
5293 3727
4587 1093
4210 2277
3847 2385
5890 2773
4748 4118
3399 733
6470 8692
6263 633
134 2236
2534 1713
1302 5150
3123 79
8815 5162
8564 2181
2687 6696
6986 8556
1760 1424
3783 3022
8199 8142
3248 2409
2971 4866
8613 8858
7700 5756
9075 4749
9551 5093
3412 2369
5109 803
5803 1266
2751 5681
6637 7508
6568 5762
7264 2570
660 1458
5851 7698
3367 9302
1261 6537
3461 3016
9231 8441
6223 7747
7151 8230
7014 9870
9239 1497
4736 6426
1740 1056
9727 2345
2053 3318
4623 7973
2384 4888
5346 9466
4094 9974
7396 5462
7042 5751
9186 5379
3883 4206
644 5958
3112 8067
9890 3226
9054 6028
8479 2520
578 3860
6078 7654
4575 4313
8947 4374
5080 3379
8718 3277
1295 1083
1801 6769
5219 5085
9396 8434
9884 3557
2018 7182
2546 9521
2003 6999
9649 4728
3859 614
648 9010
8033 9543
8362 1920
6739 1795
8166 1567
1829 3207
6282 5571
877 1765
1451 6900
859 8543
2087 5843
3653 7859
7986 8252
1124 7553
7878 1836
4595 596
7585 3454
697 8445
8715 49
6593 7384
3384 7256
8020 2510
2277 5738
1600 4322
3085 3892
6085 4705
7856 499
8400 4119
253 8930
7203 9254
2261 4000
9757 6059
8136 4368
4314 2426
3738 941
2530 8781
5321 1215
7745 8964
7771 9536
1097 1348
1048 382
9448 4790
9678 3720
2929 3328
5376 1596
4255 3808
6600 9001
5072 2306
4411 6285
7879 1319
6634 2182
3999 7988
5335 9652
4519 3645
107 972
9482 8052
8956 9983
1862 6648
4549 1443
1054 2380
5443 6773
6993 8619
3166 1198
6497 5650
824 1935
1866 7722
5493 4855
8482 5724
1828 9624
5915 8236
346 3525
1439 1262
4541 918
7733 1322
9793 8419
5276 8396
3855 3836
537 2099
3686 2812
8337 9221
7928 7728
4120 1516
6578 8684
3327 7898
1389 4445
6494 9913
3237 8551
2428 7427
6905 7835
1785 944
5871 4318
1198 522
3558 3897
6880 9352
4561 9773
2075 2633
6510 1063
9606 6483
7791 2037
8060 5410
2271 7008
5264 3921
6681 1717
1105 6782
2275 6898
8602 1551
4181 9143
6996 560
9619 2704
5897 7609
5434 318
6439 525
1540 7783
9527 4619
8447 7924
2661 5825
6808 6031
6811 6702
7679 5428
9862 3829
6040 7177
4794 9048
5051 593
9769 467
646 4702
9392 7163
4929 2994
981 8094
8278 5883
2492 7167
254 9627
3543 7746
2193 369
5981 2395
8938 4750
5743 3457
794 8641
3545 6479
2 1977
6276 4536
798 534
4730 4410
2125 635
8269 1007
1121 2671
7806 171
4737 9060
4444 8333
1463 8239
8302 5945
8627 4938
2815 2911
7623 2514
7990 4777
566 5911
7898 6310
9116 1162
980 2446
9008 7670
6791 4435
5340 3677
786 4798
9165 1511
6002 3977
922 2725
3929 5320
5978 9094
1183 8906
6241 4228
2821 7107
731 8647
2375 3690
9205 5157
8452 1488
9522 8241
4752 9819
9713 4531
9487 5964
7491 7153
5035 3343
3098 1992
6224 5563
470 6342
5341 7373
6036 4029
6293 594
8454 9356
6729 5125
5438 9051
6061 4105
5995 1323
337 9513
4268 6860
3853 734
1971 2061
6612 7541
6191 1361
7372 8198
8963 6383
1587 6595
1377 922
1365 151
7662 6975
9056 2940
9752 756
4096 7033
6270 2748
5729 6320
7301 4918
944 6637
1903 3803
4020 1499
8298 5851
4059 7583
7283 6238
8170 8973
9847 5360
2791 3992
8233 6457
7744 77
3035 8824
7377 9760
4773 8553
5091 9154
3785 631
6337 3563
8519 5759
6080 6211
9839 8362
5488 3542
8028 445
1273 2756
4607 8269
8793 6792
523 5812
6906 4738
8464 1517
7969 8327
3159 8497
6863 1008
4404 9389
7328 4703
6902 3490
3497 5214
2922 8120
4763 8247
5920 7653
8547 71
1840 8595
4862 799
5580 7022
1669 620
6606 1336
1294 8179
8667 7088
6682 5662
1941 7164
2399 6590
2976 7805
7961 9077
2315 6195
7859 1478
2202 2013
4984 3124
8501 1618
6265 2400
833 929
8742 9820
4738 7401
8435 3786
897 7081
5906 2622
1096 1465
934 3053
2211 3623
7271 3743
6620 7070
2609 9020
3004 5790
4990 5163
7346 7585
3471 9816
8426 8961
3950 7127
4940 3001
1864 5896
417 1588
1846 4848
643 2500
9722 5288
5368 6795
9009 1300
9193 8688
9898 577
9243 4757
4076 6069
2052 1494
8488 7665
4053 5522
1175 2268
6428 5867
9751 9664
4231 443
7404 5261
3277 2874
8460 7693
3613 3568
8567 3560
3740 9100
3457 5272
4628 4352
5386 5193
1961 7977
9424 1222
2870 3872
4339 5254
4926 2515
1984 9643
6765 7392
2860 5531
8106 9279
6771 5905
5922 8621
7587 9707
208 7849
6248 4442
6529 7843
6931 4993
1981 3059
9107 9042
6804 8100
3395 6737
3623 8348
864 3906
8944 9997
5788 4607
6354 5183
6299 3577
4675 1880
1574 8674
6436 5678
6710 9449
5487 8066
8927 9948
8855 4334
6946 1493
2357 2334
9331 2212
447 8368
4330 9036
1046 5471
4878 7277
336 1711
1193 9877
9564 993
8553 5074
6617 7617
5220 1774
2933 7237
9137 8813
962 426
9815 4339
3945 2474
8340 7212
7326 3983
57 3299
2014 7956
8925 3982
4505 3148
5997 9197
4657 7694
1502 461
5254 7213
8364 3975
3197 4670
6338 6487
806 4696
4962 998
9851 7336
3831 6406
4591 8393
9184 2801
2284 8425
677 81
4292 3203
1452 1005
4478 347
9728 4103
2522 5283
8506 5055
1675 1191
9635 28
3307 3564
2290 8980
1 8757
829 4698
3569 3444
4661 7544
4239 6893
4649 6755
5523 7089
4183 8756
605 9659
3220 2846
7527 6706
4278 7056
4434 4294
7079 3630
724 8661
3297 6079
2422 7731
169 9549
8313 2127
9484 4056
899 1043
9198 3287
4585 1586
2379 5693
1505 7040
9601 2561
5226 434
7533 209
2341 122
1979 3868
2967 1843
8907 826
9805 595
781 1878
7452 9759
7683 8685
5137 9406
1822 9535
1528 8743
8683 2081
1114 6787
89 1054
5643 5576
2717 3728
7542 9090
4740 316
4830 2687
2124 4875
2239 9735
7634 5397
8706 4682
4509 8415
940 4482
3125 203
1741 3224
5538 4182
5445 3648
7086 6459
6646 9567
297 788
9041 5777
3508 8916
9684 3492
5245 5286
3704 6911
438 2262
8817 5204
7508 9770
6679 862
9122 8228
4850 6699
8001 1175
1733 6609
6532 6775
4499 8451
7429 8277
9090 6621
4606 6394
9947 4377
8110 2761
6367 267
1454 8257
2043 2068
8113 431
737 5649
2963 6811
3816 4151
1064 7268
1335 1708
1120 1916
3510 647
2120 3538
3935 9294
1486 1409
3272 6429
1683 7152
3887 5215
4793 9329
2809 1288
1751 8849
7852 2840
7835 3813
6046 8316
4229 2766
4802 9908
7923 406
7825 1825
1071 3177
2889 4937
5832 7744
562 3932
7467 193
3002 3254
8684 3395
5280 1475
2218 3179
522 8210
9650 361
58 7711
1906 3759
6965 9890
5399 4057
8304 3488
7228 2834
9984 6364
6838 6944
1409 9361
5237 306
4189 8667
2587 3112
3089 4324
6698 7126
4195 2196
802 8843
9632 858
3858 195
4833 844
4391 8020
1496 45
3408 3714
5564 8319
4873 4088
3427 3450
9093 5492
3102 9815
5155 9786
5591 97
3256 3554
2621 42
8155 374
97 6684
8679 1697
3174 2856
1019 3506
2389 2550
5937 1528
4923 6784
4664 994
4071 9046
7509 5065
843 3559
6868 5412
6932 5983
1154 5208
9026 9006
3492 4852
706 3996
6948 8109
9917 4832
6963 9423
4149 3593
7956 8807
4593 9316
8159 5721
4267 7656
1542 2983
3781 2784
6068 7817
4939 4100
2325 6634
2979 3383
7887 5318
7570 9832
1130 5361
8756 5582
4099 9372
3091 5643
4064 5342
6178 9116
4856 9598
5798 2623
7145 9599
2853 6231
4170 2793
6198 3920
7386 7046
6709 2921
8795 2809
8661 8585
8053 7685
7340 7678
330 9653
5641 7504
8411 9274
597 7367
831 1421
2693 9602
8859 932
6576 5746
7621 1391
166 2406
6182 1125
7048 7460
3397 1696
878 7424
6408 2142
8186 6817
2409 960
5147 8088
9675 1115
5727 304
1954 1667
4486 747
2882 8364
6130 1984
5518 1356
3788 848
52 1454
3251 4225
1199 2980
2965 1076
5250 8724
1328 6848
8692 6348
5267 8702
4042 7447
3672 9973
6580 4128
4421 940
1316 8990
8054 2429
1288 7752
851 4920
6019 3085
2806 9055
1345 9229
8017 5822
2617 7130
5684 2270
3045 1917
571 2399
4208 6938
2337 7539
2630 7491
1575 5156
4191 5745
2091 3732
3820 4261
7317 3377
9849 2095
80 419
4441 8680
6855 6671
8252 7444
5045 519
4972 939
1429 9702
3 8913
4711 2254
965 3699
2962 9155
5420 7176
9822 4722
3698 8144
1624 6363
1583 6689
418 1675
7583 6007
8117 3091
2819 8353
3499 3259
7111 6042
7914 7736
3460 2605
733 7183
9766 8532
6721 5518
9058 2114
7031 477
8194 7199
6691 2194
8754 1585
951 132
1870 797
6743 5863
1573 396
8786 5900
9390 7158
5779 9619
6187 4417
8034 5767
714 1734
5206 4863
6732 2788
8714 2476
910 7248
8286 9139
898 7069
411 5270
7067 810
4153 5950
9686 3464
439 9016
2285 1219
6655 3700
9213 7762
6468 1961
5331 8324
9408 1111
8548 2743
1190 8372
6316 1909
2689 5424
6345 3550
419 112
5406 6468
4077 1182
5918 6159
8745 8797
3111 9850
99 5810
5572 6598
2366 5453
596 7522
1630 6369
9864 6379
4571 4721
9014 6504
494 6355
9920 7758
5885 8612
7996 2145
1556 3812
904 6729
874 5327
8546 4004
4937 3312
8425 2644
8719 6528
5710 3721
4464 285
5747 726
3500 9809
2226 6260
9010 276
3666 5494
9688 5753
8782 7884
1414 1558
9370 4305
5626 4514
3219 681
3101 1973
1079 3213
9994 4464
117 8609
6349 3770
7319 7300
810 6422
8872 2180
7510 7953
9986 1183
9375 8099
1459 2379
5976 1252
3898 6891
6832 4881
2456 6493
1336 9646
1106 479
5104 5653
5232 6464
1304 4167
9003 6228
6768 7548
404 9331
2400 7967
8440 2027
304 4036
3426 3170
3889 7960
6245 8782
9168 7920
4111 3507
9961 91
421 7875
6365 2745
3651 5907
3907 5546
4948 5743
5021 7049
6186 2803
7358 2852
903 6286
7639 6371
7841 7084
9813 1706
1083 6141
3380 8804
8490 3452
5127 4547
1257 6824
5474 6176
8866 7559
6171 6400
3594 5338
8803 1903
4283 7503
7120 9157
8192 1423
4888 1719
8964 4051
1615 724
4031 7323
4317 4450
9267 8232
4492 4823
5429 3340
7160 7681
8222 5835
7687 5432
1656 1580
1415 4314
7528 1097
5382 4012
5363 694
8612 7168
3718 3584
4508 4979
8441 9004
383 3785
1510 9044
4816 225
1547 326
4425 6813
9318 96
8599 6386
9885 5484
9033 4396
791 2280
1367 3284
4719 7652
3481 3434
5952 7161
8179 6509
2836 3381
7222 4281
5063 1698
837 1375
6350 3083
803 4422
4097 7944
1695 9501
7313 1724
8370 7296
4351 7475
5640 5864
9786 703
9366 3060
5616 4816
8890 6284
4132 2166
3186 7251
7673 4227
5084 4358
6104 1649
3103 8027
5623 1333
4106 6843
8878 1070
7450 6414
1595 1213
4857 208
7985 4302
7941 3021
7258 9277
1041 3524
920 4955
5017 8448
4480 7060
5347 5392
7731 3326
8538 9212
2540 3681
6358 660
8500 314
3081 1006
2742 4376
1602 1238
8064 6690
7899 6930
1366 1661
7573 7760
3342 731
1865 7594
6882 6841
1458 1459
7105 7781
9762 6624
8274 5433
3523 2866
4597 9566
8465 8056
7629 6798
1939 7132
1327 8597
4867 2104
1253 6640
9476 4713
7153 3420
7233 5309
1297 4317
6952 8334
9365 5664
1762 3740
9968 7196
1915 2790
4619 357
1038 1012
7991 4010
9047 9265
7368 303
3705 4009
6435 2374
5923 4146
960 2632
3595 5555
3058 6259
3458 5393
9233 9548
9736 6484
8891 3113
7057 5384
2800 7634
601 5946
4305 7600
3525 2283
6362 69
7703 3571
978 1271
9159 9745
7983 5079
9123 981
9462 1098
6798 4243
232 2581
2802 4316
4835 8610
5132 7907
5806 2672
7948 1481
8434 3180
9737 9589
1325 5070
3317 180
4250 5758
2910 6601
6674 1532
8653 710
8462 160
8432 2845
3065 4411
9600 7870
7125 8050
7440 4530
8889 508
1869 2105
3699 7165
1298 5966
4608 1413
2716 9903
5764 8048
2430 3080
11 1200
4588 9426
3867 471
9136 4072
4214 3272
39 7365
5348 2058
9264 5234
3620 7496
3247 6076
7903 6685
6480 6630
7830 9149
7412 5865
7170 4858
7924 6109
5733 1163
8019 7712
7921 7287
2253 3140
9866 679
4839 4286
7808 9688
6221 5881
988 8740
5099 1120
3792 2445
4801 3717
4 3191
1478 2349
4525 9295
424 2321
6930 4606
7946 8679
3763 913
7032 4854
7989 7931
7474 8758
240 7097
9430 7397
6164 5483
5411 9699
1441 4083
8503 3835
8852 4778
8260 7099
517 9859
245 300
5598 7941
5914 7016
4823 4861
3047 448
1790 6520
2588 1535
2783 1241
7397 6184
7167 6460
3629 7055
1417 70
1010 1527
690 9823
4493 3246
4273 2115
7357 8082
4602 3190
6654 3816
4428 8013
7135 7092
443 2558
9665 6905
8650 9584
1226 7822
6925 732
2975 2947
6087 9793
8781 2466
4402 4742
3612 7003
4326 6810
3716 258
7281 1571
2078 2250
6653 6366
8677 9863
7751 460
8477 2248
7150 7229
1265 7964
5801 2755
852 8788
9905 9691
1437 9065
760 502
3177 2912
3897 9986
1705 2508
4299 1799
1702 7113
9765 5621
195 6153
442 1705
2555 9578
5156 4867
6908 2070
3108 879
6200 8904
472 3911
2484 2683
3498 5838
7309 2540
3584 275
6545 4164
6590 6986
6363 4457
9661 6587
9749 978
1383 3968
8515 9800
1788 7719
4847 5773
1888 6887
8040 980
2342 9744
8978 1593
9248 9600
2165 2913
37 6743
8741 3955
8743 5210
65 5019
7702 7978
3167 7965
8437 7572
955 5622
6102 7398
1753 603
2839 779
205 1523
3892 1355
5936 2074
1163 469
5734 7239
8041 1242
7663 9376
1784 3845
1378 3346
3040 7035
2710 2815
3937 4024
8510 8240
9258 8739
4203 3943
9282 8528
1781 2049
2308 1951
6579 605
1017 2330
8303 512
4980 8065
2385 5634
7362 9610
4254 8249
9507 1676
7785 3768
131 3261
5241 7691
5444 4950
6161 3687
8871 3003
4460 7706
6209 7914
2048 4994
2200 2437
2820 3252
8144 8314
2403 7014
3506 4800
9217 7329
3464 9238
3532 8466
4742 3035
5165 7291
1158 7405
2760 5069
6892 5696
1533 5927
2960 8596
8971 63
6987 8238
2391 4957
1620 1460
7741 4366
1033 2086
3901 6496
4294 3125
4893 9590
3793 4635
1629 5337
7168 2517
913 6677
4971 6649
9811 5481
5985 6035
701 4554
4656 6373
6062 9943
1465 4471
6658 5460
2370 2012
9019 5025
5773 878
2498 9524
2562 2361
6111 423
5647 7124
9057 3779
8173 3025
3243 4216
2412 4157
9679 1474
862 3081
5845 8822
1815 6917
8821 7430
3353 3313
1073 8633
1875 8098
8521 1283
9406 1307
5345 7942
7690 9222
7343 585
5430 4996
8539 985
4510 7356
4128 5742
8210 1067
6275 4824
2569 5857
8177 4219
1150 6062
7220 1555
6453 6809
8430 6570
9421 429
1631 6753
9157 6923
4805 2549
3300 1433
853 1052
3588 3465
9200 3910
6816 2046
699 5060
7778 3348
4000 1461
7191 4269
4390 9887
4979 9517
7601 4444
5102 2898
49 1450
9812 9722
4491 371
8104 8201
9416 7963
7046 1819
4095 4096
1646 5973
6877 5968
7883 706
1706 8620
3203 6080
4161 1861
2955 4533
719 9874
3803 4506
2542 9904
4634 7751
7684 6014
5446 8805
9616 5803
3614 6602
6695 401
4639 1707
8685 4280
4852 5919
749 1068
8990 5383
7523 3746
2448 2547
5053 9382
4409 8557
6751 1415
6296 6760
6834 9351
3044 9569
5467 2918
3315 6904
7891 217
5594 2484
2548 1902
7619 4781
6769 1591
8299 3451
9697 1255
649 9656
9279 4678
8972 1657
6399 5126
5877 2705
2380 9460
4182 3566
9712 854
1214 4617
1548 7159
8731 2343
1531 7435
9663 1392
1746 8306
5947 4513
1769 5461
8700 4835
6467 456
2442 3696
1402 5811
5639 5590
5393 1092
1407 9775
5761 5991
5310 9414
7719 6854
4722 7579
9824 8084
2336 5233
9754 6856
8572 6002
8102 3944
3448 8571
7943 3553
7591 5312
3178 3029
5822 2617
3517 9630
1536 3844
5577 2253
9654 2161
9194 2215
8161 2583
3355 74
2230 272
8417 3879
6008 4387
1714 2436
7263 2151
6797 2141
1487 5718
5358 8059
3780 8697
8647 7992
216 1410
5207 6275
265 1085
5479 6282
4864 7703
1925 7846
8906 4484
110 8150
8550 2509
4908 6405
1561 6774
728 3799
6848 1108
7426 2545
6717 685
6787 5511
1681 8934
4200 7764
961 2989
2258 1509
5378 6323
825 4846
5110 2997
3773 8523
6419 1314
3905 7981
1274 4085
8339 9304
4828 8732
2100 1207
5649 5597
7652 5737
6292 9752
4032 9168
2174 5536
4371 2544
1639 3569
2358 4186
6875 8795
9797 5177
8825 9865
3034 2655
3328 2314
8642 8545
1668 5861
4696 550
1393 8268
5194 5729
6217 3393
8926 8691
4382 8764
5317 7166
6508 5809
7564 9807
2666 3391
6773 3437
5589 4343
9775 5192
5612 27
8399 6865
6883 1309
989 8871
6319 442
9892 4348
7299 9954
8721 4851
3302 2077
309 9144
1440 6132
5826 4599
5739 5030
5924 3344
6020 5352
9269 2782
7685 4223
5334 1366
6052 1796
1009 7869
5617 9596
201 5067
6776 7531
8349 8814
28 7551
9250 2357
3258 8728
7994 4802
9456 7311
9452 959
5213 3195
5269 5275
658 9637
9879 2627
5619 9824
1950 538
8740 4660
8676 7552
4043 2778
7909 5003
457 3701
4516 752
9643 722
8457 59
3286 3856
5412 2774
3407 9833
1438 787
7641 8295
4580 3498
1538 5444
3046 6262
6465 7054
1141 2303
1696 2402
6150 3143
315 3355
618 3245
8766 1456
9246 1298
2792 6389
9464 3805
187 6853
3912 4148
3326 9868
9612 9481
9586 4962
5496 9872
388 4965
8843 3767
8783 9013
3552 1282
7248 9022
6792 6750
1874 9512
4904 917
7064 331
8886 1353
8794 4925
8900 488
5875 9563
5356 2328
8704 7738
4535 4665
727 2518
1179 912
4826 5057
8047 4673
9164 8406
2894 7388
8055 3682
2307 3857
9899 8208
2097 353
8231 7498
5366 5934
1527 2736
9952 9756
2886 2764
5362 1736
6745 3217
6117 6926
1460 9640
4881 9673
6147 2580
3290 5465
3148 5985
5470 4793
381 3817
8282 6158
3760 6871
4928 5040
8868 181
3493 7932
9857 7810
2210 3027
4011 4086
7070 1237
2418 8352
1916 1788
157 6001
6879 5438
9573 5049
2431 6163
6881 3629
704 5155
9335 2069
1720 2125
8273 8488
2852 4058
8807 5408
7144 6837
7958 2619
6461 9754
976 3041
5522 7811
7597 5143
1947 8430
3016 2391
9753 7139
7310 7090
6340 7246
4858 9012
9103 628
5625 155
6978 705
62 3275
5130 8917
1999 1709
5816 8967
3172 1563
183 6855
161 5052
144 5841
1177 518
9953 6248
8897 8616
5262 8971
7538 4626
4978 9270
6054 4544
5765 2078
6531 730
4454 1632
6749 7148
1928 187
6876 7543
5650 5616
2837 9700
2778 52
5167 4453
7140 7676
2893 2978
9207 8978
3713 2897
1145 2798
6116 8828
5413 4632
2251 5339
4147 4143
4701 3594
1976 6307
3951 98
4641 6808
1074 4503
1936 2275
896 2017
8007 8206
9081 493
1094 3570
5846 3898
1006 4214
3926 5487
1457 8075
7454 9794
9538 8369
7972 7344
2528 6925
6684 6575
189 7123
2205 4357
1204 3903
6922 6325
6901 8939
7055 4474
1515 646
5994 871
9240 2844
6959 8622
3608 3548
2387 6227
8180 4766
6918 2931
3231 9826
4054 8007
7476 7886
1271 8912
8125 8174
7077 515
5214 1164
319 6734
8049 1600
9666 6180
6597 2044
3155 5994
9967 9429
1707 1750
2977 1318
2474 4202
7312 7782
1770 533
1025 1666
3352 6741
3990 3888
3459 1886
7122 6416
3857 1313
8962 6445
6018 2608
1504 7423
4555 3406
7178 7796
8120 2792
7697 1802
9997 6635
6257 2031
7415 3609
7461 7616
9357 6455
248 1179
7146 9980
4877 8470
734 2693
671 3065
7592 8895
2999 1958
3607 3157
486 4512
1206 3680
2106 5540
5288 40
326 5539
845 4183
6547 3273
8562 942
7455 1670
5611 4304
6629 9318
386 2592
8238 4308
7890 2562
8952 6152
8630 6561
8374 6462
1921 9910
6262 783
7995 6012
295 2266
6847 4140
182 4059
1744 3247
1217 9771
50 896
6333 773
1173 7639
1782 8784
787 9262
3211 6104
2184 1431
1408 2701
2049 8021
867 1143
6132 9791
541 8776
9309 3858
4446 5315
4180 5111
8656 6965
5841 9647
7759 2597
9034 7230
5595 9129
3320 269
384 5542
6457 9412
5023 3867
6955 937
430 5271
3405 6873
6988 3504
1101 8901
5106 7380
6755 9463
5535 1905
5377 8093
4215 6245
1571 1259
2270 4160
9703 1993
6810 8195
879 800
1818 2376
7243 6966
484 7449
2198 5928
1290 971
2005 5389
1677 7138
5532 7855
6661 7757
3292 9853
6945 9439
3812 6802
2673 9654
8710 6020
1914 3227
40 359
9463 2847
9320 1330
4629 244
4869 1605
8509 7547
7414 2746
7776 2922
3882 8848
4018 9354
857 6620
5783 2731
6184 9565
9563 4173
6279 1228
7548 2695
7519 5124
505 8829
8943 708
4112 9723
8607 8821
1178 3446
9271 432
8713 1010
6155 9558
569 6126
555 7208
90 7018
7769 6597
325 7222
6610 1157
256 7493
4983 3458
3036 9687
4321 4849
5579 3336
9544 8506
6917 8284
4976 3427
275 767
3192 4974
1205 5868
2240 4283
3372 5381
3456 700
6979 7224
2406 9123
729 5687
4387 4590
4714 6670
3020 296
3388 792
3145 1469
7196 3859
1388 9661
785 3547
5212 278
8418 2591
7387 5243
72 198
8839 3959
1480 5849
8406 2020
2208 2470
1798 4559
1080 790
9621 1312
2425 5836
765 6006
7137 850
2732 9625
2753 2692
5315 3204
429 6267
185 6875
3606 6980
1354 4087
1663 9977
5785 7267
8823 4245
9227 7085
3808 4446
283 3271
6323 7985
4766 463
3488 6573
1098 3337
8327 2568
530 9556
3009 996
199 5797
5602 3796
149 9933
7026 2684
5784 9290
5969 9202
3509 6533
1194 798
2213 8178
7692 5626
4256 6749
1472 4795
3987 4794
8149 8977
2365 9127
9229 7343
9541 6901
394 7179
7015 1679
6398 7494
129 8320
3476 5796
4241 6572
3799 3643
3656 3705
1430 9205
1023 7521
2006 5175
7478 7536
7284 7467
2060 6694
2166 1217
4216 310
7945 725
8931 624
7643 5804
8933 4519
4275 5170
9076 669
8450 438
6560 8408
4759 4048
593 2999
3710 6731
585 1362
5529 4169
538 6945
1534 213
4944 334
5512 7675
4785 484
122 5974
6039 7170
1247 4622
8205 1385
2685 6008
5787 4753
8899 3769
8608 7554
7973 5295
3774 8947
1910 7341
8624 3304
227 6213
8382 8008
9442 1809
4689 4985
4757 2381
2103 199
1191 9441
3341 9201
3617 1301
7479 5891
7855 8648
902 5100
2804 2442
2480 1223
8895 1982
7430 1748
7360 2904
8108 119
6386 9465
4036 6333
5342 5980
1164 4008
7809 7294
8419 3848
8784 539
2720 9750
766 689
9959 6745
75 9489
7009 6061
5054 4550
5361 4961
3675 4359
252 3237
9580 9911
9855 9269
2563 6907
1059 9433
7506 6668
4790 8028
4232 4874
5736 832
7434 9996
8132 4363
8470 2914
9553 9639
9260 2667
8831 2355
5515 2751
4142 3616
6502 4743
2807 3219
6231 4067
5188 820
1697 2986
5596 6806
4626 1701
8798 3509
9439 697
8912 9606
9962 3824
6507 2463
6473 1779
8738 6312
2364 6823
2845 2458
2320 6149
1055 2076
2843 103
1622 2648
468 9678
2772 3445
3015 1299
3899 6715
1495 2569
7407 8063
8788 5273
8629 8116
7363 2525
947 9679
296 760
834 5387
2137 6344
6057 7275
7497 5499
2153 864
9020 4338
36 7326
7521 4433
9840 8307
7706 4419
561 9989
7588 5725
4399 8039
7524 2932
231 5127
1358 6664
3830 1733
1718 933
2096 4587
1221 8190
8329 8611
4624 2728
2194 6144
9555 5005
6086 901
6309 4748
2128 6646
445 7243
8335 7377
7382 9765
2038 1772
5632 7468
87 1401
125 9541
3274 5821
6704 6258
6574 7238
7803 4810
5944 9130
3135 927
1848 7937
1252 6530
8206 947
7934 6987
2997 8487
628 1720
7223 1612
3725 4573
1557 8182
6499 1471
436 7305
6535 5043
8730 1236
8499 7100
4136 7270
9202 1152
7230 4649
4419 5730
2586 332
2885 8716
9461 261
5511 1258
5794 247
5917 4170
6683 7906
2490 2347
8103 2366
2624 7422
4012 7101
3000 174
3621 9228
9135 4289
2705 5955
6404 6096
334 4841
3390 9894
5847 8127
7252 6409
6747 8504
739 2251
799 7192
3305 5998
906 1174
270 1310
2969 4131
8433 1873
1035 2526
3107 1206
7837 5265
3128 6908
5879 1862
351 11
2514 7867
1138 5031
2496 9283
9652 1404
7325 5705
9060 600
4237 1965
2196 992
228 7695
3029 3128
8131 4060
4531 1617
373 8347
7169 659
4807 1150
1737 6071
469 7854
4465 1396
7020 8549
655 1552
6752 1341
2964 9961
7567 1915
6431 7228
3439 5646
4469 2028
9833 8009
4514 417
1220 5
9012 8830
6021 6449
6696 3166
8675 7528
808 5011
4312 500
2429 666
6237 9841
120 6027
2520 658
5868 2293
2346 8256
8686 1723
8484 7454
6550 3863
7443 5577
6141 3748
2959 1584
7130 4090
7164 3256
2655 5486
9393 130
6357 5282
3967 5769
2045 2709
2744 3582
3362 5580
914 1028
8071 2813
3396 3334
1994 7768
1272 691
6185 9821
3813 9860
9029 6503
7602 3153
4058 4658
9651 2965
801 3827
8836 346
9975 7448
6588 4039
2507 9418
1569 4836
332 3894
6413 8137
4336 2916
9496 1249
6962 9366
1666 2819
1360 9768
4600 8387
5813 5415
5181 526
4598 4388
2378 2430
277 1110
2154 2120
6127 3585
4045 6610
7311 6826
2519 903
2191 3009
4041 1847
9045 2404
2435 6943
4346 3710
9280 9335
8620 1741
9308 1430
784 3961
9337 4209
395 5793
7323 806
5077 444
931 8074
9567 4110
235 3951
8552 5458
9767 7286
2796 558
3988 877
8004 57
2421 3652
3978 8475
2954 802
5128 2851
9394 4046
8555 1858
1040 1158
4966 2083
6594 813
7897 5419
7754 3876
3639 1869
1356 1387
4534 8949
7433 1149
1901 817
4630 1897
2443 9071
8352 7312
871 7189
3679 9662
2571 9261
5486 8703
1551 15
4013 2362
2777 5995
8665 1854
2694 7636
2595 9459
4226 3126
71 8439
3339 4972
9492 495
5150 190
339 5665
8873 5366
3403 8890
7939 4038
4168 7215
8502 6148
3992 5240
4316 7282
8561 4152
9595 1857
9850 1955
1767 5357
4594 4831
7124 4654
2318 3741
7165 4819
4827 7841
9731 4967
4949 5189
2293 2799
722 8548
4109 3342
923 2780
5633 7036
5570 9803
2155 5525
2477 9571
9493 8766
5166 9797
9139 6419
7297 8214
4384 8787
1307 6732
6542 3064
2214 5367
2398 1842
2700 9634
7920 1595
4977 8982
2488 2143
6156 9234
5718 4020
2801 5937
4906 5519
4688 6989
5912 4432
8394 8878
5908 9692
9852 1726
6110 8922
1188 10
2957 2717
1819 4230
7226 6112
6820 5362
2670 5997
3114 4507
7364 952
108 5517
3521 2322
9344 9063
2558 9928
2294 8479
2317 5728
3862 3426
963 5527
4302 8282
6842 5862
6225 4921
7951 4409
1918 9164
8182 7775
4809 7519
768 1797
7189 6067
1795 6073
2741 6712
873 1342
1029 9840
531 3189
5866 5992
1924 6311
4894 1031
5085 8902
8223 6200
2476 930
6664 5783
2715 9073
6782 965
6240 7582
3715 458
6657 238
7295 3008
3893 8469
595 1940
3230 6335
2009 5886
4677 3138
4716 9909
5257 7604
1323 9398
2774 1147
5131 5755
7047 2449
8834 4375
8569 5264
9329 7893
4048 5707
7376 5422
7099 3158
7976 9510
7318 6139
4822 7535
1085 7497
4947 5830
5571 136
8652 3914
193 8785
3557 5068
5791 1193
8525 3913
458 9417
9575 2749
1990 2432
708 7710
7657 4952
4030 6208
9869 6884
8244 622
8468 4248
908 5435
4414 9740
1390 4179
2641 2359
4293 3874
1882 6411
8867 8649
6143 5806
3350 1512
2545 2752
7054 6432
8999 6170
5556 7641
35 6094
6412 2877
915 5142
8075 228
2064 9275
7911 4069
7000 7125
7435 6044
361 5880
743 9937
8436 3162
3140 4026
4024 8156
3730 6653
9691 6305
5463 7184
3414 150
2549 7455
9559 8928
9978 5457
7197 1311
242 6476
5858 616
6713 3601
5273 9550
2903 3412
1008 4907
3110 1937
9306 1651
3941 5637
6048 4246
2505 483
1256 441
7818 8280
291 5847
2663 3014
5007 4197
5202 9660
6313 1515
6097 8464
1634 8321
7940 8958
4611 3242
249 8471
5374 3315
573 4880
3721 704
582 1856
9828 9162
7098 6568
6236 4252
3314 1142
7616 4049
2874 5611
9664 573
7839 824
3477 7297
4663 1218
6352 9175
8698 9453
7424 248
9241 2066
4635 7298
954 4709
2511 2387
8505 7974
3995 8216
1926 6118
5547 5623
9939 1700
2381 915
5757 8486
5839 621
2067 8772
8045 8463
9316 9901
2565 4438
2560 5429
2015 6319
6195 9848
4654 5744
7681 1350
6139 3039
1319 6435
4135 606
250 9733
6817 9778
8267 297
2739 8748
3113 948
5634 3663
3609 6558
1684 6941
9036 1065
1485 9256
8827 4006
1263 9921
5380 5174
887 1247
736 1800
1209 206
2994 2528
370 8861
8543 3960
5723 240
4806 1020
4968 7848
8431 2079
3864 7524
9073 3107
5453 6340
4430 2675
2254 5831
2704 3396
3333 3486
9342 4379
8829 9613
8540 8483
2440 4840
2810 3436
7728 888
5886 2164
1142 1386
314 9970
1128 7086
1058 6224
3374 5452
5542 7743
8487 7900
6444 8151
7675 5358
5552 7038
6950 904
3223 2315
4770 1281
7807 9906
4448 3181
4304 625
53 7357
9782 138
3138 7061
203 7418
8574 4349
2111 9663
1156 1976
7320 8158
9784 6614
6719 2979
2269 1064
1625 2494
81 1045
4658 7063
3447 6161
4050 101
6208 7050
1140 3045
5587 3828
6982 4801
145 6492
6114 729
2615 1325
1484 1186
5125 5197
8062 7592
8137 2329
8649 7366
1591 7622
6271 7785
4244 1483
6575 1102
9223 1148
7979 7798
2206 8112
6762 9552
9528 9725
2585 7895
5856 364
8189 9446
4963 9024
1616 3505
9251 4539
2138 3074
7247 9927
2491 6023
5114 6358
6042 5298
7040 7009
6884 715
7659 8876
817 3402
3580 4951
3924 5740
9082 5212
6385 53
5343 6165
7269 6098
2931 8629
5230 809
124 7053
9113 1040
8761 2779
1572 5305
2923 8755
2582 3788
4768 7569
2626 9825
4489 1315
3187 3818
1709 8875
8491 6754
856 80
632 2970
8014 7877
5066 6543
7970 2451
3340 748
7039 3541
7594 7921
6433 8505
9913 2344
7624 1998
4987 613
3701 5521
7437 6844
4530 4630
4185 2146
7460 8129
8059 3922
1404 5319
9640 3469
1881 7462
5614 2453
5190 2739
8314 1926
8840 2828
139 8351
688 3774
1180 165
6283 6225
826 5405
7666 2168
8095 898
692 1835
4386 5596
7561 20
676 8175
2607 2354
5698 2412
4162 5167
8595 398
1305 2872
1051 6833
6173 3325
2150 3647
516 5244
6528 7729
5955 7383
1724 1295
8701 5647
8850 2841
686 5476
3360 6339
855 2542
7238 5984
1155 4404
3544 3329
6402 5048
9479 840
670 5704
4574 5291
6938 8769
5462 7258
5957 5747
3204 99
4729 6678
3757 6639
7682 8687
1468 6450
1275 6265
9546 7442
7894 3372
9146 1609
680 7456
9083 3462
7826 8472
3486 8870
6660 5385
5351 3871
4885 2378
8345 1882
3798 2424
455 2490
4942 8272
7335 1807
4202 6914
3642 1027
3865 1292
9739 9393
7498 2390
7480 2867
9926 2014
9323 6510
1783 3298
427 5228
318 8850
1853 6287
623 4731
7713 4031
2675 4135
4900 530
2605 4247
9289 1760
219 4023
7781 7510
966 1495
3963 8114
5100 4001
9633 3461
8239 6056
8965 511
9084 6328
8099 1737
33 665
7037 6652
3601 8634
5983 9314
6662 5137
5749 7761
3578 4195
3871 9452
8875 8569
5550 3173
7691 6897
4327 7155
5197 795
7746 5107
6320 3175
6976 6879
4101 4390
4520 9956
4061 7880
9880 564
7960 6263
720 4676
4284 4879
9510 5276
4424 8381
3409 3666
3386 5061
147 742
6015 7968
3214 3536
2503 6508
2779 159
1435 3523
905 6718
6589 5403
7529 8770
3401 567
1434 5418
285 4301
9261 4813
5899 2836
255 2702
9162 7314
2515 2121
1665 5902
7005 2338
2135 7007
9153 4893
2190 8411
2149 3483
500 6049
5815 4013
9695 6667
2413 2150
365 4808
1245 4977
8526 3783
7418 5348
4298 2909
9526 4655
6983 2642
5270 4746
414 2776
6828 4153
631 3787
8122 5921
9000 571
5037 242
9253 9667
4474 2826
2650 6368
121 6857
2371 9075
3817 5363
1610 3508
9946 514
3550 6663
8812 4427
9500 7837
2822 874
3435 9941
8566 5702
5295 3639
1535 838
3347 6947
8522 829
3168 9595
8822 1782
406 6209
5151 270
5756 3612
4373 1441
6041 4652
5490 4064
7061 6182
6037 1979
1248 2786
4311 8929
7614 905
7316 1103
4173 146
3991 9837
5588 3703
2360 2641
2117 6235
4506 2719
2623 4323
1797 6490
5860 9047
8383 2992
1081 9862
8489 4145
5464 4735
3099 1002
7714 4593
1611 4689
9080 3267
3249 9445
9991 6212
2340 9493
1210 5371
23 1505
8401 8524
200 3895
5143 2153
8695 8185
3979 9348
4655 5115
2956 9029
4342 1400
8092 8186
1228 5535
9579 4229
8594 6266
838 8775
2831 8328
6342 1644
5199 6993
2683 3712
6513 9564
7770 1740
6887 4282
280 485
6193 2147
4484 9796
9288 8580
9495 8879
9472 3495
552 524
2351 7301
2344 7473
4093 6501
6552 166
3663 2973
8541 1693
7188 3733
809 8823
997 1781
7259 4035
992 9885
8709 158
2042 7690
8202 9033
8443 8670
1021 563
6124 2413
3527 6300
6059 7538
6210 9817
606 8191
6394 3441
8902 5441
2095 7702
9668 9074
5578 2968
8586 5351
3835 9846
5107 185
7087 8035
5173 5723
7500 5323
312 8760
2272 4973
3540 5356
2930 9118
8615 1224
8532 1339
7896 8245
7550 8134
6498 4754
7102 2401
3462 336
6534 3078
8801 1677
2022 8704
5427 9969
8733 9079
400 7525
3273 8105
8409 9721
8664 4333
363 7789
1042 3497
8493 5547
2051 3360
8847 2193
150 447
1109 1542
4264 5109
9278 6529
6242 678
5652 2040
2171 2534
9428 3529
8565 9876
6854 2059
1529 6586
382 9057
666 5447
7836 9448
6953 8657
9936 2200
1416 391
5930 3231
2292 6956
3610 8696
7637 4744
1334 1137
8287 3751
1890 1239
5083 9362
2919 532
600 2903
3216 7635
2834 4695
4400 6935
8862 2696
2581 6527
8061 7885
1425 9054
5483 9808
9232 1931
3377 9764
1511 1429
7555 8965
5060 2365
8750 687
8198 9828
3183 8838
9700 6004
4718 6137
5758 781
1776 2930
745 3945
8998 7476
6007 632
6303 3654
6840 3449
5439 4185
29 5679
2949 9219
7792 1629
6247 1597
917 4034
1456 3485
8960 744
2782 7997
428 9080
70 9739
6289 4011
3182 6250
9795 5989
3487 5182
1169 8138
9972 2565
3910 4527
3143 7610
7036 6713
4551 3020
7605 9605
2847 956
8263 6571
4991 8735
4521 4653
6212 6883
1691 5766
2983 154
9086 5979
4008 2835
1786 5076
946 14
2868 3840
6523 1646
4405 6041
721 6360
1943 362
7013 3802
4397 3141
9382 5468
3749 7143
2112 3545
4820 3967
6980 4416
2602 3114
9888 3849
4088 1833
9935 120
9333 7052
3519 3734
6486 9814
1053 4618
7121 39
3233 4621
9919 743
9514 7302
9512 2009
4091 9301
772 950
7123 7614
3727 4718
4179 4211
1878 7290
85 3549
2634 6776
7646 3552
5953 6423
5422 5887
999 7749
3726 4089
827 4828
8277 9317
2771 6859
5180 5692
1772 18
1716 2604
2310 8166
2390 9442
3684 2901
1880 2372
2513 1133
1387 3695
8389 9763
5073 5206
7241 2249
5651 1744
1640 1929
820 2396
5730 601
9980 2459
5904 9609
1167 6218
881 2955
9548 5161
210 9782
2085 1957
8290 6192
4705 7586
3050 9614
9867 4634
9098 2163
7797 8461
2374 9194
1412 7188
3876 1243
9203 2065
9790 2945
3026 4303
7493 6088
1203 121
2250 7916
7566 2733
2627 3638
30 5263
7824 5443
6077 9428
6025 1757
1475 8323
792 6709
8819 6716
880 3468
5044 1154
8605 2352
4527 9834
8940 4217
7292 3405
6343 2804
8154 2417
9017 4642
7817 9515
4125 8507
5234 399
7525 4571
5878 821
6396 8040
8043 3230
5721 113
8551 523
2638 7619
6774 4964
990 5594
5475 3000
5707 4811
5636 5166
3087 1042
9603 9028
3564 3619
4653 9843
7559 3526
8134 7346
663 3042
1637 1808
6482 1279
9429 6428
5563 9757
9557 2575
8129 4481
7768 1129
2037 839
9803 210
9669 8485
5087 5200
2222 7888
3754 5359
5409 212
2869 1321
4044 2183
2811 4521
1555 6040
2592 8379
2610 8243
9346 6577
1028 755
5703 7928
1449 5953
6115 7371
1342 2762
5198 7411
3742 4306
807 4884
2854 1272
9831 4459
7739 385
1700 2117
7947 3305
7296 899
2408 1453
2487 8613
7589 8357
1030 5004
5454 1786
576 4102
8693 4984
2001 2576
6727 4441
2267 3854
9485 6763
1355 7332
8645 4786
7849 3196
3957 749
6846 7317
7182 8700
667 51
8789 6346
9228 1360
6984 3533
5744 9880
1490 2006
2169 1144
2065 6554
9911 1650
1719 2516
2282 7755
7442 5116
1012 7813
3361 8092
9932 9309
1838 8279
4471 2574
1577 9952
4423 7526
5863 9777
4072 5135
5373 6665
8112 5249
3809 8919
5896 1335
3014 4552
9247 7067
3636 4604
4616 4351
68 1875
9591 7186
3815 4656
5323 8018
7625 8429
1491 7887
2906 9308
1678 2441
1586 968
3533 4706
5436 4326
5290 7589
7487 2952
9286 3482
5299 3821
2012 1139
9999 3878
6032 1082
3800 5450
8039 2777
344 8397
2164 1832
4159 6710
165 7993
7451 3923
489 5007
2368 1850
2204 5120
1670 6129
9906 2889
7315 8669
5586 2140
7063 680
700 1091
2312 9007
7905 452
4670 7687
6081 5039
146 6186
8945 2875
6434 1324
521 1818
8898 333
8270 6183
1303 9582
4907 7935
9768 9320
8141 8358
5911 5601
3092 37
5481 5588
3761 3288
3874 9198
8976 8583
4148 1611
9809 6249
7419 6054
5034 574
4831 8511
2648 5478
783 3100
4133 7952
7201 880
1883 7205
1450 7829
5457 6251
619 8452
3655 1683
6616 5308
9409 3851
8178 7313
8881 5495
4392 4300
4992 4897
2361 1526
9364 3842
9637 2094
8861 3
3076 517
2649 855
1264 5258
9973 10000
8069 2465
5581 8080
2197 428
8115 4212
6630 5645
8748 4296
8811 590
5283 3534
8438 3182
2479 1473
5415 774
4662 5493
7735 3365
8757 1742
7003 6919
1024 4144
5489 5846
5656 931
9783 8686
4502 1641
8770 8124
3054 6489
3218 6289
396 9528
7526 4827
8529 6279
4169 891
3852 8721
3739 2539
8643 8291
9066 2694
4163 2905
4683 8005
6921 5035
7033 7321
3028 5303
4124 3956
9860 2223
2750 252
7076 3106
2395 1407
7352 758
5210 3756
7977 2135
3181 1377
7088 7482
5169 7273
2672 4944
6714 7133
5973 4537
2735 1619
1584 8526
2147 9050
5660 3997
5090 4762
7052 6954
6067 7210
9519 2559
9882 2757
4235 3927
7833 5482
3001 6594
3271 6272
6857 8650
5505 4876
2998 8726
5746 2572
7660 8345
3562 6166
5993 5712
7141 6241
215 7904
478 6612
3784 61
8979 3970
8504 6977
172 2332
8294 1101
1286 714
4452 2722
7176 4576
3933 8898
2943 6835
6204 5731
6230 3815
3450 1537
1715 7142
5940 9387
9611 3718
1729 676
197 7607
685 6657
599 6361
6649 2650
5200 4581
7950 9280
3583 3739
56 6815
6388 5472
6295 7109
9717 4259
8168 598
1761 5133
6818 6619
4605 7754
241 4263
7724 3169
4372 1553
3657 4833
4577 2584
2566 4350
2466 9601
7468 4639
179 1562
3311 3628
2703 5814
7268 8242
2107 6485
7069 2444
1361 8953
2070 407
9949 4309
3955 5657
3551 2763
3263 9769
5375 5787
9814 1722
7473 1614
2878 8618
6422 5765
1135 4466
3758 4218
1464 7872
1018 9232
3221 8793
5992 9315
2437 4095
2279 8266
5039 1136
6525 3323
1340 8217
5942 8329
8497 4913
1489 8880
6602 7225
565 1606
9977 4141
5597 7452
3751 926
9599 9037
3475 7578
9865 1522
1445 3491
1223 4981
5759 3161
8936 9454
9283 3403
5002 6179
2256 6790
8571 589
17 7957
7300 2002
8423 9949
5724 7666
5111 8016
207 9209
8575 8836
176 2264
813 9461
7293 4310
2176 4249
5056 7156
4700 9655
7753 8767
3759 7308
4986 163
3031 7197
6726 7104
2127 4895
5567 5255
2172 6486
9237 9008
8476 8983
1599 4353
5689 7850
8361 8026
797 8655
4871 9172
4365 5586
4557 7254
3854 7853
5124 317
3056 7080
3819 8062
1835 2281
4006 2881
7308 9188
6907 9994
432 8197
503 2209
7651 1485
7893 5284
8018 5529
7286 2607
6554 5939
6330 3540
2863 2085
9376 7713
7307 8658
7331 7969
7157 9919
7749 7858
1808 1047
9826 8270
8133 8586
7892 8750
7999 8164
8216 1753
8057 1327
8016 9122
2752 6555
8739 5761
4787 2908
5042 3172
6555 6154
5414 7272
8171 5502
2914 3478
7008 5266
91 7227
1362 5956
5030 1364
6548 723
1817 4460
4295 491
7242 5778
892 561
7772 8237
8913 139
9617 7737
6885 5503
9996 3352
7590 3283
8402 1640
8315 2243
1095 9712
5153 5036
5980 8339
1315 8855
163 7831
7449 109
281 2524
9062 2116
4936 1665
4667 169
1086 7185
8593 3477
6034 8737
3144 3413
5426 8194
8275 3583
1621 2610
1543 7902
1044 2893
6287 6111
4896 5823
8894 6420
1713 9483
6220 1628
4891 5094
4479 7360
8558 8113
9096 9829
1657 963
6514 3356
3288 9893
9965 4279
3579 762
2278 4053
8083 440
9807 5290
916 3295
7439 455
8935 2185
2257 4789
2021 6453
7049 436
7654 4940
5428 527
8734 6964
2061 7218
7569 6585
6049 8223
8058 5541
8517 7982
1860 1756
4610 1801
6167 8141
7810 1671
2094 9866
1001 8718
508 4528
1872 7771
5525 9330
1139 8759
1043 6370
7913 1867
1738 2505
4792 3194
2465 6024
872 323
5659 4370
6622 2032
2829 5654
6377 9477
7204 5227
1793 3291
9542 892
4253 3723
7389 6886
440 8157
5263 9818
7848 868
6214 6270
3537 5971
8372 9360
5222 2740
26 6929
2724 6838
4066 8550
463 3390
6410 5504
2584 5426
6082 2882
1821 2004
9634 3066
1062 6298
2656 7864
2180 3852
1013 6280
5248 8285
1701 4667
3896 4768
4462 6864
3616 8128
4222 1204
8169 9749
1027 5794
4863 9291
5497 291
1768 4511
3825 8806
2510 1759
6615 1275
1895 2244
1032 2602
2178 5922
9088 3419
4934 4032
2719 8168
1937 8313
5354 5278
9886 9151
9513 8261
3888 2907
9330 6442
6429 8659
3649 7096
6493 3781
7640 9592
689 3649
2461 6582
4563 5235
8295 420
2647 3351
4690 9736
8869 5748
4152 3398
1227 5771
6837 3919
4572 7466
7245 6294
8919 9237
9211 301
5961 2715
6379 7420
3037 654
3337 5584
1343 7515
7095 9131
7494 6622
5874 6697
5388 7393
6692 8521
1320 7834
534 7509
4437 3447
3834 6559
8114 9869
1698 6433
5772 662
9212 3679
6974 4545
8995 8500
4854 3692
1349 5184
8967 5607
9655 1668
4151 2961
8826 2578
8 8118
2105 5686
4122 2697
5530 9514
5960 6524
1603 8981
2129 2423
8554 8365
5061 8453
8183 3662
7458 7564
1225 3930
2533 1050
2921 5217
2749 5680
8759 4005
4615 9498
8458 3248
3996 3104
9011 2156
9607 6306
9245 3611
7530 859
6427 9066
9244 4572
8980 7807
4410 4597
4475 4114
8080 4407
3430 9325
695 5119
4175 1762
4895 8847
2714 7234
7552 8625
9040 2217
3463 9492
1418 8853
977 1653
8520 4882
5655 7209
9380 2902
8842 2732
5573 9305
7184 7955
9467 8375
2909 8794
8127 7154
9256 8143
5022 3912
8139 5402
3829 5610
7436 1900
1497 9804
3006 9836
6686 8552
3652 2018
2773 1058
1395 8712
9943 5173
3592 84
2606 1792
7532 8403
5690 5833
7381 5430
2788 6616
3743 7646
9677 9947
8816 3332
3267 1967
2192 663
4243 2887
693 845
2833 4418
6174 8219
2527 8125
696 6576
2470 5480
2986 8465
8810 4586
7840 5976
1196 5092
5285 9099
7225 2203
6783 1525
9105 6563
9667 3989
1184 287
6070 8946
1072 2929
7179 7790
6244 2096
9298 4934
6517 9993
6562 473
8996 313
9322 8384
2483 2713
3983 5727
7827 7556
9262 4726
9270 8874
6301 2375
5471 8801
723 8933
1998 3144
2686 9715
6469 7495
4079 3152
2746 2822
211 5413
1844 1766
4242 2707
640 1814
5442 2075
9534 5246
6744 274
1541 7857
7888 9925
5838 5071
513 1180
7110 9170
4333 1908
4485 1021
5447 4181
79 5099
8090 2537
9802 4295
7115 5978
5521 2039
5142 1840
8241 1960
5789 5501
767 8034
901 4943
9791 5854
9594 7739
1202 1382
5666 3929
1546 4290
1605 1815
866 1334
8590 9266
9954 8392
2879 5676
4965 7517
2494 3201
1764 3354
1750 8477
1076 4662
449 6535
