10000
4975 9859
8222 3269
1224 7599
9719 7759
4140 2471
1852 8286
6829 8311
3716 6707
6043 6289
6862 4728
7427 557
2328 5942
5774 3218
1645 5573
5816 6827
6408 447
4257 2975
3509 2987
2789 7653
9855 5200
8795 2225
5567 5689
7966 1822
3831 5085
8063 1791
1546 3564
5773 1194
798 1459
383 5792
8735 2730
8876 5497
2823 2152
2543 3775
6626 1263
1495 7905
4443 9298
9249 8292
9159 1979
8371 8703
1149 908
7431 3253
8679 9485
8324 7215
812 792
5932 5725
5562 696
2344 3840
7370 7985
3528 6193
4191 5134
262 1459
7361 4783
195 3198
266 8778
7247 3333
4931 6705
7628 2805
875 2822
1663 6385
8310 5668
1519 9363
4162 775
5697 1032
2039 320
5087 4230
3811 1696
7974 2139
7215 2144
4035 6069
8355 4803
7215 6119
6326 394
6076 5471
9147 8795
1410 9232
5475 3700
6177 4983
443 5625
7282 794
9527 7061
5614 5562
1997 9622
777 3195
5764 9350
2241 5665
8208 3413
7904 8761
3858 9429
9217 3433
3296 2355
3576 5299
7958 8298
5081 5034
115 2601
4894 526
4111 3717
2530 8999
5820 4963
1281 5875
1787 3311
8526 9346
1558 6097
5187 3255
9294 8087
4784 4367
8239 5394
6343 5455
319 7335
665 4648
4275 9046
8913 411
4529 9233
3026 9583
1359 4179
189 7944
9244 125
8017 9757
6809 507
454 1831
3892 3631
6393 390
5278 6122
3421 2665
117 9520
5634 6693
55 6964
6146 391
3130 5764
4744 1456
2102 8239
45 7127
4083 4941
7901 531
857 3899
7800 3099
220 9374
8488 2251
8106 1181
9297 4213
4206 2437
486 6825
4893 1902
4570 8144
5815 1195
324 9346
6746 7076
4131 2002
1722 2233
2415 1152
722 5354
5583 179
4096 2189
6490 3146
5754 4671
9036 9882
8497 7202
4658 9045
6489 9240
7329 5613
8695 8519
5982 9822
3041 9368
3669 5192
5503 2459
7884 518
6107 158
2769 4813
8554 8052
647 1136
3207 5163
6951 8636
1436 3871
7001 50
9118 2136
1402 617
8721 4125
2070 7851
2697 39
705 5915
9249 8005
527 6628
3761 1963
9344 3705
9907 6389
2609 1223
7087 513
6634 5199
9953 1075
7316 8978
1668 5774
8687 7152
3962 8245
3957 2234
4830 5898
7740 7665
7781 9169
5364 8327
314 9016
8465 3768
202 9450
2756 6762
463 147
4922 8070
1135 6291
1728 9053
8634 2276
3507 7995
6915 6870
9522 7678
1879 8219
4962 3773
4476 4937
449 8037
2690 9909
8885 7739
5236 9163
4377 5677
2799 9008
8616 4353
849 6310
444 5179
5686 2762
5844 1063
4530 4256
6916 561
394 1446
9461 4243
7925 7147
9184 8545
4587 5394
2540 2431
416 4253
5551 3557
9870 6402
8919 4461
6829 1188
3941 7421
7772 1611
3036 70
1969 1576
3773 9859
6207 8097
6207 4034
8442 5833
3997 633
927 6500
8296 4161
9173 9223
9185 5666
4284 2294
4012 7015
4550 7354
3297 187
6476 4442
7107 5549
4408 5197
1109 2108
4189 3904
5394 8956
6109 3671
4582 9820
1274 2380
5219 8080
9970 9012
9497 560
4168 4830
1484 3553
5432 9760
6690 6809
1136 8586
9303 2224
7369 1163
6447 53
3644 4664
1124 516
6752 8416
6030 9947
6558 5243
5270 7489
6638 9059
6419 9417
3190 5833
4107 9981
3711 471
7118 6591
6439 4261
3950 2730
7313 1802
3042 9572
3147 3257
1846 7324
6491 5524
7578 5402
9714 9285
3355 3921
4258 9052
261 2282
6299 7071
4254 3448
9838 3875
638 1035
1678 4007
3298 7720
9617 8433
4682 3941
6168 8562
4092 8324
5964 423
6389 2088
790 8260
7592 872
4443 963
1590 7742
336 331
2280 4761
211 2946
2586 7156
5812 8503
6507 1179
8379 7452
7900 9034
6760 2396
3036 8560
2357 3217
4274 6486
1291 4921
9458 7755
1002 4828
2607 8888
421 6403
3812 4033
6942 9673
2097 1803
3380 212
8062 7967
3872 7434
8636 1554
783 4421
9305 1141
4111 9246
1761 8371
6676 2571
4682 7295
7926 3650
6459 4561
4161 5873
4162 9302
4597 5888
5509 4833
4824 3366
3114 9448
4981 1603
7973 4202
4968 5751
8282 9501
1061 4226
816 7550
2409 3889
1865 2830
1049 5810
8727 4992
8724 3867
1076 2017
6357 3837
9535 4708
1337 5353
2654 4408
187 8716
7253 6294
6621 9055
803 4080
3569 835
8077 2753
9523 9567
1927 9848
938 2606
1885 4797
8716 3069
4742 8458
7071 9321
5753 2443
727 8178
7767 2936
2733 4487
7745 6593
4746 2214
4402 7110
3021 4099
5357 4170
695 7849
9121 7930
1417 9706
7431 6374
3949 5981
900 3731
1578 6458
9255 5413
7359 3192
9929 5394
7710 1850
2956 8744
5161 3465
7216 4649
5702 3807
638 5618
3033 350
9037 2727
5024 8145
6946 2135
9741 6890
601 9460
3893 5157
9896 8512
1020 5786
9572 9747
9798 617
4896 2314
3445 2973
1065 2253
3696 7484
8511 3472
6653 933
7477 6629
8422 5828
2279 5386
5414 7285
9857 635
7265 4616
5941 358
7051 6774
9109 5145
4275 4421
457 7749
9113 4440
1564 8929
1997 527
2897 1763
9664 2696
4445 1175
8602 8342
3014 9102
3830 5392
8812 5860
1642 9978
9506 4293
2014 5951
7370 3676
1031 7961
5026 2884
7244 6374
8562 7523
4836 7638
6508 7577
1031 9825
8602 4708
8862 9409
1289 8453
5399 4857
9856 8105
1882 802
2673 4666
2991 6514
7489 5489
8094 3926
6042 981
1931 4844
4442 8997
7086 8083
2673 5960
3389 4825
9446 9978
7525 1468
328 5680
7668 1111
7793 2475
2933 8135
7368 4719
7990 4608
405 5003
3030 5818
888 6083
9911 4499
7198 6675
8683 8059
7750 348
890 7593
1101 9387
8846 9374
7593 2519
6338 1642
7035 954
7497 962
6641 4969
5374 7839
1522 7809
7170 9687
5958 5139
5307 1349
8798 573
913 73
8903 7764
883 7586
6474 9288
6588 3901
2949 2743
5719 7485
9808 3048
8116 8958
4364 4841
6824 6972
9128 2932
8298 343
175 2491
2581 3282
8037 5430
5319 7724
3746 7012
4731 6520
7822 1466
1871 5807
223 1336
3988 5279
9129 4633
2599 6594
3652 4631
4095 484
959 4567
6980 5200
2509 3863
6251 2659
8517 3543
175 8477
6055 1243
6063 3815
5186 4068
1102 5788
8336 7510
3396 6754
402 8821
5742 2573
6150 6237
3894 4091
9174 622
4691 2612
6848 8165
9127 3711
1344 4416
7332 787
7305 54
3718 7029
5991 6574
6910 141
3653 2737
7837 3093
3511 1630
1853 8967
3181 9579
4632 622
9111 9443
5126 6897
2368 7260
1301 2597
3705 758
1968 539
9864 3273
5658 5464
8443 7141
6470 2072
90 6389
4886 5983
5854 3337
2176 9175
9840 4695
3537 6891
5552 3811
677 2818
4468 3220
5925 6063
7033 7817
3263 8322
9913 9424
8155 9565
6795 7734
9424 4822
9580 6442
2671 4981
1407 9409
6238 2491
1604 5649
7955 7658
7442 9965
2794 8045
2625 4492
6024 5623
137 1230
4359 4431
7339 6006
1850 9589
7912 7739
9152 9177
8999 9861
6077 2060
7407 449
9098 8896
1546 6422
4189 6855
6829 1426
2997 7223
563 1726
2953 8986
6524 8646
4584 3363
1331 7711
7713 6257
6483 6709
6836 3146
6812 510
5538 3377
4600 4950
3791 7487
3529 431
9994 4965
4788 5865
6813 9406
6770 8287
8768 9989
865 4532
3467 4339
1820 3256
7040 8922
4719 8219
776 8749
8222 1397
431 3725
3609 9134
7277 79
8086 354
1092 3907
9684 5881
3371 4103
5451 8166
924 9795
8313 7892
5364 6925
6360 3765
7012 9678
9355 194
3262 7226
1899 3618
5348 3323
4545 7109
434 4636
1009 1074
519 3175
6138 6718
7185 8488
7511 5314
9414 7077
7747 2038
7507 1492
8693 8198
5449 7105
6402 4775
1432 5657
5715 4687
9588 9428
6808 7765
9891 868
2913 5261
9294 3088
6749 8686
1056 6582
9912 4078
9511 7033
7592 9629
6111 9185
8721 9227
6827 6396
1687 9647
9896 2771
6523 601
9718 6189
6264 857
5944 2872
6024 5170
6363 2217
9717 7498
4734 5369
2523 9761
7420 2067
6777 5835
4438 433
7807 6530
916 4071
9050 9028
3777 5557
5289 8578
802 9563
1183 445
197 4502
2790 2573
7157 4640
6618 3589
1198 283
8000 9576
6528 9474
2200 5663
8803 5030
9281 582
5585 3096
3962 8682
1530 9501
2743 7802
2162 3244
6861 468
914 9174
4029 9983
1614 5891
8200 3525
6685 7023
7838 9856
4950 9433
4040 2891
5691 4565
2809 1800
7218 4459
4890 7700
759 5626
9008 464
2135 2808
5502 899
2323 5658
6951 1938
8359 7181
3971 3429
7987 1176
4155 4297
1318 5316
7475 8752
3009 469
8204 6832
2084 8150
5476 8185
2055 6329
6482 7142
44 7378
6287 2545
7087 9878
2558 9528
498 770
1923 7325
1923 3448
4783 2748
9816 2421
3345 2733
9663 3049
5127 9645
4549 1996
5568 4667
4114 1374
2271 1620
1160 7848
4346 2225
2984 6845
1973 5404
156 5340
7437 6901
2883 416
2866 9988
4645 5033
3775 5246
7318 6031
293 3283
6188 6994
7384 8745
387 7386
4021 2796
4763 7213
5453 3967
6907 7088
3294 6860
4431 8606
6938 4766
1397 2941
8008 2413
355 6078
9843 6484
885 9716
9577 9660
192 1666
4788 1158
298 4778
7354 3818
1404 6586
112 1313
5350 6440
6394 8673
2606 8273
4798 7185
2884 8313
5363 9151
7526 5512
1999 2959
8751 2926
5758 189
6291 5279
7101 3609
7224 9999
1948 3086
6389 6652
8805 8865
2516 3396
2873 2644
256 9490
1937 6621
8872 6847
9562 6085
8776 1609
5428 4777
431 8411
852 4341
2918 8629
481 3205
8437 2696
1543 4774
8438 7706
3643 1248
7309 5743
3585 9434
6317 1910
3120 6409
2643 6221
4250 7413
2499 1577
6186 3646
9746 6704
1482 4017
2040 1558
9212 6370
4055 3479
2328 5166
1486 4836
7886 636
9431 3481
6618 8191
3869 5976
414 2878
2872 7581
9640 7988
8611 5962
8110 2129
6624 6678
4766 6225
4978 2781
7183 5167
1236 1151
212 9456
1072 6749
8492 6234
9503 4130
6944 355
1857 3135
3906 8826
2907 4312
6941 4429
3995 9763
3317 6329
1702 8042
7357 2111
9643 4821
7854 7216
7368 8554
8670 1507
5076 795
8157 6727
7874 2942
3007 7730
7658 8915
2123 7264
2542 9683
117 9421
8818 3863
5642 1977
1345 5498
3692 792
8142 2591
3281 5572
7678 8926
4297 6527
4862 6580
5486 2533
9057 5850
8438 3754
8733 3231
4364 9084
8268 7746
5202 2251
627 9318
5497 1985
4831 354
1996 5580
9591 1564
4352 2889
7793 9416
5125 6367
3856 180
6533 5211
4250 9725
8133 7675
4897 5724
2937 5666
6488 9172
5731 2128
907 2982
815 8093
7709 6766
1434 6773
7732 937
2520 250
4987 2948
3462 7691
8644 2393
8962 6668
4560 3241
409 4026
592 8672
7986 9327
3960 1939
6815 9964
8143 320
9034 19
348 1288
4400 1412
7946 1169
8133 3036
9421 1739
1810 957
8872 6203
3300 382
9494 5837
9920 6720
4890 5627
8083 3848
5449 7019
2843 7870
8701 1319
2241 5799
7997 2285
9150 7220
1900 3944
288 2935
7331 8124
8190 1786
6925 172
2438 730
9305 2868
5184 6425
9332 1389
4374 972
5770 9664
9535 4593
3278 8174
8418 2572
2238 7958
4924 1314
6871 3734
5343 7290
4668 8998
193 6166
1956 84
3038 1242
5109 3469
797 1009
2326 6463
9807 8244
923 8533
7009 9030
7750 5958
662 7514
4482 8953
5557 4426
3690 5843
1121 7823
3299 4331
6106 7173
1189 3597
5253 8161
2466 7141
6919 3656
4935 5451
970 4807
42 3248
8239 5045
1260 4745
2591 2666
586 3826
3188 5495
7142 3176
2263 2088
9070 677
8090 3746
9544 4744
8324 1671
461 9274
3487 3261
6722 2688
1882 5033
6822 3331
8058 5783
1755 9271
8554 7323
5623 7466
8786 7184
1820 7255
4051 6719
6459 2361
9333 2565
8925 8144
5553 9232
5639 811
550 2283
8612 4921
4210 712
977 1943
158 1660
3328 4630
8964 2888
7701 4096
9077 5294
1810 577
7463 3788
8239 4803
2041 9622
3533 9038
28 8387
2005 8441
7785 2216
2165 9865
1902 4389
8245 1625
6214 2755
7153 833
7965 5045
9821 9972
4650 3393
8190 5012
4551 9389
5711 8286
3422 3247
4405 1598
8728 9728
6668 1497
8918 6008
6830 9299
1255 286
9478 6458
6571 9935
4624 1185
3792 5273
5856 6186
3405 7441
9406 9700
830 8366
4304 4101
3001 2914
8364 6530
2126 9423
7973 3682
5225 25
7662 1367
8869 1491
8748 889
9967 372
4348 8220
7145 5286
5366 8268
141 315
70 1930
3688 966
3399 6414
8374 4266
873 5087
4557 6650
8332 8343
6720 9386
2746 4417
1029 7989
7918 7383
6472 2387
5564 2604
5397 7220
3863 2209
8962 836
2967 8261
5664 5393
2315 521
3385 8506
1490 1558
7608 4791
465 64
4299 4212
1641 5614
7998 1005
1133 9822
3151 9858
7881 3361
5028 8103
5559 298
5446 4834
7405 5152
8750 1429
2532 3887
1010 9944
436 9241
3404 1658
8008 8935
1450 7471
8624 2060
2622 5034
8148 3566
4413 4214
2291 453
5117 4574
7225 5507
9946 8240
4668 727
7104 8378
2167 7753
4931 3646
2698 4424
538 14
2128 1997
5584 7123
6453 1571
9855 9651
3289 4945
9194 1981
2419 1526
9622 8038
8762 3907
9044 2756
9918 1117
9357 8252
1405 6093
1044 2625
77 643
1747 5227
9059 3209
2135 3501
3566 8106
6934 9182
3823 9117
427 3562
8098 2671
841 8161
8608 5163
454 1729
9987 8519
7487 1132
5934 7985
7744 6512
6397 814
2716 2366
5681 8840
6110 9302
3881 3159
6624 511
3803 8497
8227 3064
7347 2456
8411 2349
4073 7234
717 781
3104 593
122 9214
885 9046
3265 1196
3628 9580
9404 1421
7735 6223
3951 4230
1975 2806
8582 9628
9928 1292
8995 5659
4914 7812
8810 2720
1073 6078
9572 9649
1619 792
1591 4025
6348 5044
5348 1314
3346 7113
2985 4170
583 1040
8067 8928
2395 8083
6915 4416
2517 8760
2954 9840
1852 2269
2230 9249
2940 5312
3007 7372
6016 6922
3837 7431
7463 5175
7111 4757
6371 4401
8533 1045
802 8994
9948 3762
7162 876
743 9802
8387 1215
2079 5721
6105 7447
5865 3898
4042 1479
3402 9045
1410 7128
3898 8454
2573 9941
4455 2284
8118 3943
6120 490
3264 8022
6488 4300
989 3984
1291 1292
156 7168
6593 2453
7526 1995
6380 8608
4169 6415
2851 1427
861 7574
93 6093
9706 7339
2192 4211
7148 5569
9581 599
758 9175
7067 2032
6007 1706
5859 9969
1327 7198
9605 3533
9745 6321
1347 8499
4553 9732
3403 8212
2733 5139
6294 7429
8503 2429
9739 8909
8379 5293
8572 7548
1860 9953
6304 7094
775 6199
1014 8761
6380 6460
3060 6172
9758 5394
9561 6729
1430 5701
9709 8968
8412 5199
487 499
6972 290
7970 6166
9866 8507
3213 4331
9688 3498
7721 1952
4415 8645
1390 3869
6951 8832
1936 2471
6317 7088
7617 3290
8700 4006
2502 9635
9854 3160
4633 570
6110 295
3697 3772
4199 5634
9828 7091
4581 9458
2119 8927
7837 4228
349 5606
7668 9360
5792 9018
5337 2278
4673 710
992 4673
9957 3459
8528 9411
6031 7748
6330 4887
6103 2835
1901 1055
6749 8816
3321 437
5419 6970
4557 19
6749 6550
8881 5930
3529 7606
8725 3395
1629 687
6114 7077
319 8149
6158 3783
5498 4818
1124 1439
1107 3415
5986 5725
32 1449
8262 6816
7096 944
4145 9887
9801 8091
4678 3450
4541 3312
9325 6681
6881 6014
682 7430
9332 5185
7555 5056
9765 4805
1099 3777
403 8678
8521 7095
1234 6273
1483 3781
3107 1183
3056 5586
9286 4708
4410 8675
2321 4107
4258 1488
8275 770
3524 435
7862 6628
9420 9328
1578 2682
1228 4510
7028 6667
1658 7427
9729 3239
3535 5776
5356 5777
9824 4614
2799 5343
515 4031
7898 2741
8364 507
4493 3217
1711 1791
6791 7819
351 6389
3974 4878
2787 6073
6781 8219
1473 2717
742 7828
1729 6898
6239 2300
9557 9088
9449 3849
2955 2378
3391 9908
6727 6013
5534 1314
9921 6598
9669 7379
6991 7740
3128 633
2326 8503
3857 3361
2628 2451
1019 9559
950 4963
4601 7758
3032 7240
441 3986
2586 1169
8223 4819
3103 3724
2806 8305
4876 8390
2871 6931
6424 9406
7250 6649
6987 7786
2927 6189
3137 5835
9224 4486
4125 3281
4339 3317
234 4084
6026 8238
6801 4865
1985 3078
1308 4464
7865 7271
6004 5366
1041 3160
1149 5150
2320 3888
3609 8896
3873 5074
5793 1505
7087 4068
7156 5513
2025 2449
5673 5362
1237 3176
1248 6783
5024 7848
7006 5046
5457 4456
6155 8987
8174 6012
6150 2389
8882 7523
9753 3295
6489 6286
1238 7264
9279 7375
8091 3291
9083 537
929 4981
1938 5325
9877 8692
3037 8306
2865 9643
5469 9438
7239 980
6138 3052
5078 9035
3514 1649
6627 6928
9364 6862
7715 9981
3257 9764
6471 3890
3039 9680
920 1959
4403 9236
9735 7242
6986 4843
3789 8322
5563 4535
62 9764
2429 2071
682 458
743 4083
4421 4904
3195 6067
1174 4544
8164 6108
7185 1110
6749 2573
2007 6720
3859 5637
5858 4509
9660 5685
6842 5628
4595 9992
4628 100
7388 8926
1087 8112
6617 8299
6310 7030
7832 1850
8345 8452
1255 1360
6086 8117
1326 9661
1867 70
1475 6713
3343 6075
4764 3010
9551 513
182 985
9407 828
366 78
5583 886
7874 4751
6464 3728
607 4030
6716 8671
8864 5317
8992 6818
9396 8085
9593 717
8057 5398
2920 1426
7625 2077
4587 5363
6253 3454
805 8379
433 7732
6014 5440
29 4583
3189 2254
7093 7358
5848 9645
9794 7532
5242 5653
1087 1330
9050 9905
3994 4050
3536 2819
8857 7715
3223 7130
484 6563
9673 6221
4992 5919
2259 3763
4583 5999
1223 7110
2008 2684
6743 6123
708 4239
2112 4208
1464 6968
3224 2790
7572 9939
2307 8013
9526 5870
2526 5598
6124 2787
4813 6898
7443 9486
8157 6184
3757 2472
7435 2135
2270 5205
423 360
2692 930
9840 3925
2516 6606
5223 286
5956 3727
2319 8380
9518 5318
2556 8373
8360 2566
9411 2878
8307 5904
8984 9586
4177 9464
1406 2059
1529 454
1654 5441
4840 3429
2716 3640
4375 9246
1279 454
844 2943
8754 8821
1698 667
9071 3178
5144 6133
6507 2836
444 1575
2018 4974
5648 7633
132 1586
4036 1238
8633 4074
6185 7742
9185 8829
7749 6905
3808 7090
5613 7146
5528 2322
9891 3166
5576 3637
8226 4956
5950 7840
9288 7485
7303 228
9723 5247
523 2071
419 8900
4519 8127
9838 6513
7981 6885
2625 6554
8929 3026
9590 8965
3786 6620
9569 4982
9647 4964
445 971
1162 9987
9859 1323
4879 1610
4353 3940
4442 6246
8852 9539
3672 7795
1104 2243
9914 5102
9485 1985
7928 616
1956 9365
7745 2569
7006 9389
3616 2639
2459 5250
5269 4875
1719 2357
9368 9729
7503 2709
1578 746
67 7970
8287 4775
9263 126
6885 1515
5600 4108
5585 7708
9708 5798
2047 1578
2774 1150
2907 8892
4321 3504
9855 6324
7108 4684
6607 8555
4794 5412
3296 9417
3354 7730
6390 7699
1569 1359
3197 5133
9623 7779
5261 47
9671 6995
6070 2928
8886 292
9074 9689
6387 4841
9532 7864
5678 5487
9773 1394
3495 664
4743 2710
1723 1952
2022 4139
324 9897
5275 4381
3479 9568
2687 1958
40 7257
8085 3178
7381 8648
9923 1284
2297 7653
4127 9318
1895 7757
9602 4026
8273 9279
4313 9918
2850 3212
6450 864
7092 1533
3151 4641
1020 9621
7896 9909
4312 8280
1531 2983
1901 8356
8800 3419
7742 3597
7283 2096
3856 6596
8043 6584
2598 2664
1920 5345
5413 6240
6712 4507
3996 667
3834 8984
6658 7503
1875 1269
5660 6000
4384 9386
5365 630
8586 6365
6169 8966
7088 5671
5298 7012
6796 1586
4668 3028
6784 5426
5735 6414
4311 2116
2071 4249
6359 8559
2430 2732
3091 9765
6662 6753
22 5618
2553 7850
2551 128
9058 2076
111 8774
7697 8051
1669 4202
5442 3356
7374 256
7030 4808
8508 8016
3288 1881
5020 8889
8758 5639
3640 1793
3472 9081
5334 9978
6611 9966
5927 5920
9755 6031
2667 27
2951 8319
8812 7905
867 5481
7265 9704
9540 4178
2849 5264
3425 6586
8606 8821
8930 2802
8852 6357
8959 8717
6418 5714
9002 7979
6447 3345
4480 8900
5112 3103
8341 4056
6092 9513
531 1947
1825 2410
2763 9309
1646 2156
6648 696
4753 8693
9175 8408
2242 5086
8583 1701
8121 5813
446 1124
6481 6509
9405 7088
7895 320
8907 4547
216 8141
7152 6157
7539 3974
7584 5798
2524 6310
9573 9966
6509 3351
9737 8583
7174 7414
9384 673
604 1453
5428 8284
2165 4508
5796 9827
7714 1709
3834 5007
5865 5268
1656 2117
5592 3817
4996 1653
7631 9240
1753 1170
8723 9879
4785 8879
1132 253
2366 4353
5719 4723
2283 5332
1555 2825
9754 8419
2382 7651
1901 5039
5318 474
8518 1597
4856 481
3642 5272
1879 2592
1645 2167
9890 2401
5941 4390
7552 9288
6256 3684
4585 1468
7242 3442
32 8418
4708 3470
8693 32
1778 3756
7876 5208
1574 1267
8083 8665
1749 4140
9235 6046
1800 4198
584 4088
5525 9631
7508 5880
6288 1615
6774 8814
8412 5846
7569 7595
6495 3534
6344 807
4328 1514
4208 2591
9918 9524
3248 3225
5450 921
9201 1710
7918 1747
1164 7591
4818 6055
989 6877
9776 5849
5115 7435
5079 3257
1565 3041
1778 9940
2011 746
612 2885
1762 3440
793 3428
8124 4947
5490 6102
8644 2709
2437 4213
8181 2593
4749 4413
1651 469
4300 4050
5842 3401
1523 5147
3347 844
6788 6309
3699 827
8384 7936
2607 6262
3963 6235
3724 8978
7187 9382
3057 7122
8684 8585
2194 8638
6160 5636
3721 2797
9198 4300
4631 6333
3059 9253
9459 8710
2189 1176
1765 7513
5363 348
1465 1485
5694 9437
6406 4659
3594 3785
9708 4876
9155 6524
838 9272
4455 3686
7598 5348
8419 3181
2420 9120
3014 8972
6588 3954
4387 520
8577 649
6643 8553
1287 518
9032 2996
6900 536
6805 997
7886 5406
4805 7586
8393 406
5554 7300
1038 7544
4286 5966
7441 556
1495 9604
6804 6223
6357 7019
2585 3746
7477 403
2955 2723
9754 4298
9864 851
1640 7803
4999 6540
470 7642
5590 6023
7141 7303
1348 5819
2418 5231
2069 4202
3377 9491
5031 3521
4977 4644
5944 6733
767 6842
5516 2927
6507 4248
9495 8505
9034 9642
5452 5956
9562 2297
3908 6455
8758 1667
513 7478
6974 4246
7368 8891
8805 5020
928 6800
5614 6031
5805 8225
4910 4071
994 1825
2589 6280
6791 5543
8616 5726
3599 7007
7350 2220
6747 2889
2729 4460
5667 9663
5789 4816
2612 9332
1464 6105
4518 9449
3585 7045
2870 6252
6644 1532
7390 6343
52 8961
8407 3198
8933 9545
1054 9731
9052 8303
7425 4420
9243 7743
7799 6183
8606 7539
6737 7587
6081 3624
339 7529
1092 7407
7841 5203
923 1190
2578 8843
8860 4678
4441 2867
6998 417
3932 9518
3978 1396
1063 2435
4172 6285
3879 114
9899 4815
4071 2725
7382 3595
8097 6825
5608 8181
6863 6763
234 2833
1688 700
708 4600
2382 1794
4639 3761
4828 9426
2886 631
6706 4256
9466 1505
1503 1756
5002 7945
2769 1035
5880 3818
7369 585
498 9596
9645 6263
5757 9091
6993 1524
147 7122
1834 2932
8274 8976
3531 9219
1409 8850
7976 2483
666 3419
7711 4381
9775 118
9737 9886
5944 1780
8048 513
5962 4542
3875 9833
6286 5366
134 2817
2343 4012
3940 2061
5126 9588
8582 3969
1263 8549
5259 3828
9037 3746
1876 4292
9621 5347
1608 4720
2463 6788
283 4828
9199 6010
154 2135
5893 9841
2340 2738
3451 2146
7859 551
643 5799
3404 8301
1716 2680
7432 2624
638 3562
4796 4643
2203 7100
3099 1711
2327 5410
4791 9029
8175 6498
1003 8887
592 7415
5209 1290
8582 6327
7105 3727
1218 1807
1458 4997
842 7321
6862 78
5254 6922
1503 4913
2918 6994
7503 9977
6630 3336
2826 5807
8736 1852
165 1069
3698 9378
3810 5827
4012 8314
6374 7815
5381 7372
6880 7281
9513 4435
3366 3395
3232 6773
777 3182
2178 4553
1180 7395
9668 4685
8770 356
6316 5113
2753 9563
4954 57
2351 1255
6311 1067
4861 2643
5898 6071
9884 5940
6001 7406
4541 2714
8866 576
8924 9375
9899 3807
4007 1443
8395 3821
5669 1183
7553 7597
2699 7968
9894 2679
2808 9679
4961 8868
563 4766
2251 6588
6347 9382
1272 5121
8588 3983
6846 303
1222 4043
8509 7150
5734 2589
2071 8409
3041 8320
2713 5962
1189 9158
5421 8941
1368 8671
6539 8129
7894 403
6816 6705
4501 6604
7151 5413
3466 4615
1449 8896
6667 9216
1632 1142
3592 6018
9929 3161
347 7305
4411 8842
3215 2352
4947 8901
6640 4024
4554 1537
6807 4645
7796 1238
7939 5429
6149 786
6115 560
2103 3563
6221 6191
9229 2949
9192 5838
4912 3932
1304 4245
1010 4297
4059 7664
7869 4645
643 6601
485 7845
6586 7485
4110 9018
6955 5022
9502 4554
1276 3832
4417 7912
212 6919
4904 9516
9311 9227
3511 1246
6809 7748
8073 23
5748 5897
4360 6346
9338 3701
7764 437
3633 5388
8231 3883
932 5152
2688 7513
6153 7760
5791 5801
4402 8160
5991 2705
415 4126
2161 3326
3815 1199
6458 8325
7580 1293
5485 7414
3810 7435
134 8658
8454 8255
8066 7528
2675 5707
5144 106
6889 2216
9883 2394
8683 3640
1234 4343
5322 7694
1228 8242
1534 7494
3323 4045
7094 4239
8297 5005
7353 5064
8557 1497
7149 5100
6612 425
9642 5656
2728 9294
2919 3648
5159 6290
9284 8868
3597 3024
4449 507
7401 3570
5265 7462
4242 5588
8440 9236
3533 9472
2382 1181
1933 5046
7702 1070
2381 8214
3696 1232
807 1719
4684 3955
2593 9325
913 4811
9494 6845
6716 4495
3816 6071
2198 9446
1787 823
4883 3872
1114 6811
6348 4596
7799 7995
9997 5096
9411 5208
8910 2001
1781 122
6257 1301
9563 6136
706 3105
5428 2298
897 7102
8483 1039
9294 7042
112 2340
1495 1041
2135 9257
2272 7791
5861 7095
1689 5590
3867 7548
1523 7637
3684 8588
4891 1358
3880 5958
8275 9429
3035 6620
7362 2775
2537 4922
4078 5388
7283 6732
2777 7958
5054 4955
3386 2077
3228 8122
9723 6519
4128 5490
4762 2067
5647 9989
2703 6285
2507 191
5154 5190
6560 2575
3679 4346
9385 8716
1812 3771
8776 7323
6281 3805
3414 1732
6143 7037
9814 9991
9349 5816
658 7944
4676 4540
9385 4408
7726 5225
3034 7646
1661 4435
6783 4093
7521 8836
3107 8812
9939 3219
6065 4932
7877 1209
7915 4057
7758 7402
182 8305
3598 2094
9211 5528
3240 5685
5674 565
5975 9730
1353 4026
7063 8365
3056 5332
5110 7503
7212 2046
1019 1683
5019 2611
8173 7741
9083 7919
4680 9112
969 3308
1664 6474
2010 6565
9460 5467
1060 237
7472 3871
4819 1405
9262 7112
5318 657
1235 6306
5149 580
7925 343
8066 2861
7012 2555
3329 8822
3651 8004
1833 24
379 7694
6765 8762
8543 4157
2523 8717
149 1597
918 8592
1895 5060
244 6669
3715 6092
800 2157
4584 4220
597 9512
2039 4525
1336 4955
2077 3297
1442 7882
3497 8087
5586 2108
7748 3078
9537 7833
1811 6146
9660 5437
4932 9902
9215 5657
4814 3666
5123 2533
3209 9219
3466 5071
3859 785
8920 4936
8200 7990
6270 7199
5964 3624
7424 8314
9938 8594
9095 9177
7421 9968
5854 7374
3383 4681
1684 6151
7525 6700
7078 4371
8935 7466
3536 3710
2745 1163
5781 3834
3541 8809
623 8095
535 1631
2420 2524
4691 6780
9761 7839
1403 7688
3792 8125
1281 1765
5845 1203
165 610
2514 4179
4904 2627
2652 7648
5996 2450
5343 3902
7501 8406
8255 3708
1696 4589
8101 988
2108 1631
5631 460
1103 4913
8112 5969
2105 3239
8900 7236
3115 6979
152 5120
8154 9590
173 5120
6491 7998
4194 4833
1524 146
7566 9001
5249 5675
3367 9527
7183 2059
7834 2523
1684 880
6024 585
3616 1974
6574 3544
5534 864
4842 1793
6108 4673
7792 9956
6239 9435
8211 6937
3222 8892
1829 6458
8985 700
7895 4060
8024 2538
6557 7319
5282 2548
1885 1015
9806 272
5765 2910
3806 2551
9748 5932
9353 2281
5967 7612
7322 2148
6401 5617
3128 9090
582 2687
6589 3740
8083 9739
6456 6578
4142 7704
9878 2653
3090 6129
2761 8147
2704 9892
436 9166
1345 1309
2480 6273
3079 6342
4251 1531
4709 3038
4603 4831
1825 3562
9799 3804
5279 1993
8535 665
818 2530
4574 6481
5051 6253
716 2225
7734 4196
1775 9446
2446 2656
8132 6494
8938 7558
5940 9487
4572 4601
9553 8938
888 9580
7609 4176
1247 4135
8527 27
5005 5243
4525 6129
540 3614
8621 7797
9660 4541
7904 5924
5893 3536
1822 7248
2631 2286
4050 6199
3608 8360
1372 1037
8825 9026
287 2192
8897 6675
5710 6250
1114 7816
9946 8676
4646 4915
2607 2811
3932 474
2524 9317
4190 9057
3200 7971
1821 100
7377 8096
291 7038
7019 5997
7035 1029
2647 4898
7468 222
482 3005
4538 4798
588 9746
3812 5562
6727 4699
1171 6349
3061 3362
4917 2408
1117 4571
2889 3078
1405 8824
3837 4782
799 3186
5948 7049
8737 3231
1030 113
1287 5466
3628 5023
7822 8861
521 6459
2210 1125
3471 7458
2358 8781
6816 199
2903 2209
177 9609
5448 6159
3198 6373
4153 595
1673 5128
3274 1234
7328 9987
6991 4088
9067 5129
9680 7903
5630 7605
5404 7636
6925 3790
3144 1402
9746 3605
1090 8365
8097 2565
279 6730
5219 2357
2104 771
1524 403
2606 257
9490 1709
2514 5362
3495 7838
6251 9238
9736 1677
5783 1266
8690 9270
4071 290
3922 9596
9156 5400
2081 6087
9627 7697
7508 7148
3610 2233
4844 828
8399 3530
55 7424
4424 5456
38 4756
5374 3274
8831 6454
9471 1521
6020 4345
8596 7791
7882 6393
7568 4036
4514 6816
942 9504
272 5630
4009 588
8962 8898
8008 1286
2302 5087
5720 8539
2994 2145
8186 242
1921 8208
8317 9658
1757 2934
1893 1409
8252 597
485 4307
1070 4576
4880 8203
9482 7979
2701 4657
863 7911
9478 6349
5473 9055
144 3253
2942 7387
8485 4541
2509 347
1351 7495
5176 9752
6851 1685
6245 917
2228 6522
1765 7284
3855 1518
9638 6346
3229 4924
2799 4901
9352 423
658 9015
2664 4254
7107 3514
2897 2630
1215 9979
3228 4092
2041 884
7405 8373
8189 471
2727 6045
9038 2291
9377 9812
8706 7217
8727 7986
7676 6464
8939 3676
874 3493
6653 7383
4752 7451
9505 1802
4484 8720
6061 2379
2158 4407
2743 8250
4316 9271
7438 3685
8276 3639
8273 5425
176 2892
9280 3746
2173 7538
7989 8753
9977 9927
5215 6916
5972 100
7465 9211
6208 7862
6822 7522
1490 8549
4881 6398
8851 1569
6763 96
5543 8811
7217 4490
5665 298
99 9611
9784 8132
7956 2481
2035 4048
4242 4222
369 4170
9473 2486
9306 8372
4291 1484
1821 6146
647 2788
7962 8945
4592 4817
4827 2259
5913 3982
5817 8177
2288 1240
6784 3561
9588 9758
6648 9344
9033 5143
6444 4766
3284 3098
5038 4593
4748 1287
5452 9367
9590 1332
2613 2726
7312 7750
9518 8873
3745 7099
3496 530
9295 7438
5938 603
7443 7486
6691 2101
7542 9744
5684 6805
2108 8831
9410 4168
3741 9302
5307 1072
1220 7211
8476 8267
5945 3092
771 2273
8694 4843
4976 167
3325 6244
9199 2314
7785 9758
5278 7711
2332 2232
2891 5288
2691 4970
9835 6292
1592 1745
6523 1706
8972 2261
1752 9634
7146 1659
8489 615
6149 7859
2722 9410
5562 7207
2650 4460
1879 4312
2877 7493
7773 9226
6672 1826
3511 1249
1561 9874
5521 3576
6434 2430
5239 6565
2378 3258
9207 2678
7222 2841
8477 4942
3824 2872
2011 9100
4534 3733
4012 6850
1671 3337
9201 4851
9447 7674
4527 2469
7170 1303
112 6546
7314 9278
4148 4249
3885 8210
4926 1677
6340 1601
3807 441
8009 5637
879 6148
8972 2819
6864 3889
3714 5726
4713 7593
9129 5066
2926 2718
2725 6833
4456 5045
1493 5720
8596 6567
6904 908
7581 7020
4047 49
3209 8197
7214 6412
8164 7967
5728 3143
8847 8197
85 5872
4949 4016
2563 3416
9222 9918
6495 5192
6014 266
5751 6995
3637 322
1547 7697
4468 7044
5220 6740
8207 6392
2845 737
9019 2578
799 8708
217 4353
963 3133
995 3993
2036 1142
448 6362
7808 6795
466 7804
195 2064
4834 3357
4573 9783
8610 9370
8132 3056
6195 5333
8754 5857
7984 3368
8427 3654
8729 7261
3641 1579
8520 3185
4721 1002
4889 5004
9521 7693
2488 6520
9907 5004
8266 8578
6908 9562
2371 6139
923 9739
8523 3569
9112 6571
4294 5894
1478 5127
9873 5467
1731 5036
8962 8678
5633 7101
2223 3892
666 5496
4041 2708
3854 5357
8212 849
7889 4428
5047 4522
7881 1025
5987 3107
2820 6225
7298 9435
7700 7044
7381 5826
2737 8953
3845 3217
9041 1323
8703 3222
8925 4334
7643 5705
4206 3447
5398 3406
9108 304
5002 1878
2914 9224
3564 1230
30 1768
5779 2427
4674 2567
4652 1563
5967 7872
6097 6158
2732 1633
792 5398
6512 8785
6398 2596
213 587
6530 9398
8144 2301
2669 8974
4241 3418
7120 4861
2375 700
5566 2177
4958 7956
5535 6343
2526 8680
6004 7665
9525 5007
5781 3602
3474 6168
7283 6691
7282 1586
7746 3316
3426 7407
3399 2853
8922 6190
4298 3253
2555 3951
2633 7951
3333 9462
9829 260
6092 3092
7072 2359
1859 2152
8172 1207
8504 3908
2656 2091
7868 310
8039 2954
3415 8995
8622 9007
6573 8797
1573 7914
4142 4270
8415 1012
6662 7792
405 4318
2469 241
6718 165
7564 810
3301 8844
8081 2831
1630 8880
6734 2027
3998 481
1554 5270
5012 5327
9711 6508
1323 2131
8873 3640
9702 2128
761 5410
7668 2976
1754 2462
3394 8659
4335 7572
7059 4033
616 7414
4321 7529
5098 8815
1940 9499
5556 8436
1130 6437
4021 1994
562 5387
2047 2344
7075 8106
935 6389
460 9201
572 2545
4423 6578
9982 6705
4986 2756
9024 1105
8817 8681
2302 7591
8759 1979
9074 1186
371 3666
4130 5889
9880 7541
133 6514
9214 3457
4851 1027
7662 7657
5386 676
7184 4859
2335 6540
9119 1079
7045 735
176 9005
3635 1885
2686 2455
608 6995
9268 291
2885 4423
7460 435
3811 1254
8046 597
5115 7137
1243 2060
7677 2904
9526 4485
5093 8148
9365 1451
7568 4110
8791 5296
8520 4170
2256 4692
3701 1976
3064 7830
2697 1176
1577 7167
3237 967
9370 2599
463 5394
2823 2017
5270 4547
4365 3373
9645 7352
961 9923
7512 1901
7381 4901
1484 2637
2278 7501
4418 5219
7509 1514
5432 1031
5479 3811
5559 6830
6174 961
3990 2714
9702 4414
2932 8256
9029 5210
4351 4179
9406 1316
7528 5980
6846 2790
929 8790
8102 8461
6871 8599
6735 1816
9265 8319
9039 7037
3874 3364
9673 6976
2010 1530
9532 3423
6968 1064
4429 7901
6588 1530
5783 6663
6532 9168
4092 6808
3955 8484
6959 3312
4430 3853
5222 4896
9829 3496
6991 4678
3104 2600
6537 6588
7585 194
2576 7721
4761 3388
3926 8742
5033 9678
2592 9034
7013 755
7722 9684
8306 8713
3530 4992
2214 2885
2615 4589
1733 8631
3991 4134
7583 9099
770 1483
28 2749
1416 6551
6 9902
5403 2185
4789 3645
1889 4596
3738 59
465 5676
5112 5808
2345 4641
8914 8627
1700 5537
7713 8440
2349 6133
9904 8163
7783 3887
4893 3078
2487 5675
969 579
374 5554
6342 9825
3767 6542
5541 2176
6890 3636
5236 2998
8005 2482
4970 749
8520 5976
1470 1008
7142 1316
2870 1548
3249 5047
821 8796
650 8905
1165 6584
7402 3290
840 3960
5459 4638
6520 2420
2910 7745
4625 4703
7077 894
9976 446
2424 9058
6327 7674
2993 7374
4223 1596
9777 5814
6951 2415
8762 1421
2144 6214
5666 4646
2374 7958
5464 7503
562 2792
7676 1644
1344 6301
6288 9855
7774 1087
6032 2117
4068 8842
5564 5563
7787 7188
9280 9904
5559 4203
8467 5258
9769 3434
8952 6460
7011 8195
668 5933
6778 2604
2737 3063
7895 8006
4201 6866
4889 1436
8156 3539
3537 8875
5801 9726
559 6221
7041 3329
7625 3838
4123 7608
7000 6838
7777 6006
3439 506
87 1679
3198 7873
696 502
5470 9820
8526 1791
2711 2492
2698 5856
7945 7254
800 459
5710 3308
4206 2538
7431 5034
7730 6712
3452 866
8388 59
9323 3510
2311 6028
6304 9100
6396 5660
9867 6194
9995 6384
37 1135
6036 4602
9507 4816
3236 4447
566 1200
5169 6989
3522 3216
6056 674
4546 9002
188 2196
4389 5403
2110 5424
2716 9151
4363 2502
639 6068
4256 8092
8294 9580
7871 879
7917 3638
9701 8905
2251 6851
8345 5312
5176 8597
7732 9740
1597 4048
4687 443
297 8652
9300 585
6258 4188
8568 4318
4108 7455
7046 6630
3346 7478
7744 4268
413 2221
4507 2723
2214 4916
9747 6158
2698 7549
1769 9900
7642 6816
3309 9568
9388 2443
1929 8125
7721 6874
4855 6951
8551 9056
884 1922
1247 592
9958 3148
318 3304
4952 7503
3125 1875
6916 2486
2299 5594
9226 5508
1527 1762
3740 7986
1575 9084
2207 5753
6153 7313
1496 1553
8403 7504
2452 4168
9285 6974
533 3648
6045 18
9914 9682
684 6567
523 2644
8040 9212
7389 4471
3396 7831
1459 9657
8743 3587
7102 9971
9986 7193
4616 9911
4790 3201
5267 6812
3265 9688
3987 3792
1503 9019
1818 8581
5288 5073
9407 8335
7091 1025
7081 5436
7074 640
6463 5144
1467 6480
1494 3490
4444 5128
6605 3028
5183 3384
2118 2820
2056 2780
2724 2415
6040 2729
3453 2038
717 187
763 7464
6875 811
5498 44
5988 8828
910 1741
7983 3662
2723 1721
858 1281
7908 8404
2875 2032
1132 9969
7970 9683
510 5790
9326 2402
9517 8150
533 4909
7323 4311
8121 8295
4837 252
2042 6771
7191 9541
174 1746
3855 9301
8904 5394
9553 2856
4664 213
1242 1773
4460 5260
821 2003
5781 4574
9381 4861
494 3098
5306 8047
1720 6270
6530 9884
7301 7924
6951 8042
2636 5624
8359 2864
7008 9083
4805 6178
1582 5221
4439 8247
9443 516
7225 1604
8361 6700
1098 9514
2671 629
3957 1040
8761 5831
9997 8732
9582 9988
9387 4399
9241 7345
2496 3523
9130 863
5560 1352
3505 5744
2301 1406
4903 6869
7130 1133
8317 5340
8894 1541
1714 5446
6109 2693
8677 4675
1674 3188
8417 1466
1072 862
428 8321
7318 8917
2792 2472
2792 8425
9506 9801
2917 6147
7272 7175
8788 6183
5117 5634
6349 2543
1170 7876
3893 3897
5661 5538
4645 4070
9178 6702
2952 1584
3657 8534
1812 8522
9599 175
6425 6874
2526 1334
4190 2403
1441 4055
4496 6007
4906 4542
2257 4610
6165 2957
7945 3092
9357 2532
9381 7364
1506 7461
7027 5232
5839 812
687 5265
1092 5121
2807 8006
3321 519
8191 3865
1187 6514
7826 4165
2245 8967
5516 9297
1391 2386
3050 9933
5631 1328
9421 3384
9818 1006
262 7188
2252 5224
7642 1914
105 9128
4126 2431
3361 4125
6253 585
2632 798
1840 9493
7003 5071
9170 866
8102 7413
6960 505
4027 925
8926 1349
4952 4629
8817 8431
5260 1546
7679 7570
4897 10
2436 4950
8261 6600
2152 7067
3725 410
6212 8525
4133 9331
4062 8514
7866 250
3823 7873
9828 8514
8786 9761
8071 6744
6714 3598
3391 9956
6164 2847
8644 5631
4754 736
8467 6284
2746 984
4985 3739
8539 3761
2870 4615
3973 522
6289 789
3309 3598
2469 9678
7961 4470
9344 2824
4213 4556
1866 743
9929 1606
9212 5003
8685 1931
866 9170
1590 9171
9981 1065
1521 8752
9242 9730
8110 7700
5330 2928
206 8197
8344 3661
1319 2697
9437 7183
1947 4776
613 7966
3458 3966
1932 7276
6639 873
3254 9591
9085 1073
3704 9211
7865 2777
6256 279
3739 7108
4404 4571
9643 9411
3148 2526
3935 4340
7042 8067
8325 9493
6364 4673
105 4703
799 1241
6410 4979
7278 1716
5044 1220
5177 6945
6531 9812
1560 3500
9977 7026
510 423
9106 3642
1090 8759
9194 7243
6123 2623
779 8242
4048 1639
3895 8702
2900 9900
6590 6758
6179 7428
1387 1126
2691 8805
4013 4515
6308 922
1882 8061
3179 214
433 5496
762 7477
9413 9712
8844 2653
417 4932
737 370
9450 3293
6128 382
8328 3106
3103 1306
1794 9559
4448 5664
513 6971
370 9512
5760 8207
5426 3536
7398 6216
1384 8063
6554 3064
3979 8329
8682 5146
492 3420
2995 3392
2876 8621
7943 7088
309 1007
2543 6430
2375 6337
8601 2248
2891 7067
4019 6823
2430 2586
9778 783
8418 7232
821 1456
4503 7085
9813 6436
4609 9817
6363 6690
5796 8924
5418 9391
6664 9611
9028 9743
4306 6500
4438 2996
9486 4210
8806 4223
2119 6094
1810 4019
5841 3859
5982 282
7047 8624
8457 1891
2213 4793
5777 469
1547 4288
3756 4320
3965 3349
2665 5740
3618 3636
9901 4946
7584 9580
3935 8111
3074 7893
7132 6543
1840 6482
832 4880
3692 7721
1580 6703
3570 4793
2897 4889
8973 129
4858 2910
1342 3970
4681 7518
3132 5353
3582 4181
6747 1794
4540 5476
87 1972
4796 9850
7406 3287
8289 1073
3110 7298
8929 3826
2584 4158
4333 45
495 9205
7718 8043
9703 3498
1640 1021
5827 6222
3251 4721
7871 1619
8095 1142
1390 6125
6563 1062
7975 1834
9192 6968
4910 6059
5949 7487
1648 649
4658 9624
9997 7590
9341 4577
333 5910
3248 9131
8777 2965
6286 5620
2332 5379
201 3302
8174 1401
3961 7206
2209 1409
4106 329
9191 9338
718 1
597 4111
151 2620
2639 2958
1345 5830
9159 2673
3350 7590
5856 5341
6536 2834
7621 6742
7404 7965
4469 6429
4178 5482
4120 4495
4945 5460
9389 5391
4029 10
7800 8159
4634 6388
6525 1719
9083 7513
7642 2923
2654 3570
6310 1301
3834 6876
9316 7525
722 3381
8543 9412
5144 3610
1802 7231
1710 2751
7442 4023
2864 6209
5209 1676
7675 1339
1154 6860
6069 6165
5359 8443
2255 981
3727 4657
6675 2574
4036 2805
2510 4098
9567 3686
6802 9474
8853 2970
2144 5457
8300 3090
2002 2789
6372 4371
9184 8402
3067 7971
150 6362
9196 5402
3548 2919
3356 2627
2244 4488
9627 122
1176 746
8591 2023
1079 9128
9655 9388
4514 5067
5297 752
5116 1916
2873 9630
7195 2970
2658 5367
6302 2421
1640 4879
954 6277
1285 9197
3552 5433
494 4091
4153 8101
2874 6269
9046 8528
3754 8546
1021 3976
5220 8607
5634 8408
5000 9190
9957 775
5647 8615
3905 8689
3579 3820
6021 5061
82 8592
806 5558
3659 5353
2389 1920
9754 5737
4069 5049
2343 1820
5607 4490
487 6878
6806 7524
7696 8215
8679 9781
7 9701
3939 9641
8279 6507
1404 4365
5674 8153
1216 6038
5832 9669
7459 7012
2649 7892
4948 7099
9242 8871
4947 5674
2731 783
3872 652
8632 8662
9915 688
1219 7605
9584 1770
2425 8556
153 6596
3615 9461
5738 3845
884 7307
5939 6449
3897 4636
4500 5670
1864 6008
8461 3221
7963 4199
8785 2946
2535 4074
2307 5462
8747 1282
6719 6862
3779 5233
5310 9090
3372 5548
6665 2457
241 4588
8688 6450
4034 7223
1081 2944
7361 3123
661 835
8695 8376
5164 2482
9310 7004
671 8826
6947 8073
3267 5105
65 1377
4033 5110
9084 6933
166 3134
8372 3438
9171 2921
3360 1599
9220 7003
5152 5234
1040 4389
305 5859
2312 3287
7771 7321
5191 6912
4509 3822
8137 5959
367 5557
1669 7150
3340 5402
9352 8121
3647 9771
5618 7761
828 408
3446 9994
3160 8719
9624 4838
5694 5583
7840 694
6406 4631
592 1848
8175 4892
1798 2120
3104 6955
1547 9149
2118 7214
7731 8654
7486 5337
7406 1504
3260 914
1135 2947
8652 4514
4103 2754
4277 3708
4583 9936
1407 4169
4278 3750
5728 9038
4778 221
8175 3971
9320 1421
8196 7980
3218 4507
9867 287
3531 8388
616 2945
9650 8692
1575 8376
5546 4604
4116 3521
6088 1960
1366 4965
6765 7915
1038 6597
7307 6618
6821 7111
2759 4342
3818 2438
3268 8679
9729 7817
3996 9936
4956 7662
8102 2008
8294 9384
295 9539
7735 47
6875 6945
8702 1877
3271 9357
4327 737
3148 4025
9205 87
9582 7025
2624 2340
7539 5827
5479 5987
5165 8494
6820 7134
9125 5428
9323 6229
4318 2916
915 4447
1721 2134
4683 203
2559 602
4414 8341
4542 2311
6986 5443
9773 1324
4633 4100
7030 8253
5322 7775
5015 7720
8220 7973
478 4718
7227 7754
7211 864
5320 9997
2363 5550
7908 1679
9934 7909
2570 7879
2983 6010
3175 7968
8318 9141
1241 3685
1070 3600
9745 5634
191 9645
2369 9421
7316 4455
5374 2879
6988 2593
1448 1834
5356 3169
605 8786
1005 3274
8797 8971
4385 347
6313 685
9478 6953
4699 1198
7093 1828
7431 9576
3759 7221
5586 8546
9344 2944
2630 5052
434 2292
8113 1332
1918 9804
6979 8957
4571 6341
8435 3506
6222 245
4937 8656
3649 8877
851 3989
5786 8308
4511 3556
4296 7131
1568 4255
2708 7370
5129 2050
4539 7892
9287 8006
7611 2558
1832 8487
7499 3672
1160 1433
4171 2441
870 3573
3785 6977
9812 4684
7743 2816
2836 8194
8723 6310
6392 5914
136 956
4977 4146
5051 7274
5424 1992
3468 3406
8671 7509
3554 8394
8241 6606
1993 2985
6705 1761
750 3742
7132 9136
2335 6473
9576 9295
9005 2240
8325 9187
1064 4200
473 8650
8165 271
7673 9318
5935 3778
4138 4508
2840 5160
121 4319
6570 2970
8913 1239
5079 8963
5724 8501
9903 4988
6531 9949
5014 9777
2569 799
6259 773
4452 491
2388 4865
6028 784
9767 6046
2302 4156
4441 1207
8453 3078
3550 9436
6121 4138
824 1740
4034 5980
7652 9252
4042 620
3598 2451
1098 9948
7928 814
9382 6511
8009 2955
9864 3335
851 3199
6893 4430
2501 1076
5068 6677
9032 8174
4625 7433
5217 8376
2861 8545
780 234
9793 7752
5865 118
2807 2385
923 9627
523 752
3077 6391
6129 221
4903 2065
8285 1114
427 9527
377 5181
4823 4614
3986 4555
6068 3846
6665 63
8694 6549
7165 355
372 710
17 7170
5279 261
242 6010
3375 4753
3659 5052
7781 5041
6337 1006
422 9678
7283 8590
8864 7829
7437 9260
5859 5088
6593 8447
2916 4726
1798 4560
9042 2443
435 7883
8498 4815
1249 3379
7004 2810
2607 3166
3358 7701
4840 3089
260 7833
6618 7519
2549 3864
4003 7042
2485 5197
6093 7158
515 4117
9451 625
7274 4427
7138 3733
5176 4224
3392 969
3650 8213
1445 7668
2597 9873
3119 6519
450 8872
336 1243
5532 9940
661 7620
3773 6833
1872 523
2525 7673
498 5871
7680 9647
1568 2208
376 6048
7477 6428
5243 8810
4018 2528
8364 8603
6684 4867
9508 8558
712 9587
6336 971
7085 9481
2864 4674
838 7639
2798 6662
5737 5499
2021 5500
7547 4037
1154 7383
32 2145
1389 4475
517 6895
8237 772
386 5502
649 8610
9755 1592
8059 5969
4507 6704
3093 5656
5398 6413
5082 6025
5933 1394
185 4859
8449 3346
1560 5284
403 401
9425 6926
7231 8114
5254 4923
7344 413
318 4749
7466 2706
366 2862
3153 9640
5129 245
4062 3435
6699 3719
3014 953
2303 3231
780 9795
8926 3906
6985 2322
6363 9085
5806 5791
4313 1602
177 6621
5440 7147
5653 599
8651 413
3603 87
8139 2607
5035 5597
5464 3610
6650 6501
7305 8648
196 9392
8922 5652
5312 2772
9869 9189
1098 5528
8351 4556
7771 5135
1384 8512
9814 5220
4987 897
4023 5841
7810 5240
1273 3693
4059 8307
7434 8346
85 7326
7344 957
9985 8711
5425 6071
1982 9195
6815 9685
8854 4990
5342 5408
5737 8099
7304 1772
6549 4584
5980 3165
8324 4840
3695 6808
8369 8834
5163 6469
7027 7051
8868 2303
5146 9174
9862 5885
1643 2638
3126 5274
8733 408
1020 7549
2437 9210
3666 9248
2069 3906
7739 9268
7908 3395
6613 3243
4783 5276
8844 5918
5109 3208
3421 3025
1761 1725
548 2260
6879 8533
9663 6432
6148 4378
524 1347
1355 5885
4798 8411
6803 1365
9731 1989
5045 5540
2373 9405
971 3360
5672 8050
9878 2138
3018 6889
9535 9942
4293 4629
1125 2630
3166 2836
6615 6392
2713 4521
4527 4830
1753 8787
8094 6678
4363 7028
8674 7076
5811 9677
5099 7253
4811 5102
2461 7593
5088 8588
1540 8660
2664 1579
382 2290
5593 4404
8482 7142
179 7382
8972 8524
8259 3122
5853 1403
5280 4205
213 7986
5259 9423
9733 8583
2704 5974
4522 2355
9313 1167
912 9665
9941 7311
5865 1835
9904 1221
5000 3389
3222 6680
1552 3262
5974 6346
5952 7779
9253 4428
2195 4173
9079 897
2187 5813
4012 5694
349 9246
9830 7244
9254 5004
7943 8561
6174 8767
7770 471
4071 896
5910 6286
6277 8915
2403 5285
4806 5466
4699 3842
270 8251
58 7012
4184 3374
1217 4276
6172 2283
2690 9029
81 8464
4815 2010
195 7311
2088 454
2391 2942
7234 1120
8668 5836
5200 1624
2075 9671
6756 1350
8117 2716
9799 2994
5384 9678
2330 7296
4346 4494
3864 2356
4080 5635
5434 1508
1226 1466
3050 3430
6883 5658
4727 1958
9925 6495
9992 8058
4738 4566
2437 5580
2816 9230
741 8939
8765 2620
1341 3494
2638 8386
3459 619
9282 5162
6401 3824
8452 5477
79 9298
2317 861
469 85
7132 7991
2398 5211
7899 5127
476 5564
1777 3626
2324 9606
6051 9949
7674 1271
5719 9308
3325 8317
4482 2935
9489 555
8233 708
8885 1454
8810 5529
9317 3146
5945 5475
8584 9917
2127 8954
3120 3287
6338 2124
899 7502
2379 9783
5450 4848
9317 8921
9065 9069
3000 1728
5150 4188
3290 800
2908 4939
7606 7303
6794 5199
9647 8915
7690 991
7662 3875
3808 1139
3858 9361
8981 7677
3636 6252
722 2059
4978 1635
2132 5096
3450 6388
889 9394
2889 8276
9647 8176
2554 5304
4789 5367
6359 6502
5478 8915
7899 2733
1631 9333
2898 1620
159 2931
7384 655
598 324
3426 9105
4807 5973
3048 763
60 2518
4202 1505
8106 7297
7568 8208
1932 421
9313 9705
9209 7065
8240 2336
5704 4036
1647 8235
9661 3090
8850 8664
8747 8104
9454 6036
806 6481
5257 9256
1241 5914
5174 2315
4712 4264
6150 8986
468 8826
5705 5011
9321 7088
2495 5420
4883 3960
8754 6372
7454 997
8711 49
8962 5387
2488 7550
9712 1880
1984 6558
360 3974
4346 5143
7012 4092
2317 1078
3545 3008
2538 3917
9237 1167
7704 8609
6359 4078
6280 4620
7543 245
8571 2912
6561 3579
3253 2735
3577 2716
4586 6262
5348 8926
3780 548
9466 2490
5532 8472
8109 7622
1692 6912
7667 752
7190 8126
4001 1808
5493 8075
6223 2629
213 6148
5715 8281
7693 1902
628 2816
9574 2990
4191 3601
3 9328
6613 4951
2075 5111
5629 1031
860 2009
1508 641
6409 6814
6788 3503
1865 8741
222 9573
813 5061
3945 8812
6777 5117
5046 3372
5897 1456
1144 3432
9300 7547
8350 6977
6755 739
4794 8839
1261 4219
1964 773
9805 7787
2431 7410
3034 4472
7738 5122
325 7770
1684 4813
2217 3481
3950 2657
8385 739
5201 8653
7241 5492
8723 7365
9314 355
6324 1405
8202 1085
7350 6749
7572 9273
9933 2252
9750 1715
1365 242
6352 3798
1347 282
6571 4300
3510 5224
8301 1405
1279 3334
5945 3462
4500 8551
7854 4306
812 4287
513 8936
5724 7852
1567 1309
4812 1247
9113 9102
4352 1700
9661 6642
4517 3857
4959 7547
6435 7911
1792 4770
166 4543
5549 1900
5513 8909
5695 8915
5122 4928
5227 6821
7784 2877
5854 5284
5862 1852
3375 4661
685 9128
2373 5860
7211 5024
2375 6247
4671 9417
2622 5834
1084 3665
9997 800
9834 3661
3972 9710
3867 6083
2829 5574
549 6345
4491 2635
6736 3533
6382 434
4015 5062
5959 9565
3300 7294
9626 2195
775 660
3129 9053
559 1860
9249 2015
4008 1113
1049 250
1340 2887
1500 443
7477 3505
6621 2304
3376 2917
1513 2412
2576 2222
7980 5111
1730 1174
8930 6941
1293 1187
4138 2141
7219 3679
6852 4241
1851 3295
29 169
4640 9233
6296 9445
3872 2819
3687 9706
9473 5332
1674 4178
2538 7142
2169 7500
4835 4028
4813 7026
9737 1553
7144 6313
9879 7249
7623 3381
6822 297
4773 4200
8910 9934
4757 9973
1169 5612
4157 704
1049 9295
5758 6360
1871 1752
9278 3348
3253 1321
8489 6890
1157 2064
1956 8628
2276 163
7202 6278
1526 3973
9485 7257
7978 2797
8314 5701
1983 8207
2694 1088
3200 8999
9786 8151
5431 1569
8727 3211
4809 1188
3670 4422
4522 3604
3881 8339
4381 8493
6232 4631
6724 8668
1376 4815
1534 5576
848 9322
5466 7015
813 615
3715 9995
6910 8503
6082 8970
5961 8006
4764 97
6082 3760
9584 737
1806 9529
8625 750
8979 9143
755 8584
1830 6174
7911 5637
5969 2467
5257 5516
8555 6260
5586 6135
951 1629
9039 2679
7514 8274
4998 8905
920 4279
87 1444
3848 2123
3191 9067
6948 5258
2651 5902
7038 7313
8354 7480
294 8112
2683 1751
76 6215
7110 8614
4515 8902
1297 1945
6728 9380
6983 3443
2523 8255
5096 9739
7129 8093
9605 8434
9824 88
1703 3089
9475 6490
3803 1488
2592 2109
6773 8196
8803 4089
9418 6845
2333 1466
5159 6766
7166 1890
9666 734
6079 5150
559 9181
567 9882
6519 4179
9226 9542
7937 4093
8735 9480
6606 4208
8061 1085
1994 3501
1553 5058
3642 5157
730 492
2425 591
980 6907
2524 1680
4743 809
3480 3406
6508 5640
7432 834
9124 4220
2363 2025
7332 3183
6758 5308
8677 1300
9512 8502
1012 4686
8138 7968
4347 2480
517 8224
7179 6334
6089 847
5581 1387
9122 911
6127 4446
5255 9560
2274 619
9566 6484
9012 5729
2883 9393
6253 4882
8070 9986
7026 6956
529 3682
1134 5214
4906 9143
1686 4463
3287 8459
1884 9993
1941 4854
4112 5796
7810 8800
40 4619
3494 974
9916 6876
7306 6432
2337 107
4 9076
6029 6371
5056 9128
3056 4133
4732 1479
3635 786
8323 6142
7030 5650
3117 4262
3407 6290
5866 4492
6434 5864
8055 7772
4729 3709
638 6167
3122 1110
5740 6275
8923 6275
9932 5127
6480 3333
3875 8292
7760 556
7970 759
8148 9830
7147 3994
8474 2170
5360 679
1475 5626
2235 97
3349 506
2758 5332
5171 7554
9843 442
6933 1474
9776 9698
1690 4490
1000 9076
1477 7283
4100 4441
8125 5074
456 4494
7465 5616
196 8923
1419 8976
8688 6653
3985 8172
944 4299
9452 1289
5132 1908
7716 7771
4105 9761
1322 4633
8428 998
6560 6929
4045 8443
2220 8571
9100 3649
3999 2998
3175 5088
303 8250
6200 7390
3709 5032
7072 2985
5870 2820
9949 7042
7684 6
3637 7785
2439 2964
8430 2433
6354 7907
4250 9326
6108 3802
4930 6327
3249 9709
7138 5172
3434 1250
2437 4070
2861 9909
9048 9526
586 87
3587 8366
1682 177
7753 7354
3014 3987
2202 6981
4569 1550
9793 6200
8101 8386
5003 3772
7406 3136
9672 8067
3092 8
2101 2143
4831 7916
320 2934
6854 2251
2100 1631
5964 5366
2 7060
6833 1264
5783 9047
7368 3632
8124 407
4286 6156
1842 4293
4992 5473
9525 9442
2270 7009
9186 9114
6546 3613
7932 238
5521 5836
4972 901
6552 9283
1055 819
2723 2419
5804 727
37 1820
8857 520
2853 7559
1208 3558
8802 8529
8575 5565
2939 9530
96 7148
7784 335
4493 4503
1857 4805
2193 7567
8355 6815
6976 7879
8937 2930
6976 790
1943 5765
4568 6184
9591 6026
680 6708
842 496
185 5817
6221 7554
1306 1547
3568 5402
8940 9504
6471 3105
5245 7506
8253 7641
4064 2216
8234 7389
8560 721
4609 4698
4109 5859
3073 8059
5045 4961
8890 2337
5566 3940
8063 6618
4933 7318
7538 2315
1725 5695
2920 1624
7202 641
8854 3947
7323 8124
8050 7622
3245 4020
9375 9931
7993 4123
1577 9406
5601 6209
8158 4449
3084 9729
3402 6889
4862 7499
3070 4813
3603 5871
3139 7319
5793 9407
3270 5979
3715 9775
2606 9182
2369 7058
2911 3560
6111 9214
7719 4741
6263 4115
9490 6554
2427 9225
8828 8206
5591 9305
8835 389
8794 2809
7205 7279
6838 2108
2414 4277
9755 1799
3887 3434
4718 5701
8372 5010
1789 9719
6400 678
9075 8266
6191 5196
3750 7060
5394 2598
5560 6085
7088 324
2189 2498
3893 4467
7596 3397
6370 6852
5149 5748
8702 6321
387 1541
5450 5537
6512 3263
191 8486
1416 2334
4385 7238
8402 9620
6765 8641
8262 1476
1511 7342
3471 9637
4796 8216
2846 1216
4958 7365
8211 9228
4196 7721
4195 5108
5862 1918
5826 9141
813 8768
7786 8882
2323 8282
3592 1033
7735 7754
5214 1138
9814 1141
3335 8731
2455 251
3688 6999
376 5209
2660 4703
3505 8706
3028 4614
7033 5575
5728 7213
3535 6541
8580 8926
8067 8896
5335 1809
8956 7133
6328 7732
9497 5107
5019 2790
2336 8112
1720 1529
4584 1817
4589 746
1693 9423
7980 4120
7770 363
7894 5855
7448 2701
2297 2526
8054 1181
792 6228
5415 6497
9851 9748
2703 5979
1730 8346
4921 7473
4369 5534
3065 5543
2821 4002
3703 1052
7171 1824
1139 6527
3913 4965
9570 2974
4802 9684
6168 6713
1740 3267
3139 4707
1057 9660
1901 6744
3037 1407
9206 8157
3802 1961
4012 1097
7249 2532
9962 3833
4473 9626
9399 1269
9930 1718
1297 5096
3251 9117
7699 7555
2313 4862
8386 2261
464 3594
6646 664
414 2385
5238 3937
8193 1803
2349 4304
4087 3005
5844 6905
5334 7928
6086 1931
7631 7683
161 4925
9286 325
9072 543
52 3224
9452 5553
9451 9412
7893 8878
43 1172
6072 8251
980 3966
4019 6936
8185 6596
5112 778
5699 8912
6078 2792
2790 3
2501 2073
2714 5492
7784 1935
3465 7595
1065 7317
1982 7345
833 4094
575 5099
1425 1380
2527 987
488 2236
4088 433
4107 4076
1664 2108
8864 5736
399 855
5795 6691
636 9458
5134 3145
798 1489
2913 8400
3870 1506
9140 327
7642 4882
7579 2208
1686 3861
9751 8509
2249 5008
1640 7016
6640 9138
2696 7509
3706 2881
7514 1210
9174 6043
5343 7415
7037 4425
7555 8092
6570 9452
6472 5055
424 6820
8266 1340
1497 2726
9152 4215
871 6115
2041 8797
6344 9258
9288 7032
2894 5632
6671 3929
3646 8640
7596 4632
6910 2240
537 4512
3240 93
2631 6984
3381 7511
4021 4178
760 4789
3760 9719
4075 6176
3503 7108
3165 8139
7944 4509
8632 7759
6685 8441
6555 5666
8373 5244
988 6652
1207 5695
7967 4291
7752 4969
7216 266
1975 502
7543 2406
4353 484
1608 1947
2510 6933
4380 6703
3102 9119
2141 4055
4050 1526
1232 5989
4983 5839
8687 5192
2690 5046
3374 8625
7073 9766
9111 7438
4816 2017
1325 4631
9661 6609
4421 4540
8875 6080
266 430
5818 8138
6451 6194
440 7701
2988 5458
3819 6438
1871 9596
7159 7756
704 9661
4722 8354
9431 7975
7958 7544
3637 2256
8019 2178
7191 3515
8747 8277
6523 5079
8524 1736
2916 2466
5576 9560
293 2285
585 2270
7087 4543
280 2930
7048 1675
9760 9179
9033 3378
8261 6151
4739 7093
2162 9441
2879 9091
2871 1107
7611 8158
899 834
9370 64
2293 2469
2711 4171
2263 955
4680 1877
615 7298
9668 6606
8707 4582
5986 3367
6985 3725
2566 6954
6549 2563
3323 4896
9600 478
1979 8056
2958 3955
5191 9214
8714 4609
1302 5710
9826 757
4091 999
4591 3357
7223 1082
2707 2462
8849 2829
8965 5542
6655 475
3389 9267
7927 960
8279 3788
2630 598
3456 5069
9376 4057
5814 1492
6051 6189
2830 5680
1200 2933
929 43
9854 3062
4631 3171
7323 8231
5736 7012
4972 6322
2651 8820
9123 4915
9309 6183
2788 6152
2744 6298
4671 4134
1055 8621
5523 6359
6810 5689
9842 1054
2680 1230
648 6375
5935 4513
2926 2401
4692 8417
8181 9675
4000 3455
5796 7468
731 3333
8305 7699
4608 8215
4147 2444
632 7230
5447 6604
9699 563
3306 3048
7850 7021
2262 7554
9754 1220
9419 9151
3057 7598
5108 230
2760 3956
3803 8431
9244 2648
8854 2208
8258 5134
6705 5559
2567 3001
2901 707
1100 636
4099 9225
4016 6935
3918 4882
998 6925
4746 4842
2357 7825
3072 1671
7955 1345
5565 328
472 356
5971 7397
8156 6498
1026 5023
882 2046
1234 464
1627 2438
4422 6098
7603 9717
939 1254
118 5322
9102 7840
7710 5171
9675 5603
240 5760
8839 3361
6091 9197
1020 6951
6767 4047
9617 6768
2505 7925
8446 2377
4890 3585
9191 4106
2727 3046
145 2688
1432 3193
9175 5904
3854 954
4375 5759
2004 8737
9889 8642
7605 3567
4595 2805
8997 6847
4970 5334
56 2092
1949 7121
6439 3087
9905 9308
4363 9686
6905 8455
6519 6205
183 8296
2015 7193
9445 9850
4511 7908
244 4393
8973 6579
9183 8630
6321 5094
6600 3851
5782 6017
7663 8962
6621 7029
3029 1917
8649 5018
9832 6056
5803 8923
1715 716
4736 2716
3971 8881
6908 4310
4236 7578
6585 3930
7647 2250
9954 3024
2843 7819
7480 4781
6481 6816
8577 8517
4475 1589
4617 412
8036 2966
5888 8764
5185 4029
412 7421
4060 8014
358 9598
380 9309
3438 4489
4091 7812
5066 7739
598 4915
3021 6459
4698 6192
1932 847
9716 1099
4603 8484
2517 3810
2015 6163
7685 9401
727 2679
9483 1860
2121 6078
4882 3888
7020 3245
1378 3190
8528 1354
909 7542
7020 6756
638 1937
8010 4746
3910 6225
8940 1607
2235 5663
7451 8399
3292 2350
8203 5675
3433 1771
1545 6084
8690 5874
2338 1619
9212 4608
7174 9964
5382 1707
4405 7420
9537 9421
2709 1893
2096 5730
7215 6354
2533 7886
6389 2296
6561 9501
4188 5774
336 3978
5594 1997
5316 3963
7434 5723
2814 1699
5050 7546
3299 1634
275 2037
9717 1820
599 11
6645 9705
1011 7790
8299 6327
3946 4777
4040 8328
7832 1521
3166 1659
4059 912
190 8244
2663 6392
7805 1379
8670 7928
3631 8397
550 6215
2977 9024
4526 291
7871 4728
1468 4202
1106 6731
4030 8289
9246 75
9325 4722
402 7364
6187 4174
4105 8606
3300 2149
8504 476
8292 174
510 9618
9224 9499
9509 3600
4342 170
5125 9092
2922 1390
4689 4103
9139 1600
2623 5359
7607 6867
1449 9783
4359 4636
9681 1667
275 7688
3862 3429
8844 6521
1227 5242
1005 8834
8175 9260
9842 7824
3179 15
4919 1429
83 5492
229 2152
9438 3489
1194 9275
4524 7610
5254 1327
9184 647
6654 1285
6025 6529
3559 5907
1366 5469
7940 840
7653 3757
2794 1761
3590 668
6936 1798
1390 8140
8263 3060
5698 1633
7401 3934
4451 3359
5675 1555
528 5828
7701 6686
1479 3953
6872 3324
7274 6542
1702 5316
4726 3346
7235 3473
6560 9898
7890 4058
2889 864
2742 3153
6425 8712
4704 216
4464 4542
1985 8003
7566 7318
4579 9637
875 6590
449 7401
7543 3028
4102 6884
313 755
5021 6375
7853 7662
3630 1824
5691 6976
2022 3474
7017 655
6165 961
2784 4855
2831 9423
3787 4810
9438 1889
9052 4334
3854 9868
8115 1165
7421 8589
9209 7274
6258 4890
739 5133
5717 5631
1758 9872
7668 2810
6719 9501
7830 4295
9953 5935
2891 8588
1485 1339
9633 4381
4335 653
1755 2050
675 4233
2066 9767
7500 2697
130 2994
996 1368
7049 9050
3211 5541
3874 7958
5360 1146
3235 2649
6115 9782
311 1732
1012 5845
5967 5006
3430 9074
2723 9532
686 8188
3339 3236
1801 7138
2476 5163
4916 7127
9723 2645
20 198
3327 9355
325 9951
2002 3147
3681 8599
3468 9662
125 9951
3107 8811
9476 4191
3897 8435
703 739
2018 1170
7687 768
8164 6575
9792 4793
3262 7088
8046 4812
5305 6994
1728 5737
8208 4093
8223 9137
4003 2568
8871 9960
9686 1853
9153 7910
2085 4399
228 191
3891 7936
5524 9158
8573 3853
3637 6670
4050 1086
4354 6063
1113 9141
6199 3104
8237 7710
5263 78
5099 1724
4466 7804
8983 7704
1214 7594
1967 1221
6206 2563
5073 140
932 4960
3433 3900
3957 8831
5651 6575
7507 2723
6141 5877
7648 7692
5262 6086
508 3492
9287 2061
7118 4425
1291 922
6641 5911
7990 5465
8070 7311
4388 9727
7946 8547
2857 6117
8445 6186
6335 6250
9731 986
9436 6464
8632 107
168 1834
937 1430
4920 8966
5652 6890
20 3574
2965 8676
2777 4393
5461 214
4718 1293
7730 1502
5786 2004
9398 6225
2140 1390
1554 8670
2237 1204
6480 6112
6600 5174
443 860
3256 825
8098 9907
3958 6095
7522 669
9153 4274
7744 8094
9565 4195
5037 4032
2550 6614
1320 1596
5303 7874
9663 4799
8606 9739
661 215
2213 2572
5215 5899
8414 5057
6550 3036
2794 7336
983 9296
86 3734
7668 4974
1798 7791
8458 9423
2871 3430
8956 696
4264 9255
1692 8314
7893 8730
5839 4349
9419 1731
8365 4034
8574 6018
8462 1235
8325 9644
9062 5580
7804 9603
2982 3706
586 933
4534 8213
1298 2592
9859 1646
5643 394
3758 7767
3093 2386
3872 7458
4195 4528
2846 5711
7837 4941
9157 4229
474 3186
613 5450
8955 840
6047 3833
6294 3267
9974 3101
8970 4869
3280 6755
4506 8251
1527 106
2535 2652
9506 3988
4542 1674
3915 859
6069 8480
3934 4078
7689 3906
6752 3142
4244 149
6770 2284
1990 2536
5065 1361
7184 9541
3797 2252
7248 6877
6475 4892
9054 8908
6519 9533
5836 1264
2110 8747
923 4058
4978 8971
9358 3073
206 8068
202 2093
7983 9871
4096 3617
5482 387
784 1929
209 3305
4328 2562
3078 2875
6714 4532
3933 5094
5127 4126
3186 9555
5299 3305
2884 3838
858 6015
6296 6759
8016 2226
4291 434
2227 2292
6181 959
6713 6513
1450 9283
5584 1003
5143 2082
1362 4010
9288 4323
9469 1810
6428 2224
9253 1911
9050 5844
8114 2963
9439 7932
7450 4291
5155 1872
8700 7928
9569 7527
5619 8602
9857 5646
4408 7443
2076 5756
9492 3025
2430 4080
9335 5168
5220 1177
4094 8256
5447 1415
9618 996
4154 6383
346 3204
5138 3432
9343 7879
1239 607
3961 5221
7665 8369
9127 4596
5486 4129
4172 498
5004 9881
1985 7049
9051 8301
5046 2412
4557 603
2225 1332
3810 44
4274 9584
9192 864
3564 7371
2776 4174
7188 8198
2703 805
7740 4674
6808 8461
6319 1927
2179 5440
3746 8175
1008 3786
3594 8994
2329 7057
9963 4957
2324 3686
2226 5850
8738 6225
9835 4717
247 5783
2262 6438
9688 3452
7967 2625
3051 500
7240 422
5592 4620
2443 5908
780 1610
6584 6939
3369 5575
7945 9182
8582 2517
7996 1376
6925 6261
4307 926
9458 2865
1603 4772
3850 5194
3258 8880
2579 9587
994 9195
1660 367
2415 7394
2947 8945
8657 8513
2223 9623
9845 1743
215 8082
5529 2294
3845 6315
6452 6788
8483 1949
242 1027
1261 5839
6170 5473
5698 575
9400 267
7127 4212
6489 9158
4617 7651
5725 9223
7745 9875
3096 7542
1120 556
6045 704
6348 5016
1856 3913
2597 1990
7831 3201
9608 2197
2777 9748
2347 9983
4980 3574
3316 5544
4931 4134
7305 1338
4636 8717
684 8260
5890 2251
6465 6060
3328 9273
113 9825
7875 4699
6977 27
8812 6032
1411 2417
2134 3722
7278 2866
8556 2382
6410 3952
2835 632
3719 3244
1332 2793
2689 9894
894 769
7174 8329
307 3581
9361 4344
7453 8476
1219 9011
9554 4191
6806 6304
214 6224
5401 9190
9953 1663
6584 3780
5221 1765
7382 6252
4956 2783
4774 6712
9571 598
1362 7542
1877 7827
979 3990
165 230
4363 1252
8283 5062
9488 9533
475 2748
2922 9633
5557 9078
4131 6896
7774 1397
8891 5037
4024 7122
8417 2959
8357 7885
8943 6803
9686 6383
4209 9301
9022 5353
3946 8666
4241 3304
4492 6822
9529 4810
1641 9441
2156 1044
802 4319
3618 5698
8281 298
766 8092
9547 1463
9448 6911
4484 3643
5641 8850
95 3601
3539 5818
6701 6913
9740 7200
1968 9093
185 8985
2187 5606
1561 7638
251 9335
4960 8966
2495 2683
7860 2461
4216 5872
8858 2357
5151 6334
3371 701
7288 2711
5281 8405
6805 2938
1302 6179
3399 9143
5190 4710
3015 667
3208 6720
7891 4564
6304 2912
7217 7242
8972 6169
403 5763
1089 3626
4185 7564
4638 9057
992 5008
9292 2793
265 1639
9106 1414
7585 9818
9963 4299
209 8407
1004 900
9149 5287
1505 5595
8830 915
7377 7887
3862 1134
2561 9408
5229 8641
8099 8581
5960 8485
2231 7328
4242 1727
6308 3334
6224 225
8239 1718
8022 4929
6456 7850
2720 8333
5159 130
36 3395
3105 1522
1232 4458
5377 7638
7888 8104
3812 2696
695 8796
7994 7653
2038 2486
4393 2467
9859 6613
3449 1116
4544 4300
9959 7748
1618 1738
4269 4854
4330 602
424 7785
495 5464
9472 3794
6973 1026
6080 9775
3915 8930
4525 211
6648 2011
4511 3597
9027 7125
951 1888
7251 7402
1448 2386
6344 9075
1637 3489
9575 8123
4860 8470
2562 6733
9379 6137
1641 5963
1768 1046
6882 8910
4724 1784
3831 6872
5599 7335
5617 8933
6401 4788
7445 6758
5485 5212
4084 9431
1258 9055
1745 5335
8777 809
3808 6063
2773 5517
3176 5124
2030 5160
5119 4292
3068 2432
2154 3495
2332 6785
9178 8056
3407 5890
3336 2700
277 3451
6339 2751
848 1256
9881 9667
7611 9251
9826 4607
9437 6534
3569 9545
5456 9695
7143 9080
4052 5516
5884 1731
9643 4884
7125 6243
9719 1171
1455 6374
6638 8639
9406 593
781 7627
1779 5036
2772 6081
3222 579
3744 8970
7416 5902
4065 481
1232 5779
4826 2372
318 1119
7510 8657
6264 4004
4795 2893
5288 4003
2385 7293
9451 6689
3810 8550
62 2768
4258 8729
8406 8023
4421 4042
2954 6130
3167 9855
524 8738
3031 4701
748 1277
9772 7552
1187 6225
4292 7143
1991 4151
8440 4456
4600 3410
3234 6369
4080 8015
2983 8395
8887 9178
139 7146
4061 7308
7438 6103
7169 9323
7848 3294
1661 1946
2869 8167
7071 3494
9208 5250
3001 7756
8491 170
885 883
3155 3270
6860 1875
8843 5490
9235 6340
26 6387
8654 856
5120 3818
4748 6988
2643 244
1442 6185
3699 5283
8388 8615
4699 3723
5198 4165
1645 5311
4023 5310
871 6696
593 9809
4226 5637
9424 4905
2752 1628
6099 6134
9686 454
4175 1641
3006 8647
1501 5039
6283 2868
4144 3773
1641 4757
4243 543
6127 3479
6298 3534
809 5940
4895 1830
3710 2515
6719 8845
3684 4517
6397 5744
5738 519
4671 6226
1020 5616
6220 1480
8983 4475
334 8636
7769 1708
547 8565
1502 4855
5205 279
5819 9262
6130 3439
6142 2366
6074 9467
4039 7537
6717 1119
8188 8443
9647 3884
755 2494
9730 4722
2963 387
5033 1588
5782 4566
175 9722
2325 2477
5948 8029
4287 4085
3733 8390
1017 1752
5697 3185
6593 5374
6131 911
2923 4997
376 3675
2061 8970
8646 4044
9761 4453
7561 4894
5227 7387
6395 1211
9235 8888
8176 5346
4884 6494
8719 4462
8388 4696
9761 6457
5064 9421
3539 5839
6443 441
9253 5800
4416 7579
7923 4953
5474 3955
4279 5346
7161 8188
3550 4366
1658 849
4736 2153
4046 9999
451 9015
9937 7825
9436 3485
7072 3047
888 389
4075 84
7229 1852
2026 9744
3463 9701
4403 4959
3209 9827
39 5998
3169 1489
2793 3254
9505 1037
4574 3149
7356 224
3040 4575
7893 1098
290 1961
1053 112
5703 416
54 9634
2704 6236
1826 8312
8329 7991
8684 8947
6266 316
2219 8478
1520 2333
5468 7949
8463 4251
8926 3478
4194 9366
9531 59
4982 9843
5372 9243
3492 308
7821 1907
5572 681
5418 3604
3698 9468
4304 429
9692 8706
1190 1835
1396 726
8343 4490
9038 376
5832 5012
1532 8804
2523 65
8499 9470
8972 844
7156 1636
9192 8659
2159 109
5015 490
3359 4212
643 2665
8739 5826
9174 8918
1047 2412
263 8774
8256 8645
6721 3917
1518 7665
3848 8882
8805 7009
7961 1742
2751 5400
9694 8308
3274 8705
4387 5409
3287 9104
7239 3865
9976 6662
3314 5206
298 9395
3015 8239
7609 4587
7780 6464
7544 489
8800 2122
6691 3931
4859 2930
7876 8857
110 8131
8443 5076
9923 472
9291 9405
6439 153
1832 3480
7975 888
7425 344
2877 7882
1830 873
573 5660
4234 6490
5120 2233
1324 6153
214 3074
4750 2945
3032 5596
5774 9138
2472 8582
1836 2308
2708 3006
3797 7875
9955 9609
5605 525
4489 3185
3508 888
5636 5695
8898 9927
3712 7254
4095 7772
9850 1867
9496 7092
4894 237
9459 6930
343 7285
2326 8113
1557 7905
771 5663
1243 7574
8704 6660
4380 1530
2632 1714
347 2094
714 4822
1801 4039
4804 9514
3727 5370
8761 8260
6350 2585
8986 3663
170 6266
5315 6313
2894 7453
8135 9687
5586 9235
2328 4747
8096 3912
288 7305
4251 9970
1924 9774
638 3269
8185 1149
6953 7365
2963 4087
274 9294
2649 6111
4615 5108
3940 1424
7641 6801
9665 7252
7991 1635
2405 6499
2345 1855
6861 1085
277 6345
6047 8779
1287 2794
1842 9961
1804 2506
2201 736
5272 1260
5142 7810
4014 9057
4375 4185
6129 8103
3513 5503
3694 7676
7034 6811
7227 1467
8479 8256
7637 2691
936 420
495 4561
9472 8893
7083 6099
201 3370
7758 5455
7950 9205
3608 8005
1994 9368
1886 1371
6082 7290
2953 6389
2063 1661
8578 1712
1349 9297
530 810
3390 4445
5500 8318
8667 2935
8060 8531
4189 5672
322 8657
7396 1986
1355 3853
5986 9059
3308 3648
849 1306
467 7590
341 4120
5497 5537
4481 9566
3609 871
8655 1597
1525 2394
6739 3395
8459 8365
9991 706
5997 2954
1503 5515
3490 8512
2071 9312
39 3430
8876 9644
8088 6350
8542 9022
2766 9872
3601 800
967 8727
1474 8907
9513 7173
8269 7641
2606 5970
8552 9656
6221 4677
5003 6483
3732 9404
8838 3128
5238 5436
961 63
4155 1772
406 2033
4516 8969
4573 9817
7417 4446
2140 3663
7662 5660
9931 111
3558 5975
5694 5516
4391 9410
1771 1391
9215 5498
7369 9651
7552 8907
513 5933
6070 1395
731 1788
6390 7860
342 4960
5126 7988
3565 5350
9135 5446
5873 5751
6941 9729
9898 2684
3245 206
8979 7004
8924 7560
3287 8793
3131 3763
1963 3012
8361 1851
9476 7658
1675 4014
1378 8686
2189 8708
658 4531
2868 5098
5474 2503
1828 7062
8077 9861
5351 7443
5022 4933
8863 7711
4885 8416
3526 9022
9953 7359
1765 3221
678 5330
4181 9206
3006 4946
9668 8943
321 3192
1369 1382
8184 8253
5567 8462
2414 1272
668 4479
9573 7404
8090 4091
1176 4825
6781 9321
6463 2013
6258 1588
8558 9767
8622 4968
5063 3676
2348 8913
2860 5011
677 4219
8505 7487
9429 7538
8885 6618
5779 1754
1803 2236
204 7567
8852 1402
4589 3747
350 7391
3346 8921
9765 6776
2610 9898
4801 7121
3727 6117
864 1834
1061 5664
6185 4227
861 4616
5415 4935
797 2086
7046 5812
9330 6484
5002 4488
7224 3635
5918 7429
3118 9275
9753 3615
3964 8474
6182 1203
4883 1004
2903 7531
227 6591
2396 5945
805 2496
4475 5253
426 3004
3408 108
2874 55
6719 2953
3101 5277
3552 2523
911 2500
3692 9341
8567 5577
590 1968
9584 4774
8027 3358
7550 3058
2005 2170
2721 9963
6362 802
1468 4662
9170 6311
8191 6725
5454 1740
4369 550
1292 2974
8890 2257
5769 9449
8516 2417
5447 470
9111 6598
9132 1425
1301 7790
2146 6318
2416 1692
1457 7861
6300 1490
4647 8269
6331 1383
5362 7254
5247 9147
7972 7594
6912 8498
8642 3891
8676 8803
366 2303
8448 7875
1052 4390
8245 4048
2149 3703
9703 2046
146 9061
3929 7218
8710 4326
6040 8027
7103 8895
922 7876
7618 6211
6923 4153
2594 4713
3237 1538
7972 924
1852 9120
7873 79
740 1397
727 7809
9881 647
7615 6382
7760 8677
2226 6879
2599 6043
7987 7144
4485 9937
8616 7004
4015 3509
9561 3566
6740 6111
9212 7408
8493 9312
126 9517
6291 4463
8766 904
5133 6646
6927 7270
977 1003
6692 9602
5692 5996
7767 3931
3682 4407
8062 3810
8248 7547
5737 6007
7131 9973
1972 1454
187 2871
3932 7300
2329 722
6698 3040
4212 7677
9919 2282
7539 2672
3556 2860
8910 147
78 48
4780 6898
6871 5121
9109 7668
2272 3808
1312 516
1628 6323
2993 7359
3151 1505
9180 7689
8753 2688
2208 6357
2362 9216
6959 8425
6161 2542
837 9844
4991 6104
9247 2595
9508 4844
837 6431
9741 7136
3596 2311
1510 2948
6297 7878
3701 828
1942 8488
2620 5797
4656 1202
504 7582
2900 4378
4369 7652
9725 4416
3687 5396
6734 9658
3425 6907
9984 1244
4015 6022
9745 9390
7202 4529
4657 4258
2761 4606
117 3198
3817 3786
522 6436
2894 3965
8041 8715
1587 5599
3002 5048
4901 8422
8188 9047
1763 5061
5538 5789
8429 6517
9855 7284
6626 4180
611 9264
7951 2779
3340 1642
8959 5012
472 4009
9432 43
3014 5197
4025 1654
9708 8238
5401 3115
3456 4905
2497 8045
9016 6454
7624 1666
587 1214
5341 6481
439 2258
8759 7234
5483 8732
8173 4120
3902 1352
2622 8895
1771 8624
1475 360
513 5857
5264 7234
1880 3551
9872 7709
8306 6646
5044 7750
6009 2773
9608 2684
86 3305
3151 2223
4954 9228
6458 9435
8565 9243
7424 8385
7534 1907
4581 1740
3251 4828
1237 6683
3414 913
4905 9257
6467 1337
9324 7779
2459 1827
3132 370
3520 3835
3533 4712
5682 7097
3958 3188
9936 1343
1630 5560
4919 680
6075 7403
2752 5516
5172 2293
5658 1211
6222 4886
9225 658
2813 861
9879 8477
6501 995
1064 4955
3924 5933
1370 2202
896 6767
2920 7699
5249 2584
8188 9060
9960 2649
5400 6320
4577 9017
6063 1759
4109 6741
306 2758
7725 3695
9333 8443
63 1704
1914 9417
7699 1395
6920 7482
9167 958
5512 8295
6324 1968
2524 3486
9695 8339
4416 924
8225 9241
700 1848
9855 2049
8825 4035
9936 8913
3645 9198
9011 6884
1906 9254
2628 2325
1003 2859
5544 7736
8877 7559
1973 3872
5375 8105
4349 1829
6914 2342
9360 2622
9242 5803
2985 6943
9924 1854
4394 2739
9778 6184
2112 8397
4211 9645
480 8976
8791 6826
3502 7973
2809 4103
3693 8939
8734 4380
3571 9297
9593 7799
1225 7655
1323 2090
8747 7754
4289 9436
3510 5385
8757 5044
6024 8698
5242 2718
7615 5712
879 2030
3370 2101
7180 7328
9934 2385
5710 2859
2634 4509
3358 6453
2806 6109
3166 733
5991 466
4267 1723
2998 1135
8993 6923
8716 9168
4355 2971
6270 3445
7487 8521
5574 8415
7591 5961
5147 3704
1471 1898
641 76
9235 1180
7631 6632
9639 6674
6364 9530
6854 2076
8656 6093
7189 771
6201 9010
2050 2376
6998 6567
6575 1037
6536 8981
3866 3101
7393 2865
7212 8260
2986 7062
569 9204
3287 4333
6675 1880
4779 7148
4283 1679
7614 647
6877 169
771 5988
7257 5556
8683 7995
4227 456
9449 8035
9905 399
1629 6840
6437 3374
6226 8734
333 1987
9399 1988
484 7758
6646 3596
7270 7890
7007 8875
9779 4452
7889 5357
990 1848
9748 6390
4855 9933
6884 9043
8526 3025
7993 5404
4789 9578
2102 1003
8189 2339
4388 4273
3699 4767
2629 6264
7515 195
1012 2203
1987 9509
1057 4796
5217 2937
6990 5615
3589 7255
2128 5371
8825 9453
8091 8616
3730 6806
6352 5319
7788 5192
6904 7448
1367 8486
7515 3162
2551 1124
8171 426
2221 1709
9862 87
4476 6341
992 925
7671 5559
6788 4551
1699 9503
7871 573
5878 7911
1422 3525
8112 8358
466 6689
4986 4442
4653 1784
4060 7747
3706 7729
6200 9550
5694 7193
3746 9610
8327 5533
8472 612
685 4036
8546 1148
429 5799
6531 4882
6407 991
6266 3518
8464 7681
446 192
2953 7389
2358 4255
3676 6359
8570 2531
9573 7407
4419 3550
6270 8482
6870 2435
2719 2447
8111 5249
1203 6871
2250 2597
6224 3336
216 8404
5574 6094
3273 5051
1823 5231
3813 6917
1698 8001
2470 7860
1708 7906
2019 6750
3775 2402
2966 6208
6387 986
9228 4254
7625 7670
4014 4496
6876 126
7441 4031
3360 6225
9644 4936
9367 791
6421 3981
3038 4496
2768 3177
8859 204
9654 7689
3402 5493
663 7158
1475 9393
8122 7505
751 5841
8053 1334
1972 4471
1195 51
7666 5298
9888 7018
3819 8616
4893 9578
1300 322
9479 8301
6802 7800
1563 4613
6748 4741
5330 7800
2563 6607
4541 1347
3239 31
9610 9017
1362 1572
2704 2460
5087 8650
8893 4236
2500 1297
3126 4791
7438 2827
2182 7826
1082 2756
4897 7888
9988 926
671 7651
154 9091
1387 4166
2892 2174
7642 8900
7511 5266
7976 2192
1390 6353
9159 8432
2416 1587
6028 6852
6567 2897
9836 4058
2066 6433
6629 3569
8704 8406
5735 8128
7348 407
6104 9653
1602 4813
4039 5732
1023 7271
6998 8046
3349 5739
5566 7501
3255 2991
1162 5336
3513 951
3373 7027
3052 1636
5691 6938
230 8236
7215 3871
2009 4520
916 8453
5005 6155
1888 685
1110 5643
7355 684
1085 4066
4726 5680
9583 8578
3780 3640
2519 3494
3271 1083
6095 6969
9131 5917
9206 4371
647 7376
9808 9758
4846 4048
3151 7107
5248 1141
5982 7810
3076 9220
6712 7582
8226 5334
156 900
3327 1386
8781 8660
2144 229
58 2781
3561 1008
9375 5758
1477 3969
2438 6140
4018 1270
212 8940
6933 2532
7274 680
4046 3554
9082 9983
3928 9890
4130 4600
7445 7594
9523 71
7420 8797
8025 1127
9032 9286
980 8707
147 6215
7807 1131
2851 6178
9675 4393
3081 7353
2719 1375
3742 170
1970 542
5783 2596
8708 4661
1830 457
6129 3597
4405 9333
3211 3736
1101 515
1235 2605
3677 9847
2142 2128
2509 1097
7379 6719
6347 3738
2013 7572
7338 7345
311 3589
1499 4742
3577 1146
3966 2371
5251 9283
6703 2404
2838 8647
6896 3494
8725 6730
2318 8242
7446 8377
7304 6761
5308 5565
2581 3577
9480 914
6956 9824
305 5593
1213 957
493 1207
3647 6740
5737 1213
2534 1453
6507 3921
236 9104
9959 5429
7683 1624
4049 3905
3515 7809
5721 7080
1630 8009
8368 117
2069 3908
7543 1972
6926 8591
8429 5341
1763 3059
5761 7223
2819 248
5323 3104
7010 2693
9962 5112
5527 7285
3695 4526
5816 9820
8325 9032
776 8038
68 850
5249 8526
5007 2633
8545 9361
3489 683
696 3247
5002 1010
8553 6622
50 7239
3250 308
5897 4998
3273 8496
9588 1963
9971 7009
5761 5782
9414 8549
5233 5516
9420 9149
1911 2689
2046 4978
9588 8172
7021 9163
3188 9405
3517 8686
3562 61
6674 3686
7828 6942
2430 1978
9863 2548
1397 2342
5627 6109
5342 2713
1903 7554
2427 8117
7582 8580
7767 3861
4610 729
9061 6015
4739 7603
4673 3428
4638 9898
933 4544
5569 1430
8107 4730
2566 8622
982 7172
9801 1871
3031 3211
1146 7800
7207 1855
5366 2307
7269 6696
3185 2558
4324 7036
293 4199
2150 4674
8307 2397
3093 463
6185 3180
9486 9601
8395 1754
2805 9515
5574 6373
6832 1078
295 1206
8341 4302
4052 5346
5858 5590
5043 4396
3185 4002
1206 6186
7920 6396
309 7654
456 9047
1938 6642
8164 4688
7785 7001
6218 4256
8121 4455
7483 8636
1552 5431
7653 6839
2533 8315
4519 2993
4044 9570
1063 5976
3149 8552
1669 1645
2405 5710
6723 6772
4334 439
2798 5531
7930 4443
9967 6684
6877 8854
7332 802
867 7483
1833 1167
8257 5196
1032 9094
2649 2643
6972 6451
9437 7065
1648 6622
3930 5264
860 8176
159 5348
9223 360
7493 5505
5427 388
3063 4003
6887 2371
4027 9741
1214 6881
9270 8473
5930 3402
5816 4492
5669 4368
358 5116
2935 5761
507 9940
3912 5326
44 1548
8505 7391
7762 8978
6893 9150
3953 1137
8415 9395
9986 7721
264 9796
9838 5326
1017 3754
8830 5282
7650 9728
274 2488
682 7261
6670 335
69 1523
3480 8606
5968 9086
7380 9780
7590 6710
579 4754
914 2341
1398 4492
8561 5066
6761 9350
6617 9992
7327 3667
115 6595
9071 5904
668 9014
6072 156
1492 5927
2959 9223
2626 6861
5947 3162
5786 7469
1998 4517
194 5839
4212 997
105 2557
7934 503
1708 2746
9387 3083
8952 951
135 7530
7983 5433
9494 6732
8010 9093
5583 542
8880 4274
8674 4240
2195 618
5277 1871
6295 5183
2263 2760
8681 5458
1941 6089
8975 985
5458 215
3799 6205
4738 9511
7686 6253
9900 7163
5949 4029
1210 9075
8023 5781
1380 5268
9052 7590
3826 2715
1188 3213
814 8492
2359 5165
9583 5059
258 3346
542 1699
1290 7904
6790 8183
4810 1254
2277 3276
4513 5746
155 4968
8500 5260
8656 721
5789 8906
5057 7434
2580 1539
5166 4654
2333 5072
6679 3846
1992 8452
5954 8859
6074 6634
5083 2361
7846 2656
4748 2310
6118 5269
1268 450
3243 5749
7617 6306
8074 3060
770 8706
6542 4285
7715 3553
6133 9076
2696 5699
9024 2206
427 4003
9751 7713
4979 3524
5491 1664
7792 2854
4428 2051
4915 7839
20 5555
1070 3557
1816 3420
179 3957
9968 3790
9055 3087
5737 256
8855 8420
5306 5056
6270 6997
1356 4643
9607 7965
2121 9495
7202 1254
5246 3436
5912 2304
8112 1234
9080 1905
7550 6292
9111 7572
9861 6809
4616 5980
6051 4503
1327 369
1420 3128
6538 6976
4889 5466
9389 1565
719 7477
9571 4610
615 1560
8416 403
7633 2865
5996 8086
224 478
4159 6860
5462 8346
5801 4321
2171 38
3521 7986
9084 6726
7831 9132
3088 8137
9719 1136
2826 3291
8089 2002
8469 41
6397 747
411 9486
8776 9480
8781 5224
5283 5621
5680 7954
2401 9095
4148 1966
5540 2485
2796 6197
6537 3443
2969 2506
7476 2933
128 7031
8129 2122
6042 4251
4102 6587
3697 1935
223 574
5816 9304
1521 5524
5615 765
4648 8511
6480 6354
5776 7787
2571 1903
6616 7181
9693 5905
8673 711
1137 5161
6387 6049
3329 5617
593 6839
7184 5215
5766 5551
9911 5990
9692 1631
8411 2213
8825 2328
1651 1056
7925 7284
677 1904
1897 6851
7031 3439
9529 9036
8060 3252
5165 9879
3878 6009
6613 7505
2974 7671
9270 8664
9333 4004
6902 5096
7716 8709
2821 3845
6843 2659
1599 8363
4151 6023
2486 9286
9122 4327
6690 4377
149 9244
9839 9863
5172 1209
3005 814
8484 1806
1293 6044
4489 4779
3774 7128
8651 8840
9842 2143
3809 3476
4859 9417
8713 4110
4509 8285
9580 6588
326 1663
2189 3110
6907 8502
1061 1714
5187 1908
4474 7877
8062 4256
1468 3126
7676 2113
8323 6261
641 7481
4723 281
5832 4204
5329 1233
8816 5644
3046 5137
994 8065
6957 2793
3650 381
5045 4362
113 8165
9485 5461
7376 5700
2786 2561
9649 6656
7330 1231
9989 7780
8478 7410
9280 8733
8361 8509
527 4398
4120 381
3292 9999
9838 9331
1605 6024
6461 4426
7811 7585
8977 3789
7535 8340
3363 3855
5880 8153
8243 3733
8005 5383
4166 2729
9445 6415
1306 5646
9095 9392
6256 1500
9914 4117
9116 2780
7119 4004
5939 5567
9623 1419
56 7184
8230 2448
8034 3538
1426 3132
3516 8851
5455 4872
5741 2523
9020 5124
4170 4185
3828 8434
882 5749
5162 8647
8232 9490
7021 3746
6412 2521
4666 2438
6712 8984
6677 5032
2978 7747
2874 9029
6431 3962
6843 63
7617 3826
9275 6896
2469 2435
28 2226
807 907
1810 9667
1631 4578
382 4227
439 2275
8596 8991
3708 3331
3417 5515
5955 3975
3195 145
7852 6959
8523 2667
1582 9242
4374 5516
8548 2303
1147 5335
6132 1396
6532 2253
4606 4990
1503 3136
5 4244
5554 6179
4784 9036
3426 1477
6730 3790
1393 4922
6444 3212
7438 5335
5279 2966
6245 2200
1233 7195
8247 4986
8886 2114
6277 3709
3659 819
3459 8251
3616 2035
1943 2801
1743 9594
4574 7558
6749 6531
8752 4146
6550 3800
8908 2850
2232 2673
7865 9741
2559 7828
3575 2159
7128 8845
7545 9920
8394 4698
6306 7189
1594 134
3757 37
5659 8618
6646 4453
567 4075
6217 106
3689 8255
8550 893
6143 3539
5955 7533
3016 9945
8743 9138
8283 4323
5264 6136
4514 2959
6766 6397
9444 6086
5615 4665
5916 4456
8469 292
2428 3870
5039 5414
8310 9495
6499 9743
1482 3731
933 7040
7652 4334
616 2110
9511 5122
160 7033
8052 9299
7982 8008
887 3776
3101 1718
3025 5964
8667 9490
7040 3563
8196 6561
6456 7402
3129 376
9506 1245
3932 2655
5427 7121
2985 9150
6897 8237
9349 1267
4614 4932
6969 3672
8624 407
6822 2625
4860 753
9739 5941
98 8302
4286 9940
5225 5428
4517 4317
8275 5071
4861 8843
1641 3163
4685 9507
7895 7779
5019 4574
6888 7907
2473 7668
3741 232
119 4160
326 985
7403 6185
7370 7835
8760 8081
6812 3413
390 1985
6152 4647
4689 7445
1230 150
7639 7889
3882 699
6661 9634
4954 275
2035 9586
6985 4800
1955 281
3533 8848
9979 3567
5540 6206
8236 3723
2651 5916
5786 3295
152 6932
6361 3306
3847 5425
9389 7311
8238 2266
9174 6813
2991 1335
6331 5581
761 3445
5766 8887
5040 4704
4363 8766
1589 13
4565 4566
3239 779
7860 6683
4548 4323
8577 8153
7606 5511
5544 9178
6545 4619
7357 7070
2721 1814
7943 8355
7861 1388
6068 4629
7696 8935
6658 3517
1544 9236
2543 6273
773 1922
5861 6541
8619 262
3623 9299
4216 2036
6168 3996
9734 6699
8783 3734
948 1989
3031 515
8924 2810
9388 2628
7028 6900
4826 4840
5465 5452
4107 6440
249 3420
7092 8203
4492 2984
6142 8799
9768 6398
6263 2574
1920 1240
9471 1691
8535 9921
9485 4066
3187 6122
1882 1477
2994 8440
238 7826
7090 4279
6047 7615
1801 5376
6 1890
581 1365
3657 1189
7736 6932
7798 7775
6072 2211
6719 7426
8383 133
3121 8820
8948 1533
9957 4917
7045 8886
6766 7003
5901 6183
1714 5003
2370 7252
1346 5637
4300 1742
9614 9048
4681 5222
8097 8204
2347 9056
9616 1472
5099 5236
8780 8674
2720 6266
3122 7020
554 5760
149 6404
6065 6903
4244 6625
4989 8622
986 4100
4557 7175
2142 1556
5437 2838
2293 7849
6832 3870
9206 4453
6446 4423
1417 3630
9087 3202
8778 7519
6896 850
3114 8276
3389 1998
2715 5460
5032 2656
2438 9644
6437 936
4496 7448
7234 4577
3313 7194
1881 6654
9994 954
8800 5416
3644 3487
7519 3624
962 8198
3340 4428
9898 7232
7666 8960
6900 9876
8774 2440
4913 5059
3262 6995
264 3887
1034 5350
6715 3557
236 3978
7067 5861
8906 850
8988 1416
7936 1304
1259 748
6502 6609
9563 2990
4960 5797
2146 5393
3619 5395
1011 7131
2869 5185
2407 4199
4946 5656
5880 378
635 3883
5326 9825
6750 7718
1173 9061
1925 9526
2049 8878
2117 6329
2029 601
6343 6355
5525 1081
7197 5615
6609 3555
3264 3969
9391 3752
5640 6598
7896 9657
7126 1297
6522 7346
5959 2063
1135 4547
2247 7993
6302 4911
7115 730
7744 8174
7824 9543
9686 1907
5933 108
113 7058
5613 9902
9190 7770
651 9355
7320 7845
6679 2990
8997 6808
5756 3312
2435 6131
766 1592
5305 5841
5304 4353
9913 9182
4126 8683
3531 1093
7417 4224
9234 6522
4780 5324
8267 9483
5254 5329
1394 2933
8368 8318
4515 8708
3256 8353
6210 9931
6128 5627
7934 3567
1017 7815
4925 4059
2038 612
9797 547
195 1448
8249 1951
9424 8139
8991 9889
2457 2702
918 1607
1679 4256
5015 4789
9487 3923
3413 1927
6224 7276
270 2841
3340 3063
7081 6421
957 5435
5433 2265
9428 5501
1910 9152
6357 433
3315 890
6046 4581
8060 1404
205 8033
9551 3205
7043 9911
282 6301
1163 296
7302 2989
4126 4483
921 702
1235 337
248 1886
960 916
1543 172
8366 5314
2667 9629
7752 754
4639 8890
8093 244
4831 2250
8749 6866
7438 5308
7308 8231
4330 6155
8301 7835
4072 8906
4914 5331
1336 7923
8867 7293
4103 4891
1135 8740
132 7835
2257 7555
4634 8062
4239 4044
8972 4862
6981 8160
4176 8922
9928 327
432 7470
6739 7138
4200 1516
765 4424
5067 2364
7348 7914
2195 5571
9955 667
8806 7838
9288 4038
2255 7376
9090 9485
8720 7561
4294 8405
9660 9777
487 4902
9678 8550
7290 8461
8412 4158
3730 5751
2511 143
7046 2387
3651 4524
1380 1429
3552 9266
2305 4876
1555 190
7236 7899
8694 809
7060 6646
7479 7128
4748 6223
4304 2017
9280 9630
5442 3372
5097 7503
9970 6241
820 8228
132 8664
373 6622
8537 1438
9941 5664
5586 4682
7720 3529
2063 1929
6874 4945
1842 5921
1074 9659
309 9161
3332 964
9741 6135
3061 5804
233 875
2890 9674
1450 4605
5525 1626
9176 3683
6698 3443
706 2175
3415 1786
8669 8456
6519 4097
6798 159
6371 7229
6208 7473
352 4852
8644 1906
2948 1155
3186 7740
9527 4183
3816 3836
9012 1865
7866 3228
8954 3538
8552 7431
183 683
4225 8665
1818 580
3434 3684
9639 6336
9605 732
836 2802
5082 5538
7403 2324
4729 780
7096 252
5217 4045
9572 383
6316 1125
3545 8403
8023 6251
356 7403
9018 7083
8907 2777
7388 5668
9732 4279
2565 9527
8945 7374
8499 4254
7178 588
2384 5387
3733 5034
9405 7495
9557 2540
1427 1070
9668 7642
287 950
8921 9604
5843 3554
654 5225
6873 1214
3415 3871
9638 437
8268 5930
2476 7643
814 5198
2661 6116
4875 7786
3605 6442
2044 5220
8498 3896
5631 9245
4686 6416
5371 5787
1456 4983
8040 2681
3827 8328
3544 5386
7708 6524
7161 9973
5845 6321
3799 9874
3208 184
1407 4730
9682 270
6231 8394
8692 4068
2381 206
9779 6913
1921 4245
8681 5590
1098 2551
8149 7137
118 5481
7112 5842
1046 5334
4036 7893
7799 1743
6142 9089
4348 5404
3176 449
1947 1738
7245 8030
3873 9203
4067 824
6312 2819
6766 8086
5671 2637
2047 7180
1743 3794
6882 1458
5497 8813
3294 8507
8228 9477
3901 3493
7933 5995
675 367
2608 5926
2627 3637
2250 4243
774 4339
264 8369
4037 9243
8277 4242
7510 1976
7154 5528
8863 7000
7830 9160
9366 2516
4229 3394
4408 7798
4104 1288
8169 1594
4177 1949
3247 9759
8306 714
2988 1779
626 6037
8357 4736
3494 6651
9148 6605
1303 6943
2955 4398
5920 3986
8776 8460
9238 8554
5435 2286
5717 4504
6766 244
6254 5503
9046 5092
3650 4161
4291 8284
9964 1032
2298 3245
9363 6889
8197 1706
1 8614
3041 8793
8633 5629
502 5457
12 1598
6307 7215
3420 7987
4002 7697
5434 6957
7057 3952
8818 3332
7799 620
6071 6832
9618 6342
3686 5531
1109 8633
3005 1580
5459 7379
2930 3424
3422 629
9368 6732
2599 9329
3811 6484
86 1503
4268 7248
5747 2082
8345 9735
1008 1282
1978 8254
876 9065
73 4297
413 4106
3513 5840
953 6134
2424 7431
9289 5557
78 8960
3734 2545
3236 2642
4186 8023
5031 491
4179 9150
909 5071
3624 4104
321 2775
1098 1063
7087 2743
3898 7908
1115 758
7409 7378
8027 6244
2601 9362
8681 9930
6766 2542
6140 2206
419 5063
9085 7337
4154 1098
7306 1718
5706 7356
9043 1193
2182 7536
1911 3678
2203 7155
3251 9650
5028 7571
3504 8937
9637 4742
823 2503
5174 6202
3840 465
6928 5413
1539 8103
8863 4637
2109 6182
3127 1280
3206 4295
6590 9519
2059 2414
6993 2216
6130 7728
1588 2164
4666 9619
4135 9756
9540 553
9231 5955
1479 27
8828 3376
8054 5796
5407 1005
684 2668
5203 7776
3961 10
6993 5877
5410 8065
4248 4218
9290 3744
6291 4494
7379 3205
4701 3077
1184 2369
6251 8670
1017 768
6774 9967
2113 2926
3032 169
6467 3699
2273 1100
4903 1105
9581 5695
4939 6179
7027 4701
210 7136
3941 6618
7166 4446
7934 3894
7542 2887
4770 1459
5484 9985
6342 2725
8637 7968
2009 6025
4917 6742
2398 4600
2097 6584
5009 2854
1399 4149
9148 5753
9812 1945
4372 6831
987 939
5244 1164
3791 9349
9592 3766
9482 785
2201 509
1412 9647
9100 2410
1663 9890
4470 1096
4334 9356
482 6304
5000 6220
3461 5490
7951 5241
8538 6294
113 2665
4657 9320
2083 5000
7979 4146
4530 3898
6799 6299
7725 1231
6417 8464
7427 8899
6034 7737
3286 2762
7057 4173
86 734
5078 3102
7249 7646
1508 7408
9742 3984
5869 2982
2436 3951
4702 2544
6471 7384
1081 2069
7395 9410
7502 3318
2793 5050
2014 5297
9077 3395
717 4562
1210 2250
8969 7329
6036 2881
9621 5735
2230 3314
4633 5075
7289 2424
8350 880
2509 1841
853 3712
5667 4838
3910 6792
3934 6926
3818 5841
2894 1548
571 4126
225 7705
7035 7851
4954 5711
3500 121
4961 8702
9293 8943
7357 3980
8304 9135
2238 7780
9166 2756
287 9324
2350 4523
5904 4924
8412 9354
5551 5623
463 5890
9851 6302
5222 130
2827 6164
526 3298
2067 7870
8155 3860
8474 27
9058 4175
4929 8737
926 825
5717 8839
922 6144
6434 6237
3535 3419
7874 9473
2743 2444
8950 42
8575 9577
8640 539
2340 6623
5107 8896
4382 1592
151 7955
4357 6701
5791 5475
6894 7923
3611 1712
1520 1279
1973 1123
6124 9084
7679 6655
9161 9371
7159 4484
8577 6297
3341 620
6739 6873
7201 1045
6590 7923
1315 1735
5161 2485
881 1461
3154 7463
4069 1563
3905 7407
7496 5481
2050 2369
3530 4296
6816 7218
73 6185
8783 3842
4027 8664
7893 8346
9830 494
1017 5712
1184 1880
590 4409
3756 7283
6933 7130
4185 6875
9844 457
9867 4407
1361 8843
7990 4166
9650 8187
7399 3441
8941 8122
4636 2508
5034 7116
2765 6700
7156 7670
9820 2019
3357 9519
13 3735
9407 2200
7882 4054
7421 3504
2075 4792
1582 9730
8753 9574
5230 4088
467 6986
9915 5707
9923 6242
4308 3993
8234 1902
6068 6343
4094 1100
5582 3472
2329 585
4408 5606
6754 7376
1897 782
213 3426
5991 6887
8302 3069
5200 3795
4823 2674
9693 8528
8698 5071
1881 913
7037 5629
1687 396
33 2077
2251 1982
7383 4968
2458 3392
2875 4800
5069 1595
1269 8575
271 3744
3491 2585
5645 241
9994 7099
942 9371
3854 97
1846 5363
9363 7741
865 2485
8358 2812
4491 7443
2190 9206
8802 7214
410 8255
4741 1298
5429 2204
4791 9566
3244 2298
5732 981
4409 9560
5017 8936
1976 6827
3402 7930
5652 2327
9334 9124
514 4483
9407 8595
2184 9536
3258 7065
8773 8876
4435 7981
1927 4644
4043 4811
7462 111
436 2331
5138 4679
6376 4067
7871 2914
9404 3316
1851 6585
3704 4219
2212 2190
8957 4802
8159 3791
8510 6292
9015 4966
6960 2573
4662 5602
1242 8838
2420 3274
2398 6157
7478 1349
7473 4111
1829 5086
7277 1350
1335 634
3328 8740
3900 1043
475 448
8524 7950
8084 9573
8405 9118
7974 1111
9876 6531
2233 8661
512 1745
5960 5079
6893 5633
4372 9232
8022 3805
5521 9166
9879 160
184 1128
9935 4065
4627 6800
1720 9664
6769 6463
6505 3658
3391 3578
9422 3747
5250 7761
5873 5717
5962 3857
6934 8977
1002 262
5296 5917
6602 1585
1848 8542
9236 5034
2110 2767
8739 3802
1725 1763
9319 1008
1902 4730
1404 4746
283 9747
8902 3863
6223 9851
4917 5764
7438 7470
7815 2414
9337 6305
7051 1925
1442 8267
7027 5377
4191 2059
4735 2081
9016 2772
5100 9424
9649 4848
6577 8148
7620 5383
3873 6622
6798 6263
8121 641
240 9858
9431 5957
4408 200
5230 9510
8564 7691
7299 4852
3212 9330
9301 7600
35 886
1808 2918
1374 6875
704 6250
3504 9883
9983 612
2015 2696
3769 711
1433 3288
5096 706
9422 5945
9458 3385
4927 2832
7622 2529
3777 6296
5500 9907
1883 7105
5088 9848
8881 9596
5488 7133
4147 7656
6694 7414
9523 397
2309 8416
9031 9776
1816 4076
5115 4785
5591 374
592 6706
7786 9263
1163 1413
1129 7146
8256 9005
3531 1970
1592 5049
2452 2557
8174 3125
1624 2639
7440 9073
3309 126
8716 7640
622 4427
5189 495
8617 4098
8075 8776
1310 6347
7869 6037
4593 944
5406 8484
5442 9838
7513 8778
6170 7718
9231 5683
1879 6688
1407 7242
3895 4233
1511 1992
3254 1062
2836 9651
5738 1426
8694 8118
7699 1879
4844 5344
8028 340
8929 136
7790 3230
5218 6287
2006 3216
6996 6192
6415 4519
631 8875
9817 256
3232 7986
42 2345
1487 9970
576 1913
5980 2902
115 694
257 5873
6008 8183
5464 6282
9046 7745
3233 4743
863 7916
4209 8398
2297 923
7557 1420
1810 3716
9399 3824
4224 2239
6730 1358
9987 3347
4983 1243
2794 2535
1359 7267
6035 1900
1865 699
2783 636
5611 984
3916 512
4065 1247
5522 9376
3687 7675
1225 6470
673 4020
4537 2321
9844 4058
3827 6310
6779 1848
8332 2977
3987 7045
1928 1675
7981 6084
5101 8419
1354 5135
8661 257
5289 4099
5609 2372
643 2301
1191 929
3502 6248
9257 1362
3570 6603
4924 1247
4757 7489
5616 4435
5992 2623
6655 488
5186 772
9752 5499
8345 9338
2755 4626
9834 6123
5392 7767
9484 8657
5521 7069
6625 8423
3959 1686
1813 5765
443 8423
9226 811
360 7030
5138 5043
3720 1451
6544 2184
7722 7402
9528 9766
2380 2716
6737 616
3058 7657
3813 3536
447 5438
2078 1409
8937 4124
4011 2126
3447 6340
1520 2491
3375 2398
5548 236
404 6318
2605 7160
8639 5526
5930 5386
9283 234
6240 5764
3467 705
8384 7496
3966 427
176 8615
5242 7139
3637 8531
616 4626
5850 5629
1133 4244
8960 4095
7275 6755
3123 9396
5104 1987
8448 3542
8210 2472
199 8442
8164 1637
4360 9397
5800 2482
8731 4155
4469 2213
6649 9423
3371 8671
6636 2832
5402 5808
4171 1311
8286 8263
7506 303
9207 577
114 5619
7960 6338
943 1503
9266 7015
2630 8302
7245 777
8908 1827
6007 9811
5772 2458
9266 4792
7329 9960
972 8926
759 8032
2696 6100
4366 8424
1051 5567
7961 968
8499 3407
6277 3131
9295 9772
1112 7137
443 7289
942 4430
8229 9055
5664 6494
1002 6930
8756 8095
7331 75
1937 9392
9132 5056
9253 9326
8722 8941
7261 2012
3090 6100
9313 689
6713 5481
1350 9998
4942 3004
305 7711
6685 5260
7032 3291
4176 5394
8364 8759
6965 5783
7924 4754
9813 5300
4019 4014
5330 7700
5138 4126
6700 4966
5093 8947
7857 7902
1963 6805
6872 1955
9949 7790
321 2017
9459 6938
3536 5467
4436 5538
669 8014
6864 3318
6736 643
9379 7157
4767 2033
3030 6708
8708 2911
6021 7424
6878 1096
1192 8869
1527 3642
5090 6261
4285 2562
9441 4882
7118 7208
409 118
6602 5488
9206 5469
4460 7711
8679 9431
3194 5521
2881 3716
3189 1810
3376 8937
781 8043
5525 8086
5854 6403
8977 780
44 5425
8028 6192
8593 1816
5399 6025
7012 5394
8914 3094
7569 4170
7430 1940
4160 3380
8417 3824
5838 9617
64 2341
3571 9566
2690 8661
1114 1503
2730 7001
3074 6875
7477 644
5193 6235
8508 6458
7199 4673
2059 9900
1167 8911
9653 424
192 9618
5663 7250
5930 5169
7663 1368
6993 6575
4819 702
6849 6366
4441 6818
8147 8368
1029 1947
2320 8878
7623 795
4495 1288
7456 2560
609 3516
365 5120
6207 2222
9700 3433
7060 9375
7641 6549
9372 509
3683 687
6181 2194
9395 5401
3240 3474
1528 9898
1110 8796
3474 6831
263 2356
8875 108
7372 2049
5204 7288
9648 7585
4303 7147
1624 1875
6385 4961
134 8499
98 1856
1151 8366
6506 248
3 8319
9014 1271
2615 4528
7448 8022
491 5508
7372 9400
4917 299
6897 767
2937 5471
4792 8643
3816 777
5013 1371
3153 1158
3396 481
2129 9839
741 9831
1543 2712
9564 2659
27 3921
1493 6936
7109 8655
5237 2368
5182 8911
9506 2359
475 2554
3815 9605
6884 4713
7343 3197
6437 9387
7695 3791
1187 4685
3748 9231
270 5855
3144 8380
2797 9618
3022 8874
6108 3124
8838 4476
2794 5379
2161 7800
7497 9751
1420 2845
5874 7308
2314 8359
4090 8298
5201 5825
5156 901
1895 2683
7111 2339
5570 9918
1878 1047
6899 8891
600 2048
5972 8229
7406 7898
6127 1704
3694 5392
3458 8378
5662 2933
2467 4795
336 6442
3366 8512
5618 7540
5061 550
8458 990
2568 1824
5491 8963
1269 2577
3169 3339
3159 1575
5695 2807
2451 3102
5027 3075
7874 2105
6191 5347
1003 8691
5566 5387
7742 1140
1733 2928
1367 8579
3562 4982
1357 605
9929 9470
1689 5578
8895 2417
4620 4139
6903 5889
7057 4797
9096 5542
9555 6219
5664 2640
9672 2999
9363 3050
7269 9174
2317 6646
1298 8570
7487 4734
6915 7257
9465 9824
1873 1226
9401 2237
7857 3590
124 5383
4930 1575
932 2460
30 6228
9693 5270
1614 5450
1202 4673
9149 2217
8646 5832
3551 8636
672 3319
5803 3900
408 4978
9586 6094
9233 5522
5245 8820
6182 8728
7960 1155
2534 2999
9986 4492
3195 4072
5615 4722
6589 2612
9584 8968
1581 7280
4376 1337
3141 431
7139 1048
1525 3387
5812 9680
1842 8517
5801 4636
283 7033
9692 2609
351 4007
4658 9624
1757 5836
9885 6908
6049 8600
5851 5865
1198 4447
9782 2129
249 6005
58 2105
6391 2833
2416 4663
9480 4361
4069 4350
1862 262
7417 1411
512 698
2273 5435
7215 4736
432 9123
8462 2316
9969 3698
2102 5788
3787 5605
6272 6455
4656 4396
4433 4591
9111 7081
6034 5815
2419 2133
3331 7382
9211 5000
5631 9391
5195 9197
7502 9459
5807 4382
9531 5751
9276 671
7827 4986
6273 678
7900 6630
7260 3875
8223 8425
6717 4118
6197 4708
4726 3615
5438 328
7925 3694
5826 5026
9790 6577
2273 7255
4594 9683
8766 1355
1700 5141
5587 3400
2358 7969
1396 8089
6553 3629
3463 9833
7276 2485
361 4681
5685 4572
1727 9774
5922 5506
9387 9404
3079 4471
2953 499
2203 1419
6134 7075
8967 414
5853 2533
6667 6889
1160 897
4606 7639
653 4841
1407 5915
6669 870
7579 9447
5786 1242
7390 3150
5336 3502
952 4570
4705 48
1255 2933
271 2550
1898 1807
8610 224
1662 1512
805 6760
3784 6986
5587 4302
8303 7368
2428 4165
7476 2405
5113 9345
7864 9840
9672 8564
6339 919
1399 7829
5603 6997
79 2152
2264 492
2355 3257
6340 3534
9558 2784
1475 7845
139 1573
8807 9557
7524 6481
6611 8360
9091 5971
8543 2646
5300 1980
9691 4586
5305 8448
5973 8959
2701 8477
8150 9139
3361 9652
7391 2837
6317 892
5803 3168
7386 669
916 8212
290 6392
3227 2964
8928 9758
2542 9541
4322 2305
4003 2255
2041 4241
2697 2482
7243 9711
5620 1152
2536 7694
161 5381
8439 7513
883 1251
9964 4340
1386 9207
5074 6653
6884 766
4711 8918
7546 1190
9691 5859
2010 5937
7898 4147
4479 3073
4269 6799
7959 145
9894 6864
7604 3480
7329 4976
3631 8178
2434 764
3002 200
5694 3517
1598 1503
5030 9986
8478 8855
1247 8189
9259 4828
8807 6851
8330 6469
3891 8166
2887 2138
5450 2621
47 26
7373 597
4928 807
7577 3
1674 4324
1964 6202
8291 7692
5809 215
8908 2569
483 9645
4088 5371
2735 5094
4899 862
7903 6276
1809 1118
8698 5959
5212 5130
2989 6571
6893 724
4104 7425
1584 1563
3103 6950
3786 7615
5975 1
4440 7899
5662 5188
2067 6989
1636 5229
7648 5717
9767 6512
7674 1980
1793 1931
9142 7889
5964 6275
686 2638
4829 6078
5495 3196
5033 8274
4959 2238
9551 6106
5952 3614
7899 9239
3474 318
57 1261
5830 1993
1809 8157
3568 3424
1057 7158
3240 1922
3951 9742
2236 4025
1858 8725
4392 9328
801 2728
6467 252
7850 6021
3487 5939
8374 473
6315 1328
831 8212
9604 3661
3850 4988
8783 1284
168 7738
1042 8119
7493 2059
7861 7806
7877 6183
5052 5343
7235 9433
6163 9626
4300 3416
8815 9411
6682 608
886 4469
5566 8016
7000 1551
1947 6275
7755 697
6045 6710
3638 3096
2739 2203
634 7458
8387 3102
581 319
6751 9532
5293 1926
8911 2334
9206 1596
5253 6449
5965 2346
4703 8632
2002 1746
5095 1494
8744 6402
1465 8245
8475 5478
7826 5258
6070 3456
6590 5851
9560 2032
1107 8901
5434 8188
9203 503
3586 3999
1625 8026
112 2896
1109 6719
7469 4692
4659 1578
2578 1852
1403 1253
119 1055
6481 7605
9498 3897
8747 4937
1117 7616
343 8465
4214 4715
1835 9569
409 117
2238 7338
8300 1582
2705 1329
7618 3319
1660 7453
5262 3107
5609 4681
4994 1917
6793 4461
7068 4482
4256 8769
2567 1606
231 7891
3558 7745
193 4742
3815 8161
4892 3590
4995 6571
2755 2264
4342 5262
9535 8602
7196 7021
6162 5316
3594 3319
9501 2721
749 921
152 3639
2065 3776
8471 9299
6427 959
4109 2560
5880 9918
2862 8401
7699 122
6584 5711
408 1457
4982 910
3193 4344
1699 528
781 8599
2976 8358
3410 9356
2151 6039
5462 6273
4534 5572
2472 6441
3359 4363
9146 8059
8343 2774
9474 2721
4187 6436
1035 8046
9028 9911
5984 2164
8757 1554
8094 6625
8446 1012
7336 2562
2258 79
2231 6156
9075 3576
2031 8336
821 6040
5596 614
9522 3741
6221 2586
7205 2262
5969 5724
4380 9366
509 1056
3396 7683
2064 3435
3188 5126
125 600
240 2217
7164 3992
4660 8576
6745 2908
141 3082
5591 9746
6771 4959
9272 7783
7654 2215
9566 1529
8406 2310
3502 5582
7914 2721
1265 5571
4305 6516
5209 1157
1922 8817
9594 2794
6667 7953
8380 1521
7379 6208
7057 5605
6339 4190
4467 3893
9841 9179
7593 1052
8156 7836
5781 7617
4899 4868
4022 4901
5366 8680
7446 2380
3141 1464
2301 9432
1094 4705
1835 282
8088 3028
8289 1079
4660 979
7284 505
2862 4093
2802 9175
8049 3897
371 3670
3430 161
5404 5238
9264 4958
6254 7894
884 9178
7974 4215
8598 9814
6624 7341
975 4090
5508 9363
1288 4394
1629 9659
1452 2641
6430 1373
7830 1693
4481 8209
9387 2483
5540 6496
7907 8117
8356 7010
8750 9853
5349 4920
3129 3742
5435 2697
2835 1603
6612 7935
7832 4552
2549 7591
2983 9496
6227 659
7055 5555
8579 21
7806 4580
5078 1932
4484 2836
3496 6419
3826 6703
2698 782
7442 6082
6264 5780
6589 3846
6404 1847
4899 1303
6582 5092
9747 8296
777 68
527 5455
9416 1112
2337 3153
691 4211
5405 7056
1936 2285
9355 2933
447 3785
4962 9956
3201 9246
8018 4493
6304 2100
5584 8956
3526 795
8969 8382
8915 7845
8882 5261
9924 5020
9092 7749
2969 4461
5915 8190
7932 5565
2593 9709
1542 9056
3981 30
806 3593
1880 6164
1495 5690
2764 4162
1220 8342
6801 1347
310 4481
4923 6591
9926 1557
2375 6291
5602 5694
6962 3093
477 75
6446 1069
7013 638
9441 4906
3260 8102
8142 8007
3218 3418
4228 1353
9533 6971
9056 2717
7100 2331
6692 8437
2007 1999
4277 3801
7163 8872
4665 366
8953 4176
2861 6064
1231 7573
4519 2244
9702 7238
1615 5504
6846 564
1097 7074
3225 8221
5034 5624
4937 4914
8193 8766
722 6368
2134 1605
6143 8767
9493 9025
1562 5978
7721 9200
348 5502
1171 478
6450 4946
2395 4804
7662 654
8302 5402
810 5134
4034 5049
3621 1777
3320 5308
6245 7335
26 1710
474 5366
7141 4421
6805 3886
142 9576
6430 578
9781 2940
6604 3503
3929 2932
1025 8940
8883 5914
6334 813
1128 9667
3749 5268
3362 4328
3332 9111
576 2926
1197 9954
7307 3900
8739 4955
699 6331
3630 4546
426 6438
9033 7059
8812 9284
6691 5796
5700 5619
6586 460
4303 2861
6933 7165
934 4968
9471 2462
66 7515
9214 8359
317 7599
65 9560
6702 3547
7976 2692
338 5621
418 7789
5977 9805
9921 9055
6368 9025
5283 81
4518 8054
5642 7897
517 1430
893 154
9024 4284
4735 269
7258 570
4204 1860
639 5337
6827 2090
5749 2967
8350 8169
2418 2030
4371 4804
4190 3867
1420 1071
3021 787
3022 6915
8111 6575
7149 9903
9982 2532
3433 1102
5828 6888
648 1274
2628 7338
7027 9952
8073 955
602 9026
7994 6928
7506 4742
1514 4117
8922 5465
1806 4901
8195 161
7730 1710
3107 140
2232 6146
2855 7877
3001 1742
8686 2235
4501 2206
8172 6666
7212 7973
2759 4345
4859 4999
6740 406
9815 7429
5959 980
1852 1583
5212 3522
3014 8776
520 6758
5299 9384
6031 7153
6655 5919
9349 8316
1187 4637
6393 4957
1642 4978
2249 8275
828 1194
6917 6158
4030 8745
2354 7214
937 2069
5373 5295
8853 4300
7248 7458
853 987
845 5739
3788 4191
3791 6008
481 8813
2403 1079
6535 3365
9566 4331
8122 1439
3875 634
6808 1651
9609 166
7622 6725
7521 7026
6168 7990
7355 2125
4104 6257
8766 2015
5973 4900
2382 8694
8147 9154
7512 3605
247 9151
7559 4300
6959 1201
5333 2726
2782 2050
6716 4547
1695 583
4902 6606
5374 4331
5901 5400
4564 1771
2480 9521
1167 386
5034 4341
8870 2496
6035 5397
5172 2723
2766 8043
6397 614
1206 3758
384 6650
4455 5105
3846 366
6611 907
8149 2775
6220 6599
5819 8766
5129 3748
9716 7429
483 975
6179 1935
2630 7262
9911 1928
164 9371
2466 1346
100 8802
1478 1832
2448 7469
9750 8434
331 9586
6804 7209
8593 1071
9913 7745
7391 143
9795 7456
6098 9894
6262 3439
4456 4223
63 7993
8861 4133
9016 6081
3922 9382
3520 2022
1517 8914
381 8450
2669 3909
640 5372
2590 7397
9578 9486
1782 7596
4767 6973
4854 2093
926 4550
1676 2834
7824 1006
2005 358
9943 1040
8989 4709
5793 5823
4814 5654
5660 9254
5004 3644
2320 5197
6021 3747
9517 276
9015 105
8941 4909
8261 7181
5588 7850
4264 2123
132 3175
2907 7612
2784 1858
1424 9438
1065 3356
8570 5446
6110 726
6641 1959
3143 3460
3332 7536
2288 2973
9916 3626
6626 1073
415 1521
6614 542
2838 8388
9318 5865
3938 9599
1342 8792
3808 2887
2494 7005
3265 2703
4516 8295
9793 9596
3089 6974
7747 1842
4529 8406
2830 8826
475 9116
5103 744
870 8841
5158 6149
9228 4767
7613 248
6667 2543
7615 2904
7698 2312
1220 76
8834 6205
4560 7343
8158 6641
5375 4017
3549 5357
5380 5775
210 5600
4466 2950
2991 1942
2611 7731
7464 6647
9999 9008
2953 7581
4230 4112
5631 3136
1829 7232
1280 997
6340 8515
3000 1970
1188 7108
5760 6221
6096 1900
4796 874
2910 5262
53 1986
840 6610
342 8331
3520 8107
6500 5929
7820 5983
4133 6833
8007 258
5969 3877
554 8586
5771 6647
8398 8362
4884 6212
736 6667
9827 8975
7184 8680
3137 7297
6956 5458
7876 4012
8769 1772
7267 7203
2503 4133
7479 180
5207 9735
557 1377
6992 9548
4494 564
2796 7102
1877 2924
8366 6887
8689 7092
8389 7604
5176 7584
3486 4949
7519 6680
8933 5687
944 1508
7123 5399
9457 1820
202 3587
2678 1898
6138 8198
4487 2371
4187 911
8465 4822
1068 2135
4635 6449
5670 2266
5650 7268
6235 689
8600 9849
4736 3043
6865 5106
6886 1995
6302 9805
6180 3218
2873 8961
4659 9968
6695 7144
4849 3814
7828 2068
4175 775
8670 1977
5371 1773
9009 5068
5673 1879
2257 1059
1097 5083
4174 4595
4662 7026
4479 5824
6999 5190
342 8414
2600 6313
3383 3070
5743 8932
6934 8818
4410 2166
8911 1258
3624 3691
5305 1564
5322 4273
3109 1045
3379 1589
1560 3865
3101 7906
3148 3260
6346 2948
1119 9433
7191 9942
7 9009
9312 2285
8784 1715
7003 9280
1605 5451
519 6928
1591 8775
2501 1033
8096 4430
