10000
3132 6606
9941 6800
3165 2622
6643 4067
9813 8465
4557 494
4532 6965
5686 8248
9305 1756
2281 4556
9067 8565
945 34
5638 5639
2430 6635
7149 1302
6928 6287
3706 4390
9722 8701
4159 5613
5200 5772
104 2233
9513 9927
5066 8136
4095 9795
8269 1360
9370 903
8627 5213
2036 1548
760 3424
344 6861
4474 1692
8156 8611
7404 664
6142 8172
2406 4536
4420 5333
5418 1445
2169 927
2514 2724
3216 8375
537 2354
4083 6630
340 9058
1108 3037
9634 6399
2378 6983
4502 3277
8382 3271
1006 9902
6806 6988
5111 5187
7904 5937
2267 5850
9197 9912
8109 2584
1118 2815
1800 4271
3439 2602
4775 863
4050 3642
8355 8812
9285 8826
5190 7440
9819 9305
5901 5455
9320 2142
3619 5971
6580 114
2533 1742
5008 6903
7292 1855
4281 2067
8672 7683
5273 3788
8018 2784
4201 4646
9810 2398
5433 4606
202 673
110 8887
3680 8893
5349 1436
3773 7370
7508 7193
4523 1069
2299 4623
2540 6549
3821 866
5132 5116
392 3284
5115 4132
6552 5523
3113 6799
2528 4911
9240 9061
8719 8477
8232 3256
9338 353
205 4195
6496 9217
4950 9851
3739 5876
5501 8759
2584 1118
4842 4597
9371 7924
7289 9552
7663 477
9222 4422
712 6263
7274 577
8008 1732
3619 2755
3424 9856
1870 2430
9859 8071
1989 7572
2668 4036
2020 4388
1643 3708
3052 1453
8573 9559
2582 2631
4113 3079
9891 1953
7585 3647
1729 8942
7034 2550
1983 8504
1987 549
33 486
3397 4724
768 7484
555 2448
9118 982
3210 4679
233 9986
5723 9199
8308 3963
1258 5845
2785 3778
9621 8804
5741 9557
1946 6818
3827 8085
7669 9499
5318 1904
101 156
931 1673
670 5416
6671 2919
1073 7149
1399 4521
1866 3171
2050 8418
9952 1511
847 8858
3811 9228
790 7475
8426 8535
115 2576
3079 3553
3854 5713
3165 3516
7904 985
8089 479
6807 4128
7261 82
600 4697
2652 4574
8212 9354
4574 4575
1855 5865
645 5947
4740 8244
1246 7110
8232 2629
8097 4535
5148 3190
222 7583
7834 2832
1350 7228
6637 2033
4358 658
6449 7315
9200 8379
5251 185
1472 572
7823 9992
7772 8699
2686 933
4260 1101
6999 7397
182 7485
1940 6503
6080 8102
7940 605
2126 3207
8136 1639
2513 3334
2544 6538
6892 5260
5499 1667
9778 7524
6494 5370
6698 7332
5495 5023
2862 8117
624 5640
9980 3664
470 1613
8592 7964
432 8653
7213 7104
2796 7278
8244 5295
3403 9389
9380 7
3861 1370
1819 9553
4592 6187
7554 7063
7009 5691
5930 7278
2190 4302
6291 5416
2698 4677
2569 5636
1862 5432
3063 4825
7923 3032
1834 5217
1543 9679
4499 6644
8482 1463
7425 4878
3374 2924
9861 1870
5032 5315
3757 8450
2105 5392
869 2201
8497 7417
1337 2102
832 3070
9635 3257
2500 397
920 8632
9357 9947
987 8579
2495 6633
3428 8026
5644 5630
7830 592
4139 9665
7918 7624
9391 5142
8814 5493
7458 6647
6947 5112
4322 9552
8518 3060
9001 7380
9820 3942
4962 4286
5466 9488
5296 1393
4974 2762
5879 4996
1986 7383
9163 9122
3664 4261
9268 9131
7490 8517
1558 3712
6247 856
4973 580
5646 7636
3902 8076
7347 6717
4643 4861
4872 9136
8458 3323
2390 1660
3677 7986
6453 5063
8002 7410
7041 892
9975 5519
2669 4601
2837 9422
7994 5818
9753 9604
2317 5607
9374 6945
3847 6581
8818 5310
7449 7994
1513 240
8672 4201
5569 3170
14 1947
5248 5703
885 298
4353 6854
9773 23
578 4051
7739 332
3372 1328
3559 2350
6011 9494
5379 2495
5529 6906
3191 1488
5638 3872
4516 3709
8784 967
7162 9578
4933 8564
5528 1339
4691 2471
2835 6179
3202 488
9575 2168
3484 2292
2745 6946
6609 3462
2083 4489
3096 1274
4664 4781
6966 1731
6534 9841
1904 525
4624 1722
5061 5193
6944 4617
6337 4288
4968 5968
3308 3123
526 1491
302 9667
1557 1160
6670 3014
7000 3232
6698 6332
3884 4937
674 9658
1466 1280
8779 3188
7982 6612
748 6564
8873 4005
9781 2898
5934 2315
2939 146
9326 8583
1923 299
5727 5979
6251 2440
4686 9146
895 2951
3043 2069
2476 4773
6968 9265
2951 8225
5974 2248
4603 6319
47 4722
2148 6949
1209 8028
7434 3007
2924 9988
7382 6171
2034 3665
2529 7033
9408 3244
3426 8851
6720 8555
5240 8477
798 5747
6159 2765
7417 6176
3596 2481
9676 5258
7576 2666
5077 6251
2354 5035
2556 2333
2505 8265
6493 3654
6330 5865
8026 777
4869 623
9234 2136
1922 7891
1766 9169
4322 4330
5577 5560
9281 7237
869 6974
5900 470
6278 7742
2323 2251
1902 6700
5336 6188
2911 9488
1147 4338
7399 2120
8622 1560
3755 9088
1942 9606
9636 6413
5194 5822
5334 372
8732 1434
1425 9517
8854 4855
7375 3424
6158 928
6047 1024
9315 6168
9894 400
4932 2309
6427 6197
9081 1256
1459 3553
5125 5338
1873 261
1551 4283
9511 3777
2608 7512
6785 4083
2486 6032
6187 3899
2522 9820
5044 6480
4539 3817
6986 1521
5330 1510
1989 9716
9257 101
5321 9632
7641 5855
2854 1126
6340 4380
2334 3573
8335 2825
682 187
4899 5867
7037 7859
1117 744
174 1664
8448 6401
5057 6380
9765 2624
853 7917
8169 5112
3201 6423
4330 1005
2495 6809
1382 1053
4705 9031
6279 8308
8897 4361
8720 6866
3745 6400
8038 7477
2695 1714
2156 2138
1642 5688
2258 1522
3516 6161
6064 7897
1084 8148
7390 6774
607 8839
8343 760
7691 666
5150 275
500 673
8404 5353
1243 3422
5921 3882
9031 4110
4979 3825
5528 9866
8933 3311
9145 5804
149 307
1633 6918
8605 4595
340 8632
6271 9147
1286 9430
4987 4393
37 6339
5707 6803
5373 237
5029 9165
7215 360
6887 2521
9334 2357
4456 7915
3005 6992
9008 5452
9748 1206
2160 8093
399 6077
5686 9171
7677 3769
9855 335
7968 2420
1672 5079
8549 823
1892 7122
3371 2264
5047 3403
1008 37
7384 7204
4011 8041
1293 6496
3316 2470
1129 1812
2074 903
6999 6589
5518 6838
3102 146
1711 6375
2426 4374
322 7497
2338 4800
2336 6978
1972 6609
3408 9849
543 2404
9662 4296
4249 5416
1513 7343
7626 8634
3690 7822
6522 6848
9328 7045
8084 1191
9469 685
5554 7429
1365 3663
9844 6586
6392 3318
2069 4105
5950 6957
5267 7464
8606 9230
2805 414
1493 4873
5624 6614
26 1953
2339 5709
4074 2729
1567 1194
1886 2677
9078 5228
5872 3509
1418 525
6648 7969
4223 4278
1000 8399
1437 3468
1522 315
962 5418
9074 2516
5002 3369
274 7424
6390 6713
5343 1318
1898 8501
1219 6468
9851 6520
7552 2732
9975 2473
8035 6517
3991 443
3900 6508
7125 948
3739 6984
4107 8199
8071 3624
1853 7
8082 8525
2985 7703
5366 9354
4825 8934
3098 9480
7084 4921
4945 739
3387 874
2323 9278
5864 3827
1660 7450
9517 2284
9418 6159
4375 5114
186 2633
9778 8363
8556 2160
5040 2943
2102 9973
4803 4871
1913 4685
3663 6139
8051 419
8624 4063
7855 8208
4503 7653
6057 9556
3175 6920
9620 8592
4433 1846
3044 3828
7848 2813
8327 3240
9561 8470
6248 4896
6887 9381
2997 5630
7896 2460
4488 8732
8463 7005
6079 8934
6578 8358
7023 3947
6880 2637
8783 9111
8026 9431
996 4875
2421 6523
1878 4914
9283 1158
5620 2524
2222 6659
5880 6022
9771 3661
6679 2823
634 4791
9076 5367
860 342
8301 8324
6213 5212
5977 1839
1413 9306
9031 2877
8226 7719
9556 7645
8404 731
2894 1334
859 6936
3994 2930
1937 1899
302 7558
8652 1289
8254 3629
1830 6667
9256 471
8468 862
9106 6363
6030 6098
9852 2019
3898 2057
9001 1928
234 9610
1479 3754
4052 3023
51 2987
5449 3594
7884 6552
627 6898
57 8041
3924 2403
5311 9714
5961 4253
2160 1091
3365 4338
3934 5554
8032 3935
9510 7194
4937 9900
9152 9932
8 6727
4753 9909
3513 7285
1448 6992
3647 7298
8100 9711
273 1187
4201 719
9919 7741
3339 2720
297 715
7327 2946
4582 9887
9139 2119
1230 1429
4985 7308
4757 8220
1250 958
6373 5056
9419 2997
2866 3154
3130 20
8526 6059
4304 4776
8160 7387
4598 2581
660 2575
4549 8503
9522 1623
2528 4058
3572 5830
6622 6044
6124 9678
1358 4445
5488 7712
4997 2653
5738 4023
215 8891
3098 9670
2611 962
917 5434
5529 5578
5072 4778
4922 9580
69 5693
6866 2344
7792 8709
7198 1444
9732 7345
5301 2157
8048 9471
3353 6801
6048 4784
5940 1534
5660 4758
9901 232
3207 7205
8157 236
4516 2292
6124 6029
1548 7131
661 6317
2441 3942
2776 6671
2692 3
7755 3487
4396 9824
21 7517
3258 9906
7655 2480
3951 4992
9313 8076
3752 6568
8979 4731
2260 5455
7371 3071
3446 3264
4006 9486
9587 2596
557 6145
2650 8262
1567 8030
1147 9719
106 9377
862 8850
7334 7710
7118 9905
852 8059
7650 1200
9111 3620
5196 1946
1838 7959
1774 1718
7283 2035
7863 9496
343 4076
993 6028
6857 6169
1030 3234
7652 2233
6547 9318
5032 4567
5358 9186
8336 4541
8920 427
6149 4189
8661 4475
9752 94
2201 6870
9854 5259
7673 6348
6782 89
6981 7716
7039 8108
7406 2910
8977 4753
6899 2688
3087 9884
8193 9157
3989 2275
9972 7965
3058 6593
1661 1672
6815 7351
5662 3496
7157 9672
4514 9313
5051 6778
4917 478
6347 6592
6063 7515
7046 19
8047 9724
5294 2032
2250 9161
9074 7908
3934 2787
9403 3389
4711 4903
1470 7999
2975 4992
1447 593
3473 6809
5522 8055
2896 418
3676 699
1811 4368
2002 4547
9038 3706
3491 7848
2415 6553
8434 8508
2600 1787
8867 4349
6656 344
7398 1224
5148 5029
1936 1784
434 6096
8765 6890
1413 7864
7939 6270
7090 1618
7556 9250
9485 2787
1644 5692
1565 8400
3866 275
5096 9856
7808 7114
8416 7476
5459 2635
2126 2977
5142 6374
9294 4504
4070 7132
7172 7721
3293 3470
7400 2966
4820 6536
9584 5163
4181 5039
6980 2371
2594 9554
3479 6266
4051 9613
5268 7921
9833 9240
2514 1963
4970 6178
9949 3757
9622 2183
824 5122
4139 5863
6555 6246
431 5991
9143 4265
8348 7500
4689 2880
1116 468
6746 4130
8864 2900
4620 482
3596 8496
54 8216
5687 6309
7550 2879
236 6940
7518 5696
5234 3457
5926 2671
1798 937
6321 6521
8428 8077
1985 8685
4988 6550
8709 8805
7220 8511
4537 7475
3181 5474
8451 3919
3654 9223
3368 3459
4927 1382
4371 5643
625 9475
5497 4668
7031 4385
6058 1146
7357 698
404 1481
8894 2256
6209 1502
2395 6086
6588 8319
9531 4633
5299 7100
247 8577
3660 1692
8643 3002
4975 692
2051 3755
8527 5131
912 7988
1013 6179
8585 932
1184 9533
6817 6677
5811 7199
5248 9017
2726 6746
3266 851
3655 5639
6307 8225
2322 9905
4456 709
1929 2152
3163 2526
3328 8435
1898 8310
8714 3165
272 6175
7605 3849
9708 7523
4450 7491
2089 1143
4484 755
4223 3774
4573 9413
2047 5216
1062 4804
6551 1049
7650 4652
2915 5005
3941 1527
6844 7390
1174 9618
3177 1749
262 9218
2727 165
9080 2135
8520 6359
3040 8365
461 7817
7459 5104
4188 1361
8599 2291
4045 3649
1221 9388
953 937
2106 6534
330 9266
7696 4036
9506 757
578 3981
7693 9758
5905 8627
2085 2469
4238 5493
2110 7782
5701 7077
1908 5424
4160 7953
2967 3122
3803 7638
8246 5315
6571 9691
1700 7987
3371 1892
2882 4998
3701 9926
5893 6365
1517 7498
340 1324
1731 2408
7439 4457
3645 8236
4559 5997
4584 8805
9310 7128
7164 2837
9451 6366
9968 6849
2919 3062
9055 3870
9377 5670
9418 7144
245 3147
3725 7752
6974 6573
2032 8665
4183 8361
5537 6753
4863 1572
2945 4876
4442 4418
7145 780
8832 5178
9574 3290
3948 9796
7751 9982
1758 2822
5105 3348
5471 5041
8528 2257
888 5158
4169 4261
5166 49
886 7391
4194 2260
6430 3000
6515 2760
2497 3205
4815 5172
8987 826
2713 5820
3315 684
7528 9437
909 9237
1620 5681
1963 6793
8766 925
2827 9957
248 1427
5403 1150
928 5036
2227 2640
3176 91
8899 991
4460 4981
1456 1957
1502 2029
4695 5219
4765 8800
2189 1104
639 7767
885 9642
3365 2472
3445 8198
4451 2972
9124 5410
3127 421
6 5697
8115 7596
3742 6126
7234 5371
2690 1756
4220 6674
5514 1661
2474 5749
1818 3236
4041 9622
7226 6351
7403 659
7802 1098
8468 8839
7139 842
4183 41
742 5438
9187 9673
513 8108
5997 9764
5541 7613
5844 3345
4450 8569
7263 8636
3103 7349
8592 8319
8196 6919
5440 4432
4881 3251
2855 2286
4948 1917
2288 4233
4948 3979
2166 6681
5684 6877
3293 6213
927 8161
2839 2738
4230 9430
2445 3250
5352 7992
4621 8208
7206 1463
8427 3946
8053 9228
1744 679
2258 5
220 569
5055 4168
3457 7349
3249 5473
40 367
9083 8742
10000 208
7422 6332
5969 5868
8383 9596
528 1241
8564 5597
945 7295
6583 9825
4429 9095
667 6592
6202 2882
635 3541
8011 6721
4701 4440
368 1789
8898 2295
5560 776
9058 2811
53 9140
2861 6230
2034 1717
4718 6798
7745 2215
5690 4000
3822 3809
4483 597
8759 8998
8514 1874
9146 8473
4543 4865
4074 3676
2450 9767
9410 619
1546 6715
7357 9825
342 6931
4055 1348
3199 8965
6808 594
3618 6766
1041 1304
7385 2235
7832 4106
1944 1098
5641 4340
735 5154
551 5971
4389 6009
3941 6037
9511 4537
9856 3927
2850 643
3353 782
8348 1207
9485 6967
2593 7638
7063 8761
224 6296
5768 7086
8832 9241
7299 5443
7726 1992
6658 6648
7216 6501
2543 1134
2271 1230
8245 2323
3376 435
4424 7966
5563 7485
3970 3808
6823 2335
5727 2093
3097 24
3769 6748
5896 1423
138 5885
9768 4199
5789 7590
9511 2182
4183 5265
3550 8064
5646 8036
4359 6494
63 3111
4689 725
790 6539
9413 7066
4839 6096
7517 7485
4532 6816
1291 437
4008 3324
7605 8967
3291 8321
5535 2816
7200 9556
4471 4676
5409 9854
7537 1951
838 5030
2556 1311
4085 1994
205 400
6080 2069
5046 8372
5594 7035
680 2967
7842 9601
2698 6425
3162 7286
6209 7351
3796 4023
5164 1660
1057 9237
1702 5383
3954 733
9920 9849
6552 2451
7577 3128
2281 8144
621 3073
8840 4045
5746 1703
6113 5137
3735 6629
6510 164
4482 7917
7719 1467
1587 6608
4894 5446
1373 1999
9886 6671
3260 6486
9906 883
7523 993
3343 1236
4060 2200
140 1412
1466 3766
8969 4216
8379 533
4948 1899
3295 3269
1765 5844
7323 6436
9034 6949
5915 1265
1823 1835
7142 1892
3120 9036
2898 8316
7701 1635
736 8039
9842 9516
1187 2527
3046 1252
6617 7259
5824 5128
4586 2731
3366 4360
8423 2148
2904 146
7695 1792
2599 1945
5876 1858
1732 6891
4291 8109
1221 9840
2888 6246
6673 1192
970 5105
8513 2581
6104 4448
6444 5476
504 5300
3178 415
5422 9016
303 8769
3888 9257
8282 3030
5815 7051
268 8411
4939 1270
8345 7002
1836 7021
6012 6702
7795 4057
8221 2558
2965 2526
7714 1960
6884 2599
1646 7398
7268 9624
1645 2464
3336 2467
1474 1872
6126 7732
8941 5919
1327 6978
3937 7319
6013 4962
3764 9497
2001 7907
6886 9566
9704 1408
3711 6769
8686 3781
7844 8732
7849 5260
6737 1668
2857 5825
3391 2263
5959 9316
5172 902
9612 5954
9505 6099
1803 527
3407 4164
4367 1596
6269 1698
9406 3686
3884 846
7447 569
6125 7589
5281 4638
4024 7862
5031 3706
6689 5562
5348 3065
270 520
9539 7036
1266 6096
7263 6239
2259 7214
7322 5667
2455 2545
8774 3833
3914 8534
3107 7235
8900 9138
4353 5573
1907 4806
8920 9662
8674 6066
5172 6794
5321 5237
4452 500
1723 9420
4393 190
1996 9258
1629 1323
4789 5129
7026 3474
6616 8398
1410 2900
3551 836
4223 4797
8089 5197
9497 260
5232 8105
8641 5326
2155 782
4859 7748
5885 3742
7695 6252
5178 7640
7689 4113
9237 5474
8719 7971
2207 8663
9178 6052
1557 2640
6487 9972
985 7542
4695 5259
6531 9657
2890 8726
1883 5586
9505 2556
5385 1904
2909 8055
6602 3363
8175 9025
1356 8600
8822 3547
3095 5244
3271 5897
7638 5178
6449 8725
9786 9110
4772 3864
5763 3077
6706 1329
7496 3128
1280 6168
5877 7983
4322 3757
7936 9484
2108 5904
499 9830
2023 3648
1905 5650
8098 6825
8700 3123
3613 4869
1671 9778
1555 3811
6758 6147
8694 6775
4752 4499
5601 8222
700 2362
7624 7333
8755 7195
3968 5301
1822 8585
184 3085
4332 5430
1570 4249
860 9059
1095 4018
6435 308
9842 4956
2972 8775
4365 6836
4716 3806
2611 6252
2787 9796
6932 3531
3845 1885
6369 4819
1648 6882
1279 5018
5098 665
2849 422
4119 8528
2715 1141
7148 9262
7221 9177
1213 62
5814 7568
8368 517
2085 4986
7188 8900
9989 8704
9588 6294
3615 6599
6572 933
8721 5287
9400 8799
7565 4733
2095 9067
2538 6065
2919 4715
4734 3367
8214 3703
460 2607
9588 8826
6435 8260
8230 8491
5473 7922
4156 8247
5475 2076
7596 62
8794 1352
4928 5928
5602 7138
656 3009
9210 2884
584 3948
924 2319
8563 9913
3881 9520
3518 2677
4527 5671
4673 3820
277 7770
1602 5313
7541 816
2826 9914
9286 1409
7824 9373
7982 5647
803 8637
2389 9533
5099 3061
4144 9523
9571 4940
3191 9542
8158 3546
4309 3210
5187 7893
4310 9503
8921 7950
8244 2602
3585 3179
9120 7473
4621 8892
3199 6590
8025 1454
2781 3576
9649 759
7831 9691
2368 6464
9923 2319
6516 6928
5850 3476
3385 3496
4267 8834
6878 1406
7462 834
3278 6617
4613 1905
6131 8401
8255 9832
4205 3919
4561 3308
6037 2915
4811 4900
4365 7274
2632 5506
1017 1453
4134 7135
4816 8355
2696 7313
9737 9032
7130 663
3886 3218
7264 1224
1296 1390
5503 6461
1736 3635
7010 4210
2777 3276
2652 6445
8974 7132
1435 8038
5706 1293
2145 2383
7612 468
7606 5778
9113 452
1334 5018
1314 5555
7263 700
2918 5234
1755 7118
892 2105
4077 5097
2784 421
9988 4592
987 2426
2100 6029
3839 7758
8521 3515
4799 5787
5192 6229
70 5453
2790 1331
3849 2958
5872 3152
3692 6959
9211 5855
6170 379
7041 4903
1790 2980
8232 6363
4009 6234
8950 3971
5466 9705
7214 568
5911 592
3327 7688
7950 6112
8913 634
5599 9704
6606 9519
8879 9426
2435 9934
9146 706
1352 6675
9958 1997
4084 6440
9860 321
5552 6342
2743 2438
6304 3172
1166 1047
8179 653
6095 9765
4689 5483
1503 246
961 7332
3295 5750
2953 4152
4919 2825
6027 9430
8679 8682
6174 4455
4410 4911
7604 9470
1599 2812
6939 2771
3665 8790
7828 926
5720 8553
3138 1834
9596 9964
5318 9267
6381 2818
3582 9539
6862 61
812 4101
6587 5569
132 81
6542 4978
5718 4454
9154 8916
8403 8001
6872 6771
8430 3285
4128 3146
3675 3218
8928 3644
477 7348
5362 7072
9261 4723
8767 754
1251 2459
109 3939
150 5488
1618 2691
6893 3014
956 1045
5589 1278
2463 2686
2075 724
94 5425
905 326
4526 8907
4566 7754
5198 6937
751 7611
5393 1367
6966 9836
5372 7535
2528 6026
4323 9185
7521 960
8976 6226
5409 512
1559 4192
9306 4697
7298 4116
5146 9642
4571 2634
415 2619
3306 9755
366 1634
8443 3936
4022 3348
9278 4495
6414 9812
2351 8244
3062 7870
6521 2338
30 6874
368 4674
8103 8628
7430 4782
8516 9636
9489 6738
810 9317
6126 7306
4040 205
326 7186
6444 9727
7983 4671
901 3157
3083 2002
3190 2314
3943 2086
7716 2580
395 7721
5350 7146
9473 1833
8342 8311
1914 8592
1401 588
179 1774
9726 5914
2734 2705
1199 29
4966 6608
2146 6975
6957 6177
7374 4962
2507 9113
1221 4845
2286 379
3959 6589
3952 3095
812 3665
3016 1186
8305 9396
6512 8063
2454 6514
3074 7292
2934 2759
1856 4253
245 3163
1630 3441
4036 159
7460 6559
1817 5623
8087 6368
5283 7877
1503 827
3811 7797
6452 6184
6519 5215
3223 49
7810 4254
9605 1160
8184 7805
9294 3261
9852 1562
9618 1209
2061 1968
6565 9077
5751 1151
7590 4859
4682 5139
390 3246
2795 6977
1599 3668
3927 1322
4839 2216
872 7447
4678 6037
4521 6997
3759 5535
5833 5014
6850 6865
3106 33
8210 7287
6385 9018
7495 5140
6852 3699
1705 3342
7030 3481
9204 2850
8211 3939
5066 7896
2155 2896
1670 266
9393 8248
4170 9635
2471 9963
9839 5190
4320 8322
3505 9193
8179 4648
6015 9529
4810 2192
3499 1075
743 7267
1141 2481
3566 5997
6109 4226
6930 9286
4567 428
5362 1429
2290 4352
9082 3411
6203 8121
9578 8938
6229 3505
7820 7169
802 8469
521 2815
4303 5687
5717 3572
7062 4264
7763 3918
4965 5479
608 5315
9287 7489
1795 4051
9758 9353
8400 3277
8190 1825
872 3093
7266 7161
2527 9059
8535 9993
7626 3873
4683 7995
2859 768
133 8263
905 3216
1398 5647
2065 9540
2243 5157
1299 2823
520 214
6346 529
8794 4156
8939 1802
6238 3842
3864 2628
498 3473
9933 9415
8922 921
6797 1741
9008 1789
2979 9083
4353 964
5901 8579
7568 3654
3326 6087
1461 1913
4363 8776
7448 6546
5448 5967
2102 971
93 8586
5141 4730
292 9881
2110 4439
7717 7310
8708 6722
3187 4746
3303 2201
613 3918
3000 2841
2304 8387
7825 6203
2222 5143
1570 9319
6627 4473
3843 7647
3459 5734
4847 8061
6469 8304
1046 186
1441 5839
2049 6101
9250 1904
8967 7613
5280 8516
8621 4928
4390 3466
8570 8816
2617 3627
2985 4561
8149 7056
4864 3958
6776 2972
8406 4942
8692 1315
3171 4620
786 6503
8000 8023
4169 3412
7716 5561
5199 7907
1331 8120
1253 9150
7474 9831
750 5125
7810 3376
8232 4754
1602 1918
9266 5704
6723 5884
4141 3787
1655 9469
7404 721
8728 4938
4267 6252
1 369
8009 110
9976 7998
3191 7179
4761 8908
6847 4179
5876 1588
6049 4999
8815 145
3460 5215
3849 1111
634 963
1421 5805
453 3462
5450 4905
8906 9737
7236 1354
7590 7488
2799 2173
2714 414
8019 4121
7812 4576
7686 5434
9147 4602
1892 6712
2791 1464
100 8126
5781 8623
9453 3760
1808 9212
6049 9551
3919 3983
5860 8788
6008 4278
3988 6464
7699 4367
3660 9589
1852 6567
8569 8117
4287 3442
4933 6323
5190 2009
5239 20
8083 7064
9014 4623
666 7210
6778 1447
2712 4877
3933 4025
1366 8283
341 3156
1181 2605
4798 8195
2135 9920
5968 3974
8502 1832
3752 5353
5538 288
9755 7384
8050 8703
4047 3449
6779 7389
2446 2419
5540 5965
4388 2085
7137 324
5012 5515
7736 4595
3647 1147
5703 6043
8151 515
2120 1313
9154 4047
2586 3355
4220 4813
5766 4392
5331 2152
9411 8331
276 3138
1648 8304
3659 1561
3319 3847
7160 8865
8291 6095
3485 4137
5707 1244
4641 3058
2184 8260
4211 1574
525 5370
5081 4079
7071 6822
9428 5930
8256 5121
1015 1469
5010 1354
8107 4416
9334 3691
6075 194
7478 5018
2025 4670
6194 1527
1265 858
9436 6320
3123 8160
4454 8705
5002 8659
6337 5031
8653 3504
3294 1871
4743 8048
1383 3982
7456 1999
9411 256
9406 3788
1820 580
5204 2425
3166 2523
1350 2211
8477 9646
2236 9314
7501 7369
8950 5509
9137 2825
7177 2667
8293 2340
9689 5338
1838 8402
1235 7504
964 4743
9312 505
3857 6996
190 9423
7489 9510
186 3408
6613 7344
3509 4735
9351 8051
3362 1864
2483 7312
8025 9409
2309 2517
2070 9170
3183 4432
7901 4499
6382 2073
1999 6124
2377 2207
602 7284
9768 821
6483 4044
5501 6636
2310 8680
7661 2024
4063 3398
9194 8176
1540 9242
8215 8056
5348 200
133 3160
7519 7555
3175 9029
2582 521
8466 7003
5405 2449
9408 108
4621 6598
6044 3772
1655 860
2691 9068
6672 3067
4591 4088
8431 3032
1847 6635
7211 6018
4210 5266
7954 2961
5833 9092
3497 9844
1274 1149
6183 6523
2108 7376
251 382
6214 1945
4744 5790
8946 8433
7365 7298
409 9717
1913 5454
2020 9772
2754 7069
2992 2615
788 2586
370 2705
3180 5865
4445 5555
8847 9259
9731 9050
6190 2666
1739 5638
7386 1895
2421 7061
7927 263
5003 6638
6964 3788
1637 9787
9160 1035
4381 7398
9075 2254
8063 5264
9072 4893
2809 7708
3102 1799
9812 9416
892 9612
743 5020
4280 9029
2086 9056
6338 8784
6081 7926
2619 5315
1724 5403
5772 8997
492 2516
6252 2038
3438 5778
2476 4824
7188 7428
218 2499
2556 6421
6083 3259
9356 4546
133 7071
4385 4757
6563 4695
5977 6259
4263 9317
7031 3180
9657 9463
2190 8000
3457 9583
4414 2305
9027 4489
1615 9187
1942 9439
1751 6756
2 4100
4465 3882
379 7134
1 3176
1050 258
5414 8159
564 3751
7100 1078
2613 4243
724 8641
1138 9866
8689 2968
931 6062
9681 93
1315 399
1055 4534
2453 2724
5333 674
5760 4475
2487 3099
1626 7101
4994 8493
5047 9380
5880 7305
9058 8857
2646 3467
39 699
9343 8337
6097 9894
7027 6543
9020 3769
8573 7601
3091 8381
1207 6637
780 2092
7810 7455
1887 7699
5096 8824
2694 3787
4003 8753
4418 3650
3964 5538
7711 895
2174 1490
2256 4050
996 2182
7728 1556
3685 6780
7510 71
4992 5221
3236 9285
2721 899
5643 8870
8003 3489
6350 5904
74 8128
2984 4919
1834 5099
369 1868
3913 7704
4423 4933
8990 3143
5344 8924
356 7400
6998 1483
4880 5089
2773 826
3597 878
4850 4867
7757 9736
1940 7275
4799 1965
2605 663
8641 1153
5340 1438
5385 8189
8421 3088
8286 8098
7338 7372
8367 5156
6697 580
790 6984
6230 5389
2383 2985
7104 3796
4256 3163
2696 3683
2846 1895
8507 5373
956 8782
9834 9470
2864 6473
6567 2966
5566 5433
4038 3863
2221 4229
9668 6790
7989 5375
3004 8223
6825 471
8190 9550
5386 7268
7517 3408
4470 8223
9892 2174
9920 7313
8903 1186
8613 6733
226 6837
7331 7222
6268 1267
7160 3456
3970 3815
5254 7127
4274 5597
698 9569
3669 513
750 2513
3246 8281
6630 6656
8487 5201
603 7739
9925 6873
399 8658
4268 3454
6340 371
4904 9556
1616 1952
4851 997
5603 3530
3525 8481
1778 9575
4021 349
7275 3120
6088 3380
1218 3828
945 4529
6724 5026
2469 6627
9252 1388
6237 5209
2931 9780
8908 623
939 2542
6270 5529
495 6723
2224 1429
6916 2488
8828 4592
3614 9010
929 1055
1065 6689
4630 342
5509 4377
7221 6867
1209 3841
7113 1863
5618 57
6 1229
4579 8379
5232 7796
1961 5974
6042 6348
6414 845
1115 5486
4804 6300
5927 2216
6790 7398
4445 6804
6826 7615
4249 648
9940 119
7980 1913
1624 1961
4787 6929
7013 2445
9551 3714
821 6867
1535 2164
700 4159
5989 4719
4929 1198
1939 4988
1625 3576
9057 9073
4457 9767
1292 8119
5527 7128
2831 1391
3026 4116
68 96
6886 3503
9964 4083
3193 3709
5990 1651
8518 1904
3617 2123
6128 8625
3006 4541
4315 3157
2228 301
8282 6177
1660 6213
2668 1540
9657 9445
9322 335
8597 5440
3766 8006
7463 9417
1195 1017
9086 1573
6236 2471
8857 4948
7913 1806
8466 7217
1406 7593
9999 4140
6581 7802
157 7821
5963 2483
4204 928
2909 4143
9834 1517
3809 4022
129 5705
463 426
4691 6194
25 240
9290 3128
3012 3315
5378 112
6317 1301
4155 6305
1326 9725
5899 2593
3447 5913
1591 6253
9591 2527
6260 1626
9299 5050
8700 3251
2311 5281
4399 6479
2734 5860
5039 3942
7341 9102
9296 5921
9827 4979
8141 5892
1121 5289
1371 3914
5188 997
1265 22
9734 1694
9507 8269
7829 934
9979 8444
3244 8159
9667 293
7024 3886
1760 7689
4750 2122
4817 563
5165 3776
3881 4818
3316 9220
7453 3711
6202 7499
2330 9599
9566 5453
615 1901
2516 2409
1700 9844
6077 718
1987 1896
4918 2371
5009 1501
9062 156
7430 159
240 2690
6946 8702
5922 5150
7062 6580
7772 9538
1422 4804
680 7547
8252 1521
6222 7035
5244 1393
4833 1250
6955 3796
1072 6352
2529 7370
1759 6914
2800 7975
8592 9781
2892 5917
4577 5176
7321 3558
6891 6533
8790 6743
8171 2519
7450 3945
6729 1263
6330 6705
5081 5671
4808 6094
8728 4505
7013 7432
1597 6824
5580 6937
4975 268
1253 2676
4782 2942
9513 7749
6238 9818
688 2140
7885 3673
953 6941
1816 3351
4907 6358
4115 2965
7830 247
2602 1167
5589 3724
1901 6749
4418 5036
2001 73
2807 9161
2932 2939
7238 2823
6908 2306
9544 1768
7665 3050
2377 4974
5533 1888
953 9005
4226 7271
7323 4648
9211 8079
5536 6460
9130 8475
625 6286
8164 7482
3423 6725
825 4645
6739 6514
7477 515
2738 2
3573 9779
8540 1678
4029 5739
1124 5056
6281 4862
9295 7875
5420 5227
9674 9148
9574 9052
7767 1829
3463 7196
8693 9775
385 7632
4039 3186
3511 6982
5595 1495
9244 3537
4935 9404
3423 6580
486 9726
8486 5236
2347 9132
6813 1989
4838 6608
2051 8445
5580 4059
111 5971
8776 4562
4749 6609
2890 9076
2302 9346
9132 6032
5785 6905
7545 5279
6033 660
1072 6539
7229 1275
6013 3885
3348 7001
2145 106
9106 1263
5353 5205
9413 5491
1619 1517
5609 2562
9171 2246
1338 6561
1088 7899
8100 2731
6481 7442
6030 397
783 938
3544 4100
8821 6481
6047 6165
1486 2239
343 2159
1244 895
5336 2582
700 59
506 6444
2320 2728
8585 3073
239 977
1447 8979
8151 9693
6370 9486
3597 8334
1917 8975
334 8174
466 7556
6523 2160
2135 7481
2715 8113
4933 184
5000 7609
8500 1473
2218 2596
2367 9596
9977 659
9184 1503
1426 4379
8443 5354
6186 783
4117 9309
2162 8161
1933 5275
4702 1448
1585 8248
9672 9743
2419 265
651 9007
3601 8727
3443 9025
8650 1245
4526 1122
155 3438
7086 5393
8128 3682
6434 2787
7995 7488
2975 689
7118 345
2244 1643
538 8449
993 3719
453 7647
350 3364
8958 8176
8022 4421
6178 4679
6677 3145
8753 5918
299 2319
4195 8428
6469 9371
1798 8170
9181 2633
8262 7398
1410 4896
8602 6447
4428 9635
7548 7248
4959 5503
4139 9899
5696 1675
6305 6496
5488 7335
4942 4702
2813 6501
6546 5663
3086 3679
9264 1744
970 7735
4009 3060
7431 6000
8018 140
492 9985
6114 859
3676 5213
4052 1579
4512 3321
6287 3617
2069 3441
5784 9485
8865 9664
5924 6647
7356 3124
2380 5441
6516 650
6221 2873
4668 6814
9706 3878
1116 6100
1050 5394
2367 2409
1165 5650
6660 9626
2180 8097
4433 4967
1608 8598
6872 1357
6331 2204
5221 1609
2744 456
9849 5232
8895 7929
8852 9435
1057 4282
160 4529
8806 6027
9219 8851
1716 7137
6017 6367
9387 3825
9213 1066
3065 2960
5277 2985
3842 9201
7456 2507
7820 8621
3231 6453
2164 9421
1823 8093
4817 3104
4447 8708
1473 8358
3039 1082
912 1867
9217 12
3841 3656
1095 6043
5952 4157
101 5219
6261 8717
8391 9865
1554 6915
8751 4706
6843 1490
4859 3608
8147 8702
869 539
6456 5224
5814 2909
345 1061
7117 3232
9570 6977
9942 5901
5785 5332
5094 3840
1631 5139
9418 215
4450 9150
1231 4384
9314 99
1256 4931
908 8336
6514 3237
2908 2520
1045 1826
3818 9342
582 5855
613 7243
3918 7211
3595 2716
1254 2397
4764 1228
1778 5849
2697 8875
2625 1057
1769 2265
1929 5660
5134 3782
8039 2271
9098 4006
5253 5894
5412 661
1430 1236
4377 6730
1845 9131
167 8828
7784 22
5801 3511
6577 9490
9211 4657
8165 1022
5377 2429
4931 71
7654 1737
2833 6149
2566 965
9094 775
8604 3994
4765 1492
6751 9580
4997 3353
7351 4658
9440 2043
5653 6703
5965 9404
1124 4097
3735 2992
5966 2498
5501 8483
8289 3850
4911 3919
2573 8622
636 2028
3313 5983
3531 7636
2401 3448
6773 612
9537 3078
9359 7241
6486 7595
553 6018
1952 6006
4340 6193
9532 4398
1227 5004
8531 6612
1932 955
8287 6680
6207 9714
7187 7807
9499 3413
4205 4963
2645 7119
3679 4531
1701 9329
7497 6706
8628 1711
1613 6705
4082 6639
7864 300
6705 56
8007 8622
8386 4627
9898 4791
8415 2322
5289 8288
340 8796
5950 2314
7734 1714
5960 2725
2186 2683
1021 3187
370 9296
6311 297
8012 2486
6413 3086
6912 3802
9579 6962
2183 3059
9860 9466
4658 5781
7535 3442
1176 895
5597 6910
4007 178
7846 2282
5422 7331
9163 4974
4449 3933
4010 1768
8915 656
1903 7751
7527 6363
9750 1918
3601 7601
1813 6889
3209 3698
2339 7104
3760 6230
739 2126
3559 8942
10 3894
7463 318
9446 5701
4444 9719
9296 9317
7830 6804
4875 6004
1948 4216
5069 7911
7996 5666
8518 5987
1812 8494
9273 2182
55 1637
2208 6187
3659 8473
4349 8647
9324 4202
7376 9223
3537 3931
6817 4776
7281 7865
847 6295
9492 4672
9841 9062
694 8686
9783 1868
3097 5755
2331 7013
914 93
5097 1527
3756 6757
9508 2931
3372 9720
1298 6886
6491 9273
8128 3527
3747 4107
1902 1185
2337 6673
6748 2048
7913 9671
3807 8257
4447 7420
8019 4336
9361 6545
845 9508
8179 4771
3543 3708
5505 9146
1769 9544
1887 5769
4113 7717
4826 6669
9480 4109
9856 2777
9952 9965
1979 8761
3304 7198
2126 4032
1328 8451
1512 7884
7214 8664
5290 6495
9099 5910
2536 9912
8522 9633
2560 9546
3286 743
4945 5014
2335 2548
9416 873
4363 20
2260 7344
8356 4240
3152 1038
2489 491
5607 2281
5326 44
7143 8601
51 8001
7784 7658
2143 4827
3008 2901
5801 4101
3813 4469
7683 3333
3320 8994
1195 6048
5935 4305
3881 4612
5632 6044
6105 4451
4835 3206
2203 5313
1938 9457
5871 2772
5263 5566
5691 1897
4008 5641
9408 8841
2931 6663
4598 4791
8402 9823
3699 2146
1740 8242
8522 4215
1967 7513
2102 1190
5320 7114
4672 1468
9310 1878
4281 5183
7685 4032
5483 9084
868 1328
3459 6891
7483 7852
9309 1867
2079 5499
6569 4174
8604 6493
733 9424
625 7935
5201 1350
2840 8163
9403 6878
4097 7512
771 4822
6115 9741
405 3660
2295 7085
2872 9749
3250 5039
2563 9951
6524 1986
5551 865
4639 7052
4485 8369
3440 7775
3668 8770
3991 7406
8415 757
2952 8403
1109 1267
1991 7222
2898 9518
6131 2600
6458 4376
124 4730
2256 3967
7631 9680
7881 8820
2346 2312
2078 1584
5109 8547
1571 6588
528 2284
4212 186
8627 9495
4803 1494
9810 7674
7538 582
5455 6184
4203 4181
2535 6466
1925 7975
1205 2756
6926 7167
9909 5510
6974 1204
9880 4391
7630 4183
6581 2231
2064 3844
2479 5043
1750 6300
5488 8297
9106 7348
743 445
9624 5653
2007 952
679 7007
9027 5451
155 4450
9076 9535
233 3397
5541 9254
7397 1853
2876 1027
2032 321
2804 7479
6263 8902
4133 17
2316 3289
7632 4055
1427 1689
1879 7249
3074 9940
1047 6286
9759 8914
9538 5926
8622 6981
21 1284
6216 2175
3079 3890
7503 7701
6068 984
5782 6478
167 7103
8701 9689
3933 5531
2774 812
1236 2817
385 6108
1927 2172
2639 6543
9834 3423
9344 9936
4193 3638
9634 543
275 3633
1764 5408
1552 4910
185 6059
7511 1811
2426 93
5431 2614
1321 7909
4828 1359
7273 2541
8934 3327
9931 7245
6811 5616
2656 66
4848 2526
9740 6117
6143 722
5786 9223
8107 7015
6900 4972
1779 6274
7655 6682
9088 5942
6712 671
2218 6629
5769 9514
693 769
4700 4199
1166 7812
1196 2338
2004 9988
761 4247
2475 5321
6533 8215
7874 5105
7377 7994
1179 8264
7203 7488
5223 773
8917 4275
2197 1901
7956 7485
2691 8065
8474 5652
6976 2370
4263 6957
6554 3509
2701 2941
4999 4179
8988 2024
6363 6565
4798 3372
461 2966
3805 3492
4154 408
2258 1541
6723 4607
9344 4179
4816 5042
2980 4719
6780 3210
413 116
4670 9084
5985 6651
4623 894
2361 6421
297 6946
1071 3378
5140 6777
7626 387
7344 5128
4291 2353
442 3226
9426 2589
6935 3837
6070 4156
6539 46
1770 7563
8406 3224
2495 1922
997 4657
8517 9054
6 7622
6779 5294
4146 1250
8072 5843
8155 6363
2001 2352
8772 4771
8788 7694
4542 4463
7578 3245
8898 4312
4999 3742
5580 3682
5489 5845
4674 3936
7779 2035
7980 4927
4223 7736
5199 1360
9083 4844
9724 1391
3893 2949
8765 4526
8225 4071
3396 1293
4151 8426
394 3358
2121 3849
4359 8272
3378 1072
6074 5075
7923 1331
2548 6516
8005 2577
5824 9396
3091 5920
1315 3328
9175 407
3254 6020
3088 9673
5044 8180
16 4500
343 2189
8158 6983
9911 4895
2196 8156
5292 1487
6624 6139
2255 1887
1725 8857
6137 543
6331 3288
9356 9598
1580 6011
8920 1931
1509 9880
6070 5433
7657 8566
9874 2273
4047 3117
9511 1077
7176 3737
657 7480
5259 5559
4460 5494
9300 3330
7568 9543
875 5134
7768 8400
916 9661
3326 9786
810 7146
4723 7456
75 2882
902 2592
7878 4226
6088 9695
3955 457
1836 2237
8053 6589
103 1611
7141 543
6354 1557
7759 9554
6746 1569
6794 3801
1587 4747
6289 9230
2997 4691
8865 1958
501 6921
3505 1941
4071 7769
6922 117
6422 7445
5214 121
951 621
1608 3557
8159 6171
5133 5888
3801 4312
7832 2056
615 8174
4114 6699
2741 8476
2962 6398
9084 1334
3317 6612
7279 3995
6239 8151
3427 8688
4041 2277
8967 2892
4782 8183
3527 8517
2757 2602
9508 7269
125 408
6993 9092
8497 3743
4068 4655
2902 4692
4665 9467
2557 7560
9429 9460
316 3413
9448 6189
1933 6817
3982 79
4557 2428
7352 2511
3780 2892
1605 4028
5035 5298
928 9978
5315 1206
9782 6011
1710 3516
9268 5570
6991 8064
5777 9031
2787 956
3954 314
7019 6173
6302 3568
903 11
5387 4766
1144 8792
8105 1681
3117 2715
1956 1464
4618 8666
9243 678
1781 2736
9142 9864
3706 9089
3950 7836
3714 2053
5867 7239
5205 5912
3868 1846
4435 1199
2108 5691
5289 3254
6237 5492
9954 6752
6869 7528
4809 9791
1808 3740
1965 6575
2308 5911
8049 9840
2630 9287
6994 8945
9557 6223
9987 9044
3466 6864
6374 431
4691 7696
8553 7207
6681 2816
7646 3744
2341 6305
5861 8097
4298 7328
8295 6779
4578 1532
3574 2181
7017 924
2123 577
5897 291
9375 496
1212 6923
6535 2448
3134 1244
8527 6960
9164 2145
4794 8970
8275 8976
8204 7822
8307 5153
4378 4529
7591 9667
4963 2721
3669 8965
2157 4246
6506 5419
6869 3376
2903 7299
3045 5628
3653 2229
4434 9693
4817 5413
9616 7357
9041 8888
201 2625
174 2023
682 1315
5307 7623
7676 9969
3259 6336
6401 6772
2441 8991
1640 5242
6045 6245
2067 2518
4777 2479
768 7309
1507 1157
5723 750
1534 7914
3855 6911
4826 5374
4083 9633
1072 6525
5636 4685
6529 8628
9737 1946
3436 6361
790 2657
9996 7212
3628 4593
893 1550
6893 5648
6261 9432
2524 6350
9362 2726
5942 5286
375 4232
6973 9571
8009 7355
343 1380
4082 3951
8473 6243
4172 8329
1871 2016
4394 1111
1978 1750
174 557
9507 6786
3668 5757
6427 9357
3250 2476
5243 1192
8015 638
4258 8899
2079 1164
554 3635
9223 268
317 7225
7405 7304
5815 995
6184 6609
3221 1041
5562 4579
2313 7008
4257 881
1708 3254
7218 6505
3833 423
467 998
2243 5933
6477 3658
5515 7906
331 9591
5144 222
147 5161
6539 1322
6790 2395
7675 6425
3753 3234
9949 8527
6153 5210
4284 7159
777 930
8111 1617
7537 8652
9739 9723
9172 6578
9588 3261
2524 1160
2305 8536
3972 8572
3035 4679
1960 3196
5975 740
9889 8876
7305 6952
7746 8695
623 3535
762 1724
2880 7916
1571 5329
1832 3412
299 6968
2198 9422
9460 8209
1241 5914
3288 3099
7143 7979
9362 9960
1581 5218
4496 5540
4600 1735
8760 5492
3523 8032
2888 488
2984 2401
2050 8142
1703 8335
5889 4139
1858 1311
5234 8250
6621 3020
9103 6785
4216 807
9323 5490
5895 1935
4809 7528
8700 5700
9130 7135
3995 3861
3520 4022
3773 4125
4859 2588
9572 5538
911 4318
3402 8126
2623 3838
236 4162
3762 8845
1879 8841
1667 1111
8818 8547
4967 9252
5831 5300
5437 1932
210 1335
7675 2525
1650 720
7951 7931
5580 1917
6974 9112
5347 6782
8120 7227
9776 9633
6163 4940
7029 97
5533 2976
1778 4696
3466 7611
8640 6263
9161 3486
5606 3993
1220 9562
7887 3452
3952 9493
6849 4530
1465 1315
7998 1028
2752 7503
3853 9295
6456 8176
9328 154
8634 9962
2871 984
2979 5931
4563 6608
2521 1352
8298 1356
4451 7397
3099 5721
9963 1069
3306 7108
4135 8713
9615 5828
4178 8026
1892 63
476 4890
1489 9047
5807 567
400 4427
5817 7474
2412 9347
6481 4617
6857 2388
4429 3827
3037 4040
2522 4316
9080 8675
1645 7898
2448 5636
1767 6041
1930 740
6795 9753
9804 5647
730 9378
9608 3778
8939 477
343 1724
9932 5121
7947 9020
2398 217
1609 2930
5599 2302
746 3820
6889 3569
6165 9845
2729 5319
8918 4304
1628 7955
5128 4870
1382 8817
9359 8376
9362 6156
7889 6915
1019 908
7937 3558
5934 8884
9768 7499
9906 5517
5297 7500
1385 5382
5325 6234
150 3455
7874 8823
4433 7348
7374 7347
6391 2618
5750 8574
7173 6531
5662 7323
2293 1185
3018 1051
9405 5077
9595 3408
19 6631
7696 5086
3411 9917
3782 2512
3037 2525
4375 2295
1841 8281
3362 8727
5409 3234
7286 8927
4790 3092
9712 144
2120 4168
513 6342
5509 2266
6766 5513
7524 9516
4247 7531
3925 5041
3451 9649
4320 5510
6692 8600
1980 6286
8002 3267
2770 8408
9833 493
1569 3469
7277 8695
5636 7179
1936 2531
5584 4672
6433 3519
9176 6
4607 1351
8686 9169
9391 1325
4649 3790
2980 1026
9125 6590
2865 9062
4549 7044
2418 6549
709 2609
3702 4505
5668 66
1522 5246
932 6294
6080 5634
8129 3767
5773 446
2266 4478
2969 4312
7298 38
9291 2977
6331 346
219 2404
5486 7479
3360 3786
2809 5160
9158 4307
6559 5170
4741 9748
5929 9039
6926 3821
701 7019
5975 6249
2994 192
5430 8112
7015 2800
3713 6598
8681 6732
8992 8616
3858 9354
3301 8578
9900 7927
211 5302
9339 1757
363 1259
8254 4765
3650 5226
4731 1865
8662 2188
8608 7346
5544 9055
3123 5023
9061 3219
175 7510
65 5970
73 9053
8658 4987
7028 1968
7611 5517
1133 6391
1803 326
2765 6411
4809 9708
3367 9700
9250 9436
8833 1035
5886 3773
4310 1976
5999 7054
7612 1069
8077 4259
2627 9121
3594 9124
2379 8298
5672 6162
3775 4405
7698 9173
7571 8877
2725 6298
7021 6675
5841 2473
3527 6992
6186 3271
1393 3014
9535 1491
70 3021
781 9770
287 4019
7535 5277
866 6003
9710 6218
1532 2771
6803 5602
5669 7735
1313 7214
9942 65
9602 1184
6916 3455
9413 2024
2938 6744
9567 6173
1123 5547
398 4606
2905 4594
6402 6474
2483 4198
5433 372
7629 7224
4345 6881
8840 4919
1347 683
7865 3057
1569 916
5623 9881
7582 9480
8948 2291
2994 5725
2276 4113
8039 2708
2683 3459
3396 556
7537 4828
3347 8391
5202 5931
5586 3892
698 8372
2176 8283
1750 3969
4003 5960
199 3201
9739 7615
6658 5271
9280 6340
9775 76
9158 8626
6068 4115
5629 9268
8997 2844
9510 4529
1091 1547
9897 8648
8585 6759
8310 7515
2320 1793
9611 6187
1161 5267
8567 636
8700 7915
465 5028
4736 5602
8126 2834
5745 9563
7942 734
8682 266
5834 8906
6498 5742
311 9136
5102 8923
6861 2976
2860 3690
1779 8546
8361 4779
6968 9037
4490 2826
7218 4568
1029 6926
1799 8691
2863 9033
7225 559
7131 2530
5939 8470
8782 2171
6183 6037
55 6282
9338 3393
1924 7994
7598 3076
4350 2449
8351 824
4930 3424
6495 5647
7533 7993
5867 2626
3115 1861
7752 3447
4919 9550
5647 5908
9767 9887
8974 2161
1484 1529
2840 4873
8233 4798
3748 2224
6045 2416
8980 5545
412 4595
2295 6181
5575 9038
6831 7812
1144 491
6051 4985
7535 3781
3493 5728
780 8951
3850 197
9190 7637
4200 845
3752 3227
3655 8234
6045 1766
9513 8515
5560 6138
8746 5093
5337 9883
1908 9028
6219 8649
9138 7523
5044 5814
2960 8815
2639 4962
3660 3549
4341 4763
7917 9110
2277 9186
4586 7586
5606 4422
7242 2051
584 3347
7640 8271
7342 6532
1575 2771
7522 2789
152 5116
2120 6026
5010 845
1693 97
2378 6248
331 7724
4355 3784
6359 3618
8383 3720
5132 2301
2505 3636
545 3598
2956 862
5153 9469
9479 1621
8135 4571
9534 4714
8061 7518
4185 4187
2986 823
2624 7614
8674 2993
3389 1619
1921 5105
2022 7909
8015 2334
3375 4685
9036 9849
8853 8328
4551 3529
285 4505
8416 7353
4534 4132
6219 8949
2691 7325
8425 2917
8956 2201
7648 3515
9884 4808
7222 121
8078 2559
6131 8033
4935 9236
2688 3518
2306 314
2141 8633
7337 5144
993 1287
6554 2476
1249 2504
4845 5157
6883 4731
7108 1299
135 2773
6067 9126
8947 7549
6560 1713
1139 7490
3927 1888
6993 3521
2353 3764
7583 4588
380 7467
2162 9409
1317 1071
8306 4454
3143 3042
2921 7084
5943 6631
6131 3053
9664 7214
5917 9005
2731 6917
3393 8330
3276 6397
5142 7137
3446 1046
770 5518
2620 82
5132 7423
9087 3054
6793 3995
5618 5192
3591 5485
5045 6131
84 9692
1761 3824
9433 3660
7551 1519
7567 8703
6366 4868
8261 6187
5694 565
5409 4898
8935 169
5460 6676
8915 6143
188 1371
4804 7042
6928 9316
1712 5130
5426 6851
3924 1195
4184 7016
3958 7273
7007 8993
2788 6974
3258 4873
2494 8579
7709 9917
3357 5517
6560 2768
4893 4661
3564 7086
293 2427
4885 9291
3258 7270
9276 4761
5136 8128
7076 9271
2288 5431
757 2079
8583 1689
3137 4874
2249 3994
7359 8417
581 4313
7520 2170
8034 2558
6494 7292
6398 4911
3808 1790
9043 5623
9804 7789
3443 4289
1402 1719
3024 1430
3354 9250
1261 4933
2001 7117
1443 3921
1727 5391
2069 5578
6126 1022
6610 7234
9296 3608
8151 9371
9965 428
9711 1466
6439 2441
7418 8845
2346 2089
8212 2778
8891 8585
2602 8593
6790 7048
6487 9701
9356 8129
9110 5633
4138 5784
5796 9398
5065 275
4895 8547
6890 7925
9190 2726
130 4260
1589 7891
1433 8048
1679 8214
2150 4147
1654 4779
6385 9084
8122 3831
261 6396
6525 7008
4418 9743
5820 8903
1779 7810
9606 5756
5884 8573
152 210
1060 8787
1336 3723
4320 186
7500 317
2119 9596
9543 9201
9010 9188
9590 5037
2502 4835
5086 8581
3572 3551
7607 2234
9315 8943
3583 9853
2759 3397
3110 9455
4715 8670
7953 9731
1485 3794
4051 5190
2224 6850
3120 3101
1947 6828
1676 2477
8320 877
7599 7980
3719 8405
5391 3975
2888 294
1651 1770
8528 5396
7311 6753
439 6808
9874 9678
5178 5559
7838 7228
4628 3389
1530 9181
5236 1329
9045 9150
4802 1960
4301 5016
1278 2596
448 1365
6264 6980
5941 1501
3705 6051
715 5626
3637 1530
4364 90
5772 835
1899 310
2993 4786
9305 3233
4786 7047
3978 2969
5975 7599
791 5723
2332 3112
4328 3753
4837 4505
6255 7024
3270 9083
3591 9083
6015 2576
1958 3636
9432 5635
4710 8395
5083 7026
3179 1911
2826 1161
4575 5372
8269 7537
2582 9728
8994 9733
2244 2657
8744 2880
3240 9443
2324 4554
858 5410
7265 4630
3976 9708
2577 5267
3690 4646
8204 970
7739 3525
8037 6290
3655 6533
1090 458
4304 9975
3104 3056
6108 3692
1023 8405
4925 1370
9847 9868
9064 2872
7471 518
2101 8491
5402 7893
1661 9228
3824 5797
2226 3152
5743 5160
5202 9414
4821 3180
9117 9142
3723 6560
3135 898
972 601
6544 2596
9278 4577
6513 509
3098 3077
3761 9300
7189 9553
2519 6172
509 2116
9036 814
5257 971
5944 4182
6067 3630
9982 7061
3442 9039
4739 1800
7280 5360
7934 7810
3521 787
2855 7832
152 4530
1059 2048
197 3519
9115 3764
2659 23
2167 1945
2977 7621
4841 8053
9172 4243
5904 7110
4841 413
2070 6369
313 2716
4539 9226
104 98
6460 5489
4149 6582
9201 7063
9970 1442
9238 8795
4773 6635
8047 2759
5289 3299
964 5487
2967 4229
1769 284
5394 2811
4290 3699
6819 3776
2438 453
1183 1677
5866 8713
6377 5433
4108 3790
3325 9948
5205 1350
6128 2769
8083 3869
9584 9781
9272 8344
7968 4720
3444 6769
9076 4729
7819 1862
7879 4075
2780 2158
7344 5357
1394 242
8222 7757
5313 4195
1908 1689
107 602
2942 322
5744 2305
9794 6566
4614 2826
1374 3334
5632 9085
2912 8879
6506 2777
5178 5032
4161 8010
2470 1302
8210 5196
3700 8121
4314 215
2108 8704
1862 5658
8583 8751
6118 8258
1514 2684
7297 4134
2610 8981
2755 7124
4703 485
6342 3555
6920 5511
5285 7762
6824 8422
1886 572
5059 736
2212 2942
34 4275
294 7192
9611 2431
8579 3170
6261 9359
7456 9995
1876 7652
8637 5425
7794 3155
621 1298
9081 2738
5110 774
9159 9800
4899 5905
470 5104
8655 6579
2225 4461
4167 6899
1254 4036
9074 9282
4899 1815
1109 2951
6961 3066
2366 6658
5310 9067
5918 1199
7946 224
5455 6743
5146 7268
425 1250
4390 8565
4071 1843
6361 2167
1259 2663
6763 5142
4241 1859
1143 3512
8634 2113
9354 8183
6562 1137
5572 5733
4707 1804
1707 462
712 9108
1434 2804
3953 3880
7449 1396
2851 8297
7418 9270
1142 3605
7006 199
4944 7235
8848 8813
640 4075
3597 5005
7807 3236
5587 1090
6184 3966
2352 62
6295 5997
7467 2786
9245 2396
1153 2660
8906 6527
2495 511
548 2202
9328 7110
6066 7691
7104 1001
3192 3621
8757 9624
5265 5413
1760 1283
3403 7903
5486 9013
8775 2677
86 8179
148 3449
3758 6169
5064 8214
1540 7572
8600 5238
2087 8288
6803 1191
3749 4256
2542 4994
8503 3907
8982 8585
7041 107
9608 6190
369 135
9759 9347
5049 9585
8811 6586
7347 3493
2273 7002
6451 8993
8714 2470
5577 5420
2042 3802
6756 6600
6840 6103
2197 9480
7352 3556
420 6086
1110 3001
5493 7816
1643 7316
500 9632
3285 5023
1530 5605
1297 1442
1312 2908
6695 5570
1276 8313
3130 3089
5305 1980
9491 59
8323 4980
2945 5741
1650 5273
9320 39
7508 7584
278 1338
3729 1368
7172 8046
4155 2070
6723 2025
9179 8150
2816 7825
2596 8199
1245 6849
6108 8395
2349 9399
3759 1728
8695 3063
8752 5726
4180 8546
645 2487
7800 3408
405 4870
3763 6978
381 5313
7235 4058
6118 5235
7206 4302
8890 333
4875 3097
6973 6897
8648 7692
7372 3425
9333 8626
7321 2982
9892 8093
2225 1619
751 8579
420 3284
2528 3208
6292 3355
682 2624
5674 7587
8184 4571
8216 4851
1970 9933
7259 699
938 1361
2252 2450
8330 2098
3184 8055
5108 2689
9524 8989
5441 4680
6289 5988
122 323
7842 3722
9410 2222
6515 1291
7069 6471
2023 1169
6067 3880
1501 3722
2848 5424
9914 7678
3035 4488
491 6083
6851 7355
8138 3609
6574 859
4862 1341
970 1130
9056 4147
76 9143
7853 4706
3041 942
5835 4925
1102 6908
6392 4325
4798 5639
4554 1765
560 315
7207 4550
327 3061
9351 4503
8696 8626
2152 5236
4217 295
5243 3000
1899 4331
404 8218
6131 1968
5087 8207
8181 8849
3250 4387
4552 2992
3147 5548
9662 9860
3984 6780
2119 8981
8952 9170
7377 8967
4096 338
6296 5377
264 9110
3854 7215
8267 3434
7813 8435
5829 1412
7328 8776
833 5354
9096 2890
2394 8698
9966 8671
400 2013
4184 5055
6159 8892
8126 9874
7637 8008
2636 1070
3951 7025
6376 8866
6158 1160
2130 5148
6086 7317
3512 6353
6566 8793
7166 1125
9205 1610
4248 9015
7534 7917
4761 9815
7810 28
2252 8558
7030 2746
5426 4783
3791 8070
9912 444
2936 5476
1891 320
602 1198
5599 6244
5556 4349
3993 2153
6491 8202
7242 1507
7359 9913
7544 1848
7328 4725
4149 6163
3191 2564
6910 6370
489 5214
7469 1918
4698 723
9038 721
865 8212
9177 3521
5156 2242
6129 8352
4294 843
5066 4165
887 1847
378 4875
305 3611
7135 5874
9814 8776
8279 6500
8004 3940
6072 8065
8883 6252
144 9901
3491 3501
2170 2538
8475 9433
7289 9416
2486 2865
2857 2900
130 2475
6866 6352
5984 9783
4677 3017
9556 7184
6787 1806
886 4797
3505 9307
74 6780
9162 970
4971 3137
9261 8642
1994 7757
6067 277
8977 3687
4773 5433
6084 2943
7948 8091
7244 8234
4514 84
5054 3546
9882 7481
9459 6559
9232 7186
4069 3713
5416 9482
4615 9352
4315 9824
3870 6358
2318 3458
1407 246
5209 7767
4059 4774
7506 2998
8164 7170
7965 8468
1739 69
2348 6789
9196 3723
9715 4492
1523 7122
710 4910
3381 6343
8067 5499
2049 9538
1777 9618
8669 2819
1778 8026
3126 4157
6500 799
1389 9559
7395 7946
3819 4286
8499 9333
435 2517
7118 8076
3129 1815
1225 4863
7849 1529
2912 7500
8528 9705
3026 4575
2372 5693
3368 2115
364 1752
5531 4455
1962 2621
8332 7433
8032 8423
3546 264
5091 912
9827 8482
8724 6990
7530 768
5858 2031
2234 1620
3536 7922
8173 6092
4850 3340
6016 8968
6322 2922
6065 250
9435 337
6138 7467
5735 5104
6357 9535
5500 3725
2647 9086
6216 6821
684 5235
9766 6756
9588 9406
4236 2214
2664 4117
6972 7806
3966 8071
9074 6941
3706 2860
8526 3012
7991 9435
4872 8599
5414 3663
2458 7738
3434 5435
4869 7113
9391 8791
2386 1390
824 8140
1533 8149
6678 3803
2203 1837
3934 5433
8936 5866
3315 9288
6531 279
8638 9119
2424 2215
671 4656
1908 3048
1446 6812
936 5744
2038 9333
3458 5399
315 3745
687 105
5655 4589
6929 8725
9808 9566
324 1486
3387 435
395 7402
8514 2913
6878 9578
5579 669
1291 2712
4054 4647
5100 8783
413 4776
6458 9029
3839 510
6654 938
9214 5979
9828 8522
7455 1204
646 4128
2849 1360
626 2779
3580 4845
1249 533
2009 2618
602 977
3439 4659
8980 2291
6857 4404
5209 7216
603 3150
1024 7058
5071 4943
1375 4575
5022 8354
1421 7197
5908 2586
6917 5893
5751 578
8480 7108
2738 4173
3875 4938
9298 8266
1960 633
9059 5433
3892 2570
711 6347
2589 9187
1275 2692
2474 134
2923 9761
2562 18
4073 5698
3783 5510
2873 8055
160 7629
9810 3861
1109 6588
6949 3298
1532 1141
9253 840
165 8422
5796 601
18 2379
2978 4318
4073 1796
6603 260
5495 8547
8022 320
3523 5015
4074 3788
5364 2815
7956 3595
1891 6499
9375 5611
8357 7762
2528 2328
7450 9891
2104 4555
6943 6899
7127 4606
9636 7389
5864 6284
5147 309
1821 7543
1993 6940
3432 7274
6164 5125
7014 8592
3324 9450
6783 2717
5710 1040
4179 8933
3765 7649
1437 3920
1493 1220
2613 53
2843 166
7747 8769
8330 6993
313 7661
7880 1238
6489 1891
4740 554
6443 5378
7122 5638
258 1546
9922 3383
3398 682
5659 7075
8119 8170
5896 5323
21 4476
5872 9428
376 9289
4144 5734
7888 4742
9574 9985
3582 2722
3323 6905
6802 1821
2302 6279
4796 6458
4683 2488
378 8608
8780 4279
2642 7281
8692 7746
5199 3350
7928 1283
463 2909
3713 8707
520 4180
286 4672
1790 8407
413 16
6514 3857
4590 1056
6967 7857
3288 8037
3998 106
7573 3726
4274 7716
2087 1007
8295 8468
970 8736
3169 5831
1948 5349
6753 5189
7800 7317
4889 7453
4779 1543
7164 6755
7867 6123
4900 2627
5647 3601
6413 8959
5659 3168
7180 3595
7266 7453
4617 6196
8473 8231
3252 8020
5418 6964
8434 9918
38 1635
5402 2528
6423 325
6663 8233
2101 1058
7909 6197
4896 7604
5151 1159
9276 4158
543 2780
1206 4657
8975 9108
6951 7284
5190 7299
8556 6008
3747 9151
5447 7005
6102 958
8787 5079
8874 4651
2462 8399
5292 3761
6586 9982
2648 4849
9537 2851
8795 9492
5386 1680
4577 8049
6244 4238
3246 1886
6118 5279
8703 1963
9112 1919
6278 9557
4317 3237
5079 7551
5289 557
1446 189
4838 5861
4891 5457
9493 1760
1146 5764
1601 7592
8416 8643
4341 8759
2781 2358
4003 7516
652 5247
2032 7693
4622 3494
8051 1757
920 5358
8330 3419
1908 8925
3263 2652
8584 1859
9286 5608
521 7593
2296 5137
4525 7026
4722 1594
1915 5941
59 3289
6878 6020
955 9885
5014 469
6421 4729
4074 2600
4426 9734
5725 1395
1099 7441
8893 5464
7451 1413
3062 1036
2973 2795
8985 4163
6703 7435
6313 1117
4635 1869
2674 4008
6187 2385
5772 4430
5924 2340
623 5123
1722 1701
9317 2497
8021 2583
8356 5214
8160 7859
5070 3955
296 4732
9656 1907
2965 8345
9850 2260
8076 9373
5356 6075
6586 1335
911 3106
6304 3601
1072 2519
250 1994
7131 3180
4183 4477
7674 2154
7749 9416
6795 4249
1675 879
6068 3908
5703 684
5413 3847
651 7661
7383 7538
7044 1548
5637 3497
8621 6372
2087 5344
490 3149
5011 9792
4816 501
1290 134
1192 5023
1043 5081
6298 348
3308 5534
2562 4549
287 3842
4738 6771
1996 606
9300 3753
7224 7334
2439 2563
9685 1356
5005 29
6355 8461
5888 2248
9728 5135
9226 3864
9309 4923
8005 9514
9081 4769
1896 5344
1581 2294
595 8115
3436 7794
8524 858
329 1907
5034 5240
8769 9367
6371 2597
5617 6994
5119 766
2931 636
9653 7475
1133 3344
5113 5971
1927 6445
3112 5998
6138 3207
6132 4562
3009 1300
1429 3630
469 3821
9499 2699
9796 2187
9097 5775
9622 8993
5858 5682
6655 5705
4399 8040
4432 8771
6318 9796
8431 7508
9313 2843
986 8639
5109 1415
4492 7343
6012 942
7024 3025
1453 544
4113 1182
6881 1963
5582 6134
8318 2673
14 3040
1708 326
6650 3031
3023 8214
9170 3426
578 3713
4467 6473
8491 2281
3923 8023
2988 7070
6252 8332
2402 5410
8486 574
994 9527
6556 1616
5988 7108
4937 4152
5194 7425
2351 6485
3247 9259
134 6841
609 3494
79 6108
566 1973
2624 1272
8083 7799
3286 3042
9314 7684
1861 7388
3094 1126
8669 4252
2353 1442
1580 6727
8122 6619
4892 5259
7827 6185
1513 9349
3356 7321
4386 9624
5920 3344
3543 4144
4809 4024
4630 6733
2841 3708
7582 2381
395 9644
1505 6419
1105 7379
3778 6009
5649 300
4328 4508
5023 7472
6304 7444
3047 683
5372 9265
5699 5789
2866 5670
1873 920
5388 3924
9304 7748
5109 6917
7811 6306
203 5621
4994 7034
8834 8088
5994 5410
5405 3090
337 8047
313 3836
8752 1516
5992 5465
1579 8830
8938 8919
8463 349
3884 8234
7524 6573
7932 9
2798 1895
700 6123
9890 4505
2572 4279
1649 8871
9374 9302
4842 5571
7236 5828
9728 4483
9852 5681
3554 1653
549 9899
1134 7650
9395 7814
4719 7396
8213 2421
2706 4089
4527 4596
3103 480
7480 574
4645 8998
8480 484
982 6545
1105 657
1080 4009
2376 5849
5489 2749
1105 5961
9344 8042
8387 9866
1045 8578
728 3946
72 5171
6280 2312
5698 7986
1552 6253
8838 8128
2279 7108
7568 6594
9289 3832
920 7364
2523 6348
9378 3160
5508 5842
8987 1909
427 1298
4518 8601
3341 985
1043 9931
7438 530
7129 3890
4417 5767
3075 3103
4307 9731
8191 2983
1118 7241
6066 4194
8917 9419
2273 4721
1063 5097
6628 5336
5252 6799
2763 9523
1547 5531
8949 1731
7095 5556
5956 1493
4713 3530
6721 1988
7663 5395
8544 5234
6408 7587
1690 9249
7253 2733
1364 1480
1330 8707
2940 116
5720 6635
776 4527
4239 7925
5316 4357
2084 7962
5691 999
5260 8619
7161 2161
5171 5434
6230 717
4247 6065
6116 2342
6173 239
3658 7536
4763 5099
7650 8447
9852 7902
5794 9501
3393 3156
951 7905
2334 7644
1456 7363
6579 5912
9331 9103
155 9613
8226 3854
7805 6133
8022 706
2366 6219
5223 3546
2072 4369
6285 7343
4139 773
5879 5150
29 7635
4631 701
5373 5449
9574 9688
1162 4576
1496 9713
6594 5319
5448 5278
5388 6549
2951 5487
7954 3020
5856 3812
1796 4453
6797 1366
2704 3112
9157 7673
367 1413
6893 3250
7081 7031
3652 6745
9600 2995
1491 5489
4640 5310
133 4440
7095 4113
9393 2805
7163 1342
736 5736
6360 3586
8478 6066
9428 9767
1317 3921
4982 1225
3854 5285
8576 4555
6496 2925
5103 846
8588 954
7469 1417
2574 8195
1184 6834
1292 9659
7630 992
3616 1976
70 470
2975 3774
4344 3074
3024 969
66 9469
3809 8853
3799 646
3667 2072
7679 5443
3753 7974
1050 4936
1427 1369
1334 2721
2890 9494
1812 17
9975 6493
3768 7144
3482 1635
2005 7857
9744 7145
8808 3974
6666 191
8688 4790
3287 2816
1097 7478
4125 8104
8609 5817
3695 8664
8328 1585
9748 7985
1028 2474
3356 6855
9299 5264
2320 9037
4804 1565
9154 6794
8093 628
214 3454
504 8932
737 3453
6181 4669
7097 6576
703 1931
17 9833
7458 1223
1038 7957
4306 4328
6040 5151
4328 3806
8537 6933
3352 1804
3538 8698
6878 1316
184 4590
5061 965
809 9445
3587 6982
5173 9657
8072 5234
6715 7010
61 41
2210 8699
5363 5192
748 5110
6614 8143
53 5426
2428 6648
8006 8564
5182 4101
3416 2001
7412 6377
1278 7426
2012 1648
2936 7879
4738 1956
6561 6363
1904 7233
6659 1013
6214 2212
4843 8141
9088 5903
7168 3257
2200 4039
1982 9087
7137 2049
1941 7302
2218 4348
1867 5873
9226 8972
7003 5176
5564 8324
3146 4809
2436 9085
6407 3736
4827 1929
7786 356
1882 6633
7334 7702
1403 2543
7083 9497
5636 2298
7301 6248
8597 2677
7006 5392
2048 8744
143 1696
4158 9556
5791 6377
2524 3976
9031 6584
7997 4408
7232 5788
1645 4674
5074 2103
1499 387
7046 4872
4745 5063
9591 7729
4709 8149
705 1996
328 418
7267 2198
3507 9011
4270 3470
547 9611
4959 4983
2381 1541
185 9087
7122 4711
3241 635
5299 2407
6304 2895
6351 846
4927 7167
5355 6518
4312 4112
3795 2542
2755 2512
1009 2079
7899 3242
4571 8520
5478 8658
5715 8042
5109 4251
7779 5675
5415 7650
7704 736
2453 5406
5177 3654
400 7601
8854 910
730 3480
1046 781
83 698
3124 624
3358 7788
6597 37
9084 2142
2059 7619
5131 4749
4120 4686
6751 8622
6842 5241
2137 2447
8639 5136
7825 6687
1030 3990
8360 4498
1854 5142
7659 1446
5644 4186
9086 2251
3884 4614
3582 3954
7267 5675
8506 9440
5231 3345
116 4654
7991 3615
3126 5964
4098 8978
8517 2210
4868 3084
3407 467
6835 7614
2490 5514
5875 8102
2588 8039
6876 7154
7319 2948
44 2290
7483 1233
2474 3813
929 2038
1801 5083
6146 894
9777 9417
2583 3059
803 3189
5073 9211
3969 3809
9955 7582
5786 2205
4597 7458
9727 619
9338 1356
2948 1365
297 1563
176 8517
4505 4588
3099 5996
309 5290
886 8776
8312 7558
2521 1182
5561 3667
9306 5305
7002 2174
4353 8376
8670 1308
7223 2285
7461 4441
6238 2865
813 6007
5549 95
9539 9262
3155 8040
3936 3826
7321 4513
2259 9899
5697 3822
8568 7367
1013 3204
8354 8271
187 9957
3271 8560
6960 1288
2197 7033
8420 4438
3286 6322
8042 3372
5005 6068
2735 7366
1210 7620
1916 9903
3737 4977
5070 826
5583 4800
1508 9255
9171 5974
5577 5026
5809 4248
3517 492
7728 7062
2537 8837
5511 2303
2460 5855
3639 2992
4624 4051
4296 7593
6769 7636
4766 1124
7583 2502
3113 6938
9141 189
9143 6697
5003 8226
1668 4984
2806 1177
6347 81
8420 1772
9818 5653
7414 8481
1168 7844
2945 6684
6566 4333
9157 1570
1972 1090
9007 764
9199 5479
3190 7769
6670 9767
1499 5873
6200 2006
7527 5737
4716 6203
9513 757
9790 3076
1452 5947
5768 392
1740 1498
2432 5852
1311 2006
5940 739
9906 3872
4413 3846
1663 6744
6969 1858
1361 2514
8065 1502
2301 7900
7203 1975
6572 2583
410 4387
5488 1412
9240 3901
478 1005
8520 1152
1596 53
8304 2060
2238 516
9434 173
7011 8473
5594 1597
2745 409
1231 6416
364 4240
9135 3002
1728 2911
9040 9901
2323 8971
2477 329
8530 1453
8751 6522
4808 2028
142 7022
2010 2065
9071 9693
1996 52
4690 185
7057 139
7127 230
7710 683
936 7233
945 181
710 4446
6136 2932
33 2947
9593 373
5240 9365
1207 2352
5138 7030
1589 524
9917 6321
7552 1966
6657 2034
8765 5720
7150 1378
8502 7239
6844 2328
5631 8884
6467 8032
7078 547
3656 4416
8689 2636
421 7577
2075 7081
6986 3621
7547 6823
6165 7636
8379 8494
8283 6380
1729 3537
9093 6209
8363 5253
320 1204
2536 7292
6824 8047
2082 8230
6545 4775
4304 3472
5126 4471
4391 7505
9723 2394
125 7344
5731 8535
8268 4835
5883 9068
8821 4743
9736 6327
4310 1193
4402 1405
3183 9195
62 2080
4756 9316
913 3667
8974 5105
375 5675
7476 8900
6741 673
8602 1216
9283 4751
216 9327
1387 8861
5895 3638
700 4192
4965 7015
5623 180
9387 6022
1914 5949
763 4273
5231 2461
9204 1249
9311 7949
434 3815
8863 6898
1414 702
1819 7258
6836 1816
1163 7779
2273 6543
9282 9234
5985 5273
5018 6188
5749 2456
3938 7364
6361 8617
5325 3741
5454 8527
4164 1556
3054 8035
6749 9306
167 5448
5658 7196
7967 6719
3609 6896
3422 3993
2089 4574
6566 576
6455 2312
7911 8185
6081 8109
5223 7995
2626 1171
7492 8062
3658 9878
2522 2626
3706 9142
7375 8993
3612 6691
5337 7081
7234 7655
4932 571
7278 8198
9622 1190
329 9124
3395 25
3387 3710
5250 3032
4007 4714
3435 5648
4152 9663
4739 193
2569 2975
9656 6812
1578 3994
960 2688
4720 1861
7390 9775
9883 8566
7105 7275
7078 9717
2562 5813
7541 8346
4082 2367
5390 6782
1961 3120
8128 3292
4102 7895
5910 6959
3873 9192
2789 7177
7804 262
9103 3287
8621 9778
9606 7226
2350 9618
1642 4046
7821 3063
6925 8764
928 8413
4714 1011
9012 5004
3616 2197
6434 108
2082 2527
6033 2632
4711 2342
3992 4908
248 2765
7021 2926
188 2282
5452 5149
4989 9240
9127 5809
1832 9716
5501 6177
7472 8054
8559 5948
4321 9440
3887 3348
5356 4515
2057 4307
5068 938
7513 8078
9414 3398
4778 8305
4512 8354
8270 9030
895 4416
1189 8132
1639 4171
3936 3482
3343 758
7416 6420
1464 737
7421 7307
8149 4224
1218 8119
4078 3441
6497 4288
517 6102
1741 8184
4732 7132
6358 5045
4490 8734
7429 9367
819 2365
9578 6879
749 2875
9305 756
7498 4600
1266 2281
146 4517
7257 3727
9400 9887
4823 3170
6956 3850
9902 1379
829 3816
3526 2013
4650 5511
6095 3038
6287 14
8740 6909
4926 6537
4349 372
6001 2305
9516 7071
6944 8312
2010 1728
8347 7504
9052 9993
1933 8457
1446 1051
5436 1053
8708 292
4169 9883
9126 7807
7125 2828
5884 4783
4314 1335
8238 1112
4970 2886
1366 3158
1398 7709
6633 3913
1969 3281
2165 7803
9094 6064
8408 864
7375 1688
8899 5727
8305 4213
6492 4592
7859 5440
5240 7933
81 7516
2062 7167
1134 7769
4358 8305
6893 2301
6574 2927
4090 7488
5907 9512
2266 8928
8722 7628
9565 6907
7511 8445
9886 7776
2148 720
1701 8429
5938 9117
1762 5566
746 7322
5761 9033
8116 3253
7591 4396
7758 2420
6619 595
7167 1660
7835 6057
1355 4727
5914 4233
8667 1906
5784 4399
5068 6790
9823 4635
7088 4514
9714 2662
1485 5819
6015 4831
4063 6628
9304 2161
150 8514
7864 1021
8813 5642
2741 3585
5203 4861
9967 1654
2681 4763
1878 9654
3734 4056
2804 502
1559 3151
4267 7798
2289 9719
7483 9636
1167 3279
4148 9139
6479 8933
4146 7683
4083 8281
1490 7005
1544 2872
6138 2596
8902 2196
477 7689
2520 605
2533 3786
8102 7278
2622 8994
64 2463
1587 9490
8670 1595
6619 5357
1303 7002
3160 4776
2945 4126
4979 8334
167 7099
5677 8002
2791 320
5887 4915
2527 9861
630 1663
2192 9695
3446 401
4195 3567
3690 8706
2751 2068
5712 8001
5708 9139
8726 5844
574 6150
7755 7345
5152 3670
8442 580
9863 463
7441 6445
4660 1762
1753 9411
7806 6424
3519 5457
6740 717
4553 8404
5970 1094
1950 6716
8456 9166
7099 4494
2460 7534
1108 7234
7846 5054
8635 8490
5319 4188
7864 1437
9818 5589
3116 1610
432 6667
7693 432
5852 1497
6523 1565
6952 9862
6158 7381
9340 5547
9184 5316
1001 2381
6299 9853
8825 5755
2761 9095
4517 1176
3123 6118
2242 4632
486 6770
6668 496
4288 7271
7519 1442
6971 1810
9735 5672
6070 8938
6806 8624
2944 3097
8672 7400
529 9060
280 2466
8103 5016
9559 907
6878 3207
9813 2032
5071 6382
4238 1094
5444 4624
3895 9784
5661 129
2317 7240
8979 9385
9543 7373
2128 6612
6577 438
9857 3088
2097 3732
1653 3059
3281 3602
8241 8615
411 2071
2849 4312
808 1989
7287 3519
4201 6434
6213 6653
6227 613
2892 3883
4715 4704
7188 5377
9605 7442
6432 1442
1813 9377
2711 5911
39 2017
3152 8072
4540 3065
6654 2195
6129 4349
260 6805
2298 8470
6927 2192
6458 6917
9507 3299
7798 3888
4041 1095
6411 2307
4310 4681
3065 4742
2910 1160
4429 829
6881 7803
1768 6233
5326 1083
7497 4330
8381 5171
1103 4821
7093 6089
1767 4033
4807 6826
4546 6110
4932 5614
1278 1678
1761 9197
9558 2314
5108 9624
5166 5066
125 8904
7700 1462
2130 2101
8294 7734
784 5354
136 223
6719 8145
4228 2031
6963 2411
6675 4332
1500 1038
2891 9429
3435 6522
8548 5626
2747 959
1410 919
4553 7703
2048 159
9959 393
7426 3430
5783 3701
6362 4986
8952 3146
2072 5885
1640 7250
7785 2615
4181 8205
6979 5776
1064 5197
9164 3830
3084 5648
204 6807
3251 4705
1096 3854
8160 1613
1242 6960
7834 4281
6811 895
5504 6895
6968 9417
6464 7594
1867 4697
840 7869
4662 9411
6711 8144
9960 5501
4427 8946
1599 559
3833 4618
9608 3772
5239 5814
2154 695
2963 1725
7952 4134
4639 4597
2820 357
9808 9159
6232 5702
7166 5249
2632 9047
7771 4398
625 4329
9208 6943
8841 1737
7111 7889
409 7106
5331 1373
8564 468
8712 5009
8876 5663
4285 6333
5011 481
1130 3769
1572 2141
522 6112
8826 3564
3735 7385
6564 8056
5859 4081
2635 9134
1305 1185
8302 7126
5225 5986
691 1294
3138 956
5847 1447
920 2067
2442 4490
7720 1020
2445 9011
8787 1104
2186 2995
6368 9618
5238 8029
3959 4157
1624 2583
7482 6611
5507 5156
5217 3866
9692 563
7681 2400
4712 9703
2440 2301
6822 7547
9032 8174
4995 7233
5443 9942
9491 6328
7905 714
9700 5257
214 882
5900 1985
3308 1270
4392 94
119 2616
3179 1454
29 7923
7535 1696
4479 9017
2114 4034
4436 1833
3673 1915
9253 1693
6152 8713
6520 8764
8915 9917
1472 1556
690 3195
6763 1101
1241 2379
9171 7443
4032 2103
9825 6937
2198 8835
8546 9240
3888 4596
1119 8357
5790 8086
6604 7951
6551 6446
5826 2518
6347 6306
9390 6746
2743 3904
1220 3193
3976 8378
522 4931
3366 294
388 8083
6739 860
770 157
8668 1954
946 4476
6890 9544
6432 3844
9001 9975
5273 7166
7635 5330
5804 4660
1058 2603
5832 1446
304 4834
3718 2430
9345 561
8146 7047
5488 7725
4957 6795
7470 9229
3957 5709
8842 7996
3616 1497
6859 7086
4730 53
4135 3723
1727 7900
9785 1165
126 3649
2138 4141
3713 6009
8562 5301
4625 2322
367 1847
7960 3722
2137 1895
8695 2348
1992 6366
676 5455
3934 8908
8056 6284
7417 3171
811 1548
8645 6710
5424 1563
8225 7342
9010 9892
8342 8707
6627 1333
122 5912
6971 3064
2992 6382
2035 2758
2787 9188
3088 6147
1783 6751
5994 2042
7051 2608
3014 7753
7306 4319
4370 3432
1787 6651
6150 1799
3433 788
3583 4872
2463 8441
6794 6044
8074 5977
7299 9717
7680 4802
7063 4868
511 2531
6062 3596
4744 9556
2747 4164
228 824
8662 7990
3084 7322
6029 696
6598 973
6 9011
3851 3182
3477 7362
7070 468
2607 4479
4408 914
618 7706
1225 9733
2264 8411
2337 673
2634 1215
1167 7235
900 7903
4691 3061
2863 7361
4155 2257
3249 4356
6098 8846
1007 1601
290 9425
5629 2243
2089 4545
1048 1040
3959 958
9891 947
7218 981
5373 5891
4525 9843
8721 51
8248 4667
6392 8988
3727 1602
2860 2399
4426 6955
6632 2990
8487 233
7339 4511
2059 794
2044 1354
2275 6218
6870 5081
7167 4094
5936 9806
8452 7751
92 3368
1776 6765
2145 130
6682 8292
6707 1803
9220 8441
1034 1240
5329 1324
8468 621
1544 9505
9319 4063
8418 1228
2732 539
1486 3159
2215 1783
8269 1594
8347 6128
4435 2077
7218 2846
4924 3394
4747 2429
3868 1585
9848 3190
5662 2949
8019 2185
2498 2569
7767 2063
7111 5000
5344 3969
3852 5127
5386 7834
248 8720
3190 7841
7025 2509
7384 9812
1944 476
2149 2267
6206 7491
7633 1779
5621 3461
6126 4246
6392 2885
5138 7957
6491 455
8762 6424
3566 3698
5061 9124
9882 9547
3716 5493
3169 4598
4043 7595
3748 1273
1210 3561
1772 4965
8138 7437
9301 4110
8065 6096
6190 5150
1870 9503
2522 4586
1897 8009
3561 9267
9428 9378
3606 3863
5043 14
1734 47
9797 539
4187 3342
5350 1631
9014 6515
4573 937
9746 2843
7788 1780
8103 8437
1007 864
9372 8685
6347 1124
7332 4928
9333 7233
9312 8227
5929 4481
4074 5609
2680 151
8217 8710
4583 4379
7069 8189
8336 2808
2419 871
8546 4487
5801 1607
1420 3762
683 1042
3532 1996
6482 6952
2695 6872
7850 3666
4428 6519
2284 5918
2762 6628
1864 8128
930 8063
9588 2539
3892 7660
7183 9253
9628 6979
5609 4529
817 175
523 300
6325 528
7777 1764
2664 1751
4259 2694
4316 4943
8673 7418
8595 893
4566 4941
1355 9640
9770 5233
832 1497
1274 6898
7667 7617
2565 3116
6523 4912
7800 330
9409 6110
7417 2799
8506 528
1128 5661
6308 8343
7920 1553
1187 4993
9354 1021
2884 9682
2992 3894
5642 3150
3190 4889
2481 7955
8090 5726
8323 4326
3114 4435
6401 530
7883 8661
2791 2731
359 187
2778 4450
3747 5536
3543 265
9935 7119
2798 4498
1352 660
2166 8311
173 7299
6566 5463
474 8904
1329 6791
3271 1480
5368 7550
5929 6494
2881 8805
259 4211
4963 4675
3093 878
2733 3245
6590 7505
8846 5250
1549 5573
1581 4257
3471 9694
8831 6397
2222 4394
9016 4171
2275 6760
5858 5000
4075 6901
8419 3470
7548 973
539 9713
1296 7923
3887 2490
5217 9031
9836 4193
9993 2002
2554 2560
6513 6507
179 8177
5043 3062
3156 5862
5874 6858
4260 7870
1595 3426
673 5972
915 9896
8864 2254
4228 5603
2764 4478
3286 7921
7396 6308
9112 1909
3575 5248
7303 7996
1535 7326
2709 1909
2959 3001
4380 7858
3035 3737
2346 9436
2740 9786
9490 5225
4949 7559
7285 5603
3323 2448
4325 4786
4075 505
9611 8975
5440 6755
1178 7909
9285 4823
3727 863
7202 4542
3302 9797
9262 1870
8591 4060
9978 7638
1477 2910
9920 2977
2378 8085
6913 4095
2866 4293
1267 8128
9740 6651
125 8656
8214 1087
299 9820
8750 3964
980 5119
5634 1510
2390 5274
8438 4593
7928 9674
1548 1149
5140 7411
5009 5230
3955 5180
3810 163
8127 9875
3089 3867
229 37
1371 3639
2824 6598
6451 9927
453 6428
5639 3722
2296 3197
5322 1697
8989 145
2722 7868
7897 4756
3911 4272
4319 5038
4073 3135
6998 5518
2430 2448
4871 3478
1846 6237
9431 8898
6823 8171
5265 3523
6407 7164
6851 8981
2850 7297
57 6991
338 7192
5228 1317
3406 2700
5807 2281
7953 473
5907 714
7318 6977
9189 5304
9553 473
6234 4638
7819 575
1448 8951
1102 5946
6132 5280
5667 7330
800 649
2853 8806
4162 3405
7762 5501
3309 7872
9649 5264
5163 9389
5151 8479
7280 2526
7020 1793
2842 6588
6455 2938
5586 1814
6496 3539
7914 8249
8908 280
5570 705
6558 81
1752 9913
7627 364
7145 6331
1366 8747
7437 7197
6596 9417
4925 270
9352 7236
5805 2437
8552 9172
9713 5366
3999 4753
9998 9193
1532 4389
2877 9673
2024 6580
7906 348
1706 2779
9100 9737
4507 8776
7508 3778
6136 4518
9528 6370
9203 4817
7105 9295
5018 6757
5768 6267
7548 664
8387 8862
7969 3895
6006 7661
8777 9918
8983 4614
4766 4107
4095 1710
4732 7782
2812 525
5882 5099
2489 96
5928 7616
1629 9477
9726 1539
6141 3240
1908 2355
6628 1288
7379 3852
6022 9686
5316 6222
6231 37
1347 5214
7967 1974
8417 1577
6216 3496
2269 9130
6969 1957
3214 5543
5563 5112
8243 6935
6537 8685
7669 4964
9140 4322
5807 388
7131 2414
7079 9719
1405 8593
4323 2151
7803 8013
6279 4563
4807 8971
8539 1853
900 2614
8504 8010
4594 9976
423 3262
3516 2672
22 6675
9620 8759
3832 3008
1619 4269
7984 8960
4219 9776
6800 3770
3000 1592
1081 3580
6661 8784
1072 9640
7404 5970
5302 7953
1337 7912
709 2830
3960 1091
8081 1181
5195 2182
5590 5628
5957 2618
1740 8522
4144 2877
1953 4669
3427 9627
6983 7730
3500 8970
1952 8642
7652 2035
9827 1837
791 2635
4024 8332
3181 8390
6084 8785
1439 4643
8186 3644
2484 7269
6180 932
3916 7675
7227 5951
3237 4249
3035 3107
697 6706
3425 5841
533 2345
6915 2229
4009 9723
6070 335
9445 1143
4154 8948
7725 5366
1734 3658
673 2052
5846 6255
8576 3155
4461 5260
8770 3773
2550 6569
6136 8883
4989 3469
5475 746
4975 3821
4248 3928
7967 2025
2001 2756
6108 675
9261 4511
6121 3139
4264 7672
5690 5253
1880 1214
1769 892
9267 5080
329 7559
7738 3797
9027 3103
388 4633
7954 5395
7744 2682
9064 9411
1096 8262
326 7451
2800 6934
4633 778
863 7219
5704 2425
3783 3365
7634 1379
849 6067
9862 503
9984 5653
313 1841
161 5600
893 573
5759 4856
2195 8459
3340 9569
1065 177
4975 6294
8757 9062
1914 1290
3405 3512
5025 5401
7781 3922
3197 2820
3299 1854
850 395
4657 4668
9897 7750
476 870
2956 1420
2728 4922
7361 9648
2963 8905
5810 5511
950 3579
9215 4306
8852 6511
9890 3306
8726 960
3043 6301
3161 876
6384 2615
1938 912
9919 5367
4517 2018
1917 1820
6304 4757
8133 6507
1107 6753
2905 1938
1255 1241
3344 9246
2298 4570
5158 8025
1009 4247
903 1875
4883 9457
1320 2484
9725 8215
8932 7678
4155 8129
5436 9194
5417 8222
3628 22
7593 5977
6675 8547
6362 6419
2285 8171
2504 1187
2102 511
4787 4478
9701 4943
5747 8367
8254 5136
5133 496
8296 6755
5317 7276
3088 9303
234 2890
8577 644
7191 597
7732 6833
1242 5220
9130 3551
2380 1799
3097 894
3524 4394
6463 6127
9910 1380
2813 1620
484 4774
9496 3453
4234 9148
8767 3533
5088 9643
817 3616
7124 298
2272 3254
9772 1085
9109 4792
3492 6843
6414 3483
8652 7724
723 9866
1026 2076
1501 9348
3698 266
7670 1435
9433 2753
7391 8226
6046 6241
3008 9877
7726 8190
3144 2312
7356 9948
317 1595
4349 3559
9503 4554
5183 9762
9126 2675
8885 2216
5280 3756
6141 11
1591 1652
3871 8980
1178 5733
19 5359
445 667
412 7738
9241 5313
378 3862
8906 6328
302 3606
533 8719
3722 401
3038 1495
8652 4933
6009 3320
3880 9707
2135 3464
626 9729
3126 4694
7512 683
6294 7840
871 1943
8492 5967
7222 6596
4487 656
8541 3291
7686 4184
3680 1052
4660 7502
6186 8542
6881 5450
8485 8451
9976 8162
4753 6791
4838 6002
8462 5421
7645 442
5461 5287
6527 1793
2321 1179
3033 6797
4263 1047
4377 3535
7535 5039
9992 3440
2989 8166
7079 1789
1257 3273
6298 111
5757 1104
1 8121
4278 9665
1213 2799
3982 2086
5643 698
8456 4250
9775 7817
6039 9319
9342 8255
5970 4601
3796 1677
8765 4581
7165 5664
9580 7973
2414 3423
1927 4740
7245 4996
6362 9701
9331 4456
8204 375
3635 7154
5688 9895
5805 8886
193 1657
8075 2521
4586 7459
7857 3518
6496 8120
8973 7170
8584 732
4032 6801
2638 4143
3571 6865
6258 8661
7989 8005
8724 585
5486 4838
9470 5124
6332 5025
6368 8059
3054 200
6039 86
9107 1859
9883 8744
9355 529
7376 5029
1492 4902
7617 4012
5563 3090
1291 2179
2088 7318
8189 106
102 75
3354 6411
1784 8862
3960 5023
3919 1419
503 8898
5096 5055
4857 1469
1698 4769
4683 4856
9884 8872
746 9342
5803 3525
5369 4771
7633 3508
2727 8071
2122 8817
1295 3376
9825 5573
2883 1147
638 2244
3572 5690
7377 9231
7360 9710
8270 6389
6028 2095
5838 7405
822 9084
2360 9477
6874 5705
3065 1159
3843 4249
9835 4549
8984 5129
7139 6840
9191 5877
792 4010
4502 7167
6053 9454
20 3865
5196 95
6633 6061
5114 1437
6098 2046
5797 2411
9396 8942
6719 2111
3616 1498
6291 4727
1303 4200
99 6256
3830 6854
6277 142
5169 9953
1267 2361
7828 9442
2223 7761
9015 7729
5758 365
8634 9182
6603 2183
1578 4993
807 3970
9211 8518
7199 9914
1276 1508
3748 8727
5384 8478
204 8682
7564 4376
3979 6089
3641 4718
5656 4766
346 3440
3619 6400
1644 3386
7788 3123
2761 9672
3252 3513
9145 4858
4905 5983
6761 200
5437 5204
1086 9689
742 846
4319 1840
8777 1132
3376 4421
8470 3610
9336 3688
3674 3052
769 8127
7609 3109
787 554
2043 410
6752 5227
7234 4737
7341 237
2037 8912
5679 2378
8987 655
3417 6764
8490 8924
2712 7210
1735 1648
7557 8936
3012 5102
5481 9387
919 5989
2065 8453
4055 7034
7608 3194
3410 2430
7304 660
4577 5142
1721 3659
2866 4812
8152 3760
5520 4273
9973 6750
9381 6925
5882 9619
6337 9333
173 4567
8930 736
73 4635
1208 300
9658 7337
9594 8324
4281 4993
9468 8527
9507 6015
9581 6965
3591 9069
4276 8911
1626 2039
482 3283
9113 9032
577 7963
5196 8838
357 3519
1757 7814
7256 898
6143 3881
3631 8724
1858 4145
4939 1024
3248 5918
8158 5277
7448 4373
1801 7452
6473 7350
8795 4483
4208 5789
5453 3968
8546 6110
6123 8072
3987 8900
7877 4775
6074 8199
133 2433
4486 323
1668 9747
5641 2270
3468 7469
9582 7636
9170 3200
8954 5600
8976 8597
7534 3104
5892 9827
7367 2654
3631 4954
5342 1005
3578 2423
3796 5935
3451 9537
1446 3887
9148 1744
7236 9086
3107 2639
3131 7906
1142 2538
3282 7501
1693 4352
1479 6017
7567 8501
8942 7682
4029 3549
4833 9511
3936 6815
8957 1000
6596 9818
6875 1401
8594 2825
9768 1849
3198 3901
1351 5659
8393 1403
5748 1025
6021 2330
6509 5502
8834 5004
2209 9054
8906 5266
8154 8241
700 1367
4736 8254
908 8859
1029 5415
7715 7860
6560 714
473 6388
8202 9375
9790 3196
3650 8344
5262 4971
5329 5157
2517 7989
3271 5027
6338 4663
5075 9431
4621 6759
2259 7526
6151 9136
7625 7069
4280 9029
7676 8874
4770 4971
5638 9667
3464 4698
8412 2262
906 9888
5576 4412
5691 5984
2214 4777
2628 1536
4268 318
6385 8528
3864 2604
6452 9064
185 6875
1473 7897
7013 2033
3301 6264
8376 183
9922 7162
6333 3353
4779 1806
7121 7003
7375 5911
368 6204
5250 2548
200 7302
326 3332
6085 6043
1117 1554
363 965
8021 5278
8441 9177
7664 7892
5871 3349
3217 4490
2374 9849
7820 6164
7368 3218
8634 9248
8333 6179
4079 718
5216 7325
8175 923
1821 2309
318 4527
5006 6066
613 8587
3999 6570
144 3983
5574 21
5033 3316
8604 3681
2132 7684
3064 5540
7444 5112
3034 8632
6067 1648
460 9691
9957 2523
7919 5297
9711 2083
5345 7229
3442 8321
9122 5668
6964 4462
2790 5005
8894 8700
4078 3829
4770 6031
9863 8860
1643 4316
2259 678
895 6162
5626 6704
4137 8134
635 1235
3002 383
4888 7424
2543 5290
6177 8379
2177 1016
8674 6326
672 7921
9007 5234
6292 9916
8871 8913
1412 9698
1587 6904
8131 3600
8228 8388
8545 7584
577 3528
2633 3900
6749 6477
6508 4312
8020 5431
8608 2741
8527 4612
322 3890
2255 4497
96 9994
6721 5884
7653 3164
2580 4229
3037 7147
8307 5246
6973 3848
4953 7165
3962 8985
9763 4888
9939 8874
1881 3595
538 305
95 9354
4690 1601
9711 7968
8242 7261
2593 8488
6803 5470
8437 7732
9111 3066
4504 440
2824 5846
3222 884
6768 4909
8361 5011
154 1129
9245 8359
5275 7474
5349 5385
8563 2761
5110 8169
9126 1570
347 7382
5501 8183
7984 9611
7100 5383
8360 6011
7461 5069
8360 7011
9107 9751
936 6147
3529 77
1896 5809
269 4739
6854 3642
9592 953
2254 5332
9618 6040
677 7690
3843 6087
6827 7509
1126 8747
5327 1305
2720 4868
3550 2391
1147 8952
6926 2673
6263 3742
282 2429
1082 968
1393 6723
5068 3558
6812 7512
7081 5575
4926 1652
8575 2641
7332 8010
6499 1839
1939 2547
5166 6487
8865 7089
3562 6604
9094 8496
9941 9310
6016 4363
3167 8919
1085 8005
5264 7868
9638 4012
8999 8352
1529 8689
4396 9059
4278 5157
7363 849
8563 1261
6495 5100
8717 3254
7324 4285
809 5594
9727 6324
2063 8521
2475 254
9355 2376
943 9210
695 6520
7422 4053
9860 863
8548 2998
3425 9891
9728 4244
3597 1930
2531 4150
8170 1258
8369 4365
6053 3428
1844 3901
9850 4927
2220 1735
7246 9705
11 3587
4748 25
8668 5579
7081 612
8506 1831
7040 4758
8214 5113
1188 7955
6280 908
4708 9222
1150 4010
2776 7653
2501 6592
3635 3040
8283 2597
6237 6277
4034 5011
2218 7523
2765 3368
613 2604
5022 8511
7129 7114
9023 758
5228 7403
243 6912
8281 4334
2892 955
643 127
7546 9282
4675 1040
6711 8120
8272 1611
5321 5998
7532 4466
3609 5797
1268 9422
6537 9583
2427 8959
3429 1702
6771 15
848 5599
2537 9715
5166 6384
2282 1
849 5572
9164 1811
5833 4130
7509 8210
404 8143
5526 8860
6881 237
8184 3662
2139 5525
6525 3087
5317 8378
997 154
2005 1567
6689 4421
5323 2483
8790 735
8429 3846
9493 8453
6278 3825
3332 2635
3109 4216
3336 6069
1411 6262
7099 15
440 4447
7866 3552
5821 1200
762 494
1075 3221
1840 4275
3948 6535
3438 9248
6569 5133
1430 1047
3206 9678
8259 8347
289 4597
8049 38
876 184
9729 2888
2313 5112
3916 6649
5993 5986
6533 699
2447 1069
7018 6259
2714 6227
1873 3997
9952 7519
560 5240
4305 9126
6093 8885
2059 7797
3675 4132
753 4285
4885 4014
5269 7829
4829 5049
407 4622
4671 2642
1499 6973
5146 5527
6114 9800
7028 6642
1935 9738
7822 2618
9863 2256
2501 2189
4128 1726
326 3082
2645 5938
9292 4106
8871 5302
8671 9668
9806 8088
4290 6003
8655 345
698 5181
6800 2847
5445 5724
2835 2237
2440 7890
4357 2138
5788 2890
3067 5303
4479 6147
6739 3443
2203 2353
4879 3712
9093 9149
490 7684
2543 1367
2278 685
6698 8892
8670 8928
4473 8978
4649 9171
9481 350
4974 9425
9850 8091
6861 9429
1662 5144
826 1994
5127 5151
846 2850
3003 34
7878 8422
9127 1826
5685 7973
2664 8287
4267 4266
727 7678
5623 9412
3085 1018
6556 4534
5329 4778
1979 776
9898 6434
1476 1285
8163 7836
7737 7130
9375 2175
8412 4637
3029 940
2380 4224
4343 3816
4180 3378
3636 5109
5671 4724
8652 3730
8208 8627
6215 5798
1606 6291
9385 1956
3048 5024
8111 8551
2998 4103
4741 7044
4737 5000
996 6256
6781 9256
1149 9509
8578 6641
144 9856
1056 4659
8755 5450
8593 387
262 76
573 4644
3963 965
1502 8194
3259 3708
4430 7238
7873 3636
8788 702
4080 5328
4967 9115
5600 8087
5974 994
2315 3717
7438 2125
4014 5323
8215 5748
6364 6403
7327 4840
4607 2642
9178 1894
8627 3890
8606 2180
2138 7960
6604 2986
8850 3632
7778 8666
5913 7337
1852 3058
3691 4183
8031 2676
3280 9408
9075 2325
5522 7334
7154 8176
2825 5182
7452 3091
2442 9526
2282 2462
3283 790
3524 9199
4170 8959
4927 5936
8758 6437
3609 2035
685 9848
8991 229
2514 5229
7807 4218
8386 8903
1818 7373
9156 8269
6901 8739
2766 8052
7700 231
9712 7641
9528 2260
9630 8859
8159 8917
5775 5487
4996 2659
7025 1718
905 6003
1169 6949
7632 6509
1679 3253
4043 3992
400 5062
5911 6250
2831 368
6698 2024
6191 5285
6226 2132
6934 8168
7443 5635
197 373
4130 2396
1725 8829
122 133
7151 1784
240 8585
54 6852
2636 8752
951 8435
5370 2793
2613 6982
6784 5170
8503 4377
1528 7440
3593 2108
4364 4227
8496 4039
5832 5492
12 854
6438 5579
5960 8393
3673 6560
2331 6448
9375 9674
144 4422
4032 8079
1408 208
9007 3699
3920 5765
5568 2371
8653 5755
3363 247
8625 2788
1760 8472
5211 738
5829 12
910 3477
6307 4032
183 5157
7411 4157
6564 1227
849 685
5070 94
8223 6018
9411 5215
3933 22
969 9934
9085 8366
244 6996
4927 6332
7442 3314
366 946
6821 5440
699 4191
6764 9693
1826 5059
8765 6203
5017 1694
9283 3627
409 3963
4240 4739
7066 2007
9300 2634
3848 8158
4984 4865
6370 9230
6633 3449
8827 574
1287 1327
3966 2414
5120 7331
4710 609
2190 5853
6060 2049
9523 250
3717 7047
8270 3836
1278 2333
9405 1724
4485 6472
7569 4246
857 3161
9825 7930
823 1312
53 6752
1252 9107
2414 9683
8695 2836
9324 5834
6444 8230
1782 5355
2634 993
1034 3926
4634 4139
3747 5360
5242 5646
3748 2794
7799 1944
1650 621
8884 7197
9021 3313
8649 6790
6542 6136
5016 5687
9167 8606
3051 8423
6365 8356
4122 760
4632 9690
5573 670
990 4229
3804 6781
5617 7192
978 3369
5622 3966
1700 4764
9824 9127
6669 7184
4319 1510
7926 7024
4488 9257
5411 8443
712 7020
1426 7860
4352 6833
3840 5577
477 5024
1130 3264
2351 8386
4480 6884
5833 6809
6728 717
9222 2240
9359 3074
6353 6835
6172 2638
2679 1050
5686 368
748 9241
3237 1887
2517 358
5450 1726
1039 1786
7857 1320
1670 4744
8255 6281
9397 7128
5605 633
6078 5058
3678 8930
6409 1841
4268 9223
1244 7886
1113 7132
6916 340
3256 8885
7781 3863
6438 9160
9242 9972
7148 7094
5593 9225
3002 4310
7230 3707
2513 3039
6751 3668
1412 7815
9328 6729
9453 9851
8015 3925
1517 4225
7492 7508
5447 7682
2909 8911
2735 1247
9283 5227
6213 8301
5346 1662
6289 8102
9534 3663
7452 8855
5090 3562
8895 3557
7130 544
6600 2631
3748 201
121 6664
3333 6958
6181 6499
1785 4508
3769 3365
4876 7693
7468 6513
2126 1506
4890 8870
8955 5277
4669 9540
9519 8647
1701 2716
1755 2202
6310 3645
101 3314
9672 1858
4579 8949
8213 4287
4902 1333
5105 2207
610 8066
2618 4415
62 2248
3921 6568
7485 1906
3869 8860
9877 4016
9594 6244
454 8060
3419 4051
6194 224
7843 7635
2838 5957
3534 6374
9268 1933
7829 9525
6803 4426
2188 3753
5421 1796
2009 2888
7586 135
2141 9848
5054 6733
2469 94
5128 4476
7950 828
4619 1095
6106 7536
4653 402
5945 473
2124 2617
6932 2596
2409 1127
4258 7911
2482 4287
5566 8107
4993 2744
7796 7794
810 7713
7734 7075
7795 5770
265 5592
4533 4320
8095 9842
6602 8256
21 6033
6301 5790
870 2404
2495 9974
8665 8587
25 1315
4963 7475
6530 4399
2700 740
4419 984
1482 8221
6455 927
6556 5636
3512 3842
5425 7130
6909 4040
4430 8081
6203 3381
2754 2949
4763 8413
734 8796
5608 6020
8508 9741
2061 5698
3765 1314
6487 2883
2746 3688
4005 3640
3001 1620
6275 4123
6001 3935
6451 3110
1130 7443
7786 3808
2641 4317
2378 696
7530 8157
7822 4838
7698 6878
7932 6977
3004 9393
9211 9207
5848 7778
1380 959
5571 6151
9642 8472
2651 578
1863 622
3780 3674
9075 9750
6829 7390
2044 9754
4526 9434
1655 7414
3260 9764
325 5701
8015 7659
3295 9301
1950 5982
3161 9838
6468 3187
5012 3182
6727 7259
1602 5401
5732 3204
2906 210
985 3301
8 2682
7675 6895
3037 7683
7145 4319
9696 8745
2718 3118
4531 4889
7159 7969
3915 3819
7602 7184
5839 1373
4607 8814
7223 4820
2223 5697
7285 4021
7370 3000
3858 265
8587 5623
9540 5577
4879 1266
8848 2863
6833 5141
1942 1892
6927 1643
8185 6020
3981 8951
441 7530
6804 1696
7103 3838
4966 151
8783 4765
8703 437
2743 3158
7165 7358
4455 8317
1042 2631
9508 2343
9569 5417
9762 5621
6 1785
6639 3607
5756 1467
6795 2878
6020 603
3592 8155
6132 6918
938 9730
9906 7322
8106 476
4658 4515
5251 2236
3318 7990
8785 6376
1563 2389
9881 9863
7222 5459
9820 5990
9652 391
7801 8878
7632 9055
2429 2433
1211 3451
8941 8773
1246 4638
2161 3865
2808 1271
5639 5148
6823 2658
5916 8182
2823 4896
7361 9543
8887 1581
8434 430
7780 4775
2790 1111
1117 9556
3609 9017
3077 4401
2819 6190
3836 1085
9242 1207
1394 760
4630 7244
2619 7413
7314 9963
7530 2204
32 124
1306 9358
4788 8754
3183 3451
7315 2154
3541 2978
3391 5467
2352 9387
8837 6220
7197 8304
1660 5930
8489 2979
3524 1656
4334 1793
7128 699
9617 3580
8398 7244
2423 834
3111 277
2047 8451
8340 6580
9647 2328
5556 597
4913 5668
498 512
2532 4151
3821 8515
7820 9580
2950 5392
6432 6309
3423 1313
1779 6241
6929 6719
9320 3954
5190 2938
457 3716
900 3204
8975 1464
9608 9026
7075 9556
4788 5670
9881 7162
3412 4689
5035 2107
6650 6753
7519 7398
5421 3929
1237 1054
3117 2327
4944 1627
8149 9798
114 3039
5451 9139
7932 3410
2424 3087
2960 5325
1429 3511
5877 4111
9219 9708
2023 8707
5629 2235
8867 4618
8 4206
5846 266
1754 4356
699 4892
245 7335
1249 8952
3668 224
2266 6579
3521 8205
1629 9103
6118 8741
3866 875
2119 4419
3079 7368
5686 9229
5109 8261
8904 3303
1023 2871
9632 9502
2647 8443
6471 527
9896 3585
3023 8125
2024 2418
816 6234
7317 6269
1232 1095
9921 536
38 4961
6169 3479
6437 5130
7976 8241
794 8343
5716 2473
6122 2136
4620 9448
778 9596
8929 5043
1452 8477
7147 8896
6381 2723
2864 6712
8460 6873
4611 2450
7200 6494
8580 4436
1976 6958
9111 4482
1515 556
6626 6448
7791 3491
6993 1994
8873 4815
9849 2933
7308 420
6618 7092
5112 493
883 3561
4608 8742
2752 2449
4116 5710
207 8336
2125 5130
1803 1927
8191 3922
1768 4635
4637 8883
1946 7571
9280 3090
3884 4949
6929 1598
6921 5932
5744 7556
7069 1679
5637 7735
436 2841
5432 820
1537 1419
3046 7723
8777 5472
6289 8284
2570 9010
5549 8394
5028 4838
5104 7744
7743 4188
1381 1571
2761 8978
1577 2083
5564 9695
926 3788
2168 353
413 718
4546 3927
2407 7719
5053 7045
1968 8382
7394 3617
1197 3561
4614 2058
6468 3681
9023 6188
1275 3178
2201 9790
2691 1884
3056 8607
2602 7805
963 9086
1530 126
8884 8992
9544 2503
721 6960
9802 9021
7815 8447
9551 6747
1631 3632
3228 3176
8950 2342
9104 4514
4 1021
1548 3180
8603 1409
8441 5156
1924 9442
9178 9329
2651 5507
9325 6807
7699 7907
7565 496
5788 5104
1939 5107
1085 2719
2572 2877
9250 6187
233 6887
6083 9657
7932 5235
4848 9869
293 451
8188 7806
2675 1402
9006 9656
4562 2991
7952 156
4745 8268
3993 4544
7348 1225
6881 1002
6008 1932
6153 1503
1299 4939
2111 1776
9559 3483
5184 3634
6215 7712
4799 6176
6651 4923
4185 4797
6255 1978
1459 6408
5878 4849
5959 6915
8086 1587
2946 7604
8849 1945
8436 9422
7270 6612
4107 9694
1870 1002
492 3494
7389 9705
6828 114
104 6054
4861 827
5358 1952
3842 578
1974 3012
401 7546
5156 1100
6762 934
7619 8472
5821 662
3425 6910
5316 1735
8005 8129
4293 2168
2632 5686
8943 9374
4120 5252
4447 4314
3609 7861
3481 1793
8912 5758
9164 7717
6031 6088
6014 7690
6466 8259
9250 2124
6381 8867
5463 4720
528 1793
7961 3674
9672 7025
2101 9905
9618 8439
9730 6617
1309 4747
2876 1063
5840 6268
2540 4020
7929 2309
155 3473
8049 547
8954 8106
844 2926
555 9398
6073 2854
8993 3210
5910 2792
1530 9267
4495 9470
336 7315
6581 4276
8890 5404
417 5512
8100 4794
165 6823
3188 8962
6593 6993
5369 9381
4030 782
181 7079
1673 2349
9747 1472
9704 630
4012 3338
1116 9371
3007 234
6599 9825
5722 5610
6671 2882
1340 1871
9341 2424
3465 3859
4583 8239
8768 5794
1378 4309
3324 1575
9841 2484
7610 2124
748 3033
6897 2789
8962 2767
733 7469
5958 7702
6132 6147
1710 6458
1300 9399
4312 2274
5565 2646
6601 3990
3377 2812
580 3455
2004 1162
4805 7183
2569 3252
3829 3283
2302 309
2206 7066
6946 5779
1118 3148
9286 4947
1714 1549
232 5911
9548 2636
3408 7137
916 4456
2360 7979
8559 1945
9264 8967
6297 1316
8291 9781
9941 7847
3562 6318
8675 7705
5865 5168
6925 3546
4700 5079
7236 5616
4916 5292
6595 457
4003 397
8141 1431
3112 6386
7748 3045
7541 905
3573 493
5977 7772
203 6182
2411 1524
398 8408
6922 4692
5 8382
6603 5226
5541 4106
8727 2680
7047 1572
2937 8342
3483 9284
9157 625
2098 2697
3496 2493
6195 9862
2862 2155
8084 5569
5916 4372
9311 6836
825 7961
5107 1081
4883 8723
2306 805
2359 7276
5140 7718
4833 2783
6273 865
8302 6721
2970 8817
2101 9544
563 1380
6066 7814
9261 6092
26 6297
4057 6072
2466 4731
3991 2204
6512 3496
3553 1749
4643 93
7362 2743
2275 2946
8819 3998
4253 7221
8879 1086
9818 4503
3816 5700
9586 3264
9974 7915
7385 1774
812 789
2677 2790
9870 2606
1688 2536
3537 8911
8953 2449
9645 6789
6574 4117
8171 4665
6372 2495
9127 7806
8983 8194
6992 1462
2970 3895
9287 7704
7741 7798
9396 3773
3956 5377
9860 1279
8697 2089
4537 860
7559 8382
4701 3686
2391 7504
5665 4040
4908 5917
1906 7795
6148 2751
8074 3232
9408 2466
9716 776
3345 3432
1901 356
1588 6092
3598 3398
6510 2295
9876 4478
7407 5847
1429 7344
8329 4349
1522 7481
1340 9636
5417 7048
4049 1657
491 9192
9776 5454
5744 5160
8691 236
5687 7945
1757 3867
6708 8631
7602 3389
9292 4064
3431 6402
938 2729
8983 449
9466 3110
7885 731
8607 4385
1210 2735
5589 1759
6251 1408
6048 1428
8785 7532
6239 4648
8088 910
1928 2960
1696 6002
4435 135
5546 3370
4730 6061
7003 639
4680 8677
243 8907
8709 1768
1238 1777
7452 3430
1188 7487
6981 7154
5090 9827
6927 1746
5390 5801
3847 1377
4308 2116
993 246
7048 8054
582 5316
1417 8426
8400 5459
3906 7216
6806 872
3082 3545
2820 7914
2125 5183
5146 4390
7400 981
5692 2748
8698 3121
660 1487
2554 7752
5115 7619
233 9055
7390 445
7931 8410
2071 3187
8977 3596
6371 6250
1772 1473
5384 4788
7267 1274
6704 1828
7465 5350
8697 2503
8001 3799
4143 1701
6096 463
8968 2565
1778 417
6008 2750
8048 5324
4151 4711
9475 8502
1232 2196
2574 1115
5111 3984
6035 4342
1627 4141
6597 8566
5841 5942
2348 6155
6820 1255
4237 2093
8363 2620
1543 9798
997 7094
8637 2890
2571 6987
447 3245
4043 7136
8788 5165
109 724
7584 4011
2129 2737
2226 4524
5242 68
987 881
1338 7505
3357 580
2965 5648
3537 8926
9090 7183
5476 6924
8918 2339
4279 9235
3986 7517
2725 8975
8941 8847
2912 4566
5707 3097
3293 169
4057 2695
2518 3254
6070 4286
1251 5469
8315 4550
8783 1248
1436 2359
4987 6010
2084 7608
9024 9592
1237 3563
8546 7416
9287 9528
9423 1539
8894 5735
2062 8617
7456 6523
1847 1404
5950 7117
2350 2554
8954 4335
4996 6304
2759 7020
7622 3803
3736 5952
5051 7195
3096 895
6505 6278
1966 9793
5427 7916
7415 368
7855 8495
5241 9430
5029 434
8423 4676
4439 2850
4454 3756
6019 9936
4741 6119
5787 8773
7945 9068
8467 7808
4317 7380
4320 4467
3085 66
7417 4818
5853 3162
5781 9558
2859 9295
3076 2716
9086 1799
891 1579
4768 973
3474 4899
4485 5438
1645 9124
2853 5545
838 5605
894 8558
7442 1152
974 1927
5981 8888
8127 8783
9362 8727
3750 9344
114 9893
4139 3527
2296 7784
5084 4671
8366 9795
7260 8138
2513 8269
3157 9563
6333 7765
4685 1155
8995 9449
1342 3940
8063 8565
1676 9410
1287 369
4019 7536
9239 2018
8802 5937
5439 8207
2801 1383
8861 899
6941 5481
5370 8684
8610 8844
8201 8552
457 3879
3298 9936
2159 7057
8088 287
5536 1489
2948 2626
1844 5444
1042 3763
7559 3871
3961 2375
1002 9523
5739 833
4530 9116
2499 1756
7625 9277
3752 537
5443 7328
9433 3563
6111 8550
3510 8397
6399 2754
337 2463
4202 8439
3489 1152
5982 8083
2839 4165
4502 4896
3784 8911
4398 4197
5284 940
3803 4033
2634 9472
7672 4415
8505 3219
5002 3632
9229 3824
3274 3340
2344 7714
2672 1491
823 5856
6267 9617
3522 2632
2146 9830
1583 2227
2325 4987
2868 8903
7552 4558
6587 2022
7868 3025
1507 7167
2837 6057
6735 4994
7542 5920
9251 7983
6291 4952
2065 6085
3705 4888
8640 8768
3748 2229
6875 6716
9872 7417
1868 6234
3121 9151
9628 2013
5984 1696
1189 8450
2185 5471
6515 5602
9590 1475
2016 2337
9466 3156
1327 3318
6771 5747
9422 8782
3186 6840
9679 2551
9854 8194
1682 3684
6158 9068
3467 8461
1336 3482
9162 730
3746 176
4169 7944
3074 5391
8357 8927
9892 730
5892 3177
7005 3781
4820 7807
5354 5836
728 3276
4934 484
686 2444
9915 584
4760 7962
7484 6238
456 30
1244 2782
3155 6344
1038 9998
3754 1133
3067 5179
30 2333
2950 5022
3586 2094
1826 8392
1671 9896
4242 2074
1353 7469
4482 7820
7938 9204
4276 2299
146 6540
9845 236
3533 6123
4700 9984
732 1888
3765 6708
2538 1953
6212 8251
5082 1548
1815 8333
3830 728
462 6589
7148 3149
5082 7081
4497 920
4012 2646
7210 8741
7479 4516
6093 8428
1159 1691
3963 7269
5199 507
7159 4751
4941 9515
858 4552
1905 3596
3955 247
8130 6706
876 4262
1443 7048
4175 7909
7726 6144
6271 1801
506 6861
9262 7100
2357 8820
5056 9242
4150 8596
4129 3853
2765 3876
434 6526
1127 5285
9908 8240
4775 8515
8938 7460
3877 2582
4538 5523
5234 5104
9379 313
4817 3655
807 9465
9895 7454
8171 5351
5300 6209
985 117
2798 3110
8061 428
2814 7935
3135 2153
9131 4556
2593 5041
5294 3542
3896 2964
2160 6175
2446 7331
8492 4640
8082 7101
7961 7909
3566 2953
6030 8675
2414 7956
3334 5281
5168 9725
4877 4292
104 4559
5618 6036
1311 5343
7950 6932
2133 6262
2266 6032
8097 1310
3531 8394
2203 7156
5615 2531
1182 6106
4969 753
9276 1661
7075 7910
2296 2713
206 1838
7657 3748
8341 9617
8724 6480
2727 2425
35 2042
6663 4021
7576 5231
934 1913
1669 6958
5152 3216
8172 5233
6099 7498
8464 3536
8546 1097
698 5632
6653 4958
7501 9158
4215 4153
5498 8272
8591 2029
6836 8629
9479 7054
1688 8553
796 871
8490 9867
6387 2456
2202 1858
8243 7164
5080 989
2850 3892
2411 1070
5758 7344
783 3999
9211 9037
9998 779
3919 5744
6985 6207
8973 6656
9720 7276
5217 6184
178 6311
1796 2711
3997 6593
1170 1853
3559 9153
6965 9481
4303 5997
3735 7986
6524 1277
4938 5193
1035 6007
4071 4400
5375 7841
4859 7425
7431 7807
2870 7909
161 3517
6629 7910
7084 4615
7404 2319
6225 804
1915 436
9819 706
2601 2173
6793 8124
2784 7749
3241 7861
7325 9126
5154 7556
7526 6907
4335 5606
885 3703
5365 6940
248 7671
2317 5984
4958 2377
5443 8060
9921 8252
5132 6779
1503 2417
2807 7253
2054 8496
518 1601
341 8562
2060 9393
2123 2620
7594 2048
6113 6485
153 1703
6616 9070
4411 6570
3028 4021
9726 2398
5725 4969
4867 2803
6122 8893
5706 6618
8644 6077
1895 1432
4978 6385
4373 4654
6812 8212
910 6650
11 8681
9546 5295
5914 5416
8287 5242
5708 6059
3162 8826
8438 3927
4771 9706
7671 1866
1001 30
1044 2639
1122 5048
5650 9760
9632 5651
4849 7107
204 7755
9686 6192
1761 8611
1167 8838
2794 9625
2505 6456
1071 2964
4505 7225
7446 8778
9311 6363
7169 2760
6454 4980
9634 6674
4113 9053
38 5214
3137 1809
1753 1198
4823 2773
480 3761
3511 2058
1582 6688
4097 5012
821 5704
960 8873
8444 3976
6903 7429
471 1688
2740 8743
165 7523
4735 8421
9000 8843
7454 5326
7824 8017
9018 5106
896 3896
4401 5881
548 8487
3179 3099
5794 8546
8954 9763
4998 300
2911 1148
8461 4868
7244 3265
6074 1257
4282 500
1578 5763
9536 6299
3266 9452
8321 4186
5605 7144
7385 1768
4113 673
9920 2511
1741 298
1474 8245
1590 752
2754 3536
8298 4097
4576 7874
7838 287
1607 3199
6954 826
7574 4724
259 1054
9505 3660
5257 1170
7657 6526
723 9619
8250 574
2630 143
390 9899
9430 3933
8094 4115
1238 7558
8965 3707
1031 6147
8114 1361
8475 9599
9765 9024
9561 5501
5866 4586
4300 5320
3855 9873
4303 6701
6692 3138
9820 2440
3456 6324
7428 5011
3924 3898
9600 2165
7095 2133
2345 4708
8044 7529
5963 3987
2228 5115
4261 7200
5893 5272
1121 4864
2734 5887
9807 8010
8112 6292
6589 5579
2301 8140
3232 4942
4277 8145
8446 9537
1541 7081
1346 9791
8458 1869
3957 3179
8234 320
1357 1407
7249 7057
3409 7069
666 7189
413 3065
9478 2074
9529 661
9350 7226
7649 8272
6204 1906
6514 3786
8096 4783
9467 4536
5852 9375
6435 6553
5649 2173
2396 4095
1174 1041
9225 9238
5405 7064
578 7594
8030 1517
5670 1532
5886 9133
4869 3580
7084 7785
968 9139
1137 8733
3989 9270
9491 4576
3796 138
4837 2211
3946 8217
360 5070
2826 1708
2203 6868
5104 552
95 7493
7421 1429
3086 7778
9792 8056
9379 6185
2030 585
4225 6200
691 8901
548 9532
1625 7881
4225 4904
8248 9022
7493 9628
2378 9321
498 4984
1468 4190
3253 7298
9919 8519
2121 4596
3023 7248
3154 4270
8003 8246
9881 4514
182 8549
5342 1360
7946 3601
8007 1038
2006 4846
1462 1401
7244 9052
4924 7772
3523 2793
2832 7612
1277 6565
9699 4463
1622 4144
6745 2268
771 6184
9941 770
8717 9418
9893 6598
598 668
4700 4924
5655 5794
3591 4212
8640 3665
29 6744
4277 960
5264 669
4615 5636
5271 8212
8171 4965
9352 1869
6391 2469
9311 5157
3056 8459
4025 3290
1651 621
5350 9749
2055 8735
3910 5485
6171 2546
2605 7597
3736 6813
3313 7840
4064 9896
6361 5735
3995 5403
4708 53
7127 3935
1769 2365
3140 527
7960 4104
2705 6583
2415 4968
6850 366
5038 1246
1048 5259
377 5668
992 3478
1766 2052
8952 1458
9095 4456
7552 9012
3991 764
8139 7696
2298 4208
9879 1097
7701 6126
9488 1934
9899 5041
957 6328
5267 4998
8204 250
204 7089
352 640
2530 8722
2159 332
3259 9929
622 5531
4638 406
4540 1571
4101 8352
8063 3770
4926 7468
3226 9359
4785 8934
5154 4183
9802 6065
5678 9582
8475 5537
7293 5930
1310 9155
8526 1244
5549 8349
9380 7309
7331 1387
1503 4987
9897 3879
4514 779
9483 5772
8747 3249
3166 5615
3999 9000
6926 599
1412 2291
5543 1964
9097 2323
4568 8996
186 6795
8096 4918
9880 4081
6885 7344
3106 8191
6536 1706
7511 6376
7612 4358
2835 8156
6604 3621
6734 1670
9346 9167
6529 4140
3187 2974
2215 5484
168 3588
8680 6406
5338 1550
3254 5848
1023 6206
449 6241
6967 214
7617 9736
1309 7424
9218 7410
2047 8709
2593 6202
2348 6983
1190 5863
668 3005
4838 621
1425 9796
8433 1960
1271 1984
7446 7384
8733 1768
7569 452
8339 6003
5889 980
9665 508
7689 3280
3895 8937
3235 6087
3060 985
977 705
2722 2537
982 9210
1844 4962
8614 8142
6656 9808
7471 3274
4776 1403
8704 898
8327 8031
5169 1679
2399 5372
4444 4413
5113 2276
8367 7191
9544 657
2247 5315
1971 2641
9895 3424
1553 5276
4421 9025
7145 281
6017 8494
1790 825
949 4107
1196 5161
6490 7485
321 2178
4435 9241
5478 1371
2307 4418
1571 4474
5176 8332
2700 8248
4094 9980
422 7444
6677 5302
7894 901
7956 12
4862 9148
2883 614
2774 685
3036 3394
27 2254
5343 874
3129 1466
6354 6363
437 8147
4772 120
4079 7143
6245 9605
7775 707
1225 7112
8078 164
3923 9131
2567 6790
9926 5973
8894 470
9931 6385
8435 4445
855 2868
5598 7846
426 8420
5770 379
4331 2811
3753 5933
7194 3164
2956 6538
8428 1913
567 1003
6632 5295
5108 206
1815 8194
8708 5004
5372 5169
1080 3954
104 2133
5376 5985
7983 2014
2364 7610
550 1639
9736 9482
6302 5116
9512 2145
3852 8257
6072 8572
7315 9358
2299 5901
5594 3252
3071 6430
648 6538
8956 2906
9420 4195
5151 7923
8980 6873
2320 5547
7373 3542
4692 2199
8951 6046
8171 6553
4743 2273
1735 9029
1414 3807
2713 3160
3805 2519
5403 532
2869 5632
9695 9674
91 3679
233 2906
3737 6097
4078 4531
9409 2580
5927 7739
548 7121
1343 8470
9634 1841
7579 7440
9070 9414
6161 8649
7056 2073
6711 9243
175 7110
6365 4287
5485 1847
2722 8231
8773 5171
7272 8114
7738 1900
396 8452
8534 7522
5891 230
4261 9867
1002 1125
7633 8680
7756 918
4878 3094
7750 9861
1208 2909
9306 2493
5968 5919
687 4463
6348 1289
5834 522
2400 5372
6737 2210
9708 6499
34 2817
2279 5406
1344 5156
9810 3498
2476 6999
1720 7483
9936 2004
6474 167
4163 2380
1764 1487
2670 4412
9552 1789
5870 4567
3424 2406
4009 7989
7618 7233
3146 6147
2117 45
5790 5214
3576 7735
646 4393
7824 4945
9407 5626
4285 336
7418 411
3697 8267
1784 1797
259 9000
2877 9324
6690 6876
1579 570
1524 5175
3087 7178
4119 5571
5216 2311
7257 9992
1587 8999
6897 571
7123 9722
753 7713
9817 1319
4279 4298
1269 5725
4701 8223
8009 3857
3731 1834
5061 3005
9961 7322
840 2590
1833 1753
8503 5777
902 1585
2006 9897
9672 5266
2470 4454
1611 9077
5465 6226
2136 4832
7334 2723
2324 7063
6083 8231
6245 9225
8113 711
3633 7500
1267 6340
9897 6833
9395 9242
8949 4104
801 2337
3000 6101
1892 3525
2414 3925
9052 8273
2554 873
1189 5691
193 6276
4285 8370
4931 4956
8816 5299
3022 8118
9205 6727
8440 137
7662 8947
658 7270
4037 8736
8782 1516
5256 3117
6205 8639
5031 9024
6290 1633
5659 6527
8184 5196
5078 7289
8170 3167
896 3479
7820 2281
4698 4025
2215 5944
1943 2594
3643 2865
2621 3146
5277 4970
8847 7879
3908 1676
9406 6469
6895 1077
8154 3050
8601 5487
4930 2166
6399 2623
6253 590
8492 3960
3584 9318
8039 9709
7766 3364
1759 3683
9643 9019
2770 4919
6822 9478
9574 9502
2203 5068
509 2744
4239 2334
1224 1988
5802 7484
6735 4999
2916 5725
6993 6259
178 5636
6213 3102
8579 5774
9437 3701
3189 4644
3246 4271
1857 1907
1709 1503
5600 368
6237 5949
230 1322
2612 8241
538 7407
7712 4200
8979 8796
4737 1870
8034 9366
5410 7570
2659 2754
6620 6473
5655 2010
5374 1181
5563 1852
1540 5971
8362 6664
4927 1128
874 3801
7144 151
5160 9887
741 7714
7793 9918
2816 1140
3178 8637
8688 3021
5171 5829
7193 958
9120 2829
132 5259
2741 1038
9437 2777
1115 9785
9524 7953
7548 8895
6662 7481
1905 4110
7003 1490
461 172
4004 749
3101 1492
7132 1800
718 6876
2667 2723
7105 4416
5850 9666
297 9400
6188 8846
6932 846
4015 4649
5812 8723
2487 4368
3782 517
9414 5958
9910 9432
152 5699
7399 9953
6601 7020
176 1654
222 4894
4206 2957
3109 6283
5445 7900
282 4203
5715 3668
6651 1601
4858 6024
8507 5384
5110 4752
4687 5629
8055 7816
7658 4465
9930 1208
6992 3134
830 4277
9170 6790
3425 7746
3302 8496
5283 1323
8654 4757
3921 9106
3550 4674
2812 5765
7684 2234
3755 114
3749 6983
9473 1018
7725 4688
2162 9748
9047 3795
3717 8168
5116 8516
2637 8336
3547 2664
2040 9362
4210 3507
5978 5789
4121 8802
9285 591
6879 9277
7122 2680
1171 862
1586 4812
2270 3582
5121 4393
6131 1141
8677 505
1109 8484
4469 3924
1081 5082
7615 8569
7760 5905
7322 2242
6648 1924
7928 6305
5346 1730
815 9880
8769 9924
3242 985
2887 226
9844 4788
3211 4181
6873 4634
2724 5605
790 3822
5574 2602
6548 5567
1727 6579
5158 4714
3649 7482
5195 9113
3236 6656
9950 5667
825 23
8316 9061
7660 6536
1849 1094
7946 9176
9975 9327
3854 624
8976 2674
1357 816
2390 1062
2722 5491
8851 9200
2445 9682
8324 2632
6589 6366
6823 4066
1895 2317
6081 5560
38 1993
3620 9312
3717 5886
3500 9287
9119 2097
3719 9775
6092 6360
9495 184
1375 8145
6335 1201
3830 8119
9401 4680
3744 1596
4832 8160
8987 4780
9525 9225
5603 6631
7470 6434
75 1839
5404 381
1655 4058
9892 4285
9754 3534
8060 2965
9195 1055
4121 9784
8371 6082
4720 3313
3239 344
7671 5808
824 5853
7817 8302
587 677
762 2548
3474 4607
5685 8406
2560 6612
257 517
7658 1513
223 1374
5059 923
9535 4243
5840 6508
5487 8156
5710 8818
74 5383
5211 7047
9449 8492
1710 1769
6932 3822
9180 6176
4679 3984
9550 573
7197 1669
1578 2131
838 6373
6087 616
5841 6815
2581 5312
6639 5029
3209 4068
9590 749
4239 2713
4684 8869
7963 3047
833 3517
7266 5178
1051 4654
799 3362
5037 3175
9999 6946
1309 6142
4534 5457
9634 5903
2543 3604
8680 1517
6312 8209
5344 5669
3542 2876
8489 5546
1010 2336
5614 4902
1095 4943
7376 7422
1034 9554
5213 6396
4373 9069
1527 5771
4380 5127
342 9559
1221 9061
6034 1890
4278 1385
8709 3445
6813 5145
5069 699
6359 8014
8827 6279
5999 3136
217 1634
3864 8492
4849 8443
5665 4729
8440 8019
6922 7925
8333 4761
9123 6873
1129 5503
9490 6257
6658 8616
9325 5564
2116 2609
4070 5630
9571 925
6570 9890
5954 3789
9646 851
3188 8731
1267 7073
1669 527
1424 6377
5464 5445
2418 8353
5828 9150
8888 5847
1363 9335
9270 995
5735 6327
3939 2920
2795 5084
6016 6951
7762 991
4623 6977
1801 7733
3640 9051
7539 3397
7316 1567
5285 5261
5340 4116
2083 7029
9300 1358
349 9707
5138 9548
1091 960
4160 1533
443 4409
8417 2550
2766 5514
3437 5084
8901 9196
9035 3305
4990 8590
2446 4377
3884 7734
3905 3737
1271 7117
9065 8883
8256 7191
5647 7394
5020 9732
3208 6858
5781 4996
9057 4338
9498 220
5695 1970
6840 4073
3075 6532
1094 5299
5484 6555
