9484
8306 1801
528 3019
5149 1336
7585 2846
86 8571
4845 5253
8632 8734
1463 3851
4340 2712
4926 6522
5777 2248
2920 3730
9210 9406
3203 4596
4665 1158
5033 8995
4613 9337
3373 4119
3606 5444
7538 7153
7644 7152
4276 1899
1967 6222
4155 2558
4191 5392
7117 1711
8922 8121
9403 6600
8302 15
3241 1457
8878 4037
2125 4303
8175 3540
7115 8165
768 6384
7028 4396
1089 3952
5515 2877
7120 6646
2588 701
3990 6536
6321 5036
934 7749
7800 6758
8994 2151
2752 2819
4377 8959
5465 97
7205 9360
3953 9221
2019 7198
1911 2464
1139 8671
6517 7441
8051 3036
300 7904
4923 3974
9050 4884
619 9477
9451 5943
60 1390
755 2889
8124 5560
1737 1850
3826 2119
2715 3313
1091 7917
8996 4440
8835 5740
5054 1028
3311 5106
360 5204
604 5798
5649 6113
4972 9166
6171 9330
7178 9098
484 6625
8375 8043
4825 9441
5965 1878
6371 3823
3333 247
1678 2770
4580 1096
7197 8749
7299 5984
512 3854
2824 1266
559 280
279 988
7601 6992
3677 2908
4179 6068
5496 5411
1972 4323
1420 8074
9384 7641
8864 1676
3351 5401
1232 1587
54 1756
6347 7260
4754 8879
1239 2789
7926 258
5955 4540
2460 3696
5620 615
2784 9203
4940 1781
8237 8967
8405 3883
3549 1713
8435 3528
6718 281
382 2594
7781 8122
8563 5364
3270 2747
6663 1029
9437 2531
2067 3303
8474 2178
3527 8030
5215 3900
8103 4243
7359 6485
7945 4597
6256 7757
8715 4910
5121 8079
3375 484
4305 545
6210 4832
5939 7324
5037 3155
4448 2451
5863 7452
9019 648
9081 4346
4791 2989
1314 2045
8425 7910
378 4572
2020 2786
3085 4903
1901 4799
834 1441
6003 9385
4950 5707
7725 2893
7011 7343
9421 1875
5468 4043
2224 622
7172 8215
7377 4581
9301 4319
1625 2478
6910 3749
6669 1896
6349 3032
393 170
1802 6838
8832 3912
1521 4253
5637 2964
7176 5158
5912 5776
8640 6520
550 7654
1770 7740
6203 4402
9115 3879
3060 4513
6789 8174
4487 4107
1053 4568
3407 1449
8928 5200
7782 4811
3641 9445
1313 3188
5635 1154
9230 7064
5227 164
8501 5507
8264 5663
3201 8206
7664 2743
7188 6921
5570 1082
452 7410
3202 3891
285 8907
8891 1464
3658 12
5428 5834
5614 6621
1568 4815
2025 5829
1275 1675
3742 7371
3881 3437
2634 6572
1797 6916
6855 5245
1652 7837
5571 3193
2540 581
6536 5690
8745 8368
7952 8426
9295 3870
3895 6354
1698 7956
7622 1238
238 5126
4843 9131
5118 7930
5874 7512
4306 121
5949 37
869 9036
8763 7990
4831 760
7650 7553
1411 5563
3574 9346
777 9243
741 3047
7989 7115
7230 436
2068 2841
2955 4369
5099 7809
3614 753
7712 4283
1450 2816
7219 9456
3999 5937
1760 6251
6697 5779
1144 5437
9324 2736
6538 7066
3212 1400
2714 4731
5723 1384
1202 7527
6541 4013
3018 1137
8546 992
6443 7962
3208 3289
6970 1843
5200 1254
7486 2472
2382 7877
8020 8676
181 4714
853 7879
1513 400
9134 8023
8514 4931
8202 6154
6363 7796
4194 4602
8779 18
6471 626
1827 9193
8221 9463
5435 8366
6674 7833
1422 6812
6586 471
3268 6845
5135 8813
723 8482
2562 9049
6805 1626
7250 8049
9089 6638
7489 7624
4126 3875
4993 6685
2696 7619
2672 2762
4054 4835
5488 9269
6335 5510
704 2160
2946 6466
94 7994
6010 7692
3724 4646
3506 3525
9171 3654
4482 7090
7045 499
3156 837
6209 5521
6728 650
8983 5302
2138 1565
214 7753
8580 3509
7004 6618
6220 2526
3135 5378
5733 3650
6302 4820
4430 3945
8460 2153
3586 460
5693 4019
556 1185
4730 3398
1946 2159
5682 4272
7810 8591
1412 7158
3550 3615
5090 2301
5091 1048
4106 5185
892 3169
4281 8677
7063 1466
3340 6309
8204 554
1585 578
9363 6294
1730 2975
430 6633
4108 2475
435 4706
6675 1125
1084 9046
1549 3830
6101 3996
1505 6784
3570 1257
5418 4086
1085 3027
7836 6062
5219 1025
6262 7498
6713 8993
7969 9167
1287 4548
7076 6216
6393 8670
5616 9333
2943 4474
1029 6777
7670 4760
6712 4768
1021 6465
3717 7563
7453 3432
3 7439
4012 8347
1125 5785
2046 5015
7435 290
3320 9301
7897 3589
3116 3986
3716 2107
5840 6725
7881 2495
6656 1085
445 906
3593 1345
9093 2996
6526 2958
5056 3940
1416 5703
988 417
8025 3620
924 6387
2904 7305
5134 1609
4101 5736
2360 3608
1832 6555
3244 1268
690 2603
3388 8085
2072 367
6913 1597
7005 78
3518 2980
1121 1510
6528 7517
5584 2820
688 7044
5364 6135
4409 2772
1184 3435
6794 6591
2826 4930
3464 7073
4980 8695
6182 7835
8711 7887
4783 2939
5653 2484
5718 4380
5441 9051
8252 403
1226 4522
7547 6818
5530 6289
533 302
7014 5502
7891 3214
9381 1133
577 1999
1536 437
1062 2596
4717 7245
5377 6184
1923 5880
2525 9444
1322 3159
5589 7785
8144 444
6954 1298
6222 3562
2643 888
5132 3934
6494 6133
2053 3766
3327 2446
4762 590
6830 616
708 8135
1523 6310
4447 7840
390 694
1122 7110
4924 3095
8558 3531
6103 3832
9085 3587
288 7462
921 3393
2612 4826
3767 6858
6530 4066
7295 6722
2923 4560
3525 6127
650 7669
3534 2032
4172 709
2002 220
8080 2035
1467 1358
5929 2863
9458 1828
3913 1799
5574 2949
6689 2902
5989 9118
3242 3282
2355 2024
7637 8778
6802 6434
1006 1236
3204 510
6478 9084
945 9136
6134 5801
7096 4743
3240 3186
9449 1623
5856 2518
388 4406
179 8115
5234 6017
6452 2115
3218 4045
1546 1206
3457 5084
5843 4205
974 4802
4970 6980
4400 3762
1014 8748
5871 8837
2141 3170
8911 3485
5947 3680
354 7988
7742 1635
7290 7582
259 4295
1127 4955
2275 5841
5202 4582
7251 2887
5969 9306
8859 8890
298 7264
8450 5682
2962 9401
718 4382
2450 5124
2427 3667
9444 1491
4427 7662
9325 7726
7492 4946
2852 8270
4433 4845
2218 7087
2400 6230
4361 7707
6814 4765
1395 3109
9257 4110
8155 6879
6333 6951
41 8999
7199 3180
1284 1351
4848 737
3758 2059
9071 4435
3946 5435
3979 7811
8345 8807
2513 7565
7789 8839
9119 4050
4062 3740
1795 2671
5824 3359
3791 5474
1268 3041
1277 2325
4615 9143
3235 4535
5761 4316
1149 6542
8251 2195
1261 3318
402 1088
7496 3853
5257 7936
1609 6699
6843 691
4036 7863
6996 2720
7061 8302
7286 4252
8736 8785
2027 8276
1904 86
2978 9272
3016 7360
8093 7004
6923 1071
8605 1870
1036 659
1577 274
1840 1773
9424 6077
7701 9274
6242 6950
8336 2826
2963 6698
6780 1821
2405 3449
8095 1262
2386 4862
2438 5296
4089 6817
8170 2198
9484 9447
8974 2318
1483 2718
3531 2855
7598 2047
6286 1942
7793 8218
2238 3206
7059 7691
6887 8629
9244 5385
8530 8702
8473 6076
8039 6839
4355 993
4742 5804
2387 817
8328 5460
9063 4960
3302 3782
88 4264
9052 443
9118 4636
5748 526
1041 9258
5092 4063
6058 751
5192 184
4961 5547
1820 4512
4224 6734
5357 7189
8141 2731
5676 2746
3177 1981
1033 6197
8656 699
2770 5218
7181 5278
70 6474
1315 2051
2071 5247
5019 3024
2084 6771
7625 1638
9074 4193
5680 1703
3274 6476
8015 6884
713 2219
6962 2079
3243 1563
952 5625
2786 2128
4913 951
1181 5351
3257 8821
5395 4703
1434 2441
4653 3008
25 9037
1347 416
1905 3775
4418 1406
7608 5182
5433 1115
7796 4091
1756 1630
1018 6794
7675 4164
6133 9313
6577 7163
8036 507
3127 4523
1996 8314
3031 589
1361 4297
4184 7883
702 9212
364 2400
8914 7925
3959 7275
3886 655
6311 3107
6981 2833
1063 3799
6749 7964
6063 458
3896 9287
1663 4810
1939 708
2088 221
6729 8169
4103 7873
4777 1669
1813 4060
2102 8932
108 2403
213 5514
1154 623
1398 1803
6844 4056
9277 2366
3256 3195
3927 4823
4822 1592
4383 2802
7277 5447
7506 5470
2258 989
9080 4803
5197 2175
9023 5370
480 1497
4752 6276
2651 6628
1464 2339
1545 1538
7102 609
4486 5424
6216 30
7680 5898
7929 6027
4826 1962
80 3275
5711 3841
6000 1128
8072 5046
1553 2708
770 8087
8304 6233
7518 2817
2631 991
331 5453
7646 6932
8773 5725
1559 7301
3228 1621
3988 8562
7430 1753
6415 583
1604 7481
2837 2748
563 2822
58 9464
2202 8536
6050 505
6204 2431
3382 4289
6194 8750
2062 9362
400 7980
5954 72
3437 5716
2422 8529
6148 4041
9258 3812
5032 945
1092 2529
6716 3846
4597 4093
7776 4035
3485 1865
3733 537
8944 877
1185 1656
6388 1453
7356 1553
3903 4796
8674 2894
7367 160
589 1159
2341 4039
880 1754
9044 4367
6162 4738
5759 1694
8645 3922
8280 6693
1731 7346
1793 1712
743 4125
1246 872
848 8955
4526 1692
889 8093
1694 9007
3249 7770
6444 3145
9373 5616
5052 7752
944 4485
4476 4620
9108 8501
3859 821
3796 1405
7378 3820
7649 1347
4499 5862
2066 6116
2327 5702
685 4362
5421 2450
350 1809
6563 2592
1105 779
6334 1761
5061 8123
929 7010
6385 6866
9415 9467
8150 3991
6047 8719
6516 7299
3817 3362
7933 8127
6752 870
8522 4212
8617 8050
776 7118
8096 8513
2883 4974
8510 1863
3981 4921
7726 2033
4316 5033
6556 3255
6163 1550
2994 7149
6827 5440
3058 747
8426 5618
5861 7051
1444 9233
3623 746
8000 2851
5058 146
5204 6592
261 2094
5014 2818
2524 7270
7997 562
7590 2332
8242 1156
3727 580
270 1019
2866 4774
4336 8200
1824 433
8925 1182
1191 6053
7484 8655
3932 6322
1800 9127
2286 1221
6362 354
9326 8541
7340 319
2820 7358
5586 7898
3005 3897
6529 5621
255 4454
2501 2306
7731 1211
1349 1780
7409 8
492 5519
8424 2787
5313 4531
2230 5680
2076 7998
3639 8825
8212 3522
8320 1741
8769 954
5126 9404
5102 4314
9047 6404
5389 8934
3097 2499
5833 2491
9479 3815
1274 2357
6720 1874
3133 378
8325 7009
17 2842
5242 2317
820 8942
6435 40
3309 9247
6799 4458
295 3124
1855 1459
5337 2080
9077 5711
424 5129
5900 3899
4996 7053
5236 1184
6524 908
7464 4855
3431 6672
1056 9189
3607 6831
4806 7440
2546 3412
6640 540
4083 7113
8527 6439
4942 4428
450 4617
1163 4694
2564 5241
710 7369
2317 8663
1635 5916
8064 1470
1650 2263
2005 3227
4703 3825
6886 7927
8602 5041
549 2479
7347 4623
4190 1501
9143 4020
3663 7161
5376 1957
71 5469
2676 4603
2156 6888
1493 7915
1221 7878
4854 7179
8031 8939
6795 9196
6775 4648
7269 2137
4412 7345
142 2236
7217 6953
6039 6225
3111 6798
1590 5090
6130 1330
9105 2270
1350 2077
8173 8605
737 975
5426 5840
1929 9431
4644 1363
6480 7730
9117 7934
9322 1100
3674 1472
2761 1059
4124 159
69 3164
3670 7470
870 6168
9014 2788
2689 5759
1465 2100
938 8851
3646 2218
9156 3932
2323 2222
7413 1506
9138 7057
9279 734
4161 3536
2369 7518
59 2776
6637 7756
2951 5398
6965 6977
8550 3138
5084 3755
2034 5433
7987 4987
7587 614
9141 6240
8564 1287
5798 3088
4740 5629
95 6258
7976 2122
8009 8581
1693 5219
7759 6615
2974 5325
9145 4549
6895 112
3596 8404
4000 7932
4032 1094
5559 8584
1222 2676
6759 4457
4349 5306
5405 6582
5486 7000
7463 6700
4700 7126
4732 8952
2609 6088
1758 5800
170 9056
9170 8799
2961 3758
3753 4214
6935 8990
4198 6391
3215 4551
7593 3340
6960 881
4489 6156
1094 8774
3475 6367
4964 4965
8695 1069
994 8349
5692 1795
3834 1579
7310 9179
6196 6285
8722 7374
2720 2806
4037 7208
4371 1844
4868 8274
462 1179
4651 4089
8159 889
1910 6215
6280 7327
7385 4536
6391 4975
6073 986
6343 4330
7704 8570
1320 3010
1888 1768
5064 386
3977 7466
7798 9373
7304 5170
8618 5766
4246 5530
4579 8316
4596 3600
7965 6890
329 3702
2843 1127
5016 3684
9397 3467
8084 8838
3003 6247
1329 2377
2329 7667
4099 5416
8220 1176
5817 3634
6768 833
6168 2825
2278 4913
9157 3446
2110 6715
4617 5956
8056 9078
8207 4218
2968 6092
78 1309
9346 9237
692 4241
2811 6995
8055 731
8713 6748
2625 5179
8334 5105
9307 8329
4216 6408
2981 3715
6002 7892
5643 4180
1772 2758
4048 9208
7662 2166
9246 4376
4870 5587
8377 8787
3149 6745
6714 8232
425 5504
1259 1584
4895 4881
9448 3998
195 521
8849 6447
762 7443
5899 4165
1991 909
5686 8298
4929 7475
1958 8283
135 5194
972 982
5029 180
8868 2367
3185 5627
2519 2114
2739 3272
7182 1787
2594 9146
4028 2532
6620 7431
3603 4990
7659 141
1285 5515
8407 8936
5443 1498
4279 7302
488 5809
6801 474
6776 475
7556 5705
7018 4438
5221 7810
3687 930
202 587
9343 3566
2999 1353
9481 8729
8002 8431
599 6910
2114 3502
7405 6410
4505 3197
7457 3545
7055 1430
8087 4737
3284 7408
8520 1291
314 6668
8040 4014
1689 5248
2641 2255
3219 7712
5590 805
100 2698
6977 8704
3985 5568
8693 7507
2754 1975
7399 7251
5401 2940
2728 3807
6479 7974
901 932
1846 1724
4341 4640
4120 6219
5953 3075
8962 9195
9190 5585
3500 5672
4397 2843
3524 7869
3929 4918
2560 6620
2942 1949
7842 8196
1348 2457
7303 8898
6746 9160
3569 7760
6557 5833
4883 8028
1209 4372
5849 3013
1170 1270
6457 8977
8171 9081
7383 9459
5696 5344
8415 6186
984 5417
5648 5919
2941 2165
5920 8490
9273 3367
1235 8559
3637 5608
1097 7834
18 2763
6037 7857
8901 2146
8932 8129
532 5250
6121 816
7535 8296
1765 6967
3673 1139
9183 2968
5363 5425
2318 1316
2809 3558
1719 2997
8777 5951
134 8503
8481 2632
7201 3887
3132 5939
4158 4072
6369 4895
633 6035
3161 8016
3868 4896
5983 432
5928 3850
2854 3431
460 1858
6084 8470
4998 3829
5296 656
2136 7111
2453 2162
1198 6138
6924 6690
5854 1276
3807 8168
266 3948
8086 62
2705 4047
3936 5217
7175 8987
524 8894
2398 4870
8200 2687
5930 2897
1594 8454
9075 8948
1955 2728
3478 6775
1072 9421
2143 3981
4026 2063
138 4184
253 782
7980 435
2057 2946
6769 6671
9154 2216
1192 3642
5477 2188
6045 1810
926 1379
2619 5851
3196 8151
1768 5102
2713 3182
6922 7308
8180 3443
5651 4763
9213 8233
4756 7102
6279 6436
4601 7522
6907 7476
7502 1195
8887 6530
2716 2703
875 5399
3819 4103
7434 3789
7681 8032
3631 9454
5505 8685
93 4257
1171 161
5478 6917
5735 2138
5604 950
3037 3243
5144 8158
5601 7416
1119 3553
1805 5000
1928 6080
8902 3662
3907 8082
8344 1117
7268 5141
7686 5982
7460 7578
1875 7876
2236 2372
308 3163
4002 2448
9164 4507
5776 8387
581 2075
7661 739
1354 6930
4832 2071
3015 6326
7533 4656
8192 6091
5260 723
4319 3233
5659 9142
3379 7608
800 8014
3158 2568
2162 6731
2454 2798
8125 8684
9396 3583
4326 1926
8541 1250
5894 5210
6172 5027
3354 4841
8787 3068
6857 2724
3286 6835
1135 6923
1695 8065
3496 8235
2766 317
7363 9198
3213 3651
3905 2223
8030 4351
7012 4250
8223 8261
1898 8413
738 5805
2593 6905
4129 9246
3739 9089
7328 547
1941 337
570 5264
4464 6863
2458 4040
3350 6701
6338 5318
3545 48
9153 1245
4157 1354
7287 47
4038 4907
6980 9000
1387 8125
4931 987
8400 6438
5023 6295
2139 7341
1592 5166
1539 5936
5453 7486
2165 5782
6966 1300
5677 1284
485 4238
117 839
4311 3383
4342 7304
8029 2333
2805 9478
1381 6243
339 6055
6455 5815
2591 5992
819 1163
7174 4286
5359 3714
5261 5496
4865 3440
3619 7478
7154 6964
8949 8958
561 1451
827 6934
1212 5588
888 7072
8504 4663
5810 1165
9158 3363
6901 2742
1030 4788
8829 4391
5027 7509
4660 3944
6894 5467
8191 9048
240 6369
7210 2360
6741 6941
4902 3759
2855 9271
7131 7893
8067 3430
4456 4671
7262 1813
6581 4997
1985 9132
7949 9469
8948 5356
8357 8881
6485 2302
6874 3132
5582 4949
2893 8725
7703 4169
843 6515
1936 6901
1076 8687
3452 1834
7488 5535
371 3051
8484 4534
5003 1229
8021 4012
6317 1922
5239 8223
9161 8651
6929 3311
5533 2651
2505 2272
4690 1951
4773 3129
44 4189
8359 2740
4763 5708
893 9111
1194 1436
1642 6859
7218 8509
9284 612
7583 6305
4901 4405
4520 900
8888 4739
5951 628
9348 8882
7596 8324
1238 595
4816 130
2542 1726
7422 1015
3092 6949
1537 1906
2006 2025
6519 4320
3033 6634
8367 825
5155 6883
2534 4254
7773 4240
1516 7900
7858 4070
5998 4273
176 5410
3325 5696
1909 6998
6315 8424
642 6144
8665 3979
8013 1520
9225 8510
787 7506
7208 9218
2428 3559
4699 7474
2385 4403
8160 6262
5596 4459
7586 2559
1992 7872
1390 169
3822 2838
5180 3119
7975 7687
7179 2286
758 2303
9226 3769
3871 4397
1 1091
3312 1640
3348 4721
4511 8361
6823 3598
7155 5564
9453 291
6905 1372
6959 3494
2377 5267
1303 8630
6945 2347
9308 4922
1297 8277
5560 2669
4298 3225
5264 4018
634 8519
1025 483
1606 8669
8592 2932
1529 6907
7224 2621
2293 1213
4407 901
4111 7268
6914 8658
6065 2204
4020 3777
3413 5874
7140 8753
7410 1378
6123 1539
7346 45
3336 1214
7042 6571
5286 7823
224 8033
2638 7085
3189 2292
5038 4575
7043 6936
3904 5450
900 1170
3763 5073
333 6902
969 823
4858 9103
2984 5911
6991 2874
1728 6359
1581 6302
4631 9364
3933 7401
8545 6283
3453 6271
2290 2656
8132 245
1351 9355
9051 2183
20 1652
6028 671
5470 4133
8253 5223
1687 4954
5130 9407
9400 8820
2940 7003
8225 3757
4657 3809
8332 9190
6547 7176
7144 2505
5332 2474
2332 2349
7729 3044
7108 8275
8848 8614
8061 6655
92 8208
2394 4719
5066 7558
8163 5341
4360 5941
7751 9101
1643 457
6974 2225
1884 966
3275 3863
3618 3683
1156 1893
7424 6945
2626 3597
8114 6856
7684 3530
5750 5781
6725 4885
3077 2026
5924 8790
7355 7150
3507 8058
8690 3373
8613 402
1445 2442
7313 166
8943 8131
6584 8132
540 3840
4991 492
6986 6374
9033 3394
7994 7186
5325 4101
784 9290
1495 1461
57 3984
8472 1438
1110 8927
9315 2552
8776 6065
4569 1660
1555 6004
5253 1812
751 7274
2142 1350
9425 117
5923 8573
1016 6209
993 7023
5784 4322
7840 7710
3572 1930
1656 9224
5190 9316
3381 1083
8985 776
3416 3174
3383 4722
1503 4653
3488 1972
4891 3868
9380 7384
5848 6478
1133 6624
370 7071
4229 1882
3034 7847
6654 3335
4165 6800
7830 915
3408 2943
7678 5920
324 7594
1817 6751
1721 2265
670 385
128 7694
5934 4450
3045 3326
7619 3258
7400 1319
8303 8083
5314 6063
437 5967
2509 2664
666 6293
1151 1666
3510 5018
1621 6749
4087 9324
37 2011
3307 1862
6740 3103
2445 2952
2729 3218
389 8637
2979 5524
5918 9184
5684 8271
2706 1275
1859 4961
8771 1668
8568 2468
3669 3457
8735 4696
8419 8926
2644 4315
844 3881
7809 1650
6352 663
1584 5069
4310 5142
545 1647
1816 1437
7865 3679
1266 1417
7298 6304
5095 1967
6205 4833
6118 4379
4535 1683
5752 8159
7606 1329
841 4426
2746 9162
6748 3917
2312 3534
2211 6415
792 289
531 1928
6212 6793
7633 1947
764 2579
2477 4989
1174 4383
3798 7034
3837 3972
3656 3541
4375 6066
6642 2988
1950 7613
9095 676
8958 8832
8694 5061
8747 1215
4555 7682
5543 3586
2810 127
7462 3458
2996 5154
2486 4699
9390 2221
8809 7482
8339 8410
3748 8009
8507 6457
2132 1237
8059 9394
2686 2784
2988 222
8271 6399
148 513
5727 561
9463 7570
3938 1541
9345 9312
4835 6394
3271 2350
720 1468
8286 361
2577 3951
4413 3453
5540 5724
7818 5053
7878 3936
3287 4004
1852 8450
7041 1819
1433 6788
5334 8464
3303 9015
1298 2557
3118 5733
2296 5558
6195 8544
461 783
8236 1774
1120 8984
5514 8757
9359 1065
2507 3358
7101 5400
6454 7015
7913 8653
1759 5163
4144 4520
845 2089
2779 869
3260 2422
2442 7135
520 396
4508 6924
1616 9455
4226 1120
5391 5714
7565 1885
5535 1267
8077 5031
316 3764
8283 2213
933 4844
7235 3961
7149 5024
380 3369
9200 7849
9304 3673
5475 7461
2929 1255
8078 1903
3036 2923
946 9217
7483 8532
7459 8615
7833 3909
4738 8388
6877 3421
4770 1603
2574 6766
5870 6356
4455 2900
444 7460
8894 7267
3721 236
419 7288
8872 8327
4990 9399
7914 8599
4995 6942
4061 1060
53 5104
1475 7280
9290 4352
4313 7548
4656 4486
2246 3262
6146 7081
3751 2864
1129 4541
7930 8195
3395 3112
8649 3694
3346 5445
1608 5176
341 4057
8177 4686
5464 6664
7874 8923
5522 5814
2663 4627
2012 2049
2109 9047
7362 2338
2791 9425
5756 2424
3971 1648
491 2572
1426 5715
2531 3896
2285 1937
6608 2014
5267 6630
7652 7651
1541 5532
3491 6308
4744 4192
399 2711
1137 122
8153 6908
472 2140
2906 4687
6626 3893
564 8041
8184 1673
7267 6935
4774 9344
4611 5653
2048 6774
3495 6987
4898 4148
4817 2073
4168 3713
3978 5802
4515 7012
4021 682
4294 254
7466 793
646 5971
4684 6484
4376 1407
6089 9311
4420 4443
2537 4717
772 4993
6399 8631
6054 8555
7500 8299
9132 9328
8883 3720
5919 3656
347 4235
1430 491
7072 2039
4698 3675
5971 3216
3512 7643
5828 1544
8063 5643
4346 6786
4055 3676
6549 8142
3106 3790
154 651
6267 3189
1393 4147
5985 43
1709 7514
3747 1935
4877 2123
9260 5381
8783 8762
3295 4173
1449 8929
7344 189
1747 3555
4186 4270
4044 2729
6834 8013
2778 6083
8500 7853
3445 4926
7089 4583
2146 3892
4704 6437
1312 6370
6570 7564
5966 6014
6589 7680
7656 2575
3259 3595
7243 1807
2346 3519
6181 4371
8452 8969
5173 327
3650 4584
8578 2530
8896 5017
8007 6278
3460 4761
6026 8172
8853 5650
4894 4263
5547 149
7007 8540
6643 8692
7433 6159
49 6123
7240 1871
5782 9040
5419 8659
4070 2143
3583 5718
469 8705
2121 6651
4962 2093
2389 1924
2087 9475
7819 5700
8778 5347
8248 9315
8215 2613
2108 6871
7081 5130
3113 9034
7716 1412
3846 1840
5517 7635
3021 3962
8463 2328
5278 5064
8266 2569
6804 9010
5224 1155
6678 2680
3157 6578
7315 4269
5008 3236
4438 8871
7783 5186
1773 7664
8372 5336
7979 8886
3098 5639
1741 1283
7112 2455
6580 4363
6096 4129
8293 3212
6295 2955
2423 4412
9030 8980
8238 3029
6356 1205
220 1859
5600 4559
3604 634
3869 7232
4372 4532
8626 7700
6821 2470
7688 1531
3575 8855
3814 8004
3863 7492
7023 3529
8378 2501
2817 1053
942 875
3040 46
3365 6117
4436 7225
2402 3539
2657 7813
2313 7579
4793 7368
7003 8735
4457 5081
9316 6193
2040 3886
7632 1789
486 2207
1527 1571
1213 2340
6469 6329
6660 556
8393 6190
6105 5976
4001 5477
8574 1056
1599 6593
4079 2827
1870 6854
3589 1251
6934 5361
8386 9156
4766 5867
5767 1685
6652 7728
6940 8951
2708 1395
3935 6191
8664 8282
3397 1891
7040 8076
6387 9058
3554 7259
1225 858
4072 1145
3967 1645
8123 667
5769 6714
5201 2466
5301 5407
4943 990
9416 8140
2762 2043
5520 4493
1968 4732
5445 788
2674 2368
8567 1042
5193 9276
408 82
2231 6958
1255 6406
7164 4220
6543 8328
3095 6815
7281 8752
3080 3719
4750 5544
5068 6050
7640 267
8867 6514
8395 5926
7039 1720
111 5987
5181 9041
3594 8478
6477 6855
1970 9318
65 7035
5619 7187
6822 4605
1517 9338
206 7107
8343 6340
4708 7103
9430 7958
9243 5770
4014 5096
8673 5968
2750 5655
6919 7631
5340 6878
7816 8365
2112 2602
4861 7342
3427 7882
299 6896
6558 5871
667 5252
5129 8305
5791 2629
22 5604
6252 2570
7595 1333
2050 4509
1957 1755
6006 3219
289 2871
922 5528
1229 969
5720 961
3362 3878
6942 6422
6337 1308
7062 828
4915 7540
4005 2667
358 7946
4450 3304
4672 5279
14 8105
9454 7947
9104 5890
8961 8797
7048 1524
8875 2291
147 203
8349 1900
631 321
5342 9206
5158 4390
8316 3778
5809 7273
7951 5472
3849 5826
4171 4246
2973 2191
2161 6780
9468 3834
6613 5573
6662 6353
7611 4495
5414 279
6540 4963
6314 5262
7071 1740
2180 2934
6890 8766
3066 9423
2928 7250
8035 6549
3076 6131
9357 9291
349 66
9317 3042
1818 5878
3434 7175
2235 6680
1396 9405
1917 1718
9102 1689
6971 2330
5424 7913
966 8149
4309 6074
1152 9303
3314 4034
8194 1099
2794 5080
3573 3734
7910 9427
1847 6460
7972 4894
2094 9482
4490 5885
5217 1428
6248 7291
1935 3885
325 5882
8659 7791
2117 5612
387 347
1379 9043
9055 6703
9020 4778
5794 8244
4261 641
2480 4198
2315 4131
7047 2417
1196 4167
9187 7473
747 8231
5348 8864
3615 786
7748 1606
5689 5360
5564 7108
7493 1072
8016 5415
6008 7174
8797 107
7209 4979
1638 5666
1980 8761
3688 3653
6169 7657
6072 9297
2152 6152
790 4203
2447 2971
906 1178
9270 4344
7679 6334
4955 2336
5195 4024
856 7022
6659 3038
4755 7281
1753 3202
8837 6988
3055 2040
1436 3550
4562 8073
376 8333
2858 6254
2547 5808
2700 9035
1355 4463
8216 6333
2727 2839
1371 8443
2443 7086
6401 3605
6296 8066
2373 2915
427 3470
1012 928
5385 803
1480 3395
1189 3416
4737 5973
2950 7919
8661 1743
7479 5022
1675 1868
5671 681
7283 8466
109 1655
592 5348
7440 8760
1873 8909
4566 8227
317 3652
4251 6832
4669 8381
1951 2977
7862 4725
7263 4723
975 152
8028 5927
3630 9479
2992 3508
5472 109
793 5175
7026 7555
6495 3266
1389 2355
7226 6608
4529 5482
3653 8624
6442 1636
8203 6518
1283 5343
7719 1331
5028 2021
3167 11
2210 8899
4320 3577
1667 5786
2771 5068
1962 7334
4230 2257
4220 3423
3159 3527
3773 8188
9037 8369
3685 7754
2892 1948
7204 7247
5904 2419
4572 8278
2550 9113
8296 8481
473 750
7916 2986
2558 2176
5111 5760
1026 2792
5248 4085
6671 7868
6717 5301
7426 2804
740 8500
1374 3518
7237 217
8044 8593
3811 3706
3660 820
6670 206
3206 5631
5280 8647
1330 80
877 6314
8326 6038
3689 8221
6664 4517
8879 9484
3297 5579
6992 9105
1655 415
8552 8048
4568 8775
447 5961
5022 3874
304 683
153 8718
4019 740
8843 1489
7053 9093
8380 6132
3000 9452
75 1296
2383 6442
5228 3351
2421 596
2449 4947
674 195
4545 3833
8817 6721
7780 824
5609 4216
2529 6290
1270 6269
6600 4655
52 6886
6027 422
6297 8531
9219 1855
5709 7387
118 2243
5489 1313
9003 3729
7321 8095
8882 5549
611 3524
4840 6005
3993 4115
8880 450
5877 7271
2409 2384
5381 4864
5646 1534
8833 7241
6832 2627
225 2295
9130 4851
7064 8688
4600 6686
5133 1629
2476 893
7520 6619
6331 5750
1723 262
8231 7976
5331 9114
7057 3039
8001 8141
8489 9215
6771 6039
5417 1093
6366 3462
851 3571
2208 3018
4478 995
68 4967
522 591
6342 4099
542 2022
8019 5634
5630 4762
8453 6166
8973 6350
3027 5037
8794 2622
172 6332
2681 9262
8576 1008
506 8740
8439 3126
3865 9016
6507 187
9328 2200
3564 5526
4098 1811
4164 9231
2219 7566
3827 2399
4538 4806
3357 6903
2359 9302
3893 39
6711 4958
226 7761
9452 1985
9462 1820
5082 7659
509 470
3489 8700
510 1738
8784 1382
7935 198
5379 4079
7527 9296
2821 1816
1071 194
2157 6805
6596 4784
5176 1122
4554 584
7066 1314
3352 6375
8543 653
386 6746
5765 3347
9012 8399
1087 126
6160 429
5238 4555
2200 6824
8600 2626
2256 8640
13 7290
507 9073
780 4669
7438 9366
5353 3633
6186 5442
3438 7262
3022 2249
381 3407
6015 2847
8984 5110
1732 8220
7148 5057
8910 3473
3711 6773
3447 3357
2822 8817
4090 2769
4805 1295
2280 5332
4897 5098
4053 5409
9057 2226
2417 76
5087 7727
5321 2665
3974 5825
7232 3208
5636 5259
6976 1108
7342 6097
2645 1987
4163 6632
9231 4209
2049 913
6022 3035
1146 588
1823 1631
7531 4525
155 9472
6249 8793
2740 4712
5069 5161
8863 7648
1876 1219
6950 3309
6498 867
8305 4929
9296 926
2838 4149
7127 5701
9377 3014
9166 5225
8074 1030
4385 2203
6851 2125
180 8202
5151 5872
6889 6313
1688 6204
6402 7094
7472 9216
3042 7618
7411 5123
302 7426
9478 8557
7382 9214
1233 8086
1220 1077
7187 8104
5621 1061
8651 2313
8010 2614
5758 8089
7415 6020
4548 6171
3225 582
1421 3183
251 9420
6550 4942
8027 488
2381 7776
5323 1039
4417 6364
7695 265
1004 1748
618 6249
7317 1063
4829 1027
4023 8792
6482 7054
6500 1049
5721 3247
7333 5991
1316 3725
989 8038
6246 5235
4906 8612
7160 2494
6227 8020
6406 2402
443 6073
3176 7328
7922 3657
4188 6911
2795 434
1457 6183
7470 442
7439 607
5664 7615
6114 8011
6694 8940
122 1759
7534 790
7666 2145
9469 2088
4502 7448
2515 2675
822 283
9467 186
8759 3735
1902 9229
5669 405
4140 2111
6605 2695
7526 3990
1223 6757
5378 5196
6064 2722
5662 2663
1629 310
5897 1873
7551 4689
4253 5552
6208 4515
8322 3493
3059 4114
2897 6064
5415 7516
2688 3012
7173 1788
6432 9125
8906 3582
2216 984
4847 1750
6963 9466
4702 7568
4439 3324
4 7742
6018 2821
4715 8480
8814 5505
89 1978
2685 6709
5128 2041
398 14
6849 2429
1214 5904
7265 6419
8953 9240
6240 8831
5471 1264
8499 9375
5815 4261
6122 3993
2172 3635
12 1944
3692 7372
7145 5051
6506 567
8312 5533
2678 277
6057 7931
5178 8607
3770 4280
6791 2548
7067 1485
4460 6482
733 1702
7844 4786
8808 9204
4121 6960
1486 3515
6944 4783
5212 6348
7912 2337
6024 7412
7395 6955
150 3365
1526 4674
6012 3259
990 5821
2436 5913
5819 4080
3073 9141
2960 365
5627 5380
8851 1902
5179 8408
7530 717
5020 4473
7543 8535
4414 5902
15 382
3144 9252
9256 3674
959 2522
8058 1443
2302 3433
919 4375
4118 7229
5895 4594
182 6742
7104 1260
3247 4258
309 9379
1588 5854
2331 4074
6999 3496
3815 1806
3776 2432
7762 4228
6373 6867
8714 7788
5225 6052
7720 7167
1829 863
2101 3928
2835 645
2365 4109
1034 440
45 8847
661 7423
1391 6743
2249 1714
1771 5060
3672 6337
417 5011
2459 6170
2913 4003
3192 5307
4757 1884
4857 8554
1300 4692
161 1904
1108 1032
6816 131
8398 490
1452 729
3597 476
7109 5555
7056 3490
9367 7953
4581 3452
230 8348
8924 269
9238 2591
4900 3659
3248 4519
7150 5016
4537 9133
243 6861
6513 2142
5170 8192
1626 173
2366 698
7034 8906
703 4758
3592 5323
3164 4978
7476 7148
5523 6909
2751 5661
8157 9480
4016 1682
1954 5788
2118 5893
7570 4772
5901 6931
7599 551
6080 4698
8571 7768
5717 5284
6102 5486
7715 3655
3781 1733
5936 5489
8575 5853
8274 2773
4405 8810
7130 1562
5171 7763
3928 2050
4802 8205
6566 2511
5184 3061
1060 5396
7579 4805
8823 2498
1409 7394
9300 3021
3483 3792
440 1413
3818 3461
9146 1529
6233 3942
1506 4798
3276 8633
6579 1600
660 3521
6937 8385
1182 1556
7069 1567
8300 5298
6127 1462
6031 7322
8467 2359
4887 1852
6755 515
5235 7731
5632 6913
9215 263
7334 925
3182 5255
5771 7627
3540 4388
7252 5178
3486 778
6807 4100
6510 8708
8358 2879
2191 9309
4063 7804
9275 7031
1263 9414
90 6431
5474 6752
1848 8479
8421 4749
8360 4830
5120 8512
5108 885
7785 8891
4088 3957
4352 2956
3214 2309
4451 9235
6534 7472
6116 7644
5987 6432
4944 3203
4836 6643
4985 4279
5293 3546
6625 4871
6952 285
1620 3877
2064 2104
4859 874
8761 2036
6188 2523
282 8047
8476 2363
9189 4637
9364 7234
3043 2139
227 4713
6593 846
4771 9402
815 5523
39 4909
4747 1209
3317 9442
8275 7674
5513 1915
5265 8315
8446 8654
9065 5377
4334 8181
6427 5664
3588 4956
1632 8222
3364 4868
4620 3288
4501 8036
4713 9327
8037 5308
6132 3157
87 4061
9413 9323
7455 5020
8022 2925
4590 6926
1725 7282
7851 5010
3522 5998
5749 6506
1392 8875
7575 7477
3130 95
6269 6676
2949 3692
8789 7719
6250 9177
441 6982
3330 5656
3939 7637
9216 4681
3629 4055
6898 3894
2481 6545
4493 2376
7515 6451
4030 7049
481 5315
5123 2171
3110 2725
6420 5662
4273 5480
2338 3520
6428 2348
8876 83
8904 8000
2989 3171
5675 9369
7761 8930
2247 210
935 7183
8818 6494
6059 4905
278 8160
8934 2644
3635 7906
748 3503
174 6519
8968 1123
8936 5986
4335 240
3172 5887
5556 8252
2605 1355
3030 2878
1346 795
9293 5047
2011 9062
6488 295
1750 7575
6695 6914
2148 1230
8916 1454
2980 3776
3690 6153
6512 2869
2627 4494
1111 4172
7513 3325
2399 8985
9099 7673
3267 8199
5993 5115
64 2633
4951 8427
8892 2903
3094 3280
4988 3845
7013 565
4578 9483
4162 4577
2936 2065
403 3102
3170 6357
7273 2850
9232 7935
1792 6922
557 8100
8999 9065
6772 8421
5846 5813
6272 3670
5645 3150
8198 8461
5229 6019
1128 2274
2841 7100
7749 5426
9418 7043
4731 826
2823 6162
2724 8616
8053 7362
2499 1190
6411 3454
6077 8545
683 9176
6414 3604
2846 5146
2647 5498
7233 2836
9008 5240
2882 77
2693 6682
3147 353
5501 7739
2802 4625
1722 7880
5186 842
8788 5297
6617 4467
2927 8538
7206 9413
742 6297
7364 9011
8792 8444
2083 1274
947 8988
62 4069
4241 3861
3889 8395
565 4461
8920 6094
1681 883
1448 8921
6108 1542
3471 6656
9127 6586
8512 5093
3844 8269
7418 8425
1101 9284
999 1614
5610 2084
361 763
7559 6386
9349 7136
412 891
2741 508
5156 8869
2592 8465
8772 7888
1891 4245
8327 6180
5587 8006
6184 1705
9043 7747
2527 5745
292 712
3652 2756
8513 8458
1974 6201
9035 3285
8976 193
3360 2267
7757 2300
3908 3890
5607 2774
9083 3482
6564 8588
6616 4124
7758 9063
890 4836
6969 6764
8804 7067
7920 3636
4714 2031
1308 8709
8628 9295
4759 3817
99 1312
1544 3563
125 6450
3057 604
2164 3486
4765 6079
4607 6892
8350 3239
1340 5883
3041 8007
2884 2995
3949 3232
985 4431
8893 6187
3277 9129
887 5493
5174 1590
1561 4278
9135 705
4557 9415
7591 348
6634 4777
5269 3837
7288 3578
6504 6577
4803 4191
2237 6877
7236 8698
6690 8870
3599 5500
7030 4966
5945 3062
4193 935
7049 1339
3394 1017
8247 9194
6633 7933
4748 3513
7905 6355
8436 2054
8381 8495
3179 223
7113 8791
5714 5169
3316 2182
8503 4331
4917 983
534 1414
7132 9372
3718 6776
7779 7661
8445 2741
3481 4563
2776 4332
7037 4574
9160 370
9429 3379
3335 7261
4105 7191
1674 1492
221 7598
5511 1931
1702 5972
5506 228
8752 9381
6983 9458
5875 5339
4921 9199
5516 2701
668 3152
7672 7807
5670 5140
61 2735
9162 1851
4768 8260
344 7629
7861 1217
9456 4704
8317 1007
6255 9153
6229 8266
1580 3460
5182 1938
6609 4321
6647 1150
9001 1226
8852 9019
77 6137
5628 2580
6815 373
4363 797
6341 8524
8447 3356
5893 4573
7610 2527
4282 1746
4540 905
7876 5617
1736 9438
3809 6072
3842 1613
3925 6349
5310 4312
4045 2488
4159 8334
5438 3441
6361 7889
5701 8796
7195 7093
4643 6978
6878 5232
9197 6490
3292 5747
2251 204
4867 5877
7441 7601
745 7333
1438 7546
8182 5674
1945 6043
5577 4664
222 9102
3579 6026
6407 9121
2987 4923
1069 8991
245 8392
3613 1467
8531 8619
5695 7771
1964 8736
1707 8439
4223 8064
3991 55
3761 252
3600 4267
4215 380
449 6266
2085 8037
1673 9211
2993 38
1408 6875
1236 5511
1208 318
2945 3469
6632 3392
811 8017
2411 7850
6441 7559
9372 9137
3523 7999
638 9277
4720 873
5974 1864
8105 7923
5964 5824
1490 286
8041 7822
3469 3955
4637 6173
3890 1989
2561 769
4461 2550
5397 6452
483 2369
580 3995
2254 6106
867 7106
4123 754
5041 3805
6753 6579
3462 4200
429 2536
4496 1596
7222 8830
865 3375
5736 6614
454 2810
2617 3933
9286 155
4119 2688
5558 6120
8085 4756
3969 2060
8508 533
3162 8154
2124 7005
8663 2905
2789 2844
6437 421
4201 4166
8621 5693
9353 8818
5552 3023
9165 6280
8881 8974
4388 9254
6846 5950
5463 9119
8952 482
2471 3346
5719 2237
416 1135
3755 8689
5306 636
4307 3464
9333 8731
7284 4607
4639 3564
7691 139
4905 2254
4623 3712
654 4470
3175 9294
4794 2913
7934 6021
8088 7340
7638 1841
7886 967
1258 6012
9136 5914
2089 500
979 3463
4264 7386
4073 7938
6885 6272
8521 299
505 6532
5046 756
8533 1302
4855 6533
659 3700
1264 4275
9250 5790
7167 7276
9120 3332
8183 7968
3186 4199
8540 5746
4933 3097
8490 1111
8289 1486
3888 3677
821 559
5666 7736
5276 4849
8551 5419
2038 1367
5188 5390
7300 1280
9465 1369
2199 229
91 6658
5613 6667
8518 1974
2358 775
1206 5685
8042 765
536 6872
9010 9419
6606 9352
8414 3919
315 1247
3328 2538
168 179
2868 4658
1605 7456
2063 8297
1086 4733
8351 2500
2344 3177
9352 6645
4976 553
6745 4415
2026 4959
4477 5207
8458 9026
6461 3610
6708 3588
2912 7082
7803 5429
353 494
4606 1796
9282 8902
6124 4307
9227 6665
7663 6759
496 4561
1407 979
2865 1639
2176 6429
7991 5615
6767 8394
3429 3094
5259 2696
9366 5085
1305 7402
8195 3941
3497 8338
916 686
6724 7996
8012 2180
5562 4599
5380 898
7523 2880
3315 8721
4619 1375
3983 5136
5194 1521
2227 585
1250 7494
6842 838
165 2240
136 6471
5508 7701
4393 3849
269 3327
4138 1624
1468 5665
9340 9238
8975 1815
5484 9365
8635 7292
4726 8694
6312 7335
7635 5162
231 1040
3552 41
1999 9266
9178 3767
8756 1129
8437 8237
5013 8273
7 7708
6750 4195
3897 1458
7866 5395
2798 1784
5732 2929
4130 5963
1865 2525
3425 5271
7279 5859
2494 6965
7001 7855
2886 910
9393 4504
6615 8727
7784 6840
1065 2102
2567 9161
2584 857
6276 759
2305 6852
928 4284
5346 3070
1697 3043
5067 3804
3590 8683
4479 5131
8026 518
8410 1697
9034 4794
4263 8741
1380 4255
832 8320
4681 1502
2876 3489
8678 4859
7077 5676
6813 1432
5568 4140
2266 115
5594 7414
9291 3855
6761 1408
617 307
6722 88
640 8301
1193 4177
2277 2583
7911 4678
881 4000
2300 1246
7266 7812
1630 4904
8112 8370
6585 7794
4231 2678
2489 9106
2240 6566
2664 8051
3123 4006
6989 4248
2295 8311
2348 5021
1325 2235
3044 3570
6990 2167
7375 1067
2723 7653
8555 2628
4343 5254
5258 3256
6292 8015
5678 2181
3062 3921
8222 5244
8595 2907
5578 1708
63 7955
6419 7600
3821 6318
7873 3137
632 2362
7907 7858
242 9005
5907 3795
2455 4231
4678 8917
9274 6235
6386 1469
346 4976
4428 5948
2914 2238
7421 73
4065 976
7343 2574
126 7203
2907 1955
794 571
998 4260
2490 7444
5851 8533
2392 2637
3253 2566
2522 685
3541 8163
4365 1933
4963 7420
749 6412
5855 2690
6527 4537
7074 1622
4358 5581
3537 3312
2375 9383
7828 9386
3254 2289
2279 4587
1778 7317
2909 2647
2093 6220
7027 4139
2188 3120
1009 7145
2896 7238
8743 7105
4269 7646
3211 9426
1641 5856
9433 2589
5048 7459
3281 6253
6552 7206
4348 7912
3728 8672
6818 8968
8596 4482
152 6891
5335 398
5702 8868
7419 6528
6692 2253
5623 4606
4254 1932
527 1786
3258 7239
8822 1677
3778 7490
807 7131
5603 2156
8762 6836
2440 2658
2621 4368
3930 462
3666 7279
3713 3774
235 1064
4284 5793
6418 5375
7414 2873
9336 8155
3736 5807
7604 1654
3926 6148
5674 1616
7350 5198
8570 7467
538 4160
2733 7256
5024 7339
9406 7797
9431 6622
7727 2543
7887 1823
1718 8829
8981 6034
7519 6461
4683 4726
4465 2973
5957 3814
7254 4497
8869 8263
8608 5190
7482 8662
210 3466
1785 4400
4127 6881
3620 9462
7044 3436
8886 6195
246 9370
8726 8084
4912 2310
8288 7571
8721 4288
2255 253
899 2730
1716 3001
6599 2321
511 6544
7134 2103
1670 3761
6926 5071
4380 3871
1806 5947
7760 3391
3052 5199
5790 6279
2976 919
7505 8352
5618 4787
8731 2649
4117 4064
5903 608
9196 2519
3520 9023
3318 8321
4166 6553
9472 7468
4059 4649
6511 7977
3966 418
8604 6968
5283 7709
8639 8585
2287 4876
5240 3105
7038 9461
5739 6483
513 3637
5927 904
1388 5614
6011 7699
5322 3560
9073 5133
3924 328
1661 8819
6611 9079
5581 1686
5448 3669
1603 6525
115 1098
6348 9039
6087 4201
124 477
1224 5230
831 9310
3306 7572
3517 1664
1254 3689
8006 1194
3876 4631
2726 6093
9461 9350
3916 8242
5304 8920
7804 3580
1032 606
2738 3500
2900 2709
2000 7787
578 4578
5187 4233
7485 6000
6153 9145
7807 1097
858 6728
2924 7782
223 3199
7812 970
6382 5949
4899 5925
9376 311
6438 4618
5839 8488
4022 5293
4916 6234
3793 5108
596 611
448 707
280 4113
2614 5570
2356 6843
679 7767
5529 7165
8630 568
639 6409
2620 5574
3702 8040
884 4392
2536 8217
6431 5748
5079 8979
4795 1910
2585 1357
2834 1643
1558 2314
7183 8241
5006 4479
426 3273
8871 6807
6943 3616
3829 8452
7312 489
1613 5101
8599 8346
205 6716
2298 5384
9305 8331
6476 2013
4705 6585
6351 4821
4953 5671
4749 2290
4480 324
7718 5028
4785 9424
7685 4097
7296 5646
8224 7013
2168 4869
5198 1663
4523 2129
5837 2650
5715 7231
8828 2412
3668 8459
5161 7068
7769 2814
894 2962
8272 7577
973 5032
229 1573
7815 1941
5713 2976
5330 8918
923 4886
8725 4471
6460 7859
9218 2598
2284 3059
680 5765
1169 8897
3636 7065
8366 1580
7903 2890
6859 244
5950 2116
6268 8751
7070 6109
7867 5559
508 7685
8047 6316
2559 8768
3165 6165
1364 5844
5583 5358
6591 890
6560 7330
5063 5340
6553 6255
2719 51
1400 4545
8742 181
3338 3345
5071 352
5140 3535
8392 6058
1895 5757
7068 4068
2491 2824
1437 1503
7546 8046
6355 2068
8840 1561
9438 6730
1889 7677
5411 3763
4308 704
1473 419
4556 7549
4328 7151
1454 6381
1676 3142
1247 7237
6448 1234
6993 859
8137 9
2937 21
218 451
7351 5076
4936 5316
1571 1455
6758 6261
1660 3614
6793 452
1769 81
5285 4879
187 497
4864 6327
3900 8834
1977 4936
5984 9470
3848 8508
2183 8518
3622 9270
7335 8289
2472 4001
3621 7487
8826 5003
336 1695
6174 8113
6218 227
7106 8770
6597 5543
6766 7928
7889 6189
8185 7775
6126 3434
7033 4533
568 4223
7906 531
967 3551
5398 4437
2814 2607
9278 7818
5157 1505
8214 5211
3526 1334
1217 4310
8629 7779
3581 1151
7021 8335
7337 7941
5629 2813
5406 1578
8470 5257
1984 7228
7404 8618
8043 3476
6384 4952
2193 3590
1048 3852
1410 3136
2439 2544
2938 5436
328 5177
9139 2840
8478 2307
3786 1101
4148 6102
1064 2584
8935 6338
9412 7620
7834 364
6270 6155
6446 7314
5991 6844
2206 2983
4176 546
8812 2609
7724 7992
5867 6075
6404 5328
97 4668
48 1293
8433 3101
6522 3980
8466 3865
9031 8850
3719 5540
5569 7436
2703 2458
1551 6335
1777 4724
6525 54
2309 2003
2153 5799
3752 8905
1886 4616
3655 2150
4466 4592
3861 1518
5754 5777
7942 6718
8644 7020
2894 2184
4652 9259
9039 722
1685 1376
1953 7500
2623 931
6884 6785
1260 9460
5690 9025
4200 3911
4475 971
3795 2752
5967 1688
9175 3006
31 2970
9470 7705
8246 4982
622 7294
1317 4611
1579 7668
6578 1986
826 5611
4109 395
4182 9261
7863 2768
4908 2305
5420 5014
728 8183
9172 3389
219 7817
9321 3916
4674 534
352 463
796 6205
3410 1147
4646 9108
1394 7427
3860 6590
7216 1175
846 2726
7103 137
1267 7002
1017 569
8388 1776
6117 4025
271 5517
6812 4516
8741 1552
8732 7320
7138 9228
7813 8564
3640 8913
3440 8118
4904 1425
2659 2981
1058 557
7142 104
7374 6791
7168 9180
1498 4302
3923 2648
3369 7318
7626 4705
2757 42
8462 1062
438 8045
3951 6531
6514 5422
8686 1661
4283 2395
1799 948
5592 3388
2268 6782
603 6826
7850 4514
3784 5687
6542 108
553 7154
1906 8326
5383 4550
7657 1335
814 1929
3028 4296
7768 23
1746 4632
2426 2823
3412 2396
7318 5321
6259 8467
4691 5202
7274 9110
5065 814
5075 8024
5910 1446
1925 116
2353 6396
3154 5827
9355 4695
4585 3417
9176 794
2016 5974
1825 6125
1845 7367
5961 241
5369 2990
7843 8026
1278 8230
4625 4790
837 1074
6329 4992
8873 2028
6408 3299
7658 2861
2901 6481
4426 965
5716 3125
160 3731
7016 6341
7255 5638
9383 6325
6223 2683
950 6694
6282 1744
1509 2807
551 3076
4174 456
47 5635
1826 6971
7674 4464
8515 4134
4260 8175
3700 7805
7331 3450
9004 6529
362 2401
1878 852
1363 1528
356 2635
2265 3771
4584 5034
8940 9257
4922 7896
7947 8534
8101 8139
5493 4017
7826 8609
8548 5704
6786 981
5579 9248
4268 7874
6520 7860
9049 6975
7223 3479
4082 4448
6757 4842
8427 6054
4177 5295
3503 5869
4626 4621
6624 6084
7311 8738
4888 6081
2879 6819
2796 4897
4440 8885
3756 2513
6450 9050
2880 690
5070 5875
5563 3376
7193 597
1724 7017
8107 1075
8245 1210
4512 7134
2352 6754
5114 1366
3264 2197
725 8928
5829 2704
1814 5446
7494 4613
4734 6523
1965 8124
5608 6373
2829 8553
4160 4256
4701 4299
5766 9072
8324 3607
3121 3276
8918 3794
8990 6011
3010 4834
8443 2251
2177 2661
1068 3031
5799 7595
9211 8996
2545 4882
2107 3338
6635 687
1532 1872
6869 1289
7469 1481
4630 6101
1047 4030
2607 1181
3726 2931
8260 1258
7740 1050
4153 3601
951 3314
1822 2217
2850 445
6612 3143
1168 3093
2813 2714
4473 1913
7864 4138
8430 208
584 8471
5311 3034
1948 185
7879 6887
3657 4701
1352 5828
3238 5035
8057 1618
2833 9450
4240 9300
6367 1516
8654 2699
6336 1958
6434 287
6867 6360
7293 3779
706 6538
8165 6649
2970 1877
917 2870
2661 8435
6699 9255
8677 1332
968 6420
3396 3978
6778 5774
3516 7432
7371 92
2611 6966
7837 1849
7481 9104
1439 1934
4675 6397
1892 8732
6760 7951
9198 455
7693 333
2432 8322
3754 3442
4128 670
8536 7795
3171 5448
6696 5709
6277 635
4531 9033
3764 8543
7177 4141
8908 3235
2133 3925
3273 524
4468 7510
6872 7227
4189 5889
9233 9201
2061 7125
7437 3780
6621 5642
3964 5268
1002 5052
2969 752
3493 2606
5959 1794
879 6827
5047 8608
2756 8067
2097 6678
6984 1798
3757 3323
6308 3419
4987 8207
5153 3888
5524 8931
8611 4414
5232 8375
1684 8780
2244 5645
721 7832
3099 2245
8438 8229
4085 3080
7872 6395
7651 9094
4366 4175
1907 9265
4880 4111
7307 1585
2466 5281
5100 2490
6175 643
5617 1034
1640 8516
6544 5513
3738 5598
8954 7038
3428 5980
7613 1036
3001 732
1690 1667
9107 6377
8786 7390
6464 8268
475 4755
4722 2924
2388 5458
5509 1416
7714 4662
1838 3427
3855 413
3345 517
2456 7609
7808 789
4815 5742
1484 3826
3078 2487
1937 4285
4645 2610
4039 1495
4156 1905
3368 9343
6470 6299
36 1551
7220 9474
1508 851
7954 4505
5507 8997
6339 2346
6667 3982
7799 1727
4872 5331
7602 806
1431 4973
4521 506
3459 3098
3304 9219
1914 3787
8461 8857
3580 7463
835 4478
6284 3096
2324 7070
1745 7056
5878 362
6897 6463
4863 1252
1428 8008
8754 1277
2639 7633
1754 2963
7329 6124
7709 8415
3372 2072
754 3828
5915 7124
1054 4697
8364 7897
5349 7098
5942 5979
5979 4328
42 6795
6676 5371
2569 3406
5216 3876
2105 9077
8524 7515
1243 8367
7771 1715
2127 8075
4353 99
8233 5819
1453 7729
2816 7530
5413 6328
3166 2092
2098 1095
4850 4672
6111 3661
4729 8575
6426 2095
23 6660
1922 4015
7338 4934
4330 466
6377 620
8535 2868
7838 632
7391 1265
7499 6796
5329 7
1796 7978
2273 6569
8354 2859
3962 2070
5388 1532
4733 7405
2697 2933
2418 6512
839 5899
8585 5596
3463 1044
9086 1031
7698 2904
2971 3505
9268 8411
8250 5556
3867 3026
7498 4734
6211 207
4723 2654
1628 3547
121 7332
5393 1186
8218 3204
8065 7088
5449 7381
2908 1769
8230 6376
8193 213
7162 748
4031 8203
5358 5326
8477 4304
4938 4031
2184 5548
3432 2717
4331 6492
1515 3966
4445 7143
1107 8800
1899 4123
1854 7116
3659 9159
8995 5835
1219 6169
2991 7781
3104 660
6061 282
7572 270
8689 5509
2966 7433
3693 6974
621 5668
5656 3927
7939 4153
5350 1620
4561 7890
6773 2808
2003 601
3937 7562
6374 2
5657 8777
4510 1548
8861 1499
4693 7585
649 31
1190 1599
4150 7766
6951 3071
5018 5180
2362 5787
5672 5277
8281 478
2599 7698
8841 4667
433 8044
7185 3523
914 6670
7017 1917
5737 728
2660 7905
9062 9396
6701 1839
421 7983
1514 168
1570 3742
4271 5040
927 3836
5655 5605
3845 6687
2163 447
3720 2783
628 7356
82 4861
3220 5657
8261 4078
9090 4630
5081 3181
4406 5451
5654 5959
7360 1440
3730 8789
9306 8310
9002 1764
293 8224
3046 6735
5970 2653
1717 2227
338 5007
9314 3603
1000 9332
2615 3946
4504 8035
6275 8626
5365 1328
7647 3210
1987 895
9174 5791
8956 7095
9026 6790
5122 1374
5060 7493
6602 7119
2781 2510
7963 2008
684 8628
5937 1243
7868 918
4635 5389
1582 6344
626 3772
4719 8284
2642 7508
4419 8483
9184 5832
4095 2978
81 509
6193 6188
3616 8306
6241 6030
5366 4964
5808 9292
3887 5503
8798 9075
519 8295
5869 4829
8986 1568
2039 3194
4006 7639
9056 1361
5208 5221
7052 132
1458 2058
701 1228
8655 9389
653 7614
2618 7865
7443 2928
5691 8506
5650 2605
5566 8666
1932 3989
5004 2190
7938 5846
2197 4527
2887 6783
2017 4208
5902 5327
7582 1047
5896 2064
2260 8101
3047 3162
3712 3724
4945 1729
2541 309
3841 2672
2484 2848
7566 5706
7732 1058
6422 4874
6975 2987
275 3146
2921 675
6486 3903
7806 1012
1035 5213
4175 6277
1919 8874
2190 6107
695 1398
8209 4410
4567 8720
7085 237
3931 9260
3081 9361
5968 2194
5454 6416
1749 5159
5544 7870
3136 1936
4234 8873
3558 4421
8353 6211
5436 8493
1158 2370
8939 91
8434 853
4769 8693
8444 225
8321 8097
4052 8342
7509 7574
2549 1888
8930 4709
2010 8489
2568 2984
8850 6750
6685 1687
2597 4683
4497 1646
1611 2242
627 1822
1249 2109
5050 2141
3342 6200
1319 5193
734 7724
4431 7647
6848 6846
1443 9293
4633 4591
2430 6194
8616 1488
8082 1301
8368 4542
5917 8836
8494 3898
3363 6265
4892 9088
2320 1055
6751 4747
5660 5205
8091 934
4622 6561
1242 8445
6826 2323
3782 5975
789 2640
1001 2639
5926 8916
2493 7127
3079 4552
716 6497
2229 346
7857 3703
7054 7950
1365 7696
2179 6315
8636 1566
943 4433
5446 5495
6214 5669
1704 5658
8376 4925
5312 5891
5605 8389
3808 6393
5287 2974
1335 1825
1078 744
3515 4914
1610 4394
5796 1982
9450 7854
7079 8558
6787 6898
1986 4888
6931 5624
1622 5647
2965 3459
3344 7626
6316 1778
1739 6889
9207 2030
3749 1310
4986 7975
3020 2561
4632 8746
2171 5088
5668 8976
7336 305
2415 4419
878 1892
7641 1537
6091 695
2234 2256
4272 4176
1920 7359
5315 5121
726 8577
1969 742
1339 6546
8946 9060
6583 7535
6491 5576
3064 605
8068 8150
4291 407
6051 7040
5451 8440
1834 472
995 1138
2079 7597
3699 5212
4960 1693
8941 6822
931 135
6078 4816
4798 8245
5169 9249
5688 4558
5755 5789
9441 6069
2015 841
3343 8258
9100 1418
9082 2799
6113 8697
3801 7205
6837 8189
1276 3065
1022 4202
6034 1535
6650 1767
656 8703
6151 3471
6627 1983
4958 1792
4896 5732
4852 6242
1708 9066
8244 2615
7326 8713
9259 2476
1311 271
535 3056
4775 5917
3956 49
5160 5153
1281 4837
4680 275
7827 1484
3919 1164
8255 5897
8623 9006
3105 4510
955 3549
9254 3055
9379 5836
8997 669
4842 1866
8158 4162
2380 3301
9058 2796
1960 834
5152 6099
9423 5929
2755 9054
6107 5905
3148 738
4074 349
957 1160
9222 5735
3828 2224
9309 6674
3884 7580
6879 2445
2633 2056
107 1409
7901 4797
2731 4500
9045 8563
8854 6981
6515 5497
5990 8042
6244 4373
2563 5367
7442 6161
359 3000
1669 7045
8827 6041
9016 5215
4097 706
4007 903
1102 4052
33 3307
3227 6543
102 4635
8491 618
5780 7027
5852 8292
3007 7361
5885 5886
4745 7737
6230 7949
885 9021
8740 9468
6468 1305
2333 9326
4871 1006
2116 3267
3272 801
6723 9281
6985 8010
1595 6001
6278 6612
4296 502
5282 5626
3029 8157
2959 1380
5394 8784
1836 1965
7609 7096
3229 7652
8517 3207
4984 680
2103 7851
3349 3800
7692 4593
7332 4230
8390 953
4181 4118
3490 4345
8955 1389
8825 4237
8003 1574
9365 6970
1472 4077
7574 9378
2155 5796
7623 4554
4676 2038
1367 5275
306 93
1124 6363
991 5079
7805 1749
8559 1968
3198 5577
5141 1364
8672 3353
5673 2319
2370 5940
3019 7715
357 9225
5339 3859
963 3113
1147 7485
3775 8090
1237 2646
6397 8548
8703 9320
8978 912
7212 375
465 5578
3190 7908
5245 4350
5043 6413
1598 3857
4654 9305
6700 7981
2463 8660
4396 6688
2304 7660
8625 725
7921 3866
8256 8781
804 8240
1067 331
1368 2541
3662 7285
4008 3271
4638 4912
4323 4800
9261 5359
7447 3213
5725 2231
5995 8382
6094 3067
6097 7269
4594 8358
1868 1547
2947 7428
7576 8243
8162 6141
6048 9473
5295 957
883 2899
7960 8542
6092 2991
189 3611
8126 6919
1510 8643
337 2540
2495 5838
9265 5468
3470 2856
1435 5681
6086 2659
3422 4938
6288 8412
3150 3084
5476 1912
3141 4980
8662 3716
6136 216
1552 3278
6688 5249
1130 9130
6623 6929
8249 232
8050 7252
9112 4399
9040 7411
6483 481
3239 6548
2496 4121
8416 5978
8561 5357
2503 6535
5040 2425
572 363
7950 4446
116 6609
9248 4736
5105 6969
7285 197
204 693
8907 6957
76 3405
9294 5651
7797 2993
1500 7959
5938 1223
6142 6511
2241 5953
6029 5005
1424 8600
8587 8859
2444 8383
7918 2576
6661 1038
3715 480
3187 6179
2578 6580
1245 8962
1485 7839
1497 9022
1228 384
3378 2854
4800 7778
7353 2168
8113 6031
6820 6547
3237 7885
4616 4096
7883 5932
8315 952
5177 5876
9447 766
612 8971
8589 6644
6340 4546
3682 5382
2390 7901
3435 7364
3376 448
8757 1610
1343 3668
3963 1225
467 6762
2319 4746
1908 2105
401 2673
9142 3342
4506 118
902 9453
2379 3139
6731 5184
4935 2397
8005 5648
2640 8313
8486 7759
4256 522
6396 4730
1478 3788
8749 1890
7258 3568
7594 6772
6854 7625
4324 3699
5423 5459
334 4439
1188 4935
8860 8103
8385 3959
369 8018
3530 6423
6409 5471
6788 5216
3329 5352
1839 3127
9299 8551
7642 1479
4210 5192
2520 2393
5519 5147
228 3477
3664 7588
1842 2655
4920 7666
6085 9448
5768 1611
3703 8247
9106 9116
5226 1009
3423 5865
8606 7419
1043 807
7276 2547
244 153
6440 5492
7677 1471
655 4491
7107 3110
2602 8409
2782 8961
3117 7864
676 8236
8496 1742
5481 3328
3891 4691
8383 9069
873 1671
3577 4716
7832 7178
4139 7948
5333 2437
9445 7196
6535 4374
9060 3533
3740 3168
1027 273
7234 7875
1776 5654
8308 2849
411 1836
2669 1608
4237 8706
2217 3117
8724 6808
3852 5710
8591 5246
1231 8300
6104 2418
9204 5167
8235 3889
2586 4793
216 6273
1607 7389
3873 60
4735 6480
2137 5550
7568 2027
1496 5350
5887 3747
4354 5921
239 4854
5083 7373
1269 8407
3291 3253
8243 3408
2291 2473
6180 2110
9482 2000
5275 3330
3137 4329
582 792
1187 2845
2603 6847
6154 3756
4856 6453
1326 6417
1988 3488
8268 5432
3501 6115
3012 882
6595 3060
9235 6605
6707 9457
4721 167
6131 5466
1646 8603
8816 1197
775 5613
1921 4991
8885 1699
4068 96
4947 498
5546 5582
6093 5087
6719 2293
5497 1977
7736 2560
3611 8610
797 4562
8387 1511
2721 5508
1701 6256
6982 1970
1051 713
6648 7790
8338 4528
7449 29
8998 938
673 1426
3184 6723
8660 7911
9387 6040
4655 1847
9149 3064
4458 1696
7770 6870
1366 8022
2294 9082
9131 2638
3610 6679
605 4046
9239 5265
366 1202
7124 2767
55 7147
609 3418
3602 9017
6684 6617
7791 4326
7032 7255
9024 4857
2492 2593
1066 4156
1612 3173
2194 2078
7774 1393
4081 5734
2070 7421
254 3341
8945 3784
891 3640
8083 1641
4421 2239
8793 7642
2922 8924
2448 4211
2322 3251
1856 2830
1959 5337
6266 6086
4781 468
4823 212
6737 9029
2990 8130
8733 3185
4592 9181
8857 8621
8847 8546
3023 811
236 2919
5909 2428
4391 2812
6864 7735
2408 4416
6379 6449
4570 5580
8687 9115
6198 288
3089 4349
4107 8161
7923 7521
9402 6228
1979 7721
2526 5850
2036 3953
139 8380
691 2707
7988 4393
1524 3544
1614 2262
4841 1832
588 3999
3695 6185
8516 6229
7660 2405
1342 5083
6765 9059
7927 7937
3131 586
6868 3949
1372 5156
5932 2246
5205 1463
9018 7824
8839 17
4481 8806
5457 7159
7995 7542
9399 4142
5214 773
8670 4445
397 8193
7327 8652
6567 3596
5290 5473
3901 4863
2862 2467
9148 8254
2187 6319
986 9112
7744 7223
8146 6724
273 1081
2363 1422
5538 1168
2699 9122
5890 911
6518 1772
3155 5571
7734 884
1074 6540
7456 467
5640 2436
8210 6500
7978 1651
9221 1659
7291 7702
4599 79
3086 2258
788 1628
854 572
431 6894
4849 2101
32 6244
2917 5938
4546 4185
2342 1285
1706 2392
3226 865
2035 5120
5567 6400
1583 7169
9097 715
9323 2066
3934 391
163 8523
8638 6407
9046 3867
7339 6885
515 120
8685 6720
3830 2113
7631 1442
7817 7489
5408 1169
8060 255
3347 5074
4091 6803
813 654
2060 3481
8529 3302
4648 8815
3400 3228
2488 296
4495 3827
1079 2882
4948 2233
9249 927
554 7584
5412 7945
5879 3360
3686 6657
2636 6539
2785 2375
3246 2587
675 1588
131 2179
4547 7376
6702 103
3461 7744
7264 2086
7100 7063
451 8447
4918 1988
7325 5266
6866 383
2514 3401
652 7289
9053 5930
591 8895
1548 2452
5597 473
9434 4919
3205 2775
2414 4168
803 8068
4879 6954
7083 1901
8537 8960
6502 2069
6682 5428
3255 9002
3823 7924
8979 5728
1896 2546
629 2514
729 336
4934 5324
2128 6142
4199 9481
7561 7611
1779 1000
7898 4665
8166 5768
6961 3768
5801 2936
4589 8286
5089 322
3950 8475
9015 3869
7825 9282
4467 4067
7986 4092
2736 1434
1944 7077
7909 4120
3533 5811
3074 7586
6158 7848
2844 4943
4973 5303
1081 6779
8977 1515
3790 5270
9280 5761
6754 2797
8658 4492
1831 7379
2074 3264
7899 1273
5788 1346
4225 3049
4011 4298
9288 3268
9386 678
6009 8418
2248 1691
7111 5261
6915 1945
585 6448
7196 8211
6565 3066
4040 8225
1332 8682
2433 5922
3103 2641
1764 5673
8648 7656
6810 372
8429 3842
8647 3843
4886 4690
5625 6713
9147 2945
6410 2668
8988 4179
4965 3977
9435 579
9091 264
6939 8414
5962 5784
3944 7979
1336 555
5422 3128
5712 6864
936 5099
5361 8491
1248 8776
9361 8521
3068 7099
4403 6
3401 5738
3675 7499
1981 6140
8432 3624
6042 3370
4532 8198
2073 259
5185 1201
1748 4487
1415 1076
1291 6475
145 4475
5746 809
7871 8312
8929 1632
5199 9357
5996 8846
672 8759
1286 2992
5384 5988
3643 5997
1240 3711
5528 3705
8480 5009
8620 6213
6157 3350
1942 5461
3820 1723
3448 3646
6164 3697
9310 6830
9426 4983
3482 6809
8052 1984
9059 3030
294 3037
3455 5329
287 8485
7010 9395
8442 9341
3559 6119
8219 8714
4688 4828
678 956
5086 7997
7829 6206
6548 356
6381 2624
630 8423
7766 6692
1815 8824
348 6834
6076 266
1031 2881
2935 1445
5196 8185
4312 6158
940 2875
140 7505
647 1460
2691 5092
3578 3422
3536 4675
6004 6637
4741 5600
1382 8308
406 19
3479 8344
2790 3954
1131 3474
4125 6330
2297 3158
3679 8343
9192 1964
1819 532
2668 652
4206 292
7093 1678
4233 4624
7648 7338
7967 8657
791 2209
2919 2779
3644 7972
4350 9220
2431 802
5881 6411
159 1482
4911 3641
2075 8359
3013 8133
6389 7141
1003 6336
3337 4715
4550 16
7992 576
9022 6303
185 6317
5117 6564
1460 5276
7090 812
7008 6231
3759 5418
1461 9202
7051 3860
3605 7193
5958 7246
3420 4207
9476 2684
782 7323
6030 5274
8767 7743
7882 3573
8755 7434
9442 6920
394 9008
6370 4557
2033 8641
8897 3483
5164 8511
6743 1189
9351 3992
3992 9400
5482 4565
1619 5330
3377 5831
1578 6362
264 8888
4329 6799
9072 5818
1879 1381
1672 808
7491 1996
1767 8856
5007 8166
8379 5667
5131 6736
5094 7396
7259 7233
9337 5720
5402 6263
9168 56
456 5731
7349 1429
8506 1419
3648 3930
6953 4889
2710 1674
345 2096
727 2282
407 5729
6033 7235
6283 4484
6189 369
5922 3844
5775 9013
7665 4539
3880 6479
1597 5752
8282 8057
6038 646
7275 5391
2575 7820
9271 6181
1761 2135
4084 25
5687 4962
330 4281
9103 7172
6561 4219
7521 3910
7126 157
4767 3543
1288 999
4919 1269
3035 943
590 1909
3833 6918
5077 1146
5494 8904
544 3190
1883 916
470 7326
687 8106
7241 2960
8307 4924
96 843
1385 5413
9241 3645
1023 711
8269 8173
4687 401
7000 9236
8845 8645
1294 4054
5518 4566
7589 4364
4881 2608
5502 1706
7668 4872
5825 325
4679 9367
548 8598
283 6673
3535 4170
5602 5915
5036 1846
5277 4647
7471 7798
8297 1052
2859 7349
1682 2922
6733 658
7892 1153
8213 8336
4587 5909
6715 9165
8365 3685
6809 1343
8110 9226
1933 832
5492 140
5292 4472
6891 4009
9191 256
1406 8143
4402 3994
9457 5151
3265 2241
866 7220
3119 8843
1358 2521
8806 5641
453 7645
193 5125
8197 412
8104 973
442 761
7384 469
405 516
4258 5001
7737 5333
9329 6737
8676 4600
2533 8319
6691 335
1470 7557
6956 1474
2556 7006
6056 8680
5633 2921
6300 4023
4582 8111
3038 2015
2768 4
9186 8860
7767 8504
5343 6689
1966 5933
3513 1109
1775 6989
9092 3046
3625 6346
920 6654
2679 6778
8374 1177
5031 4902
8497 9126
157 1377
74 8112
4051 4262
4994 3290
6359 5222
1664 7449
7487 3396
9240 7403
6783 3938
2793 768
7319 1386
3322 6994
5326 996
7392 2440
4429 3612
101 4083
5498 7016
8034 113
3582 8180
3772 2795
4248 7895
1399 3856
817 1323
6068 7104
175 7182
7569 7162
7060 7155
997 134
2090 7445
6925 8627
3324 4378
8448 677
4666 8854
2339 1591
9266 4880
1106 7773
8671 8027
8643 3971
2371 2660
1477 8191
5642 8887
3731 428
3233 8937
3987 360
6762 7480
4890 4676
558 1576
3665 9064
736 8492
6639 7471
5450 4293
6968 1126
6709 5173
1853 1070
3174 7222
4975 4496
8409 4847
7627 830
3145 8088
7152 7881
249 1452
8960 6214
4664 3554
5316 257
6941 2053
5281 6804
7092 8841
1489 1879
805 4996
4356 939
5139 1607
9041 7926
1145 3428
3952 4389
4300 6695
4728 3456
1471 5094
7937 9080
4967 2046
7955 7296
5207 250
3216 9096
810 1299
5823 757
9068 7800
281 5775
2652 4741
9224 7801
529 8401
6576 5640
1720 5583
1804 4384
4228 8520
9013 268
6582 719
7542 4718
6109 5518
284 427
1784 7329
1494 111
6825 2619
5396 1665
7366 2597
9209 366
3418 4150
7495 1204
1136 4779
8609 26
6693 5431
3004 4789
379 485
5698 4266
7820 6486
694 700
5096 7784
1903 1722
9313 2866
6238 3831
4789 7884
2890 6390
7376 8966
2374 1002
8909 1191
2690 8743
4563 7826
4527 8397
5931 5594
1334 5590
7524 6296
7458 6912
8187 176
7713 4236
8785 5924
4824 3382
5850 3507
1525 6623
6828 5283
3433 3048
7982 2777
1587 1152
5 171
6192 8080
1858 3839
9392 8091
7745 7370
3386 3648
468 1994
38 3638
463 8204
3467 2391
909 3380
2410 124
8008 7528
3678 8946
5504 1132
1061 8972
2839 3929
8734 549
6571 7628
1397 6697
5154 303
2069 5148
9236 4875
2675 7097
8479 3241
6811 974
5512 6182
5553 7605
6473 5226
5168 3688
2709 4042
6023 3438
2718 4481
8362 1867
4874 9092
730 6477
8090 2277
7136 2358
2580 7221
1997 9234
3587 6973
8801 4614
9129 3361
4809 7573
6082 5983
6614 7242
6880 4893
5000 143
2043 7400
2135 1004
2115 2715
2853 5208
4782 211
5447 8429
1651 9014
3224 696
4114 560
6138 4306
7330 4553
9137 3567
9180 9197
7616 4190
4250 4571
5551 2766
763 6944
5694 2409
6835 1140
6559 158
6049 5691
3642 1212
4543 4334
5751 2896
5921 5944
6655 2423
106 345
211 3316
6046 3230
795 8747
8493 6458
3109 7036
1244 1569
7902 2965
8049 4633
4147 6033
4392 6706
8391 6202
6736 3796
1377 219
5191 3970
3857 1172
3997 3260
1995 5406
7856 1509
3280 6811
8539 2228
137 4809
1677 1136
2349 5029
930 5607
7477 3089
5125 2755
6601 5754
3090 8528
9251 542
5807 1736
7073 246
9354 7589
9007 5677
1273 3907
5786 1306
6840 5751
6324 9339
3285 3514
3654 4700
579 8337
5218 3750
1781 5082
7302 5918
6254 6178
9173 9044
3546 7177
4712 4325
2325 5157
7239 1143
8526 6435
6505 968
4057 1222
1279 5981
2419 2872
4989 4234
8070 4688
8098 3660
291 2152
3048 6613
8115 8945
1176 1373
2825 1261
6796 8590
5724 6274
7540 5896
8323 293
7086 9242
6681 3011
9371 6472
4134 2374
1989 28
7203 6641
1059 936
6658 2177
3151 6816
2765 5597
3879 8862
2931 2144
2357 7792
4974 771
2001 5049
3367 6880
3403 4503
6166 6455
2670 7263
5906 6059
516 5132
1455 2876
5015 9336
4560 5376
8728 5054
3002 8756
3915 4660
5868 4822
2099 3741
1492 5342
8987 5861
6301 1995
2958 7244
7282 2465
3909 5622
2753 3343
8176 815
8766 6828
2933 3538
9267 2461
5728 2173
6201 8755
3511 6792
9369 3924
5487 4361
3473 3592
1103 2891
7451 8114
719 8053
8475 5289
3072 8330
2939 7607
6523 8811
3562 2554
981 1199
2683 301
6392 2909
3561 8171
2056 5686
2401 864
2864 7922
1653 2771
1256 7748
4102 1808
7078 4451
2583 6103
4362 5957
1295 4764
2964 1593
5536 1248
5832 2497
8062 2421
2243 4127
7247 2061
2044 3122
2082 397
8538 8835
6053 5758
1307 4906
3996 7596
2122 4305
2058 5849
2870 7418
8598 4010
9276 8494
3750 7021
8335 770
372 8679
1624 9150
5116 7520
8696 8249
4629 8965
7309 8620
1631 1595
4549 8107
6100 5111
1180 2520
8969 1633
4399 7392
8108 5773
2818 8565
4265 2297
5641 4033
3414 6009
2888 3468
8471 7630
6957 3937
8603 4465
1788 3708
4359 5619
8024 1216
9234 6291
6332 2957
2872 7139
7170 1423
1215 2914
7416 963
6007 1558
8208 6849
886 2702
8174 5970
8780 5408
7390 4213
6537 4466
4522 7655
5876 8673
6043 9374
3970 479
4837 8782
5431 7454
7763 4564
4844 7982
3236 7080
8464 5048
1186 7050
905 9377
3994 813
2511 4916
1949 9068
156 2134
4010 7435
9101 7310
911 5117
2650 780
3626 5086
1807 6380
5251 2351
2174 6047
7723 1253
643 4163
543 8786
6764 7866
3789 8567
7645 4116
2336 1080
6245 7180
3153 4007
7636 7746
7365 1385
3454 5354
3783 2185
2424 8941
1518 1493
4212 2163
8373 7417
4434 917
4846 8758
6416 7693
5429 3377
1940 8668
6936 8915
1700 4622
6521 6176
3140 5143
3854 1431
3941 5062
2677 8552
6979 5606
4776 8497
1623 8623
6806 191
8702 3511
3125 1657
487 7815
8465 2335
2658 2948
6588 7300
2548 215
3548 9085
4718 6677
2952 4569
6417 5684
1195 7638
6833 7838
1696 1854
2245 1757
297 4970
8131 2433
3498 7765
4530 4386
7308 649
6395 2512
3120 4418
8641 1960
5434 5762
7221 1831
7192 6365
8073 6259
2891 7059
6532 249
2441 3144
2024 8863
7764 8954
6206 9086
188 887
8399 4178
9474 7008
5634 9368
7341 2954
1924 138
3634 7987
575 4044
7450 1119
601 5538
5859 5050
7320 3935
110 4008
3210 358
5626 2439
3704 1533
5284 3287
2587 1853
7157 459
746 577
5437 3913
6839 44
7446 8406
5479 5319
5866 8345
4041 8438
3160 3374
120 2085
2711 7168
6430 338
3310 8457
864 3969
2695 2506
7614 1946
6458 65
2301 5313
2205 638
6178 6833
7213 9061
2748 8186
196 4858
6453 2331
7436 3743
7618 7846
8342 329
4398 6576
971 8943
9125 798
1686 294
4318 374
8136 6008
847 9100
8382 7192
9378 7894
3261 4920
7118 3320
4136 2582
5611 822
8179 644
6079 3069
9401 388
5206 8724
6904 9319
1373 5670
6353 7101
8190 389
3922 1805
6668 5848
4266 7120
5948 9283
3331 1751
7357 642
9167 6347
1864 8390
3544 5227
7169 4666
3538 3106
1744 6712
9440 6516
2572 1281
8692 9135
4997 5280
4779 2979
7529 7382
6421 894
8120 1527
7110 4029
3608 5239
327 3822
4576 5300
2827 8903
2239 4215
8972 8925
396 2828
6360 8911
6672 6993
2203 7224
7584 4867
3984 1450
9005 3455
3882 774
4408 6876
1918 7257
6555 5055
8412 1242
3404 2951
1257 4850
2198 3905
4788 8867
4299 9076
4709 9335
3138 7249
8650 2517
4689 2327
4338 8134
6040 9032
8109 5077
2446 8212
4382 5116
3612 2745
4453 4735
9344 9285
5410 665
5303 2732
9410 7132
8406 7218
1019 9417
6921 5895
7024 721
8631 8469
1867 2791
587 8472
3096 8525
1045 6662
3553 6882
9159 5697
4957 7831
4050 3331
414 6979
8441 6741
2425 2430
158 1679
4981 3447
1090 5008
5882 3585
6025 9140
566 4432
2151 5439
1150 3248
5908 3967
3671 529
1341 102
5753 2865
6920 6702
3353 315
3371 8405
597 7032
7128 5214
6110 4434
3451 3495
4959 6139
3745 410
4211 6149
4255 1103
3232 7354
8340 1026
8032 90
6345 8034
1427 6825
3050 5675
8451 7523
4357 7921
4833 1680
5747 8632
286 9232
8161 5171
4442 8845
2316 3480
9069 2545
6734 10
4374 1320
3802 4547
2167 8393
3439 6032
9473 6331
274 5490
4876 2750
8748 5678
9302 6760
7706 743
3788 886
272 2581
6145 1480
8014 3487
7669 5764
479 1392
1711 2017
8318 8816
8211 3681
4539 9398
1403 1943
2777 2044
503 6789
5814 426
103 330
7754 6163
2819 8773
5382 2410
2903 2308
5541 2782
8701 4132
3424 5962
3975 3465
5729 235
3746 3781
6875 3811
2150 3355
9027 2533
2571 6174
7497 3810
4046 6462
1654 625
3415 394
7159 4076
6173 6933
555 4609
4141 8745
3709 297
2516 7511
6304 1835
1218 5414
7294 2831
7743 5372
7917 5322
6005 3838
5039 8737
9331 3187
4634 351
2860 3295
8698 2994
1132 6984
7508 8081
6368 8012
2474 9151
6852 8561
7381 944
594 9263
8355 8228
3556 7060
3816 251
1205 7960
6235 6418
1324 8944
6777 1649
5812 3818
1161 2588
1502 6985
7936 3606
6090 745
606 106
151 4751
4262 6583
6383 7967
3898 3116
8313 7425
1357 519
2956 6991
4213 8596
7238 7399
6680 8507
8239 5135
8627 836
477 5743
2629 7319
85 2229
7564 177
8071 8156
4586 3028
5532 8594
3560 8716
7728 8462
5104 4610
4811 2407
5163 3121
1787 1249
2722 3686
3912 3904
693 3317
6069 7309
7091 5152
4003 2215
3864 1239
5841 8625
6531 6719
7372 5269
474 6029
8227 4576
3390 1371
2606 4544
3450 2416
1615 7610
910 8828
6294 6498
838 7764
8642 7240
4304 1525
7577 4104
4049 5449
4605 4210
5845 818
5827 6424
5588 8072
6533 4073
7396 7774
6293 2504
2113 6015
1008 2920
4203 7777
8970 2578
1203 9244
786 5045
6400 6558
1417 5969
8729 8635
8549 5349
3744 876
9382 735
8730 7828
5555 2326
4812 8602
3380 7447
3696 1447
2918 4436
4252 6810
2874 4222
3411 6683
904 2611
1828 3004
184 1745
8709 105
9287 804
8834 9027
457 4860
9163 4757
8440 243
3466 5912
3399 7243
5211 4677
2702 8307
7738 2884
5183 8638
6949 5934
3584 5312
7733 947
3982 8162
6763 9004
4056 6797
9247 4221
9298 2721
4968 2809
6704 2055
197 4483
9228 7383
5485 4151
7654 3384
6638 541
3771 7236
2986 7078
6307 4130
1164 5363
5973 8794
5793 679
7849 2364
6264 4708
123 6787
4946 7287
1963 7297
5354 4729
6119 1045
9439 1961
6258 3015
3011 3478
5456 8451
8431 7725
3706 3250
232 6636
9318 1869
2998 1804
1499 9278
2759 810
8544 627
432 4634
3779 3501
7823 5189
8597 6366
2270 2950
3945 6288
3332 9329
5127 2186
1567 3005
1885 3134
9048 1701
4208 4899
9202 5242
311 1554
761 8108
5521 5966
4642 2108
1375 2662
962 7029
8720 2266
518 6860
6150 1233
5916 2398
970 9169
2871 799
5858 5870
5781 8145
3443 6192
3805 5954
464 4939
5088 9210
6140 1035
2233 3963
2140 6584
1116 8226
9289 4985
2975 3649
4796 6666
6191 3862
5049 4427
3878 6708
7244 3847
2134 7538
7605 5769
3906 1424
8612 9358
4322 3872
5416 718
1383 9107
7270 7380
3339 6151
6020 9342
9285 7089
3075 8144
9017 1540
6225 89
4027 7560
4799 4016
7915 5843
1178 4651
5778 1092
8394 9471
7621 4900
7958 3245
7322 5455
351 7745
1160 85
7065 1500
6167 5744
6865 5995
6850 1022
4152 5545
7968 5699
5222 3510
4573 6456
623 4670
8877 6311
4778 6010
7153 7201
6903 343
3986 487
420 5311
9411 527
3874 9117
6439 6524
1912 6121
958 4501
4463 8686
16 9192
6706 2019
7880 8690
2849 8639
9067 69
4009 1625
7612 8138
1713 1881
2628 8975
9242 2048
4551 4480
5263 5592
6459 7479
459 8109
8117 1475
4024 316
9155 1478
3341 313
5246 7313
5580 9020
8842 24
6263 9440
8959 1728
7890 2244
965 1342
2226 7681
8402 668
6327 879
7035 4343
2655 2037
5093 2595
5059 8505
5237 2483
882 8804
8075 4309
7894 1770
9113 6976
248 1950
6170 4095
4939 8264
1791 9347
2758 6874
6501 2387
2566 899
7248 8099
9061 4827
4076 4766
3279 368
5591 6343
7122 7312
7750 9241
1743 3033
5172 2785
2653 5058
471 4424
648 9397
6973 1231
3472 9359
8744 7722
4416 6096
8492 3987
773 4197
9188 5694
5392 3803
3628 3498
7156 3599
9464 8137
5836 6513
961 8001
2800 8376
3385 3083
2055 2573
6372 2883
4671 5942
4692 4021
7964 7816
2131 8527
6808 3196
6932 9128
5097 9376
84 2888
3017 3537
5779 9430
948 3198
8967 8291
2732 6146
3102 1161
343 6663
2692 7899
1148 4126
2149 1477
4662 5137
3487 5795
4602 3387
3760 8265
4814 8069
2665 9289
458 5923
6665 6928
7603 2524
6938 3808
1994 2380
5914 8287
4724 4780
8111 150
8122 3760
7962 59
9303 8184
2095 1124
4485 1362
7999 3263
573 7355
5764 796
3961 720
872 7903
9466 7852
6798 174
2595 1344
4469 1570
2412 2645
4999 7844
1456 3663
4509 2516
6838 441
2743 6820
129 1427
3426 6385
363 2281
3566 6198
8276 9152
1563 3745
2326 1089
4862 7200
4640 2679
714 1717
355 702
2861 9317
1993 3229
6686 8267
4384 2489
2582 233
5045 5168
6176 6110
1596 7599
3199 1845
3838 6078
1179 2528
6325 3016
3633 9439
3152 8579
3858 4865
7245 3746
2478 4365
767 4866
2479 5373
7345 1207
4066 2196
5826 8062
932 7769
8265 4338
5057 1142
2457 5659
2257 3682
4813 1105
4243 8416
7454 5516
9404 1286
4772 2751
296 6581
3539 7640
4151 7114
3766 6521
2263 4707
5386 6604
4321 6104
162 544
2857 8210
5805 9411
1462 1448
5272 183
301 5772
8884 6510
1099 1174
4903 3424
6653 764
3598 2390
816 5286
5356 1166
546 6368
3323 5397
6013 6806
1520 617
3266 4291
8705 5610
3359 5181
537 1106
3263 6134
4977 6853
234 1218
4368 5842
6075 2316
954 224
8201 1304
9327 4506
498 6421
2982 7780
6403 7995
4227 7129
8534 2485
9220 1543
340 5438
8106 4877
7249 162
7280 2172
4604 7321
5328 7406
4804 1710
6958 2444
5760 7495
3968 5990
5367 5251
2769 8744
829 2469
8781 3222
5853 5542
4559 7272
2610 6208
4873 3665
3850 9163
9000 3579
7682 4769
500 9429
4167 2811
6021 1051
5806 4986
9419 7128
526 8950
593 70
3862 6503
9214 2298
6273 8550
1975 8377
836 1721
1658 6598
8807 3565
2523 5531
3542 3058
2252 6433
2737 3619
6199 7336
4364 6323
4609 5452
7615 1415
6604 1370
9237 8788
7098 3050
215 8970
1207 835
2497 7079
7257 7215
8168 7422
1540 4395
4636 6129
7722 2935
6365 8386
7592 6044
8528 5525
7445 8742
3723 1876
3298 6509
4317 3191
2008 2577
2744 6221
8038 2999
1837 1939
5490 6850
1015 1797
1887 4002
5404 4585
9443 5368
5822 8285
6876 8463
8449 7171
9480 8402
1790 2120
3290 6611
5888 7188
3825 8844
5231 7286
705 6937
4293 6821
5189 2311
4244 3517
8723 3133
4094 8371
5360 8417
539 1545
3741 3249
7689 6095
8915 3085
4077 1612
2335 7502
3465 6488
9038 5012
3797 8246
852 3292
7639 3420
8912 8648
1983 4488
446 6430
1602 1969
2915 7762
3543 4781
859 1627
9320 5903
8765 1976
1118 3557
6463 411
5387 1157
5355 3575
3918 1016
1024 7138
8553 9443
5344 5228
8805 5485
1142 278
2648 3329
8844 5965
4937 6157
5271 3572
250 4051
3681 1758
262 3631
7721 575
3026 7351
8923 1321
3707 3976
5710 9412
3245 6150
3063 3835
3989 7723
263 5501
6732 94
7184 350
8401 8723
2013 1557
1931 3506
1272 2016
4516 8182
7211 3192
8270 2634
1566 5822
5055 431
6790 3154
7528 5481
5925 7181
8874 4062
8199 7703
375 3086
2 7074
489 6441
2666 2692
6698 3130
4685 7195
3129 2273
5480 7914
7730 7025
2283 3621
547 4094
2957 8468
7578 2320
4132 3111
4367 5644
7088 6557
717 7007
2119 6445
5461 1041
3430 6128
3824 3504
2189 8539
1843 8710
625 5464
4327 787
7452 749
183 5355
8586 5901
3124 8288
5889 7438
1710 3286
1811 1171
1405 7741
7735 8722
5813 7632
4536 9298
2972 7720
4784 1208
862 3858
4821 423
5685 7939
4641 3574
6165 3658
4135 8441
4860 5059
1557 4937
5458 8896
6978 3040
7580 2388
4078 3294
9151 7751
1998 3293
2126 7806
9032 2620
6803 129
2637 5476
7189 8419
5030 4206
8172 8642
3262 8636
5305 1244
3632 5006
3973 5164
663 5134
1703 6710
4786 8601
8716 1634
1863 7083
7822 1662
207 5717
4047 4981
3321 6087
6190 2220
1794 3770
5952 9045
1634 5004
4287 7554
8666 6631
2091 2555
2630 2563
3209 446
6742 2278
1973 994
7511 3078
664 2381
5002 8177
3223 3732
8273 493
7468 3409
9199 1232
6651 1604
2712 2018
8593 9322
6774 1919
3356 5584
26 2906
665 3149
1573 2304
7634 7325
903 1782
217 727
6398 7109
2299 6574
6271 6126
5167 2148
2274 5393
8652 9410
2873 1439
7301 3372
2314 63
3056 3639
598 6467
6847 4873
3087 2571
6328 3385
8066 6267
6705 7533
2682 3017
3877 6371
9477 6594
8188 5258
898 7112
4142 9097
2985 8712
8680 2169
7141 3884
6598 2562
8145 9052
3122 5456
744 2535
8688 7377
7628 1433
5318 4612
3563 8582
3799 3718
5146 2199
5797 3413
5462 9390
5220 8914
2885 4950
3774 1980
2667 8861
689 2733
8820 312
857 4420
7029 7144
8753 5299
7966 8187
1271 4498
6213 8556
5375 4843
321 6959
3091 6502
7097 1290
7814 4711
3684 8253
5150 8029
8810 4087
6465 2322
722 64
2271 2099
6649 1013
8403 4856
4173 9138
8704 5237
9408 2247
6106 9288
4928 4318
912 7160
3568 9170
7801 902
840 9348
1574 8852
1306 4196
7129 6526
3847 6893
2983 985
5820 8604
6219 6642
5615 8294
6730 4071
3334 7458
552 6070
4112 3499
7707 4135
2878 6018
6290 4404
1766 2927
2792 1188
9116 7758
9420 5601
2384 4933
1331 3072
2948 3628
9389 1617
2351 4752
9436 1963
3039 2677
7860 4972
8100 6227
6378 3625
8352 196
4500 7679
24 8025
4706 2666
6200 2097
5053 4027
4370 7429
3222 3274
365 8884
6967 6425
178 3231
212 525
5145 5150
6394 8250
9128 7513
1327 3484
8130 4754
9070 1288
1938 454
9428 1282
3617 7830
7537 5366
6185 3298
8727 7622
7525 1615
2764 393
6376 639
6243 3737
4145 3983
1304 3690
750 7819
960 7042
7711 4028
6231 2738
1569 7592
7401 6048
9098 404
3787 9147
1971 1829
2767 4082
7348 4425
7084 147
5510 4908
8856 6899
4257 3475
8926 3671
342 3397
377 1920
801 6090
5254 5522
7046 6223
3009 7388
5362 2133
9140 5852
6221 2691
6197 2858
4949 5623
8389 5100
1201 6469
1501 862
4197 3920
5010 4155
8846 4911
4591 8595
9358 9432
3729 7058
2080 4409
8333 6239
8802 4750
7514 6025
8004 8449
3708 6597
3319 730
808 5551
5744 4360
7896 188
3502 6264
5372 3627
871 6028
1927 5403
6412 4049
8152 3244
8457 3104
2565 7602
2555 6550
3387 7966
9338 7519
5742 8071
7202 1952
5233 57
4553 8587
6247 261
635 8153
21 1297
5371 1737
7694 2700
4524 3073
5074 7173
5847 4740
2023 8783
6738 7137
1633 674
4807 2161
4628 7303
1982 8514
2120 5002
7480 4301
2847 592
6998 8002
4471 218
9394 7862
1926 5138
5409 5628
3547 8486
7607 871
6287 9349
4042 3717
3178 5866
3508 3744
2225 7991
6014 2106
8422 5488
7560 7856
1310 7278
4325 3368
9169 8251
1474 8216
6074 4341
4232 101
6265 2280
5430 1504
895 3400
7775 6842
583 9157
7831 4817
303 512
5526 406
2022 5806
4484 284
5708 1752
1649 6568
3421 2343
112 1908
671 5304
3697 2010
1046 182
1038 7194
6449 4300
7617 6857
4533 5783
415 3135
576 1162
4853 2643
1360 151
8164 563
2032 2284
2437 2642
798 9345
1671 1121
5298 2567
404 4106
2092 8219
8459 2481
669 98
4454 2090
5802 2710
164 2503
4286 8983
6429 914
2361 2083
8411 8194
2604 9422
8102 7672
2905 7783
2856 8146
6044 1838
7306 3321
2487 633
8751 3632
2420 5572
6423 501
5943 2361
368 6767
4474 5553
8487 7052
2467 5113
1359 2719
4236 3140
1809 8448
8565 6711
3308 6551
2701 8809
7741 6248
7765 2087
2832 1793
1645 1734
6120 1130
3299 5888
4979 2917
7699 2898
5042 5309
3940 8728
5473 200
6888 234
5341 1730
5981 192
4379 4249
8964 3895
3851 4084
7948 8476
1528 4490
6019 4801
3474 7216
4207 5362
4202 8805
8148 4745
3406 3319
3300 5338
645 2706
8547 1887
5143 2757
1691 1073
4278 7265
7924 1118
5252 238
6475 9356
3391 8795
1441 61
7549 6013
5963 495
5831 2565
1740 2275
6792 8357
2840 2477
7961 860
8262 4824
4525 7047
4670 2800
8485 7437
8831 1725
6575 3220
9334 1483
8684 8537
6303 1294
3374 552
1841 3166
5864 5039
1338 6626
5946 4825
8566 7316
6346 409
1890 2694
4588 511
4647 7591
4277 7385
8428 6925
4424 5679
2698 8634
9368 564
9094 7347
7402 3753
1386 6389
5483 4589
4344 7185
517 5494
724 8400
3084 7525
1821 8910
9201 6738
6909 5977
8927 4883
3251 4948
8287 6051
2995 1526
2801 3221
4941 3349
5726 2007
1956 2998
3875 504
7025 6446
5338 4282
1705 2091
5452 3352
1617 371
3200 3269
7121 3020
3126 4652
9064 8318
6472 2285
2130 5499
1401 202
9193 6160
9263 8771
7261 5229
3647 855
6829 8279
499 9055
5593 8901
7853 7484
4882 5479
774 2482
4618 2276
3810 5405
8803 6562
4603 2006
2196 3176
233 6589
4333 767
8099 1337
1752 6601
6572 1814
7260 7803
6882 5430
4459 4090
8890 8517
8404 2967
7461 9003
3458 3411
4221 3914
1714 4232
752 4953
1104 5478
9395 7909
3921 1001
2570 6427
7600 849
1011 640
7752 2759
9332 2288
4707 2508
7163 8255
5247 464
2517 2537
5999 2705
4969 3403
3480 5374
3054 9435
7316 6312
186 4773
6824 7363
6636 5145
5011 2002
9360 6837
2749 2601
5021 4462
7802 1087
3576 7353
104 1
4612 1322
5731 8116
4952 2299
2451 8949
5884 1513
6574 4276
6946 1014
8257 558
7676 4659
712 536
8667 3445
7811 856
6260 3754
876 7277
8866 1762
1647 3783
8646 8574
4517 58
7036 4417
2308 8119
1044 35
1321 3179
5722 8883
5110 1112
3115 2985
7854 9158
7696 7825
8495 9018
982 3965
4492 5119
9021 4242
4593 6236
3627 4720
4192 2982
5495 6983
7970 6640
6234 3960
5707 8446
9339 7649
4514 424
4978 6635
7095 5771
3762 2082
861 5756
2281 1997
2482 2147
4694 439
2910 5346
1253 3082
502 9042
4180 8428
4470 314
4034 2853
8770 320
1153 4036
3456 2081
5165 1791
6217 6268
3872 9416
4650 6927
907 9182
2051 1731
2106 8364
5270 3077
8590 7634
6987 5065
1930 2434
1644 4145
6358 7061
9206 2930
497 1522
3737 972
2760 5660
2204 7671
5554 2737
2552 5864
3361 3439
4185 2356
3355 6559
574 6358
2845 3242
6906 4776
28 5462
4104 6145
4170 3622
1780 242
1234 923
6125 1530
9203 1817
6756 8922
2192 5487
5886 1589
7940 2354
9272 3283
5147 8391
9150 538
1138 1494
3168 4819
976 1818
8774 5960
8240 1601
335 724
2500 3687
2303 684
6041 5320
7959 5043
896 9253
849 420
4614 8484
5455 6320
9144 7940
132 5263
760 4804
6326 2630
7941 7219
8301 1857
2462 8606
2469 5139
4386 3727
3282 9403
1476 5689
4932 4838
1564 7352
6819 7450
8234 6301
6261 3644
6236 3542
4488 6947
4869 4977
9362 1104
3780 5095
4483 9053
778 1572
7553 3161
4956 1090
5107 3178
7705 3390
6784 5879
620 6739
5679 6770
7272 7552
6594 2739
7087 5695
3958 4853
5704 6939
4196 777
3705 6002
4758 7391
1530 8248
8079 4915
2656 8056
783 4102
1093 1183
9417 3552
8118 1765
5352 4244
7510 9186
3108 5935
1774 5999
194 5112
7792 8456
1143 2689
4909 2269
6344 2969
1282 5561
5531 4011
7253 1079
2306 7496
258 1421
1803 5557
833 4452
2875 7028
198 7587
290 6241
4432 5894
3557 341
3384 1707
8965 8120
996 2406
4884 8549
1668 9222
7050 6426
7956 4048
1657 4022
7186 9205
1199 827
4727 3786
2804 4898
4133 5763
2404 4347
9341 8403
8154 2867
6436 3695
7848 8420
1155 8808
8229 2486
7246 5692
2774 9388
8858 8096
1442 2324
2009 942
8614 6464
1337 2004
8347 5595
8129 145
1679 430
3071 1324
252 7453
7229 7688
6067 4994
2407 7802
4668 5537
5652 6440
8634 503
1699 5056
8310 7214
40 4408
5324 6224
1423 8597
9212 3988
3555 7543
1440 5484
2159 3947
5351 6428
5279 2778
8889 2012
6251 6167
7478 3738
2512 2208
1446 4277
1547 6938
3885 2542
3521 4693
7971 4128
6630 7488
8738 1411
5800 6717
3585 629
2397 53
1636 5243
237 3710
8483 4684
6666 7122
6253 5602
4983 1066
7795 2760
4751 5195
6062 3254
5297 7670
8488 6588
6862 8019
4235 5816
4444 5233
9177 3151
8134 7217
8054 9476
6721 7616
5975 8176
7135 7350
493 4526
7885 4654
5268 9091
1538 7686
2250 5314
8069 2385
3221 1404
2047 5026
5044 3678
143 2805
2553 1790
735 6218
3449 2334
6099 3238
5390 7415
1404 6245
9152 9314
1005 1684
521 535
1947 2212
2747 8893
8278 7675
6770 414
7019 199
1801 5839
7778 3923
6375 4377
6320 949
5940 3728
9446 6493
3366 4791
3899 8077
8900 4814
9385 6342
4659 6046
9088 5443
3269 621
6856 2590
1990 3087
6493 6207
2343 5964
5243 9074
5368 9070
8348 4770
5834 3002
7788 8309
2350 8078
7998 6392
8076 7202
2613 3882
2209 9188
27 6003
4351 3074
6306 4342
964 599
8142 3291
7919 5630
5683 7738
5213 7164
6727 4941
5345 4831
3870 6610
956 7843
7852 7397
4093 3053
7746 7366
5898 8474
6569 1959
4472 736
1882 4586
560 6405
3088 2052
8525 496
682 1043
8519 9449
4146 5858
5427 5282
8455 8434
2272 1800
3289 8678
6318 1586
8277 5465
4381 4530
2416 1005
4071 2564
7597 7836
3217 7970
5373 3939
7361 1830
4927 3793
1292 2549
4875 4398
2028 5203
8556 2342
651 3265
7690 9280
9006 9408
268 1880
3735 4247
2413 1771
6883 2885
7753 7307
5681 4122
7541 2174
8768 3333
2259 9134
6128 4892
5534 2373
4830 4336
6911 9030
307 978
5101 8674
2307 6300
7427 3748
8178 6372
6330 8147
3128 5019
6930 8853
6143 4759
4110 13
3014 4194
8903 6401
1370 1735
3591 4638
5772 5952
525 8442
9029 4038
4627 6517
5439 7039
9483 3647
3843 4274
1020 2259
6487 392
4033 7055
4378 1953
4131 6056
1850 3973
4441 8063
4925 6122
5785 6962
3892 6504
7990 5910
5631 8822
1531 7541
2535 5820
7147 8814
1550 4292
4621 8733
5661 6732
1197 920
391 1760
6052 5231
4015 3429
4673 7497
7139 5201
1055 7929
2797 3147
114 2126
602 3226
5988 4171
980 7204
6687 5900
1077 8055
1575 4348
9414 7365
4013 528
8418 647
2452 7030
8980 3052
43 3224
8121 2947
7869 3425
9475 2617
7114 8362
2596 8798
8942 6946
8572 8332
6997 573
1735 8031
3283 1848
8619 9124
6590 3100
1692 3672
3965 3722
2504 2515
7166 5285
5703 1241
3624 1192
3792 8526
149 1907
3142 1619
7501 1895
6156 8763
6703 9173
3183 2132
5136 1637
384 8568
8719 3201
1096 4287
1113 9325
323 7041
3191 664
3698 5712
4971 1084
6607 8515
4067 377
374 1307
2863 6961
7015 2029
9229 1110
8143 5907
5872 8578
98 9268
5319 5649
3197 6345
4301 637
8097 260
171 1508
9126 3200
3948 1918
7143 3561
5223 4447
1080 8499
8119 603
1402 154
5467 922
7475 2353
8023 7985
8737 8164
6481 5520
3509 937
1742 1149
2780 520
2367 9371
802 3956
7643 71
190 4998
2944 7569
5080 1594
8498 3548
8931 1582
6629 6499
6474 8003
4658 7075
3358 7293
5025 2749
2622 2136
5469 8317
8697 4413
6592 9028
79 2232
2557 4502
6916 9267
1378 9351
7444 5713
5148 7409
4982 1837
1469 9185
3769 2835
5838 326
2806 5749
4930 2507
8413 6286
7687 1272
392 7430
8205 5127
2803 8963
1862 4460
3053 205
8557 9067
6870 5172
383 1394
1007 3281
715 5097
9179 5427
569 2938
5844 9227
2977 4105
5499 5721
757 33
5757 4518
1309 3172
1425 50
2007 7062
6645 3691
1167 2155
7031 6802
3392 8978
2214 8576
7006 3315
7099 7199
5112 1456
6947 8908
2031 8340
1265 2118
8291 142
1648 5566
2742 7583
2201 4639
897 703
191 8650
144 2382
6881 5491
4503 239
6896 4643
6508 4117
2930 1487
4507 2315
5976 3167
3173 5855
2129 8117
1934 5234
5639 6684
3806 6659
8509 2009
5743 9340
4808 7891
7908 2459
8081 6567
3519 7375
4761 3964
5491 5512
949 7952
1013 1842
9398 1732
2543 2076
4449 3723
46 7867
987 8646
9409 831
3710 4354
8254 5454
2842 1670
3813 2716
7227 1187
5317 598
5244 850
9297 7524
7717 785
5565 4455
9253 8054
9459 8880
4542 3305
2470 75
8396 6067
4025 304
4682 8992
4446 8353
319 226
9460 5475
6161 3165
7624 5719
641 8833
4401 3752
2175 5569
8331 8098
8186 2492
4552 5070
5026 9387
3294 2294
6782 7550
8456 128
7536 2312
5500 6681
1576 7424
8750 2926
7231 3079
4017 8167
3305 5013
105 8560
6927 7133
1466 8849
7228 602
113 5792
1666 2250
4339 4570
4315 3726
4292 1020
5935 6948
5740 9446
1533 8801
5977 3880
3409 5741
2590 6629
1512 7695
7180 977
1637 4337
4280 4251
5262 7331
423 2681
5573 1011
7629 6897
5960 3492
5137 7455
5399 1327
7425 1235
7387 929
4205 3819
2391 4259
6503 3091
2434 6082
1659 3141
4710 2264
2123 1519
6744 3025
5865 6653
2081 7920
9025 7348
8913 5698
3114 7954
8668 1203
9252 5567
1117 4053
1952 8613
6456 2460
5241 3736
490 4917
8895 3009
326 5794
7944 4353
8290 8453
4544 2471
267 6212
6319 4188
1861 8982
4839 4477
3800 866
4564 7971
8971 4271
4966 1690
8482 6487
4885 7842
5001 2912
983 8214
5076 3414
7953 6324
2831 2953
4695 3115
6489 5386
6354 5238
7517 7706
8361 4771
200 9321
2775 7845
9283 3593
2624 5591
495 8764
2671 1444
2538 4601
4649 9380
3112 6089
7702 9382
7490 8262
9370 6118
779 8179
7058 6007
1123 7037
5857 8739
3853 1173
8511 4387
2096 1054
5466 4499
1593 8290
3139 624
8417 3404
5288 1167
257 8059
8657 8060
5444 5989
753 1018
4435 8900
8423 7018
8899 9273
1204 7504
2160 4407
2461 5958
3883 8094
8905 4538
3100 6603
709 8455
2378 5931
6135 6537
5545 3339
2347 9057
7504 1886
3446 2652
6861 6587
146 3415
5598 4308
2616 6284
3957 6607
5774 100
1783 2271
5706 6616
8764 5857
3661 4137
4797 762
1369 5317
8505 3081
9078 1523
2735 308
8033 9436
7474 7501
4115 2365
3180 2600
4217 2062
5647 156
7373 2130
2916 4590
9121 9120
614 5091
2485 7457
7397 5066
3794 3348
4154 6071
6098 9171
6083 4775
2228 5812
9374 6639
7996 2344
7943 6105
1915 5441
4267 6298
3943 2447
8633 5402
5783 6042
7563 5767
1100 408
10 1925
4443 1024
4838 7166
5730 9174
2532 5044
1482 868
2178 1021
4259 4154
5078 7623
7305 2686
9133 5797
6112 9123
7393 5109
373 5823
1881 4422
7875 7986
7432 5928
7841 8272
8775 1360
8298 1856
5525 716
5142 2230
8329 8061
7278 3
1866 6454
812 8170
2788 7576
5550 7033
3476 9307
476 7799
2021 2556
6964 9087
8206 3156
2649 1927
5734 2462
9087 4543
3082 4604
1162 2205
2054 8691
1028 5420
7389 3322
657 1992
4288 4848
3024 7750
4696 840
7297 2765
2429 3704
1798 1536
3804 133
2223 3337
482 4626
8718 9207
199 7526
3856 5993
9245 7984
7242 5260
2158 6829
978 3806
5175 5292
8746 1653
1491 4818
8966 1224
1293 6250
2182 6210
3955 3821
3691 4951
6141 4679
3419 2604
8579 4619
677 9434
2502 5310
6779 5722
5658 7808
7993 8769
1098 8865
8140 9334
7009 6740
6972 6281
825 3336
2147 1775
2354 3491
4195 2754
6187 3399
8295 6556
7171 1315
4571 7606
4907 6473
1299 4144
1175 4217
4820 7916
8795 4598
2510 7026
1290 5155
141 3123
1810 449
5816 7146
6657 3629
8259 2234
4792 7442
925 2753
5762 1898
1762 8848
7539 425
610 3709
2045 4065
1751 1311
50 2189
2807 7019
1488 3003
478 3209
1627 3246
7925 3237
7555 7197
9356 7209
1913 4229
5460 4136
8855 1916
658 6570
7900 1973
6070 2268
8469 6895
3976 960
1301 4430
785 1317
1075 3576
1727 672
6499 5863
3910 2480
1916 958
6683 1326
7198 5290
7977 6508
6497 6175
6797 9024
8408 4878
418 4225
1481 8973
7123 6444
5266 9230
6836 6496
7431 6036
2544 8021
5860 2713
6144 3556
8502 5188
8232 1227
1432 4556
759 4290
4498 2261
1893 2966
7932 6164
8682 1894
2528 6238
7835 6560
3768 5575
2292 1559
6817 2296
7786 8437
913 6006
3441 7965
494 3968
6893 8586
5811 7539
8370 9433
7895 8953
5085 5114
3402 9299
2154 1279
265 4579
3468 1512
3499 3908
2673 2959
8384 4792
3571 7718
5072 7993
4595 6037
8267 8989
8637 2443
3252 5529
8169 2074
1519 1861
8135 574
8796 7617
7194 36
3436 8432
4204 5994
9042 2117
5442 5067
8824 6652
9262 4984
4893 7254
7417 2449
5606 9164
7119 5873
6071 3308
6853 6554
7931 997
3601 3378
1900 7944
4297 819
514 5908
1241 6378
7448 4782
4914 6237
3954 2414
6232 9363
276 2389
8523 4311
8707 6361
1414 3848
2787 8981
2506 123
8285 7213
8128 7190
824 4032
2579 9139
4069 9090
2926 3426
501 3279
1589 2149
8601 2020
3645 6733
203 8102
7845 7344
130 1465
305 8363
3069 9149
3163 8569
5821 6061
1729 9200
8532 8148
5017 1514
2925 5365
5432 7170
8279 1396
5073 7537
8 7821
6467 3591
771 8878
4222 4812
5595 3057
8577 4511
320 2496
5034 1340
2898 9223
4889 5562
6899 6275
5585 9213
2261 6257
2812 8986
6618 2206
6710 2586
2554 1278
1586 5652
5400 8128
3006 1517
7984 5632
2508 4317
9011 4449
8363 8812
3667 1200
7161 1766
312 2916
6424 6707
6831 4143
5302 4401
8092 3252
4410 1998
953 4629
1057 4767
2368 2972
4686 5149
9114 1148
2773 5
1961 27
9084 662
1712 5434
1535 6199
3565 4476
4214 3354
2030 5633
1040 3798
1757 3300
19 8477
5972 4673
3195 7918
4345 306
2465 7733
3250 959
607 6990
4302 4441
6447 7337
5773 6196
1177 2961
4541 7789
6032 6696
2539 3797
2289 5946
5291 8656
2799 9354
2321 5755
8468 4657
699 6287
1894 4968
2077 610
5005 8052
1251 4628
7368 2832
4064 2744
4113 300
4697 3215
4332 3234
4577 1193
422 2187
2052 339
322 6307
9255 8373
6350 1546
4122 1131
5119 1402
8139 697
6619 2910
4390 733
7904 1940
4624 4469
2220 6747
3732 907
4004 9250
5738 2341
8454 8872
2881 3906
1216 7603
9312 4182
7985 5305
455 4204
7370 5224
7165 1564
530 3707
2997 688
6610 8372
8046 8681
4787 438
9422 6459
6257 7084
686 8711
7256 7732
8371 8379
1680 4340
6679 2057
939 2413
8710 5778
1159 6534
6147 6270
4274 3751
5124 7716
756 3022
7428 4359
1880 4944
5944 399
7620 523
2267 1349
8011 3090
1872 4641
4137 2170
5300 1037
9110 7755
1715 8498
5892 32
9350 1763
3917 8430
4574 2657
6237 4508
6228 5637
8581 631
8133 7295
3683 5287
8760 387
177 3217
1877 6813
818 2794
7105 8644
562 5830
4528 6997
2848 7395
5787 2456
2185 1003
2144 7503
5527 8356
7532 4108
4080 2551
5249 8715
2029 1824
4314 1777
6155 2623
8790 148
3101 4444
6641 8422
8562 4728
1808 2394
413 1826
698 9308
8048 2734
8991 6501
4285 2697
2745 7676
6628 4411
7512 7465
8138 3733
3911 3664
7408 5183
4452 6575
9185 6765
8311 2670
8241 3997
1418 2067
8615 3816
3505 7076
5665 5075
332 8696
1289 854
4743 3223
613 390
7522 7315
3484 7014
1109 6972
6994 7590
83 1860
1943 3402
8675 3092
5347 1956
1141 68
3551 5534
2601 7483
6001 6996
769 1704
8989 8765
855 8281
3839 9038
119 6226
7747 8547
4518 8293
2018 8665
6433 7534
2111 4313
3836 3802
8116 1116
8622 3581
5880 6057
2396 5985
2330 8667
9388 2685
1296 4358
874 8826
4598 7378
1662 7621
7406 4710
8228 3813
3914 9393
67 880
2954 6915
6413 8572
4187 4957
1733 5536
1037 6650
1345 1368
1042 9409
9217 4385
4575 7713
1835 7665
1560 2383
6285 1387
8862 7531
3296 3801
3765 1581
5548 2625
4395 3739
2104 7398
73 5845
7847 9031
637 214
7946 6768
8669 1113
133 3902
1166 376
6781 1102
4270 6900
7855 1709
1782 3306
7388 2886
6845 5294
7974 5599
1134 3451
6677 4227
1591 4932
7412 3926
1447 5122
3417 4098
6739 4088
4415 5042
2345 7212
830 1010
8607 9418
5035 630
1556 8110
247 1318
7420 3985
7573 4887
6871 5737
8045 2761
908 3613
2934 548
8284 6388
8337 1672
567 3175
2483 2121
5980 8592
8294 3472
5624 2386
1183 7907
4035 6414
3444 1410
5309 6563
1860 3118
6908 6963
5994 689
806 8877
277 2283
3832 5565
2581 6769
1522 3261
2334 7786
4183 6246
2869 692
7884 7248
6298 3864
3288 3617
173 1658
2222 4742
6603 8589
4149 1642
697 5394
8397 2408
3134 3045
1976 1134
34 165
5274 6868
3049 781
732 6112
7710 4650
3194 2287
4954 3594
6149 4146
8292 276
2734 5730
2662 3131
6239 1496
8838 1507
7429 1356
6357 7604
4667 5636
5705 3386
2086 5103
2468 1046
5911 5078
3393 570
7981 8664
6554 8707
7358 7117
3649 1383
8917 2411
7151 9279
9208 8933
4369 2674
8588 9187
8937 7963
5667 2599
2395 7001
3722 7211
1639 9099
2836 2612
5638 7827
9432 5165
5230 4370
2808 8436
7020 209
9269 7011
2646 9154
4810 1388
9036 4588
6900 190
9122 7581
4209 7711
9375 1303
636 514
6568 6956
2213 6599
1600 4529
3595 1802
8299 4940
7790 4580
1088 7942
5503 6661
2264 6727
1833 8617
7080 2329
8341 4753
6313 7123
5308 6495
4373 6841
2704 1198
2600 9384
6081 2636
2310 114
7655 7684
6933 7298
4610 2901
700 9331
5250 1719
4058 9001
8181 1979
615 2260
9319 8473
1262 1435
2763 2616
6726 3526
1562 4183
941 2944
166 2539
3442 9144
7289 5107
4178 755
8330 4381
4519 6022
977 5404
2232 8957
1165 3410
6917 2781
4275 4808
8569 231
8263 5996
2195 896
1115 8384
1504 3277
3835 1033
8791 7793
1333 8039
2684 4807
5109 5753
6207 6217
5336 1144
8582 3643
310 7121
915 6865
7380 1476
4096 8280
9009 1420
7379 4327
3920 8374
6364 3063
1618 4642
5745 6108
8699 8152
8542 5609
823 7393
7002 772
1413 1555
6405 3205
3960 7311
2221 334
8947 3975
6035 7704
6841 1716
6322 2693
4411 1598
6095 8239
3701 5187
6309 178
7653 4339
6 5379
9194 2157
2830 8998
7787 6691
6800 8649
1362 7207
241 4239
1353 4927
6573 84
1429 4890
7075 8201
2867 3381
2212 4181
5644 7658
7870 7973
9124 9209
5407 1700
66 4969
7369 1914
4818 4355
5209 8858
8149 6627
3514 5955
7839 7283
9455 8803
4043 2005
2576 6675
5009 6940
6892 8566
1857 800
4725 4891
3528 8360
3370 3901
937 2454
5370 2098
7473 1240
7116 4456
8089 3444
8993 3108
2725 5837
3638 5063
8683 6351
4086 2837
6546 1397
1554 9465
1789 2158
1419 2193
5307 7091
6587 7886
4462 8339
2207 3296
5905 4366
2877 5291
2406 7284
9330 940
4534 6565
624 2463
9342 5945
7022 1263
9311 9191
7877 9009
5891 7556
409 5860
3143 8866
1572 7184
4394 6505
5830 7957
5051 6292
9111 6906
6291 1681
7386 5817
3680 7561
3093 9012
1451 8304
3714 5589
3743 9168
1050 9392
6928 892
7465 9245
6299 5881
30 8675
5997 486
6179 6848
6747 593
4100 530
4663 8730
6873 6136
4219 4005
4303 2202
8167 2042
541 8496
5763 3211
5138 4489
8700 5593
7292 8502
385 461
7082 9071
3972 6491
4239 2801
3866 3344
6445 3512
8963 144
2707 3623
1200 8126
6466 7210
5425 8699
6918 2493
2170 2860
7859 8767
4677 1141
8653 3915
201 357
731 3701
35 3765
3494 5723
504 1911
2902 3609
6673 9451
9123 342
2364 6596
8870 2124
6183 6402
2376 4839
2340 8919
7755 1602
3083 2201
8127 566
4491 6943
5933 7156
6202 845
1665 7529
2004 8842
8147 5541
8717 8802
8624 7871
7630 6573
6224 6306
209 7413
6390 7663
1211 9183
5986 2911
6644 298
8583 7650
571 791
2403 8912
395 7407
1507 2502
7673 4294
8018 5209
7324 3943
4780 4356
8691 5539
5803 8580
1252 5847
8821 6756
850 6602
5062 7157
5835 7266
4245 74
9391 340
8992 2164
4608 1401
8950 1391
7225 7140
3278 465
2282 5383
8560 998
1786 7593
436 4333
2262 1783
7554 7230
8819 4846
6646 6781
8151 4226
1738 5038
3169 9178
2169 3666
1812 8178
127 1827
5913 2154
3725 1971
6017 8460
8921 2131
1112 7969
6115 1747
7503 3785
8319 9239
5956 1644
4910 3516
2932 8622
7323 2631
2435 4945
260 7989
6137 829
7133 7469
6323 6904
3234 2023
2328 6552
7354 2834
8739 6098
8830 8754
8346 6382
3477 2815
7667 5388
1082 6647
2014 6470
7821 6489
7567 52
2694 5412
8813 1490
2899 1966
1126 5727
7558 7306
7200 8070
3008 4644
1344 5457
9292 4995
3777 4429
4242 9256
3070 5220
5818 1292
608 7545
523 726
9182 7491
4764 7861
1039 1954
4116 7024
3902 5527
7888 946
1356 4680
8836 87
2100 5030
8708 9148
5697 1057
7552 8892
6289 921
3894 2427
256 6851
3065 758
8938 3240
8919 6085
8420 7551
6060 3693
4494 2127
6226 201
2895 22
9347 9304
5992 5803
6631 110
9407 4999
3676 2112
9205 941
4851 6352
6484 1993
5741 7814
5159 1180
600 6177
2598 4813
7777 2585
4992 1575
6539 20
8800 7943
4513 5160
8898 2001
4387 1348
4760 4453
2037 1549
5294 6049
739 2723
2717 539
1172 3618
6055 8726
1095 4928
7394 3148
2186 2426
4661 1897
6948 4161
5699 3950
2253 4988
1851 2829
8865 5546
2498 3114
5804 8938
1173 5586
7581 4852
5941 34
7271 2435
9335 9275
3567 5688
1844 2790
4739 8136
860 3257
4878 5423
5459 5288
1459 7902
6988 3270
439 1256
4711 3532
6380 3284
7588 1086
8681 6541
5162 6704
6281 4682
2393 6606
3532 8876
766 1583
1073 8956
2953 4795
3651 6507
5842 4785
9076 8351
2166 3873
6509 2420
8957 4615
4247 5089
5113 4567
5537 8717
8811 6726
5166 2682
8758 1605
6545 5272
2551 6339
3840 6114
2311 6321
3694 4059
4425 1068
1849 9251
2772 7048
5273 8378
8610 6468
1230 8354
1542 657
4092 9083
4143 1107
868 2803
3998 8701
7794 1114
5622 5483
1897 8433
5575 2895
1070 3958
3231 6379
1210 3791
2521 8889
8584 4174
1511 6648
208 3497
6215 1220
4716 4423
9223 2942
7214 172
842 2252
6462 7069
7516 8256
8189 3569
3492 3630
8196 4112
2635 848
8679 7717
1601 7446
1487 7678
2687 1399
2530 4357
3529 543
5795 7567
1683 7689
2337 1921
992 8487
3313 2438
2475 2453
4565 2937
1871 5144
4404 5206
5792 955
6310 2379
2276 6203
8356 6527
8309 9172
1302 5023
8594 6986
6735 1352
5539 7734
4790 6100
9471 1365
3389 5353
4423 5236
863 3448
7683 1325
5256 6869
707 3918
2269 9264
8369 924
1763 8341
8782 2892
9028 661
3146 175
2288 2618
6912 600
7407 5387
1010 2509
8554 5334
6451 6398
5982 5868
7697 673
367 3099
318 5421
5106 3054
7137 8840
3803 5726
7756 4152
1874 230
6562 3153
3609 8259
1114 3160
5289 6045
3301 666
662 6172
7571 8823
1227 7772
5612 6383
5115 359
3980 7092
2680 5463
1384 980
1869 7404
7215 6232
8712 8355
4347 332
7824 6744
3188 2780
2372 7690
4389 4157
6016 7697
410 6669
2573 8323
2783 2415
7562 8994
1726 5554
2889 4748
5320 4840
1083 1341
6863 1338
6305 4521
3181 5810
8017 344
8226 3364
6159 5369
2851 379
8258 8827
1323 381
7548 323
3193 4158
2911 8772
4029 2210
4337 2371
5576 3721
3734 9428
1280 6111
4295 5273
5700 6862
7772 1403
7094 8303
4753 136
4827 1078
1328 6023
6995 2941
828 2727
5374 7961
5862 7130
11 7544
9109 7636
7846 3602
2041 3584
8156 7357
428 5780
6785 5906
5873 2378
4218 7226
2473 6705
4828 6403
5103 964
3785 2852
9264 3007
711 4081
6902 6814
313 5892
2654 8197
2065 8396
1052 1785
2608 248
2464 4608
7352 8092
6177 550
4819 8234
3398 1577
169 4661
1830 1833
616 5345
5572 2279
1543 2534
8951 2862
56 5191
5210 6147
7403 7841
29 6595
9054 3824
3067 8947
2828 1990
2215 741
7158 7829
7893 1271
7671 5620
6858 878
4289 7532
918 6761
6492 2214
765 4075
3942 3371
5663 5128
8706 7258
2173 897
1376 3698
4075 5683
3230 2034
5299 9155
6860 6763
2059 2793
9281 7714
8815 4645
7467 5025
5403 4595
7191 5174
5557 1923
5789 5884
7146 4224
4238 594
466 6999
681 3334
696 2211
3051 1889
72 9286
7545 4058
5255 9391
3025 784
6066 4744
8799 2764
7557 861
5770 4524
1318 2352
1534 1259
6139 3366
5440 7046
7973 3773
4169 6443
6129 1991
2518 7683
7398 8611
5549 619
3326 5335
5978 1560
9405 5603
4290 8350
8982 7536
5542 6260
3995 1023
3107 7142
1157 6753
9 8530
2632 7253
2242 6801
9096 7464
9427 6143
7544 6252
1755 8005
192 4335
4583 8522
6036 8257
9181 933
1140 8325
644 9095
5883 2345
4018 4901
5203 1698
7507 4442
4736 8583
5098 6823
8094 9353
3061 962
2730 4727
4834 8398
3947 3931
5561 4265
4746 7451
799 2553
8933 847
781 8209
2589 5256
2145 125
6152 1779
6496 5072
4437 1473
1978 4324
3293 710
7125 5197
1565 272
6274 2404
5327 714
7550 9437
3207 6952
2181 8213
8573 4187
7708 119
4060 2857
7423 6060
7983 1739
3405 5118
8314 8779
7207 7547
9066 4186
6425 9109
4249 453
586 1883
1049 3184
6551 6130
3812 2192
7700 6755
809 8238
6490 3297
8217 4971
595 355
7739 6729
6622 1359
1734 8935
9195 6016
3032 4468
3831 1196
2815 8964
2042 163
7928 6873
9079 613
5599 844
167 5739
7314 9175
51 6282
3504 3310
7957 4159
6955 6024
2967 8190
1479 7612
4866 2918
4801 5506
6088 3626
5012 8661
2078 4685
434 4026
7190 4268
4558 4702
4422 67
