340
175 314
20 327
318 225
226 101
281 45
337 173
294 106
328 43
73 273
236 337
66 24
150 282
184 89
128 334
10 61
19 142
315 270
330 137
308 324
272 271
62 132
117 329
142 15
16 151
40 111
80 224
325 153
256 221
85 48
25 193
319 246
324 50
29 129
113 18
248 69
53 186
106 26
302 240
237 92
263 336
334 11
39 269
77 325
338 258
173 250
98 332
119 29
300 190
112 256
51 87
187 194
206 47
255 49
88 333
121 227
339 177
186 284
123 206
100 145
159 58
60 73
280 211
251 110
332 171
171 219
28 315
3 196
133 205
215 128
191 303
323 262
208 199
239 226
289 179
23 55
220 245
120 127
284 297
22 52
38 86
93 115
65 104
167 120
270 278
12 77
257 198
249 6
290 276
262 232
4 265
207 95
233 310
253 213
32 71
307 60
201 9
313 136
42 298
41 174
95 72
223 99
44 33
97 28
316 126
79 176
247 65
64 57
227 295
179 85
299 285
329 328
204 289
131 150
213 304
309 88
58 159
83 313
75 16
210 130
110 182
241 280
271 103
141 287
314 121
91 157
36 144
9 257
211 217
67 274
84 118
327 202
11 117
18 175
146 139
181 133
291 19
218 335
310 36
50 2
152 252
48 305
30 64
104 109
202 80
306 149
283 54
170 107
81 74
143 40
137 123
321 200
200 138
311 239
151 294
109 124
102 268
140 51
277 35
183 263
145 209
138 237
26 30
176 10
301 53
273 147
178 90
105 243
72 7
35 208
234 155
285 172
231 220
161 267
114 229
260 212
21 306
199 201
6 236
71 141
244 296
59 160
45 79
254 299
37 316
217 230
136 162
305 140
82 169
139 178
286 326
189 8
197 279
122 96
94 44
135 264
5 125
229 165
57 238
216 180
33 331
76 100
87 185
7 293
78 112
190 20
163 23
304 154
278 94
326 261
276 184
27 248
46 277
107 218
54 5
168 307
63 300
333 105
116 70
265 41
219 234
155 4
129 39
149 134
154 241
335 317
180 1
99 81
224 302
108 27
268 301
61 281
293 161
264 164
322 308
14 255
275 260
52 192
243 82
242 191
43 181
90 32
125 340
212 97
118 13
185 42
274 222
13 131
296 17
34 197
266 203
162 216
153 290
47 251
259 14
221 38
157 259
160 188
225 214
1 320
203 228
24 59
292 233
267 34
127 25
214 339
258 78
287 114
317 168
232 231
222 31
288 116
89 93
298 84
2 254
124 170
174 146
169 119
235 309
164 322
165 143
177 66
279 3
31 291
250 68
230 183
340 113
74 22
156 253
8 249
68 166
209 76
132 338
144 158
17 266
320 244
158 283
134 122
297 292
69 215
172 37
115 148
130 207
193 75
166 235
126 56
148 62
240 63
205 272
261 21
103 311
147 286
282 102
101 312
196 67
312 318
295 46
269 108
111 135
49 187
92 223
70 152
246 275
228 195
56 12
86 323
195 288
194 210
96 83
188 98
252 319
238 321
15 156
192 330
331 204
55 189
336 167
182 163
245 91
303 242
198 247
