4650
4045 594
2678 2883
3353 1231
3046 1448
459 241
4558 2243
656 4536
3392 1274
199 4582
2987 1474
173 4329
3988 523
910 2851
3687 240
1250 2925
1965 2833
4640 3933
4588 2601
192 4611
2760 4452
793 1298
4438 4623
2780 683
4212 942
1275 496
2297 4074
4080 1535
79 499
4529 278
2247 2543
3927 3917
1244 4225
3511 2903
1584 2529
2940 1557
3455 973
276 2704
3492 4249
1359 2141
2888 1109
797 808
1704 4437
826 3103
1629 3030
1056 497
1296 2626
1402 2956
442 1447
3041 196
1374 920
959 3644
3475 3215
3077 3072
4446 1469
1585 689
777 4300
1365 4024
3480 4352
1994 1610
1575 3986
3349 1799
419 680
352 99
2464 1623
3563 315
2918 4495
1208 629
344 3688
404 4471
1925 2977
1019 3942
993 3129
1739 4637
3752 3706
2072 1460
4280 2770
2088 3844
1462 1192
593 1854
595 216
4629 3196
2816 1465
3588 2395
526 2542
2648 2099
1937 4347
2251 2495
1843 2783
2231 3621
4283 1263
644 222
3764 660
1587 1708
4240 785
178 3647
3325 3038
3633 1738
99 1422
4041 4141
2342 1897
3023 1789
3047 2994
4095 3513
1068 2023
806 27
4043 4617
3350 875
1901 4109
4036 2733
965 2615
2534 1730
2035 2649
901 3830
3302 3721
122 1540
2126 4193
4594 218
3643 3988
4409 2122
4608 2143
4388 1120
3725 3868
4275 1059
3486 4283
2474 3851
1387 3364
679 2613
1384 3712
2052 2445
149 348
705 1336
1082 3466
3983 4399
2499 2208
531 2035
1530 3518
4197 927
714 64
1761 3718
327 3729
3710 2289
1774 1976
3451 2666
745 2414
3084 3162
1957 2562
4268 1828
3266 2842
1618 88
837 355
2907 29
4149 435
3698 3679
1684 795
1230 2640
809 758
3079 406
4297 1147
2850 4414
3562 4386
3243 4257
2584 4079
994 3496
1003 3974
105 4461
2714 983
48 3783
3782 3668
2044 3762
1147 520
4514 2861
3762 3436
3098 3751
1652 2017
1563 1785
4380 4199
987 3426
2575 915
729 642
3309 3958
2396 2986
4452 3192
557 1587
2644 166
2439 3405
292 3387
566 1030
49 4595
1355 2961
1338 256
2358 2810
1815 232
1432 4442
3571 4546
3034 456
253 4172
3365 1539
3818 3984
265 605
2784 3656
4145 3389
852 2584
2901 3483
3713 3753
3394 4458
3097 3216
1195 22
3242 2486
1188 1502
3109 3622
3937 3440
15 1829
912 1936
3291 177
435 639
1658 3412
1927 1765
147 3848
2093 359
1862 438
988 3902
4118 1466
1630 1898
555 161
645 1435
3943 195
2013 1139
32 4624
1256 2719
2416 2293
1137 1666
2937 2253
3914 4420
2604 1140
2000 1220
3432 2537
795 1942
3019 494
3160 3050
3441 463
2298 1523
4499 2237
4301 1468
3593 3067
550 1309
2817 3081
1132 2880
3686 360
956 2177
380 38
1673 766
2019 4145
1736 854
629 1185
4175 1782
677 3911
3558 110
4641 2636
4148 4062
2651 289
542 4600
891 2865
950 1244
2554 2225
4599 705
2751 2482
1859 2024
2874 4486
2744 4123
3557 1028
2387 2376
3259 1133
119 696
4586 2249
1737 4144
2560 1387
3481 120
2539 1136
1457 1436
3768 1687
4570 2927
2470 2040
3161 1837
4142 2409
597 3469
3376 4422
2876 3558
4184 2116
4448 4406
893 3714
2747 1659
493 3343
2730 3338
1158 3519
4177 716
3873 2731
2321 1257
3317 2450
4583 1657
1059 2896
2116 3659
2311 2830
2097 972
1507 819
1816 4630
4414 53
3610 3588
2141 2546
2353 2893
4363 4224
1939 1467
4596 4354
741 2188
2993 2814
2837 4210
2379 2319
2390 884
812 370
2230 2144
423 2367
2408 3700
590 4601
4415 309
1602 3825
3033 254
1111 3382
4130 143
523 412
3835 3546
3533 1370
1335 121
2235 2524
2291 896
1015 3784
3677 2471
1760 139
4367 1276
3641 1858
351 1614
1580 906
3281 1395
3244 3822
3107 2727
2430 2069
1054 2963
1367 3754
787 3247
2820 2958
1486 4579
1044 1965
2158 3370
1950 34
2594 665
2811 1594
4619 174
1401 4631
1048 3317
4244 4644
4157 4149
2495 489
375 112
896 3151
403 2695
3126 2470
1747 1647
4180 2390
115 3953
3388 3381
814 391
2036 1223
69 654
1090 1389
606 1756
3512 2321
2119 1265
2483 3495
614 2915
4358 540
4247 2263
3450 424
2426 757
3332 3100
4466 2509
553 3446
4055 2953
1138 2278
4271 2918
2831 1954
1511 1111
4028 3604
3463 4403
3285 68
4056 1236
2262 1559
19 4182
3934 1712
2138 3692
1399 39
2822 335
939 850
2054 4570
2791 3028
3119 2533
643 3735
2686 477
4631 2212
206 2207
2486 1901
720 2109
1608 715
1848 381
1904 200
3817 2157
448 4302
2334 728
2174 2855
1676 1243
2516 1583
1865 1556
35 2071
2428 2415
874 321
3472 889
702 1011
4169 864
3197 3274
4091 4608
1644 951
3749 3943
4374 2012
2677 3737
2 3779
2769 2699
405 1881
3998 1546
1642 1167
3832 1770
4524 116
1289 1567
932 1861
1297 2835
2785 3881
1966 1875
1027 4177
266 2317
2801 3640
4053 102
4155 1852
686 4133
889 3697
389 4620
1047 2757
4126 1400
1655 4373
183 4031
209 2119
4319 4375
3416 2475
4133 2174
3165 2323
3221 3325
277 633
4611 881
1107 626
3991 1900
727 2324
4419 3461
933 3826
3958 2419
1166 1684
2690 2686
4306 3608
2333 1830
1203 3639
1745 3512
4360 4050
1493 4494
3808 140
815 190
4336 2916
627 559
2181 2473
3849 1877
1348 1078
4206 188
427 1138
3845 269
103 148
941 1049
1492 2480
3828 4335
561 2618
3729 1919
4564 3241
704 3634
3715 1835
805 2337
2478 2191
2261 1273
2224 2620
3445 4059
3880 632
952 977
3200 2632
2266 3964
1099 3141
1354 2474
3393 1113
1757 328
2788 339
4035 1080
3518 686
1408 1996
3093 2631
3577 409
810 1699
4310 1816
3865 1125
4602 1038
1290 697
2348 43
938 283
3468 4560
4172 4571
1857 1165
2682 839
73 968
1878 1363
3582 4534
3926 4441
2110 4531
482 1771
2904 1128
2631 1282
3877 3579
4359 4626
2629 3998
971 2637
972 720
1753 668
252 2199
228 1925
2212 3555
764 443
4199 3019
1114 3855
2187 1930
1758 430
2869 936
543 1296
4068 1440
1091 1097
3701 579
3272 3088
3433 953
1775 3843
3389 2541
44 2159
3662 3487
851 888
1842 4405
4213 2032
2331 1585
28 3874
1850 1108
2684 582
3739 2273
3306 717
464 2380
2121 493
31 2657
1617 4297
2326 2919
1000 285
3831 1031
4475 861
2349 2671
102 3261
114 4211
2970 2113
1307 405
4116 2670
1876 1605
4493 2777
1266 2222
2433 4502
3147 3864
4630 3722
2639 3672
3771 332
1558 2151
189 3642
620 2488
3156 2763
2466 826
4345 980
2308 1047
4488 1378
3589 2592
646 4558
2280 589
3674 4020
626 2946
1223 3739
2272 1726
4423 641
3155 1890
1852 3021
3500 2083
2501 2053
2798 2070
3925 453
4000 2196
1992 3617
2873 2351
4313 614
4451 1477
3213 2065
981 1462
1700 301
332 1354
775 1166
765 671
3487 4460
3671 2823
2316 3937
415 1728
2339 4028
3668 3128
1078 1826
1813 2681
4312 1376
4286 2138
3142 4459
3190 3419
3000 2630
2160 3148
666 1572
3745 2028
154 4089
1274 1021
653 3575
1023 1334
3270 2210
140 2280
1933 998
4223 2808
1855 3217
282 473
1505 3056
1249 2845
1960 2801
2528 63
1660 4361
3706 2349
4543 3755
4282 4002
1887 3262
2094 2767
62 2928
789 2333
3915 1606
3538 3212
1627 2303
4185 3066
287 4161
2986 2422
1517 4202
740 1032
3187 1763
2906 2819
388 264
4383 4033
2029 1025
2345 791
1398 845
212 3778
4263 1981
2679 1980
2558 3955
1235 492
1680 274
2492 813
1245 2778
309 3239
1162 3120
2931 2888
1783 1476
3329 1661
70 1183
2536 1888
1127 1668
504 1569
2451 3574
687 1643
213 3352
4546 2272
3521 3391
320 2661
3892 4613
2383 4304
1623 1963
2545 3417
4340 4338
2448 1519
1894 1893
2264 4345
488 3796
2076 830
860 3022
2807 286
1471 4272
3594 2955
3164 2917
51 1715
425 3752
3822 3096
3881 2236
3799 4126
3442 4418
3477 2745
371 3401
736 3990
2749 4092
3850 3371
1699 568
3707 1601
3028 2954
4517 2997
3154 77
1929 2743
314 1573
648 1041
42 2005
3732 4538
1562 3080
779 3976
1824 451
4348 1281
342 786
1672 1330
429 1769
14 3123
3360 2086
1201 2611
763 4321
2259 425
2972 4186
2362 4271
4347 1711
22 3048
1677 653
3920 3499
2481 3450
3692 928
3206 3815
1157 3363
1189 454
1389 1057
2458 305
1025 863
1827 4503
1790 3777
2108 303
145 3354
394 440
1724 4539
3053 2489
1494 2025
1744 3725
4604 1635
4209 3594
1520 2246
3539 4556
451 4402
1958 1020
2795 498
3555 1428
3105 2466
2016 4094
671 1734
1255 2192
1882 535
1819 3396
2267 2298
718 3695
1034 2221
3058 199
2885 3356
880 2121
368 922
999 2526
3269 3545
3695 215
914 1233
4159 3314
3938 2182
3088 2130
3705 2006
3742 803
2672 1846
308 1388
3464 2322
2315 2110
923 2043
3490 1667
2275 2577
3609 2014
3133 3788
552 314
756 2736
3052 2240
2999 2683
1822 2348
4131 1696
2620 2010
2930 1174
3506 2608
3448 952
181 4428
3385 1527
3215 61
2654 912
2632 2984
4461 3896
3296 2088
2197 156
2309 2717
4110 2135
2263 3776
3066 2673
2363 1037
3236 2732
3380 4430
3888 4481
977 3437
1864 2999
4547 2479
4196 1589
635 2742
2705 2934
210 1427
4195 2060
693 2268
1533 2867
1874 2709
1932 3470
1024 1928
867 4596
3396 3981
811 1694
1379 1863
3812 1905
3163 4130
4578 1912
1557 3282
1426 1288
3001 4198
2210 801
922 2857
2287 2467
4323 4099
4114 2638
3152 154
2977 52
4171 2850
807 1790
1811 3904
3965 1675
4270 24
1884 3576
4188 69
3763 1961
983 1285
39 1600
3256 3361
153 3319
4627 4507
4089 3606
3408 1322
3899 855
4468 3424
1429 1732
1521 961
1017 3702
3976 1186
1120 2460
333 3245
2246 652
1796 2260
2205 4646
3947 3940
1890 3690
4162 2595
1394 3221
1514 4253
470 4547
2487 923
3131 979
1597 247
503 3366
1707 2214
3807 4140
450 2895
915 3633
743 4436
3070 569
2219 4470
1801 4148
23 865
2909 1749
1102 828
1785 3341
196 1000
3754 3522
2540 4039
3202 2718
2535 2328
4477 1638
349 3003
868 4505
2346 1974
2703 288
2274 2388
3003 4542
2372 772
4589 1541
2099 1357
2341 2397
4341 4214
790 3380
1997 3136
3341 1355
2971 1703
1740 591
4166 4474
3834 1651
85 3218
3483 3290
724 4362
4592 2581
2825 3667
3773 2300
642 4464
610 4334
3307 3330
1035 3548
2625 4205
184 4011
2432 3026
2777 4648
1897 1253
1784 2944
4333 3726
1174 1514
3318 3773
4462 892
2089 2684
4582 4562
4010 97
3907 2856
928 3112
1182 3745
1893 2847
441 2181
2614 4107
1808 978
4020 3586
4484 1849
4032 4281
4540 428
2739 18
528 2490
2327 1669
1830 441
2549 1856
3323 101
1440 682
2253 599
1243 3348
4076 840
1717 2921
544 1268
2468 2282
2752 2990
3211 2259
628 3468
3747 4336
1485 646
2159 3770
1336 3172
385 1146
338 1073
1213 4037
3274 3099
4075 741
1916 866
1300 1224
1434 2838
3286 4511
1806 12
547 3971
1372 2779
780 3801
1752 1096
2434 2258
1889 2627
481 2231
1033 3854
1846 100
2959 4455
2260 1622
2285 380
964 2454
3280 702
4186 3973
682 1671
3351 2793
2336 1743
2446 4346
1192 1513
2279 4176
3251 1453
2299 4469
1880 2752
4386 291
109 2359
1283 1596
1164 3153
336 1431
3508 2477
1866 3954
1971 2538
908 1818
2704 562
2040 2973
3550 1221
2371 2255
2424 2716
2066 1957
3344 1505
3438 900
1341 2487
3454 2703
4265 1386
1877 2531
1229 2453
406 2202
3103 3580
1612 4394
1265 3265
4253 580
2552 3236
4401 392
241 2013
390 685
640 134
2510 2251
1626 4475
603 3219
57 2340
2562 1
2389 4385
2608 2067
995 503
315 1626
4595 2555
976 733
1150 2643
2640 2617
1 3353
1624 2030
3800 3033
4245 2007
930 4022
194 442
664 2667
3059 2224
3367 3643
4405 352
2149 1637
1204 2988
3227 3650
1191 1940
3459 2812
3627 2387
3559 1933
3696 1570
58 4434
3178 3824
853 3054
647 1292
4004 470
3312 3560
3996 4057
2431 3982
2864 2689
4598 1446
4017 1099
1727 1873
4124 1795
3208 878
2595 4577
4626 1420
4395 2658
4449 2983
1228 807
171 4081
3536 4187
2236 4569
2051 1424
3659 838
4284 744
411 1705
1383 408
2177 4315
4645 411
2755 3689
2609 3154
955 3920
3999 3145
658 4512
1496 3979
3299 365
1110 848
2083 1548
512 204
4516 1009
443 4295
1220 349
1720 3967
2836 17
2360 2616
515 3199
4267 4337
712 4400
3529 2970
3074 379
3096 3683
2709 1988
2802 600
1681 368
467 2126
641 2639
4204 4239
347 3098
2122 3122
4235 2769
4498 4454
598 4409
1947 3867
254 4618
1433 115
2619 1205
2662 1351
280 3834
3405 4522
832 1805
4444 3873
2021 4427
4563 2907
4433 802
2105 4222
796 4105
4216 210
1416 2102
2301 3155
4307 2701
3199 2563
4605 476
3235 2660
163 193
4070 1722
4217 2993
3981 869
3916 2910
2815 4307
2155 224
401 3924
1410 371
2556 2
4150 4544
1531 684
4147 4378
3009 2200
4079 644
2370 2789
56 4551
326 677
1730 236
4650 4584
1360 197
4165 842
4334 444
2998 1328
2924 342
1444 4625
3940 1665
2866 2818
2839 3523
3210 1516
1197 2609
3670 930
1526 804
1949 3300
132 1168
576 3946
3516 3497
174 1471
1709 51
3407 4487
2329 1603
2118 2105
3554 1951
3431 449
906 431
3872 2761
13 763
3271 3409
2146 2840
4234 3248
1605 2813
4112 2385
1013 4413
2819 2346
3411 1102
1538 4237
3964 3792
3295 956
3355 1859
3634 3724
177 3034
2352 1759
2553 1451
1976 3624
4337 3965
1052 2753
4176 320
571 1176
4093 4045
4163 550
289 187
529 2515
1202 4389
3756 3731
3596 727
1734 960
2238 2995
3176 576
1287 3562
1340 4054
1423 3664
2288 4284
2185 239
2294 4084
1252 2421
1766 700
1205 643
2101 1739
3177 299
3336 3170
1232 1543
4146 4341
4298 1744
2834 4276
3026 3877
2981 2413
568 4238
160 2948
1002 4243
3979 296
600 1131
870 1412
2400 2164
2692 769
2045 4157
3320 3590
1347 4227
1980 3849
3391 4417
2657 4349
3174 4497
730 4590
4141 543
1915 2773
3403 3204
421 1226
4107 3223
165 4206
2270 1597
4078 4113
2171 2945
3669 2548
2127 4087
1705 3347
1330 3159
3018 1294
4562 2521
1728 1681
2698 3889
2008 2568
3941 3036
3751 4013
2216 1126
2002 4599
4122 4258
1281 3102
3496 2700
4090 3294
943 2504
3681 3857
4513 273
3080 871
2153 1132
3278 1050
3909 3226
3507 3743
1797 275
3143 1337
4497 2800
3709 145
2762 3744
3498 3276
1755 2685
373 799
4050 4557
1172 2315
3685 2217
3736 2635
41 3267
2637 3517
416 44
3149 1494
220 3000
1986 2940
1261 457
2375 1650
828 1175
575 770
108 2824
3697 3921
731 3168
4181 3507
2378 1002
1548 3880
350 395
1554 3991
2061 4226
1800 2750
2566 4412
3083 3549
2524 2379
4464 3567
716 23
4049 2462
436 2852
1926 252
255 4066
2978 1537
1156 3171
1413 1768
2813 3315
4292 1217
4278 1229
1860 2285
4607 902
4100 590
2720 4438
2364 849
486 3433
3049 3075
2636 2827
4628 1592
4003 3418
1564 419
3457 57
3016 1169
1040 3146
816 2884
2979 962
2323 916
834 2038
2532 856
2582 3885
3447 2968
3949 179
975 65
970 1408
4140 4635
2917 245
2204 3963
2936 3340
3045 1971
4259 393
673 1534
3836 2275
827 2871
2485 3748
1606 691
572 2765
3191 1921
534 3018
725 2729
2473 2027
257 331
3855 2714
841 2334
1851 4156
1935 4015
803 3009
355 1987
3750 1586
11 49
3135 189
4058 3528
2960 3246
3395 1473
2134 36
93 1850
139 1691
2001 4269
3240 2503
4326 995
3573 2891
2132 3388
2943 729
2607 324
1907 2691
2192 3224
1074 1824
4481 4216
3819 55
4170 2439
3656 1697
3238 966
1831 2292
808 718
3113 1683
2096 2576
322 4392
4441 4232
2964 3277
67 3658
3122 3349
4243 1545
2688 3593
1084 2026
3699 3187
2296 4320
2616 3616
3434 467
1812 2092
2833 201
3551 3603
431 304
3638 3001
3060 452
2494 1200
398 1737
3275 1438
2955 3397
2588 2343
2140 3790
3039 4248
3678 982
3362 2532
1449 4285
2522 792
2053 3015
1741 1216
3613 2815
4615 2044
2271 3685
4300 202
3308 1848
3848 1289
366 3693
1080 3
1366 2431
3654 4466
2258 2682
1875 2775
25 3211
2453 2408
3603 4208
4137 1903
1350 4139
1268 2678
1767 4299
3661 731
1802 924
3345 133
2221 1960
1881 4064
2184 1973
1664 2665
3289 2384
4189 1899
1463 1148
1931 905
2436 1275
1748 1480
2414 3611
2373 223
2144 4173
495 2262
3995 3460
1221 2892
4321 1886
1955 313
3321 74
2764 3273
817 776
4129 3275
3543 775
1215 3628
2569 1385
3484 1043
3494 3324
2418 2201
3869 2603
1224 781
3788 1879
1128 2264
127 1419
3542 4559
2502 4589
4123 1430
927 2794
3252 4132
2033 1455
1574 266
1016 4245
2211 1048
29 2834
1870 3863
634 4326
820 1203
757 176
3250 596
3223 4290
2812 205
3859 344
1248 172
697 3467
1271 377
3311 1371
3110 3184
4015 2816
1424 1087
3368 72
4552 2585
3073 1625
3417 2633
783 3506
2576 2241
246 3890
204 4056
1258 2287
622 3944
582 2623
4097 2862
824 976
121 4376
484 712
34 2332
2725 2694
437 4508
2877 4535
1969 3947
4287 3087
258 3416
4371 530
3628 4463
4491 83
341 4121
3467 347
3062 1909
2600 2468
1170 3914
2095 2853
3288 59
4037 2730
1777 1258
2225 2345
1141 3909
4120 2100
700 3587
4574 3629
4106 1007
4201 1331
2202 1544
690 3525
2090 2197
1397 2545
709 3068
1625 1950
2506 2163
267 132
1332 3709
3422 2080
4469 4447
670 4621
2899 4017
2209 1329
1092 3346
2591 526
3587 111
187 3175
1320 996
1439 4110
1536 3529
356 634
1518 1658
3761 4526
4559 4398
2587 3761
4144 253
924 87
283 630
3406 2311
412 1786
1534 255
1089 1624
2521 1103
1292 3061
1456 4279
1049 270
3622 3377
1269 4639
3960 158
37 789
383 3438
1647 3186
4647 3997
10 2247
1583 2692
112 10
3050 1239
825 175
2048 3612
1733 561
3618 517
3616 3957
3145 1552
2951 3254
2229 2821
2925 1791
84 3807
457 4270
2908 3345
3974 4425
4288 903
3245 817
4597 3484
3794 1509
4266 2901
1503 3816
1288 1384
4625 3082
632 3183
3714 3884
3171 4383
3193 4007
1073 2193
1645 1411
1551 2261
3466 4592
3166 3400
3078 2018
278 170
321 1868
156 1720
3429 2612
1313 1250
1506 602
4496 281
2237 3362
1306 1931
1829 2522
279 4061
3676 1554
2805 1318
4553 676
1218 3945
2085 4609
249 971
2804 3476
2024 3827
136 868
155 3429
2417 2307
2598 4500
1998 2992
4624 181
301 263
4375 54
1951 3493
3973 3189
1938 458
1872 125
4065 1463
2715 1733
1187 4477
782 612
2377 843
3561 1358
3112 1137
4643 2771
3108 4178
227 4523
3602 4415
3765 4519
578 2403
1317 2362
4013 3515
4211 2836
492 3203
3162 2155
3523 226
2740 4578
1582 1487
967 47
4512 827
175 3923
1581 1178
1240 2353
2717 628
1781 1134
2356 1902
190 2183
1308 3040
2071 423
4322 2725
1358 1952
4431 2184
654 3304
3689 1425
4054 929
4568 400
3132 4520
2789 3615
4549 2364
1237 1413
3684 1633
4508 4183
3672 4380
2445 529
1247 1966
92 3110
3712 2497
1702 2807
570 4593
4325 4476
1643 3841
3136 3385
3369 959
1436 3771
1718 528
113 2781
545 4514
4434 3557
4023 1492
222 1773
4099 1063
2290 1155
3449 475
2696 3727
1314 1459
4545 2180
3331 3079
168 4277
1050 3765
4421 825
2080 1406
3854 3835
1782 1648
3194 1982
2914 2799
4515 3126
146 1277
2206 1612
768 3029
6 1153
2305 90
1238 662
586 3837
311 3475
1395 690
1126 3491
2115 782
4044 4100
2074 3556
3387 2034
4642 501
4373 3133
4590 1475
1799 1993
701 3074
3499 3138
1900 3077
4398 655
231 1615
3102 606
4256 4167
1519 648
76 3595
4052 870
1086 4359
2910 3042
3944 3252
1550 2890
2980 2396
452 3062
2240 3897
1167 403
3057 1507
237 3662
3185 3229
1478 4456
2941 1072
2012 1833
2292 2606
3767 1271
4103 1045
1430 422
2482 1245
1484 862
1420 2326
1112 2566
799 2313
3419 2108
216 1107
3277 4091
1246 1421
541 3063
455 1727
1301 515
2107 495
4135 1490
381 146
1854 2647
1418 1014
2879 2740
1009 764
491 1910
2821 1511
1459 2218
835 4548
2218 1027
4404 4242
4343 1718
2568 4036
1045 267
2675 2206
2884 4181
3522 3907
26 2021
3101 366
1560 1141
3842 2327
2248 1958
1135 553
680 4435
997 2885
4258 3477
3723 2987
4200 3514
2596 2185
1435 3972
4273 4642
3962 1645
1109 2358
3779 542
2073 3553
1469 1238
2666 4610
688 4293
1913 337
2244 2706
583 3708
1964 1991
1199 1396
2939 2400
3030 3935
1216 4282
501 2049
3700 1256
4507 1033
3830 4170
2304 755
3900 2166
2754 326
1196 242
3863 3962
706 4529
2843 1938
3130 2870
657 4563
3777 3536
2903 4078
4183 1500
1280 3069
1999 2904
2748 1219
1303 3313
2537 4076
3127 3638
2462 1506
1310 1319
247 2556
4174 4129
90 4072
110 4005
3526 92
4550 169
3082 1346
38 3016
892 2228
2787 127
1145 3498
3913 2517
4353 2449
4136 4278
2394 4
2920 1393
1474 1095
1508 1269
2265 545
1327 2949
2645 3675
1071 3333
4354 462
1030 437
946 426
2087 2095
3404 3799
395 1655
2114 86
3552 3494
4249 1483
1836 678
3785 2513
3421 3479
391 1326
1121 3993
3116 2393
1276 615
3510 2792
2710 3853
2896 1992
271 1632
229 1772
3871 560
703 3939
126 1794
1945 338
1441 815
2239 3147
2765 1415
2384 1796
1143 4482
599 1429
2145 265
1946 1953
47 604
1661 2499
1088 3005
43 1444
4062 1199
3501 1312
248 2491
236 1710
1711 4294
3322 3791
2919 1482
3010 2148
471 2150
438 418
201 262
65 1157
3605 3554
3986 518
2203 631
2214 1894
2602 3176
619 4241
4453 1802
2664 1804
2098 2420
2894 1801
89 1908
2590 2547
3787 989
144 1088
2193 2707
564 212
1600 3682
2691 1123
4407 3673
1480 4533
857 1692
3540 4000
244 1978
1146 3599
1776 507
3212 4251
3038 706
992 2715
4467 3769
2479 2572
3902 2428
3866 128
3520 4603
584 4645
3645 3886
75 735
1185 3441
978 4585
1788 894
1589 3394
1160 1327
2404 3201
746 1340
4067 1489
962 1834
833 1260
1098 3017
4085 2831
563 2168
4394 434
585 1838
818 3564
760 2817
744 1524
3903 3202
2927 1680
4646 448
3541 4188
78 357
2282 2004
3072 2591
1060 2211
1319 2947
4455 1636
2281 2553
1631 3804
1908 3577
611 2172
1200 1932
1529 9
3727 2094
3465 1084
318 2724
1594 1450
3195 4154
4410 1092
4227 4317
1343 58
3978 3922
2286 3287
2985 3435
164 663
2252 3707
2450 3618
4260 4328
2200 3046
785 1995
733 3620
274 3108
2189 597
3867 4137
3650 1792
1251 3174
1353 3930
1716 636
111 1353
1895 4554
985 3894
74 3478
1253 2029
1567 2875
1532 389
1026 1619
2176 2131
2314 585
3896 287
4294 2672
2638 567
319 1855
2343 1054
3297 2826
374 2696
3901 4419
4034 3444
2441 788
1450 743
4610 2536
4261 4063
2165 1295
3413 2920
3469 183
1299 4450
130 2991
2026 778
2768 2679
3428 3250
3730 336
295 1423
2900 4106
207 2662
1944 2780
2878 3565
2867 3152
607 524
2687 1840
669 2440
3893 3415
2391 1005
3959 1889
4587 2318
2161 2103
979 469
4400 4568
3111 1338
3572 3568
2498 505
4490 2534
3086 1602
3087 4423
143 3654
2488 3020
4542 1872
734 474
1046 2383
2668 3636
2148 16
788 2216
1820 1943
546 4275
3094 3906
1996 1209
1743 4204
692 895
1577 2520
2571 1555
3955 719
3784 445
473 4264
1499 2621
3153 4065
565 3539
1555 272
2388 3266
335 1001
560 1611
921 2472
2199 2429
1619 4053
3532 1202
592 300
1635 988
1095 2127
601 1332
2781 3547
107 3681
2983 1301
2656 4516
80 3285
4459 3500
1810 3084
2734 1944
2922 3302
549 1774
2015 4118
2005 4483
1566 2305
655 364
3922 2492
4518 3114
3769 3887
2463 3135
386 4166
397 4330
2958 1685
1282 19
4439 230
3482 2655
4220 1752
3316 3085
3663 3044
1527 2749
1764 3883
1725 2960
842 2316
2797 2829
1988 1360
3604 1081
1885 3878
4606 3008
3675 1803
2067 3728
4531 1293
3984 2416
630 4342
3330 30
754 1044
2079 150
2493 753
1543 4047
3703 3802
2130 3572
3340 2290
3766 1457
3534 2223
4332 95
1455 390
454 943
148 4340
193 3740
1339 750
1087 527
919 184
1928 1972
907 893
4636 3652
1076 2344
2293 730
232 4009
1226 3915
2173 3501
1177 2876
1419 4029
1322 228
2810 2425
3224 1642
500 1158
4521 3078
4447 1366
872 745
869 260
4218 42
494 1793
3125 3043
3067 3492
1941 2688
3928 2068
4229 2879
3798 3505
1542 603
4417 3035
1921 194
3861 907
1732 1404
4228 3480
2471 3257
1409 571
3935 1550
947 2433
510 1547
4295 708
2318 3651
1654 1530
2611 1343
4566 1397
2060 4310
759 2728
1750 213
1710 1290
3015 399
1468 3856
4066 3427
676 1012
2512 1071
2670 1407
2721 941
2673 282
2128 2796
2863 35
169 3635
3875 1379
2376 2036
1803 993
3894 2943
4535 2929
1123 525
3427 2527
2163 2456
4279 3459
2583 483
1522 1499
639 3810
1504 1098
3621 1184
3437 3365
20 1939
1304 4453
117 3234
4047 514
3315 4179
1175 3660
472 103
613 1170
3590 3006
3460 1678
4633 2093
1936 1731
4443 1823
2661 938
304 3057
3328 4252
3456 1949
3757 2843
1491 292
1425 2312
124 4583
323 4175
468 693
4429 1515
516 669
3918 1914
2606 2062
4580 233
2570 2693
1847 28
2814 373
3232 4410
2775 3228
945 618
3378 1714
422 4309
819 1688
1569 1160
2399 3831
660 2363
2367 969
211 4605
882 2361
4620 3677
2429 3592
2702 581
3504 1375
2929 3312
2469 1985
1028 617
296 3901
3257 4444
2585 2458
1920 4629
446 1024
2393 2386
1573 2713
3334 1278
3631 3472
2984 6
1771 2374
1995 746
1983 1308
1312 3177
133 73
791 3781
2527 806
1701 1085
2031 1892
735 3286
3946 3329
300 2401
3196 879
2921 56
4532 3563
1821 2162
1007 3311
3720 3013
2965 2744
1134 208
3963 2055
3 4572
1650 4501
3514 3768
1861 4576
2509 749
1930 2296
1447 2622
1833 3569
2359 227
3717 4018
4338 3318
3124 3230
61 957
2681 2629
1482 322
240 1119
2269 1189
1756 3132
4577 3968
848 1339
1140 1753
862 2476
1465 1491
424 2232
3772 2430
4014 137
1863 1324
2580 832
781 1100
661 2967
290 2722
1610 647
2317 3334
1638 2137
1679 2356
3036 4364
3424 3423
1231 556
1628 3180
2646 1836
245 2352
261 3646
1443 742
2403 2860
3953 3309
4339 3805
1483 2697
1787 1262
2968 1364
3617 584
2989 4445
3530 3817
4173 294
2621 4207
652 136
4040 3410
4251 257
2935 3818
3660 3070
2017 2653
106 4561
461 739
4372 3918
3129 3130
954 3298
602 2378
1896 2459
2347 4060
3410 1105
1342 3109
2525 1864
1791 1663
2759 3214
1155 479
2250 1857
748 3237
2832 1207
502 4318
3743 3582
3292 2747
4063 2084
1211 824
393 1613
3303 3482
460 4597
4029 1883
3972 2204
3936 2075
4485 2897
2152 859
3042 3838
1286 687
4616 500
1051 4524
3399 3602
1906 1563
2513 1074
3987 4636
2593 3326
722 4372
293 186
21 3596
4416 1538
2480 4127
1476 2936
885 981
3495 3398
3851 1748
325 3657
3012 4162
1786 1825
4221 362
2685 3814
769 66
3615 3928
909 4221
3237 2985
624 1161
2007 4521
4202 1215
558 3757
554 583
4634 2565
331 1814
4128 3823
3693 3462
4581 4155
1616 777
849 2437
3279 586
1825 3344
3647 4159
3601 1417
3746 1163
4237 3292
3942 4397
786 3710
3453 1114
4191 1129
2565 4152
1315 932
1083 3895
836 3970
3932 3367
33 1935
3860 3607
4002 2464
1693 4217
2824 1230
142 3680
3952 3271
3718 2507
2438 351
3301 1380
180 319
1918 2723
3584 318
4494 950
844 2011
1823 1052
4272 1194
444 1677
1391 3140
3568 1046
752 4114
1956 3339
2043 635
2022 1106
1689 4443
3503 2628
2249 3213
3733 2552
2456 2549
1010 1860
343 464
551 2866
2891 2561
2164 2002
3364 3785
2770 1721
3513 2822
353 2957
537 1442
559 2523
1985 1058
4305 2189
3614 2478
3874 2571
3546 3399
4190 2599
2659 1983
2234 947
2395 3328
4302 821
2226 372
4454 3489
3384 3295
3921 1575
532 1135
773 1520
3564 4498
1171 1034
3430 2142
426 113
4324 4517
637 2329
2938 2969
4342 1164
2861 2644
2014 3637
2063 4640
2245 3207
215 1006
4560 3542
3214 857
2042 3703
1488 4553
989 350
3826 3699
2844 4622
4480 1121
2633 2550
179 4401
2757 4261
4320 1566
934 2213
4158 2123
2786 4266
3977 82
150 1341
3168 4388
3198 3952
636 1764
1142 2115
3954 4473
3569 3919
4445 1350
4510 1344
2111 3124
2168 3291
3829 2941
3031 1283
3801 1035
285 4111
36 4509
1328 1299
3225 3929
3608 4195
5 3320
2862 1652
1656 4134
3056 1013
3186 3684
1066 4058
399 2594
2848 4247
1853 3691
3260 538
521 185
354 1701
1039 575
903 487
3570 4492
101 3421
1666 4550
3560 1352
4426 3840
2455 2674
2529 4168
409 1416
2912 2257
223 1607
483 3251
1512 3321
195 3374
3666 1182
2374 4365
3381 4348
2322 2354
3065 1303
458 4201
916 4395
2738 1272
3744 1287
968 3270
239 3975
4105 432
1692 1143
3090 1062
2926 2016
3051 3055
615 1004
2515 3806
3575 2931
275 4513
2711 1866
2948 1488
1659 2186
865 557
4460 3336
2887 3451
3474 3323
2792 4025
631 3800
2038 2209
3005 4325
2467 3004
3652 3471
3884 2596
3815 4016
3607 2281
866 3089
2009 1969
3354 2310
3997 887
4248 85
4495 2448
3578 1525
4344 1383
821 152
1818 1156
713 3862
1331 382
3397 751
3188 261
4042 1599
1057 480
202 1374
4152 3821
3324 3669
2519 767
767 3411
2856 2096
4304 681
3352 692
2767 104
3017 1918
214 625
1871 138
328 2085
3879 3661
3852 1926
1370 3978
4617 1356
4178 2382
3931 2508
536 1955
3478 4411
2617 4633
937 234
3439 509
4399 2106
2555 2758
707 1723
413 4101
3580 3619
2151 2905
2635 3206
3169 926
1061 1907
1421 3782
4425 794
4011 2939
3239 2265
3400 1116
3961 1582
2508 4632
3337 225
2078 4499
4230 909
920 558
4503 2443
95 3504
2733 1089
3724 383
4057 3059
2597 129
2335 2610
911 1061
1490 1761
4254 3996
8 259
2307 963
234 1144
2826 433
4027 4541
4483 323
100 3764
2191 2481
4309 3630
3566 934
2136 3687
2382 4416
3123 4504
408 37
3734 1443
4351 1915
3625 2426
668 1716
3624 537
392 3258
4492 2077
27 258
1634 439
3547 4598
831 2355
1318 810
3789 2484
1390 873
2175 2051
3159 1381
3531 521
3783 4030
1144 4431
456 3058
96 3432
3357 3402
4505 2539
685 1676
2449 1959
1173 3671
2340 3891
4060 2590
60 3288
4327 4332
3181 1742
4463 919
449 4235
719 180
822 4001
2190 1653
462 904
4403 3073
2049 402
2004 367
2945 1821
382 984
3951 621
2081 1051
953 3809
1018 2161
3759 2642
1914 4125
3994 3408
895 2447
4329 1234
4435 2087
935 3407
3327 1704
3144 330
4087 4082
4072 3195
3220 4647
3044 2981
63 4048
4519 725
3293 211
3770 2971
2332 413
243 429
2872 1551
3418 2309
360 841
2338 378
3228 468
961 1316
203 482
4501 2849
4001 4260
3626 707
918 2089
1295 107
2827 4331
3192 587
400 1122
638 4313
3029 2381
1357 1320
663 948
2680 1390
3838 4305
45 3094
1726 1323
2283 1746
4238 3720
960 784
4207 3166
2117 251
1058 1145
840 4075
4544 1152
2324 1984
1849 2194
4071 3335
3063 3676
2068 3584
1540 574
378 374
1405 522
4264 986
2020 4619
2046 1999
878 1321
1754 1065
3040 1495
3104 250
794 1409
1400 334
407 4184
1978 2669
3479 2854
4117 1266
303 1402
3175 1745
1309 4215
3971 3540
2484 1679
4528 3306
2457 2058
3956 358
2412 2003
877 1532
2776 3452
4571 312
3265 4008
3326 460
3247 2710
2242 3632
1181 4528
2794 3597
361 4525
2496 578
1835 2874
3844 124
1466 1055
1053 3960
3117 461
689 375
3314 3032
4193 2283
3548 4515
1324 1118
3366 997
4226 2165
1663 3188
3870 4043
1364 1518
1502 165
3581 2248
4167 3465
4500 536
4303 1039
1498 4288
3205 623
2514 829
4412 33
4502 967
3620 307
2533 3308
3201 4607
2178 4643
4074 3980
310 3763
313 1634
12 4465
3471 1018
2405 1280
3933 964
1622 2418
3011 674
1446 1736
2761 2837
3592 1307
1867 2966
3415 340
478 4343
1899 4164
2724 4543
4534 1478
1592 1279
2997 126
2355 3663
3216 1104
2465 3163
3970 3095
3619 1627
4331 386
1905 2039
1371 2645
3793 3787
4 1779
2179 1485
2351 3205
489 3738
1667 1305
847 3178
2559 616
4328 4641
2037 3516
1329 1986
1528 1588
2934 709
2830 516
4420 4032
2783 673
1576 2848
2256 4026
3426 1766
1093 756
672 173
3006 3601
1344 354
4478 3589
3246 4055
2183 1862
3646 1808
4086 1206
1888 2839
4622 738
3890 2687
2701 2233
469 3350
1698 4203
2548 1391
1453 672
864 2269
2526 2124
1613 3701
1104 3403
1770 4323
4242 3696
3904 421
2055 1558
1113 20
519 4165
1381 3076
4436 510
4077 1584
4357 2614
2808 1449
3021 3666
3025 2057
2741 3351
2100 4552
4061 2575
982 823
3335 1094
433 502
1005 3961
1637 3322
4557 4368
4051 4049
1209 1979
225 2402
3945 1758
4098 2366
3348 3916
125 1528
4576 2050
498 2139
2846 3179
4285 940
843 79
2406 3534
2075 1967
3032 3105
1417 2654
3284 1302
3683 620
1891 797
129 1778
4026 4429
3233 98
511 1162
417 2711
4182 1142
1778 3143
1759 4151
4538 3191
3823 3526
738 4153
3509 3591
3583 1348
1809 4051
1979 611
3755 4160
1285 3511
2039 3358
1407 387
3813 1212
2010 316
4179 4021
3222 1075
2413 1788
1552 4594
1721 3716
2520 182
1837 874
4579 4112
3611 11
913 1405
297 4012
1411 108
2047 4122
3217 1751
883 1689
91 2020
3908 3010
2855 3742
3967 1300
2489 554
4370 4311
4523 2605
432 694
2742 3406
1879 2664
940 1916
1970 229
3343 415
1008 2215
4350 1077
4565 3240
1840 178
3377 901
2056 651
3667 4614
17 48
4293 3948
1139 837
3170 4115
2743 2996
2726 519
980 3959
2957 3439
4554 3097
4022 2828
830 1941
855 2132
118 3900
2518 2291
1769 1101
2028 1882
3446 657
2716 3463
2647 3060
4281 2173
2422 3384
1648 2950
4533 1237
859 1904
4556 2015
4316 532
1795 3037
1523 1124
1751 3289
1972 2496
650 1564
294 3453
2658 345
2157 25
3737 1577
4623 3255
996 2580
2695 1214
1489 3455
1886 1498
897 163
1948 2493
3339 704
2207 4265
3150 1304
3728 401
1284 3932
1922 4604
167 2277
3906 3888
4573 3994
678 1616
2503 1181
3846 2560
3741 3481
3390 768
250 3756
3359 2906
562 327
3680 3913
618 2052
3075 4010
2419 876
479 762
556 2598
120 1923
3642 1177
1559 3357
334 1470
3919 1010
2427 1725
1614 860
1902 3305
453 1418
2106 1008
4567 1461
430 787
871 2625
3649 249
1021 3537
609 4339
2857 4393
771 506
4007 1719
4038 4163
4018 4250
1124 1706
2232 1776
4233 45
579 1247
3623 1885
2198 3372
3780 1740
884 2031
3347 4587
1279 3614
2475 1255
4064 243
3722 1831
2440 1441
3690 3508
1873 2882
3179 820
1063 3283
1122 3301
2041 1741
2779 2350
2961 1026
3606 2569
3485 1767
3897 2444
3980 1434
881 3713
1549 4382
1696 135
1396 1609
3862 3846
4012 1079
2461 4200
2546 4374
4486 1042
742 4490
2610 2859
3805 512
159 2417
4424 4240
3035 2846
4031 3871
2228 566
538 3486
990 573
3612 3813
3008 3031
4088 203
4387 2902
1682 4014
2241 2937
3189 991
3595 361
957 1086
4290 3101
3258 541
2437 908
2736 2624
1241 2235
4539 2938
839 1784
949 1508
476 410
4504 3259
4236 4158
1912 81
969 531
711 3836
4601 1091
1903 659
2380 2111
717 3414
2818 2873
3950 1414
2946 1895
1653 363
2689 588
2586 1851
508 80
3704 4496
3461 3533
2889 3264
3167 2370
3064 619
3651 1232
1222 954
2397 1210
2858 3104
3841 1913
974 2962
4428 109
4138 333
1151 2104
4192 4324
3781 1639
1984 4485
3287 732
715 780
2626 2112
1570 220
1685 970
2490 4308
256 32
1454 3012
1578 3197
3452 1479
157 2600
68 2270
1184 106
3758 872
3721 595
1036 883
2652 2008
4021 1503
580 3296
3912 939
166 2357
3370 3566
1841 209
2147 2881
3665 3093
4081 4396
2365 2399
1712 2734
2557 3570
3990 4052
3055 3210
55 613
4139 1437
2793 4480
2731 1962
3868 1093
238 2219
348 3369
846 3775
3373 4231
4084 2559
3183 4256
3497 4370
966 4440
1321 805
4205 4146
625 4540
1108 2306
3092 3938
487 1016
2443 699
4648 3039
4033 78
1069 899
2180 293
1217 2768
1442 994
4585 3393
3138 1820
1064 2360
753 564
1131 3193
4527 2587
188 958
2289 306
3708 2886
2386 4468
2966 1581
4479 1533
2459 2286
2809 4363
3993 992
3283 3926
4276 546
3358 2898
2706 2156
135 472
2756 3578
4225 2392
4289 2869
801 3428
1477 816
2337 2451
1415 3383
4073 1172
4346 91
533 2295
2476 1819
387 771
1898 5
621 3117
1599 2712
1779 3235
1163 4071
1671 298
1117 1149
4009 1311
2641 4451
4644 3242
4600 3674
2303 867
675 3485
1262 710
1081 2899
4296 388
2124 3550
2845 248
2988 4116
778 2908
2284 3983
2517 3181
2975 1159
1495 2787
567 2782
2268 168
1977 3641
1541 4566
1892 3225
766 2578
1125 3774
3139 2579
4246 2926
963 427
4059 917
3440 812
4465 4527
3180 933
3664 1735
548 2964
4008 1754
3375 2574
2976 3227
4482 1917
200 407
4208 1076
1412 4574
2064 280
4530 3220
3095 3845
887 1827
3929 844
268 1578
46 822
539 4351
4161 3912
1458 3544
4277 4004
4572 1493
138 2735
829 4296
3630 1811
3969 1884
2829 3051
2573 2125
2194 1150
1210 4254
3089 4244
2361 277
1393 925
2624 2461
587 831
4381 346
617 2338
81 1342
2949 2045
4402 1797
4198 3011
2460 4432
3878 4350
1385 2766
2123 714
1161 2297
1180 2101
612 4628
762 3995
365 3442
3688 2120
170 2009
1919 2238
1369 645
4308 1977
2952 2502
1334 3686
1273 4096
4632 3794
1193 2405
1607 4044
2799 4433
4411 2650
854 46
4474 4449
2547 2535
1708 3758
1991 3027
4102 3379
3809 3454
2112 2227
3948 8
2915 4366
1719 1197
4376 1841
2947 329
691 118
2618 1517
823 1780
152 935
1100 2802
3371 999
3804 508
2853 3766
4224 310
1762 3488
299 3561
2790 3208
1194 1989
4555 1777
3599 1576
4368 3413
4575 3732
898 1775
776 4545
2273 2762
2745 50
505 4575
2084 4135
4194 4448
2312 3715
3372 2288
2243 1574
1959 610
402 4190
1169 3925
3128 4219
3402 2690
1814 3342
623 2914
4094 3750
4311 818
1640 384
359 4104
3249 834
1586 2169
3379 459
1101 2785
1479 2952
1234 2909
2778 1553
3864 1845
509 1781
233 3872
3140 171
4113 4042
2050 3119
3653 3269
3091 149
1085 1297
2137 511
4637 3071
1571 2863
4210 3293
905 2254
4406 2519
2011 2198
1553 2972
774 2097
3444 701
3027 3125
1077 3808
1609 4189
197 3956
4252 4390
1020 4421
1382 811
1464 2377
3007 1911
527 1832
3579 414
649 2518
3821 2446
1686 4327
1973 1807
172 2975
2092 2341
1910 2998
2697 2042
2847 3927
2589 563
1940 2564
3791 3999
1176 3121
4413 4356
2454 504
1620 1747
1772 3190
2154 2803
2500 1617
1473 2149
3231 846
2962 238
1611 798
4352 722
3048 1410
1270 774
2890 946
1714 420
396 3627
616 3543
1097 1365
1735 1345
1690 1225
3230 1649
2728 1218
3207 2922
445 2676
1924 679
856 3509
4132 447
520 1361
2982 3049
2928 4169
696 2751
4536 737
925 2516
1565 4357
4274 4467
284 1015
1556 2809
573 2158
2870 1630
3204 3899
3853 4567
2491 3852
1805 1198
3898 3041
755 3161
2838 2593
3982 237
18 965
2166 3820
2497 1227
4317 96
262 2230
1834 3860
329 3284
926 2076
1596 2091
3637 1439
205 3865
4442 397
4016 931
1001 219
3655 2046
1500 2868
4299 1023
3172 1040
800 675
3346 726
513 3086
683 308
3248 1003
4437 713
4119 4212
4456 1398
2655 4102
3209 3987
2729 1228
4164 2369
1665 3573
439 2347
2735 3280
3544 3014
1377 1595
2766 2514
1375 2375
1516 4019
480 3861
3502 638
4569 3198
4506 2022
317 4209
1817 93
1267 1286
2120 1571
1621 3531
1037 1755
4111 2276
1119 910
3673 4085
1136 4314
2421 3859
2572 593
798 897
524 2544
1043 2410
695 3118
2882 297
813 2641
3081 765
3120 311
2027 1526
1544 3456
694 1252
4349 317
2069 1869
3792 1392
3748 1690
307 3966
2828 2398
2842 466
749 2441
723 2389
2420 2167
1598 1496
2967 75
1311 3115
1149 1672
3489 2457
4154 2242
4470 147
1388 2064
2277 4573
3775 551
4525 2079
2732 1130
3992 153
4366 3535
3825 2798
1186 2178
3843 3736
2579 2959
221 290
1678 2176
2113 3598
2543 1195
3565 122
2530 2335
2407 3977
4603 1235
2990 2308
260 1082
337 1090
3234 761
577 3985
4472 3144
3882 2234
3342 754
3024 793
2994 3798
710 534
2771 4067
3182 2061
2942 4070
4125 2304
3957 4124
2030 455
784 3116
3184 2205
4561 3767
1291 3256
4318 592
2201 2494
3719 711
1116 1822
1639 4143
1546 3490
2772 1920
2504 119
2753 1310
3037 2979
3905 1117
2223 835
1264 2806
1004 1464
506 284
2722 2788
2933 4098
2505 2965
2003 162
134 4484
3382 1204
137 2755
4104 2056
904 2588
3586 3530
2182 3605
1373 26
608 4040
3816 4532
370 4218
4269 3473
944 547
2881 2872
4638 3173
728 369
1975 1154
1392 235
1414 4273
986 3092
3535 4457
1448 3434
942 4488
2442 1590
2923 4634
1475 3457
1214 4316
463 4638
131 1674
2898 1504
3229 2284
2542 3303
1461 2825
1070 3625
1133 71
3443 2558
596 3238
2601 157
475 2179
251 62
3658 1673
3068 1713
1780 2980
1968 1333
161 4006
1356 4268
1591 114
3505 1561
2603 2764
2133 565
1427 2256
2649 3134
2278 1562
3115 1432
4457 4196
3691 2114
2103 2152
3517 2330
2953 796
850 3024
3740 658
3158 1809
3847 1604
2627 2656
1178 2245
1260 3327
40 4306
72 3194
1768 2820
2415 3734
4471 1017
4314 1191
659 1261
3774 1806
3054 3065
1731 4489
2531 2790
1031 2756
517 4384
2630 1019
496 4128
447 1240
218 4228
1293 3045
1277 2540
1011 4108
1497 3310
3883 4549
2295 2279
291 4194
751 2047
4365 3007
3682 2583
737 3390
4427 4192
2693 2140
219 2244
4430 1115
4082 4131
230 3520
2643 1948
4232 1325
1963 4147
3753 1472
3553 661
1042 698
3313 833
1738 2438
1694 3355
3462 3025
64 2500
3824 4292
1669 3898
1868 4142
1487 4462
2125 1549
2254 3268
2233 577
4214 276
574 3648
2023 1709
2086 3137
2883 271
4222 2001
3121 3158
2932 353
3524 3941
662 747
1981 2912
4101 1110
1515 2302
414 105
302 4093
3985 4472
1079 488
1032 1990
270 3281
3137 570
1953 2294
861 3359
3924 3936
3600 2145
3632 67
1302 721
3839 3876
2102 2774
3827 3631
2222 4046
674 2982
3648 3847
3975 3458
3435 217
2170 607
345 3793
2357 4027
3398 1621
1649 1934
1688 1241
3151 214
4385 1484
3939 4086
758 1306
2592 1968
3488 1815
3797 4246
1316 2160
3114 3850
708 1512
2944 1654
269 1497
3895 2252
4127 4003
4379 882
2319 1180
1524 4588
1227 4301
2402 2391
324 2511
3118 670
3004 945
2763 4479
3726 608
1662 4197
2713 2844
2800 759
3069 3474
1323 1317
2058 2274
3679 3812
1525 1853
4522 1403
466 3316
3298 1369
1792 1568
3639 1190
3473 734
4134 4606
3549 911
4241 688
259 2203
1183 3698
2973 3623
2310 2510
2057 3704
2368 1481
876 2738
1153 4286
1437 1729
1067 548
2660 3368
2452 637
4362 2175
3856 1787
3423 3445
3414 3023
3148 70
3776 4580
2634 1531
3923 3882
3597 3733
1572 3052
948 3833
1452 853
2507 4408
3545 740
4355 167
1154 2705
420 2134
3567 1560
4361 2978
4548 2107
1351 2776
3806 3420
1029 1757
2302 3430
2823 3375
3702 3249
1633 2675
4408 4077
3537 1373
3810 2634
3711 2570
4487 627
2313 60
1601 2746
3891 279
2622 2190
2150 2754
1278 4602
2880 1053
605 2708
875 3222
3241 3541
273 809
2613 15
4025 3609
4537 3803
1072 886
3716 4358
3219 3989
242 539
1674 2072
4115 4034
226 4035
858 1702
1115 4136
1305 4530
1239 1173
1513 3091
2062 2195
3910 2597
4239 4491
1428 2406
418 325
1883 1242
569 2721
2077 2677
4584 2501
3022 1222
4618 851
518 1975
2186 4381
2257 1251
902 2339
1451 3730
2669 852
1858 2412
1561 3111
1165 3789
3386 2078
1603 41
2561 1693
264 144
2916 3949
2354 1399
2950 4407
2841 481
525 4263
2059 3747
2859 2129
1242 1608
2208 1542
485 2924
2671 4150
362 4518
2849 3106
2851 3869
1055 3719
4092 2469
384 4083
1378 3064
4613 3510
1923 3169
2325 4298
1207 1249
3857 2153
2344 1521
3735 4510
750 3583
497 4191
1535 609
2599 385
128 2604
4450 3626
3014 341
2447 2894
1604 4267
3141 2530
97 3524
2699 1314
3876 890
1987 2804
364 3759
3061 4171
2996 1664
2006 4259
3528 2098
1715 783
951 2170
2139 3185
2674 4213
2156 398
1106 142
2852 4117
3218 1628
4476 3260
886 3243
1346 4387
2070 3395
899 1644
900 1349
217 4319
863 3842
2328 1066
4621 89
151 2976
931 2299
2401 2220
3796 4097
2410 1067
3425 2271
2350 3307
838 3870
4391 4426
1537 1029
1333 2074
474 417
83 1313
530 2557
1445 2811
434 1646
1130 4591
1422 4068
3409 2059
3795 2394
3002 2090
3493 1394
2143 198
1361 3866
3401 2436
2897 1201
1729 1151
2708 3386
2892 3464
1794 2619
2366 2887
2220 3404
2796 4023
263 3337
3574 1529
1989 2301
1670 3165
3491 3950
1793 4312
1014 1580
3383 2365
3778 1876
1179 1956
1807 1486
3820 191
1668 2267
182 752
4168 748
1832 2935
377 736
2865 1367
2444 164
4393 4303
1148 4478
1118 1800
2712 913
1651 2485
698 4280
2392 723
4108 1246
535 2187
4397 1631
2969 2795
984 4080
522 2864
305 1867
4418 3746
1022 84
4396 1887
761 3711
16 2652
2615 1248
1961 3839
4377 2554
604 656
1263 666
3100 1036
1798 1839
958 4439
4005 3717
2227 356
4024 2407
1460 2118
1828 1922
1646 847
1168 2668
2665 1724
802 3156
2727 3613
4231 2452
2385 2741
2905 2784
1386 1377
3374 2506
3885 40
3264 1112
4215 2772
3525 1208
3470 836
2683 2651
507 937
1352 3875
4609 1211
191 3828
804 1929
665 3376
3106 1064
440 123
2034 436
973 3160
2131 4333
3294 2923
1012 141
123 3278
330 2404
4551 3723
2663 4555
3262 1193
2875 2033
4257 3231
4382 2000
845 4627
2628 484
1103 4255
2109 1501
1094 3107
306 21
316 667
1362 4073
936 2498
4143 4369
4593 2342
2276 779
1691 471
1298 2911
3476 1842
2411 1865
340 3772
54 2759
4083 1454
3760 3665
4250 2463
2868 987
2032 7
66 2432
4511 877
2871 1660
4153 3083
4356 4119
1595 3527
1363 891
2477 3182
2718 486
2854 4564
1942 1896
1509 2325
3598 4612
2956 3244
1259 3992
888 4069
633 4506
721 465
3363 3164
2369 2720
4389 4103
1722 3581
1909 1946
2544 1964
684 2698
4187 1056
2196 3610
1539 1196
2886 2505
3085 231
2551 3655
30 4379
1065 3786
1839 898
4121 2933
4039 3910
490 2171
3644 2900
3273 1315
235 1717
1869 2442
1406 2239
3020 2737
9 4322
2612 1762
1545 3149
3412 3969
185 1426
589 2739
1636 4180
3811 1618
4160 4230
4635 4360
699 2512
2835 800
281 2832
4432 2048
4255 1070
104 3331
198 117
1257 3431
1380 1891
3858 1565
1376 2037
2860 2434
2758 2146
477 2551
4509 4493
2954 1810
3591 3443
4109 3131
94 2648
3840 1068
4096 2081
1838 396
2567 2525
3694 4377
1510 1656
3356 76
2381 2147
726 2073
4422 3585
2511 4404
1467 949
3436 1620
3261 3797
499 3090
4151 3780
2162 944
288 4041
1804 3253
87 3272
2169 450
1105 2889
208 640
1438 2930
1588 1947
1954 4174
2707 572
1345 2805
24 2659
917 1844
1974 1401
2104 2423
141 914
1337 3670
3837 1812
3282 1368
3310 3127
4520 3532
594 3521
3254 1760
4369 4537
116 192
3300 2411
2300 1259
3268 1880
1844 2797
1481 4650
1697 3858
1431 1783
3043 3392
2018 2663
1683 3694
1657 4088
2992 207
3640 3552
3276 3448
2694 1188
1225 1641
2719 3263
3790 3600
1590 724
1746 3233
1272 4355
4526 3113
1472 3538
3157 491
3738 4262
3305 3378
3290 1382
2902 159
3887 1335
772 2726
770 955
158 4291
298 1662
4048 2607
2167 3705
52 94
2563 1813
3803 4287
1212 1997
894 4391
3635 3200
3146 1682
4614 416
3917 4581
369 490
465 544
428 2932
3267 2128
2913 3795
591 1927
3519 2858
2667 1022
4006 552
3458 2942
2425 3150
1403 985
98 3951
1325 1179
3731 3047
3263 1924
3989 1347
1826 4220
3420 3649
339 1798
2538 1629
4384 3142
4612 2336
4019 3503
2435 598
2642 3892
3576 2041
3071 4424
1990 1069
3134 2226
1911 3559
1038 1264
873 3447
1742 1579
3333 2320
1641 4229
4639 3934
1675 2066
1254 1670
3013 2424
3527 3819
4364 2589
1075 880
929 2586
1789 1187
514 394
4219 1510
1062 3832
2911 4138
357 1870
1129 1359
272 2877
3802 376
1967 302
1326 1817
1470 4234
1993 3373
77 4274
1845 2314
88 3002
3338 3209
3226 624
2025 31
2398 513
2541 2368
2782 485
1159 2791
2676 2063
4489 2455
1349 2567
4649 4367
50 664
1547 3931
890 1906
1749 2154
651 3893
540 343
3968 160
4030 2372
2746 4223
2065 2748
3886 1433
4473 1937
2142 1843
358 1874
4440 3905
3636 3903
2723 2841
1152 974
1713 268
3319 650
2806 4616
4291 773
2217 3653
1190 2602
3076 2054
1943 2582
2840 1640
2082 1456
1695 14
379 3332
3629 1707
59 4446
4330 478
2306 2133
991 3139
1952 3760
3833 4289
1198 622
363 1998
3515 1591
71 2680
2523 3678
2330 1083
4335 131
2995 555
1096 2878
2991 2786
7 1698
3786 3360
667 4565
2893 1695
162 1536
3657 244
410 3645
82 4353
3889 695
1773 1750
2320 921
367 703
1233 4344
2255 3422
1706 4090
747 814
176 2229
2750 3449
2581 1593
1041 2465
312 4185
376 1871
2974 3571
4156 3053
286 975
1404 1945
1368 760
732 3879
2091 2646
1962 2427
998 1254
1856 130
3099 3811
1687 1970
4591 155
4392 3741
2653 2117
2129 2435
3203 4095
4315 1362
2623 2573
1294 4233
1632 1847
1723 1452
224 3829
1615 1171
2215 3167
2574 2760
2803 446
1501 3279
1579 1994
2550 246
3966 2266
3304 885
681 151
2195 3232
1236 601
792 2136
2578 2483
4262 2702
2564 2019
739 1686
2700 206
1765 4615
4069 295
1593 4371
2423 533
4203 1060
3361 2082
3173 1127
2774 1445
3253 1284
3814 4649
588 1291
1206 1522
3556 2371
1568 13
2895 649
53 2331
1982 2989
2577 990
879 4120
2737 790
2472 4236
3911 4038
581 918
4458 2951
2188 1700
1763 3425
4390 2250
186 2373
2650 221
3255 2913
4378 3299
4046 549
3585 1267
2773 858
1219 3297
2963 1270
1703 3908
372 404
346 1458
4541 4586
1917 1598
1006 1878
3930 3502
1934 1372
2605 2528
86 1213
2213 3749
2409 3551
2135 2974
2172 3157
