785 5590
1 0 53
2 0 766
3 0 730
4 1 962
5 2 878
6 2 617
7 6 91
8 2 178
9 4 361
10 6 444
11 3 344
12 11 982
13 3 722
14 6 188
15 3 237
16 4 405
17 6 928
18 8 293
19 3 409
20 10 783
21 10 88
22 0 786
23 9 563
24 7 347
25 22 133
26 2 723
27 0 690
28 24 948
29 21 25
30 4 746
31 3 851
32 29 266
33 10 847
34 22 984
35 9 722
36 25 325
37 19 675
38 17 211
39 32 302
40 39 475
41 32 446
42 27 50
43 21 977
44 40 149
45 23 368
46 17 614
47 33 41
48 12 715
49 24 304
50 42 303
51 27 182
52 22 253
53 38 120
54 44 475
55 53 228
56 1 815
57 33 445
58 29 954
59 50 437
60 3 936
61 11 515
62 60 795
63 52 414
64 13 345
65 37 614
66 34 623
67 15 544
68 14 519
69 68 589
70 66 658
71 46 89
72 1 69
73 67 194
74 23 3
75 61 405
76 23 679
77 66 945
78 31 534
79 61 896
80 42 271
81 20 351
82 56 797
83 27 114
84 34 361
85 30 328
86 69 761
87 4 303
88 74 117
89 22 531
90 9 834
91 81 224
92 53 88
93 47 760
94 65 606
95 31 50
96 54 883
97 8 249
98 31 81
99 22 414
100 17 479
101 55 351
102 83 230
103 11 257
104 64 425
105 43 142
106 17 285
107 1 97
108 23 928
109 47 801
110 97 737
111 97 860
112 68 274
113 40 399
114 28 777
115 45 486
116 114 951
117 87 844
118 24 415
119 35 769
120 6 305
121 32 553
122 49 496
123 34 353
124 118 502
125 105 108
126 96 201
127 93 807
128 75 814
129 15 748
130 79 331
131 66 770
132 22 185
133 98 349
134 103 193
135 26 785
136 62 661
137 85 64
138 104 42
139 100 599
140 52 217
141 113 39
142 42 260
143 104 660
144 131 420
145 49 128
146 136 224
147 28 596
148 94 560
149 130 15
150 74 660
151 49 899
152 89 745
153 70 709
154 36 492
155 118 599
156 1 763
157 33 325
158 68 906
159 86 376
160 11 952
161 51 873
162 86 643
163 88 395
164 51 782
165 146 29
166 146 190
167 110 540
168 142 935
169 30 242
170 108 863
171 166 309
172 115 835
173 118 502
174 24 37
175 114 593
176 78 524
177 67 879
178 133 875
179 177 717
180 163 685
181 136 828
182 146 746
183 168 430
184 97 162
185 157 746
186 117 672
187 106 791
188 176 370
189 34 257
190 21 240
191 60 4
192 174 216
193 98 744
194 129 891
195 129 339
196 14 614
197 48 212
198 130 102
199 117 220
200 197 315
201 123 304
202 7 56
203 101 607
204 174 340
205 148 187
206 93 247
207 172 252
208 54 935
209 186 284
210 112 900
211 121 601
212 166 98
213 100 89
214 207 315
215 4 687
216 118 10
217 119 144
218 205 89
219 61 548
220 195 854
221 162 144
222 198 101
223 84 496
224 159 831
225 208 305
226 148 84
227 78 668
228 48 37
229 57 939
230 21 378
231 69 460
232 168 169
233 173 883
234 179 809
235 171 879
236 58 686
237 141 579
238 28 213
239 50 754
240 177 184
241 117 769
242 77 720
243 153 905
244 230 395
245 32 899
246 228 77
247 211 936
248 41 898
249 13 184
250 11 184
251 196 154
252 16 594
253 4 72
254 230 666
255 99 137
256 136 94
257 159 359
258 158 831
259 180 12
260 40 701
261 126 74
262 188 238
263 209 587
264 166 746
265 133 145
266 11 983
267 13 107
268 157 801
269 40 322
270 138 677
271 120 862
272 47 41
273 260 750
274 228 921
275 263 68
276 29 54
277 189 541
278 118 608
279 61 655
280 242 839
281 95 675
282 246 962
283 75 252
284 186 599
285 105 778
286 258 60
287 268 448
288 220 602
289 4 788
290 254 45
291 126 418
292 34 551
293 204 736
294 82 473
295 276 579
296 240 296
297 78 59
298 149 124
299 93 130
300 24 625
301 136 218
302 229 903
303 48 657
304 103 755
305 11 288
306 224 234
307 10 956
308 228 235
309 123 54
310 246 512
311 36 299
312 105 704
313 122 832
314 120 889
315 15 101
316 131 482
317 115 141
318 176 610
319 136 771
320 218 756
321 146 309
322 287 615
323 16 531
324 260 329
325 155 253
326 47 817
327 143 421
328 76 110
329 158 953
330 224 374
331 285 171
332 51 21
333 179 595
334 162 609
335 44 14
336 101 937
337 300 99
338 201 858
339 293 735
340 227 606
341 258 715
342 266 182
343 263 815
344 13 919
345 258 994
346 53 138
347 244 586
348 316 503
349 234 673
350 136 169
351 280 117
352 313 312
353 189 905
354 80 489
355 92 162
356 239 806
357 293 815
358 76 884
359 274 824
360 294 158
361 293 304
362 127 458
363 246 635
364 115 296
365 305 944
366 68 555
367 44 158
368 52 550
369 364 325
370 184 822
371 138 915
372 142 700
373 154 612
374 308 430
375 354 494
376 68 765
377 369 899
378 313 485
379 222 328
380 311 846
381 32 156
382 353 933
383 16 612
384 302 241
385 260 378
386 40 666
387 50 219
388 259 149
389 286 179
390 170 342
391 22 278
392 55 316
393 378 427
394 104 49
395 205 895
396 140 219
397 190 842
398 307 811
399 52 597
400 42 80
401 175 800
402 25 300
403 257 103
404 383 981
405 249 523
406 269 626
407 183 79
408 49 798
409 7 88
410 220 975
411 54 441
412 70 780
413 208 364
414 175 217
415 265 625
416 19 831
417 1 419
418 203 306
419 15 559
420 222 855
421 354 835
422 249 787
423 214 745
424 314 379
425 150 193
426 380 625
427 117 893
428 83 428
429 95 613
430 399 719
431 28 726
432 304 265
433 52 3
434 134 437
435 68 293
436 185 278
437 379 891
438 76 28
439 180 517
440 56 299
441 196 66
442 72 915
443 261 467
444 70 191
445 10 996
446 295 182
447 90 422
448 384 597
449 68 341
450 189 464
451 83 237
452 172 915
453 79 624
454 261 269
455 38 285
456 7 597
457 48 647
458 212 957
459 130 892
460 387 846
461 367 774
462 361 417
463 138 240
464 422 891
465 54 588
466 229 117
467 18 145
468 144 375
469 262 191
470 72 433
471 241 544
472 59 500
473 31 535
474 55 290
475 451 504
476 127 287
477 139 776
478 382 12
479 384 915
480 64 115
481 68 224
482 355 548
483 166 320
484 459 86
485 123 555
486 195 31
487 309 261
488 457 51
489 213 232
490 296 42
491 289 321
492 202 493
493 435 256
494 98 17
495 261 576
496 489 673
497 450 649
498 205 761
499 478 184
500 397 74
501 280 430
502 233 940
503 156 249
504 153 751
505 308 55
506 173 155
507 313 265
508 277 764
509 64 74
510 177 598
511 476 318
512 36 651
513 128 887
514 504 130
515 288 751
516 450 661
517 121 745
518 448 699
519 55 975
520 163 43
521 346 97
522 54 439
523 44 75
524 381 355
525 170 538
526 20 203
527 203 256
528 295 177
529 247 806
530 229 173
531 77 937
532 453 361
533 99 640
534 182 306
535 369 283
536 451 367
537 56 783
538 298 814
539 452 62
540 28 394
541 218 993
542 475 294
543 233 740
544 40 190
545 129 885
546 320 77
547 212 863
548 1 101
549 443 640
550 45 698
551 478 7
552 157 53
553 507 488
554 42 438
555 100 515
556 251 893
557 19 706
558 19 274
559 99 21
560 48 311
561 170 780
562 110 92
563 56 111
564 17 163
565 286 384
566 505 406
567 178 804
568 74 0
569 376 835
570 490 537
571 533 424
572 432 670
573 538 707
574 489 627
575 121 265
576 140 748
577 509 571
578 121 312
579 401 3
580 61 309
581 113 970
582 498 943
583 513 247
584 398 706
585 153 326
586 127 817
587 23 90
588 284 75
589 309 671
590 273 190
591 410 938
592 115 711
593 211 712
594 252 776
595 259 760
596 301 645
597 542 429
598 498 517
599 164 946
600 119 485
601 434 102
602 340 260
603 293 328
604 371 605
605 54 233
606 292 684
607 194 321
608 372 788
609 534 987
610 257 844
611 305 459
612 84 434
613 448 381
614 117 310
615 142 924
616 485 75
617 521 201
618 381 465
619 282 422
620 359 575
621 18 406
622 412 480
623 326 751
624 148 771
625 416 373
626 554 798
627 337 930
628 475 621
629 625 845
630 77 748
631 232 95
632 558 342
633 415 226
634 466 853
635 82 490
636 96 125
637 323 475
638 583 751
639 385 864
640 500 762
641 233 75
642 618 370
643 629 925
644 396 352
645 584 410
646 40 180
647 556 183
648 39 741
649 79 756
650 628 246
651 470 436
652 273 566
653 53 163
654 556 442
655 633 103
656 354 93
657 72 510
658 369 533
659 455 585
660 449 480
661 391 736
662 436 513
663 59 955
664 482 160
665 217 795
666 229 659
667 154 168
668 88 347
669 383 35
670 316 722
671 23 822
672 309 739
673 257 308
674 215 725
675 495 881
676 483 139
677 94 918
678 274 546
679 329 192
680 296 436
681 631 959
682 150 513
683 281 87
684 339 120
685 135 629
686 417 370
687 671 775
688 582 843
689 150 767
690 179 197
691 310 378
692 87 782
693 250 946
694 671 290
695 436 359
696 444 571
697 634 448
698 34 111
699 534 376
700 470 290
701 464 160
702 520 481
703 682 565
704 692 997
705 40 787
706 608 702
707 276 866
708 597 745
709 409 402
710 350 633
711 215 215
712 78 928
713 349 571
714 619 518
715 491 894
716 35 33
717 184 474
718 122 975
719 55 431
720 681 252
721 81 560
722 589 914
723 491 486
724 290 688
725 234 665
726 131 736
727 204 590
728 502 802
729 621 977
730 139 765
731 597 488
732 62 274
733 650 453
734 476 177
735 14 430
736 232 926
737 260 633
738 138 69
739 685 515
740 201 381
741 8 486
742 574 137
743 343 581
744 535 234
745 52 910
746 144 85
747 117 455
748 662 811
749 91 418
750 346 480
751 372 761
752 423 644
753 631 38
754 47 405
755 214 870
756 343 618
757 557 348
758 31 134
759 95 308
760 677 788
761 158 427
762 626 98
763 247 366
764 489 854
765 498 263
766 89 139
767 541 149
768 419 125
769 375 123
770 499 415
771 730 844
772 438 272
773 687 919
774 277 384
775 472 973
776 425 43
777 194 301
778 265 178
779 7 577
780 696 127
781 92 284
782 556 234
783 139 633
784 390 883
785 680 996
786 11 0
254 455 572
786 534 793
293 468 685
748 109 625
2 488 543
680 768 955
129 180 596
655 461 94
617 20 251
375 343 987
722 73 162
103 466 559
564 150 936
653 675 637
280 320 0
495 624 273
685 618 396
226 738 258
268 748 763
615 210 805
518 78 216
626 26 293
540 115 531
336 31 583
497 353 759
766 653 254
704 327 896
397 732 452
195 363 156
450 731 400
624 329 185
195 381 453
757 348 1000
528 496 70
92 34 956
127 442 665
256 524 444
670 291 174
617 783 620
458 529 363
187 478 256
665 211 357
245 42 814
759 352 676
279 254 127
696 587 93
404 565 110
399 683 551
601 676 332
737 724 163
75 484 694
278 455 758
213 475 889
311 473 618
119 456 881
14 621 778
173 492 797
360 477 532
46 675 472
177 139 763
434 143 671
5 306 963
665 786 577
720 455 490
617 482 564
86 212 61
752 655 90
596 196 290
473 406 514
641 569 995
541 365 670
527 762 87
284 182 36
502 160 945
431 768 441
37 487 113
154 405 559
498 525 620
594 626 860
49 17 188
752 628 361
331 312 196
439 755 738
785 52 369
563 389 343
418 382 257
724 378 298
308 442 776
604 432 884
296 19 940
432 305 316
66 8 256
517 167 312
493 602 481
7 429 993
785 718 267
288 337 468
306 606 353
79 260 718
518 239 293
49 745 287
336 239 854
64 230 308
395 769 87
372 566 460
759 388 438
194 516 92
95 35 84
252 283 130
67 318 497
629 363 732
716 275 245
573 219 743
445 32 796
57 502 850
516 179 117
73 741 923
703 734 682
43 322 416
7 245 250
605 230 17
334 133 416
752 356 875
170 49 175
96 209 824
665 352 114
714 464 553
613 219 467
581 722 672
533 236 454
233 57 211
135 514 258
539 666 913
220 157 811
233 498 972
331 215 324
680 782 233
24 145 154
185 108 3
36 474 388
62 225 94
434 133 501
391 481 270
102 724 455
199 675 40
484 553 966
757 737 442
164 221 464
111 463 345
200 688 587
539 772 159
414 678 802
395 432 691
79 341 643
339 653 774
188 75 619
660 510 895
472 762 656
152 468 66
339 154 483
565 260 280
8 109 556
473 354 497
629 14 872
392 282 266
28 301 889
301 109 562
363 504 998
572 510 865
204 780 918
426 636 869
665 154 730
538 504 627
351 400 44
49 669 660
143 680 344
118 223 663
32 772 528
748 129 217
637 780 7
707 153 216
375 606 823
773 761 865
630 747 542
114 241 637
9 280 55
125 341 711
458 436 892
376 660 84
607 719 602
4 660 346
88 219 688
676 721 747
208 344 730
432 461 419
615 511 212
706 87 951
446 279 209
730 290 256
643 565 842
37 618 808
242 192 86
354 701 365
628 392 616
354 580 100
354 424 447
456 406 172
779 26 5
558 253 20
84 603 348
441 464 655
436 618 689
224 443 651
430 224 827
588 590 773
461 351 947
561 604 344
552 275 334
454 183 772
496 21 568
267 724 34
581 67 970
103 699 707
95 631 265
488 598 317
610 98 691
289 303 483
606 636 913
429 626 230
50 19 127
581 384 575
116 138 585
32 453 554
410 98 7
103 122 612
320 290 565
525 674 17
225 554 976
163 761 375
699 305 169
712 752 444
537 16 656
427 357 631
224 620 524
684 572 538
150 142 802
428 9 897
530 612 775
519 260 423
293 334 8
559 119 821
783 675 483
459 749 914
234 57 113
67 689 775
630 376 414
770 369 54
104 38 835
341 437 798
566 554 661
351 781 260
438 586 497
651 390 475
586 529 627
668 339 818
661 640 169
595 195 461
265 381 593
140 356 821
188 229 788
84 40 558
500 4 265
301 442 118
320 702 893
677 27 836
493 317 606
555 616 493
258 396 271
27 28 809
109 21 481
160 500 650
561 70 961
364 296 363
384 635 361
581 645 845
258 466 952
566 203 468
38 331 15
120 25 805
7 236 923
389 67 22
341 733 999
657 784 400
94 132 463
454 56 880
149 143 155
408 576 389
708 89 377
116 351 943
241 90 63
268 119 830
2 331 45
363 57 770
777 344 143
108 286 963
619 304 753
6 566 179
684 194 408
90 225 596
359 55 231
584 263 624
365 129 30
410 211 739
606 132 945
704 43 531
242 199 311
754 441 275
532 179 863
712 194 543
329 412 548
680 252 943
312 354 872
744 477 623
58 360 373
765 657 301
578 351 190
527 697 435
726 478 68
51 754 332
342 89 916
226 54 965
35 642 580
782 113 188
137 459 664
560 343 704
675 403 202
380 378 311
467 201 888
540 294 785
320 686 924
741 137 488
237 611 780
455 319 833
598 121 843
252 179 473
627 768 983
225 673 694
565 689 687
2 760 410
740 628 524
222 363 547
81 10 100
747 533 304
533 53 726
291 96 714
530 83 417
92 531 25
661 511 284
69 78 291
328 665 11
107 472 215
258 296 148
88 629 665
462 204 947
51 701 240
645 315 185
441 225 110
642 671 72
246 564 417
183 537 669
446 613 955
411 601 776
196 102 770
282 158 790
535 345 533
256 576 111
759 282 867
10 126 854
492 675 830
272 544 498
398 453 528
667 451 863
343 355 712
244 35 972
49 464 795
548 497 854
539 336 880
696 7 160
557 412 22
202 112 310
50 283 180
763 668 394
512 536 42
483 632 486
629 600 315
568 321 921
98 144 766
442 668 268
288 710 345
314 477 680
422 517 140
90 24 952
784 92 197
365 194 784
730 147 774
329 507 115
244 341 588
463 651 30
221 738 386
147 202 708
375 446 972
147 45 606
411 264 789
157 703 6
540 770 64
738 572 988
413 285 730
163 323 391
496 366 518
303 250 112
97 371 290
534 559 349
345 512 713
132 411 509
723 457 27
729 505 449
62 180 836
492 480 561
274 361 420
758 45 381
323 280 877
466 387 360
377 152 526
675 644 971
142 394 810
609 476 115
779 217 449
479 761 693
149 496 264
278 305 511
530 158 245
384 188 173
332 76 812
614 355 1000
72 733 358
2 560 664
701 673 27
618 440 412
226 159 202
595 771 173
135 66 412
225 408 689
482 51 572
112 509 702
645 285 845
255 420 19
187 277 789
401 318 573
70 424 491
54 159 144
653 442 164
659 20 408
13 466 579
407 699 488
628 395 462
359 327 671
273 202 563
286 760 438
449 542 806
608 123 9
119 214 627
636 345 740
716 738 993
461 542 486
105 437 646
37 663 258
473 774 866
506 67 392
101 44 709
756 429 473
568 769 591
94 14 885
732 387 269
97 130 690
603 121 875
483 232 980
452 180 986
546 648 297
656 335 151
75 117 496
225 404 653
588 439 743
508 77 65
436 501 914
601 262 203
55 643 536
380 227 280
185 362 471
422 147 202
441 584 535
662 243 559
637 468 826
85 212 507
578 531 850
71 462 454
209 338 314
640 667 34
368 663 747
499 340 920
650 323 465
631 319 828
513 349 549
592 375 973
43 286 568
243 571 382
656 365 653
442 599 710
346 504 386
598 643 325
708 230 749
360 759 799
389 368 374
430 773 986
98 725 624
445 26 96
183 334 106
726 2 768
146 695 433
642 44 322
370 641 512
411 434 857
243 631 191
212 615 171
468 665 865
255 38 340
748 156 664
203 141 613
236 89 501
720 278 713
261 344 539
294 773 438
187 97 602
676 260 344
327 370 598
237 363 597
229 114 305
508 460 201
308 265 315
520 717 868
517 604 340
747 718 367
125 514 187
704 452 688
369 376 580
336 586 517
638 238 70
148 290 997
515 417 604
670 322 268
60 174 365
550 314 155
402 755 206
136 491 523
340 34 800
486 697 528
226 118 207
641 107 507
571 29 196
564 667 985
225 662 512
91 614 688
264 682 378
121 480 638
190 784 595
93 606 880
134 133 405
20 620 712
519 405 883
36 762 700
299 577 429
638 112 170
278 590 875
100 131 190
23 557 608
28 380 360
338 264 482
81 667 438
19 618 244
466 739 69
475 702 922
441 71 82
131 238 108
405 737 294
410 53 114
207 591 33
671 559 661
200 513 395
29 375 196
380 112 160
338 145 241
571 201 991
485 114 469
757 191 446
527 692 810
99 197 925
257 326 666
354 641 397
363 764 202
46 748 809
248 527 526
225 687 874
540 596 885
59 768 670
731 612 303
548 680 845
718 573 376
223 546 641
207 129 918
777 219 109
676 419 471
669 379 424
733 480 363
341 290 948
716 649 100
607 50 540
67 53 697
329 664 60
588 403 268
231 201 79
505 77 380
465 194 27
145 520 475
709 733 243
126 574 701
485 252 671
657 165 361
366 429 889
446 285 263
341 774 146
167 223 785
772 345 418
726 334 606
427 648 252
87 714 631
467 172 133
160 105 168
5 614 600
34 342 327
617 561 935
88 152 881
612 584 30
502 592 646
108 374 428
27 78 608
78 112 716
680 553 744
59 465 46
401 685 19
223 306 9
610 389 304
612 537 523
565 230 194
675 770 932
581 351 837
687 87 272
52 692 525
698 775 483
194 145 344
219 93 48
361 758 375
222 476 121
734 552 705
601 638 261
676 459 260
261 720 307
354 28 450
309 0 791
396 242 885
69 432 363
58 561 998
562 201 193
660 776 427
594 744 292
145 622 285
764 36 855
338 506 180
540 552 433
688 131 79
626 202 976
129 330 836
553 543 53
225 191 405
383 671 616
310 300 809
357 669 78
610 46 463
622 544 348
338 511 586
205 400 541
154 247 908
587 125 58
436 211 951
506 311 3
10 523 975
53 416 865
390 272 606
389 722 675
265 578 489
453 775 839
339 662 763
712 285 565
128 624 756
484 114 988
243 238 908
562 436 917
216 140 753
462 43 452
365 616 352
280 503 127
569 171 488
513 229 482
89 748 951
494 704 752
378 37 513
5 251 819
149 779 324
149 674 915
8 706 856
52 511 303
79 730 27
250 437 543
272 233 602
696 394 579
288 602 489
628 421 126
78 583 204
106 484 200
335 485 521
318 379 643
731 128 785
575 541 130
350 447 178
15 745 360
246 447 33
780 714 529
531 79 934
218 5 16
472 60 466
492 489 213
780 757 457
506 632 806
103 331 472
551 165 725
456 454 897
46 752 941
433 463 659
697 318 447
656 72 757
202 632 175
44 417 707
14 484 922
696 534 920
667 710 495
245 233 751
614 595 287
521 598 413
680 653 574
105 179 669
720 620 74
761 94 359
246 706 829
401 585 582
500 20 946
411 222 658
293 155 549
375 521 108
577 37 93
587 562 823
31 461 510
575 458 480
194 731 4
178 546 787
626 46 552
571 776 95
253 764 596
695 552 944
338 63 328
733 17 952
608 634 942
510 630 307
775 34 598
90 463 14
733 583 783
533 263 600
534 131 680
152 287 346
408 148 340
241 242 315
612 307 232
528 451 466
384 328 614
230 677 590
723 404 990
324 698 151
70 215 335
198 409 549
216 194 745
662 463 716
324 229 529
252 777 753
275 412 57
173 12 458
110 448 522
632 15 938
603 308 353
357 713 352
355 144 956
511 301 854
207 247 122
437 135 504
587 111 264
424 250 49
483 628 470
457 113 47
205 719 153
739 282 665
16 497 995
76 334 732
563 264 777
152 519 258
623 79 8
755 166 285
333 150 812
314 197 164
243 145 785
714 508 809
718 518 686
377 101 111
590 37 926
172 111 582
287 363 585
756 472 696
522 743 221
428 777 963
192 499 59
226 532 415
170 552 229
783 160 205
415 339 639
650 80 464
671 125 599
309 493 122
629 1 888
125 785 908
609 725 173
548 684 957
752 771 232
20 514 491
566 783 291
92 477 307
156 749 910
186 357 723
642 285 725
559 736 440
111 660 869
763 257 84
437 590 817
698 265 864
80 16 577
311 533 123
394 406 574
416 502 999
362 177 892
311 560 106
234 328 122
192 432 395
59 199 255
282 527 562
101 777 442
287 327 868
392 356 939
667 30 659
620 77 640
285 49 858
202 744 593
698 445 611
45 108 849
119 99 792
344 498 679
768 592 375
548 169 11
609 24 931
447 603 113
533 65 869
567 313 902
771 59 796
98 349 727
681 596 709
269 667 637
499 500 885
233 257 327
761 360 685
733 54 420
248 374 275
708 210 808
303 368 501
459 642 875
714 772 812
683 598 793
659 525 668
455 604 937
753 202 181
401 321 275
710 625 205
348 226 598
351 619 198
12 751 436
745 737 399
69 55 151
734 429 904
105 280 70
82 324 20
232 556 22
373 666 743
497 141 632
55 107 768
308 555 472
349 474 0
610 300 536
80 622 652
244 606 561
331 533 729
418 486 116
607 671 444
543 380 985
378 5 3
504 508 30
468 605 60
393 250 263
21 4 323
711 54 379
703 631 895
778 4 316
343 199 402
352 278 10
220 753 378
543 89 607
641 595 717
507 756 579
738 55 888
276 583 151
588 312 293
364 496 418
338 708 150
300 308 180
709 24 373
283 218 334
194 429 668
505 247 414
446 649 947
296 614 847
298 393 575
106 320 109
99 309 782
686 715 884
186 263 178
129 262 96
482 388 504
441 224 497
296 302 444
221 324 335
90 675 862
540 135 314
767 158 844
28 496 828
202 38 441
618 372 438
601 124 73
719 377 76
327 20 50
585 248 853
636 700 522
627 123 140
585 703 289
192 111 160
743 284 957
32 84 356
734 644 965
56 570 140
582 156 781
340 18 919
279 655 253
39 712 296
247 103 515
728 55 224
16 437 558
711 504 648
272 382 259
218 720 665
299 372 819
744 405 870
178 90 491
126 593 644
550 375 867
287 117 557
632 694 735
739 17 313
381 708 692
578 371 346
444 661 138
284 393 245
444 118 123
617 765 303
661 90 431
113 411 60
191 115 706
467 299 472
395 20 969
722 477 645
553 552 143
725 706 212
367 284 793
145 356 289
30 460 89
88 584 761
171 330 159
770 258 25
749 10 129
264 530 760
710 74 19
426 434 991
282 514 9
208 555 18
255 519 484
250 605 689
611 569 54
295 412 828
610 422 884
183 604 31
241 592 967
128 5 776
200 636 516
170 536 10
769 3 396
286 427 429
361 301 663
326 637 782
99 124 883
398 614 374
772 492 495
226 753 526
572 319 534
563 360 189
639 152 518
372 253 493
619 255 293
36 72 762
167 472 920
74 92 538
253 18 612
62 778 2
552 383 236
134 373 524
749 699 200
11 313 87
172 610 403
640 22 7
37 338 6
627 328 598
286 298 564
725 719 822
128 467 763
765 255 958
518 664 832
530 296 168
14 190 214
706 324 290
478 254 837
275 352 764
457 89 184
526 353 829
126 133 371
667 328 527
579 89 963
738 137 636
373 701 448
77 277 511
70 542 413
479 730 795
66 552 327
554 668 569
688 211 600
277 271 132
484 404 776
173 414 418
26 301 862
747 203 425
272 646 990
494 69 703
688 724 432
326 154 625
472 149 141
208 257 396
125 228 250
723 182 130
676 73 870
178 535 146
450 623 784
521 340 877
305 382 715
396 182 251
108 607 547
642 231 66
88 169 470
177 389 841
733 437 901
419 68 739
407 534 32
345 93 889
371 436 730
135 34 604
608 190 455
263 319 147
672 663 729
223 189 41
330 153 498
238 23 420
490 78 758
164 438 696
276 93 790
582 108 107
453 433 804
484 356 434
173 251 976
370 308 445
330 209 82
283 485 729
547 242 757
633 658 733
683 412 368
549 313 1000
218 396 508
599 204 385
115 575 808
336 3 43
358 70 58
300 730 142
543 323 465
752 199 674
291 436 215
729 164 563
493 34 890
785 218 334
497 220 401
141 537 320
236 621 144
125 450 360
200 74 363
702 101 74
335 690 967
34 601 726
255 648 703
261 633 100
40 310 273
572 669 821
100 179 298
384 125 616
673 58 250
398 26 604
753 138 820
654 558 590
339 240 593
175 251 621
57 704 154
35 705 615
452 663 950
531 744 791
138 617 358
676 94 51
655 180 938
644 388 979
135 786 441
366 368 46
600 277 420
516 661 379
677 127 195
710 97 180
761 507 412
61 83 681
357 584 90
227 512 282
303 386 514
586 176 279
424 369 610
485 58 747
423 79 616
372 568 122
166 155 115
77 399 593
140 450 173
569 571 378
90 414 416
84 184 798
538 372 455
58 554 873
413 726 420
452 785 341
459 62 30
122 586 53
499 41 410
0 23 758
495 577 256
219 682 377
448 42 236
557 447 411
742 528 36
380 678 181
687 205 426
718 717 845
272 593 13
485 357 63
514 411 596
146 711 398
734 371 923
274 665 849
698 206 901
670 769 678
31 483 123
276 75 31
261 212 580
177 45 886
682 276 301
173 104 3
458 37 336
580 62 87
256 140 872
272 445 269
285 764 370
420 429 412
124 166 4
10 765 736
490 374 266
429 267 876
596 499 475
634 321 702
28 85 432
96 380 822
53 299 928
410 744 250
257 419 975
82 397 241
260 415 951
159 555 472
513 1 572
142 298 473
568 120 844
644 216 354
762 576 760
611 612 768
247 217 846
393 564 929
526 37 68
43 676 833
183 503 618
733 321 890
602 659 507
335 278 384
494 463 333
171 328 211
398 235 890
736 553 874
18 104 468
428 341 134
363 241 208
785 99 343
260 763 93
227 188 613
239 143 311
279 429 28
307 463 261
763 520 253
697 169 890
594 513 875
263 777 742
737 466 612
752 487 161
532 120 849
201 237 985
332 469 567
479 496 221
563 425 583
450 296 194
200 166 942
753 180 476
536 677 84
189 480 695
18 59 492
757 129 725
114 395 907
689 80 20
151 463 341
689 294 521
653 713 42
612 432 629
358 769 120
136 625 405
232 159 233
52 280 739
227 334 129
672 142 362
20 766 393
122 87 252
680 764 670
298 43 508
597 420 289
726 729 207
562 32 659
211 592 41
447 130 102
388 570 954
481 384 244
51 406 880
613 277 111
741 85 433
584 686 675
47 256 875
276 613 249
131 686 186
262 333 392
468 171 452
459 441 794
34 254 55
273 341 570
145 615 664
519 387 99
743 733 471
650 445 907
358 357 526
276 607 754
160 439 820
235 471 482
704 662 781
77 155 435
67 380 884
63 355 608
536 123 903
716 566 209
480 616 407
769 158 663
404 422 845
451 657 457
685 560 872
764 553 540
595 572 772
562 259 614
206 476 679
612 750 298
438 705 434
613 25 488
299 453 567
664 526 487
381 550 106
208 265 435
581 476 772
554 247 670
616 481 636
552 597 35
294 14 240
423 45 257
498 271 581
256 57 386
539 318 977
456 260 184
639 699 623
342 319 272
95 572 353
114 374 424
628 165 262
257 417 863
464 96 796
588 299 607
171 362 435
594 140 696
351 257 773
768 203 589
282 137 323
733 261 891
26 86 831
169 615 39
747 104 720
257 243 180
512 286 972
719 700 831
412 399 674
17 70 140
5 412 767
172 338 861
356 104 612
190 192 530
269 724 185
92 172 353
683 639 827
0 571 262
568 360 723
561 270 898
407 250 685
577 650 78
202 20 185
294 116 433
103 627 954
493 473 844
203 695 716
611 751 423
14 667 736
444 292 490
186 205 619
570 330 192
271 770 407
57 331 536
189 343 537
516 523 931
663 475 422
550 756 397
395 167 14
458 147 209
608 336 212
155 0 302
654 3 652
417 459 203
111 119 518
509 394 552
544 233 824
94 395 36
612 440 986
759 3 294
315 521 48
441 298 288
583 242 536
346 525 609
641 317 851
453 448 768
255 609 912
154 224 48
564 707 392
74 239 357
490 132 254
186 0 802
775 173 335
31 459 969
728 96 146
335 750 430
627 479 211
664 256 311
511 144 203
88 587 257
412 708 53
536 680 606
783 125 237
702 614 914
22 486 942
739 735 682
660 132 231
241 440 752
562 463 704
87 284 555
424 549 509
111 500 208
312 601 732
96 250 104
101 212 375
365 171 728
381 635 377
464 17 438
232 634 857
398 483 645
356 468 908
528 362 728
164 40 985
493 200 93
17 782 876
353 351 445
288 322 510
67 715 208
496 262 614
600 219 106
413 628 810
714 427 969
132 618 702
419 286 389
238 80 136
338 432 7
672 77 19
118 437 438
518 530 452
395 706 251
585 221 857
569 534 372
287 207 157
590 312 814
96 74 553
44 172 363
89 477 228
753 660 308
349 644 383
425 61 388
498 493 327
749 501 462
196 746 933
445 508 583
433 744 689
251 296 650
127 2 511
79 245 290
123 436 962
213 334 502
286 455 472
293 251 978
646 358 892
473 612 548
276 591 352
67 514 298
608 207 568
514 480 927
667 56 360
615 671 602
27 740 988
608 326 307
707 653 759
182 158 625
383 172 622
701 68 831
64 649 407
661 714 229
244 248 63
222 175 990
167 783 627
245 52 619
244 622 30
321 327 426
40 502 893
7 322 197
412 321 745
147 369 438
4 84 741
438 780 703
725 652 617
155 289 24
505 403 748
589 549 69
707 624 837
571 774 995
525 72 343
707 92 332
339 632 808
48 661 692
196 653 723
101 638 733
238 448 904
697 206 659
698 581 802
561 98 810
271 632 707
447 74 436
222 118 567
221 438 1
90 541 15
379 442 612
31 602 403
617 133 625
718 65 517
648 0 329
31 159 916
667 168 708
219 536 573
541 654 941
30 160 326
73 773 307
63 577 946
755 281 917
639 427 374
535 551 234
687 302 740
67 705 188
260 532 729
769 5 924
645 67 232
265 767 678
593 274 487
93 713 517
249 9 980
738 479 470
725 497 708
765 393 64
556 743 799
274 91 826
293 111 2
677 551 168
551 145 174
97 336 636
318 516 525
402 747 611
759 432 32
656 702 337
785 224 599
605 764 906
255 140 875
438 718 303
433 717 645
543 98 706
368 337 217
287 173 95
655 764 771
198 415 332
227 122 717
104 42 334
637 568 848
8 711 971
385 497 874
324 351 50
383 730 333
755 273 644
748 246 948
241 265 243
21 642 435
250 243 67
698 739 13
562 257 444
181 171 952
651 723 786
478 68 572
684 53 789
750 501 904
582 447 905
357 95 507
135 122 960
643 492 983
536 238 532
785 200 923
50 621 331
90 20 167
259 193 232
100 716 537
356 366 59
79 638 568
763 744 507
214 157 780
785 644 866
444 574 86
691 198 293
515 231 481
764 4 769
532 484 253
134 325 153
735 411 714
194 785 41
543 5 523
774 495 79
305 620 233
617 67 399
72 214 392
729 591 574
256 12 767
389 170 164
170 775 165
557 289 248
400 649 318
180 754 344
30 100 812
31 720 353
455 666 129
220 600 227
743 754 963
369 449 869
751 458 172
392 293 728
9 540 999
522 564 494
131 465 208
770 597 698
703 50 826
749 78 402
50 566 700
207 693 432
285 365 67
85 213 946
177 278 29
555 580 57
400 204 7
177 105 407
54 658 118
130 475 540
477 778 367
299 202 952
199 397 227
252 338 307
672 488 19
114 62 490
81 504 694
730 696 900
470 750 356
359 638 140
36 15 475
576 633 314
107 597 744
772 389 794
687 733 487
759 635 808
289 369 820
256 495 490
145 226 624
264 359 860
42 711 578
271 682 50
574 236 970
706 561 734
773 749 869
131 70 969
85 35 990
462 399 679
393 497 234
1 258 781
301 368 575
635 500 283
536 85 59
522 106 757
117 180 337
371 345 608
767 82 368
565 440 403
673 137 978
553 771 413
642 51 609
260 781 970
83 412 149
259 269 474
355 112 894
137 407 856
23 64 111
289 317 865
39 626 196
293 149 643
413 95 23
404 772 944
712 681 409
501 17 6
90 770 332
191 272 61
374 405 948
742 771 701
74 456 466
471 484 459
590 547 687
772 763 63
55 203 671
378 428 92
183 137 572
112 751 323
347 585 718
381 169 798
221 255 635
631 674 270
357 736 974
328 42 269
341 737 873
245 254 369
332 254 406
522 186 162
313 504 940
325 486 153
662 595 130
487 437 744
369 711 81
101 58 482
286 695 786
48 400 814
344 212 933
521 501 661
313 368 846
593 144 854
616 672 402
235 70 196
631 417 388
713 731 700
95 369 940
564 684 698
461 663 412
299 276 563
536 683 159
246 609 202
580 346 640
641 689 777
627 368 875
49 465 875
690 161 377
105 254 96
713 233 215
331 163 815
87 432 940
69 32 589
570 262 557
461 218 687
329 701 540
253 606 956
212 716 785
350 154 595
262 522 453
686 694 99
719 388 539
414 130 839
771 3 86
752 98 885
771 369 644
33 118 780
308 582 957
165 461 549
50 257 694
427 258 139
226 418 11
492 306 78
28 679 537
123 564 553
6 434 540
290 127 963
580 126 35
679 675 33
400 734 155
135 372 195
145 737 848
406 683 278
473 562 487
537 240 536
761 182 234
609 456 526
524 222 36
340 507 589
662 707 269
260 526 119
107 546 579
391 540 191
69 765 212
540 586 75
115 610 960
542 85 859
753 386 88
733 312 101
587 529 101
769 600 569
468 23 638
651 460 502
544 512 886
434 737 231
142 91 992
522 396 54
475 718 299
471 144 146
726 581 583
349 232 580
183 560 759
643 589 617
604 784 780
146 267 516
456 34 583
527 605 260
712 677 195
87 557 789
548 366 20
685 14 56
764 696 286
571 494 865
285 141 576
162 59 822
192 552 94
409 479 118
671 525 744
5 519 470
267 93 363
522 652 232
778 0 354
114 734 91
239 382 985
783 468 948
192 294 409
628 351 402
487 77 33
628 228 15
136 101 912
368 25 318
771 96 709
674 479 393
372 672 654
154 498 584
310 734 23
733 323 932
366 540 54
630 628 484
473 516 551
776 586 1
56 361 372
223 307 498
9 640 134
590 644 4
114 443 726
296 299 360
749 377 185
270 522 800
389 567 920
359 697 25
583 50 134
122 99 953
364 70 478
572 516 623
517 33 645
446 403 117
428 212 729
436 544 605
662 256 99
749 24 21
254 688 496
399 68 927
622 131 537
523 207 972
260 661 967
314 411 911
153 598 647
688 330 419
724 94 385
243 97 309
87 228 377
292 482 956
427 214 590
211 548 69
384 270 595
305 22 77
267 650 469
727 43 575
278 194 405
133 62 70
474 566 461
65 70 357
215 128 590
406 3 170
54 163 591
157 78 4
13 444 521
66 248 413
669 203 946
604 696 816
418 155 797
279 265 77
310 208 125
213 513 313
310 330 163
381 693 217
482 701 643
85 590 658
425 615 374
745 455 276
230 152 645
248 776 401
759 334 460
665 58 845
676 132 283
447 444 882
705 536 226
38 478 719
497 595 207
720 655 550
593 703 146
441 724 746
695 132 341
190 451 634
713 417 618
209 258 670
382 90 722
84 111 373
301 633 534
190 781 425
269 47 855
111 369 355
48 191 423
730 37 125
753 439 907
41 595 910
206 297 170
603 240 307
131 314 694
6 645 327
399 49 575
16 592 390
230 12 358
130 770 215
369 408 49
487 153 48
574 51 495
718 509 640
137 581 573
274 81 238
535 638 133
573 191 532
784 450 541
401 438 720
396 378 285
456 624 951
288 620 43
2 37 431
457 2 514
28 408 575
638 480 472
473 213 577
782 645 605
303 286 946
725 22 33
385 243 941
310 260 314
607 621 764
92 542 765
591 21 702
733 703 873
10 659 688
278 757 627
242 347 508
706 62 637
690 523 543
739 285 267
88 689 786
714 33 273
353 686 951
623 330 644
223 82 453
769 739 161
386 476 172
192 143 414
51 117 935
44 135 223
185 449 31
494 75 542
786 412 919
749 153 616
604 132 705
769 31 382
342 760 271
302 270 94
333 582 364
638 65 378
769 383 18
681 46 512
303 376 767
680 667 120
747 66 230
274 37 203
251 565 116
299 389 362
435 7 275
553 174 361
635 67 991
189 387 684
287 532 966
616 205 384
418 607 835
358 225 783
279 459 853
470 100 521
668 44 645
224 410 746
291 572 377
343 538 543
405 622 228
372 292 887
700 269 497
236 288 592
334 605 968
447 405 752
601 348 726
222 101 916
331 750 676
246 91 770
123 13 182
770 362 908
442 216 442
165 716 67
164 306 785
500 410 239
562 720 573
325 620 458
47 639 532
488 302 84
629 450 875
99 639 303
510 99 542
159 310 291
436 739 614
205 216 250
509 205 225
64 53 955
57 503 11
136 367 524
288 521 513
327 573 399
121 710 687
705 754 817
409 645 834
737 768 551
635 364 906
442 662 986
743 110 418
603 49 804
470 567 758
71 298 648
639 441 385
168 679 467
541 771 33
304 509 278
569 353 197
654 208 386
328 623 623
534 611 248
252 518 987
633 786 422
350 79 946
241 549 180
575 212 761
670 197 57
106 270 417
100 15 178
665 30 483
32 397 95
734 151 952
567 495 691
709 309 263
570 234 947
409 47 488
178 679 215
181 744 252
154 396 653
380 659 669
544 325 703
12 697 922
35 649 981
34 528 842
225 740 852
344 329 961
459 555 100
608 773 169
445 747 159
773 611 653
639 13 293
543 290 467
406 439 608
90 564 513
161 537 330
277 692 592
577 499 750
780 707 636
169 328 788
404 247 695
217 647 234
171 626 913
198 719 540
727 460 764
666 368 80
374 168 32
60 585 373
735 152 508
501 489 224
168 126 52
223 228 718
134 657 769
750 742 619
681 209 373
746 721 150
251 149 125
336 111 582
639 606 994
595 350 175
366 180 814
691 34 5
504 525 455
678 155 485
538 565 201
256 473 293
73 629 487
368 369 131
61 39 178
51 686 98
98 126 105
103 430 5
274 571 585
609 335 8
50 181 991
591 209 363
662 86 876
770 449 21
249 338 407
301 75 851
670 340 759
35 628 200
743 291 41
737 457 707
102 103 427
414 532 377
693 190 802
687 525 14
21 649 438
591 137 327
745 746 856
427 583 123
429 783 429
597 18 527
53 746 145
39 756 348
252 689 772
683 81 363
521 435 589
217 574 254
438 762 547
445 62 978
308 539 775
250 461 240
62 643 189
179 764 176
738 726 16
451 392 520
334 456 70
132 783 84
412 324 76
620 147 915
357 776 685
380 746 418
55 268 757
7 153 735
413 449 387
511 151 615
83 659 935
263 400 454
542 175 378
225 194 804
769 332 976
97 38 3
397 713 367
665 626 671
716 289 581
74 704 218
691 108 110
737 152 483
163 106 719
458 149 832
649 154 85
359 765 887
281 403 301
214 300 33
106 780 921
420 745 131
516 190 199
130 561 407
535 727 573
507 86 195
61 615 549
318 392 929
414 334 188
646 237 263
22 460 135
585 187 251
215 366 858
615 194 984
522 17 511
694 81 636
102 240 229
263 49 594
233 74 675
606 22 879
92 88 728
598 786 130
116 723 557
611 148 814
525 383 517
558 10 726
201 33 861
200 391 650
699 190 392
688 588 37
782 356 384
566 0 507
341 230 517
769 456 183
784 367 547
301 323 81
67 742 494
83 352 488
155 745 123
778 518 132
712 756 260
417 570 331
519 208 942
611 220 775
68 535 406
540 667 543
78 99 24
343 412 247
137 214 522
212 683 994
763 35 473
654 744 698
299 388 162
22 389 440
321 296 444
485 40 892
284 246 50
707 214 825
497 402 860
1 721 226
162 626 25
274 94 911
136 211 819
122 366 36
550 404 109
548 198 170
127 373 256
467 676 531
19 695 451
282 309 384
764 51 292
529 726 764
389 428 175
198 630 660
751 721 245
261 399 780
75 122 840
264 521 218
207 734 357
433 617 458
387 753 933
236 710 764
739 543 649
750 55 360
61 522 656
436 332 305
738 95 226
619 300 406
602 507 711
184 551 806
685 104 170
427 92 369
763 138 525
73 564 171
714 132 734
25 507 129
668 761 97
339 581 298
516 34 668
752 699 342
100 712 855
452 495 868
276 362 492
681 420 121
350 768 280
586 676 825
8 178 280
448 745 238
590 600 690
369 588 144
267 679 567
217 664 531
581 780 772
590 313 764
364 514 456
398 292 657
485 759 22
587 659 784
230 262 698
16 226 395
323 539 835
551 356 878
386 1 484
465 439 333
525 765 344
274 18 94
287 735 25
234 259 960
599 765 997
214 562 55
702 157 712
308 655 204
25 762 767
716 73 251
678 56 78
436 17 69
111 772 838
313 404 777
5 467 3
498 18 527
688 89 613
508 607 439
96 643 916
156 585 363
434 627 218
350 538 542
54 119 997
144 348 161
386 366 932
0 41 924
693 617 797
689 422 647
268 511 812
651 753 867
780 733 707
552 682 238
14 673 82
707 226 612
212 243 330
681 194 800
100 142 785
484 60 748
459 205 927
542 168 952
101 109 713
627 238 348
153 399 847
165 350 216
616 288 96
440 699 60
647 443 489
701 11 114
640 76 349
77 74 970
548 658 98
465 140 564
653 46 260
194 440 163
758 436 343
569 524 251
337 329 325
275 355 982
99 693 955
352 130 651
485 319 637
463 734 623
497 544 783
580 69 651
150 82 881
107 756 488
136 458 492
585 694 260
220 141 26
220 13 860
147 104 307
748 459 604
268 217 317
283 741 975
256 296 347
602 255 804
487 776 259
704 449 570
237 716 204
288 618 272
659 220 459
784 308 767
220 658 389
221 571 504
395 754 46
434 464 690
416 519 453
226 114 203
771 499 380
317 147 714
595 591 886
405 300 431
770 504 369
613 328 348
28 567 255
115 101 495
230 520 221
294 390 400
292 69 699
299 552 599
582 661 202
662 8 745
602 53 730
722 449 72
563 331 182
405 638 457
367 761 267
254 370 961
223 659 647
743 179 1000
545 598 518
711 638 842
304 500 794
571 461 166
665 475 765
139 120 639
193 233 367
553 520 784
637 384 443
155 195 946
210 96 689
782 1 608
611 453 537
428 219 701
521 52 573
423 642 39
235 241 443
302 213 590
135 526 694
673 183 911
690 362 195
263 746 137
723 758 221
786 201 458
130 598 33
271 400 100
254 337 583
717 756 78
363 26 897
322 596 427
536 109 346
130 303 482
398 495 439
261 290 229
755 11 874
590 82 302
746 678 344
372 313 659
626 149 468
263 656 655
736 536 947
638 654 950
571 277 412
67 501 890
711 683 817
193 89 605
221 122 50
25 572 365
337 87 745
520 10 585
619 345 571
556 108 495
205 591 882
292 419 926
50 90 28
624 542 279
201 80 365
562 736 699
90 682 550
393 528 748
653 540 345
285 257 919
575 670 825
403 700 868
721 775 957
502 439 887
111 785 869
785 633 848
5 522 527
236 624 175
217 658 804
135 504 138
703 377 988
163 774 710
611 460 6
683 460 113
668 774 942
355 30 123
436 696 710
763 350 436
407 760 511
675 75 985
647 466 243
145 122 176
703 283 43
257 684 302
159 2 310
500 726 332
387 528 325
226 737 806
242 606 602
18 111 792
137 595 474
370 23 963
639 158 697
494 694 959
244 155 392
322 532 521
461 488 449
470 447 895
261 666 451
597 64 190
511 574 379
227 593 469
255 678 474
715 513 246
227 51 554
480 172 340
435 146 294
696 578 859
681 553 344
247 741 318
204 717 0
316 736 478
237 195 223
667 323 381
174 431 699
778 376 371
310 151 741
403 556 876
640 379 74
469 417 373
563 270 891
182 200 467
351 382 302
765 59 583
362 180 840
193 776 753
729 652 65
587 598 503
176 574 578
650 533 97
90 705 607
249 343 695
327 84 286
119 685 300
221 110 227
513 271 200
133 530 921
228 698 296
444 324 99
705 559 283
447 433 517
680 420 679
734 457 100
699 619 779
356 673 300
755 235 386
553 274 899
363 688 808
77 343 146
19 642 494
366 358 411
341 231 394
93 426 508
505 218 20
86 618 680
29 625 858
773 554 229
37 352 612
667 670 122
627 357 62
3 271 812
492 482 715
545 776 246
199 11 722
241 108 623
748 651 963
435 375 707
570 27 406
254 442 687
69 711 286
121 100 786
643 113 897
710 308 769
411 206 265
169 414 228
90 724 681
50 493 343
364 218 481
364 310 838
254 47 464
194 239 196
263 473 796
386 41 412
280 249 121
14 786 125
276 654 755
154 510 877
280 335 86
394 445 385
712 399 411
670 172 279
490 469 317
554 33 444
172 534 353
58 14 83
680 289 88
564 7 27
695 482 219
781 356 84
506 474 942
326 219 273
38 120 826
376 488 137
402 683 693
381 41 357
731 358 323
518 132 390
441 736 180
96 288 532
168 115 912
96 659 114
485 592 876
468 365 209
762 539 343
367 754 665
9 19 98
328 28 278
208 67 266
488 168 673
766 735 286
94 205 546
722 593 36
677 45 919
614 379 529
312 28 555
586 147 28
352 423 346
616 658 721
348 589 503
188 210 410
144 647 308
228 277 585
681 157 560
90 647 259
150 114 171
128 740 600
88 332 738
628 494 201
573 614 593
641 315 178
491 368 971
137 411 459
213 698 718
345 417 551
16 667 340
230 98 239
468 78 129
478 562 541
640 683 336
292 382 905
363 22 82
409 290 125
691 344 62
548 597 725
165 182 535
759 627 478
347 22 14
660 433 274
668 564 930
726 712 118
373 769 243
262 403 912
127 339 780
288 562 854
426 781 150
509 270 459
737 688 1000
93 304 599
177 117 48
30 732 851
652 293 28
719 540 906
637 783 49
507 595 773
779 678 189
307 609 148
339 529 52
158 592 72
124 632 992
570 456 311
45 8 18
552 279 128
64 692 305
529 245 333
55 683 197
460 163 668
242 503 525
236 109 757
522 639 858
664 753 214
503 48 226
1 425 621
175 452 296
71 401 231
715 294 353
536 114 590
144 22 701
107 511 47
180 517 558
19 651 153
189 409 636
617 527 685
79 27 772
190 262 267
42 137 677
135 538 7
396 62 733
327 775 538
354 737 864
687 555 597
356 599 971
786 645 187
699 667 854
184 630 401
527 320 546
290 227 586
201 90 801
388 456 630
314 608 485
328 229 909
303 272 775
368 250 915
721 574 651
595 751 644
384 601 41
535 115 345
557 241 923
650 255 728
134 392 44
616 423 847
384 142 269
715 731 441
480 448 397
453 508 12
191 620 575
469 545 464
588 172 810
416 302 435
414 231 963
108 232 323
693 457 314
594 489 387
318 756 737
717 508 1
284 713 65
644 60 872
385 139 625
611 512 281
768 778 887
437 387 384
363 293 16
632 454 735
306 281 692
30 645 117
304 688 912
335 643 16
160 572 408
439 511 78
474 304 88
109 176 441
288 648 371
487 762 869
678 511 38
10 379 701
169 104 126
576 143 800
373 295 10
415 734 382
346 260 177
388 96 579
216 398 179
454 292 920
25 525 409
384 425 625
281 64 517
708 383 964
632 489 8
704 376 858
623 117 670
29 286 63
767 466 956
656 504 557
247 480 614
52 713 968
749 652 180
231 308 373
382 398 756
720 384 645
120 190 561
710 695 638
748 396 637
656 79 929
231 365 578
137 231 988
714 620 718
488 567 164
344 580 366
458 78 651
430 489 953
31 407 379
692 645 166
616 390 258
135 464 582
186 283 29
29 496 888
440 665 576
724 609 433
485 782 238
278 93 692
514 700 604
420 639 497
598 575 322
164 784 487
206 250 45
50 259 83
585 625 571
239 690 580
505 286 440
231 316 244
499 29 149
746 543 269
104 594 715
291 626 321
500 150 9
591 100 21
439 256 837
250 506 690
541 392 831
251 380 320
397 316 246
259 149 552
765 32 248
95 678 38
762 637 63
18 410 245
161 48 142
180 357 388
455 680 409
227 343 927
771 77 811
43 477 340
379 146 941
66 311 284
334 18 412
713 313 80
233 207 833
407 493 80
152 442 388
480 223 292
210 602 793
349 94 13
498 52 853
493 537 742
681 494 957
648 545 250
518 765 443
191 617 72
270 8 494
735 180 593
463 486 811
551 46 23
345 722 862
529 38 958
168 223 421
618 493 441
310 14 566
614 517 149
716 609 479
683 144 948
98 578 362
446 17 135
466 401 511
535 406 171
120 573 620
218 614 860
563 335 451
181 463 295
129 498 476
342 678 345
93 307 723
774 8 825
166 572 731
292 234 950
632 213 345
476 489 385
575 208 40
472 421 250
667 173 216
440 299 264
695 144 8
473 371 149
79 98 767
190 359 338
521 715 807
45 446 569
127 414 83
25 755 640
64 528 79
320 664 870
675 263 977
657 761 696
48 401 86
381 680 883
604 320 135
777 314 379
544 420 272
606 121 842
66 5 710
771 780 254
193 229 597
413 362 700
57 711 901
201 145 459
13 296 324
601 589 368
756 112 581
67 759 930
622 455 668
85 750 556
525 531 781
631 507 472
723 610 143
274 689 682
197 424 686
28 520 794
18 141 90
89 263 558
161 762 587
613 442 509
84 710 633
63 66 960
57 104 276
221 82 29
105 627 936
757 250 144
604 133 764
705 769 110
743 346 645
330 774 32
161 1 903
311 389 554
217 739 923
611 603 169
736 664 476
118 673 191
268 265 667
697 608 201
278 54 106
616 465 516
716 123 258
455 316 79
67 138 325
207 310 436
531 66 650
339 142 187
394 507 777
713 371 50
379 134 481
399 57 718
2 702 863
158 191 617
133 321 465
570 290 712
226 650 591
517 277 415
645 385 389
664 103 524
377 314 572
609 757 833
556 639 750
753 461 361
528 85 199
164 241 773
44 107 20
405 611 466
485 199 263
155 261 705
497 78 697
668 137 47
626 515 231
451 387 651
717 586 872
766 721 834
508 493 798
228 686 705
219 287 756
775 228 543
393 542 1000
203 491 733
466 88 311
679 422 380
420 722 885
657 185 367
498 573 28
482 541 221
265 82 208
380 387 484
55 6 970
273 31 113
507 702 346
758 508 56
532 443 172
717 308 537
303 640 355
377 684 589
254 129 236
624 559 161
448 210 363
160 607 955
114 697 988
424 394 726
623 342 142
176 6 599
198 726 603
66 774 353
172 160 312
401 249 879
471 435 651
437 721 169
372 778 856
172 213 619
779 695 545
442 775 583
239 202 757
92 250 359
462 673 336
452 738 140
57 20 580
508 509 234
534 418 409
419 498 92
289 766 209
637 513 557
72 157 818
268 144 357
656 591 387
46 582 332
340 614 374
191 86 544
687 633 145
679 15 697
45 339 635
35 653 757
149 363 75
224 742 407
212 229 352
138 267 564
477 261 976
575 163 808
134 242 120
599 25 324
125 142 892
266 78 138
48 562 379
48 131 464
206 358 459
47 58 541
762 244 210
600 580 159
562 445 489
170 666 232
188 402 562
254 251 342
530 61 751
55 29 308
350 21 634
489 316 440
687 214 59
785 643 994
392 104 25
693 481 587
695 559 387
670 230 344
485 120 273
100 116 924
176 628 528
304 22 56
764 210 656
171 152 442
508 144 990
776 281 848
257 352 854
541 165 908
69 633 161
25 654 105
601 21 77
40 375 833
168 526 96
1 334 91
706 761 125
242 647 132
546 136 114
350 491 229
612 2 427
678 66 500
589 679 765
46 491 379
369 590 895
588 27 114
364 762 396
740 685 503
32 571 772
92 780 262
24 77 745
304 333 77
771 241 901
289 387 101
404 15 512
158 484 402
185 736 195
46 34 910
482 77 215
594 602 713
38 574 998
201 651 588
177 212 427
61 137 788
329 367 657
516 669 357
270 185 489
312 774 345
607 587 772
501 60 527
295 293 428
239 495 102
622 730 643
770 163 661
401 183 944
50 161 700
192 184 260
438 503 394
635 652 650
94 507 570
484 518 734
647 225 386
336 370 648
640 639 418
87 620 245
161 647 987
196 764 804
187 663 663
27 10 231
743 118 128
140 504 875
134 691 34
715 35 718
26 406 440
342 286 636
182 224 644
284 174 193
376 654 642
186 557 624
230 393 911
484 656 627
41 59 943
657 101 142
349 194 628
177 556 197
363 322 369
504 413 323
737 14 901
364 105 644
119 379 544
125 268 355
574 530 386
612 594 385
712 144 730
666 506 44
264 86 292
775 534 495
61 762 685
261 118 288
475 589 835
609 276 504
60 728 337
431 256 332
295 129 531
712 491 767
786 679 520
712 423 747
495 68 17
247 388 512
642 571 67
517 89 12
163 437 895
700 182 357
301 556 925
650 209 425
720 475 270
149 426 801
621 535 681
588 719 254
196 275 610
587 80 832
66 520 201
200 463 473
586 263 581
373 319 636
582 437 761
408 138 345
707 262 379
636 13 998
508 115 512
440 529 984
13 485 888
10 645 209
115 603 306
769 338 464
355 425 138
11 211 667
138 475 458
545 593 913
775 188 588
65 116 392
359 597 32
494 559 849
598 443 251
427 167 115
70 532 184
34 185 184
249 594 217
274 381 133
501 575 964
698 345 75
596 712 864
567 150 696
136 189 94
499 181 209
316 138 8
360 388 458
388 150 330
642 527 424
541 496 848
123 5 298
692 284 282
113 753 526
741 145 878
463 360 765
420 666 499
457 194 825
595 737 651
63 313 694
325 618 186
63 230 726
27 532 568
165 184 538
204 724 677
414 578 312
352 440 463
625 434 357
37 630 334
288 104 999
616 368 559
637 508 714
79 783 716
466 537 628
72 325 350
654 211 506
67 622 909
182 222 885
675 61 534
545 144 496
437 447 630
623 676 605
214 196 774
37 605 955
198 762 59
768 546 260
668 701 175
372 690 243
440 284 872
642 424 829
613 526 879
504 707 624
470 473 971
151 623 429
156 181 384
212 535 62
106 431 278
708 196 409
541 91 17
714 625 900
28 573 955
19 41 244
487 365 945
67 701 291
106 386 851
462 179 699
245 148 131
489 222 108
263 138 295
43 768 400
458 526 59
622 345 9
478 207 466
655 554 627
157 327 827
50 761 438
602 532 262
473 465 272
173 84 662
301 5 265
30 585 509
290 773 863
778 610 474
567 35 481
71 23 870
75 229 842
329 515 707
548 153 235
170 220 191
682 86 112
352 630 911
591 413 442
309 349 937
246 754 635
222 410 680
164 222 48
457 23 796
401 387 923
278 2 506
288 398 346
616 531 458
491 139 786
447 616 164
368 459 690
371 199 765
222 658 899
324 312 713
332 49 637
239 745 348
253 599 535
526 154 542
587 40 327
453 720 904
410 513 711
774 200 596
702 72 954
329 293 549
242 197 316
376 667 126
266 528 678
266 29 919
30 387 809
497 550 678
496 494 145
709 665 767
304 556 887
470 311 507
259 689 780
308 91 80
544 393 161
513 183 286
57 165 257
252 333 319
295 89 609
272 21 255
742 234 968
335 189 890
71 757 859
327 85 888
446 139 103
167 457 415
655 47 672
185 309 810
476 528 370
285 281 42
635 207 967
238 24 825
652 363 665
312 207 65
531 248 283
561 86 467
775 27 748
79 403 569
641 41 600
340 207 649
658 662 152
554 563 136
641 709 729
535 674 169
157 666 462
443 608 9
656 734 341
539 495 296
509 525 656
34 423 982
47 595 897
247 665 372
695 762 399
413 319 657
572 196 949
458 441 530
144 412 134
568 25 277
700 521 298
689 477 649
628 726 46
60 473 358
553 521 243
68 623 450
210 710 946
572 147 348
611 766 784
230 499 289
563 25 289
425 658 57
45 89 421
210 153 842
377 15 116
232 117 409
671 343 461
332 777 160
353 289 669
216 699 877
375 170 285
208 360 864
153 247 444
440 107 23
376 752 443
756 675 56
192 35 114
476 747 210
34 208 465
636 493 799
522 433 369
356 694 30
437 764 184
157 211 953
129 741 752
227 734 497
86 560 336
434 623 915
473 393 733
405 306 420
339 283 282
747 349 838
470 605 459
187 441 33
732 343 268
0 664 363
380 680 940
119 134 442
209 204 708
582 374 620
723 59 709
476 43 475
594 72 722
453 402 227
226 553 428
447 326 615
501 481 768
206 522 70
45 173 8
273 633 658
348 454 882
159 157 137
428 366 152
298 341 229
344 698 316
410 62 73
725 600 514
360 730 786
119 74 842
445 388 507
269 416 881
682 105 540
240 361 631
736 178 484
370 533 137
452 233 114
764 778 486
2 242 160
225 347 139
95 595 858
611 620 35
257 14 923
168 538 570
386 38 640
302 144 544
410 617 862
379 661 33
166 230 865
377 574 734
697 660 534
743 749 124
69 7 908
41 166 676
539 320 99
315 653 283
223 93 322
536 735 401
427 118 191
474 418 454
2 689 826
686 707 524
140 681 900
775 218 175
702 338 694
577 157 456
12 101 750
562 365 58
519 483 608
146 331 879
202 170 832
315 478 603
267 1 337
742 599 380
625 636 593
688 661 39
605 409 66
234 343 244
338 70 931
652 694 280
233 542 409
187 517 183
422 503 401
306 777 358
623 609 938
68 347 701
59 533 859
350 359 320
698 11 126
675 229 952
619 80 347
733 334 743
305 553 842
84 297 214
337 380 380
766 246 14
124 625 360
95 70 767
427 581 788
212 728 585
295 411 124
489 96 825
701 313 369
53 133 632
364 74 676
153 468 243
34 338 298
456 450 595
0 373 821
231 743 216
595 223 382
446 320 17
157 310 801
41 496 575
733 420 753
510 110 677
378 607 581
20 770 502
779 475 722
251 89 703
27 168 474
571 39 4
183 464 91
328 86 620
308 131 189
21 160 623
519 485 678
427 278 990
720 581 680
174 436 912
3 184 607
688 47 734
150 47 383
392 333 199
163 360 937
297 335 506
683 752 305
86 559 295
592 157 74
103 212 830
690 17 573
311 167 511
149 599 309
353 707 470
399 635 474
32 312 551
761 332 436
122 785 941
516 434 51
584 731 485
747 712 561
296 743 162
488 297 489
558 617 82
716 203 93
3 657 301
646 767 306
470 394 93
302 125 233
663 497 821
685 715 757
654 725 942
34 389 204
246 278 666
616 379 613
748 726 770
109 553 93
342 551 335
565 135 693
187 380 770
532 16 74
120 211 113
694 300 49
490 746 639
320 316 39
372 733 562
680 321 117
681 527 601
5 67 304
363 168 438
365 401 353
258 174 451
268 150 713
593 732 496
589 641 499
39 209 265
10 90 271
408 582 444
557 466 324
431 700 773
740 556 453
287 469 851
233 586 426
582 674 429
609 653 10
178 556 828
619 235 209
122 515 509
89 328 436
695 230 42
603 768 871
425 542 283
700 774 440
190 544 605
512 86 409
691 298 543
195 176 631
498 445 190
302 739 175
581 25 831
505 175 505
422 542 402
38 148 149
483 434 237
775 708 75
606 151 452
312 71 433
27 235 535
58 403 588
720 308 307
198 433 518
517 153 876
570 540 431
658 244 715
135 628 299
132 677 401
682 54 613
270 549 540
8 728 540
445 310 544
386 160 338
630 127 419
276 202 903
529 695 744
470 338 663
190 776 73
709 303 198
752 451 863
0 82 665
379 395 129
168 91 80
63 425 113
584 521 311
740 5 960
184 400 491
538 488 394
545 551 330
267 434 385
350 30 425
452 524 183
294 419 248
385 231 483
225 442 676
692 766 517
53 655 546
80 33 692
677 171 113
92 324 460
698 511 1
493 623 794
536 80 376
734 615 633
71 518 163
765 506 101
690 543 537
280 366 507
64 576 125
542 638 775
702 384 414
458 6 713
345 204 690
642 88 530
661 82 572
177 629 293
273 409 814
445 97 624
318 714 270
459 502 189
253 733 521
648 532 854
230 524 201
300 217 941
608 526 959
219 321 673
540 497 590
68 460 926
668 274 1000
547 175 1
739 782 878
596 569 195
496 530 895
683 143 769
632 390 477
404 785 867
643 733 732
280 339 979
554 499 146
572 729 661
56 341 445
635 14 451
216 80 430
150 685 457
721 187 364
751 548 185
449 354 33
123 37 281
140 765 626
745 375 46
744 217 311
644 171 171
102 282 727
757 218 906
110 204 751
255 565 610
595 623 180
695 274 707
7 146 632
547 691 346
325 200 768
328 746 56
511 201 570
314 72 883
53 237 329
106 6 762
738 47 881
215 665 455
327 598 257
604 228 764
531 127 53
427 301 30
315 385 323
38 428 60
723 621 850
280 702 585
208 770 399
644 516 848
337 617 473
444 431 32
19 206 710
50 409 524
522 12 861
284 357 873
760 654 64
359 301 691
515 106 899
19 65 497
154 388 295
428 416 907
211 424 887
431 777 886
378 121 755
138 148 25
295 615 36
173 465 629
761 35 141
80 562 416
160 208 594
134 83 466
621 760 420
575 266 381
56 214 357
702 647 963
496 227 643
251 501 113
384 114 275
20 262 168
774 476 337
292 429 461
773 342 538
279 467 233
426 289 99
183 10 458
454 553 843
754 279 444
557 165 893
133 600 769
527 117 412
554 26 442
774 568 172
7 1 834
225 135 842
199 730 935
566 613 829
292 723 308
278 459 770
584 774 848
220 657 786
775 500 961
178 83 737
86 117 516
244 510 643
352 333 172
142 458 708
752 63 732
535 517 932
512 764 292
230 216 503
83 673 60
619 451 301
633 9 291
717 140 346
106 20 185
638 429 71
136 36 422
480 257 42
671 371 473
688 181 459
573 140 106
448 411 368
263 98 717
154 354 795
218 460 11
623 150 478
529 462 84
168 345 165
564 621 44
222 135 915
497 785 519
89 416 262
698 133 801
637 82 1000
739 362 692
355 72 476
514 361 870
478 595 572
349 774 19
599 144 757
674 133 394
620 33 520
152 311 265
210 449 915
703 406 178
237 742 219
529 541 59
429 520 995
169 564 15
685 167 881
579 267 364
126 688 5
743 648 745
445 359 117
63 690 958
514 656 499
621 300 265
106 389 424
37 353 958
282 319 872
400 113 147
105 40 952
639 518 611
344 652 91
69 274 468
355 547 609
249 564 158
73 149 798
767 367 264
566 486 193
68 251 406
28 685 666
770 171 10
678 129 252
632 80 504
654 431 602
490 478 675
65 66 275
471 404 376
401 531 161
119 617 533
119 521 472
270 643 23
478 233 842
11 187 529
144 77 300
644 163 154
292 648 190
727 299 266
475 737 715
310 623 800
321 675 350
434 81 493
552 17 252
203 701 627
79 762 979
655 782 122
312 313 410
451 57 65
509 373 921
4 559 932
16 485 819
93 684 64
0 493 527
241 444 13
725 671 548
242 235 990
290 485 46
451 565 544
591 198 524
319 656 788
418 17 338
679 721 992
364 656 847
413 334 612
243 23 935
253 765 673
54 613 694
580 352 579
379 523 812
562 366 244
539 341 554
706 118 227
625 40 416
16 396 990
355 114 209
209 254 932
284 665 998
105 542 235
491 527 847
406 530 293
111 44 159
611 516 893
113 181 1000
428 247 218
443 508 679
315 749 368
18 457 779
299 323 834
187 61 223
40 294 275
378 630 468
290 297 865
639 708 983
341 121 713
603 761 39
305 3 563
681 306 134
571 716 666
150 267 19
521 364 708
487 283 181
364 411 627
166 131 406
432 12 61
733 550 595
327 643 742
618 663 957
709 39 987
299 5 791
46 369 301
398 184 537
607 545 688
575 691 217
267 263 131
68 339 615
172 487 983
657 745 867
145 473 451
212 594 798
393 535 710
597 743 120
456 660 608
510 607 247
764 435 702
439 627 771
641 141 667
34 769 465
97 127 42
317 655 696
781 583 730
186 649 773
263 508 127
164 708 719
653 10 392
160 763 358
446 560 661
769 465 972
362 10 131
278 244 948
613 281 837
468 273 357
180 662 275
4 365 943
18 186 280
527 530 436
703 353 396
4 584 888
143 19 698
247 79 203
151 569 809
144 216 815
599 354 973
694 92 14
334 381 336
228 229 586
594 672 418
308 696 990
265 713 770
301 11 993
784 594 729
616 284 687
272 629 356
132 617 162
210 204 184
25 500 114
180 391 514
191 678 669
58 255 529
470 39 165
571 453 15
331 776 347
302 692 124
662 516 790
775 462 182
317 145 986
745 86 749
501 10 901
751 223 946
679 58 156
198 398 703
117 280 38
468 651 230
406 14 583
178 602 118
111 261 472
565 482 294
310 476 80
541 144 911
543 418 888
474 353 374
462 220 367
379 89 590
744 785 855
657 213 391
513 0 906
370 767 827
451 751 128
724 197 838
316 716 598
782 73 502
138 172 664
373 348 567
408 310 898
762 418 910
183 193 590
738 130 554
0 587 858
256 279 48
574 783 176
484 457 289
744 117 194
272 494 196
90 568 632
609 342 141
743 689 209
90 437 910
177 297 64
197 121 503
83 110 89
531 46 252
441 557 966
360 712 434
506 783 893
771 296 929
271 84 836
35 747 516
279 772 931
114 171 561
440 131 62
369 41 295
400 610 846
112 55 739
465 251 910
222 82 653
192 372 896
347 184 976
343 349 454
102 272 410
290 128 940
222 146 960
678 14 127
48 265 972
91 473 235
101 389 598
215 39 419
216 241 802
534 97 40
701 156 761
397 470 711
620 680 308
43 370 30
52 376 114
615 460 192
344 554 408
647 8 206
476 654 909
624 362 312
722 88 630
458 719 88
433 383 333
344 43 942
450 677 925
721 764 656
70 589 761
350 12 689
763 491 374
706 781 966
145 146 859
463 636 895
138 559 640
695 205 43
129 502 454
353 285 618
606 415 717
700 67 935
646 197 94
566 351 95
635 375 594
474 328 363
509 410 948
773 42 301
225 730 378
630 60 62
183 268 334
664 676 619
13 35 113
360 372 744
103 133 634
278 490 417
624 749 430
508 365 242
120 643 30
419 130 867
99 133 722
225 670 867
241 498 86
562 4 826
188 385 8
554 573 759
146 123 291
237 107 502
178 119 845
66 431 860
455 255 55
669 581 375
219 641 59
488 349 829
749 99 643
494 731 493
783 763 78
744 188 680
129 196 340
448 451 690
745 428 604
269 197 969
200 486 229
573 45 875
327 372 590
210 322 349
61 223 615
629 235 123
464 368 655
212 700 31
84 489 667
249 470 617
235 204 984
347 351 747
219 186 567
74 356 206
352 85 570
275 20 346
137 211 708
222 350 945
159 775 52
574 762 647
122 477 819
283 686 511
568 261 956
374 113 5
116 134 36
643 778 453
612 56 112
672 113 73
566 457 201
150 485 39
658 455 402
697 362 316
563 464 435
346 38 777
500 272 300
317 14 316
443 206 969
319 458 283
698 430 952
677 480 395
102 770 35
330 262 970
187 137 241
82 145 380
593 141 297
474 152 167
706 171 797
722 365 342
187 731 490
744 727 641
77 349 42
687 389 438
438 697 320
206 100 498
609 450 44
198 356 930
672 584 265
261 745 321
634 361 203
713 34 667
468 538 736
318 445 27
372 289 566
4 364 357
374 761 693
545 695 753
453 657 674
361 336 415
156 722 437
125 275 313
242 41 214
363 531 86
16 577 441
62 309 379
543 266 187
757 224 189
291 60 304
673 99 481
711 336 718
154 276 335
599 699 629
589 536 210
512 554 97
513 73 834
22 187 958
557 124 311
226 388 748
384 27 830
606 148 443
552 570 973
423 228 572
341 293 965
80 736 12
403 504 116
609 349 144
198 341 628
61 266 910
450 329 819
553 725 64
180 469 902
419 617 251
426 613 117
749 593 622
407 448 247
757 300 474
160 714 215
575 275 49
644 296 488
606 730 491
590 702 319
205 658 295
393 134 582
277 429 647
155 685 644
526 713 391
694 229 276
483 387 729
61 175 325
214 696 97
748 509 688
635 181 724
150 431 825
536 397 426
616 299 352
181 202 378
602 453 788
482 753 18
410 304 161
300 85 463
707 111 987
66 338 862
26 202 260
45 462 456
163 318 181
185 529 600
663 298 520
762 269 881
742 646 571
247 731 496
555 138 338
347 466 217
565 511 442
191 574 131
383 664 304
284 719 267
237 234 817
22 734 642
536 728 991
408 196 595
648 435 142
133 729 706
74 32 352
436 368 801
555 595 797
40 725 640
243 404 587
165 630 154
459 0 756
513 411 206
531 780 572
662 713 839
312 543 105
435 583 721
622 483 184
502 477 914
58 670 973
619 780 486
740 293 149
90 643 545
268 751 741
306 112 106
711 721 404
731 480 149
34 782 179
240 629 932
301 737 698
662 364 280
212 57 59
295 171 142
246 60 30
51 606 219
610 560 94
407 82 551
461 616 579
569 777 844
747 510 86
676 69 679
102 582 231
780 523 468
365 661 731
727 506 852
232 109 414
262 467 399
763 406 922
680 215 689
620 168 350
121 692 313
586 740 76
131 511 847
234 536 466
194 738 215
586 450 296
778 126 143
42 323 221
92 82 772
433 487 155
689 216 217
249 319 182
126 333 113
71 33 154
670 78 509
420 365 94
355 313 233
317 304 525
319 447 655
34 650 109
20 667 728
60 350 223
0 644 228
757 552 59
368 321 806
20 315 339
704 533 571
170 704 508
706 306 972
664 780 798
345 775 622
211 67 854
386 278 304
731 487 406
366 92 868
600 146 710
386 687 81
526 402 148
465 245 917
412 446 771
686 99 310
724 292 952
541 559 68
95 509 354
694 280 279
350 753 227
73 179 71
734 139 960
191 603 135
432 18 732
318 622 219
177 539 578
756 78 254
636 454 664
583 526 362
319 105 983
91 148 154
668 286 785
407 133 844
329 373 69
155 633 926
82 7 795
649 62 982
258 350 779
96 346 349
442 728 0
411 305 150
156 620 954
226 253 715
449 786 131
191 107 862
429 47 685
213 438 428
693 777 401
600 546 77
591 743 204
139 667 684
368 400 119
346 500 498
621 786 889
207 48 456
10 761 63
385 18 74
555 98 224
189 209 975
763 372 625
422 754 926
246 252 779
28 6 330
659 16 801
84 50 904
738 564 153
441 300 556
630 699 411
28 291 544
0 124 568
161 368 808
489 306 21
493 651 44
96 671 470
563 68 626
246 500 944
767 135 5
584 75 216
727 361 872
0 180 526
395 218 669
283 752 105
591 1 755
195 321 357
659 751 627
298 764 202
318 259 426
690 273 762
444 326 304
102 179 413
754 104 717
449 111 830
215 342 729
723 17 993
275 187 614
686 435 123
54 446 111
403 168 862
335 423 91
705 122 290
181 722 970
698 638 805
102 208 963
490 314 459
553 216 62
680 302 710
92 455 276
49 54 805
640 160 873
327 756 528
52 350 814
277 739 295
664 28 437
179 455 174
93 458 174
530 129 484
400 164 319
55 294 568
53 295 369
277 42 446
457 328 554
533 769 437
175 344 514
656 388 260
557 520 533
364 630 14
514 737 925
527 122 138
462 383 588
566 521 332
16 516 549
10 79 986
210 386 804
767 222 80
311 698 941
707 127 777
515 117 103
382 380 33
257 664 949
13 747 308
485 619 543
418 244 350
723 454 745
439 29 839
448 345 216
111 222 555
734 652 333
305 201 605
629 769 209
80 620 222
353 321 131
509 640 920
15 716 937
512 396 400
147 266 827
542 236 771
484 308 60
346 767 82
637 246 747
431 279 604
463 668 833
680 544 587
171 622 410
57 719 388
324 265 184
644 318 927
553 513 127
452 296 392
168 413 131
288 728 697
705 780 781
615 252 780
571 433 983
378 689 661
464 59 409
355 553 610
40 664 737
139 641 367
64 700 391
131 240 888
143 101 655
3 614 412
90 467 153
215 92 100
381 587 149
5 349 171
253 629 472
265 665 469
463 723 811
148 207 806
479 603 312
615 105 218
322 73 623
106 251 129
332 582 449
210 551 523
7 344 290
372 271 463
357 185 159
51 542 534
68 328 39
426 92 437
739 651 471
520 303 99
413 423 415
460 648 908
157 270 176
658 9 167
333 83 83
661 272 286
130 627 209
25 121 246
141 52 638
364 64 632
338 65 350
632 233 354
178 121 278
76 15 817
640 292 431
26 365 350
708 110 977
515 590 720
149 346 804
334 83 878
510 522 950
138 678 430
16 355 730
430 295 725
322 269 492
517 27 165
442 540 740
140 265 340
253 536 299
347 703 263
247 520 423
113 139 810
33 741 915
45 666 93
718 704 426
150 375 544
747 318 82
142 5 522
487 187 984
100 270 439
770 210 502
349 236 467
109 658 954
13 741 833
684 58 989
113 522 692
529 521 909
507 165 685
783 198 276
77 573 69
576 400 31
275 462 460
445 112 531
593 550 978
698 641 754
443 392 403
120 131 954
113 115 644
253 723 178
92 637 523
736 432 595
55 307 976
104 419 496
462 664 379
543 619 747
764 702 280
329 488 15
317 739 406
558 635 334
677 42 559
735 579 429
667 471 281
179 11 964
648 203 88
772 712 898
518 279 78
195 670 226
584 59 849
489 599 986
408 42 322
502 535 330
456 176 844
248 288 560
770 375 724
748 234 470
104 142 436
519 436 612
431 114 553
28 582 929
779 708 399
475 123 203
648 181 202
398 552 862
548 515 442
357 7 958
636 556 713
231 565 119
125 762 147
753 551 707
67 230 504
387 346 305
579 641 720
132 209 182
783 58 897
