937 5794
1 0 288
2 0 681
3 1 214
4 2 841
5 1 92
6 5 445
7 4 533
8 0 439
9 8 316
10 9 373
11 10 237
12 10 905
13 2 682
14 7 509
15 4 987
16 12 289
17 1 307
18 17 212
19 5 358
20 13 494
21 0 869
22 21 538
23 0 232
24 2 734
25 2 843
26 15 883
27 16 479
28 0 966
29 15 127
30 29 81
31 20 267
32 1 390
33 13 40
34 7 127
35 22 102
36 14 751
37 1 446
38 15 809
39 11 573
40 1 665
41 28 966
42 18 0
43 4 154
44 26 744
45 4 915
46 36 997
47 43 497
48 6 270
49 21 895
50 15 421
51 29 841
52 37 548
53 27 805
54 26 689
55 51 199
56 26 6
57 50 933
58 45 396
59 22 1000
60 40 676
61 60 872
62 38 21
63 12 128
64 35 238
65 57 222
66 63 290
67 35 372
68 35 85
69 56 446
70 14 341
71 7 316
72 2 956
73 18 916
74 45 759
75 61 65
76 73 175
77 36 313
78 10 938
79 52 562
80 25 310
81 28 960
82 24 245
83 82 886
84 0 858
85 29 306
86 36 29
87 35 323
88 84 704
89 27 450
90 39 509
91 28 46
92 87 139
93 49 710
94 26 470
95 74 404
96 27 158
97 91 104
98 97 732
99 82 743
100 15 803
101 36 852
102 22 863
103 86 743
104 49 30
105 72 57
106 18 438
107 12 187
108 22 156
109 67 726
110 41 29
111 61 776
112 65 333
113 73 736
114 62 529
115 48 395
116 46 96
117 11 422
118 97 403
119 60 473
120 106 657
121 74 201
122 87 930
123 21 446
124 100 946
125 18 643
126 89 725
127 49 943
128 104 485
129 24 542
130 83 371
131 103 526
132 125 32
133 0 620
134 24 397
135 33 599
136 135 304
137 97 684
138 49 70
139 45 63
140 133 539
141 61 7
142 15 146
143 21 577
144 0 905
145 34 855
146 116 798
147 101 638
148 138 632
149 98 4
150 29 736
151 125 576
152 139 744
153 51 116
154 36 740
155 131 39
156 91 943
157 107 286
158 123 717
159 99 82
160 33 21
161 98 172
162 31 877
163 20 141
164 54 375
165 147 470
166 128 211
167 143 891
168 116 978
169 64 958
170 44 763
171 154 291
172 122 729
173 144 928
174 157 250
175 105 235
176 15 528
177 62 641
178 66 128
179 22 80
180 87 646
181 164 811
182 47 392
183 95 122
184 71 559
185 128 693
186 50 225
187 110 536
188 91 336
189 16 927
190 85 535
191 104 173
192 20 295
193 95 510
194 190 373
195 187 592
196 34 110
197 13 733
198 186 670
199 25 224
200 89 789
201 116 613
202 122 135
203 19 589
204 147 634
205 164 782
206 106 747
207 124 45
208 52 631
209 25 186
210 80 748
211 39 630
212 83 842
213 118 414
214 90 676
215 169 108
216 89 220
217 53 31
218 98 407
219 54 816
220 62 538
221 66 893
222 168 264
223 220 925
224 215 115
225 131 906
226 87 799
227 21 288
228 115 658
229 69 79
230 160 192
231 162 967
232 30 627
233 216 39
234 9 686
235 158 880
236 220 857
237 161 728
238 228 284
239 132 298
240 112 190
241 40 174
242 217 767
243 64 293
244 148 60
245 25 316
246 18 160
247 80 535
248 168 381
249 60 698
250 132 631
251 125 587
252 217 912
253 131 302
254 121 628
255 115 406
256 43 206
257 57 987
258 146 712
259 148 267
260 50 462
261 5 46
262 34 213
263 236 247
264 22 313
265 129 499
266 68 831
267 83 473
268 125 316
269 126 978
270 40 219
271 28 873
272 26 576
273 10 729
274 214 300
275 197 644
276 25 164
277 276 285
278 193 202
279 278 599
280 162 869
281 140 462
282 220 647
283 248 145
284 25 895
285 111 57
286 227 570
287 57 547
288 82 722
289 202 872
290 128 19
291 152 530
292 66 980
293 36 848
294 79 538
295 212 651
296 68 613
297 232 639
298 279 432
299 240 414
300 118 447
301 117 250
302 53 716
303 50 759
304 19 557
305 175 518
306 169 309
307 301 95
308 200 588
309 168 182
310 221 246
311 127 424
312 268 44
313 190 779
314 296 947
315 212 573
316 34 228
317 189 9
318 95 925
319 48 304
320 99 438
321 102 170
322 262 986
323 322 743
324 292 690
325 43 444
326 287 815
327 160 900
328 118 174
329 10 657
330 288 693
331 233 48
332 255 6
333 208 94
334 325 194
335 86 483
336 300 787
337 18 42
338 265 175
339 304 182
340 165 38
341 158 534
342 47 204
343 329 957
344 18 16
345 240 291
346 75 679
347 121 991
348 320 439
349 100 137
350 6 452
351 212 446
352 70 382
353 194 19
354 331 815
355 28 920
356 113 724
357 54 587
358 19 392
359 11 646
360 264 15
361 233 288
362 73 746
363 238 577
364 336 592
365 330 482
366 106 357
367 27 696
368 241 408
369 190 395
370 123 530
371 47 401
372 106 817
373 48 402
374 227 267
375 271 153
376 122 996
377 201 699
378 300 367
379 234 992
380 205 556
381 263 854
382 40 203
383 308 775
384 90 393
385 355 834
386 121 164
387 166 306
388 186 8
389 86 507
390 271 360
391 182 301
392 150 148
393 61 786
394 386 476
395 180 362
396 231 374
397 261 773
398 85 642
399 316 776
400 189 420
401 89 41
402 366 562
403 149 665
404 224 529
405 6 698
406 307 777
407 158 620
408 83 181
409 370 311
410 57 45
411 73 63
412 9 854
413 118 789
414 212 114
415 124 368
416 91 988
417 345 682
418 311 376
419 193 897
420 386 530
421 193 429
422 2 158
423 83 549
424 237 142
425 125 505
426 80 568
427 359 499
428 423 848
429 319 284
430 401 259
431 287 638
432 17 28
433 126 732
434 295 576
435 301 208
436 291 288
437 398 879
438 79 64
439 255 442
440 18 736
441 99 94
442 102 667
443 191 323
444 397 496
445 390 53
446 323 203
447 164 744
448 287 728
449 137 44
450 426 267
451 395 751
452 81 546
453 371 134
454 8 201
455 383 27
456 112 249
457 221 826
458 134 943
459 109 23
460 32 468
461 422 66
462 112 42
463 68 882
464 307 556
465 65 222
466 164 844
467 285 811
468 53 405
469 406 915
470 321 241
471 415 310
472 352 679
473 164 739
474 66 980
475 231 439
476 74 162
477 463 355
478 250 221
479 133 254
480 178 103
481 129 963
482 364 934
483 267 636
484 438 664
485 207 232
486 476 68
487 254 63
488 428 970
489 418 393
490 311 32
491 324 969
492 279 470
493 244 782
494 202 884
495 392 513
496 436 550
497 96 958
498 420 862
499 338 660
500 188 795
501 494 728
502 442 958
503 75 10
504 294 289
505 474 258
506 431 339
507 369 303
508 10 442
509 288 60
510 0 197
511 471 589
512 299 78
513 327 851
514 70 424
515 243 354
516 62 3
517 21 930
518 370 697
519 154 968
520 296 889
521 70 116
522 122 927
523 77 751
524 306 73
525 524 161
526 162 800
527 21 516
528 31 674
529 87 372
530 256 261
531 309 455
532 118 789
533 34 270
534 250 668
535 308 827
536 371 317
537 50 116
538 73 936
539 84 12
540 299 348
541 477 501
542 97 687
543 487 782
544 321 343
545 92 278
546 225 564
547 300 723
548 197 337
549 144 897
550 171 767
551 145 186
552 177 121
553 369 162
554 44 272
555 291 356
556 105 568
557 465 494
558 305 636
559 148 77
560 411 60
561 546 86
562 349 274
563 466 761
564 422 905
565 199 137
566 512 453
567 411 877
568 404 800
569 189 696
570 95 842
571 125 912
572 438 50
573 89 309
574 193 220
575 508 886
576 228 989
577 78 587
578 412 597
579 404 118
580 267 675
581 355 954
582 404 321
583 169 17
584 58 660
585 117 377
586 47 455
587 43 447
588 248 935
589 77 229
590 234 531
591 535 380
592 179 872
593 83 418
594 418 359
595 478 380
596 434 537
597 243 181
598 324 372
599 106 845
600 150 116
601 214 429
602 475 941
603 425 536
604 559 85
605 452 755
606 552 795
607 529 610
608 549 273
609 578 585
610 371 167
611 281 998
612 7 172
613 249 558
614 228 633
615 328 725
616 308 903
617 130 41
618 616 844
619 344 60
620 62 414
621 426 997
622 559 296
623 211 72
624 266 413
625 218 64
626 139 53
627 251 561
628 496 930
629 298 1
630 551 12
631 13 827
632 129 916
633 25 907
634 549 275
635 70 244
636 189 111
637 357 801
638 342 520
639 105 56
640 573 103
641 427 797
642 128 499
643 108 7
644 319 119
645 359 347
646 83 477
647 608 233
648 462 750
649 509 81
650 28 287
651 81 31
652 76 625
653 421 973
654 453 289
655 483 3
656 507 733
657 103 469
658 284 326
659 178 846
660 101 59
661 80 442
662 533 7
663 120 41
664 335 1
665 110 522
666 327 156
667 94 987
668 146 40
669 604 438
670 537 584
671 40 982
672 173 390
673 511 65
674 171 223
675 166 707
676 116 652
677 41 658
678 244 363
679 593 865
680 272 179
681 71 223
682 68 740
683 47 128
684 502 146
685 324 846
686 52 820
687 401 126
688 253 839
689 639 623
690 266 790
691 536 949
692 245 450
693 354 671
694 588 0
695 620 133
696 120 662
697 36 788
698 146 926
699 445 441
700 662 124
701 336 990
702 447 521
703 449 105
704 642 720
705 461 392
706 622 923
707 134 310
708 149 606
709 446 383
710 327 649
711 354 323
712 689 41
713 302 348
714 544 503
715 592 558
716 76 901
717 134 488
718 678 358
719 197 367
720 91 665
721 720 171
722 278 900
723 445 722
724 254 354
725 577 267
726 358 583
727 512 583
728 283 723
729 609 9
730 625 863
731 215 383
732 118 435
733 385 327
734 450 867
735 439 505
736 276 891
737 161 568
738 621 746
739 500 428
740 290 210
741 654 235
742 285 898
743 731 559
744 510 798
745 75 951
746 732 658
747 26 924
748 200 765
749 223 885
750 350 172
751 248 968
752 346 639
753 342 619
754 622 910
755 525 739
756 169 993
757 481 878
758 302 914
759 335 424
760 636 310
761 14 966
762 184 342
763 411 610
764 223 759
765 392 525
766 526 24
767 370 915
768 692 819
769 218 649
770 523 196
771 245 299
772 106 291
773 454 564
774 187 25
775 1 172
776 309 817
777 46 300
778 385 648
779 254 493
780 539 908
781 327 634
782 59 390
783 285 588
784 521 923
785 709 63
786 590 901
787 720 871
788 698 635
789 47 644
790 452 427
791 622 717
792 149 313
793 576 56
794 449 82
795 664 1
796 378 315
797 604 917
798 93 88
799 32 226
800 164 968
801 321 544
802 551 16
803 385 569
804 99 760
805 735 203
806 580 324
807 572 534
808 16 658
809 542 874
810 765 372
811 57 319
812 759 672
813 723 927
814 644 900
815 469 786
816 443 562
817 447 48
818 497 114
819 85 670
820 748 644
821 417 706
822 459 263
823 269 464
824 752 726
825 122 747
826 825 722
827 659 291
828 204 869
829 496 193
830 194 838
831 474 431
832 77 736
833 8 358
834 828 373
835 191 597
836 470 921
837 114 654
838 781 413
839 771 130
840 179 361
841 807 943
842 746 517
843 244 707
844 551 902
845 353 467
846 418 409
847 226 374
848 611 166
849 0 941
850 666 587
851 722 22
852 804 235
853 35 553
854 849 289
855 661 515
856 710 19
857 207 818
858 189 486
859 503 689
860 90 830
861 262 504
862 351 338
863 112 531
864 204 474
865 159 411
866 573 384
867 719 561
868 781 203
869 346 54
870 235 421
871 373 746
872 670 378
873 184 787
874 766 567
875 792 289
876 29 955
877 575 348
878 139 826
879 719 434
880 793 540
881 95 887
882 247 612
883 672 333
884 430 2
885 744 50
886 129 326
887 47 184
888 348 218
889 279 552
890 142 73
891 52 463
892 285 972
893 491 113
894 403 793
895 60 187
896 361 949
897 50 749
898 65 708
899 824 898
900 92 424
901 359 46
902 283 590
903 598 65
904 521 503
905 17 314
906 131 234
907 710 749
908 600 228
909 870 89
910 141 217
911 256 809
912 274 147
913 315 327
914 270 121
915 300 545
916 495 0
917 194 467
918 729 214
919 809 570
920 623 290
921 610 977
922 541 42
923 904 100
924 689 757
925 183 19
926 610 372
927 834 591
928 28 413
929 247 467
930 275 59
931 771 277
932 773 156
933 734 216
934 249 59
935 449 196
936 472 492
937 387 478
938 499 660
621 474 837
58 132 490
269 777 158
770 22 770
48 897 111
155 628 413
433 443 186
320 304 465
879 516 121
689 482 45
935 562 306
780 425 227
4 512 635
189 420 308
458 160 143
552 541 480
642 721 472
819 136 805
498 480 539
331 891 731
600 152 377
780 527 987
505 410 997
242 660 808
350 873 610
903 559 692
241 746 778
3 263 212
429 100 572
155 274 691
685 541 757
920 768 637
893 775 331
671 637 394
280 59 398
27 169 373
183 682 706
488 601 311
54 720 284
620 224 628
681 443 500
620 32 675
158 819 968
533 667 726
18 323 550
720 723 655
866 725 121
68 475 813
768 472 869
583 933 438
751 85 279
855 179 407
553 548 677
743 568 713
449 811 377
804 411 364
45 816 371
669 194 192
734 384 587
665 655 603
450 365 215
202 176 583
485 682 24
328 72 878
162 507 47
653 122 983
713 156 224
743 373 956
718 512 485
656 379 880
323 839 243
487 623 417
162 256 76
0 704 490
569 505 942
201 887 606
215 123 563
19 546 199
478 664 189
875 911 116
150 203 44
927 353 269
832 627 842
666 36 353
421 802 534
467 562 710
925 261 686
275 39 986
507 234 651
786 833 351
496 853 2
146 311 235
368 129 361
258 791 639
18 924 94
289 401 657
559 673 375
127 159 27
185 110 256
709 841 765
920 901 565
387 41 303
336 173 871
330 482 700
440 165 128
319 853 659
657 229 850
280 392 968
584 225 429
330 672 368
739 92 333
897 314 57
552 208 685
440 264 922
880 644 534
594 241 452
190 61 797
609 570 238
462 770 346
57 202 198
141 419 718
200 891 677
903 153 536
342 99 456
587 62 306
360 737 969
78 329 603
486 95 958
833 599 793
248 271 265
631 574 786
709 396 711
130 625 324
377 770 92
292 536 176
122 212 988
793 101 453
17 855 277
259 352 965
840 552 73
426 144 540
580 431 797
926 436 785
318 739 26
763 450 894
605 740 230
245 649 950
672 394 873
551 63 642
28 163 575
754 846 548
556 594 543
348 631 1
791 777 112
867 339 460
287 4 601
890 590 338
589 110 197
220 170 970
75 6 501
170 338 59
480 738 800
348 807 963
582 398 330
83 704 93
656 648 372
226 592 607
910 458 668
878 482 521
828 418 116
557 157 267
646 908 759
834 786 828
647 75 808
656 589 150
708 688 583
49 659 960
731 870 334
605 607 300
784 744 851
455 505 750
491 938 182
659 866 266
225 226 462
762 311 941
199 378 641
69 933 489
411 302 242
418 86 732
812 706 35
568 229 631
299 578 214
924 592 527
910 268 342
187 433 772
821 107 172
245 370 877
766 158 265
364 706 76
79 609 184
808 89 170
321 912 813
707 690 496
788 92 513
521 900 685
834 117 823
489 131 557
339 278 548
611 152 17
110 64 943
428 407 816
879 93 757
305 18 645
782 151 578
536 675 982
722 365 382
913 368 558
466 861 997
116 425 660
593 273 674
755 677 463
69 208 39
783 302 793
250 507 28
793 602 525
424 630 367
785 478 840
144 315 427
555 146 946
138 590 129
499 664 177
284 105 693
436 12 161
840 405 397
100 324 881
570 298 130
314 239 866
663 181 580
380 491 346
293 780 622
180 310 961
784 390 654
261 614 958
899 44 110
618 445 351
70 308 931
661 844 82
671 824 233
605 0 112
215 288 369
276 106 217
829 621 425
34 893 112
389 925 974
72 674 556
446 1 597
628 50 707
889 100 2
822 438 962
866 594 357
844 405 101
55 506 359
730 451 535
921 143 694
24 365 271
682 395 846
710 508 799
454 819 380
853 749 135
169 420 423
210 268 994
625 23 851
418 247 928
881 613 652
620 329 125
610 699 113
640 570 667
169 549 767
293 301 410
923 417 801
901 372 973
434 624 146
931 806 659
711 79 82
554 36 99
342 553 337
871 271 13
78 180 953
36 276 549
846 635 170
249 399 705
757 513 548
254 7 140
707 495 128
577 392 627
207 357 832
579 757 445
391 291 591
759 596 897
141 270 1
658 389 402
856 656 752
895 165 173
265 102 862
900 769 494
493 723 549
805 477 438
783 37 811
834 388 800
139 845 289
73 10 577
886 356 157
535 829 894
194 470 189
310 871 998
513 55 64
211 849 470
437 233 112
836 690 689
853 273 419
348 671 383
806 395 864
637 324 190
535 417 7
61 379 176
499 841 302
565 300 443
555 568 350
41 460 105
277 437 151
194 67 1000
358 485 537
495 319 659
924 20 225
878 602 249
545 717 890
356 85 509
395 420 671
408 874 864
293 310 559
596 426 766
642 880 29
459 893 365
373 748 891
14 176 664
367 353 911
661 663 868
920 219 437
713 55 333
315 95 343
87 882 796
467 829 597
22 154 258
529 677 265
567 745 372
878 862 211
711 733 394
786 270 991
340 702 910
55 767 269
692 921 757
769 12 187
352 483 855
674 707 483
14 818 578
141 181 72
195 455 342
640 521 952
168 611 279
214 273 966
752 58 782
771 834 384
270 112 107
805 769 88
158 311 329
502 130 616
780 233 734
504 389 259
867 554 160
297 601 964
576 903 995
924 825 9
446 933 58
263 473 322
404 898 672
741 350 173
583 567 436
524 808 594
278 47 220
205 370 392
53 604 316
846 280 617
14 905 26
22 660 480
625 133 884
241 319 154
307 720 93
422 677 14
775 537 859
555 648 548
899 387 11
166 34 4
518 212 210
433 803 543
322 880 442
13 312 619
605 155 987
792 555 695
821 388 290
347 771 122
898 811 256
164 226 642
467 56 615
155 746 373
42 153 493
324 735 81
283 415 838
3 526 883
145 67 316
458 657 217
54 469 758
862 810 715
360 225 942
70 701 455
242 839 106
774 533 376
142 668 904
286 63 327
289 394 444
664 347 662
14 66 693
105 856 801
696 535 236
5 394 891
302 641 2
116 902 135
907 228 496
413 547 576
376 789 938
499 648 673
261 106 767
928 672 818
393 775 576
602 335 757
235 916 730
921 571 113
596 849 359
320 302 92
153 376 446
158 393 962
135 79 592
357 571 207
882 503 29
696 485 179
452 676 737
121 53 79
204 555 264
796 762 824
381 412 800
117 392 445
68 355 218
365 288 448
483 925 492
708 164 67
671 385 886
361 768 580
324 105 595
302 249 731
307 474 812
413 216 490
677 545 9
148 884 366
607 60 936
369 151 305
587 369 245
314 363 175
808 560 394
789 790 601
201 670 601
591 528 584
543 90 233
485 915 679
13 473 699
412 314 728
247 106 163
536 173 172
460 31 18
39 318 929
745 206 745
689 596 334
837 578 645
294 143 546
769 514 55
194 730 924
306 619 651
329 34 257
348 310 530
681 838 554
730 141 455
602 282 580
266 461 567
772 368 397
501 469 773
552 202 353
761 185 393
876 127 921
766 317 752
788 612 521
710 105 179
748 877 582
337 80 28
289 182 260
457 625 525
587 658 879
871 189 75
280 143 859
418 39 698
307 702 824
244 691 854
368 233 790
20 911 351
5 159 148
92 633 732
530 299 701
384 752 650
42 13 521
26 380 675
117 352 258
866 697 991
266 922 232
870 68 350
864 493 707
862 483 566
127 378 773
668 914 683
156 727 242
778 703 63
57 185 900
626 876 812
781 919 69
127 119 326
335 146 344
642 350 867
781 843 775
180 12 197
814 457 218
890 793 26
292 300 811
437 824 616
648 643 503
592 225 51
408 819 634
841 87 443
350 547 596
729 68 296
393 131 57
270 603 426
321 104 496
439 171 415
741 137 953
422 512 999
606 312 576
662 892 169
15 399 521
506 862 260
417 5 336
193 478 250
205 739 156
501 242 991
9 44 254
356 251 557
437 56 491
519 890 795
362 371 290
374 407 801
408 78 89
42 631 963
152 806 580
733 833 865
704 743 716
137 480 964
910 731 202
629 897 322
732 84 77
389 864 565
276 114 394
775 233 180
358 149 716
830 885 186
502 740 253
306 93 868
516 76 435
620 681 574
67 825 781
406 12 642
537 280 924
856 403 887
99 7 990
478 874 579
649 776 197
58 188 792
392 258 804
714 523 126
570 895 323
769 609 216
703 829 37
624 11 578
358 139 511
30 615 161
42 498 443
900 904 405
349 521 472
614 255 952
380 624 378
7 194 999
391 485 843
126 750 578
10 737 413
1 761 160
110 11 310
722 310 329
841 439 521
773 82 732
121 919 254
721 98 392
482 230 770
246 391 395
776 179 479
133 88 122
223 274 753
291 198 480
103 927 508
713 168 749
305 222 602
702 171 283
892 433 440
364 523 986
570 12 495
129 185 806
816 160 663
392 167 399
197 558 623
839 568 964
715 171 518
728 647 909
406 10 590
746 153 991
717 149 554
421 485 384
620 251 83
55 382 638
117 274 277
770 10 665
195 80 197
287 414 646
199 395 501
94 419 933
714 463 838
850 246 84
77 8 670
89 537 604
130 679 213
127 864 294
616 374 48
248 131 580
877 832 359
88 649 308
322 638 115
799 665 273
487 83 445
282 841 173
451 607 602
375 199 213
873 484 933
888 719 885
848 49 657
398 75 644
870 100 980
657 26 112
260 269 322
523 904 161
557 111 506
606 839 115
13 896 250
444 291 552
118 500 863
29 863 720
9 898 686
893 114 739
420 254 413
283 255 67
528 360 416
71 436 147
897 457 374
383 865 709
716 320 539
529 759 648
435 723 141
283 132 980
879 656 257
798 902 484
115 307 24
607 293 987
554 636 967
748 428 410
344 606 115
865 234 259
685 566 26
198 661 309
125 322 418
93 881 149
567 352 15
758 859 225
734 810 549
931 662 112
513 613 306
639 211 283
581 132 991
857 695 947
395 66 138
46 111 270
662 763 933
664 280 130
617 65 310
465 414 934
577 652 719
123 38 236
143 819 935
209 862 1000
126 809 272
383 425 87
617 532 76
676 43 428
325 555 535
120 887 533
828 470 634
420 136 928
859 349 255
28 220 456
917 754 548
292 239 428
78 353 441
570 38 5
348 306 137
395 344 891
641 491 328
492 253 184
705 169 114
323 464 963
82 645 329
40 256 662
569 282 359
504 403 575
273 19 365
830 256 118
673 772 566
247 101 662
732 428 552
606 531 954
14 838 122
535 346 525
83 136 605
813 295 408
524 752 383
817 191 667
704 2 817
777 160 854
322 905 473
9 897 94
690 536 606
482 906 453
327 238 680
149 388 164
425 149 909
902 53 713
574 59 642
654 456 455
821 703 805
581 810 116
904 929 812
423 92 88
544 198 766
761 163 610
205 68 875
604 263 229
179 42 652
152 231 704
598 485 548
315 107 808
850 285 189
240 619 806
918 903 457
107 669 888
804 299 204
884 326 747
860 240 833
451 418 504
18 216 361
479 756 726
146 759 90
594 195 912
684 37 859
413 384 872
195 678 995
882 693 327
279 299 67
134 397 190
646 734 529
710 38 951
8 572 47
580 321 187
176 609 680
498 933 217
868 766 555
583 377 589
701 906 406
742 797 812
37 275 68
55 298 745
769 160 168
492 898 205
85 691 973
824 20 952
480 637 494
507 877 805
715 225 607
239 289 413
763 665 650
520 139 887
777 611 889
656 539 61
82 228 384
208 224 968
695 22 577
325 409 974
623 868 793
139 535 856
163 658 936
823 785 307
558 900 561
298 160 104
809 851 372
629 175 723
433 476 265
931 506 905
617 295 802
886 540 787
827 742 193
705 821 587
172 911 820
205 571 293
761 211 169
758 316 600
408 123 195
630 236 238
810 175 79
238 634 169
631 840 518
455 235 461
814 541 328
359 225 532
852 69 552
703 300 100
438 440 740
144 150 61
377 319 18
16 643 563
337 552 775
123 838 917
437 330 179
3 408 676
316 45 154
844 298 207
857 37 552
577 115 566
203 292 246
813 454 423
356 147 970
101 927 585
221 190 559
379 14 648
753 658 594
263 700 459
534 548 56
926 801 812
524 141 8
799 607 412
83 679 446
29 18 108
214 301 316
184 511 287
638 318 532
549 190 337
782 448 980
887 778 155
559 241 976
652 792 120
185 812 85
168 455 687
927 39 494
796 577 663
423 389 292
526 164 563
647 352 274
577 862 61
535 907 254
559 50 297
335 693 517
17 681 902
499 318 350
443 599 91
258 307 560
894 220 719
576 449 498
120 316 631
319 695 499
470 870 624
595 14 789
540 454 397
652 140 213
312 334 35
611 903 674
866 231 144
559 745 876
800 576 824
328 753 834
27 651 793
875 886 819
601 466 496
832 316 809
937 580 897
703 902 536
52 158 791
753 7 584
360 915 263
902 326 304
509 319 569
685 793 848
864 478 522
14 639 9
295 842 511
285 9 961
222 591 535
170 327 625
375 264 612
129 80 199
738 607 169
505 833 929
504 470 334
218 417 980
195 115 763
776 535 656
573 164 986
726 235 110
694 832 353
80 136 557
184 11 989
292 110 673
883 424 174
158 215 755
352 682 445
821 339 226
517 508 155
869 186 590
901 237 195
230 83 233
744 123 298
559 737 810
376 382 140
465 819 819
237 592 91
492 24 90
54 816 590
860 830 344
664 121 277
777 310 254
475 873 208
746 505 846
30 827 328
810 346 639
475 845 836
660 83 864
530 545 609
329 912 297
213 682 943
112 27 434
192 831 260
56 931 141
704 407 423
707 675 145
129 46 775
374 645 207
258 356 411
666 529 610
509 564 223
562 636 778
909 60 87
595 54 489
180 333 740
321 714 125
410 840 687
830 864 84
80 41 160
915 498 894
821 191 542
373 553 71
300 429 455
463 537 150
296 533 737
436 778 602
833 641 807
833 409 377
243 256 524
383 464 182
579 899 457
712 355 118
89 220 151
51 491 381
129 288 395
711 385 294
106 134 818
568 310 668
580 414 594
335 64 445
712 302 580
176 617 867
54 658 341
327 894 45
191 807 738
863 454 763
269 76 620
805 322 857
504 840 495
751 454 565
402 274 248
751 813 395
309 670 180
73 829 649
283 631 786
249 54 934
243 11 138
612 402 501
733 457 296
485 663 25
31 886 274
551 388 983
825 840 738
387 42 945
608 46 165
555 97 386
129 911 105
729 361 195
894 571 863
890 897 682
527 368 18
384 616 335
887 663 472
894 844 159
791 484 418
847 149 750
895 4 414
587 612 590
507 51 988
119 606 707
9 674 582
620 882 614
316 480 924
350 62 349
729 719 647
639 650 635
139 383 393
60 906 87
823 867 282
545 905 35
420 668 56
601 896 896
269 155 950
153 636 338
724 293 425
57 641 856
462 302 119
648 825 713
768 71 741
281 406 767
749 25 236
358 706 958
787 442 308
105 3 513
604 555 709
630 18 278
782 73 941
72 649 921
369 563 33
58 259 188
852 921 986
269 916 867
43 108 547
106 371 476
147 209 309
534 928 655
373 569 541
199 472 99
183 191 997
413 478 77
571 66 655
122 125 637
457 433 279
135 931 756
705 811 788
352 131 195
937 769 368
287 547 318
326 888 206
843 652 364
933 467 198
721 346 259
187 603 457
869 678 402
721 675 470
935 921 963
452 909 539
38 12 777
662 134 259
595 894 857
238 677 31
259 759 855
548 671 371
693 491 415
573 232 769
302 276 331
467 703 599
180 732 464
12 248 836
482 121 476
99 669 827
148 322 677
17 101 228
757 68 884
784 55 215
210 380 550
358 320 481
348 795 597
808 153 823
561 912 489
700 820 84
721 560 31
742 161 28
690 457 48
540 595 446
441 387 668
28 196 892
499 497 593
156 82 249
314 464 872
717 860 545
26 165 42
45 346 191
481 611 718
754 140 701
126 899 260
770 687 505
478 823 679
938 772 275
437 548 730
933 856 339
549 510 231
535 71 689
348 435 35
264 38 877
697 10 350
436 372 972
566 904 679
574 594 355
712 619 808
78 823 105
845 732 217
327 141 33
838 829 746
40 235 747
717 875 13
120 152 402
482 845 344
625 274 129
444 569 425
37 24 377
938 201 461
447 426 444
923 899 839
625 869 323
737 110 365
655 221 982
407 596 96
1 535 335
138 664 766
522 170 675
358 871 208
317 932 576
322 698 322
904 441 397
164 647 396
632 28 262
343 929 396
392 456 500
623 5 252
353 363 340
879 901 566
575 652 167
399 190 987
651 701 335
368 3 527
937 402 457
838 616 644
546 714 387
720 291 292
253 383 130
554 426 184
879 423 844
90 510 868
466 255 743
772 208 676
443 610 288
437 755 784
466 363 647
47 243 414
809 344 123
52 661 932
721 309 311
919 516 333
28 53 633
123 755 496
907 256 887
268 297 750
30 472 398
184 633 776
668 190 873
307 870 690
826 398 999
871 2 884
333 759 243
871 873 362
610 387 269
376 295 981
53 60 631
425 862 890
927 321 305
454 843 60
21 379 607
195 49 707
525 322 493
703 157 50
699 99 81
509 921 389
325 561 320
514 311 401
347 561 672
727 500 574
602 337 494
92 6 243
37 858 1000
401 155 900
378 569 339
120 23 27
707 100 560
511 117 816
239 931 564
821 495 418
29 793 283
624 541 334
772 269 276
912 210 136
923 606 505
815 739 863
684 346 788
783 475 866
79 625 580
909 192 839
203 521 514
549 82 936
824 751 692
186 413 572
421 305 1
40 674 863
764 936 756
833 85 444
70 299 540
827 241 523
333 775 368
822 858 766
366 723 545
865 348 952
72 36 50
888 842 13
634 138 17
85 624 196
445 868 37
717 327 892
915 235 476
504 432 535
847 824 821
483 351 715
441 83 633
916 902 221
851 196 95
69 164 478
365 97 501
848 367 243
709 443 827
31 670 970
159 683 790
705 591 316
266 484 806
122 778 464
917 116 300
415 920 228
112 934 955
841 62 219
521 75 552
221 498 605
765 872 52
169 405 269
378 174 458
478 393 902
921 791 414
506 306 659
766 761 245
678 779 954
613 795 162
716 404 125
562 791 378
32 47 758
912 924 175
455 86 80
432 919 334
169 261 931
113 587 105
202 399 468
120 719 641
352 172 688
658 762 886
672 793 2
412 909 741
898 621 638
229 519 662
57 228 1
40 419 234
837 55 508
776 122 311
324 139 324
511 848 911
246 621 322
894 774 240
757 415 374
507 182 268
333 597 724
824 645 705
799 102 326
490 132 283
326 915 229
191 594 919
33 228 463
470 922 476
498 419 983
233 304 91
547 335 201
82 923 607
461 337 912
812 444 665
903 109 547
464 584 806
703 29 170
376 814 165
26 201 587
271 183 127
131 334 458
373 196 296
115 514 416
409 363 944
538 283 596
242 762 370
764 268 178
425 589 78
172 218 151
807 384 244
52 928 963
593 456 846
390 829 311
899 799 5
916 444 650
365 3 710
918 221 391
1 338 243
175 703 541
682 24 930
374 382 975
932 523 443
593 919 248
415 82 512
570 36 819
11 477 519
774 512 478
854 67 567
926 122 109
801 414 796
431 898 349
696 596 534
420 18 587
849 922 263
388 442 318
329 467 866
667 371 730
68 447 749
437 928 689
929 698 770
137 145 586
919 540 472
900 213 288
234 350 72
321 445 942
212 262 640
556 37 17
240 594 700
484 235 797
234 31 747
807 796 261
427 56 637
270 851 552
102 317 348
611 79 955
638 681 390
885 120 772
691 339 394
820 596 194
532 265 693
899 635 553
840 162 416
411 558 483
776 817 367
484 480 848
907 656 744
93 193 764
567 369 958
141 587 844
94 759 531
151 212 706
552 711 31
603 701 227
111 464 576
807 206 619
132 914 944
501 199 272
491 409 67
933 471 470
172 604 714
541 901 92
211 363 393
52 244 904
163 283 642
522 646 559
455 100 445
389 337 718
493 190 781
490 799 122
22 924 842
558 65 356
528 426 759
307 357 813
735 351 441
390 666 387
389 732 337
850 181 547
417 619 818
312 264 559
698 596 429
33 179 170
858 777 64
136 126 849
694 862 83
209 696 970
244 166 637
34 132 569
469 606 730
197 480 709
329 135 476
746 261 494
778 620 710
608 898 559
230 115 184
928 688 810
498 35 38
329 435 329
914 6 48
23 884 893
472 748 273
316 671 183
704 112 385
739 933 433
158 109 744
56 740 495
152 492 224
77 730 15
315 594 336
889 653 81
9 270 260
862 387 545
729 159 812
874 128 250
177 244 428
512 286 370
415 478 588
387 617 640
16 323 932
79 423 646
69 713 894
201 396 625
896 302 491
449 639 191
725 504 914
461 931 271
459 154 307
720 309 423
472 667 709
420 881 115
39 242 159
907 84 229
706 902 366
294 696 820
429 259 894
341 469 444
426 872 584
543 305 524
397 358 501
25 152 720
677 301 85
914 51 240
130 835 403
494 139 551
61 40 968
280 763 369
288 715 105
579 785 853
221 222 905
301 805 372
323 648 25
307 529 706
873 185 146
113 294 658
620 290 578
785 374 626
926 283 842
470 78 835
485 457 126
408 486 542
809 337 630
247 203 428
887 101 736
2 270 366
152 75 492
19 901 506
260 428 508
527 417 424
867 114 663
578 93 859
179 519 677
857 133 702
121 316 476
38 734 467
703 813 227
44 109 236
859 426 741
545 318 423
564 556 112
1 486 863
685 819 629
693 905 176
689 139 729
378 565 588
803 879 530
97 37 433
292 704 971
48 527 616
873 546 425
402 765 473
856 898 583
302 84 392
37 259 669
302 193 856
129 802 733
15 472 341
726 275 484
110 33 783
97 824 558
68 175 388
252 514 25
166 443 493
432 425 240
611 555 99
653 74 370
63 902 724
158 545 542
391 375 508
227 542 968
566 349 429
669 638 569
582 438 145
938 613 353
69 870 961
212 592 63
483 631 436
479 575 555
172 161 196
365 444 585
937 687 294
901 147 942
717 570 153
115 314 886
470 657 145
669 494 722
192 45 84
734 889 581
163 113 597
880 786 254
808 528 399
517 834 63
369 533 632
822 904 62
360 708 719
458 796 683
613 36 75
61 592 226
487 78 458
65 522 244
57 495 9
531 364 28
38 546 962
470 927 22
677 156 545
477 206 473
783 16 870
733 660 604
401 544 912
525 615 216
669 610 790
695 714 311
295 870 207
320 397 148
123 475 787
672 651 237
224 532 709
455 239 200
286 174 98
168 82 717
303 530 695
214 332 123
412 745 172
78 38 744
342 125 402
156 645 638
106 383 300
182 388 926
737 439 589
151 899 662
35 711 241
608 39 461
261 783 475
193 396 722
861 145 311
94 16 178
767 30 140
701 212 913
876 839 843
778 476 267
491 565 163
875 153 300
747 402 440
470 331 381
530 263 429
91 314 675
788 271 966
719 87 123
65 259 105
597 375 643
58 716 435
759 150 654
514 844 583
248 785 753
711 723 369
553 380 496
897 625 993
325 563 852
411 508 717
854 762 819
695 874 923
44 212 935
455 700 40
565 937 327
916 413 611
524 335 444
602 65 719
713 254 370
349 270 225
118 36 923
635 889 84
317 429 691
750 569 80
482 544 187
437 838 877
493 710 284
565 204 343
657 95 848
709 128 224
24 351 757
683 451 193
268 310 219
907 612 669
0 10 706
273 453 882
753 92 467
822 851 801
494 858 111
681 483 488
687 615 710
711 294 344
76 726 169
665 409 192
703 750 416
225 146 771
319 263 323
526 146 868
601 764 8
705 727 136
863 495 200
473 638 539
394 721 446
410 538 935
231 883 870
395 622 395
548 329 77
515 2 230
57 384 790
393 159 169
875 227 14
730 183 917
196 396 311
814 588 61
564 117 819
282 91 364
773 307 80
618 867 251
114 589 969
200 252 289
899 822 79
340 691 901
165 237 540
27 456 275
798 868 113
353 293 447
323 938 637
92 142 901
934 405 25
184 411 828
310 826 458
634 447 378
681 555 54
472 441 625
856 534 748
127 175 344
620 349 694
807 901 548
81 62 543
461 406 387
449 437 976
881 102 763
788 794 391
691 368 989
110 505 272
902 192 793
625 73 464
492 467 575
321 563 881
308 185 884
276 458 345
645 369 916
684 105 61
421 443 199
914 139 979
793 558 652
361 874 158
69 228 765
106 105 702
5 206 895
681 641 132
833 826 177
747 401 32
392 764 31
838 264 231
767 238 424
791 166 681
411 717 756
630 105 323
576 597 161
744 875 863
551 196 858
547 424 565
147 800 764
85 336 858
587 797 185
237 593 604
571 885 278
509 381 613
769 713 493
247 45 406
416 717 656
627 808 514
620 851 212
73 554 336
29 41 316
504 783 260
158 883 83
906 205 396
332 408 211
530 659 992
515 802 996
369 672 889
390 649 42
565 116 309
737 225 225
69 173 129
170 140 683
732 856 554
71 590 387
188 82 366
328 901 71
272 786 10
137 79 537
307 513 336
656 873 849
6 385 848
770 274 857
747 82 16
172 286 307
600 371 553
143 219 192
896 792 816
172 105 733
701 687 768
442 783 320
883 748 358
506 63 963
883 218 642
46 684 535
763 691 236
59 185 607
540 283 696
713 114 56
33 717 775
707 782 47
553 258 922
726 901 123
876 656 986
585 754 637
214 240 93
759 220 980
263 701 336
468 561 47
7 91 682
898 561 789
422 602 934
57 157 390
40 292 763
896 873 479
171 846 320
273 724 567
394 81 452
116 421 888
396 717 113
90 525 463
514 353 552
351 464 812
408 138 877
855 933 621
307 537 767
454 181 723
68 519 981
290 396 103
726 177 617
365 875 185
634 318 404
567 141 441
806 162 490
703 427 551
934 761 367
559 835 267
367 151 547
218 458 63
282 775 793
674 376 3
390 29 708
862 785 474
115 34 335
331 438 113
626 344 658
370 297 7
823 12 869
340 36 889
200 755 480
310 237 57
508 529 104
314 872 100
848 191 692
238 7 769
191 112 841
679 757 757
54 908 247
683 109 866
33 145 734
198 505 323
568 738 785
701 177 355
311 511 677
106 560 11
130 588 603
212 257 94
191 400 509
642 180 876
371 383 371
508 543 323
472 543 681
417 292 322
520 656 1
628 575 700
119 897 715
490 828 93
795 498 428
305 390 193
933 200 844
169 70 952
595 899 518
347 558 136
766 592 710
485 699 144
386 212 385
98 579 346
741 869 701
195 201 142
777 425 280
373 712 2
647 629 379
637 409 419
475 874 181
516 757 816
757 96 929
349 560 968
149 275 801
480 603 843
62 551 956
538 668 667
511 664 240
33 871 545
860 684 510
936 711 2
104 536 831
47 639 226
18 518 101
405 859 596
513 279 286
343 923 909
588 445 861
58 602 796
341 33 938
404 283 774
632 554 970
899 207 841
349 868 661
765 845 735
275 688 768
170 504 64
464 250 800
552 228 639
213 169 571
672 592 479
240 578 554
660 527 96
813 815 102
762 708 605
503 254 43
391 117 64
318 626 281
381 131 958
43 206 74
899 809 119
247 167 408
758 757 104
816 769 472
536 45 271
383 377 434
140 404 108
852 49 27
187 204 275
135 560 178
30 855 248
281 484 54
660 120 390
745 341 444
493 549 125
35 150 147
237 450 509
111 277 120
630 28 704
237 127 994
750 56 752
772 897 405
390 389 310
327 699 91
643 677 24
137 705 60
756 390 322
344 877 846
589 812 506
749 520 580
896 49 615
523 733 124
277 344 566
825 344 279
701 582 929
662 435 499
304 660 514
756 392 170
490 409 623
819 780 292
792 260 796
837 365 817
89 674 611
864 302 410
174 239 121
737 691 675
726 354 588
502 796 207
44 139 465
623 375 770
13 86 444
879 144 741
257 710 922
713 265 630
52 697 225
230 383 186
50 688 993
748 863 758
349 488 871
177 290 687
791 670 543
363 128 841
477 868 312
244 472 145
559 184 826
619 783 147
396 541 83
59 157 511
253 904 259
7 316 174
654 680 782
896 653 714
266 611 216
148 507 645
512 147 884
75 758 665
427 644 26
132 755 120
382 835 978
27 678 633
250 266 590
550 12 264
147 429 854
204 550 857
921 124 482
933 275 617
114 538 831
729 485 759
295 886 778
551 303 253
215 928 843
840 569 148
551 36 80
564 720 174
12 311 960
230 494 786
283 458 676
227 210 964
895 214 948
457 825 738
346 769 567
706 416 237
572 620 49
79 719 98
344 360 305
625 770 797
770 556 40
797 569 816
327 184 606
642 52 101
246 6 150
924 329 582
85 752 531
217 836 686
459 173 351
931 8 539
770 897 282
447 608 196
703 404 612
404 799 614
463 383 992
474 120 392
316 589 996
766 406 434
43 864 654
639 492 725
385 383 768
355 438 617
309 562 470
867 474 336
14 613 550
1 917 315
592 199 798
28 410 674
540 167 717
498 711 230
252 576 665
82 818 428
195 253 703
153 485 501
179 102 330
604 768 266
110 853 400
204 826 537
808 259 543
124 757 795
572 778 953
344 334 561
717 777 993
727 69 725
52 399 233
176 478 808
498 545 244
771 313 515
167 710 952
102 829 146
421 204 559
876 396 44
111 817 537
651 184 893
228 155 514
473 386 865
251 590 901
79 761 890
726 520 19
53 749 842
399 905 858
610 573 426
672 53 364
590 892 405
146 125 297
881 35 319
792 537 305
829 651 894
262 518 10
175 572 327
300 172 516
426 925 171
213 97 345
758 800 598
660 159 635
371 204 359
162 357 553
368 132 48
247 597 107
702 608 90
219 833 752
315 613 945
78 790 437
253 814 1000
883 131 454
225 862 291
784 461 550
324 259 793
566 180 180
759 920 164
216 338 755
881 399 652
756 36 674
202 650 629
935 279 314
584 361 518
793 531 989
744 736 492
870 373 519
344 784 276
610 934 881
94 833 517
3 448 314
508 379 356
928 199 805
454 101 213
648 493 706
900 553 605
411 845 890
507 910 225
570 727 563
151 513 224
521 738 348
730 200 103
247 120 431
478 49 14
193 78 295
835 150 355
556 162 96
129 748 894
77 699 189
257 422 441
265 468 33
771 564 986
504 595 645
644 208 267
275 532 545
699 63 135
897 156 751
896 297 934
764 244 793
334 112 297
254 351 248
492 93 463
640 785 619
806 187 445
376 694 427
509 522 330
630 497 787
34 151 298
185 89 159
664 745 558
527 435 671
214 138 505
5 929 955
457 692 894
299 562 554
310 764 39
841 452 664
584 283 31
930 175 488
468 652 916
507 352 202
584 102 758
928 554 206
893 812 45
840 489 890
374 270 74
628 329 773
561 44 728
487 322 428
533 680 117
867 333 327
812 906 387
934 668 405
309 933 609
857 125 931
938 383 458
535 691 226
321 66 940
217 857 181
742 646 546
554 376 194
790 627 617
59 66 156
806 224 914
926 68 328
467 667 201
425 178 334
89 215 200
836 624 105
396 486 242
366 687 737
639 783 409
804 859 827
716 578 446
497 331 8
488 873 962
775 447 330
309 767 679
14 561 666
237 220 690
274 579 742
613 862 356
707 810 502
665 818 143
300 143 932
297 376 540
736 456 3
190 7 816
517 864 286
310 886 407
319 655 732
609 819 826
367 209 779
488 348 1000
153 777 35
570 335 821
732 229 323
428 5 864
515 896 722
21 394 343
829 142 337
36 927 307
301 168 476
785 386 351
670 853 909
120 79 819
202 538 249
252 245 261
41 133 257
795 241 955
107 233 240
19 165 637
867 2 490
0 509 338
364 626 228
467 931 873
855 813 970
673 804 827
389 584 170
302 850 517
431 350 470
489 594 385
656 179 204
520 41 984
558 413 990
876 123 306
719 21 914
315 933 810
401 129 125
306 548 655
833 176 140
194 19 517
297 534 492
720 297 992
883 511 535
610 111 948
330 878 422
486 206 469
629 248 490
879 309 38
406 520 438
587 497 71
45 724 111
59 151 872
772 412 688
76 312 707
473 51 870
220 443 192
716 830 438
717 276 191
724 489 322
246 727 941
407 247 403
551 107 328
287 586 813
479 257 444
600 891 767
316 356 734
672 694 449
709 394 580
475 494 458
573 842 432
548 222 552
695 379 154
1 265 55
157 932 16
602 847 430
311 357 492
462 794 423
893 711 333
40 651 146
257 55 673
932 54 813
869 660 417
43 596 937
593 779 967
416 804 482
883 320 522
587 334 258
90 401 871
84 414 964
62 814 891
412 852 424
273 7 859
908 837 350
117 402 981
454 86 782
895 77 277
25 330 411
458 103 570
788 17 411
334 253 833
161 107 900
44 32 261
832 668 675
116 190 972
473 311 995
147 627 830
89 179 320
723 171 811
729 175 779
831 440 482
215 448 174
62 308 95
110 324 668
612 256 649
485 870 851
863 552 89
449 390 373
147 597 795
381 686 429
821 902 51
501 926 377
936 919 581
37 256 814
79 786 612
656 584 274
638 285 795
373 934 33
829 936 480
354 843 990
450 349 789
456 432 276
53 779 307
928 25 83
270 185 932
348 503 776
473 406 333
914 388 17
729 731 787
154 635 225
643 174 687
215 693 770
212 480 653
651 848 500
205 382 181
338 865 552
530 783 835
423 529 589
776 937 442
840 768 843
720 215 128
122 508 817
817 25 205
880 713 195
692 317 136
458 490 455
248 812 747
734 302 524
670 525 978
446 438 606
476 911 354
596 441 608
11 885 626
290 575 581
319 3 64
551 811 979
833 573 377
801 576 595
569 763 334
655 852 72
847 246 882
440 400 709
119 505 831
228 349 316
827 478 716
39 609 2
415 597 98
341 101 310
273 36 138
813 492 969
857 191 29
666 795 671
479 14 165
676 737 589
836 213 574
270 14 140
499 380 538
782 686 411
628 258 322
163 881 800
570 146 903
536 571 51
852 514 307
573 681 452
196 843 468
843 522 7
917 495 975
91 505 15
612 320 606
371 74 835
173 761 897
123 493 318
460 387 582
420 60 852
539 633 382
436 10 741
387 140 297
675 445 346
86 794 512
135 741 84
506 494 571
841 559 640
230 729 269
410 110 187
590 847 832
760 182 666
290 417 83
232 644 419
801 119 946
686 413 953
744 132 515
626 153 548
203 589 916
110 157 878
520 540 412
373 548 159
352 34 820
780 50 855
314 893 161
445 359 677
905 530 431
198 354 701
660 674 423
128 329 734
71 472 665
330 731 97
820 496 469
361 171 101
608 601 612
901 777 39
27 5 456
52 18 120
868 740 816
73 105 861
200 495 796
821 190 585
34 690 240
382 230 411
269 552 347
898 33 543
636 731 690
35 767 974
755 606 980
348 721 656
862 442 256
228 167 854
572 712 182
137 594 251
566 202 952
833 210 393
735 268 588
78 725 167
406 233 70
467 406 565
883 810 570
319 446 575
28 706 261
649 200 893
80 113 994
899 505 204
340 223 475
161 859 906
160 195 618
239 13 166
159 628 312
359 620 997
737 76 185
170 187 199
276 714 292
483 917 286
408 776 646
804 731 124
900 138 103
713 54 160
832 13 29
749 780 851
609 855 489
688 832 418
689 405 818
278 114 280
520 570 191
192 907 478
45 731 439
728 55 896
358 827 778
276 914 756
337 813 238
429 622 988
9 931 785
902 646 702
35 782 928
42 285 640
825 570 10
430 132 50
132 690 225
328 301 439
293 441 214
495 400 353
554 495 959
404 836 172
70 137 67
831 607 32
303 256 667
9 505 293
378 867 508
278 92 342
652 437 8
619 408 75
216 887 480
885 350 957
123 206 504
92 808 590
255 72 474
44 286 307
550 455 630
321 568 452
707 842 220
333 149 673
638 225 632
679 208 299
403 869 470
638 635 407
733 882 709
457 270 567
468 248 531
163 230 277
871 204 9
20 3 675
877 173 116
568 804 531
32 867 984
343 430 40
337 918 822
632 308 526
471 815 271
554 490 482
725 457 619
463 317 756
521 824 106
51 92 160
308 406 94
19 548 758
271 138 778
928 310 670
429 30 944
22 857 119
250 912 824
282 533 702
130 108 315
49 29 32
626 210 204
179 698 302
577 306 903
202 276 771
454 560 795
30 298 196
143 468 80
113 181 757
676 62 316
245 547 913
680 159 25
133 461 409
906 581 727
74 76 558
322 442 284
218 706 384
692 407 969
359 349 186
671 865 422
818 502 642
61 912 398
44 263 963
616 345 80
206 668 12
680 868 381
202 138 507
422 936 99
585 800 171
127 588 110
229 434 189
400 725 849
856 385 590
674 154 628
518 431 578
466 420 125
492 260 240
856 61 926
518 217 179
39 644 596
629 606 211
314 635 918
923 705 343
925 315 900
750 147 626
256 251 658
402 868 74
423 374 393
419 595 800
286 809 393
861 911 453
559 502 307
111 182 97
264 886 84
529 106 331
832 484 229
90 785 722
357 538 824
241 913 908
421 681 599
44 697 115
155 935 717
367 465 661
225 194 912
198 576 862
133 581 844
831 469 928
927 323 596
597 84 658
410 504 240
638 807 184
58 881 529
546 528 383
911 618 300
356 439 523
45 614 375
64 411 104
295 896 374
158 523 779
460 131 298
406 296 353
402 832 848
443 226 831
183 544 534
608 150 367
811 11 135
656 195 971
311 809 214
397 175 78
267 273 381
806 88 727
398 604 282
606 734 600
287 180 459
209 237 7
290 432 258
754 597 788
583 436 234
523 235 705
135 161 64
485 522 766
933 738 27
343 164 646
180 867 191
411 650 73
925 282 506
72 74 917
39 622 345
12 545 854
741 668 1000
222 37 922
495 751 763
215 580 443
595 476 593
894 215 239
847 306 703
764 715 453
310 834 535
569 104 64
425 372 254
580 291 145
200 86 65
39 206 501
654 215 154
348 295 566
576 578 114
21 889 210
80 244 868
334 61 591
5 96 251
93 642 196
619 811 738
518 810 22
321 139 628
843 789 606
496 486 690
22 571 905
724 661 483
114 464 258
803 4 82
8 612 460
638 530 350
241 76 729
468 364 570
441 609 220
629 90 405
75 365 88
193 548 926
634 808 280
238 563 120
910 934 8
209 157 414
730 823 825
511 937 378
468 464 884
825 178 685
765 449 199
850 197 872
822 572 379
12 112 848
691 562 936
706 125 776
614 835 944
284 855 533
696 357 536
131 712 483
653 140 801
363 462 572
441 251 355
882 280 867
707 262 490
606 784 845
428 608 354
885 380 828
383 390 739
554 191 371
109 66 228
174 318 284
807 478 757
222 9 160
716 650 634
216 825 309
223 873 242
415 305 206
323 42 826
87 694 735
0 123 632
889 123 12
299 141 833
258 9 174
759 308 68
347 803 122
603 665 692
508 110 750
571 518 195
240 755 758
517 730 700
786 361 327
686 649 415
317 606 83
562 22 962
630 875 372
468 679 176
328 536 825
129 836 996
719 429 241
912 20 35
631 885 491
783 13 417
340 860 960
608 863 932
232 289 865
485 676 93
156 470 282
43 490 120
431 255 150
36 817 440
233 537 91
754 881 112
270 543 893
929 534 85
48 891 602
905 256 853
875 590 158
740 725 25
579 321 249
845 865 35
863 675 212
364 593 417
377 431 706
10 727 855
779 613 214
338 365 852
424 194 229
861 333 185
371 428 742
825 692 808
351 536 776
779 414 11
508 532 714
723 627 409
626 144 934
841 790 93
677 651 768
0 175 657
792 150 673
219 521 668
48 344 714
911 885 134
582 4 369
187 602 402
530 502 742
861 424 136
12 8 312
777 42 978
76 336 324
415 640 678
935 428 783
555 78 820
689 449 288
44 75 652
336 685 307
335 548 338
925 107 965
914 202 272
212 930 611
592 896 562
809 178 909
834 163 646
187 725 539
831 374 992
718 815 190
197 713 349
753 840 518
911 156 814
388 231 232
155 89 633
378 238 288
623 581 344
785 578 715
552 907 17
57 650 122
678 556 255
4 25 116
233 200 198
499 916 165
720 890 285
200 595 6
462 202 540
451 260 198
586 457 695
862 252 587
749 92 580
727 519 49
310 35 461
926 13 871
620 552 612
495 101 129
620 163 209
109 447 992
347 441 565
146 506 141
221 570 315
130 712 649
475 904 628
303 799 153
888 296 17
265 204 119
280 930 280
646 808 325
182 813 22
253 477 775
322 488 462
135 840 528
270 379 903
679 567 387
929 714 618
11 408 111
176 828 585
786 806 750
315 657 973
313 3 148
340 532 885
908 242 156
506 591 90
740 63 903
508 70 336
492 832 51
544 265 606
517 758 383
588 336 453
843 798 870
183 220 410
251 518 193
390 329 899
928 37 729
176 616 929
61 270 228
49 185 248
627 613 234
435 250 597
730 501 513
759 313 194
89 472 115
909 294 686
68 914 113
564 167 339
263 752 984
399 424 75
624 299 319
549 22 802
187 398 787
635 855 440
805 408 691
204 619 974
319 92 94
616 333 991
86 56 914
923 513 31
643 376 640
413 237 630
407 436 427
749 376 168
593 486 325
442 884 450
529 668 399
875 373 445
324 404 915
453 921 935
665 474 506
482 54 34
497 47 662
405 385 903
255 752 100
453 795 982
813 781 492
1 271 905
275 241 232
95 452 195
917 275 816
873 480 997
23 147 377
453 746 593
76 728 500
474 451 503
924 197 484
118 63 183
513 22 195
9 652 508
176 235 904
693 3 424
241 526 111
203 48 15
104 682 532
335 593 724
563 245 298
708 545 429
752 46 982
804 716 503
403 876 248
56 634 797
774 132 586
456 340 838
909 202 840
573 92 267
745 579 129
605 583 687
343 690 434
479 694 566
811 263 691
814 240 796
4 462 508
557 201 391
523 682 357
236 176 565
833 659 675
262 178 193
374 494 610
742 407 692
284 800 126
371 253 885
638 468 757
691 26 718
749 49 491
389 52 994
736 714 641
82 539 859
352 186 981
167 922 530
117 343 565
644 216 577
11 373 774
487 587 885
899 86 660
304 571 413
62 870 979
415 553 593
882 45 992
646 781 1000
73 269 684
424 468 521
63 695 492
488 743 322
71 508 251
514 423 737
471 699 407
373 617 609
930 488 490
497 837 278
19 826 4
14 798 722
89 288 107
94 461 415
618 924 599
27 826 739
525 368 710
679 855 459
497 583 757
635 555 22
50 174 441
568 605 301
136 579 782
491 277 804
31 421 381
840 590 19
435 420 245
770 532 677
260 555 341
90 373 700
707 303 171
698 392 650
138 696 583
548 890 853
733 389 128
176 650 780
378 585 374
51 750 868
128 456 439
777 350 987
342 913 440
831 109 720
935 897 141
487 36 648
515 751 259
528 857 804
802 508 923
910 836 580
734 2 77
419 809 41
12 163 667
751 724 804
856 825 799
687 359 244
264 661 428
5 83 397
440 510 941
223 879 661
885 726 270
320 428 62
180 208 659
397 828 628
896 878 64
653 713 201
416 721 22
122 706 592
19 703 963
630 858 411
615 106 221
438 202 127
786 193 564
890 899 715
577 698 550
757 395 462
674 79 515
117 865 754
341 479 141
638 101 240
388 151 692
165 449 186
568 185 579
562 141 961
530 574 305
672 292 770
692 427 533
712 620 244
23 661 718
330 698 925
836 769 725
338 789 224
450 307 98
763 611 480
572 686 51
456 709 525
580 628 975
332 652 348
417 425 583
479 248 851
47 486 741
895 822 807
157 333 812
92 281 733
548 852 582
910 494 496
371 346 954
243 673 272
213 72 749
12 568 592
17 682 146
351 667 20
502 241 984
599 66 589
796 913 901
106 80 559
192 742 359
591 118 931
734 168 772
600 842 583
830 756 783
479 383 846
857 334 710
332 404 135
6 220 915
667 80 838
248 476 954
252 354 582
445 797 518
6 29 855
773 167 693
50 385 393
216 246 667
270 887 206
212 310 287
211 683 427
631 397 507
147 358 699
222 228 425
635 200 283
514 317 365
889 493 35
284 518 580
799 261 306
208 554 171
166 49 910
104 412 382
486 652 571
260 202 224
779 100 221
83 638 333
277 930 613
811 874 944
717 440 538
195 578 884
759 106 507
45 172 451
119 42 470
350 654 951
496 605 983
401 658 720
371 732 890
505 349 158
930 609 331
438 198 695
485 147 227
589 718 653
162 463 906
97 502 855
34 108 433
67 843 275
295 253 547
286 572 46
566 94 613
191 147 495
760 249 319
599 731 167
472 104 939
496 278 314
797 138 19
413 167 367
231 604 43
701 31 839
522 214 617
408 784 136
264 67 436
486 714 7
275 340 288
507 601 306
142 65 630
114 169 218
372 834 628
288 668 457
255 691 480
231 927 170
741 154 942
925 441 696
626 795 397
200 386 789
256 380 748
837 772 190
753 496 305
640 73 624
653 253 423
586 793 897
107 263 612
93 48 327
696 152 531
761 713 135
886 545 835
136 335 717
500 524 579
313 446 301
370 64 500
401 219 942
40 934 583
591 140 764
890 929 247
181 47 430
539 149 81
313 818 622
328 810 521
578 45 606
258 229 832
651 185 293
574 904 998
116 64 239
21 467 937
895 113 803
306 551 735
609 365 287
810 410 67
618 550 147
154 540 332
372 236 618
72 208 768
303 935 115
31 264 40
417 136 268
675 735 681
281 535 519
899 135 989
508 938 598
778 585 403
93 365 495
757 186 676
191 889 843
356 631 964
358 541 799
816 41 504
352 709 589
414 522 388
73 419 69
84 510 149
75 405 404
476 202 440
229 420 495
727 147 560
475 258 467
519 58 651
705 900 964
45 505 371
249 827 486
694 931 595
547 57 129
719 915 948
17 407 449
92 210 294
568 596 436
101 417 37
814 850 533
895 272 17
658 526 671
904 477 367
931 438 445
401 639 379
191 448 648
159 50 622
275 44 97
52 741 642
401 797 662
124 358 233
41 259 551
347 292 79
508 507 835
249 786 144
809 234 123
544 724 589
716 221 589
674 537 124
277 420 753
115 90 834
801 639 288
717 452 846
828 4 801
71 623 35
517 155 568
114 860 247
901 508 946
687 339 108
704 495 186
403 793 377
5 932 800
882 236 737
276 281 741
700 558 136
195 315 600
530 177 861
646 257 147
830 164 243
616 840 312
773 124 624
242 207 381
424 169 523
297 285 494
182 27 595
238 587 678
435 122 646
27 253 680
590 828 51
162 602 242
362 156 94
486 648 247
611 677 846
829 414 892
665 225 405
73 597 311
469 381 292
826 397 92
220 275 753
306 228 969
855 596 520
730 879 783
920 273 752
482 247 418
555 711 475
529 737 361
594 72 932
918 230 783
786 105 373
148 279 441
457 932 382
710 591 897
203 146 717
927 680 849
291 293 709
864 548 764
905 518 298
177 416 419
631 639 842
291 265 4
468 454 998
462 165 381
756 716 494
342 84 470
81 261 813
355 552 914
780 141 988
307 827 913
601 911 631
379 137 378
239 511 248
149 421 501
859 605 492
376 759 58
154 678 716
602 365 966
518 53 378
223 459 476
397 62 609
751 597 340
82 520 248
907 674 706
405 110 893
385 234 316
571 313 293
112 705 302
347 715 103
135 405 100
144 871 488
260 150 310
369 627 77
507 629 351
824 772 42
937 444 748
619 37 874
575 247 758
308 199 948
279 541 757
766 671 777
824 548 172
838 581 88
171 825 871
461 34 851
889 628 947
728 718 316
231 406 596
613 810 141
310 135 763
641 717 696
686 602 62
72 758 521
25 909 210
612 529 639
387 686 953
214 200 552
828 414 262
884 306 965
514 517 407
8 712 581
823 450 188
369 116 871
199 415 485
439 545 91
496 656 385
869 693 124
250 806 412
584 658 138
188 22 835
446 938 287
652 631 944
806 441 600
739 443 100
374 621 338
417 469 161
691 687 839
819 882 10
331 262 430
296 230 297
287 790 217
512 562 142
845 931 604
560 309 275
801 624 964
218 414 462
458 17 255
179 183 733
778 92 721
625 397 557
586 712 172
593 51 379
838 842 97
435 32 381
68 697 865
70 603 287
124 420 881
337 335 768
920 205 483
537 345 958
672 484 479
786 214 484
928 2 127
140 676 501
424 772 201
423 100 569
360 49 161
495 774 799
865 711 957
421 55 367
665 261 473
467 704 492
547 759 277
474 515 506
178 208 806
754 88 661
251 276 662
284 71 122
450 738 17
531 736 235
237 442 752
193 713 674
680 567 227
200 60 114
241 871 919
268 404 512
781 475 876
20 454 317
205 276 63
729 561 8
911 696 941
348 325 865
609 469 786
881 85 857
60 66 637
685 231 10
532 632 710
224 644 857
106 731 771
541 401 38
538 331 876
753 202 680
614 182 867
827 642 207
340 198 590
0 828 463
918 635 11
800 794 721
145 444 513
869 728 134
679 869 38
687 495 501
901 2 101
915 632 27
594 368 522
728 111 806
537 740 51
71 842 157
615 287 378
607 457 34
872 704 117
720 750 41
157 271 272
147 21 927
204 737 391
607 576 656
140 583 507
345 153 837
435 865 302
802 637 518
110 151 358
472 823 202
917 524 592
636 335 398
553 432 857
441 132 557
174 901 157
541 781 570
880 38 164
703 328 662
804 46 80
807 517 170
615 226 280
668 709 300
5 92 873
393 653 139
584 515 711
586 284 529
904 770 948
753 702 209
796 80 56
804 757 488
496 925 445
430 591 421
157 702 821
464 301 135
913 78 919
674 604 234
111 240 784
433 937 408
346 735 22
364 384 813
284 505 981
583 547 356
107 192 546
700 116 738
259 264 780
351 771 65
418 21 198
863 913 866
833 40 187
359 138 667
116 396 900
546 450 348
857 896 457
705 213 338
538 461 374
898 290 528
540 487 836
923 347 707
405 326 324
810 182 787
274 296 316
323 868 779
813 404 648
279 467 653
278 160 791
912 747 199
652 172 881
680 292 66
411 255 434
390 577 449
877 95 267
858 365 598
18 658 375
363 494 641
854 714 937
394 31 224
49 324 911
546 50 573
635 356 489
506 205 376
454 896 255
620 66 346
819 19 896
539 632 161
888 408 811
301 401 545
502 233 891
200 781 329
227 201 44
635 204 857
614 285 57
346 290 298
307 453 457
571 303 62
43 773 855
507 72 475
479 323 518
668 931 160
403 170 996
250 303 72
748 170 459
6 458 778
96 514 338
796 756 8
540 645 206
405 721 907
113 397 655
888 707 951
189 44 981
415 631 257
831 780 970
93 937 96
535 512 494
844 656 58
242 219 988
291 664 205
680 430 551
147 2 219
936 513 231
891 923 740
135 473 664
119 341 203
460 474 860
927 421 366
178 918 219
640 711 13
1 820 417
637 276 246
375 866 475
585 523 824
915 298 354
187 55 513
617 722 299
670 408 473
679 290 365
73 447 982
126 354 458
263 106 596
674 600 493
183 777 261
563 647 881
491 878 161
706 518 312
545 807 126
658 450 354
464 644 872
699 580 173
441 27 660
567 236 963
774 712 933
222 924 501
499 106 853
716 44 734
537 708 296
274 557 488
310 787 551
438 915 962
1 533 471
749 437 908
733 456 882
412 896 173
163 593 239
309 896 805
788 406 411
401 739 967
486 352 617
464 745 243
13 278 637
547 67 950
630 687 426
886 762 580
922 238 951
545 633 750
558 95 740
124 643 908
501 246 347
40 649 528
227 156 825
115 226 93
299 686 651
735 915 310
569 622 510
671 93 419
652 508 906
622 357 269
530 796 575
686 906 244
911 472 843
301 839 404
851 888 583
813 487 846
397 700 112
686 57 273
687 142 566
642 586 158
260 821 245
612 807 330
570 753 680
129 26 416
430 346 268
243 509 736
382 347 767
469 200 882
235 470 679
413 472 979
168 606 828
655 79 28
163 639 53
602 457 80
644 314 187
105 238 470
93 158 196
811 31 423
574 686 249
153 151 443
555 811 45
578 469 768
320 598 773
88 854 84
730 666 73
670 931 833
145 285 172
240 890 13
258 827 408
644 326 908
376 885 714
604 521 133
165 466 645
808 727 711
284 603 608
540 351 32
1 712 159
540 793 785
788 666 855
876 603 449
915 880 940
43 33 718
903 33 927
596 688 964
872 807 829
469 618 628
766 324 418
520 14 143
262 859 373
677 261 610
161 479 720
631 470 149
674 483 871
79 5 255
316 319 681
326 197 985
826 14 151
876 774 61
789 110 307
236 302 841
92 387 948
756 111 619
699 890 46
424 777 529
712 41 217
499 337 912
244 883 206
284 103 797
564 738 431
324 63 470
488 323 372
61 646 899
233 905 445
369 730 992
692 284 446
493 673 55
84 292 185
38 335 361
324 158 505
820 110 523
618 799 959
877 745 860
896 328 56
287 776 826
427 461 532
166 814 152
198 884 161
670 843 724
692 40 582
371 682 810
397 836 971
531 729 632
809 481 465
477 214 884
322 318 109
554 524 750
448 388 472
835 288 296
549 623 628
780 643 612
121 747 834
831 759 746
778 896 65
23 682 56
397 30 593
108 856 612
816 756 814
378 691 350
75 299 390
507 74 206
317 656 472
522 376 352
50 907 688
612 626 743
174 52 963
512 697 378
480 665 206
420 918 40
725 851 102
515 705 738
13 899 471
64 88 200
627 447 15
691 237 977
332 809 193
55 108 70
578 319 495
438 98 769
648 775 772
450 156 180
423 528 994
323 657 272
171 452 288
353 483 677
889 481 20
733 210 997
930 43 590
523 179 672
533 556 991
589 860 178
557 530 847
513 628 7
670 353 547
926 877 240
240 591 188
510 228 326
516 468 660
283 551 31
666 769 514
917 249 144
510 275 35
516 27 680
394 907 468
397 563 996
607 926 825
46 134 981
424 905 834
703 287 189
223 887 341
73 20 357
487 353 227
472 157 81
583 662 261
126 70 253
393 119 274
396 181 592
622 332 194
310 752 573
682 552 107
594 198 785
279 501 109
845 823 504
203 368 126
31 64 757
584 145 469
178 650 26
741 157 337
761 195 404
490 73 579
87 412 605
832 213 843
412 5 223
748 687 137
273 914 311
591 635 702
325 222 650
180 296 626
102 631 882
894 903 357
610 178 401
429 552 908
263 782 488
878 725 784
749 420 65
410 778 44
88 512 161
854 704 342
265 140 88
201 574 714
396 163 76
681 184 345
493 21 612
694 360 567
430 196 374
448 327 36
415 659 640
835 599 889
374 819 67
720 262 329
723 571 447
625 728 918
456 703 716
105 642 963
595 341 50
853 158 648
329 297 403
723 390 131
615 446 300
507 446 706
175 594 977
558 10 753
9 597 542
490 542 443
82 266 481
811 76 762
307 238 321
99 205 231
287 94 409
683 266 259
462 606 151
132 413 798
811 628 449
205 724 828
847 543 479
558 327 899
232 292 791
536 744 357
375 596 123
507 406 632
908 62 541
469 8 598
889 50 46
921 474 402
289 500 523
4 732 611
392 725 753
92 253 851
516 812 194
705 530 537
620 223 991
95 456 673
510 154 657
669 200 521
19 230 316
440 908 123
475 62 57
76 668 732
295 187 938
196 302 248
261 306 366
689 551 228
79 549 434
275 284 355
38 578 282
439 721 17
574 81 994
100 35 178
43 712 22
547 435 172
168 531 216
44 595 199
374 893 936
407 165 433
603 239 430
320 659 608
345 850 491
256 715 168
423 371 276
771 127 476
514 197 938
848 345 351
904 646 686
328 319 436
43 297 256
240 177 950
835 731 109
127 120 358
725 366 689
755 925 642
182 263 201
253 417 212
330 184 283
798 709 62
300 245 422
658 45 388
379 224 696
395 18 761
28 739 3
328 748 898
562 774 946
222 752 806
112 594 273
178 21 396
214 631 963
36 786 333
230 199 709
453 501 950
200 480 469
494 263 440
552 286 4
498 506 974
645 383 850
807 882 16
511 201 994
217 431 619
585 873 471
920 33 678
204 543 153
267 452 105
378 929 633
850 237 360
934 483 241
550 905 422
162 740 967
613 736 957
539 348 648
333 383 788
607 36 725
335 526 30
278 333 134
400 487 460
350 649 827
431 899 465
13 709 695
294 901 355
912 486 252
909 366 138
841 615 213
914 641 949
425 185 305
387 235 715
88 298 805
804 458 73
177 264 539
120 694 287
619 404 828
395 154 31
112 261 756
225 467 174
811 930 304
54 540 955
354 823 763
101 244 80
499 164 625
824 68 586
243 618 463
678 553 422
128 655 125
32 196 880
202 685 908
31 441 340
467 55 146
132 865 573
451 68 555
297 267 610
92 593 571
200 554 587
855 633 235
380 434 587
77 850 938
64 37 659
1 793 202
55 319 190
465 383 12
136 56 777
270 42 290
893 912 11
240 307 581
923 558 322
265 130 771
669 805 521
706 160 16
935 151 14
663 930 778
616 270 180
775 210 416
32 176 206
748 928 126
808 893 56
676 470 48
882 326 467
417 396 337
316 820 767
834 130 230
716 570 51
225 41 36
705 851 877
619 898 527
524 733 867
704 514 102
924 670 806
645 813 162
573 420 227
131 543 84
785 391 136
472 611 79
371 796 883
569 571 122
657 79 526
816 618 162
135 27 975
599 718 827
560 789 466
759 305 534
415 863 940
937 515 73
504 492 284
418 159 933
197 262 92
264 380 141
80 654 675
591 568 525
207 90 840
458 748 231
194 99 228
917 511 107
122 746 90
571 681 288
674 758 937
359 453 587
816 840 656
455 122 186
100 176 431
600 157 543
521 465 242
353 323 229
17 814 279
97 479 296
903 914 277
591 658 763
214 458 514
226 893 656
84 469 205
296 219 610
71 618 594
799 97 791
47 877 117
901 24 996
204 132 485
315 23 53
515 671 987
605 19 206
650 20 352
413 700 330
663 634 989
909 388 500
341 301 809
685 674 75
877 24 705
331 579 849
468 396 159
112 589 197
532 12 126
937 144 864
68 851 337
449 877 766
561 809 67
124 259 558
354 206 483
918 12 660
522 7 277
546 617 659
598 368 362
856 477 896
681 667 760
566 390 301
543 159 804
11 268 942
742 837 341
873 388 699
930 752 152
772 433 970
14 194 292
89 63 953
387 346 691
487 77 493
35 504 222
546 890 716
734 905 1000
254 658 826
155 283 219
737 791 276
448 264 451
24 125 57
483 710 237
784 895 764
486 575 444
522 636 942
238 129 547
837 345 17
866 799 308
319 130 579
683 506 929
720 110 294
914 734 576
8 237 907
193 772 999
105 249 773
79 473 232
637 116 240
843 867 350
528 578 851
484 763 666
780 501 86
574 461 687
242 106 565
27 133 727
748 241 323
372 693 645
190 780 409
205 250 897
614 541 476
84 70 123
768 830 225
933 81 883
408 726 997
586 836 499
27 726 899
72 703 705
830 863 865
561 264 79
68 273 938
383 794 545
338 717 282
140 229 469
318 525 268
460 172 985
324 566 181
206 221 287
649 615 19
800 381 378
541 395 553
638 603 867
35 81 681
325 105 495
356 349 226
63 919 725
103 800 163
204 770 371
363 23 935
237 522 662
58 541 229
1 8 962
94 528 593
440 903 970
836 720 413
345 394 642
23 369 38
707 287 460
205 586 787
4 224 989
507 905 407
763 750 798
176 457 277
600 822 458
856 469 657
53 29 458
915 838 751
487 325 758
842 201 69
247 715 679
47 462 672
139 330 617
649 882 437
145 201 769
879 319 902
209 796 270
330 781 688
44 788 662
815 359 163
132 664 184
378 499 891
336 477 422
869 736 618
340 864 219
627 311 784
233 378 747
399 478 966
352 439 149
135 457 13
857 415 208
564 318 336
931 60 294
202 101 211
178 525 870
829 151 724
458 786 144
167 867 996
342 333 55
667 792 641
245 359 112
881 124 838
220 496 351
349 125 700
638 537 896
705 236 827
519 634 969
453 194 665
357 613 943
935 670 539
443 475 680
374 777 584
184 652 409
390 661 179
777 779 678
266 752 439
536 137 579
863 585 277
115 620 444
532 2 724
908 651 728
223 462 576
408 628 878
443 489 819
408 854 751
535 639 483
32 528 298
845 168 835
810 216 524
636 615 796
646 185 260
71 597 707
771 67 761
211 550 853
813 933 609
526 172 190
159 241 443
26 635 614
638 30 754
186 312 227
291 517 521
125 564 228
653 485 955
441 678 772
921 183 757
633 43 288
823 199 560
275 531 383
94 388 22
78 884 179
358 814 71
164 811 945
33 281 294
544 569 709
306 443 520
547 5 961
365 294 612
669 802 312
539 95 742
884 459 612
290 256 561
634 830 444
0 783 736
290 502 464
227 639 608
860 904 586
290 461 151
98 563 628
919 622 184
752 418 441
552 114 626
556 201 610
247 840 121
840 223 792
547 744 679
673 546 276
688 771 333
683 435 36
658 331 949
856 208 484
736 457 123
303 426 422
142 422 633
348 928 355
415 313 576
905 502 368
729 765 442
781 478 931
205 124 755
299 464 960
630 326 214
603 525 593
7 59 576
646 69 664
321 137 140
812 227 879
291 733 306
337 497 859
401 206 294
593 390 54
358 436 225
472 564 597
508 261 832
182 709 126
937 455 691
86 195 725
674 346 76
137 908 907
701 720 488
196 180 250
318 91 694
531 408 32
127 842 826
224 439 260
481 221 196
419 23 992
454 446 851
269 436 3
203 642 339
89 676 219
169 779 861
574 308 792
701 864 350
920 937 873
639 780 613
404 557 799
424 705 965
48 276 199
424 875 994
378 241 214
188 862 548
14 484 319
245 288 638
366 721 738
596 212 321
516 607 793
273 888 221
429 106 395
355 611 784
433 804 808
652 471 267
414 633 188
406 44 935
725 590 881
888 678 695
268 470 293
354 586 65
761 83 148
336 271 448
827 354 263
345 684 402
719 99 528
838 130 969
123 238 972
822 356 783
23 390 160
230 68 17
365 549 456
832 467 922
407 135 762
215 231 468
353 525 202
99 617 255
25 804 41
241 79 768
469 866 813
125 74 922
296 881 209
433 74 607
820 310 671
421 337 849
446 13 524
366 248 344
222 291 879
342 419 361
476 289 849
9 293 778
912 283 412
696 637 204
91 247 355
140 643 403
809 833 457
592 123 981
680 128 934
40 350 538
54 24 654
184 621 886
248 516 708
217 95 664
516 275 531
186 655 812
167 6 65
176 546 326
125 713 431
680 921 970
861 874 578
34 288 12
68 260 350
292 71 509
330 649 94
828 768 978
235 229 263
764 27 628
619 377 68
810 158 902
406 819 256
883 802 617
505 154 508
100 303 193
803 128 55
617 27 826
667 572 198
565 725 249
226 505 764
229 933 13
267 533 939
114 206 408
580 461 629
421 710 502
298 498 869
98 282 256
311 197 909
886 648 179
73 517 180
797 183 92
485 456 861
236 28 756
297 570 963
128 397 202
583 212 978
77 183 597
293 304 36
308 570 700
405 739 439
286 5 544
598 440 350
893 578 121
231 76 766
919 496 344
501 365 438
882 683 67
50 217 637
510 200 680
405 863 431
802 294 177
870 585 651
358 34 33
384 881 275
904 761 659
73 48 527
576 653 78
921 439 987
813 294 56
281 381 66
573 37 284
303 896 179
539 878 874
479 843 624
842 293 527
560 911 915
136 353 317
768 823 304
641 381 669
69 73 818
807 474 736
653 794 599
468 797 692
828 49 1000
57 739 916
91 425 708
180 293 761
244 466 467
754 434 789
625 403 191
785 540 158
55 804 921
547 562 683
95 252 883
745 828 74
254 380 771
816 23 475
295 812 520
240 144 710
721 695 61
236 143 280
3 662 956
622 794 57
586 2 541
698 363 257
564 299 564
264 571 582
810 91 722
385 340 890
315 584 454
545 797 4
430 241 695
292 493 320
482 770 936
813 869 410
514 337 869
599 302 753
38 59 447
726 297 390
550 631 908
429 287 548
829 394 38
120 699 549
145 649 752
167 146 411
719 565 555
392 852 819
87 102 414
73 790 792
835 210 452
318 4 786
397 667 456
637 401 936
206 917 75
166 43 291
927 531 548
105 327 391
450 675 991
903 139 326
126 204 344
851 431 706
21 246 773
223 161 838
152 891 587
22 486 932
211 895 144
590 88 980
316 888 108
401 419 288
658 145 682
132 177 315
876 339 819
36 204 926
451 781 655
310 81 288
76 267 532
531 702 118
335 175 477
640 215 588
31 509 367
364 379 46
773 769 703
842 282 701
571 732 304
160 462 710
644 743 792
262 317 859
413 409 240
473 457 6
832 893 21
295 100 457
405 349 289
591 3 125
493 567 833
420 723 142
364 34 359
96 855 308
836 550 743
70 466 473
81 876 737
919 388 206
154 484 772
610 48 78
398 146 849
364 339 30
104 619 248
528 686 613
605 73 479
568 295 768
427 445 581
592 145 385
576 745 406
468 110 383
918 298 135
448 661 782
496 778 628
117 650 305
79 918 769
234 516 940
688 455 396
525 44 766
92 782 383
171 621 566
108 488 726
207 204 167
369 79 867
481 489 635
639 838 907
714 169 723
648 524 472
493 708 154
702 526 339
458 849 277
204 724 934
208 655 618
374 924 501
761 486 920
190 697 362
736 722 537
90 149 207
912 510 836
20 930 215
439 332 397
550 484 459
453 67 444
792 164 24
776 147 709
230 30 61
689 877 748
875 858 512
584 603 109
563 140 378
106 92 935
28 655 733
780 693 104
125 572 877
507 702 65
339 44 81
106 130 394
740 493 718
872 531 579
215 50 862
156 399 898
886 209 310
893 821 504
782 525 547
880 190 822
181 838 405
317 458 918
871 884 250
885 858 25
857 372 522
627 292 48
413 375 773
714 0 496
398 324 231
13 576 212
399 381 293
88 57 661
166 85 79
736 790 547
358 556 204
142 237 941
592 65 43
185 653 914
849 524 754
289 335 845
31 820 838
334 241 320
767 228 587
598 106 88
