934 5826
1 0 682
2 0 371
3 2 389
4 3 668
5 4 601
6 5 314
7 1 629
8 7 433
9 5 681
10 2 320
11 2 470
12 1 145
13 4 249
14 9 189
15 5 501
16 15 436
17 4 587
18 8 739
19 18 558
20 15 484
21 0 209
22 7 591
23 20 216
24 23 276
25 5 148
26 19 595
27 16 438
28 13 174
29 15 744
30 17 358
31 14 7
32 5 744
33 16 760
34 13 647
35 9 974
36 32 648
37 25 503
38 13 489
39 11 179
40 15 152
41 25 356
42 10 586
43 42 633
44 41 9
45 25 189
46 37 610
47 43 694
48 24 196
49 19 745
50 18 283
51 45 898
52 0 420
53 7 344
54 46 632
55 27 331
56 24 867
57 33 915
58 20 835
59 44 496
60 29 29
61 46 569
62 54 275
63 0 469
64 37 462
65 61 829
66 37 768
67 10 190
68 23 568
69 68 467
70 53 807
71 49 473
72 54 900
73 38 171
74 31 685
75 62 761
76 25 957
77 26 572
78 41 178
79 62 443
80 51 898
81 74 898
82 36 996
83 65 65
84 20 2
85 3 176
86 66 773
87 27 674
88 34 707
89 58 967
90 48 775
91 33 281
92 81 319
93 80 548
94 0 656
95 63 48
96 17 196
97 93 261
98 12 17
99 9 817
100 45 255
101 99 120
102 29 224
103 28 773
104 35 558
105 31 357
106 95 598
107 25 539
108 84 746
109 99 478
110 32 754
111 2 484
112 13 444
113 8 846
114 17 348
115 36 925
116 6 313
117 23 210
118 98 628
119 41 639
120 42 405
121 91 802
122 120 292
123 35 362
124 96 196
125 13 960
126 19 17
127 50 553
128 58 972
129 81 463
130 40 958
131 78 497
132 0 919
133 74 400
134 57 532
135 10 271
136 121 632
137 131 900
138 75 973
139 55 7
140 114 111
141 29 616
142 33 495
143 32 646
144 52 524
145 71 829
146 134 202
147 110 102
148 117 235
149 85 611
150 1 404
151 22 261
152 63 960
153 79 709
154 41 177
155 119 290
156 24 212
157 33 324
158 54 83
159 81 427
160 110 241
161 31 351
162 51 583
163 146 462
164 28 151
165 3 834
166 56 407
167 54 553
168 132 851
169 49 902
170 47 24
171 98 243
172 2 831
173 142 469
174 43 259
175 160 836
176 156 679
177 119 779
178 110 602
179 169 653
180 21 461
181 116 942
182 155 969
183 90 957
184 126 381
185 135 919
186 175 734
187 19 839
188 117 623
189 94 301
190 145 686
191 101 281
192 162 609
193 47 984
194 77 761
195 121 87
196 141 841
197 168 213
198 154 318
199 122 878
200 96 190
201 85 949
202 134 624
203 95 669
204 15 107
205 105 993
206 16 627
207 12 103
208 25 486
209 48 457
210 209 150
211 174 461
212 183 111
213 202 466
214 124 663
215 182 587
216 200 713
217 170 763
218 94 965
219 41 655
220 28 672
221 163 384
222 140 14
223 109 983
224 64 974
225 218 567
226 221 873
227 176 935
228 21 259
229 205 979
230 220 663
231 19 256
232 86 450
233 134 62
234 45 909
235 170 4
236 130 651
237 200 838
238 26 858
239 20 398
240 87 76
241 17 961
242 30 70
243 210 302
244 34 260
245 188 869
246 218 534
247 15 34
248 143 767
249 243 159
250 87 345
251 236 843
252 161 523
253 11 166
254 58 963
255 119 94
256 25 549
257 144 694
258 245 871
259 49 620
260 130 1000
261 197 539
262 234 736
263 180 847
264 176 724
265 170 867
266 17 713
267 170 651
268 200 396
269 24 848
270 71 362
271 148 904
272 224 425
273 79 529
274 250 540
275 61 665
276 77 474
277 219 456
278 263 143
279 47 929
280 250 727
281 210 26
282 195 901
283 248 787
284 138 359
285 99 21
286 271 173
287 134 257
288 232 351
289 146 659
290 257 976
291 211 431
292 144 518
293 65 960
294 206 410
295 36 679
296 53 753
297 133 726
298 54 984
299 60 871
300 245 981
301 121 883
302 3 43
303 95 906
304 71 215
305 3 897
306 120 743
307 1 499
308 132 130
309 90 207
310 290 322
311 49 928
312 184 438
313 221 918
314 49 592
315 242 662
316 182 194
317 300 781
318 66 768
319 198 248
320 257 205
321 262 130
322 94 763
323 45 499
324 161 106
325 153 770
326 263 49
327 246 109
328 148 273
329 254 952
330 205 614
331 284 126
332 94 92
333 260 955
334 20 704
335 168 151
336 251 966
337 50 27
338 212 10
339 232 169
340 289 43
341 160 55
342 247 871
343 101 26
344 87 918
345 138 562
346 22 274
347 143 607
348 137 738
349 207 812
350 311 644
351 262 460
352 58 348
353 88 308
354 117 425
355 279 675
356 228 490
357 225 142
358 272 965
359 316 190
360 242 632
361 215 746
362 122 15
363 142 570
364 54 831
365 20 425
366 133 276
367 132 714
368 233 596
369 268 717
370 197 337
371 34 74
372 335 378
373 336 775
374 196 914
375 38 152
376 107 945
377 302 377
378 167 854
379 75 977
380 318 374
381 227 812
382 294 917
383 172 758
384 145 132
385 178 154
386 237 240
387 119 535
388 343 773
389 123 732
390 36 447
391 245 911
392 391 609
393 21 671
394 103 579
395 251 226
396 272 956
397 228 632
398 270 932
399 194 239
400 198 384
401 228 69
402 291 328
403 314 537
404 39 582
405 216 976
406 404 634
407 48 560
408 276 726
409 256 434
410 77 10
411 277 328
412 51 30
413 178 926
414 353 968
415 144 8
416 135 821
417 372 277
418 219 797
419 43 296
420 268 549
421 372 798
422 110 144
423 309 684
424 81 275
425 376 13
426 308 158
427 97 993
428 324 384
429 164 486
430 355 759
431 109 722
432 87 868
433 276 763
434 181 242
435 138 871
436 287 332
437 432 684
438 302 892
439 428 315
440 361 698
441 235 468
442 367 314
443 71 404
444 177 868
445 267 723
446 387 549
447 63 478
448 181 926
449 407 938
450 441 422
451 184 918
452 316 114
453 422 65
454 374 951
455 361 573
456 207 159
457 409 663
458 117 723
459 227 372
460 200 828
461 7 540
462 259 570
463 394 861
464 107 461
465 319 23
466 438 584
467 254 283
468 401 721
469 26 119
470 240 254
471 354 169
472 361 546
473 336 589
474 398 140
475 169 114
476 367 268
477 411 543
478 95 103
479 346 911
480 70 300
481 98 373
482 184 144
483 299 614
484 86 115
485 413 323
486 277 996
487 192 755
488 356 396
489 414 937
490 118 645
491 16 487
492 360 496
493 7 132
494 392 723
495 116 633
496 217 18
497 110 817
498 104 154
499 468 658
500 249 765
501 433 5
502 232 306
503 175 336
504 231 542
505 175 181
506 159 713
507 65 97
508 240 132
509 434 458
510 488 20
511 509 198
512 71 710
513 184 5
514 357 971
515 355 135
516 276 208
517 96 789
518 300 586
519 407 396
520 352 988
521 416 290
522 187 127
523 248 483
524 53 723
525 509 944
526 484 870
527 205 684
528 357 8
529 486 82
530 25 281
531 319 297
532 260 756
533 165 245
534 416 287
535 29 506
536 74 638
537 286 93
538 110 115
539 132 451
540 97 702
541 384 418
542 251 662
543 297 926
544 112 339
545 102 417
546 514 27
547 332 213
548 418 591
549 212 564
550 21 720
551 520 780
552 292 611
553 486 33
554 36 209
555 515 529
556 458 909
557 221 370
558 418 801
559 84 229
560 114 270
561 279 593
562 189 410
563 326 510
564 365 215
565 141 666
566 371 685
567 152 192
568 402 459
569 532 902
570 124 449
571 290 746
572 467 215
573 91 234
574 481 664
575 113 599
576 162 359
577 188 729
578 335 613
579 329 591
580 453 496
581 144 728
582 140 175
583 183 778
584 181 841
585 421 959
586 84 833
587 205 333
588 65 760
589 119 318
590 38 554
591 449 947
592 577 17
593 584 86
594 217 802
595 210 672
596 49 516
597 241 790
598 486 797
599 176 520
600 27 232
601 424 987
602 590 756
603 204 466
604 127 297
605 247 338
606 523 486
607 353 226
608 370 719
609 323 996
610 567 726
611 591 530
612 197 11
613 580 984
614 75 588
615 310 657
616 251 536
617 169 93
618 215 552
619 513 957
620 577 417
621 609 509
622 599 350
623 495 835
624 531 919
625 71 363
626 510 918
627 249 853
628 46 560
629 460 139
630 173 221
631 215 140
632 507 682
633 300 831
634 251 630
635 194 807
636 165 3
637 170 248
638 456 576
639 369 505
640 92 274
641 514 51
642 180 800
643 5 653
644 133 780
645 444 564
646 612 364
647 533 998
648 560 561
649 195 617
650 348 947
651 361 410
652 149 724
653 429 34
654 318 983
655 614 474
656 541 46
657 618 99
658 543 874
659 619 784
660 605 973
661 416 514
662 543 134
663 527 336
664 458 325
665 158 346
666 384 864
667 236 42
668 374 573
669 183 912
670 442 566
671 360 862
672 643 682
673 511 337
674 30 952
675 481 189
676 26 896
677 508 55
678 437 882
679 658 396
680 619 241
681 149 704
682 373 581
683 487 586
684 413 667
685 646 392
686 76 67
687 495 777
688 533 98
689 277 440
690 322 550
691 450 178
692 14 103
693 485 776
694 534 679
695 134 603
696 197 444
697 499 394
698 637 766
699 610 987
700 463 505
701 591 804
702 566 570
703 72 604
704 262 722
705 79 89
706 85 650
707 683 456
708 272 263
709 198 561
710 533 747
711 35 439
712 680 741
713 682 251
714 212 309
715 567 145
716 158 703
717 611 68
718 693 89
719 192 537
720 155 601
721 246 485
722 364 879
723 451 533
724 607 625
725 312 692
726 99 695
727 135 898
728 565 660
729 648 68
730 350 436
731 207 629
732 516 935
733 23 596
734 202 861
735 665 867
736 56 371
737 675 596
738 671 764
739 275 51
740 546 667
741 484 594
742 704 945
743 252 225
744 208 748
745 338 630
746 527 693
747 31 411
748 500 425
749 721 827
750 493 592
751 379 45
752 307 980
753 654 934
754 648 661
755 17 993
756 502 658
757 347 404
758 0 486
759 728 672
760 368 203
761 223 872
762 283 249
763 629 746
764 419 869
765 594 56
766 702 930
767 154 624
768 433 15
769 710 239
770 165 928
771 474 569
772 33 860
773 556 60
774 141 167
775 741 326
776 233 494
777 666 348
778 394 579
779 657 608
780 397 227
781 641 934
782 641 234
783 221 36
784 343 660
785 617 343
786 225 759
787 564 749
788 69 375
789 717 346
790 144 410
791 771 223
792 628 772
793 426 104
794 364 162
795 461 169
796 612 80
797 422 148
798 318 912
799 27 29
800 185 306
801 318 551
802 168 580
803 562 85
804 416 507
805 416 683
806 536 60
807 748 358
808 24 802
809 179 472
810 674 685
811 411 526
812 432 251
813 324 639
814 465 831
815 10 261
816 515 495
817 693 929
818 624 149
819 649 209
820 602 324
821 811 615
822 69 46
823 95 144
824 715 798
825 464 773
826 802 999
827 333 53
828 279 30
829 573 749
830 719 307
831 397 497
832 759 323
833 97 834
834 336 664
835 628 776
836 28 601
837 178 165
838 796 95
839 537 291
840 128 266
841 39 720
842 279 27
843 561 433
844 492 450
845 507 72
846 567 185
847 803 859
848 773 402
849 25 238
850 316 209
851 614 292
852 377 290
853 823 591
854 1 471
855 833 167
856 201 990
857 779 555
858 255 481
859 727 733
860 361 885
861 164 56
862 661 688
863 505 489
864 628 518
865 594 776
866 376 498
867 737 81
868 849 212
869 328 50
870 371 55
871 299 679
872 220 700
873 86 847
874 191 940
875 663 956
876 684 465
877 619 22
878 372 815
879 537 358
880 592 868
881 722 673
882 496 247
883 113 352
884 171 66
885 538 87
886 256 940
887 353 114
888 108 393
889 124 33
890 450 373
891 525 125
892 416 707
893 759 24
894 313 182
895 430 154
896 620 675
897 186 421
898 614 170
899 736 480
900 591 619
901 84 263
902 625 618
903 168 712
904 773 463
905 898 976
906 731 390
907 84 832
908 86 74
909 335 952
910 84 892
911 606 430
912 23 477
913 575 184
914 448 87
915 184 830
916 796 50
917 703 785
918 695 742
919 90 869
920 479 906
921 742 280
922 401 853
923 465 199
924 340 708
925 345 802
926 779 213
927 17 727
928 231 918
929 781 963
930 83 583
931 233 358
932 43 592
933 11 431
934 874 827
935 276 16
575 230 281
530 773 791
433 806 867
323 224 514
895 238 905
558 514 396
623 173 30
504 59 828
729 304 605
86 201 549
473 615 826
509 125 68
918 301 916
731 714 692
557 225 730
629 402 897
472 188 174
744 239 262
215 792 30
318 150 917
170 4 115
621 208 878
200 770 839
904 239 519
498 816 704
49 210 386
314 356 81
213 671 159
600 864 431
294 454 245
277 706 657
89 469 638
652 562 961
687 513 717
456 129 379
273 229 887
613 167 289
642 571 104
719 291 682
376 668 861
366 719 913
612 107 617
312 907 200
200 710 111
796 36 447
928 617 178
367 516 961
287 877 31
636 443 975
164 548 472
838 904 872
620 551 350
820 544 505
414 821 580
267 339 232
73 834 958
900 524 242
94 424 68
144 692 874
861 278 145
625 203 76
562 296 549
475 892 905
825 606 753
522 366 211
921 836 105
808 188 895
259 704 400
315 648 636
460 514 818
364 334 911
76 645 100
822 415 563
456 425 309
83 664 83
147 624 109
65 152 752
624 933 904
830 59 49
15 83 259
652 23 718
471 913 489
516 710 353
25 211 428
156 362 329
527 913 162
193 916 146
193 452 895
438 579 273
8 613 918
615 933 85
298 80 804
789 661 455
623 887 127
500 768 829
565 248 340
438 145 402
500 788 624
263 885 511
264 715 928
387 605 956
116 650 987
717 758 343
216 11 464
845 521 309
282 252 67
274 619 282
796 396 742
360 744 319
729 772 506
455 453 605
339 854 423
828 782 6
617 766 819
226 771 1
662 448 767
618 24 512
452 690 531
16 375 201
343 147 327
436 599 628
132 146 258
574 671 447
802 78 740
915 533 20
253 228 424
831 782 541
744 732 820
120 709 895
675 250 317
470 276 601
72 35 648
567 687 54
71 334 938
758 771 891
119 357 767
370 466 637
494 240 387
545 710 451
128 507 504
623 377 581
678 345 832
907 681 547
182 769 810
523 64 771
207 730 816
523 752 309
779 71 447
521 40 675
79 250 604
533 381 899
110 637 18
436 800 937
252 304 598
536 517 848
500 556 598
541 481 719
467 262 671
156 371 779
351 693 773
773 227 980
124 143 815
921 341 111
39 302 526
313 215 671
766 660 95
167 166 133
429 302 539
883 832 812
609 448 818
316 923 313
604 908 823
80 114 915
695 825 205
1 875 324
351 539 649
439 889 293
113 822 916
624 637 570
488 113 294
707 742 435
427 394 817
630 41 692
46 348 991
413 519 86
301 358 346
560 506 986
921 291 137
665 857 139
668 184 530
389 168 361
56 139 180
604 188 88
508 738 698
199 260 316
483 833 459
641 822 973
306 370 691
915 408 97
555 163 677
233 102 49
319 614 73
367 804 207
275 806 560
2 304 350
539 224 748
547 769 715
213 640 444
284 31 482
525 342 386
587 207 635
786 893 381
807 38 393
774 888 685
275 476 325
449 416 971
243 892 144
144 174 459
639 242 476
329 768 392
1 414 625
791 71 520
405 461 974
85 517 647
447 813 407
405 804 27
189 451 992
180 113 501
831 889 312
346 340 706
436 119 84
826 347 769
502 159 929
791 155 604
49 372 785
793 553 754
367 74 560
831 526 680
821 861 28
816 674 148
376 285 783
249 375 322
365 14 459
276 188 353
823 227 648
11 190 273
267 906 432
610 392 492
533 327 348
180 348 624
313 783 955
614 255 137
596 695 132
539 250 534
254 487 985
373 172 280
749 331 62
45 932 780
675 410 977
109 907 934
229 225 292
452 64 332
388 563 762
754 162 806
367 31 767
469 397 693
742 540 23
300 447 225
501 870 841
186 253 778
530 480 522
610 120 274
362 644 458
927 120 818
646 848 967
648 758 260
248 180 726
578 596 65
411 932 504
307 879 936
644 588 107
558 2 508
594 864 958
482 483 966
204 670 372
537 192 462
898 465 198
8 785 376
279 251 327
510 447 589
919 685 346
622 449 408
454 672 998
539 839 252
780 537 751
848 369 849
689 165 426
701 618 377
338 848 123
124 696 972
60 717 374
637 597 157
585 108 413
365 227 464
808 393 415
538 29 254
221 397 991
134 111 303
590 723 654
99 11 544
634 370 580
153 861 180
908 751 751
269 775 524
399 326 649
221 380 266
15 9 126
629 625 798
645 44 948
841 468 315
116 724 603
356 380 36
922 418 977
804 64 407
286 30 274
857 5 216
495 799 902
194 750 408
188 219 588
629 703 501
84 931 520
662 63 619
653 71 53
224 852 274
692 912 279
892 230 362
796 539 426
792 112 808
793 348 216
441 547 603
534 249 452
64 641 991
877 817 782
744 303 129
238 310 63
286 513 996
772 68 610
429 343 167
64 463 321
886 638 240
249 238 134
652 836 417
515 284 187
501 393 389
575 136 564
897 546 153
77 883 135
889 777 784
832 192 250
266 206 96
267 419 983
181 477 768
120 181 271
730 502 296
736 232 972
269 52 172
441 578 504
896 770 311
525 162 317
32 736 386
7 616 559
421 133 465
918 249 203
338 64 210
556 725 221
896 179 561
800 158 311
87 222 474
921 604 854
214 754 856
229 838 362
303 350 526
559 492 23
921 208 426
455 435 303
328 545 630
173 910 2
174 838 480
149 173 875
520 641 222
368 251 8
542 309 927
733 202 718
320 420 463
41 255 664
27 911 470
157 368 753
145 891 49
823 339 14
68 715 279
270 868 523
833 486 360
540 869 608
849 819 672
777 906 120
284 557 909
512 318 870
532 501 167
561 326 823
278 889 297
875 462 161
923 723 712
517 6 161
509 470 114
585 86 496
741 907 590
255 636 210
211 134 871
219 22 388
613 178 124
160 474 721
787 18 72
541 122 618
143 647 472
176 708 917
220 527 276
360 115 423
471 549 583
749 203 410
146 892 182
691 135 270
369 320 632
866 673 1000
576 765 393
23 428 130
871 52 134
92 450 988
796 52 655
334 288 587
711 180 118
395 47 538
601 892 443
141 15 522
244 932 853
349 560 523
77 710 173
844 544 666
497 211 475
844 449 367
634 157 495
275 368 636
799 666 933
148 227 414
642 438 942
673 896 277
91 257 527
692 414 998
133 423 684
148 511 965
546 875 817
893 440 871
930 920 558
663 232 170
79 827 868
418 127 173
441 524 0
753 501 211
810 125 769
458 764 462
819 559 395
300 880 225
81 179 543
527 442 750
617 172 737
826 188 362
32 710 877
434 54 236
794 724 926
570 13 797
330 346 502
799 644 710
571 854 805
68 608 0
475 597 913
369 569 50
491 106 632
305 90 347
923 44 567
230 709 15
181 249 427
808 798 986
254 86 587
608 924 513
497 89 327
216 659 243
642 323 766
332 360 800
705 673 934
745 431 829
640 482 321
646 656 156
651 525 958
250 623 2
219 913 702
40 234 896
625 40 198
80 760 310
451 148 225
70 353 579
903 227 745
151 668 350
236 887 14
769 79 327
242 675 185
810 412 631
371 798 510
794 464 599
151 853 123
256 791 147
385 268 537
910 893 749
629 773 812
245 80 807
276 890 138
783 291 960
296 763 439
906 547 97
637 246 113
675 488 474
364 348 268
288 817 397
57 537 858
857 367 297
624 738 700
919 564 335
652 463 854
537 615 77
465 299 390
885 454 30
619 734 418
528 650 194
118 324 298
182 236 190
787 101 856
872 522 914
848 38 898
19 894 122
539 792 772
78 127 44
30 582 454
560 734 945
46 15 627
16 670 607
868 715 307
633 721 713
872 836 266
127 794 373
803 676 308
131 276 518
789 320 2
709 546 412
290 270 972
744 679 735
168 885 84
530 716 987
527 295 350
273 670 814
706 624 455
341 497 71
553 708 393
730 300 912
805 764 884
485 826 97
466 685 378
747 647 513
49 9 898
34 846 616
662 268 693
371 236 721
37 569 637
358 769 464
103 647 603
366 854 178
887 145 116
633 415 801
340 785 485
364 98 655
725 585 331
492 935 132
460 250 14
461 931 784
784 412 893
381 446 878
776 216 644
465 845 74
230 464 87
591 704 197
81 32 259
127 366 538
906 917 625
150 538 885
224 295 724
821 327 754
693 38 928
923 182 903
793 680 180
168 274 303
539 454 577
162 918 772
407 846 252
498 177 947
662 215 379
150 797 677
732 369 256
255 682 453
844 397 884
526 506 724
237 690 483
883 203 21
210 439 965
808 0 956
424 24 599
420 716 486
58 462 393
311 705 23
682 776 369
455 759 676
23 220 527
123 749 230
172 400 736
537 152 500
200 455 253
406 689 877
456 267 606
812 211 947
371 490 20
876 150 816
705 503 739
255 274 205
729 705 425
752 312 917
220 685 898
327 472 955
166 77 111
322 695 339
4 266 938
845 400 191
124 905 297
246 570 357
79 343 990
747 755 38
850 708 890
899 810 97
93 520 188
543 707 180
181 554 329
120 628 147
29 549 888
507 150 892
282 526 243
802 248 625
809 550 296
541 614 12
220 74 469
234 702 197
165 270 38
764 616 21
280 208 541
551 380 867
822 450 881
42 85 188
933 773 161
439 772 764
762 580 215
512 935 104
646 658 575
271 709 126
468 846 740
405 550 683
706 127 431
34 315 842
722 848 436
820 927 766
7 19 135
533 329 78
185 286 238
864 128 632
328 284 424
682 684 945
709 355 73
889 670 76
118 17 771
523 635 474
442 587 629
369 534 962
577 883 515
305 874 520
922 745 883
260 678 728
925 575 460
448 209 357
513 162 381
74 524 494
918 594 546
664 186 70
413 41 661
101 714 731
422 99 584
323 211 465
425 74 356
494 252 935
586 38 400
44 533 331
745 361 181
506 779 854
792 482 958
123 41 387
158 561 419
125 821 850
463 473 186
189 563 911
549 220 429
725 539 246
916 751 336
556 440 818
935 254 570
890 224 536
842 353 966
886 911 721
589 358 261
932 416 326
486 856 657
214 547 51
466 120 136
403 923 819
45 644 532
266 459 664
660 857 835
274 143 453
614 482 275
436 9 2
103 365 442
183 560 43
634 638 812
22 101 288
325 34 253
502 419 903
378 220 808
768 71 349
104 452 93
0 227 896
503 217 577
248 512 906
268 491 214
91 456 103
540 761 669
591 619 337
406 5 518
327 718 502
689 313 947
295 37 734
769 664 114
764 133 330
187 285 656
607 361 581
693 567 27
148 384 301
335 289 435
634 222 790
494 263 995
809 613 5
582 14 144
875 746 976
70 355 434
259 44 520
860 311 351
815 129 484
177 582 946
75 831 315
898 789 41
38 388 796
371 6 919
619 401 817
705 473 6
211 140 539
570 147 179
910 827 424
554 882 25
605 894 88
402 458 843
637 485 490
910 277 661
609 213 83
533 254 524
595 701 546
438 743 674
156 52 306
717 556 356
874 639 678
137 706 712
464 893 780
508 642 108
754 408 228
114 737 678
299 293 597
804 397 447
685 48 133
543 919 167
320 205 813
358 92 623
795 556 205
115 120 177
260 686 608
791 469 107
801 902 597
218 135 825
454 602 479
666 139 439
631 239 396
799 477 991
511 44 938
622 904 92
469 841 434
885 75 912
717 750 110
141 396 808
859 644 379
52 535 110
736 781 51
786 170 566
255 608 119
116 190 774
741 612 241
422 35 298
875 935 305
799 370 707
788 492 928
741 421 85
932 65 721
336 664 108
143 676 924
300 419 454
895 187 831
581 372 219
127 840 426
666 761 863
739 513 96
585 700 518
894 532 514
126 271 854
152 34 632
669 741 629
443 132 549
110 414 176
561 432 27
310 87 775
226 466 381
392 414 252
447 475 379
618 461 935
172 127 851
773 90 26
394 795 791
887 461 988
302 201 220
244 704 231
830 288 502
810 733 612
875 579 575
238 354 5
453 755 947
416 265 881
722 300 723
248 697 660
256 583 351
433 253 427
237 453 53
372 685 511
761 781 902
452 554 548
898 467 50
197 499 580
173 676 958
155 821 223
434 21 674
487 335 224
390 248 423
20 221 564
794 891 14
711 199 867
489 867 939
406 223 169
364 143 163
193 882 352
552 275 108
40 17 99
129 342 995
36 6 61
828 373 877
397 612 773
507 284 71
583 810 295
611 121 108
771 654 418
189 120 625
660 167 943
561 922 198
388 424 542
225 233 468
811 430 256
444 190 122
11 643 726
475 532 372
388 814 11
349 813 0
698 898 832
841 221 286
510 492 94
26 538 688
361 833 974
757 506 532
816 319 103
589 891 242
434 854 46
24 300 482
878 899 309
60 55 594
17 671 903
87 496 875
792 15 69
795 640 834
491 232 665
227 144 698
579 19 737
48 208 51
128 623 903
136 543 819
47 571 808
445 152 238
84 307 645
246 556 518
756 31 346
460 196 248
146 170 46
19 46 75
313 866 965
221 689 971
654 677 976
805 168 953
449 509 241
605 315 398
0 176 980
428 628 209
743 432 96
554 160 666
625 898 32
7 658 141
759 126 192
68 552 174
272 524 676
914 822 388
746 24 205
340 554 811
911 680 269
440 561 244
19 687 835
39 79 727
274 322 121
723 81 322
874 693 225
271 121 664
197 774 252
423 115 987
107 928 399
660 678 315
141 658 929
659 733 781
665 317 377
778 726 910
686 796 789
798 737 421
840 494 64
751 222 776
372 127 57
267 100 769
588 826 721
420 434 598
177 743 526
493 389 290
620 740 302
322 549 535
803 322 43
736 323 179
141 922 289
394 166 910
910 78 389
344 871 655
231 893 573
331 74 426
715 511 394
418 348 744
333 711 579
883 309 808
88 314 496
884 883 729
225 388 641
381 406 291
265 904 900
645 233 914
427 26 212
279 313 250
161 221 47
756 378 250
792 429 894
647 121 388
818 305 356
920 928 174
833 538 407
817 255 584
536 495 563
93 629 734
362 476 964
127 523 678
515 253 753
442 516 546
159 334 787
834 933 207
833 213 574
312 798 897
674 117 680
662 408 113
645 583 149
124 18 147
486 78 688
19 621 155
198 340 145
459 587 703
844 690 693
719 317 470
154 905 56
856 474 380
608 873 239
912 655 408
609 900 281
833 641 839
40 97 462
795 83 494
360 757 865
260 887 103
114 772 688
913 409 739
498 705 978
225 376 690
93 718 752
222 179 240
338 235 580
869 562 817
340 271 682
916 392 508
610 777 562
462 375 825
880 435 180
224 367 839
605 245 791
733 900 121
359 153 761
165 117 773
245 318 37
439 880 78
381 395 724
820 100 433
109 766 414
832 876 680
246 315 874
858 273 521
246 906 581
4 593 475
556 860 325
390 245 83
721 591 880
462 550 65
518 674 697
20 589 526
183 404 587
628 490 569
217 471 309
415 215 42
395 802 229
629 230 483
14 358 282
876 612 175
421 362 933
658 779 700
51 801 215
586 788 761
927 249 35
222 283 906
757 471 385
480 803 358
55 638 132
891 740 404
234 287 842
409 180 163
180 746 24
159 408 35
516 466 307
464 843 597
530 7 191
68 528 643
337 386 460
317 569 381
516 404 873
889 27 913
516 586 319
255 629 27
580 459 633
150 230 136
496 30 633
254 680 980
610 867 537
502 742 742
128 706 813
10 782 514
373 670 891
312 913 337
724 650 773
908 503 125
553 173 324
596 591 241
108 569 745
321 435 380
764 624 7
556 332 37
673 195 358
73 32 410
872 246 953
81 677 377
495 725 290
49 151 158
405 419 7
719 661 538
628 840 525
771 465 407
824 99 439
292 125 0
599 752 593
746 326 583
820 167 470
733 131 384
27 583 92
531 815 908
407 230 319
565 206 423
454 444 298
475 482 570
653 289 249
220 660 566
427 199 706
431 157 25
263 288 376
829 722 533
391 902 166
199 219 21
341 1 153
390 840 621
345 89 273
809 378 824
31 94 595
192 220 700
758 288 574
204 772 100
564 120 220
716 374 526
221 290 533
203 424 335
42 883 647
652 699 112
368 718 221
202 271 0
567 256 782
499 555 113
935 330 631
610 189 796
11 223 373
757 349 425
536 33 28
148 24 940
609 487 831
553 548 412
182 589 602
837 62 414
404 21 563
39 877 578
374 429 637
646 528 638
453 648 376
130 469 637
418 551 797
8 231 287
919 272 765
4 394 35
668 741 982
526 341 50
760 303 50
62 653 586
247 861 102
362 529 882
546 117 470
658 630 454
356 455 37
809 649 488
688 450 355
652 306 345
528 159 236
380 316 26
343 31 518
258 292 760
175 394 305
117 548 270
121 726 551
161 474 817
461 534 308
33 512 138
78 597 94
412 186 251
905 24 880
561 325 416
16 153 522
430 902 865
135 500 648
28 482 735
575 18 664
180 237 605
823 733 82
637 301 775
784 251 46
650 326 144
428 822 544
642 790 290
298 451 214
754 549 505
78 94 759
248 41 718
247 18 259
860 126 524
743 599 989
238 437 450
50 445 280
409 160 305
480 147 805
461 476 934
816 504 919
641 680 400
533 736 695
794 152 518
391 601 485
38 887 379
718 59 443
773 257 111
404 208 784
103 489 80
647 364 452
385 308 54
581 910 840
429 640 564
330 197 280
128 581 281
502 604 72
856 800 717
934 543 103
150 906 146
539 145 273
810 24 967
799 839 812
149 484 394
168 96 313
542 172 850
902 551 31
37 414 668
638 851 669
204 391 851
214 66 376
373 167 490
594 645 79
718 234 988
915 450 144
671 663 94
534 836 499
701 848 618
308 530 493
692 357 87
692 616 671
79 159 823
305 352 381
373 160 206
163 81 868
221 925 99
8 451 789
196 115 189
910 228 735
811 106 649
104 558 588
311 744 492
177 802 341
123 663 67
451 257 48
599 782 302
124 609 273
488 175 830
42 732 163
338 432 609
59 86 464
162 311 621
187 591 308
507 565 664
499 165 188
268 515 406
600 757 254
318 86 416
446 509 643
518 414 795
138 643 181
862 18 564
670 400 196
239 378 88
211 179 502
99 237 268
796 232 323
50 315 347
89 684 115
619 910 593
602 237 201
617 220 37
837 775 418
61 57 782
358 751 107
133 278 212
267 469 969
462 62 453
667 502 897
380 105 775
31 239 504
406 439 102
796 607 971
525 555 795
641 387 29
216 206 881
161 584 381
455 207 500
166 909 999
303 933 707
601 449 554
70 927 854
5 20 362
313 413 552
877 906 640
106 430 644
731 443 665
81 305 276
86 128 172
224 489 206
619 782 450
129 63 405
493 77 287
881 584 665
785 737 367
903 469 620
704 920 699
722 800 846
479 55 668
3 609 447
823 127 916
35 811 306
579 408 311
781 855 178
98 0 377
800 804 271
820 893 703
723 452 547
470 492 258
469 911 96
64 244 460
44 42 598
589 111 96
636 640 24
138 61 759
10 297 665
804 514 47
578 775 747
380 651 214
306 200 347
905 149 890
683 323 338
895 284 988
414 139 971
485 54 184
860 239 799
804 560 422
743 516 926
9 828 373
281 731 109
519 599 511
109 861 231
375 747 484
463 824 971
809 411 467
845 756 257
607 117 142
706 99 877
392 721 133
55 749 968
143 330 58
648 680 116
823 834 773
344 819 803
721 862 174
702 323 377
816 229 374
293 866 419
490 7 69
370 667 38
48 853 88
870 733 123
882 414 456
912 261 494
413 581 485
911 363 574
265 600 357
289 428 515
479 690 567
115 511 214
357 624 445
215 475 310
517 425 104
719 142 626
391 291 509
497 707 175
699 66 885
362 148 462
472 13 508
168 918 11
482 240 275
323 499 66
102 596 631
621 306 708
113 678 722
791 319 513
28 192 947
260 531 471
168 813 391
574 336 816
789 321 979
819 599 973
749 585 449
369 239 493
927 573 123
548 629 408
747 415 151
636 566 878
709 168 859
647 801 385
14 709 800
908 710 367
140 589 558
759 160 66
777 499 368
921 494 231
679 23 516
267 43 901
501 264 442
163 665 939
770 393 560
642 78 83
761 400 26
827 182 369
169 763 411
318 177 780
81 733 664
339 508 92
848 439 101
762 705 591
719 861 889
635 889 525
75 41 74
171 112 450
815 311 377
57 2 731
40 793 479
200 349 900
462 624 453
67 487 326
402 719 306
314 786 576
657 122 25
396 367 443
14 355 349
784 409 410
79 331 186
184 450 790
541 183 209
407 254 185
369 341 421
274 295 191
291 443 585
521 756 308
265 417 64
717 415 965
22 930 153
747 189 32
88 110 163
831 717 5
314 642 42
482 451 490
725 669 625
162 405 725
157 271 122
418 563 276
522 763 772
347 763 966
842 336 781
723 880 993
930 712 592
649 832 387
779 41 746
650 486 876
289 770 707
637 459 298
51 175 611
843 804 604
542 784 269
917 682 64
603 806 988
77 867 143
75 845 95
381 586 454
116 436 583
19 787 145
290 52 117
311 754 712
799 736 293
591 482 994
353 798 535
796 879 630
63 399 666
313 757 196
18 336 564
486 334 272
635 150 927
509 218 217
105 839 276
305 667 983
459 115 634
44 483 231
236 890 376
850 147 226
626 643 926
330 155 97
567 441 865
254 555 244
336 109 606
313 933 787
933 255 185
807 207 620
15 223 896
652 890 59
338 890 959
895 210 726
375 93 588
95 281 323
860 711 886
773 536 547
695 519 826
730 305 976
93 34 6
154 146 905
598 5 278
760 338 185
483 896 2
909 578 763
855 641 411
637 147 527
485 711 275
609 106 183
587 179 161
347 495 803
230 43 539
765 887 166
664 740 751
546 509 537
17 582 316
582 523 224
141 636 571
891 793 376
817 60 799
358 877 597
357 764 569
638 309 797
589 859 843
132 907 343
863 55 800
396 123 228
706 241 470
776 507 592
815 753 650
397 930 577
281 364 945
311 27 465
670 141 78
517 112 803
768 584 617
115 848 750
25 191 243
748 83 346
855 282 169
826 118 659
538 667 167
753 844 450
124 583 815
481 505 117
607 446 176
925 761 786
126 344 985
0 592 706
427 58 262
879 278 524
290 161 159
284 875 762
67 95 714
534 21 9
761 894 954
775 649 369
560 135 353
427 155 811
297 602 966
40 872 438
380 679 829
580 460 654
297 222 671
796 340 68
89 364 362
41 495 869
679 345 507
729 543 574
179 257 682
103 187 723
661 257 530
413 541 34
85 673 871
23 121 936
567 676 606
915 834 460
793 189 911
855 339 466
109 409 909
145 307 131
566 483 237
214 262 763
842 445 87
735 685 405
106 10 406
405 648 698
37 926 565
391 420 989
364 688 560
456 813 952
362 497 286
526 481 896
510 382 736
336 83 66
787 227 720
930 68 1
644 595 406
507 577 613
352 628 851
502 165 846
719 105 34
394 188 92
114 699 413
134 256 319
928 816 331
111 422 129
541 544 748
761 286 245
56 867 177
842 701 318
232 891 993
342 865 142
378 456 423
785 805 7
154 717 389
36 320 201
853 865 323
685 832 515
11 123 547
273 80 425
925 625 282
351 166 240
512 474 481
722 34 854
12 673 529
734 586 797
175 80 871
515 672 466
18 803 384
442 800 593
371 587 655
73 732 488
872 501 410
284 782 301
823 820 718
759 901 451
326 525 826
783 204 762
322 239 452
470 99 456
864 879 447
27 195 919
765 883 591
461 923 140
878 184 827
424 499 287
442 888 1
153 932 825
429 571 308
681 850 468
608 835 521
512 354 660
322 320 149
439 543 851
442 18 714
907 600 594
923 228 124
10 669 246
68 54 345
797 735 915
94 486 152
317 68 900
133 580 186
420 375 594
231 715 787
206 739 14
312 862 678
798 606 788
481 302 52
786 547 286
507 417 130
450 294 911
208 645 754
60 702 380
663 25 797
398 796 968
853 187 310
295 176 3
703 903 235
588 128 282
496 267 134
244 717 845
211 445 636
237 216 908
221 333 977
632 581 902
178 39 939
626 228 564
26 650 400
620 781 680
550 663 159
66 543 6
471 218 150
443 571 89
267 140 216
150 408 430
719 810 517
867 355 780
471 688 684
238 10 800
173 237 842
548 735 252
438 681 938
764 207 140
219 75 804
880 120 439
475 613 824
270 162 631
294 422 894
146 837 785
44 885 466
523 448 445
386 885 715
23 500 362
869 224 663
679 61 371
928 1 934
529 418 142
935 494 793
181 823 553
710 30 612
502 250 547
313 651 452
598 202 293
825 571 975
775 590 653
608 610 684
303 59 575
645 215 855
271 519 250
313 241 268
141 643 221
378 37 516
435 665 562
882 299 319
692 802 578
733 731 807
546 118 328
251 106 60
123 860 191
686 359 794
812 417 911
882 336 693
175 201 370
827 719 649
581 403 866
502 379 417
711 745 815
838 250 160
596 268 29
138 488 381
85 363 185
13 209 652
362 231 428
587 892 67
519 680 207
926 157 566
816 372 994
527 874 892
761 769 630
557 514 991
795 633 440
120 836 502
833 248 219
119 417 884
413 839 741
324 96 730
400 541 587
803 645 336
212 846 279
228 256 755
586 233 330
557 294 265
185 340 7
227 873 934
43 696 547
746 783 811
598 818 518
548 423 995
553 710 547
396 879 880
594 280 761
312 915 941
608 1 423
904 490 781
158 646 927
189 900 325
357 894 273
287 281 9
9 515 431
359 35 759
53 709 505
50 162 395
671 825 354
181 915 346
366 530 584
871 718 648
743 212 493
194 342 765
487 760 661
695 68 593
586 213 790
715 89 587
451 639 268
933 878 95
374 298 241
656 310 553
808 320 253
194 843 498
16 615 143
412 388 773
97 408 199
806 674 61
190 355 752
474 847 106
780 816 15
645 272 441
441 57 183
593 595 196
708 414 212
528 548 279
0 25 996
122 217 844
27 464 168
620 447 588
166 930 799
684 690 440
248 73 723
927 255 845
335 445 312
728 544 918
215 527 6
907 715 670
384 868 8
107 233 596
57 23 625
842 369 264
276 621 326
262 755 983
615 661 122
635 686 25
806 200 531
45 43 922
308 537 286
651 930 453
817 920 507
202 144 40
208 122 248
929 202 599
57 759 276
483 277 778
933 165 583
161 432 266
257 406 40
718 874 595
895 827 203
931 500 391
663 814 715
609 518 548
914 453 903
349 524 760
236 494 676
663 618 425
82 220 959
713 210 342
138 443 117
438 93 398
165 66 696
881 35 450
278 448 414
126 456 795
21 127 102
47 464 120
217 710 667
608 896 285
888 444 523
555 70 768
724 787 841
283 788 375
250 915 712
14 6 960
692 795 345
289 273 636
726 242 95
269 728 907
281 808 64
501 666 229
410 318 434
765 121 584
886 8 758
198 95 136
197 462 110
449 128 931
911 7 712
638 532 301
663 824 336
681 129 542
48 574 572
660 306 612
644 426 616
477 932 751
227 932 961
745 64 422
410 604 539
852 495 177
424 237 680
910 532 913
166 359 54
933 699 185
794 765 436
759 858 591
575 121 310
611 619 624
44 203 432
650 226 639
141 78 799
496 302 899
841 845 191
152 924 603
629 386 776
789 463 190
209 182 145
260 105 569
783 306 36
462 518 273
78 249 137
108 504 904
853 706 563
199 383 151
836 665 336
387 661 852
935 317 404
300 901 645
117 441 75
740 160 596
551 230 863
432 355 25
321 529 697
716 79 694
52 799 388
568 626 227
683 139 174
348 715 646
98 28 441
778 688 608
318 235 918
673 855 741
197 833 764
924 751 905
593 459 310
882 741 742
540 656 370
218 913 512
507 767 827
505 757 671
191 705 49
367 710 203
483 894 423
151 629 882
811 588 157
198 444 334
0 152 987
42 834 177
875 563 508
215 689 369
354 840 675
401 51 127
616 661 505
170 810 810
392 659 722
273 240 843
233 632 117
60 478 615
491 866 932
459 307 884
890 897 871
73 427 799
829 714 689
571 320 512
452 387 155
187 49 923
537 291 586
383 540 44
608 145 211
452 788 398
893 250 7
922 622 290
445 448 446
759 326 151
371 137 420
759 911 572
228 353 795
400 905 791
407 69 6
605 595 998
337 101 168
7 873 30
899 159 150
633 540 180
491 619 875
496 928 201
711 463 712
910 774 639
150 87 20
41 802 533
846 541 444
308 507 798
912 258 436
160 833 823
195 229 689
132 856 47
882 695 417
487 811 413
748 33 420
84 916 257
192 666 210
614 163 788
898 245 898
449 543 291
881 462 815
431 796 225
517 438 33
118 842 324
212 575 643
212 267 647
384 55 322
151 542 249
718 574 464
321 6 788
338 579 594
128 267 409
508 286 53
103 181 392
554 163 838
169 656 842
91 537 75
78 0 477
51 237 694
644 675 197
0 667 867
916 870 572
79 330 168
880 195 82
337 523 923
799 611 245
508 319 655
744 570 360
572 251 829
45 905 264
321 429 830
282 289 179
851 75 963
148 414 992
679 91 695
386 57 79
404 13 837
242 7 248
317 25 173
227 7 471
804 142 441
929 521 310
696 728 34
123 259 64
276 109 533
678 483 825
729 54 14
747 75 406
444 819 515
175 826 909
926 263 96
653 598 0
558 866 595
234 474 504
337 409 813
570 177 50
596 423 703
795 370 161
846 204 989
817 64 859
390 275 905
403 499 615
118 38 493
291 622 649
440 54 842
329 142 981
17 288 727
395 616 910
224 407 978
277 641 292
126 134 759
73 91 919
694 528 748
354 647 91
811 354 676
707 747 290
82 525 525
925 228 373
156 839 270
241 798 397
365 1 215
75 233 930
290 527 204
466 689 753
645 136 8
903 347 797
477 375 76
117 907 4
833 515 841
252 867 845
134 278 81
15 115 839
920 370 634
668 444 169
34 596 916
233 831 904
205 864 545
216 780 442
597 183 962
471 270 751
167 217 551
7 516 152
81 364 685
219 860 119
768 436 495
824 481 837
438 174 640
859 43 517
812 664 782
894 611 447
686 365 529
673 338 232
283 346 561
183 932 420
597 453 478
235 748 969
730 843 694
315 513 49
315 674 122
61 347 273
8 645 639
513 66 819
102 289 362
716 642 710
58 199 957
930 872 948
570 139 534
341 659 399
131 793 788
400 706 137
822 288 336
143 790 313
561 490 318
20 265 778
542 395 804
145 177 386
292 108 219
740 51 783
689 688 20
425 657 664
319 276 245
639 454 984
638 602 57
22 276 962
771 481 922
714 666 797
138 885 5
123 307 334
781 831 43
779 434 102
379 140 40
629 18 799
313 233 504
360 479 934
876 435 671
110 84 50
30 37 666
793 208 934
701 680 337
876 619 318
537 803 627
346 129 202
597 391 472
181 173 994
172 119 714
453 260 31
771 774 736
369 483 908
347 874 904
717 676 189
439 902 827
745 66 540
929 551 389
493 611 540
572 848 644
652 687 432
98 298 507
428 912 359
795 2 868
797 179 495
534 535 40
521 599 391
709 167 443
327 789 438
527 813 531
51 688 482
794 812 942
497 243 130
158 152 749
411 439 445
827 271 76
96 411 136
696 225 627
143 930 796
440 924 84
300 846 931
650 691 600
463 43 33
192 364 95
929 857 770
410 586 340
348 726 68
764 918 505
378 853 882
758 339 553
125 791 162
695 228 809
589 479 216
69 867 335
102 287 961
81 112 198
893 177 703
75 153 934
571 248 735
458 101 675
731 661 512
596 589 652
535 317 517
412 708 710
321 818 528
1 743 709
859 702 251
881 343 463
715 535 993
513 207 344
141 260 775
813 802 719
496 527 629
608 702 807
626 317 599
803 258 434
363 220 312
836 769 856
781 23 428
874 30 63
740 233 290
449 271 436
651 455 997
411 903 746
576 228 595
301 380 98
233 717 313
703 904 50
250 393 224
336 210 600
203 567 135
344 625 585
173 375 12
603 366 766
285 559 654
52 413 861
139 441 354
591 780 379
117 99 969
335 349 541
836 814 258
246 891 78
843 458 402
719 882 495
4 745 749
227 920 666
229 102 28
40 385 329
252 460 766
82 288 226
735 90 277
742 868 516
433 461 732
141 193 638
769 892 6
483 764 910
307 37 546
596 435 645
69 858 366
641 336 265
820 116 890
591 568 884
246 46 837
681 919 274
467 561 787
158 155 673
459 393 639
382 912 350
892 314 66
854 96 496
384 460 106
45 364 845
33 778 646
804 172 376
540 304 269
530 389 798
482 811 650
550 105 816
749 451 971
62 327 81
270 37 649
813 830 794
848 747 63
285 473 780
445 177 166
303 216 413
806 339 788
823 297 802
724 721 977
85 868 176
469 345 56
599 885 226
538 570 569
100 593 916
353 173 392
630 665 201
321 634 751
307 851 125
452 59 826
535 1 437
246 207 609
535 775 976
159 15 174
525 85 338
267 632 330
46 466 160
381 145 811
373 467 83
430 11 87
770 292 340
19 922 148
272 769 956
358 563 87
645 458 152
525 182 54
562 16 531
744 587 632
608 436 812
139 704 881
393 590 62
679 193 63
806 219 544
27 846 256
908 17 240
780 431 663
40 428 102
496 671 79
483 634 467
392 795 851
786 753 363
759 875 175
291 386 424
513 385 305
35 309 705
691 376 56
272 72 221
319 616 48
387 102 300
84 314 70
529 536 107
721 539 28
702 227 875
196 532 49
348 318 603
81 373 253
456 161 250
30 29 834
265 571 200
39 57 567
158 165 432
96 24 11
222 89 172
874 694 587
899 83 144
108 855 310
404 429 136
289 522 933
44 872 904
851 452 680
65 275 927
93 341 17
107 76 357
801 737 235
783 747 816
121 440 989
81 619 716
479 29 50
487 525 425
564 737 512
909 598 41
722 805 100
340 466 957
867 537 777
684 741 338
676 329 747
908 672 806
595 383 789
865 404 149
522 492 348
882 545 374
3 484 884
325 511 894
438 404 409
607 12 997
744 599 432
469 139 491
589 419 102
118 329 456
718 444 457
242 272 526
401 94 350
213 652 980
136 666 287
741 295 951
44 928 767
360 631 809
433 207 129
190 687 862
258 181 939
57 698 357
633 637 41
239 573 34
193 419 812
675 838 837
372 172 79
608 932 530
570 423 476
170 724 896
340 880 402
791 438 71
551 619 699
225 433 968
876 24 680
653 819 686
571 551 870
713 380 827
671 164 881
472 698 842
260 405 203
165 763 716
598 472 21
524 335 57
604 17 180
853 577 228
619 798 9
225 532 393
816 524 718
461 91 7
233 522 15
535 526 298
687 49 64
134 484 954
112 585 335
409 515 953
470 626 975
173 643 508
336 653 226
393 301 382
897 612 967
512 405 429
142 288 1
141 18 123
481 650 163
332 880 200
18 645 470
153 265 639
817 5 337
423 473 229
402 406 109
555 845 967
847 108 825
179 657 320
223 610 732
843 379 592
678 25 823
680 592 375
371 399 880
904 71 818
881 171 117
698 300 200
210 450 565
804 71 925
218 2 511
62 900 547
78 456 669
90 894 574
867 458 309
348 516 741
325 299 919
551 108 629
810 928 382
697 574 198
846 96 254
323 848 602
264 234 857
377 18 998
807 364 363
4 725 686
621 770 789
416 224 827
657 813 551
342 563 553
562 367 469
834 329 327
693 268 634
138 570 952
748 777 925
427 273 783
711 538 975
620 753 874
341 122 697
433 150 493
382 852 473
206 921 402
381 770 211
56 282 188
663 627 344
486 580 465
659 777 697
498 782 609
42 305 286
460 142 197
852 561 539
763 532 872
664 922 459
82 476 733
26 53 219
73 432 469
456 328 69
828 149 935
542 518 848
95 602 599
326 222 496
275 541 450
312 921 823
65 411 967
488 298 142
405 168 140
441 219 605
504 196 473
243 619 587
768 384 632
3 915 607
575 398 226
245 12 489
626 42 992
888 913 888
72 251 788
385 334 645
160 257 285
218 12 573
259 88 881
769 347 327
264 850 720
566 642 922
709 735 497
542 80 796
880 618 865
907 509 34
710 358 934
715 703 401
4 747 345
623 150 188
840 0 327
189 509 490
741 764 5
105 815 158
373 505 730
818 575 375
459 743 5
470 402 841
342 269 192
784 435 565
792 487 327
252 346 365
173 219 915
19 552 967
299 489 120
523 763 63
6 584 854
868 562 891
363 549 317
905 251 75
51 226 28
497 125 865
492 641 97
641 569 979
311 5 842
574 417 389
882 593 683
842 253 440
834 889 776
237 534 872
325 191 526
556 803 90
430 341 7
363 236 860
587 209 683
625 94 113
9 875 201
429 427 109
670 489 800
147 395 8
914 919 151
788 257 546
774 491 35
486 442 207
1 40 408
542 32 948
178 509 974
573 145 513
307 465 545
16 728 292
267 300 992
152 793 432
170 251 831
602 856 258
239 101 386
18 630 286
462 339 732
399 920 873
807 196 790
753 538 247
88 890 269
473 2 766
579 582 928
559 415 222
587 883 552
681 918 565
382 507 509
258 487 341
574 253 668
782 910 58
305 891 714
244 526 352
858 770 429
59 272 36
492 89 98
495 47 532
715 168 463
80 363 462
733 651 96
681 338 560
180 674 806
778 9 754
105 436 215
674 274 129
736 524 541
510 413 503
161 59 286
655 612 530
269 43 2
796 140 961
529 650 248
822 449 943
98 662 294
908 929 926
200 275 755
226 121 928
192 283 188
75 603 509
96 672 509
387 161 478
586 632 320
383 265 533
876 145 885
145 40 622
467 398 520
372 454 9
731 755 220
499 214 646
149 87 283
891 699 792
425 509 126
578 489 446
441 254 450
446 495 726
94 283 281
711 365 72
19 365 14
395 883 992
634 194 257
553 395 800
571 651 660
672 20 47
203 56 632
466 93 821
577 487 253
398 447 440
286 304 953
541 890 798
603 0 20
617 58 755
816 40 66
321 124 800
31 623 99
188 684 833
704 421 758
0 26 161
638 64 489
37 821 879
320 463 701
431 417 29
633 646 265
819 901 831
146 103 119
368 775 255
279 805 839
744 150 905
485 458 897
378 293 502
303 36 300
186 6 336
730 568 546
270 631 957
362 526 405
733 863 869
206 47 163
891 170 769
131 350 775
581 700 66
60 205 374
107 763 358
422 686 216
160 142 681
715 918 468
578 165 922
54 305 528
616 388 128
353 79 605
876 890 922
202 644 820
156 359 705
812 336 368
487 273 214
242 347 940
478 347 686
897 344 33
515 251 50
709 277 222
790 866 155
221 599 179
68 925 175
717 790 231
50 470 37
402 669 738
505 207 700
312 443 23
800 934 911
130 662 975
340 768 137
596 554 416
683 210 667
814 6 947
359 251 917
919 230 737
31 911 760
517 925 850
571 850 877
153 246 455
656 565 571
117 311 563
91 401 649
205 495 667
326 59 637
431 638 946
558 66 579
631 796 412
863 834 155
216 186 467
285 212 728
57 808 768
246 532 976
459 91 748
603 165 521
223 353 846
300 695 45
249 879 708
638 61 354
871 160 5
450 112 691
665 183 547
482 783 752
60 40 323
856 245 565
903 132 702
143 814 843
701 697 544
524 290 828
633 439 305
66 771 872
376 303 179
440 634 83
55 463 884
560 915 291
201 333 665
716 671 427
507 132 805
468 326 457
699 224 929
560 485 571
929 499 286
270 346 445
737 168 67
594 184 467
118 207 153
128 517 852
369 857 577
767 487 156
464 587 697
458 256 324
22 461 27
911 260 56
26 113 107
725 493 191
744 400 769
663 396 58
872 312 580
354 790 654
578 836 579
50 557 807
467 590 849
591 932 527
806 509 531
723 531 884
914 826 72
25 559 612
630 225 25
134 452 92
556 161 158
348 513 979
45 400 681
917 449 733
222 37 679
365 688 128
456 269 872
23 73 909
836 256 488
877 909 914
756 825 6
575 445 946
168 543 737
776 486 902
642 407 763
552 192 817
52 797 524
323 833 484
117 856 946
876 378 825
927 880 331
690 26 597
445 491 436
559 189 439
143 8 914
268 521 918
930 910 606
7 368 232
176 794 84
148 593 313
571 313 690
154 112 911
209 340 728
901 406 708
588 460 949
725 385 558
852 216 817
475 199 742
100 181 612
556 284 140
557 884 40
227 182 363
126 820 740
292 665 15
526 789 224
764 45 176
276 564 359
611 920 583
312 704 112
894 137 599
408 155 520
17 660 834
829 162 797
402 556 789
544 734 135
819 623 873
694 718 633
843 520 295
268 269 893
554 428 609
630 433 223
199 312 757
52 766 326
445 234 396
318 369 564
241 867 908
792 737 69
818 355 799
691 892 458
67 15 168
306 457 716
82 801 708
126 923 422
239 698 728
442 748 444
114 899 446
763 574 672
311 253 25
827 687 780
134 662 101
110 824 692
484 439 151
756 12 424
361 112 128
855 581 970
489 236 230
526 128 306
74 26 283
249 839 952
732 264 41
804 715 731
610 280 701
538 511 971
354 846 526
513 673 169
295 280 901
696 736 392
216 238 890
32 642 945
545 922 993
124 411 195
708 4 366
168 247 185
619 237 865
109 32 225
283 243 16
242 236 305
254 271 769
617 476 56
873 767 199
678 105 656
215 384 482
356 52 907
264 72 264
730 90 827
587 661 732
307 341 324
889 345 655
40 771 395
806 739 478
748 926 706
460 880 556
334 865 926
215 826 64
612 186 705
832 605 437
450 144 836
370 452 831
799 899 463
484 366 820
782 279 737
411 549 846
539 357 197
568 556 936
154 196 363
154 495 111
473 101 196
111 321 575
496 612 887
96 327 350
410 124 109
713 576 526
820 426 613
827 283 747
460 616 886
419 666 455
149 798 334
46 583 3
600 36 215
84 378 35
709 896 106
706 787 237
545 293 895
400 696 937
919 935 491
886 153 17
36 328 793
706 364 679
920 247 657
859 78 332
409 129 334
222 833 620
822 317 213
840 30 445
400 106 505
82 353 204
536 288 879
241 621 87
832 69 435
797 442 168
308 703 504
818 49 973
98 470 54
96 822 513
644 766 152
130 895 955
4 111 433
10 83 240
506 298 315
626 177 511
672 337 919
157 51 493
585 488 489
424 117 842
441 673 152
150 254 851
368 52 599
729 244 576
594 766 736
622 44 35
143 15 997
881 144 861
466 549 287
416 2 204
288 520 751
408 715 573
628 872 127
904 126 403
665 80 148
502 935 577
157 438 683
63 294 382
501 296 520
626 672 317
488 570 827
618 886 811
423 488 368
430 56 621
251 761 773
756 346 242
679 841 83
535 387 711
103 554 659
240 801 260
359 343 718
647 668 66
227 264 438
90 549 971
550 515 675
164 198 875
80 23 907
888 546 217
606 350 896
262 662 801
687 76 143
732 551 775
288 226 463
522 126 206
850 476 961
913 255 302
495 698 314
78 233 4
367 626 588
801 233 848
510 257 928
492 125 549
858 687 835
488 92 34
421 403 116
236 302 14
11 442 433
74 322 333
61 319 406
588 187 664
124 354 392
280 298 480
475 821 691
233 46 239
199 145 441
835 805 291
257 461 214
428 219 516
123 196 208
700 145 66
34 606 306
652 829 313
316 130 75
361 602 184
437 693 964
292 675 682
586 132 99
891 926 875
61 47 382
81 839 34
700 794 5
15 110 936
927 11 870
65 805 346
54 234 475
579 850 730
567 607 180
608 540 333
10 166 606
290 486 789
867 826 169
875 606 248
780 927 306
181 457 17
62 30 971
488 413 209
216 872 794
242 435 181
268 53 920
519 250 379
784 417 893
586 314 154
927 5 795
708 148 467
524 482 945
408 748 882
524 197 118
239 556 621
53 602 400
150 788 557
175 48 687
655 871 976
780 788 30
542 775 756
74 171 97
911 913 631
170 154 528
586 419 557
628 367 277
475 560 935
425 326 564
569 737 794
698 708 869
140 185 712
353 668 78
415 875 1000
867 377 199
869 744 767
202 546 224
780 369 413
915 58 842
490 723 321
661 342 734
388 632 968
263 668 789
734 339 147
452 713 755
924 358 80
866 289 805
437 31 422
312 470 600
631 288 827
254 933 133
877 726 887
37 622 965
398 645 269
137 651 716
466 278 315
703 464 921
475 879 483
243 304 831
762 630 690
502 293 123
204 24 165
414 820 756
848 613 255
278 75 339
821 710 954
682 436 604
270 265 104
120 540 147
755 819 536
597 686 663
631 524 790
808 21 601
138 514 620
612 863 38
658 675 747
375 868 653
215 848 613
33 648 224
524 588 844
365 93 524
699 750 620
794 462 906
926 499 995
424 304 126
522 754 78
331 778 21
866 919 398
548 382 156
484 249 333
431 576 974
699 837 946
886 681 502
132 511 935
430 394 605
855 590 157
369 118 941
527 84 410
430 305 277
334 72 456
911 288 234
313 264 831
658 612 35
538 18 609
446 635 202
439 367 868
190 623 694
914 341 845
800 135 371
346 413 292
466 446 640
143 709 641
839 412 592
606 469 963
540 604 122
834 194 262
362 169 753
384 880 919
426 75 35
681 142 308
638 7 456
802 195 781
368 299 527
506 205 421
233 566 958
236 807 870
676 808 70
165 297 90
545 344 713
682 708 760
739 321 931
130 654 731
741 455 619
58 582 910
775 441 823
252 511 697
716 103 947
19 468 129
341 488 258
210 519 701
735 395 928
590 786 433
749 835 598
280 754 583
751 830 742
468 30 690
884 813 326
776 663 114
203 609 95
104 869 309
597 787 265
366 279 654
824 320 397
661 708 83
100 87 605
221 197 580
301 683 936
80 819 677
607 457 948
125 8 49
581 55 454
374 164 797
559 527 407
867 338 55
634 567 371
424 497 434
354 515 979
478 371 859
903 229 161
539 209 349
41 482 342
491 76 210
610 354 878
25 601 375
856 107 941
895 315 154
892 694 197
345 444 527
277 822 439
502 453 591
321 226 207
516 133 993
315 271 237
71 217 92
883 588 188
785 124 834
44 843 694
567 208 47
848 595 651
636 384 849
514 321 814
38 62 832
374 631 198
916 613 358
813 497 932
568 358 179
213 88 928
155 663 783
667 659 36
489 323 165
891 797 226
422 202 157
310 805 451
935 544 34
380 601 399
906 450 603
910 227 570
204 649 526
26 751 482
426 119 372
918 691 878
767 874 125
194 566 934
541 370 849
777 453 521
438 844 63
844 193 842
303 781 716
266 645 533
818 170 479
359 705 839
399 707 827
410 256 340
270 304 110
460 641 477
71 171 492
749 369 969
369 443 336
415 333 148
546 610 139
658 43 260
449 96 124
391 58 590
631 426 767
387 209 605
783 36 120
722 53 502
730 465 222
94 598 551
278 308 608
36 875 721
687 182 567
584 805 513
628 29 661
165 426 371
452 676 853
58 368 816
441 604 18
789 665 514
215 693 791
926 653 749
496 231 805
812 110 778
769 314 746
884 133 97
82 303 601
407 470 380
376 810 978
23 726 940
792 471 67
228 756 159
192 186 822
857 260 736
472 319 497
514 674 44
330 170 382
930 63 437
263 430 371
93 785 597
40 37 691
180 83 617
212 386 665
366 807 869
425 305 483
552 934 380
108 305 230
508 72 710
30 18 479
485 511 223
463 623 274
790 367 961
688 457 539
62 282 679
533 608 882
286 892 639
825 302 154
756 185 669
541 673 847
745 373 214
745 871 600
85 239 572
568 781 130
127 756 837
75 322 713
532 773 943
855 874 272
903 261 73
416 103 409
569 87 716
886 212 839
228 718 734
885 765 383
686 568 806
43 78 279
23 666 101
699 152 966
473 555 287
772 607 841
329 723 140
870 903 557
557 911 70
823 784 850
686 227 964
777 76 295
712 322 161
586 342 499
48 585 737
815 605 608
762 556 831
117 530 652
925 41 755
288 634 623
934 338 809
679 663 266
141 268 689
271 487 449
502 877 759
260 221 29
663 839 271
675 363 215
484 340 315
285 842 193
567 630 265
272 758 349
388 110 603
396 765 485
657 869 436
621 930 6
887 865 114
662 322 676
164 657 130
50 433 781
622 916 415
68 479 618
414 473 854
471 661 311
153 371 415
560 248 609
691 381 1
821 426 981
494 554 690
87 877 189
647 14 876
598 321 938
683 405 893
67 475 985
601 851 249
571 637 972
708 475 554
718 691 831
29 269 517
69 919 360
903 333 145
76 40 561
331 96 708
693 145 617
762 130 520
791 805 148
787 637 327
279 53 920
695 245 845
635 0 449
188 317 315
661 131 300
184 759 678
549 650 614
441 800 828
128 268 627
777 297 106
570 483 160
432 520 594
839 303 676
574 109 151
270 795 656
0 330 348
93 162 903
765 507 242
633 345 65
412 638 327
203 234 529
731 64 444
379 280 364
891 918 292
281 724 529
805 852 100
505 743 674
822 343 844
392 331 410
900 688 405
562 570 91
677 468 544
278 909 553
903 268 308
913 430 905
710 203 534
109 120 916
73 378 676
525 669 917
406 860 935
590 632 901
427 226 413
853 209 511
221 781 399
277 716 45
536 159 622
419 538 631
493 32 895
292 266 223
632 416 127
203 260 735
325 223 35
191 564 775
615 136 626
408 351 189
931 520 457
861 860 76
125 220 726
584 907 933
205 264 579
705 308 24
554 738 638
157 869 684
196 159 843
285 63 749
78 289 325
733 690 857
820 779 972
737 389 116
586 590 536
649 907 183
79 609 528
625 154 557
834 409 286
182 727 842
351 129 92
517 45 11
498 730 950
239 144 312
478 840 246
817 494 85
847 498 824
501 799 919
21 458 630
597 607 108
933 777 657
928 101 446
821 122 369
665 284 238
794 265 32
455 122 801
870 727 882
509 850 173
98 132 54
33 735 185
677 626 392
449 818 107
24 934 465
122 134 379
313 841 196
621 280 404
494 521 976
86 494 869
655 316 665
816 927 376
475 347 368
283 239 369
209 597 67
582 546 780
73 618 669
437 56 782
317 925 296
447 46 562
677 550 815
504 813 741
423 900 639
463 647 182
580 59 634
144 417 536
506 216 808
551 295 651
910 424 912
65 809 176
63 410 964
906 531 514
285 423 138
398 577 556
260 603 164
126 219 883
664 429 781
490 704 144
194 813 437
610 350 393
759 869 982
50 830 634
782 64 292
632 877 752
312 623 397
299 284 223
58 835 199
333 126 638
741 924 63
16 894 392
647 265 305
407 662 392
240 755 979
67 474 489
748 272 511
227 38 624
271 714 791
365 267 771
661 851 631
387 838 938
415 399 232
306 594 401
199 662 622
551 776 472
453 737 749
561 518 824
820 359 2
311 51 641
600 824 496
222 194 804
514 409 588
869 191 427
166 639 199
712 71 631
222 802 177
360 416 338
444 218 888
317 277 471
890 537 330
68 530 290
737 24 838
486 298 526
628 480 42
304 885 821
462 235 373
638 533 875
642 63 540
596 220 845
511 893 25
347 460 455
910 109 402
174 295 787
431 701 481
588 670 604
294 484 788
273 779 212
31 109 781
405 561 738
664 192 852
404 206 877
355 691 752
363 156 89
628 289 86
652 916 927
499 250 430
627 909 234
257 126 251
260 50 810
864 542 245
441 797 557
132 422 610
154 859 114
389 684 405
604 139 881
455 649 402
307 17 570
589 444 119
892 643 803
690 428 416
88 499 417
522 760 253
89 751 651
446 291 564
818 448 212
843 708 674
456 909 856
751 299 49
183 357 242
285 310 199
767 709 905
731 873 582
256 803 78
104 85 131
172 380 343
51 32 578
496 795 243
49 591 781
143 216 745
862 676 874
278 70 674
697 342 778
917 42 205
246 933 995
802 934 831
20 748 104
486 793 586
363 130 584
743 879 409
269 591 198
502 641 926
380 594 186
658 349 386
760 424 291
643 231 784
887 47 894
452 429 425
431 153 723
333 284 452
580 114 340
665 552 874
166 577 293
21 66 263
97 314 78
544 891 962
771 57 825
866 169 49
55 758 243
885 316 895
183 372 810
808 677 594
895 259 327
533 343 125
422 489 310
753 537 136
160 179 963
520 457 330
892 351 907
267 561 60
742 670 769
383 290 818
148 142 733
306 775 548
198 14 94
647 746 856
882 284 998
284 838 799
167 351 817
491 244 215
834 817 1
572 239 80
49 682 479
453 874 53
253 863 735
878 341 814
437 507 518
615 331 273
511 761 989
538 857 750
83 448 163
774 452 915
125 807 377
536 508 681
635 679 119
434 820 410
273 581 734
165 354 905
469 724 816
813 485 527
149 453 791
917 721 943
861 859 685
764 571 855
225 772 443
366 74 647
719 338 989
329 673 85
485 333 418
415 278 655
802 548 760
543 827 372
837 816 994
544 549 383
606 373 494
854 81 797
593 257 515
876 171 644
37 178 907
485 465 908
561 301 627
547 50 821
601 917 428
869 708 767
305 767 891
51 355 723
104 212 796
842 142 984
254 655 429
421 13 15
309 217 91
846 593 266
231 596 839
121 265 635
219 110 237
32 634 775
735 905 982
761 261 116
354 210 238
383 124 545
180 931 587
49 463 781
75 815 98
602 679 791
30 757 504
617 426 856
193 897 761
759 517 409
538 665 563
761 200 646
194 100 382
877 382 792
585 562 424
723 449 808
755 144 360
709 525 301
278 812 35
538 807 532
23 49 225
750 786 627
812 481 757
201 83 566
214 652 64
496 701 862
543 686 52
527 722 1
251 232 817
437 93 656
296 141 892
504 124 64
833 586 126
579 541 980
485 305 393
154 278 755
148 121 752
499 11 949
338 767 771
132 193 432
554 368 590
522 448 783
427 622 538
832 272 500
65 60 229
823 907 335
632 842 268
450 803 572
573 129 114
872 909 457
520 656 983
96 227 931
345 113 329
638 796 884
272 382 940
512 801 607
546 396 51
139 394 313
136 923 911
483 346 584
871 587 531
242 196 644
749 579 804
529 708 979
209 230 193
10 455 936
801 170 885
379 36 392
786 848 659
758 618 101
188 753 746
734 699 683
637 290 320
153 407 576
929 443 379
384 152 206
0 694 90
414 477 235
483 281 468
850 37 5
844 173 620
248 155 247
454 666 167
655 145 577
493 206 453
407 530 966
235 116 354
420 443 234
730 304 899
870 578 7
819 252 738
730 69 251
913 1 235
464 699 210
370 46 17
836 401 116
67 708 755
459 192 131
465 560 747
583 677 274
648 320 565
246 748 259
479 839 170
354 815 16
434 176 14
15 503 891
843 829 212
729 620 934
577 889 521
841 868 849
699 36 434
369 4 201
415 302 713
850 291 536
894 791 741
152 50 160
661 381 144
203 844 378
75 157 343
888 140 540
931 812 306
730 799 946
372 742 682
127 720 769
738 235 342
840 813 323
381 884 699
85 385 858
805 495 819
907 325 982
223 380 134
896 85 23
82 16 834
763 365 61
867 282 884
616 151 654
731 642 554
242 772 310
802 848 919
882 698 194
286 616 260
177 292 93
818 331 54
860 687 971
515 844 825
78 860 270
544 164 846
698 117 84
706 884 861
536 792 328
33 283 870
686 842 28
572 264 378
353 34 675
146 584 296
790 196 870
724 704 171
74 194 700
357 12 393
805 587 719
162 815 628
410 385 31
416 830 672
345 266 91
271 450 202
513 694 292
676 457 443
94 162 289
356 304 577
562 769 772
603 132 810
463 298 387
522 821 240
510 417 915
797 297 587
251 468 104
398 411 969
764 626 364
277 308 539
303 0 134
707 750 315
827 521 922
345 233 166
376 530 945
726 223 477
897 518 863
137 456 412
119 27 920
621 528 760
612 835 191
210 916 285
32 535 483
175 477 421
213 668 416
736 54 870
102 53 630
524 874 804
92 765 64
595 323 0
267 911 933
151 748 175
554 253 274
139 179 424
874 722 700
288 279 250
731 244 651
67 146 782
818 860 299
868 510 887
704 930 534
588 59 314
52 587 800
35 392 903
805 26 120
645 746 261
56 72 93
15 926 562
459 719 326
264 262 378
909 626 189
28 42 849
804 878 72
224 349 625
544 486 137
717 648 983
656 65 317
500 877 88
733 483 882
125 56 472
436 629 172
832 219 400
183 722 75
889 317 473
406 59 277
143 628 371
483 478 575
439 815 999
665 549 14
120 79 400
745 382 229
54 860 81
114 331 761
784 391 897
526 700 821
786 244 507
614 595 108
115 535 913
887 338 874
328 308 984
676 59 935
825 930 38
684 903 181
576 203 417
239 756 908
327 902 70
138 260 889
585 666 937
102 504 572
677 710 193
545 650 707
561 154 781
529 152 121
531 854 8
18 537 962
194 259 637
263 5 257
140 137 741
868 335 884
384 369 675
233 453 2
866 613 404
47 795 412
637 431 113
56 70 982
556 229 217
21 291 293
504 318 983
321 517 201
735 815 48
481 579 938
641 835 111
435 777 430
728 13 966
402 583 492
847 140 625
479 680 481
815 267 702
208 629 713
494 147 46
811 214 25
745 399 246
861 739 46
541 171 55
558 673 916
348 83 591
731 56 582
397 749 955
369 681 736
316 792 951
289 492 720
305 598 83
260 904 214
677 314 29
668 761 324
567 383 475
175 130 601
261 376 663
867 81 325
795 599 332
668 216 227
67 540 631
310 300 700
623 224 774
660 698 815
710 670 836
760 595 969
323 92 754
415 849 456
25 561 532
365 876 155
661 902 315
711 542 161
449 122 805
641 183 718
323 692 998
542 758 131
399 114 422
503 447 862
931 634 240
369 680 880
630 585 520
911 651 208
522 323 350
264 221 551
617 84 498
393 551 989
909 137 19
894 58 730
300 858 3
68 589 66
399 645 222
842 849 544
740 569 1000
614 43 196
418 81 321
359 680 487
260 659 325
419 780 680
247 453 515
252 668 567
656 657 4
32 792 938
21 811 142
682 912 650
876 408 194
423 591 7
759 573 414
677 682 584
385 436 487
351 96 738
371 848 329
611 556 240
502 411 588
516 605 548
195 533 553
415 852 604
183 139 306
6 284 818
459 186 887
640 654 165
499 524 37
726 522 718
780 409 115
719 935 804
577 722 388
168 785 60
770 741 365
876 137 420
31 482 811
75 44 658
476 505 522
599 448 59
667 632 751
430 477 306
423 892 766
656 260 129
62 742 703
256 474 978
293 188 352
654 704 26
672 342 832
101 843 904
920 76 593
87 534 752
646 710 869
30 921 653
764 672 235
665 687 508
875 527 584
760 619 21
649 624 94
354 896 537
680 328 292
265 759 719
183 69 290
570 853 951
148 71 383
788 431 361
283 202 450
912 7 669
566 250 132
642 280 465
6 895 198
412 875 665
295 408 302
610 308 438
5 433 341
935 373 109
264 782 624
555 896 162
759 467 813
300 522 429
719 63 321
69 334 813
442 364 306
532 319 624
932 315 3
675 233 743
700 408 522
683 714 709
489 616 399
394 478 707
483 560 966
168 331 314
56 640 705
711 240 125
50 766 57
218 674 641
13 836 401
859 471 137
609 168 898
541 136 740
816 628 634
177 471 388
116 157 29
447 212 576
23 287 958
407 589 85
388 768 912
106 468 184
577 251 762
836 72 314
350 479 628
121 812 880
809 683 301
211 574 597
663 724 597
434 652 171
471 630 342
453 322 771
604 542 75
557 261 824
525 87 858
588 4 51
874 807 445
784 331 763
349 714 933
452 371 164
39 421 144
359 423 797
172 878 652
473 257 197
441 234 437
391 296 693
264 269 737
557 464 777
307 102 148
381 813 487
29 427 30
162 858 842
328 140 96
275 705 887
694 265 845
724 856 493
545 81 506
870 383 847
81 550 688
856 420 959
768 374 822
434 63 73
533 400 938
59 80 916
846 921 407
220 550 367
296 610 228
287 538 777
809 730 973
77 624 242
572 742 450
492 86 554
439 685 27
259 167 686
518 103 738
243 845 278
452 211 158
148 0 232
138 612 235
509 741 388
357 621 185
811 795 597
676 773 598
318 422 691
452 529 208
857 461 777
492 822 805
183 329 244
424 437 583
839 842 486
718 172 681
402 496 80
812 768 312
816 541 412
104 487 174
274 691 965
696 210 33
231 54 836
29 45 913
438 348 161
449 204 326
846 401 410
746 935 414
837 507 71
518 636 688
761 123 228
33 371 67
400 327 567
852 717 232
780 151 86
110 431 221
404 286 583
91 6 279
73 16 477
820 851 195
389 269 235
618 360 560
362 262 369
923 359 83
470 24 666
902 18 214
495 637 43
759 389 248
456 464 79
698 261 991
458 359 767
713 370 26
803 790 663
310 509 247
376 43 456
748 204 235
831 214 747
513 335 294
424 582 614
469 390 61
561 43 907
357 226 9
355 284 982
496 793 271
544 15 709
299 409 571
279 441 643
40 387 275
744 602 687
619 748 4
275 700 851
394 828 633
42 436 499
892 877 473
333 420 599
571 740 145
286 255 473
896 736 860
103 27 623
130 572 979
711 502 584
837 19 220
721 107 694
409 507 529
868 99 143
772 863 120
737 599 781
170 417 268
931 839 847
791 4 887
257 899 219
697 350 289
755 782 115
13 713 362
352 844 681
235 210 273
567 264 551
177 603 55
818 713 711
187 604 650
777 608 537
190 481 317
386 834 76
8 50 214
9 62 933
396 696 870
648 125 122
371 827 446
763 59 880
335 402 553
136 465 442
703 325 563
418 744 205
201 317 985
580 847 599
731 597 602
681 1 249
543 121 597
611 548 304
462 233 883
320 904 926
491 922 206
674 176 468
415 872 351
147 723 31
501 572 167
525 735 880
114 644 286
625 534 16
378 544 589
888 518 167
882 338 312
770 534 984
344 433 387
296 673 278
312 567 661
160 100 655
92 759 111
596 114 89
552 757 942
769 603 230
867 593 97
725 450 172
505 251 88
367 576 648
647 63 844
150 300 426
412 433 658
352 718 62
842 32 523
510 460 968
199 715 828
56 218 644
703 599 137
17 95 411
890 108 676
430 554 13
915 556 936
712 795 785
816 838 129
669 139 213
578 204 951
118 761 173
541 499 804
89 491 986
662 531 644
2 189 81
306 129 529
903 622 367
849 518 895
819 201 763
907 50 481
33 682 652
720 732 624
192 790 806
523 182 14
171 282 808
597 156 263
121 169 956
291 775 804
840 832 610
795 840 509
621 105 890
452 345 297
791 814 284
128 635 580
756 742 573
819 38 160
562 299 20
809 291 431
498 205 796
495 97 789
200 745 831
205 24 25
712 835 214
782 329 326
441 421 309
233 788 268
185 619 892
578 919 237
623 565 527
50 801 359
20 29 941
483 854 552
176 897 803
372 380 352
559 934 902
220 863 620
166 778 135
71 219 332
531 810 292
818 330 519
522 722 121
131 232 88
637 843 166
574 469 136
540 795 413
511 106 224
221 351 320
884 636 731
182 187 817
654 90 448
599 691 385
15 236 505
477 147 939
206 232 867
75 932 329
77 755 738
677 794 58
540 138 279
160 351 761
246 573 366
710 492 779
756 53 227
511 16 61
657 847 594
646 7 99
357 828 344
237 699 124
720 646 681
135 479 89
28 622 440
430 622 692
824 38 278
885 279 141
822 557 767
470 900 20
307 632 425
137 760 493
498 667 51
615 328 629
815 806 96
429 114 512
719 528 866
851 860 348
545 104 747
77 537 167
432 844 404
764 841 746
42 165 683
884 19 143
777 280 252
639 411 709
732 850 963
343 714 242
772 18 724
291 70 464
266 918 941
215 329 996
251 128 615
352 555 349
661 15 345
46 346 54
434 398 302
502 356 718
886 606 745
106 916 236
308 757 336
225 480 559
774 402 110
853 9 243
175 420 77
837 803 839
142 474 663
927 92 577
245 58 745
269 44 937
372 513 784
831 25 566
720 373 989
459 616 548
241 265 687
284 685 896
98 536 861
255 821 309
625 170 572
170 48 291
649 503 24
726 238 147
211 361 785
861 462 266
764 801 228
810 407 777
320 284 29
907 286 27
230 530 62
758 69 965
743 566 298
891 259 453
632 491 993
528 323 947
256 51 705
765 581 346
624 423 222
735 74 556
33 513 656
250 36 441
848 240 680
90 420 35
168 777 440
364 95 194
373 19 898
761 168 451
811 529 816
179 386 578
275 439 878
213 545 685
527 522 206
21 249 402
358 163 676
536 21 129
71 139 543
422 888 522
282 414 768
899 420 76
804 444 148
89 347 825
863 682 163
354 621 13
705 241 386
135 146 141
361 36 718
686 812 349
49 109 536
443 488 918
554 541 839
357 652 865
440 459 554
31 219 64
264 929 700
725 921 442
209 412 187
763 27 820
426 755 869
579 657 802
169 8 556
698 225 600
629 338 974
742 467 796
477 319 965
210 23 834
451 241 198
785 917 131
673 305 341
122 215 13
252 828 619
577 45 208
555 567 555
81 155 770
800 747 141
433 567 357
539 119 450
495 754 785
287 699 420
237 159 952
642 300 799
745 637 180
805 458 25
323 434 201
643 418 958
825 656 501
318 676 131
436 408 950
103 227 297
616 776 93
452 482 542
225 545 438
796 315 539
356 933 133
639 545 401
3 403 337
559 137 46
686 841 928
483 473 843
538 106 730
487 153 548
685 103 744
704 594 352
743 608 289
549 588 521
821 22 154
203 588 244
834 651 190
720 340 253
741 909 590
175 825 298
727 621 775
637 746 190
613 321 258
873 162 721
259 366 241
389 141 514
62 771 308
256 741 113
13 912 696
454 59 646
217 245 472
66 525 846
567 26 759
580 352 989
496 804 736
330 402 632
860 823 524
423 26 549
465 515 83
275 460 187
665 629 264
859 334 987
752 761 722
878 629 711
596 370 641
569 834 297
259 443 241
233 406 16
555 755 911
173 582 668
490 882 877
436 564 387
771 800 926
584 26 691
71 819 353
843 700 640
731 648 111
916 756 313
440 661 789
154 295 906
83 550 484
446 341 86
491 136 617
83 609 292
128 427 659
236 683 759
35 310 97
51 135 168
173 669 545
552 359 441
429 42 489
9 61 891
609 593 408
93 821 878
47 586 447
746 378 360
168 710 693
599 336 897
458 637 251
491 151 754
92 831 496
719 567 937
237 286 793
426 529 271
387 337 678
559 374 693
474 366 910
479 802 995
85 723 190
74 623 92
155 915 848
24 456 616
267 314 593
507 140 694
219 32 775
518 430 334
652 199 898
409 551 880
748 637 808
