400 2545
1 0 213
2 1 360
3 2 769
4 2 307
5 1 618
6 3 191
7 2 80
8 0 883
9 3 76
10 7 311
11 9 518
12 4 480
13 2 238
14 9 767
15 8 877
16 15 932
17 8 873
18 7 334
19 7 649
20 15 982
21 14 152
22 6 604
23 14 690
24 2 304
25 1 326
26 15 735
27 4 292
28 13 393
29 24 510
30 18 478
31 17 953
32 18 895
33 6 121
34 7 491
35 31 692
36 27 759
37 5 914
38 4 812
39 36 751
40 37 138
41 36 219
42 24 806
43 18 824
44 12 748
45 0 747
46 21 822
47 28 657
48 8 477
49 6 105
50 7 129
51 19 407
52 10 295
53 4 724
54 15 118
55 25 267
56 45 554
57 28 5
58 52 526
59 5 828
60 58 918
61 30 908
62 48 796
63 11 450
64 37 731
65 43 424
66 63 272
67 42 411
68 25 673
69 2 915
70 39 645
71 24 203
72 66 795
73 20 943
74 55 112
75 68 717
76 36 860
77 66 36
78 58 147
79 72 224
80 35 762
81 24 147
82 16 763
83 52 358
84 18 644
85 62 756
86 18 448
87 29 757
88 46 871
89 43 528
90 53 99
91 28 744
92 58 697
93 9 836
94 40 790
95 1 861
96 26 675
97 57 115
98 94 353
99 3 765
100 91 903
101 43 355
102 51 841
103 6 225
104 26 488
105 24 139
106 7 370
107 104 149
108 37 460
109 75 769
110 45 651
111 83 469
112 1 155
113 36 968
114 20 813
115 49 406
116 37 383
117 95 318
118 86 986
119 87 124
120 89 528
121 110 354
122 25 290
123 105 684
124 84 992
125 71 736
126 4 25
127 2 983
128 118 608
129 30 54
130 33 104
131 25 180
132 96 135
133 25 566
134 54 942
135 23 447
136 124 862
137 52 797
138 21 442
139 59 780
140 38 9
141 66 926
142 31 124
143 85 438
144 65 587
145 106 439
146 9 308
147 15 549
148 25 480
149 45 697
150 119 255
151 30 842
152 103 736
153 16 223
154 22 769
155 128 681
156 132 819
157 145 722
158 81 159
159 147 197
160 97 162
161 158 538
162 75 800
163 42 883
164 69 419
165 91 136
166 23 163
167 105 39
168 125 229
169 16 762
170 108 750
171 62 159
172 51 36
173 51 757
174 117 657
175 16 410
176 16 824
177 138 965
178 106 382
179 58 327
180 146 127
181 82 669
182 47 444
183 162 784
184 178 673
185 20 810
186 58 198
187 154 625
188 187 221
189 136 741
190 144 781
191 165 753
192 46 122
193 141 721
194 171 39
195 20 178
196 168 157
197 38 31
198 9 431
199 163 90
200 156 329
201 44 711
202 24 568
203 84 333
204 6 971
205 39 249
206 10 79
207 39 319
208 97 372
209 201 835
210 133 522
211 2 272
212 109 192
213 207 729
214 37 489
215 109 651
216 140 93
217 201 461
218 15 469
219 143 259
220 196 603
221 141 219
222 27 955
223 159 792
224 87 165
225 48 979
226 130 533
227 108 633
228 123 531
229 145 804
230 140 312
231 151 153
232 10 778
233 208 441
234 221 402
235 107 166
236 219 280
237 205 593
238 104 171
239 1 789
240 38 611
241 27 58
242 91 516
243 16 532
244 214 519
245 26 683
246 180 149
247 114 815
248 208 1
249 122 72
250 151 477
251 124 606
252 38 654
253 252 506
254 170 91
255 226 773
256 73 382
257 150 158
258 199 211
259 129 558
260 19 260
261 251 682
262 90 16
263 46 944
264 253 105
265 223 121
266 253 497
267 26 939
268 141 118
269 107 633
270 19 53
271 62 767
272 218 259
273 137 136
274 185 903
275 160 976
276 79 661
277 222 952
278 75 732
279 170 54
280 275 160
281 265 820
282 273 167
283 45 490
284 236 922
285 213 201
286 243 597
287 48 26
288 175 641
289 221 49
290 215 154
291 165 991
292 49 712
293 154 331
294 201 613
295 41 839
296 191 815
297 26 529
298 234 233
299 186 561
300 239 883
301 235 766
302 254 632
303 245 663
304 164 632
305 155 558
306 103 822
307 40 513
308 246 93
309 55 520
310 154 305
311 35 835
312 168 873
313 4 429
314 185 147
315 180 594
316 156 234
317 81 803
318 130 194
319 165 940
320 43 750
321 276 854
322 71 847
323 268 33
324 157 325
325 211 478
326 167 525
327 286 358
328 239 567
329 325 323
330 275 11
331 179 955
332 113 308
333 137 692
334 228 911
335 208 648
336 222 739
337 290 410
338 320 736
339 78 640
340 80 593
341 275 752
342 195 654
343 302 930
344 53 970
345 67 659
346 161 635
347 141 905
348 5 866
349 116 866
350 107 194
351 68 531
352 104 836
353 327 378
354 230 118
355 119 188
356 202 69
357 312 92
358 143 53
359 54 512
360 161 555
361 321 751
362 122 803
363 299 26
364 98 426
365 185 606
366 103 829
367 238 608
368 357 660
369 7 859
370 41 962
371 301 832
372 341 495
373 336 922
374 72 469
375 161 522
376 295 72
377 37 771
378 44 780
379 378 203
380 121 194
381 93 205
382 371 482
383 264 193
384 225 857
385 265 685
386 90 192
387 298 228
388 368 120
389 153 679
390 294 760
391 83 649
392 235 557
393 368 443
394 286 792
395 380 794
396 212 497
397 129 734
398 214 484
399 216 277
400 299 770
401 192 539
138 214 965
37 373 529
181 343 338
164 300 771
76 170 247
44 364 701
312 180 209
186 225 332
334 223 911
214 69 70
159 154 426
44 5 741
278 11 237
199 245 15
232 365 752
2 98 343
22 118 325
370 81 14
178 143 303
317 334 67
208 38 392
330 292 853
159 298 76
210 302 462
336 176 142
40 297 117
270 3 966
183 375 892
296 88 280
370 244 483
201 110 87
255 56 649
228 400 401
244 157 254
241 297 941
48 247 885
19 261 754
397 108 277
184 277 926
64 267 605
149 6 410
367 350 397
198 17 805
205 65 894
330 196 320
400 290 899
293 25 220
137 349 527
235 38 691
117 268 114
315 337 438
397 240 31
356 401 907
370 51 754
181 325 84
65 169 745
19 33 492
275 72 121
258 113 357
22 37 247
80 16 121
56 94 367
98 135 203
171 123 608
70 227 704
333 380 902
357 306 85
127 74 72
165 223 122
51 93 853
78 329 566
223 2 211
391 163 125
89 46 850
13 90 186
389 171 742
154 338 74
122 233 416
86 232 211
269 178 211
256 290 154
381 82 875
31 121 570
7 143 367
292 333 205
3 287 90
74 307 381
243 35 462
305 336 811
362 257 405
277 397 816
341 255 464
0 54 113
188 87 535
232 58 564
165 253 2
347 181 342
186 83 555
393 257 328
175 92 586
157 177 451
206 142 121
396 378 81
337 118 351
265 325 630
156 11 710
330 388 714
72 96 628
224 210 942
27 26 957
207 192 798
92 150 654
398 89 856
274 270 340
347 233 254
245 399 368
116 207 283
352 231 147
368 171 98
348 157 896
261 190 975
129 122 853
81 59 58
68 79 76
231 196 39
223 48 18
271 273 786
342 379 248
233 154 661
279 173 983
310 46 870
84 398 8
358 284 210
117 345 165
276 396 934
210 121 530
344 316 826
29 267 53
259 329 743
401 86 163
19 395 217
342 230 262
60 212 926
199 322 524
250 112 375
110 394 123
299 15 351
171 33 265
66 390 622
361 171 88
375 266 602
261 105 759
302 392 650
318 283 554
251 166 566
258 154 920
212 393 414
202 185 974
212 211 143
52 257 350
348 247 345
13 175 674
89 242 528
291 180 100
224 37 153
176 37 539
292 300 323
305 147 480
363 129 185
393 46 194
131 82 7
195 297 823
308 365 845
95 276 27
63 114 731
388 386 747
358 328 238
134 283 757
296 273 917
255 367 665
278 182 810
166 324 985
139 89 923
42 378 715
35 22 601
298 343 690
131 275 396
297 197 733
27 318 375
116 121 928
217 305 435
92 113 672
100 381 507
179 199 364
307 172 620
75 372 417
213 188 506
10 170 498
177 192 391
219 176 592
64 163 994
44 78 580
6 4 641
126 208 573
298 4 625
274 104 428
346 296 725
247 306 15
312 179 649
319 136 112
271 2 210
313 261 207
137 261 457
278 149 813
370 104 794
235 382 959
43 333 767
141 330 124
47 289 924
394 330 853
150 64 668
113 66 915
193 148 497
117 382 740
330 362 346
168 93 453
101 133 895
169 355 964
203 23 641
247 25 630
168 309 774
164 4 563
76 286 649
356 32 855
260 318 22
123 225 696
276 132 620
396 35 446
126 45 70
93 287 613
331 246 796
127 228 974
277 209 316
347 15 816
25 48 650
255 23 155
289 211 911
259 204 597
168 382 932
353 293 453
131 211 515
298 177 342
201 223 504
394 11 436
337 79 378
128 11 172
328 189 33
225 116 587
231 91 749
3 394 929
231 187 520
204 185 989
147 381 796
281 89 508
211 122 270
386 299 839
122 232 1000
39 173 657
45 125 475
394 263 168
295 138 472
273 168 984
371 296 212
258 153 754
168 155 192
113 374 455
66 218 708
56 289 341
269 377 941
23 346 397
120 374 130
290 55 349
375 356 477
313 344 185
117 12 517
85 270 61
153 294 4
279 139 56
365 259 915
20 193 21
303 202 570
350 320 439
357 134 464
78 265 762
38 65 795
49 222 170
170 152 397
184 272 255
212 117 21
199 171 724
146 91 77
331 132 806
340 52 125
214 169 525
266 31 110
395 4 91
211 109 499
80 208 816
82 0 606
204 284 735
47 14 572
377 20 571
174 172 330
144 247 616
20 355 740
262 64 96
147 153 1000
18 5 371
244 301 150
43 252 108
183 302 179
330 51 619
193 332 152
324 328 315
350 220 184
113 145 448
277 344 348
160 149 876
252 50 127
195 217 374
33 320 358
388 294 457
60 203 680
77 2 599
128 4 758
289 108 756
282 274 612
184 381 325
93 396 594
162 277 815
321 77 741
113 292 260
17 300 497
241 19 868
40 2 288
87 398 498
11 269 545
190 359 142
95 168 160
106 391 878
164 195 493
106 331 233
336 81 600
101 185 795
219 14 244
125 344 401
321 190 137
28 325 831
330 375 17
396 332 231
22 45 324
280 269 924
107 225 378
293 392 860
0 343 513
217 110 268
33 297 1000
189 355 72
156 55 519
94 124 244
382 378 158
290 287 481
115 152 60
263 67 333
327 227 44
389 121 681
166 28 10
10 24 79
273 115 981
379 288 851
371 340 677
314 40 102
185 70 898
98 270 574
381 76 502
58 319 424
257 345 68
245 157 94
119 261 971
294 120 604
382 316 897
337 234 474
106 252 835
142 113 467
383 8 149
102 386 211
381 157 871
181 53 475
53 123 908
211 174 507
372 345 860
257 5 415
264 342 43
26 102 642
368 328 647
383 237 789
39 367 503
222 258 111
379 67 117
147 126 427
345 120 181
323 314 632
273 148 45
217 97 285
228 173 733
316 126 688
35 367 915
390 241 411
97 346 981
214 163 217
242 9 853
233 188 275
12 97 867
288 189 642
169 22 979
53 115 385
164 193 151
389 333 697
70 352 497
318 49 973
168 246 752
331 137 973
204 239 814
382 365 551
345 178 461
397 124 994
193 86 328
200 26 600
396 170 403
158 18 702
326 323 349
74 53 376
11 222 180
333 183 800
226 116 170
69 352 506
370 46 796
231 168 168
3 12 238
72 394 295
22 286 493
233 200 793
273 62 193
108 171 319
337 64 590
366 146 251
104 171 838
282 265 450
93 201 957
354 73 392
16 14 514
359 357 825
390 157 182
287 380 429
361 112 6
95 182 102
269 356 979
252 284 850
102 339 534
58 46 267
383 198 630
13 155 667
8 168 411
55 365 559
169 29 766
73 40 432
139 329 728
164 359 724
274 347 955
173 20 31
298 165 484
126 165 523
295 156 247
276 178 185
271 59 222
230 266 796
238 115 538
298 255 41
82 369 284
91 232 876
82 10 988
227 321 88
291 236 968
270 398 395
293 330 737
33 116 529
9 347 963
337 296 8
380 376 694
83 262 265
158 122 554
309 239 598
372 79 818
262 290 333
292 346 897
5 65 86
275 271 45
100 226 24
99 62 779
57 126 995
73 200 11
187 69 614
68 170 98
209 156 196
224 125 139
229 317 968
115 384 658
268 58 597
354 237 982
388 92 889
87 157 383
94 244 128
310 237 632
63 93 291
47 287 789
361 380 704
59 196 790
62 68 425
233 317 18
31 71 994
173 141 723
176 9 969
79 334 628
343 305 454
301 51 882
289 112 758
192 189 337
53 227 59
19 156 65
147 47 516
297 342 82
282 91 890
10 313 497
373 319 495
374 320 603
175 335 810
316 175 313
69 75 811
204 306 682
195 246 903
43 206 219
243 361 321
111 351 618
61 124 677
166 347 5
146 142 90
240 44 299
234 312 35
343 139 8
196 53 624
298 81 643
357 356 472
132 181 806
62 12 102
122 64 133
297 1 319
194 358 225
288 369 54
268 44 931
147 202 508
167 257 281
148 395 527
134 360 289
313 19 512
272 115 738
96 226 691
105 41 848
61 395 604
219 190 559
89 380 657
32 121 225
135 321 143
365 399 790
378 55 894
149 244 890
118 339 39
364 170 646
9 225 743
190 193 185
201 83 947
217 242 345
115 233 813
21 178 154
348 383 903
55 262 861
54 240 814
71 304 584
329 254 63
371 117 684
381 231 300
166 187 536
263 33 642
156 262 928
84 146 899
77 383 736
211 332 561
162 14 686
49 109 724
158 44 542
79 383 652
74 235 199
74 347 177
362 17 641
167 363 985
188 182 568
335 111 352
76 328 165
70 268 476
113 105 522
71 257 772
253 139 596
259 151 96
317 290 955
370 197 448
255 204 358
221 158 849
385 302 386
80 275 213
296 65 447
91 111 964
44 356 205
373 299 722
130 124 94
320 271 2
119 65 526
383 59 634
253 268 16
175 35 490
133 237 330
391 57 905
345 204 414
316 381 969
201 265 228
391 319 134
100 323 319
66 307 633
348 312 802
327 398 837
14 293 408
373 363 862
139 152 343
303 332 652
37 177 558
301 257 313
316 75 40
66 319 311
336 72 954
146 398 757
15 382 883
120 350 393
137 234 801
143 346 562
303 270 408
306 1 924
199 390 162
66 277 840
91 151 587
157 203 645
84 95 720
5 276 180
372 123 627
41 225 497
163 20 657
128 214 776
369 273 489
305 83 759
188 279 218
218 258 275
163 236 326
125 34 902
333 60 807
8 279 542
18 326 237
257 204 937
203 82 621
91 250 707
111 147 105
77 164 451
310 354 511
126 0 257
65 221 351
177 328 376
114 41 816
226 161 841
289 94 181
343 354 492
102 313 794
17 129 670
359 126 453
267 199 581
343 327 960
326 195 848
63 16 151
126 236 730
12 284 545
375 201 329
270 210 559
282 61 875
340 341 853
21 156 22
369 30 594
266 350 590
135 31 252
250 232 360
223 39 634
216 246 840
177 282 176
81 240 109
291 296 848
335 288 182
34 142 594
160 197 953
295 312 1000
359 363 459
393 194 181
372 118 704
115 321 332
173 349 480
399 311 360
231 288 140
272 267 547
32 387 419
195 347 713
341 209 477
190 392 666
106 59 803
260 34 541
246 205 393
276 71 397
253 134 486
196 175 932
75 118 51
229 134 815
379 8 424
187 49 334
12 69 918
91 174 655
26 272 278
196 194 300
226 352 702
23 134 599
333 64 170
400 95 138
281 190 882
45 372 137
182 34 218
8 351 603
26 328 848
334 389 875
262 226 5
114 269 612
31 384 436
135 208 537
225 354 410
5 85 226
279 322 104
193 383 357
81 244 457
39 98 715
388 36 491
82 365 37
137 163 503
116 201 736
326 311 339
188 281 872
354 373 918
41 213 212
285 124 434
47 55 28
274 120 369
325 137 983
6 134 306
360 264 79
222 83 515
216 43 333
32 134 714
393 189 936
256 274 828
240 305 544
322 369 491
112 49 106
243 343 498
131 42 732
256 297 17
381 309 426
193 167 98
323 316 867
32 35 427
119 247 452
294 77 394
343 262 282
382 222 189
95 271 756
142 176 594
138 125 829
345 245 326
59 261 998
242 24 776
6 249 672
50 352 789
77 362 691
80 215 859
255 93 215
351 323 383
180 258 483
374 23 16
34 284 58
9 45 860
265 384 10
375 215 779
0 153 961
104 224 248
279 128 358
307 378 326
197 306 281
191 35 471
283 354 699
133 27 754
63 360 180
128 132 301
197 47 763
313 113 45
389 332 376
322 194 320
362 94 815
156 154 829
201 255 999
383 232 628
277 125 341
332 50 313
272 152 947
85 221 997
133 211 812
70 203 28
371 343 646
97 352 626
376 329 44
254 263 83
353 253 504
46 120 44
307 251 23
32 208 430
149 214 270
313 224 97
55 308 497
170 315 59
360 205 660
327 301 359
207 44 985
348 90 21
312 105 819
148 291 959
234 294 48
14 285 530
382 115 945
14 264 144
16 232 170
15 203 224
141 331 218
74 113 340
95 135 912
36 262 26
264 249 246
175 306 758
33 216 131
227 281 279
64 94 15
327 199 896
230 212 309
149 314 461
288 396 923
188 131 133
310 113 363
277 204 993
96 239 880
14 322 683
339 73 537
225 122 719
207 185 622
306 86 210
211 59 508
272 393 90
178 284 545
35 206 709
85 210 432
187 58 419
170 111 267
290 363 426
146 165 201
166 174 375
39 48 926
217 285 420
146 373 787
124 58 706
354 281 784
85 84 384
205 314 702
338 16 737
126 334 496
296 308 142
115 317 987
64 298 506
141 82 588
344 116 495
139 163 170
117 171 960
285 274 53
45 43 73
200 52 368
131 308 275
352 116 167
156 279 52
107 112 310
395 201 559
387 107 714
22 65 169
354 200 629
269 51 256
223 380 718
365 327 225
306 373 24
295 316 494
29 401 744
332 41 107
259 2 859
374 235 95
320 98 221
357 213 894
67 352 497
269 372 487
167 176 668
238 219 997
136 305 755
150 38 855
238 176 696
235 122 827
199 170 725
341 61 570
346 60 427
363 25 391
9 111 376
175 118 981
392 58 92
216 189 537
159 114 84
154 318 491
4 306 743
40 57 270
132 322 846
103 331 395
397 361 475
388 86 792
238 169 331
143 220 274
398 377 227
263 277 759
238 114 762
393 314 584
112 364 795
159 332 512
180 50 337
78 170 331
282 196 935
349 71 706
62 228 65
300 346 780
146 273 646
9 261 386
320 270 825
145 372 774
107 144 756
367 156 495
209 128 458
391 114 953
92 325 57
286 236 394
174 21 747
307 147 971
390 203 300
195 137 802
401 173 874
174 115 953
228 234 412
224 2 741
37 57 232
7 340 920
356 353 952
278 31 105
281 274 224
226 91 881
331 135 487
243 302 370
26 315 751
388 278 914
398 263 889
93 41 173
125 81 499
235 324 367
273 295 436
58 264 290
395 144 500
182 290 335
372 368 172
204 305 54
293 368 98
12 162 895
162 308 563
134 17 338
200 164 753
268 341 674
17 147 38
309 185 341
59 30 460
300 398 964
269 113 491
139 316 130
272 377 852
157 138 778
266 207 960
131 186 522
57 368 978
57 110 655
217 83 485
373 160 483
289 249 154
86 16 180
106 135 207
314 179 42
299 327 818
48 135 774
294 223 390
34 224 241
341 48 850
22 40 487
274 229 982
8 304 75
35 239 643
174 308 826
23 103 730
4 240 996
248 246 238
379 92 593
102 362 388
254 204 158
382 286 849
378 154 95
165 211 971
240 251 148
316 347 521
221 236 275
120 200 811
391 66 732
7 370 921
274 94 559
176 74 926
116 106 824
7 228 643
359 202 103
374 43 865
326 346 892
350 372 425
33 37 910
188 311 323
222 346 861
160 83 951
400 155 751
126 307 963
235 116 507
158 123 842
359 97 413
32 7 719
241 8 96
370 29 56
398 45 440
256 298 279
333 99 982
5 343 463
350 99 958
186 139 690
190 61 674
148 302 248
76 350 84
49 278 775
42 93 36
365 318 435
401 340 799
379 206 911
103 370 748
280 352 921
164 213 558
380 232 760
38 257 819
398 74 374
171 366 871
227 290 817
8 290 9
369 249 47
346 278 232
346 288 256
261 140 998
91 218 442
63 6 431
240 150 166
186 387 485
198 272 799
137 194 441
201 3 593
244 221 539
45 291 582
11 134 43
395 312 375
387 172 778
208 165 251
82 173 226
93 162 338
154 176 887
30 162 730
20 1 514
69 374 730
321 167 601
305 194 983
102 37 255
29 299 233
184 342 769
57 9 550
151 61 729
396 376 622
79 187 274
352 123 266
241 54 351
260 151 693
93 149 968
108 83 662
266 265 63
185 220 620
146 108 794
105 180 869
59 147 535
159 77 913
124 370 138
382 16 144
29 216 393
127 194 881
16 200 267
299 344 345
379 259 176
353 134 287
298 253 527
241 222 782
176 309 8
399 398 721
311 41 238
88 250 865
330 37 38
268 84 470
15 319 179
384 223 934
41 214 389
115 243 912
206 123 8
221 11 123
226 162 208
219 88 615
300 166 622
329 145 801
354 332 548
33 4 775
65 8 405
90 199 415
299 284 84
215 93 877
181 222 70
69 257 60
133 196 113
290 157 109
269 19 521
187 181 666
186 274 136
162 198 100
1 223 449
365 69 463
304 262 457
317 387 398
290 315 764
146 332 963
158 170 623
34 221 632
97 235 27
265 376 277
401 69 381
140 258 59
284 362 758
47 17 74
294 304 574
44 267 674
30 380 720
141 177 104
79 311 929
393 395 365
146 145 636
203 47 713
318 376 717
367 132 679
394 305 402
356 23 832
111 355 56
344 212 500
393 76 453
62 324 911
191 80 32
161 128 82
230 304 289
164 325 419
250 8 835
57 292 262
397 230 841
86 69 178
159 288 57
165 302 250
367 259 170
400 145 585
235 145 30
132 134 744
267 84 941
298 244 344
365 283 742
138 113 855
259 271 198
265 169 202
299 282 465
30 166 612
117 360 961
120 371 42
51 20 133
205 14 962
382 101 845
316 249 3
232 364 593
8 110 934
348 109 660
111 385 689
65 259 957
132 333 885
302 369 465
15 56 607
393 203 498
4 349 880
38 210 918
299 105 420
227 204 155
284 119 267
242 130 641
337 177 383
75 156 57
67 173 626
120 282 743
108 316 69
86 107 304
180 184 379
305 104 479
260 390 324
50 338 498
132 334 600
210 303 463
349 109 139
263 50 458
124 278 588
28 307 537
281 85 682
358 119 972
221 107 204
123 393 127
248 385 119
289 53 608
235 254 293
93 210 258
296 236 936
33 102 108
208 376 825
41 84 501
351 176 414
299 13 772
355 76 658
120 77 555
128 160 612
218 198 117
364 333 683
48 134 865
288 1 287
211 297 154
161 80 675
191 284 497
317 178 782
195 178 712
203 256 454
365 281 219
349 167 169
39 293 403
61 161 433
319 129 602
295 361 226
180 369 195
44 108 609
152 196 671
276 196 155
234 265 507
244 93 595
363 280 586
317 342 409
359 63 503
201 77 813
180 233 797
28 54 418
337 278 575
105 139 368
89 351 937
3 219 238
81 42 436
84 224 503
269 248 192
373 209 551
395 266 633
333 114 530
386 230 124
187 246 728
327 58 507
20 62 255
96 329 460
44 49 736
267 92 604
238 262 292
327 251 444
61 243 624
381 340 156
20 274 204
71 212 911
58 227 61
141 186 815
220 401 673
388 215 18
64 117 661
299 128 758
268 144 392
356 168 383
277 316 663
89 57 170
120 307 680
399 91 218
257 374 786
241 93 335
70 52 159
80 341 585
306 292 690
106 189 726
237 97 938
235 166 967
362 222 690
137 376 888
233 376 144
100 273 67
141 46 234
331 42 431
128 45 315
90 120 618
356 83 618
143 86 415
218 195 675
157 170 360
47 327 163
146 54 140
145 33 582
76 38 313
382 398 373
201 174 187
53 284 961
129 187 832
138 296 379
118 228 685
187 165 300
399 256 392
304 379 489
57 36 863
275 108 457
98 257 655
146 45 915
22 292 49
393 380 515
93 379 881
34 8 138
62 259 0
101 307 258
151 282 970
79 350 622
394 359 844
128 7 712
388 136 414
344 21 931
298 251 690
349 194 854
192 94 989
229 86 55
106 61 50
100 157 932
46 274 754
363 162 628
268 399 346
354 311 318
86 24 859
375 39 314
345 168 988
399 131 387
44 191 650
116 185 748
136 366 847
119 215 165
350 249 145
220 388 220
268 106 706
69 258 716
224 110 685
316 348 693
33 329 840
177 301 494
81 199 642
136 65 66
73 231 954
385 373 803
35 205 555
1 123 889
300 19 690
273 92 708
89 317 99
255 119 777
356 74 835
295 276 940
319 350 967
46 277 659
370 350 799
277 145 401
337 212 781
147 180 524
331 4 332
226 249 329
55 331 314
57 92 253
341 153 738
303 271 306
178 253 466
341 21 898
76 180 613
1 208 477
115 200 506
324 168 367
301 168 476
115 281 168
226 154 117
62 366 383
380 277 63
214 352 425
171 19 874
270 247 953
85 65 689
380 8 101
378 4 280
252 361 623
214 53 242
340 5 233
396 289 840
316 223 456
356 329 469
186 395 281
367 222 963
271 230 96
118 256 618
187 374 706
131 68 263
298 395 510
320 251 457
98 321 884
56 74 396
284 15 431
169 97 229
397 159 53
33 89 887
342 294 845
17 150 919
61 31 99
15 106 474
6 351 12
358 295 245
53 235 154
222 47 418
339 366 324
107 55 224
135 298 208
216 107 92
1 77 952
295 112 752
258 123 435
4 266 538
186 167 852
31 215 543
275 132 549
208 161 259
339 135 711
29 97 359
119 101 808
174 25 99
352 114 572
353 25 621
313 108 433
70 200 444
290 380 695
198 1 411
385 81 676
136 368 148
270 392 54
265 395 764
223 87 418
237 281 631
391 20 551
87 127 983
65 162 385
326 157 682
143 32 461
64 63 216
28 310 529
186 129 68
379 187 64
380 322 57
148 308 645
231 290 989
365 364 465
228 302 108
59 185 248
293 331 172
198 245 83
33 361 309
377 65 793
230 366 158
39 323 991
97 360 817
380 335 413
40 245 71
327 256 369
153 125 535
345 230 562
286 3 657
316 102 296
88 235 139
8 25 557
155 77 782
17 387 667
16 214 490
9 332 201
73 269 693
10 388 598
232 145 767
171 221 247
167 68 539
316 248 414
255 375 468
383 217 52
181 1 758
241 193 742
284 44 914
233 74 66
132 371 711
186 213 795
131 50 389
242 229 836
226 396 777
292 185 635
370 286 273
162 276 866
294 251 204
255 72 580
57 243 263
225 307 615
183 266 300
231 10 283
399 277 491
261 365 263
401 34 690
148 46 987
379 207 621
315 12 754
287 270 860
383 21 888
274 396 315
223 28 897
79 264 419
340 334 243
48 313 436
54 99 940
268 271 483
179 355 515
340 368 256
69 35 124
147 46 363
111 75 646
225 65 265
183 158 736
276 256 835
368 355 813
149 87 645
159 203 261
240 18 118
162 54 518
40 195 653
181 286 111
240 114 590
197 201 225
349 73 672
345 224 537
201 54 786
99 110 162
152 66 958
361 333 9
387 231 470
251 15 747
314 180 383
343 375 315
268 354 661
5 39 932
333 247 331
162 157 480
254 115 128
58 108 824
186 276 747
139 64 982
143 206 196
178 266 596
144 375 472
286 135 990
15 206 186
382 188 476
68 76 722
1 49 754
357 77 113
319 131 677
250 142 327
74 117 106
321 151 567
261 81 661
0 292 941
294 65 970
126 49 37
398 96 331
204 114 615
42 36 902
253 378 925
382 277 343
229 392 43
332 105 462
396 221 73
194 91 877
98 387 92
100 278 102
18 217 474
203 351 495
278 57 766
121 315 647
337 259 153
388 57 6
360 177 655
261 306 852
290 360 594
281 244 347
136 280 754
213 131 268
236 324 602
74 158 202
111 30 316
162 246 472
374 247 539
296 262 381
139 218 683
116 35 491
99 59 780
82 115 389
401 274 673
375 126 852
333 285 698
233 186 827
181 151 676
364 92 44
43 23 969
52 100 900
389 281 414
273 315 630
377 344 94
304 213 72
63 233 705
325 119 727
364 224 211
341 338 204
25 181 183
381 376 425
126 211 573
120 30 384
384 343 331
255 339 837
333 326 621
16 391 627
328 143 294
333 239 15
29 369 98
21 123 963
287 104 900
306 36 96
1 313 746
172 260 936
148 10 790
208 109 585
47 200 413
190 273 987
49 130 582
378 124 370
267 285 732
64 176 475
293 80 71
98 391 535
10 223 214
60 133 262
52 214 147
390 137 953
76 255 449
47 278 734
285 299 344
323 279 424
206 168 809
334 378 357
1 249 459
267 54 568
70 349 851
3 299 886
71 5 123
153 361 120
86 214 510
215 287 932
134 341 201
322 351 289
237 47 597
162 314 140
73 370 906
46 381 435
254 303 727
118 396 366
305 248 668
73 102 724
280 381 972
65 200 75
356 207 650
206 94 966
355 374 962
189 103 465
91 77 416
154 201 586
281 343 773
283 284 375
296 94 317
8 356 370
212 320 338
158 332 563
228 57 836
335 5 758
233 20 458
288 345 845
341 109 893
334 165 689
249 56 13
368 359 283
93 27 868
238 96 132
213 351 936
193 235 815
293 372 188
276 56 851
151 368 145
207 291 300
327 14 985
49 312 431
129 10 27
393 386 80
38 86 876
260 319 60
365 154 379
113 388 75
119 205 763
217 155 444
336 249 646
282 268 63
185 391 284
241 154 431
37 82 552
160 163 362
241 103 533
367 108 882
210 75 953
377 399 739
372 163 332
83 248 729
370 240 743
247 191 220
148 139 904
57 165 385
297 348 636
38 2 255
38 6 299
78 128 751
342 311 990
22 173 221
252 27 725
40 262 346
71 324 369
271 278 283
132 185 354
201 18 479
44 288 639
282 212 391
28 128 771
299 367 39
365 220 583
30 144 619
289 138 486
279 203 888
150 242 512
166 158 57
12 80 224
7 219 919
340 76 645
214 229 990
73 27 536
43 262 624
48 14 400
114 51 452
206 256 205
368 142 376
390 43 829
192 332 764
373 71 43
315 229 85
49 154 834
198 125 321
51 74 101
394 253 890
128 111 163
72 70 495
305 168 880
395 272 756
352 250 11
7 255 551
70 12 264
239 180 608
236 44 814
139 365 860
77 337 464
194 387 188
326 123 226
328 185 510
163 250 85
11 6 785
190 280 42
267 312 260
217 220 771
289 295 320
83 75 792
349 60 293
117 115 415
384 275 62
50 360 791
181 154 585
187 125 8
33 204 764
288 200 592
80 366 486
378 332 280
221 103 177
289 16 538
89 288 114
186 34 200
397 303 796
361 258 921
296 0 559
370 301 340
322 124 699
23 131 40
63 341 88
67 317 556
36 89 953
25 236 422
261 38 662
20 44 149
74 122 396
235 388 406
166 274 259
311 160 897
75 3 740
158 376 919
226 43 443
341 103 914
162 378 262
316 119 118
341 304 167
262 351 831
21 168 958
193 307 797
61 180 405
277 79 548
390 244 48
313 154 990
140 178 996
146 389 217
224 375 645
143 372 49
95 130 861
240 20 912
213 136 186
111 265 421
244 290 501
14 115 301
24 340 66
222 206 830
143 119 10
271 334 830
296 178 865
358 123 950
14 17 560
137 85 473
39 158 455
164 180 789
50 136 370
59 252 240
139 359 167
102 111 831
348 126 836
68 37 196
92 31 214
373 393 43
89 84 628
45 290 43
286 112 618
270 183 380
349 52 930
262 171 148
400 45 793
364 191 895
74 91 635
242 371 598
117 238 654
9 265 663
110 370 514
176 137 121
125 31 206
273 230 515
22 248 827
107 253 63
320 146 109
241 64 983
257 178 297
279 370 198
310 119 164
158 209 186
388 396 22
99 197 316
279 282 794
247 159 117
32 144 260
244 89 296
303 338 723
341 229 732
88 289 136
24 250 479
5 224 657
197 247 8
49 313 27
296 257 645
176 352 518
252 318 432
174 250 715
281 221 308
176 294 4
28 279 645
135 378 671
81 15 647
189 317 248
148 325 596
7 59 898
158 370 120
40 295 378
207 245 590
21 219 610
378 281 166
176 320 999
27 207 334
338 298 84
140 266 417
366 309 43
318 238 656
143 113 944
329 293 33
7 1 969
231 277 158
360 27 724
46 362 597
285 374 423
378 290 207
69 331 685
339 271 800
11 381 727
194 182 224
261 18 873
262 160 195
194 250 771
274 113 284
101 7 704
172 200 954
203 374 555
112 270 939
112 374 193
345 293 687
317 248 357
144 251 276
246 117 877
210 187 407
58 87 670
329 250 817
73 21 66
188 317 145
37 17 220
43 340 350
232 191 951
370 68 287
91 189 880
338 255 984
192 315 947
5 400 270
65 74 885
39 343 270
73 6 490
357 363 740
329 348 733
62 125 926
276 60 31
293 122 293
348 243 284
101 54 40
360 70 910
400 134 554
242 263 358
301 388 306
306 77 138
376 68 50
299 91 303
211 356 961
190 235 687
179 375 651
305 380 635
266 124 490
352 179 947
379 195 31
204 140 8
146 260 274
142 39 380
51 8 15
272 142 317
263 329 516
290 304 292
80 63 673
258 52 585
2 143 898
148 254 349
302 361 581
352 143 950
385 148 933
154 204 137
348 144 858
247 250 249
240 53 775
176 282 486
219 54 361
202 121 561
106 162 609
312 221 27
350 191 167
220 336 886
379 149 262
306 230 1000
188 160 299
70 322 683
202 2 851
76 229 845
51 341 810
72 94 274
322 263 659
391 8 801
97 337 672
339 351 540
34 27 656
23 342 574
40 69 516
125 78 525
226 297 99
193 91 694
198 382 845
252 2 956
382 304 832
321 274 859
256 75 855
154 270 67
204 223 594
252 5 179
32 362 341
356 169 83
157 174 660
189 147 422
183 72 263
347 253 545
383 339 949
369 203 926
269 70 90
337 325 707
260 333 57
1 14 410
70 366 369
304 269 84
105 140 564
208 86 512
46 280 590
0 332 734
138 278 568
398 220 498
