242 2365
1 0 597
2 1 539
3 0 834
4 2 140
5 4 323
6 3 167
7 3 75
8 1 492
9 2 812
10 3 5
11 9 390
12 6 601
13 3 251
14 4 660
15 14 558
16 2 644
17 6 110
18 6 546
19 6 496
20 1 734
21 2 663
22 12 336
23 1 770
24 12 557
25 24 367
26 1 840
27 11 333
28 14 694
29 21 622
30 11 884
31 23 548
32 13 41
33 4 541
34 20 428
35 8 871
36 13 602
37 21 641
38 8 895
39 15 552
40 34 411
41 3 361
42 28 362
43 25 939
44 37 412
45 15 175
46 40 311
47 0 934
48 7 209
49 4 956
50 34 511
51 9 32
52 47 717
53 11 807
54 50 472
55 28 457
56 45 744
57 46 381
58 7 668
59 55 299
60 46 570
61 49 915
62 12 121
63 53 514
64 47 99
65 30 60
66 54 847
67 7 718
68 35 978
69 19 339
70 33 252
71 55 839
72 1 481
73 42 612
74 23 640
75 44 333
76 70 986
77 53 686
78 7 787
79 72 721
80 5 607
81 60 328
82 54 4
83 56 670
84 8 942
85 58 51
86 60 301
87 58 945
88 6 375
89 71 414
90 18 805
91 90 748
92 54 914
93 80 815
94 76 654
95 23 640
96 78 663
97 10 623
98 23 505
99 8 598
100 85 529
101 59 860
102 31 268
103 82 959
104 100 548
105 46 841
106 38 922
107 59 582
108 59 719
109 72 834
110 95 261
111 48 475
112 36 169
113 63 826
114 112 687
115 36 912
116 62 484
117 15 330
118 53 781
119 38 270
120 19 870
121 74 290
122 26 951
123 20 9
124 14 957
125 119 265
126 104 269
127 47 83
128 16 290
129 97 829
130 14 871
131 16 71
132 116 870
133 28 327
134 114 905
135 60 382
136 103 396
137 16 280
138 47 123
139 82 133
140 99 953
141 115 540
142 123 15
143 124 589
144 4 983
145 80 678
146 43 593
147 83 264
148 77 910
149 138 575
150 55 810
151 49 13
152 100 53
153 132 222
154 83 592
155 62 26
156 85 765
157 131 534
158 54 378
159 87 606
160 140 669
161 40 633
162 143 201
163 27 538
164 17 765
165 113 470
166 37 308
167 55 587
168 157 262
169 155 408
170 143 529
171 25 673
172 107 307
173 15 503
174 101 690
175 123 880
176 53 975
177 41 718
178 156 343
179 111 528
180 79 373
181 145 709
182 96 498
183 38 199
184 60 246
185 112 913
186 88 92
187 24 847
188 162 794
189 114 150
190 127 282
191 54 491
192 165 688
193 139 342
194 126 554
195 52 150
196 195 29
197 69 364
198 118 770
199 113 990
200 106 338
201 171 569
202 152 791
203 30 92
204 185 975
205 186 148
206 10 728
207 187 489
208 176 699
209 156 774
210 114 974
211 111 234
212 55 251
213 74 512
214 64 858
215 88 775
216 3 279
217 163 231
218 28 102
219 214 717
220 73 960
221 200 858
222 90 173
223 52 814
224 116 524
225 126 158
226 208 829
227 85 987
228 12 373
229 40 486
230 119 685
231 102 631
232 183 716
233 205 274
234 213 471
235 22 479
236 99 621
237 147 758
238 160 154
239 76 517
240 27 216
241 178 33
242 44 502
243 21 86
25 26 497
134 107 253
205 170 729
141 44 401
63 30 999
81 61 187
166 97 306
224 132 512
137 219 288
67 136 360
161 67 244
37 189 334
156 111 334
48 158 575
188 22 470
240 158 626
229 55 35
55 225 651
48 183 149
211 87 104
183 163 324
237 22 592
236 2 177
182 223 515
73 182 43
143 242 544
49 219 524
172 123 641
240 153 112
125 126 645
212 30 854
214 112 338
190 95 524
202 40 911
154 59 714
96 130 380
143 179 298
89 219 590
230 28 689
184 217 340
67 153 527
50 155 627
53 242 166
190 105 788
220 121 600
32 88 933
0 50 792
162 120 261
77 142 662
17 139 478
89 169 20
118 216 155
150 109 57
11 61 644
204 108 111
231 223 878
159 50 339
127 195 45
60 48 39
238 126 33
42 79 920
47 89 629
234 64 244
51 29 17
198 229 493
171 61 829
181 57 526
34 180 308
4 103 939
192 74 414
11 76 519
104 186 424
159 192 577
49 158 633
78 198 975
59 200 232
241 76 574
145 152 213
164 85 350
96 219 764
135 61 806
85 241 95
98 73 97
125 61 545
178 111 922
109 37 411
227 188 987
28 229 159
160 220 950
138 205 460
241 119 39
133 233 703
156 158 442
142 6 946
241 11 70
5 149 8
101 117 387
155 11 365
225 114 166
6 31 890
177 133 825
198 204 831
222 172 106
16 127 164
151 139 963
136 20 912
114 105 421
243 97 876
101 34 101
76 56 882
224 14 275
231 167 587
16 197 202
68 217 405
186 239 320
179 79 936
64 161 755
27 228 858
214 78 830
79 221 836
232 177 514
60 118 184
164 146 169
144 205 971
98 202 545
119 88 45
232 101 733
154 21 475
227 113 717
35 117 218
64 217 549
87 49 949
210 134 125
56 119 228
39 99 998
17 192 925
161 55 905
241 62 436
113 27 447
18 224 687
87 128 952
84 161 584
168 200 621
208 225 66
188 20 52
122 63 716
28 232 855
81 118 912
135 52 604
130 74 615
235 226 491
195 219 594
155 198 442
126 212 815
145 73 689
155 210 386
105 172 168
32 85 731
39 139 611
194 21 867
219 40 668
64 114 997
60 129 162
81 155 180
101 66 906
222 62 867
96 178 763
24 206 685
96 167 498
10 207 709
65 72 383
6 66 386
159 71 211
167 188 892
216 237 696
224 221 357
79 39 857
34 32 677
139 53 119
127 129 334
177 78 163
137 179 315
32 209 300
159 52 378
186 41 927
53 137 817
186 139 90
237 82 550
117 98 896
168 158 283
102 96 766
104 232 355
53 128 760
223 91 889
224 57 325
45 234 764
118 142 436
242 169 762
203 117 39
88 148 582
75 114 888
176 232 985
35 132 823
47 146 191
173 130 326
11 107 388
91 92 796
27 42 846
64 205 960
142 183 49
74 177 282
202 118 87
58 211 250
150 23 694
239 146 576
13 99 212
77 199 749
177 178 4
169 202 7
182 242 936
233 147 236
10 150 811
235 168 922
195 190 729
28 9 449
119 183 717
212 60 330
92 134 180
188 143 941
120 55 818
23 40 452
123 126 876
17 46 511
67 174 804
127 72 566
140 231 971
132 45 455
136 171 428
129 131 114
100 204 515
131 170 134
80 242 41
40 187 935
208 94 283
121 194 197
16 148 576
118 11 395
86 1 525
127 181 207
225 76 121
227 114 577
43 11 142
152 173 396
206 196 327
51 178 765
102 101 303
220 211 973
93 84 574
51 22 512
99 206 888
1 85 129
209 42 79
79 86 774
95 109 416
96 117 887
54 129 397
4 45 799
143 167 220
25 3 564
0 129 741
40 62 415
109 161 5
173 160 836
16 204 921
8 168 603
90 85 966
188 201 543
37 205 567
234 82 816
34 63 382
240 97 601
172 56 318
174 207 641
135 179 477
24 152 489
51 105 302
193 20 254
215 32 362
221 6 533
31 177 699
237 209 90
125 243 310
119 127 321
189 181 799
35 125 172
121 233 822
2 109 893
25 167 797
67 27 840
205 44 848
134 228 21
179 221 166
227 18 691
5 99 384
122 117 355
54 83 114
142 45 922
94 60 201
65 194 136
193 77 924
82 76 119
150 100 199
56 126 462
140 215 674
194 87 636
140 91 652
221 108 783
69 103 443
43 89 452
211 231 640
42 155 377
193 39 653
158 21 764
22 171 922
140 89 723
46 185 869
122 20 240
151 209 410
52 54 741
118 180 205
217 182 243
237 31 988
217 197 937
57 111 286
209 157 100
182 208 34
125 19 528
137 60 847
237 32 797
192 169 943
238 84 102
161 53 273
198 62 389
204 7 360
206 33 77
31 186 96
22 100 453
108 18 156
151 163 477
55 49 599
40 133 277
100 183 556
129 22 333
130 72 194
26 139 562
234 74 243
232 52 932
65 151 478
101 141 948
229 241 35
243 73 877
190 175 767
177 69 846
22 131 480
156 192 416
122 57 685
109 38 203
156 93 320
68 163 189
150 18 468
220 239 578
226 203 791
60 13 818
9 84 625
227 48 132
18 74 664
199 242 4
231 220 158
30 129 334
40 157 119
185 40 92
47 187 217
183 53 332
157 46 163
29 167 562
149 22 316
51 223 363
117 27 225
163 182 851
143 163 206
93 228 620
157 71 318
21 177 817
45 18 683
213 69 403
51 96 296
55 89 428
16 98 27
129 173 364
45 17 295
193 40 842
64 170 574
35 226 806
91 142 493
156 62 78
162 183 304
89 209 824
172 232 343
219 69 942
48 196 463
148 1 827
72 36 865
154 212 372
147 114 453
199 57 573
189 64 43
163 199 620
31 52 299
183 9 775
27 4 142
7 178 251
158 78 386
193 219 469
119 103 555
124 16 191
47 227 716
41 17 457
66 97 274
222 220 755
46 201 156
6 101 520
71 6 778
193 205 88
73 238 221
129 139 986
79 9 41
226 98 37
157 66 370
12 64 8
76 120 652
13 101 971
128 230 545
57 152 86
51 190 417
43 95 732
189 25 467
133 71 259
104 234 858
233 114 972
28 63 569
222 97 605
124 185 875
156 122 802
164 162 695
9 101 262
137 95 372
230 196 451
86 66 668
203 24 819
58 69 834
12 101 63
91 135 796
62 120 989
143 138 977
39 17 282
154 214 848
55 192 548
218 184 116
152 99 776
187 139 343
60 79 103
156 240 684
51 214 617
44 154 828
98 156 403
238 154 982
190 209 126
103 172 653
213 226 19
200 79 531
14 103 749
113 47 250
206 143 860
70 213 541
27 91 225
206 70 935
139 7 722
32 78 303
49 43 148
62 34 957
102 59 843
225 143 935
27 149 672
52 154 947
238 177 566
45 42 60
232 243 760
180 138 659
193 215 309
107 232 976
140 141 490
89 17 403
59 79 561
210 206 170
17 133 522
15 91 249
168 213 563
11 129 681
165 164 503
47 205 923
16 100 906
71 150 603
229 191 62
194 7 133
180 25 272
83 20 177
30 139 762
17 62 473
206 102 776
147 211 804
0 17 877
34 74 934
108 22 884
194 12 690
84 1 747
210 74 734
130 172 690
172 42 124
48 17 998
81 69 945
29 227 499
33 140 478
13 39 772
138 185 139
147 203 535
165 130 795
12 35 300
96 4 41
37 216 180
24 79 549
147 51 742
70 7 777
171 116 487
69 143 409
193 187 146
105 63 91
165 230 79
41 150 35
181 235 512
120 169 831
60 172 870
133 63 893
198 70 863
123 143 988
95 209 282
232 186 136
135 97 757
133 183 392
137 177 995
237 20 46
185 13 501
146 138 611
28 141 128
51 240 572
80 137 145
33 222 586
239 111 584
189 44 630
223 23 844
74 64 945
13 128 201
64 152 3
227 160 444
176 23 279
180 177 302
146 73 93
133 23 729
10 0 656
27 63 464
18 119 23
147 232 110
6 38 884
189 158 959
162 237 698
12 25 636
87 74 897
86 211 249
8 165 180
97 148 453
92 129 311
221 87 891
134 154 922
144 199 499
34 177 989
227 28 357
106 131 87
217 240 840
190 220 23
56 161 347
145 210 775
119 122 514
127 67 975
8 124 308
130 136 625
99 166 487
220 59 270
77 32 244
195 80 739
212 240 284
234 113 347
153 193 592
43 78 396
67 227 427
10 136 675
209 48 781
82 17 498
200 222 860
181 187 477
49 131 126
78 173 255
181 137 585
58 22 388
198 236 433
104 189 293
90 176 80
213 181 910
6 34 700
43 103 115
243 10 487
38 134 362
0 170 205
165 106 155
198 169 284
161 137 415
30 184 922
125 0 656
240 124 242
135 222 223
194 201 722
60 188 42
37 219 509
198 0 70
2 106 769
96 84 348
6 231 153
99 191 699
176 110 551
156 237 294
232 16 335
51 69 910
237 27 606
174 151 345
164 22 365
32 68 343
239 31 511
143 95 210
97 184 642
78 14 322
224 189 335
99 23 942
181 101 166
183 84 401
127 77 616
79 23 387
165 155 512
2 192 52
204 128 159
64 63 568
5 202 499
27 199 762
37 214 41
216 230 636
191 137 466
38 47 134
121 158 472
45 36 846
3 90 92
166 157 737
52 110 794
116 102 919
239 88 117
75 12 941
171 243 302
204 176 413
229 59 844
99 75 462
84 97 159
28 195 31
134 162 894
223 114 858
27 125 998
208 39 682
137 198 718
88 196 234
18 29 580
28 95 0
123 93 182
83 18 843
200 128 732
94 112 526
172 181 354
228 53 82
68 62 450
108 138 591
218 239 390
113 128 343
190 120 298
63 82 28
186 130 603
32 149 346
199 17 854
153 216 891
145 151 332
191 219 485
188 151 564
154 19 63
168 112 579
238 50 555
33 151 545
204 106 778
144 16 400
103 156 205
97 212 153
145 241 536
193 122 685
88 198 485
213 25 243
140 77 852
60 34 9
134 11 307
44 209 763
117 48 718
211 134 161
44 102 241
192 59 548
177 152 904
223 232 64
152 164 559
6 242 74
11 225 920
61 39 879
205 179 602
172 50 488
135 73 111
133 36 992
11 157 102
149 96 301
84 184 192
45 14 557
107 109 542
65 159 116
142 108 464
48 21 315
21 17 887
14 68 10
231 11 628
141 71 472
199 89 533
127 110 960
234 136 167
60 193 394
145 205 139
243 148 210
51 181 507
51 180 862
220 165 942
78 22 761
86 6 309
192 84 750
115 39 890
36 57 656
237 71 858
116 229 247
239 5 195
81 177 950
164 78 125
134 143 144
171 159 302
174 58 432
127 158 665
89 150 283
226 166 905
233 15 570
230 94 224
122 78 94
116 41 282
20 80 960
26 153 867
69 121 316
22 176 851
187 135 513
148 79 950
29 116 315
165 210 89
241 203 256
79 19 904
213 239 651
221 58 126
10 133 6
109 91 710
152 65 762
229 133 766
101 108 157
198 31 792
203 128 913
98 34 787
148 124 680
157 210 975
204 183 46
235 164 141
214 242 305
221 165 733
19 165 578
188 178 190
163 190 696
85 60 875
51 17 166
186 105 198
49 11 5
211 29 808
122 111 257
161 121 236
177 112 619
174 194 872
117 159 709
165 175 769
112 198 804
127 19 664
21 20 69
189 79 117
83 210 737
68 64 326
150 227 566
20 159 441
150 220 607
13 89 6
197 178 399
174 144 165
90 132 500
126 9 466
120 194 407
68 194 194
67 69 495
121 135 997
106 13 951
24 179 17
217 158 403
97 137 723
203 178 223
129 13 546
44 107 779
218 44 30
80 101 38
141 240 35
167 26 774
240 58 572
149 150 698
179 50 978
31 158 451
20 200 717
209 19 475
46 58 25
40 164 184
29 189 814
16 112 273
50 109 816
164 148 161
128 186 388
32 154 278
188 113 325
88 188 814
146 80 659
240 1 0
25 102 932
0 21 580
187 184 837
98 217 213
28 76 684
110 185 846
200 100 865
16 182 764
31 95 58
66 35 163
50 146 347
47 126 827
27 106 863
81 191 279
201 180 452
1 124 719
59 65 444
58 213 705
126 185 68
35 91 848
0 39 19
201 149 298
182 30 738
61 57 830
4 211 326
142 0 247
88 115 88
173 159 892
113 241 133
203 31 992
150 78 244
6 226 422
238 45 865
227 223 913
175 99 787
43 39 203
119 184 519
0 143 421
174 128 752
172 213 398
205 33 923
128 46 74
187 130 592
84 219 617
131 118 862
143 213 646
7 138 656
214 84 146
238 130 744
200 86 38
204 68 322
209 15 498
205 215 871
235 170 845
81 189 366
110 13 579
96 179 553
20 56 418
97 102 465
152 91 768
49 142 345
135 85 256
241 39 663
54 224 902
57 168 165
213 53 261
204 70 485
155 104 766
174 124 880
78 115 872
175 242 185
13 203 687
206 235 425
223 159 371
78 53 866
156 59 41
100 26 158
236 116 539
0 177 737
23 45 512
70 226 619
46 134 244
72 34 30
115 12 594
39 37 839
29 4 42
11 105 524
34 198 645
115 128 680
165 152 548
183 55 406
62 26 910
100 129 977
186 155 355
173 7 630
38 149 362
67 205 199
237 48 234
119 40 680
44 116 545
235 74 975
46 37 253
214 135 100
133 83 766
101 182 826
100 237 155
129 39 522
66 229 122
78 0 923
45 161 169
110 215 534
243 132 500
52 229 788
72 89 986
11 152 650
138 125 634
176 128 747
97 81 451
155 209 407
214 110 970
147 190 117
121 230 313
100 212 564
144 167 886
48 86 887
100 12 173
1 101 251
218 70 857
96 15 918
219 32 479
213 105 302
112 91 814
234 20 363
174 31 183
42 235 928
184 141 727
33 110 273
74 70 739
120 218 461
209 74 766
117 137 63
223 90 44
87 99 139
222 46 308
58 144 380
35 86 417
106 183 366
219 159 528
149 183 778
226 124 702
188 232 317
126 3 502
110 228 529
92 9 929
117 71 442
7 171 992
216 53 402
215 78 491
187 126 394
3 162 456
232 70 721
157 108 180
216 97 50
178 62 558
42 1 24
151 212 461
97 233 674
85 173 246
75 157 6
66 87 399
240 184 878
92 210 311
214 87 854
207 52 37
18 93 188
157 51 972
164 23 567
147 234 486
123 23 800
16 129 404
60 93 989
174 189 361
160 128 596
54 225 865
83 219 158
29 179 66
166 38 186
184 47 333
40 71 154
140 225 430
125 107 292
39 1 642
99 154 314
41 86 286
110 226 808
11 0 669
229 101 717
226 14 459
113 71 85
0 135 311
138 202 153
125 216 153
22 165 319
201 197 275
195 37 737
55 142 360
65 35 313
158 216 148
214 222 128
140 78 546
18 169 565
75 110 786
169 113 228
144 219 873
85 228 109
53 48 345
148 61 958
89 175 551
172 139 458
45 175 750
23 218 902
221 147 713
173 55 908
239 61 63
211 18 256
142 21 558
130 7 733
185 31 137
78 80 507
135 206 431
64 102 387
91 238 413
158 110 423
40 37 187
8 161 828
236 186 919
228 224 457
194 204 349
90 84 387
44 156 567
228 45 946
81 93 821
4 182 662
42 141 689
235 15 32
101 119 617
238 120 231
121 202 461
76 57 611
101 235 201
92 151 348
3 129 467
231 94 471
138 48 650
180 132 609
173 198 470
145 100 176
187 38 993
187 129 123
242 20 201
207 232 633
179 70 462
222 143 210
90 103 763
193 69 156
175 11 303
114 196 959
144 64 628
74 11 825
191 25 580
12 110 357
154 167 529
133 159 764
2 175 567
105 145 441
46 38 163
121 222 457
156 175 86
119 77 979
223 6 356
175 49 496
158 82 479
195 197 719
115 226 274
137 41 644
135 46 791
208 3 216
15 60 385
92 121 164
151 72 992
105 189 625
13 209 263
29 127 294
5 225 847
176 14 763
162 124 440
192 3 605
242 211 644
41 72 15
120 116 425
164 191 680
177 138 503
209 7 305
207 43 285
104 78 617
59 142 933
225 74 208
221 151 472
109 40 673
184 204 827
165 75 842
10 187 58
52 185 64
140 112 557
49 18 812
76 167 778
29 184 918
22 201 680
232 39 342
239 105 597
151 61 141
210 122 735
55 98 721
105 116 831
87 16 775
146 167 51
178 162 864
214 159 409
25 121 368
219 95 20
139 174 383
101 76 132
70 50 890
13 77 486
239 44 396
90 31 85
18 151 139
216 187 407
184 169 306
27 41 45
135 201 477
145 37 467
192 200 64
42 57 508
152 39 243
143 208 389
242 61 629
235 98 413
229 137 857
106 108 625
242 91 725
117 100 496
72 11 724
222 174 550
233 1 937
41 35 478
139 170 750
97 86 931
160 214 439
81 127 659
146 16 972
154 67 43
132 93 979
47 147 477
17 122 357
129 154 173
82 138 779
110 31 836
106 140 906
83 162 368
103 196 529
242 189 879
199 79 505
226 192 317
159 112 409
37 162 483
200 160 504
190 10 307
182 159 990
172 122 9
9 21 514
73 0 864
1 179 480
100 163 785
185 207 4
90 134 137
104 192 350
77 171 929
125 124 968
221 16 105
109 159 176
183 6 637
113 177 574
138 103 387
149 197 418
42 96 289
180 113 686
118 155 167
145 85 98
214 115 429
115 139 562
132 111 383
101 130 127
84 31 810
237 143 846
70 216 216
153 93 22
126 164 920
147 65 70
238 236 748
80 179 66
39 90 45
71 115 407
196 167 893
192 221 475
134 17 709
223 228 686
167 110 203
125 94 269
162 234 366
152 125 871
10 129 536
32 18 694
197 22 500
30 57 978
15 167 222
211 63 302
2 49 382
101 201 449
171 145 844
68 186 238
204 174 560
163 119 627
17 109 88
221 3 894
129 132 25
65 91 394
45 207 563
240 38 90
58 118 748
106 213 96
163 196 323
230 96 361
119 118 916
170 69 451
237 176 546
132 61 937
19 130 543
14 214 737
102 78 363
17 123 860
24 41 726
34 143 505
37 171 4
64 118 640
63 17 34
43 116 609
142 9 585
225 195 209
113 192 111
210 70 80
86 47 734
172 85 958
181 13 515
185 229 760
240 195 251
198 133 740
91 188 559
47 22 187
191 44 386
49 62 44
126 139 833
16 220 738
153 51 325
216 182 251
205 140 900
94 51 933
194 198 427
115 74 213
36 220 646
97 182 506
89 229 77
224 173 625
5 154 816
156 239 712
215 40 917
84 43 226
75 56 581
109 135 394
181 89 833
20 133 128
73 183 927
37 6 486
11 172 3
58 116 125
18 141 117
165 195 906
238 100 524
82 55 701
40 113 18
175 145 674
142 199 590
50 180 773
140 118 808
159 211 209
218 198 638
118 139 561
203 14 647
237 148 279
19 95 844
47 95 1000
239 224 626
3 204 958
14 100 13
161 174 562
210 163 588
193 89 694
21 192 329
92 122 129
30 226 754
62 133 808
186 203 310
147 205 869
11 211 530
202 16 276
240 63 597
66 152 959
87 172 393
100 218 124
109 75 283
98 170 514
84 87 389
66 109 562
22 49 898
50 6 366
132 86 902
98 87 553
117 66 717
133 217 123
28 159 70
56 230 833
12 181 394
54 172 869
23 163 747
148 25 900
170 13 105
138 91 932
93 208 49
192 143 209
83 82 818
208 60 559
212 179 641
65 83 818
141 205 63
3 177 711
237 178 634
17 213 946
29 174 686
117 3 242
85 179 971
191 1 129
94 9 225
185 162 703
183 121 5
29 181 175
83 200 219
118 22 928
201 232 332
122 143 246
72 106 95
117 231 728
103 165 323
240 78 37
6 185 41
46 187 5
20 232 399
85 5 372
113 120 696
215 34 769
96 228 28
92 143 867
63 91 675
133 137 377
111 85 402
8 163 754
226 17 764
157 59 216
39 154 174
32 221 928
111 99 832
5 148 934
107 67 956
59 119 133
33 131 824
2 232 618
100 213 427
149 97 140
59 84 340
178 14 864
166 188 785
187 65 422
207 100 262
76 182 574
180 7 623
167 34 813
184 232 936
110 238 865
27 77 327
93 56 369
228 208 654
86 162 224
237 193 66
165 71 908
235 219 700
226 238 472
16 63 824
12 14 401
105 199 117
228 57 789
235 113 103
170 21 529
220 54 895
179 113 163
66 49 823
195 43 647
130 9 53
15 238 644
104 148 435
131 112 91
1 189 952
139 99 703
11 54 964
213 220 506
170 99 645
212 184 277
52 109 19
226 78 319
59 125 942
240 115 752
116 63 653
192 178 272
55 9 917
223 241 557
140 15 312
84 65 17
29 235 752
234 8 151
107 217 786
193 227 268
158 39 67
102 66 894
209 54 968
182 13 700
20 134 853
115 215 494
240 26 175
226 138 12
69 172 172
90 201 30
127 101 955
149 169 902
51 209 558
161 181 232
132 194 740
173 77 915
172 111 979
30 42 102
41 173 402
221 96 866
205 218 941
186 227 539
237 43 652
243 179 899
53 26 263
187 28 887
227 168 457
31 229 598
184 229 591
63 69 101
193 1 569
24 52 612
143 90 665
7 207 401
85 54 468
119 141 355
78 145 292
67 180 921
93 232 257
56 118 406
27 44 417
193 12 270
212 161 504
163 167 100
3 136 385
163 171 769
87 122 689
81 230 930
232 214 785
193 177 282
222 15 544
128 196 486
113 61 105
1 184 457
213 126 874
105 13 318
196 142 470
237 137 788
235 57 974
234 65 346
59 160 388
215 49 281
159 150 764
89 194 449
189 143 846
80 4 233
161 106 638
133 41 188
44 224 811
59 20 997
214 236 669
22 29 716
150 17 187
175 8 135
233 92 487
158 70 347
192 233 37
135 128 866
123 38 911
127 15 944
122 4 798
151 104 500
203 60 128
108 188 257
191 153 512
235 200 902
139 154 691
103 231 696
125 220 418
95 27 779
132 87 112
166 62 12
85 57 408
46 207 410
165 56 710
81 91 683
179 15 758
227 206 252
151 210 25
60 18 728
240 17 381
33 93 790
110 199 666
165 182 287
102 13 265
105 183 478
111 34 785
125 77 747
87 73 79
151 232 696
199 221 435
49 237 441
239 240 467
41 210 612
166 238 500
90 125 987
124 72 293
47 116 39
175 211 339
164 11 339
37 26 790
151 218 744
95 6 111
198 115 543
74 205 640
148 128 577
142 120 469
238 156 866
56 140 506
6 154 120
27 141 806
89 77 360
101 189 400
109 230 680
152 224 183
122 101 778
8 239 595
226 142 451
149 153 851
101 85 171
76 81 84
90 69 543
167 35 324
101 209 433
123 97 679
83 199 52
156 155 608
58 239 556
171 88 634
5 189 557
15 159 58
194 94 175
170 188 759
77 188 949
140 49 445
110 243 239
107 121 440
221 184 516
227 132 542
103 139 608
164 194 787
79 84 578
86 232 940
124 166 708
230 130 777
217 102 516
65 230 661
145 65 626
162 85 745
143 44 470
126 75 117
4 83 943
217 219 337
180 111 990
63 39 867
162 224 299
112 176 27
4 200 517
120 184 688
107 106 517
13 115 66
88 18 284
19 230 410
46 9 915
61 182 717
174 158 379
232 51 85
26 41 716
9 16 72
171 78 647
20 191 158
161 38 268
209 177 222
42 167 487
236 100 646
217 171 838
65 193 96
90 153 530
144 21 568
211 185 381
179 201 892
152 13 434
200 216 281
181 52 541
180 62 42
127 184 187
155 133 15
192 78 117
191 2 139
147 189 504
10 173 187
142 66 159
102 54 321
208 233 462
47 209 853
35 107 781
24 113 512
89 164 22
208 169 639
69 68 972
76 62 903
220 2 794
221 25 430
149 151 725
132 217 80
217 122 612
43 114 123
180 115 293
220 175 158
20 87 426
169 126 732
111 151 676
15 223 586
197 47 148
206 109 947
225 26 949
19 142 844
119 199 248
211 213 102
227 130 905
151 73 579
172 147 752
44 36 399
225 240 534
144 20 528
220 156 195
198 162 108
11 203 898
187 42 5
184 0 126
22 222 443
221 65 331
111 187 162
95 168 106
18 109 829
73 84 94
1 202 659
117 170 503
242 177 812
54 139 511
219 200 174
216 47 750
180 209 598
104 209 321
242 221 318
132 146 842
239 233 936
205 171 233
207 112 502
102 135 914
109 118 179
225 80 922
116 237 943
32 163 9
110 237 998
148 150 346
183 220 305
24 126 515
116 99 319
100 53 44
49 116 260
102 197 27
117 172 714
242 72 405
64 116 382
192 7 849
24 104 161
123 220 88
109 193 546
119 132 206
63 119 738
24 146 973
22 242 246
114 199 573
156 69 657
235 151 244
234 227 432
55 168 13
100 235 46
75 19 581
72 25 541
231 22 699
36 77 572
19 167 812
44 131 562
126 136 99
194 155 868
54 57 170
173 205 32
165 194 584
148 68 895
7 1 820
209 5 295
43 241 891
234 184 635
26 118 110
143 51 543
196 109 241
108 26 267
38 54 746
165 117 708
19 215 92
49 137 478
212 157 782
5 107 38
198 235 322
140 58 867
177 227 347
97 143 337
142 222 285
33 112 978
107 175 460
151 53 373
6 174 952
134 176 147
185 116 439
75 105 571
169 226 964
220 241 491
198 117 244
127 38 679
9 222 113
85 232 151
146 36 838
220 76 33
121 48 928
92 19 831
154 165 792
168 164 148
17 215 246
22 217 967
8 197 246
225 218 256
21 238 815
232 37 922
198 54 384
123 24 296
105 171 426
229 79 785
28 161 684
78 39 939
208 36 570
62 66 711
50 145 787
156 157 361
123 243 359
41 70 358
67 113 326
20 228 915
84 137 468
206 128 590
199 61 189
172 13 640
171 206 126
168 78 672
217 72 29
227 30 934
221 97 731
11 166 341
198 79 900
165 149 71
193 203 487
25 159 138
241 69 389
63 59 278
157 240 563
9 87 158
155 54 571
53 212 36
126 55 569
99 121 798
180 175 508
103 140 573
103 180 150
223 5 830
76 188 491
31 77 423
200 175 222
3 130 213
194 202 577
182 18 697
71 75 505
213 190 33
113 18 767
167 124 167
201 36 603
187 185 180
157 148 834
82 62 783
47 188 444
205 174 617
224 231 60
159 58 744
168 204 452
32 189 557
62 84 855
223 109 961
138 105 559
2 39 469
59 17 638
113 36 612
192 174 622
219 121 892
129 47 84
216 211 892
72 213 945
38 151 269
135 177 839
126 192 530
102 233 559
171 40 662
35 180 222
200 102 161
223 46 559
141 88 844
233 58 932
134 150 442
243 80 549
199 68 552
156 9 946
187 89 462
170 207 620
225 16 198
66 39 308
102 144 634
172 195 340
229 157 694
216 108 885
12 122 14
6 149 860
43 125 642
103 153 40
105 39 655
32 2 462
173 121 487
213 76 851
28 173 532
17 210 329
42 19 687
215 28 309
199 138 788
150 154 79
145 180 818
19 124 692
234 190 293
147 154 33
26 157 24
91 118 425
116 192 414
224 99 910
155 158 668
186 19 255
98 17 913
203 160 575
81 33 474
147 225 660
28 6 55
106 216 565
27 167 673
189 110 518
64 221 211
176 219 443
8 203 155
193 16 494
111 235 535
134 182 555
84 212 513
75 220 476
141 222 543
65 88 213
6 168 243
38 195 759
36 153 721
219 134 104
55 231 633
60 83 77
205 6 834
34 124 288
96 1 632
118 40 167
148 55 319
107 235 78
4 142 715
215 196 206
50 29 680
216 101 528
164 215 55
169 160 589
224 163 543
80 202 346
48 62 89
140 235 996
23 189 755
159 45 459
100 137 703
122 115 606
230 156 805
152 116 32
145 155 235
196 211 364
134 78 847
83 7 84
66 31 774
145 137 320
199 122 233
210 184 106
69 39 868
27 133 377
61 130 784
4 110 233
0 24 462
96 85 396
132 145 333
150 26 431
209 168 677
12 223 45
208 199 713
85 224 639
92 162 777
183 115 132
76 22 850
144 191 478
31 227 117
89 129 860
51 171 996
202 163 487
210 86 216
197 107 550
11 127 783
97 21 711
72 196 340
179 195 575
29 81 431
167 43 763
88 23 306
221 116 664
49 96 571
160 10 529
123 128 271
190 204 406
3 76 410
176 76 36
208 107 34
219 18 444
129 220 588
37 119 821
86 14 85
69 84 873
137 35 258
198 228 526
126 214 922
191 138 517
185 122 438
42 0 764
102 19 291
58 73 246
128 190 301
146 22 854
218 124 324
224 112 694
15 211 362
216 60 515
228 232 151
24 176 614
117 185 578
88 234 87
27 47 785
179 69 778
1 182 409
232 53 911
38 185 859
223 201 873
106 234 220
184 156 305
178 186 120
86 112 752
199 90 426
60 225 931
66 74 277
