923 5709
1 0 416
2 0 104
3 1 604
4 1 798
5 2 482
6 1 740
7 6 480
8 3 296
9 6 272
10 9 941
11 3 928
12 2 417
13 11 689
14 9 688
15 3 969
16 6 359
17 16 371
18 13 64
19 10 586
20 6 585
21 12 153
22 7 610
23 2 89
24 5 496
25 24 422
26 9 774
27 7 954
28 19 315
29 7 957
30 10 707
31 14 219
32 19 464
33 10 646
34 22 878
35 14 119
36 10 807
37 25 409
38 21 369
39 23 151
40 37 48
41 27 738
42 7 688
43 10 421
44 14 28
45 15 982
46 15 864
47 34 867
48 23 487
49 1 850
50 0 689
51 20 301
52 44 953
53 10 543
54 25 494
55 28 309
56 3 467
57 46 908
58 50 787
59 3 784
60 37 236
61 1 666
62 26 568
63 51 764
64 31 548
65 58 164
66 54 802
67 21 496
68 44 283
69 4 279
70 34 859
71 24 584
72 66 185
73 0 610
74 12 112
75 49 367
76 57 559
77 73 891
78 18 572
79 56 136
80 78 320
81 50 639
82 21 660
83 14 494
84 74 590
85 57 202
86 63 932
87 9 295
88 26 775
89 5 254
90 8 209
91 82 524
92 49 524
93 22 693
94 70 236
95 68 643
96 51 670
97 52 219
98 21 678
99 83 97
100 22 785
101 61 865
102 43 545
103 93 939
104 69 245
105 90 96
106 87 152
107 55 216
108 51 284
109 22 986
110 14 979
111 39 669
112 32 798
113 56 290
114 35 253
115 26 560
116 101 371
117 23 830
118 83 889
119 55 840
120 58 326
121 25 636
122 119 742
123 108 49
124 97 139
125 22 261
126 74 21
127 28 207
128 48 184
129 126 783
130 39 387
131 33 42
132 13 423
133 4 710
134 109 226
135 51 330
136 96 118
137 70 56
138 77 206
139 8 985
140 73 495
141 3 827
142 24 891
143 64 312
144 87 921
145 2 639
146 73 869
147 26 573
148 108 93
149 128 971
150 29 512
151 91 8
152 21 121
153 14 124
154 98 877
155 52 894
156 69 2
157 118 647
158 110 732
159 19 973
160 36 144
161 100 264
162 79 556
163 114 221
164 144 895
165 126 713
166 154 396
167 135 511
168 4 378
169 118 93
170 169 779
171 118 529
172 123 677
173 41 715
174 17 249
175 108 951
176 83 860
177 138 365
178 41 828
179 77 394
180 117 22
181 13 295
182 35 698
183 105 915
184 144 854
185 128 626
186 74 910
187 121 483
188 84 18
189 129 991
190 76 615
191 50 127
192 11 387
193 10 148
194 2 746
195 61 852
196 138 493
197 22 546
198 57 331
199 69 175
200 94 319
201 199 194
202 6 607
203 139 588
204 115 831
205 135 318
206 7 645
207 33 464
208 204 279
209 34 345
210 68 935
211 6 815
212 162 510
213 131 462
214 54 642
215 195 171
216 56 275
217 216 200
218 25 192
219 197 183
220 157 164
221 195 383
222 217 589
223 142 428
224 169 20
225 80 545
226 133 681
227 151 11
228 173 601
229 104 474
230 156 194
231 209 518
232 157 12
233 113 421
234 165 182
235 102 157
236 227 829
237 65 479
238 191 689
239 114 32
240 141 103
241 235 396
242 3 717
243 167 187
244 200 856
245 203 463
246 4 784
247 50 107
248 1 666
249 36 331
250 20 525
251 99 84
252 105 350
253 183 769
254 11 688
255 59 669
256 211 27
257 235 439
258 118 301
259 197 715
260 33 202
261 126 499
262 30 731
263 193 741
264 86 494
265 41 310
266 180 549
267 259 161
268 28 721
269 215 792
270 114 724
271 86 813
272 8 552
273 3 284
274 192 428
275 161 961
276 257 624
277 226 904
278 269 899
279 80 767
280 199 819
281 252 276
282 16 124
283 97 674
284 174 182
285 19 622
286 146 652
287 46 566
288 71 735
289 192 507
290 76 862
291 284 436
292 63 352
293 194 986
294 251 596
295 177 695
296 131 344
297 151 917
298 60 352
299 216 594
300 168 521
301 99 53
302 228 564
303 233 838
304 97 351
305 268 491
306 236 806
307 120 712
308 93 129
309 209 765
310 236 102
311 156 754
312 210 954
313 206 237
314 47 907
315 269 457
316 87 543
317 282 589
318 234 651
319 156 917
320 264 403
321 107 369
322 279 678
323 30 603
324 125 258
325 53 97
326 133 678
327 240 407
328 63 341
329 49 896
330 160 23
331 45 96
332 311 71
333 328 585
334 167 546
335 96 822
336 75 179
337 67 139
338 29 342
339 329 418
340 279 538
341 289 446
342 172 734
343 89 78
344 321 69
345 207 667
346 304 152
347 155 922
348 126 930
349 87 742
350 337 438
351 82 675
352 1 598
353 103 549
354 38 659
355 118 233
356 47 111
357 197 762
358 276 208
359 194 404
360 177 882
361 358 823
362 166 520
363 168 417
364 94 166
365 319 79
366 10 603
367 41 314
368 59 701
369 148 647
370 319 981
371 299 708
372 283 225
373 223 521
374 58 354
375 122 893
376 241 277
377 19 238
378 244 517
379 209 169
380 374 8
381 311 647
382 380 372
383 40 649
384 94 164
385 164 176
386 329 633
387 197 591
388 287 264
389 368 935
390 27 908
391 311 495
392 212 205
393 316 443
394 296 97
395 43 903
396 345 126
397 149 282
398 309 10
399 166 999
400 56 165
401 119 194
402 223 889
403 305 549
404 296 951
405 34 400
406 363 150
407 261 940
408 326 569
409 268 947
410 63 642
411 234 498
412 199 120
413 224 198
414 305 671
415 125 802
416 343 450
417 194 738
418 1 582
419 151 258
420 211 159
421 159 78
422 401 336
423 360 560
424 302 142
425 261 505
426 229 948
427 356 621
428 203 910
429 2 473
430 163 198
431 225 14
432 287 241
433 209 522
434 99 301
435 393 921
436 237 770
437 174 325
438 227 312
439 384 153
440 223 985
441 8 418
442 391 799
443 163 794
444 138 292
445 178 199
446 246 626
447 53 78
448 446 81
449 400 880
450 220 944
451 14 209
452 6 256
453 443 111
454 279 544
455 161 146
456 84 5
457 325 527
458 265 288
459 408 768
460 386 235
461 223 252
462 236 614
463 315 83
464 109 813
465 431 284
466 442 275
467 27 723
468 65 685
469 193 731
470 95 473
471 259 824
472 370 2
473 206 554
474 25 801
475 463 709
476 397 824
477 458 519
478 359 707
479 305 620
480 303 420
481 397 317
482 309 330
483 476 874
484 296 793
485 297 101
486 319 248
487 123 990
488 197 811
489 423 261
490 34 791
491 380 787
492 264 160
493 59 239
494 170 126
495 347 525
496 165 815
497 391 234
498 136 548
499 425 684
500 194 10
501 345 373
502 225 203
503 461 977
504 112 874
505 259 871
506 326 49
507 498 454
508 218 497
509 464 656
510 126 18
511 250 644
512 8 13
513 11 786
514 475 243
515 155 892
516 63 395
517 29 549
518 303 341
519 315 848
520 69 9
521 511 544
522 472 432
523 455 32
524 323 271
525 24 443
526 113 251
527 329 337
528 112 494
529 114 839
530 67 487
531 332 7
532 89 906
533 126 665
534 362 945
535 165 766
536 376 528
537 398 761
538 378 733
539 430 810
540 73 126
541 199 303
542 70 623
543 343 22
544 321 88
545 166 378
546 492 240
547 343 8
548 117 301
549 82 233
550 294 237
551 135 675
552 221 814
553 56 240
554 262 716
555 285 688
556 154 520
557 72 767
558 496 552
559 87 170
560 540 803
561 13 365
562 482 375
563 26 993
564 281 478
565 0 15
566 243 720
567 554 535
568 210 327
569 323 385
570 410 881
571 408 632
572 14 56
573 494 686
574 420 768
575 67 811
576 0 167
577 469 156
578 511 12
579 26 814
580 175 539
581 14 789
582 154 546
583 194 103
584 151 993
585 27 168
586 266 915
587 18 735
588 76 729
589 253 407
590 479 163
591 339 1
592 277 169
593 353 550
594 32 292
595 112 897
596 10 204
597 301 938
598 586 479
599 494 741
600 211 687
601 36 184
602 542 175
603 32 953
604 545 945
605 161 242
606 94 143
607 298 674
608 301 223
609 40 223
610 149 764
611 36 172
612 511 533
613 15 797
614 292 736
615 582 606
616 162 788
617 5 676
618 313 791
619 274 287
620 539 565
621 555 952
622 327 277
623 510 640
624 343 524
625 171 392
626 565 1000
627 192 630
628 236 611
629 39 386
630 629 518
631 213 350
632 527 113
633 614 876
634 280 120
635 105 31
636 117 554
637 102 335
638 456 669
639 404 697
640 61 992
641 408 796
642 226 266
643 5 221
644 487 454
645 595 557
646 611 456
647 573 593
648 449 932
649 325 570
650 301 707
651 303 631
652 423 540
653 149 671
654 433 636
655 322 977
656 402 498
657 340 884
658 141 91
659 452 112
660 284 963
661 391 623
662 389 95
663 548 408
664 6 275
665 382 584
666 585 107
667 25 815
668 401 475
669 165 99
670 466 909
671 495 966
672 151 323
673 583 289
674 264 515
675 437 99
676 205 319
677 608 225
678 265 412
679 553 312
680 395 93
681 461 149
682 180 377
683 303 891
684 480 167
685 416 522
686 476 345
687 452 298
688 618 817
689 222 323
690 513 942
691 408 540
692 628 417
693 44 497
694 546 872
695 220 723
696 695 990
697 641 672
698 139 83
699 398 36
700 88 993
701 522 252
702 637 604
703 599 481
704 6 849
705 363 676
706 627 902
707 125 900
708 569 211
709 382 645
710 680 641
711 84 850
712 92 224
713 71 959
714 580 768
715 29 554
716 303 81
717 402 450
718 174 806
719 715 543
720 539 792
721 203 178
722 184 974
723 326 410
724 85 93
725 442 61
726 492 23
727 285 920
728 285 425
729 584 573
730 89 577
731 400 730
732 92 302
733 3 647
734 692 91
735 10 81
736 658 290
737 479 614
738 251 200
739 689 896
740 441 326
741 247 177
742 382 85
743 322 37
744 492 5
745 7 680
746 481 70
747 254 124
748 216 509
749 449 846
750 296 641
751 11 570
752 33 389
753 324 631
754 753 501
755 148 1000
756 255 571
757 115 972
758 684 739
759 303 878
760 239 865
761 601 396
762 322 50
763 608 563
764 539 850
765 638 3
766 53 251
767 415 892
768 260 224
769 355 792
770 340 11
771 314 620
772 717 41
773 153 530
774 339 919
775 718 947
776 254 961
777 589 159
778 9 526
779 231 97
780 197 315
781 756 486
782 449 129
783 345 602
784 64 991
785 419 257
786 165 856
787 160 751
788 98 954
789 557 559
790 344 551
791 652 780
792 400 970
793 771 188
794 73 757
795 628 224
796 410 251
797 134 492
798 541 702
799 211 426
800 515 931
801 37 931
802 148 595
803 28 418
804 638 210
805 722 714
806 464 731
807 420 526
808 571 30
809 329 397
810 504 517
811 536 131
812 295 284
813 751 244
814 424 635
815 164 528
816 678 2
817 56 629
818 554 669
819 455 973
820 767 403
821 812 47
822 708 730
823 172 863
824 701 848
825 125 559
826 755 376
827 493 94
828 710 904
829 503 311
830 47 890
831 487 773
832 439 160
833 275 170
834 221 986
835 522 455
836 813 692
837 339 993
838 821 803
839 828 861
840 87 828
841 650 74
842 51 947
843 89 893
844 510 2
845 499 202
846 744 570
847 331 336
848 161 332
849 3 250
850 271 452
851 310 769
852 65 19
853 623 31
854 435 503
855 418 871
856 608 579
857 373 66
858 275 986
859 818 575
860 679 416
861 277 717
862 106 418
863 91 91
864 105 194
865 19 112
866 768 996
867 840 68
868 416 202
869 341 262
870 155 580
871 762 923
872 452 280
873 110 907
874 486 324
875 27 89
876 474 85
877 97 419
878 837 415
879 682 55
880 128 816
881 169 681
882 206 631
883 576 310
884 880 517
885 395 54
886 54 728
887 444 297
888 74 884
889 672 723
890 220 342
891 863 709
892 216 594
893 635 140
894 417 904
895 57 448
896 520 964
897 549 449
898 49 464
899 25 807
900 862 192
901 106 8
902 36 220
903 220 302
904 624 299
905 334 699
906 762 877
907 804 86
908 379 696
909 702 739
910 478 353
911 221 257
912 295 132
913 416 196
914 165 812
915 594 569
916 216 956
917 396 845
918 641 453
919 208 264
920 70 448
921 742 156
922 799 421
923 250 229
924 685 661
487 350 233
436 446 308
79 668 314
129 745 467
289 475 721
806 798 278
642 230 600
636 7 827
505 756 135
418 224 829
428 385 767
89 437 682
486 296 699
128 66 837
417 182 402
891 531 909
232 765 118
908 117 719
607 680 489
749 605 178
783 380 234
148 452 37
18 248 657
29 877 847
191 215 964
770 209 586
418 178 88
492 127 653
521 51 614
1 827 657
362 753 614
488 396 665
873 318 25
258 273 634
526 260 790
344 192 186
385 512 473
42 799 434
726 607 409
156 116 201
309 296 755
386 559 532
825 396 767
863 251 638
572 673 622
496 102 12
903 924 79
589 786 675
823 795 230
272 511 21
366 700 357
407 600 212
672 854 517
1 839 624
906 674 167
219 63 679
258 480 542
78 779 0
465 485 540
422 772 797
660 688 665
830 217 747
841 739 667
119 434 622
217 139 342
368 287 12
877 874 263
827 217 903
765 897 57
659 53 991
389 816 593
32 62 545
468 757 832
520 485 313
862 534 337
545 865 63
454 442 269
708 643 866
645 292 704
875 649 164
497 595 719
246 379 613
192 275 109
677 421 15
654 277 350
228 813 820
647 281 970
485 461 858
77 248 954
507 212 757
249 483 767
511 358 687
496 107 568
844 792 219
91 61 937
677 599 874
189 221 398
791 541 571
515 276 923
680 557 202
94 361 564
826 613 432
398 159 933
705 688 643
628 342 326
702 470 260
513 295 794
719 811 132
770 671 24
703 802 622
83 624 860
282 50 311
850 221 148
916 283 788
561 123 963
786 795 627
695 206 356
430 39 862
627 696 132
263 664 899
382 83 647
566 109 670
274 82 554
175 16 611
567 337 821
624 886 390
333 482 975
457 358 478
321 231 567
495 146 656
917 389 5
871 923 387
912 808 775
14 900 64
279 902 234
28 569 656
352 571 922
291 1 657
771 508 317
136 914 654
567 508 289
728 766 962
684 745 688
750 515 470
448 373 115
294 683 278
799 316 746
517 291 800
904 497 380
362 232 272
259 359 423
215 86 263
302 840 261
779 223 157
905 488 519
218 444 490
725 279 192
447 132 694
637 29 156
63 109 333
491 857 630
255 480 676
843 338 766
207 525 779
634 567 542
797 253 485
751 484 804
918 330 554
440 147 154
699 587 157
446 725 484
664 127 366
62 122 703
490 811 203
533 24 761
768 444 768
74 42 518
14 486 152
116 508 856
603 58 659
836 627 250
106 867 945
158 451 309
838 352 506
464 62 666
206 354 801
366 416 911
774 398 351
838 621 850
886 770 543
350 853 881
337 445 881
643 341 338
750 761 552
479 211 161
297 255 738
71 844 825
283 431 255
787 165 912
591 638 637
550 903 276
834 563 253
317 894 764
736 615 84
562 898 4
259 698 587
238 180 270
364 887 666
83 240 687
786 439 923
103 38 788
293 858 58
717 215 163
496 393 211
481 71 37
185 483 797
656 550 542
208 52 457
796 68 742
284 63 696
625 440 23
132 69 391
715 786 571
154 54 356
795 787 19
755 834 11
78 524 309
273 129 319
265 4 998
823 383 405
413 493 980
420 788 212
276 214 465
870 89 511
234 118 842
420 857 647
351 461 539
246 157 232
818 146 141
858 626 584
906 568 184
872 892 614
642 775 667
617 454 486
717 380 268
833 780 809
558 224 183
127 554 532
423 458 379
860 371 458
88 838 998
162 249 386
521 291 724
458 501 413
791 66 717
361 57 958
503 77 248
567 717 628
799 326 392
820 516 864
88 266 546
521 240 159
10 552 318
534 924 324
204 83 788
410 240 577
391 611 420
737 728 62
106 566 370
873 334 312
580 48 886
393 564 236
581 429 714
226 164 519
407 164 624
121 734 672
49 245 682
251 270 267
219 820 284
512 530 790
92 258 549
777 674 843
674 915 506
417 216 469
535 375 755
314 16 800
613 12 250
734 917 966
63 118 137
490 118 963
797 172 506
408 235 818
500 884 822
147 482 736
790 561 175
794 877 893
541 667 29
740 513 833
69 100 559
515 156 216
573 45 216
119 754 642
816 333 493
476 409 63
115 699 12
315 143 352
409 194 444
425 253 74
86 923 32
478 353 698
540 258 275
634 547 234
503 452 785
113 177 378
247 924 397
321 809 504
7 68 113
254 155 113
902 694 232
50 739 943
401 477 326
833 366 866
872 560 571
723 92 692
696 720 891
919 353 800
792 722 934
910 153 670
818 385 641
175 630 248
515 80 580
823 775 838
333 593 607
275 479 790
860 663 83
679 481 789
617 488 391
418 265 577
146 199 359
585 489 374
913 82 362
809 855 723
16 550 874
45 481 724
732 683 476
336 513 684
640 146 567
42 808 870
201 433 714
698 711 619
71 6 638
610 364 454
795 495 891
416 170 901
882 846 462
273 904 768
230 729 908
577 723 10
389 922 603
85 916 996
464 234 925
687 610 305
69 773 223
95 839 870
53 457 803
571 771 912
678 682 602
870 107 560
500 801 838
645 815 720
386 616 925
712 362 54
581 774 284
348 330 538
205 438 867
836 861 956
290 674 649
161 307 285
407 72 911
681 667 619
10 302 312
650 379 395
543 844 522
465 133 630
693 494 592
217 780 428
335 770 52
429 890 257
442 656 708
480 124 910
796 76 292
900 611 600
85 882 312
123 117 390
32 504 806
620 2 935
526 206 763
603 29 974
88 103 561
103 465 110
620 782 736
506 819 411
513 731 87
640 588 212
96 33 550
841 805 542
481 19 164
391 85 792
105 551 549
101 884 43
703 384 314
45 206 552
193 398 100
681 156 792
212 338 350
400 302 997
676 303 745
631 441 694
594 442 751
692 569 974
120 165 968
281 327 657
643 119 57
247 854 651
869 279 913
274 780 54
81 305 802
264 876 779
475 843 332
531 700 924
40 125 439
274 308 804
433 237 730
9 415 605
626 578 784
32 139 974
405 38 775
665 152 73
93 757 339
412 601 207
736 292 553
84 771 579
90 373 757
283 872 530
654 606 10
432 553 953
311 771 630
436 877 990
362 46 675
223 526 972
745 593 800
263 558 983
403 414 14
714 490 67
378 370 19
181 569 933
229 405 720
499 819 761
706 371 456
262 208 774
644 798 985
361 112 417
381 655 932
404 778 306
349 209 820
749 788 635
403 620 932
350 672 283
913 564 189
652 921 322
720 324 287
312 530 301
11 628 145
765 40 500
226 571 904
59 34 702
145 338 687
651 703 827
410 113 984
809 674 77
98 810 546
372 808 599
515 918 978
383 810 921
45 764 96
320 340 919
630 583 398
278 285 192
108 717 3
772 203 440
732 31 52
610 556 328
364 41 962
73 888 543
122 601 246
589 525 22
766 370 437
352 151 358
833 65 276
876 919 598
519 372 384
113 905 556
841 879 663
811 456 912
163 364 176
341 416 773
225 322 273
382 204 741
118 674 583
9 324 202
600 422 793
495 232 90
440 68 85
170 531 914
328 704 656
806 357 383
399 773 693
802 912 845
422 715 264
513 600 639
244 643 965
828 642 1000
444 536 804
899 145 490
235 783 786
844 564 754
147 124 505
387 609 754
525 51 998
298 418 108
514 1 642
538 535 832
819 663 975
783 109 948
11 641 379
540 418 911
687 166 984
460 15 103
907 344 724
684 717 344
89 183 278
818 283 839
887 838 699
480 358 792
87 498 746
26 873 12
390 173 689
16 741 650
650 716 395
215 898 875
519 60 429
767 206 855
92 17 913
190 442 528
96 572 655
793 826 472
283 45 863
540 392 240
746 846 300
111 339 448
222 573 255
299 809 507
869 596 810
123 479 122
652 401 547
396 106 689
687 381 673
427 708 461
571 320 354
905 664 595
246 59 679
707 488 193
620 781 143
912 650 82
881 247 556
255 178 771
641 560 345
576 723 365
661 400 246
889 924 866
479 435 538
768 455 697
61 841 633
42 581 754
276 324 312
389 557 63
334 730 605
294 759 551
493 119 333
221 134 901
655 552 980
409 790 523
136 445 290
883 178 478
556 580 382
687 924 940
371 859 61
900 644 102
281 311 932
688 896 415
866 560 443
17 908 425
545 782 426
136 606 933
487 916 926
458 429 27
477 410 348
679 392 853
218 1 498
120 750 783
487 686 708
216 523 249
923 773 82
85 20 668
239 234 863
851 253 16
16 518 946
34 446 702
728 193 704
431 181 409
149 679 103
47 365 432
110 880 383
765 215 253
102 695 533
226 869 436
284 697 555
679 12 284
921 733 858
353 414 650
160 96 206
748 438 311
889 546 13
399 307 374
23 44 173
727 712 848
602 503 417
697 314 910
380 11 182
336 679 416
331 286 845
307 121 192
341 578 600
850 801 10
419 535 259
443 554 324
40 257 732
673 626 632
350 586 975
67 51 726
193 891 481
214 682 808
520 26 548
190 562 745
753 604 400
775 300 986
757 338 302
860 923 615
377 317 283
344 86 419
116 913 0
798 23 646
175 475 308
376 569 779
507 237 786
808 236 151
126 370 668
261 176 772
686 654 726
853 533 185
400 200 747
586 871 237
58 336 158
813 2 434
902 381 458
564 777 76
126 112 310
861 788 646
173 768 607
744 530 41
190 626 865
370 224 964
750 421 777
270 436 844
667 488 104
589 274 755
496 462 916
56 457 685
386 255 531
373 250 538
617 520 419
722 456 628
893 382 273
482 588 523
886 393 973
579 891 474
3 263 833
401 496 801
779 549 544
193 663 724
286 398 400
510 696 818
289 303 904
320 727 562
519 317 673
352 624 583
512 873 33
797 327 792
330 204 873
104 872 886
491 26 266
447 620 105
43 78 943
455 278 710
245 598 800
199 443 938
408 371 457
856 457 368
913 170 4
622 618 824
856 424 147
194 711 107
755 386 199
761 671 889
706 316 152
616 96 877
402 181 267
140 882 656
219 576 236
8 723 149
854 392 935
245 349 243
51 474 732
483 548 439
699 335 99
904 186 441
542 444 587
851 791 705
304 673 674
633 198 688
794 246 679
290 18 637
142 477 58
895 812 994
490 506 126
478 904 821
607 923 798
171 569 660
36 424 588
22 888 173
641 906 444
355 591 327
398 484 640
483 694 736
465 428 867
381 683 244
616 919 773
187 245 636
888 462 855
244 306 197
287 559 673
285 782 998
850 467 792
137 548 63
863 633 848
766 168 977
510 424 245
197 113 235
51 322 602
32 617 441
8 893 739
371 868 624
30 226 538
713 70 812
64 221 755
212 57 562
142 263 388
356 617 53
58 394 629
868 541 421
139 363 425
88 275 856
393 74 509
15 600 65
849 273 559
669 671 589
46 525 40
569 847 251
653 817 470
273 660 406
7 910 869
184 440 632
796 459 401
81 24 693
166 774 962
138 669 798
410 484 892
212 815 776
472 308 959
803 465 239
254 296 572
196 459 605
341 322 255
862 586 109
525 712 263
92 790 141
631 488 289
449 183 835
709 233 6
848 723 240
110 96 866
511 700 125
774 734 880
388 442 608
862 417 731
168 43 687
685 46 74
296 854 240
381 772 951
803 643 582
802 499 118
734 123 65
180 57 928
914 897 905
73 364 107
594 325 180
108 342 322
715 461 686
222 239 22
387 667 281
924 862 815
306 441 208
139 73 132
881 719 700
915 555 790
652 373 95
635 413 444
74 664 773
437 737 840
321 71 688
510 592 53
718 314 114
409 639 970
247 319 862
885 67 534
437 165 591
793 52 304
675 255 884
236 618 292
6 732 531
307 768 778
672 456 837
143 902 555
76 784 841
376 273 77
526 148 677
318 311 501
723 556 927
729 94 187
891 457 646
757 650 682
1 747 745
840 830 304
488 48 399
794 599 678
692 317 620
662 674 302
185 318 786
483 108 824
22 345 721
697 853 21
300 3 103
161 313 186
21 783 789
517 623 958
115 687 662
527 253 902
903 14 913
495 344 326
797 296 496
849 331 27
529 415 211
424 792 433
383 16 472
337 475 924
103 863 368
384 684 909
146 309 870
203 169 462
428 756 61
866 551 153
62 465 704
914 179 551
518 848 638
469 801 528
307 702 684
260 128 253
112 452 535
329 742 157
10 512 680
489 803 687
870 833 985
544 59 925
26 439 889
791 719 504
440 597 441
584 831 957
7 880 405
726 635 319
411 505 459
595 627 559
399 303 69
110 235 226
140 24 69
29 565 468
237 626 233
355 815 606
43 5 335
43 258 521
6 850 959
692 539 767
651 785 597
381 349 963
11 504 973
655 818 551
597 145 961
799 397 41
902 47 14
629 493 493
55 537 5
866 264 714
916 275 168
418 314 672
293 254 855
835 891 462
474 139 821
244 233 744
638 22 430
688 864 200
744 262 679
806 778 106
245 783 69
309 865 743
528 264 878
551 716 883
823 870 291
797 201 503
640 183 545
448 322 689
423 586 487
271 270 497
186 47 805
630 461 0
348 874 267
480 186 631
677 747 315
628 746 686
455 864 584
298 110 319
848 393 752
109 34 606
404 470 867
609 782 66
184 320 638
19 24 729
517 524 712
768 395 708
772 848 11
864 883 706
39 375 151
43 776 685
233 678 314
151 530 943
25 396 281
165 727 66
64 323 251
252 156 970
503 99 408
297 790 246
507 463 53
640 860 683
748 177 100
2 301 229
808 437 897
646 665 43
219 641 839
282 34 981
671 110 672
624 380 547
345 419 604
834 889 583
673 381 300
779 805 979
578 91 150
723 480 346
789 473 341
364 25 198
652 260 623
435 673 62
485 187 929
639 729 88
762 268 725
400 639 610
195 646 873
603 513 134
38 379 40
368 538 762
702 327 732
503 346 432
138 759 533
269 518 412
271 771 949
40 509 306
421 445 951
304 321 891
498 124 407
411 138 300
381 282 28
236 18 843
149 431 854
760 67 799
602 216 642
5 226 884
422 838 870
243 645 522
409 256 529
882 419 808
794 852 301
896 758 439
659 667 997
34 686 766
262 348 7
799 742 296
30 124 565
920 12 18
259 834 343
360 720 966
507 812 162
265 445 550
609 391 46
137 730 518
268 446 713
663 420 915
723 329 724
500 196 492
264 35 844
79 0 945
193 737 546
537 456 194
692 82 11
300 374 646
389 517 935
812 454 955
889 118 389
330 203 797
750 676 810
585 250 421
635 797 354
426 812 847
316 450 55
863 45 370
212 229 809
517 921 286
920 259 321
377 832 915
631 656 233
326 288 760
310 895 381
442 556 195
898 806 701
718 593 643
492 268 405
884 113 116
109 304 938
585 205 974
714 468 843
741 797 197
456 843 732
482 737 934
829 135 770
404 537 261
570 353 655
757 464 808
589 80 229
725 531 706
702 884 593
368 442 461
8 555 44
199 354 464
688 423 147
484 795 223
854 543 390
128 16 552
352 383 740
638 875 27
239 898 860
811 460 998
169 72 492
700 627 237
811 455 497
395 701 673
904 305 511
855 231 397
371 849 911
219 171 79
477 136 858
774 370 703
316 331 276
757 507 27
214 88 156
234 777 662
86 346 995
413 454 732
157 231 881
556 207 228
460 391 611
140 240 646
765 557 711
633 549 916
621 233 277
487 589 689
271 731 336
197 444 555
252 916 371
83 9 743
824 133 181
217 549 879
477 703 925
812 496 508
854 160 332
162 448 685
170 713 277
317 723 423
388 385 754
705 781 84
635 46 845
771 510 75
430 67 314
20 458 308
924 498 73
861 394 676
693 805 915
620 58 436
305 61 143
332 226 2
829 485 905
170 540 359
640 625 894
545 792 113
390 369 360
571 792 42
114 517 436
683 888 907
638 314 886
737 786 254
625 48 909
784 369 319
704 357 2
616 611 406
363 640 375
325 346 478
732 569 874
234 55 747
808 150 123
716 852 235
92 765 242
1 585 321
282 182 733
458 308 85
758 910 993
104 253 671
607 100 105
370 866 374
1 829 314
1 821 444
198 754 477
365 788 115
275 676 438
499 233 238
22 599 0
540 507 50
287 127 510
358 703 889
565 876 68
310 355 14
420 472 802
5 336 404
547 847 713
220 207 764
842 264 736
31 814 823
133 859 600
741 338 54
107 902 352
514 214 841
384 483 622
922 744 103
833 786 173
236 353 542
839 289 155
556 206 881
349 255 519
691 346 427
214 501 275
341 398 214
453 296 865
758 466 473
692 426 22
40 350 534
67 96 341
47 877 937
49 396 562
478 575 797
414 848 670
445 839 155
608 169 359
301 33 770
917 460 17
134 808 396
333 781 311
777 205 110
854 430 866
738 519 18
690 489 462
40 749 965
699 850 56
704 253 616
812 920 60
464 494 939
813 428 256
561 98 700
828 312 38
309 765 903
708 703 589
706 286 646
544 0 117
419 424 895
842 919 711
675 325 944
688 821 521
856 775 369
848 722 361
400 713 966
295 641 2
84 588 746
132 366 722
304 112 919
816 20 359
310 267 363
408 26 710
260 597 138
22 680 729
144 610 80
638 170 310
542 609 751
483 658 17
424 123 187
365 858 781
918 652 366
736 459 634
59 387 331
204 786 983
472 500 650
355 44 468
483 818 967
361 38 405
619 23 453
775 543 689
550 546 904
918 431 747
830 329 729
346 687 995
615 611 641
924 93 741
597 324 596
441 869 426
649 301 440
688 382 598
677 99 261
385 481 565
179 631 243
750 596 398
843 410 247
662 600 914
412 441 262
612 669 128
404 602 385
878 476 841
525 883 807
842 493 510
656 427 578
194 58 494
689 336 312
842 112 673
403 293 870
78 754 537
202 166 749
769 566 636
915 584 157
848 635 262
239 583 735
650 476 72
269 295 484
881 210 765
15 814 652
319 865 829
18 602 771
260 174 146
762 541 425
451 322 792
716 332 968
415 208 47
380 106 67
552 729 205
57 547 351
277 762 425
272 324 562
496 197 643
673 550 839
825 373 989
459 777 162
483 601 333
534 695 503
96 9 390
210 459 15
565 800 202
162 412 748
531 738 357
657 514 758
772 715 809
94 19 862
797 576 887
38 522 859
369 349 144
553 126 428
853 606 21
659 241 223
527 824 766
471 338 943
795 468 289
139 887 9
330 617 10
409 84 711
148 465 479
359 41 451
456 90 362
710 239 126
785 865 479
861 911 270
836 799 393
164 399 967
435 696 287
95 335 909
418 683 36
173 451 567
876 343 411
27 51 689
563 588 99
851 923 379
808 784 477
798 443 381
346 517 456
880 8 176
165 298 875
272 562 26
201 28 967
39 438 34
94 567 787
111 502 386
507 612 23
876 737 194
49 585 239
84 50 672
757 453 219
451 284 35
568 234 53
185 454 927
186 517 947
573 372 458
553 681 979
682 853 888
862 911 424
285 655 398
505 447 622
595 905 363
720 644 414
202 711 360
317 784 431
820 312 832
514 729 424
720 175 593
76 184 960
899 570 319
184 811 800
664 162 63
917 4 389
700 326 90
847 479 372
93 411 176
763 308 929
621 823 973
292 511 738
414 478 802
879 683 766
888 312 657
400 651 313
481 242 364
288 479 648
208 333 574
637 184 142
75 586 219
294 22 307
667 352 86
803 895 393
600 221 572
598 238 451
878 800 538
448 196 334
103 171 455
380 831 3
74 5 41
499 713 645
613 873 647
224 29 453
800 116 129
520 775 69
500 473 644
309 564 516
333 589 675
107 558 518
480 532 422
96 507 779
590 552 385
839 551 753
337 257 324
898 689 537
308 568 60
121 587 723
158 572 210
21 896 338
912 753 992
164 538 745
408 471 205
314 136 457
803 321 596
904 236 563
280 546 506
292 531 504
246 751 882
188 516 21
921 197 386
891 618 395
742 687 33
804 914 245
703 725 946
461 549 417
240 161 774
905 95 214
424 66 170
375 558 835
186 331 331
43 902 401
191 839 380
40 191 689
905 574 592
87 338 374
474 186 1000
242 12 166
819 876 331
648 690 396
394 868 290
184 751 488
177 92 378
720 726 321
249 221 682
796 919 306
710 173 110
341 820 299
823 486 944
550 552 435
560 497 281
20 463 497
771 892 199
307 338 29
569 93 572
543 547 872
109 163 170
34 263 330
323 46 471
512 745 1
163 306 94
164 834 624
230 52 902
700 597 801
682 832 246
603 883 784
254 431 720
658 743 434
128 177 93
485 212 121
455 52 519
442 102 969
362 829 737
532 466 737
22 409 951
596 77 867
150 818 364
592 714 939
688 892 985
235 570 426
145 223 951
635 884 387
663 408 400
361 141 722
217 75 32
571 454 268
174 895 170
651 711 466
665 318 90
564 689 366
510 218 787
652 880 247
554 473 424
289 418 841
459 354 944
698 64 394
695 728 104
286 297 217
534 213 59
791 303 647
458 835 258
272 914 791
874 196 574
121 241 983
351 431 602
342 500 267
201 708 663
343 606 85
890 621 692
875 826 685
106 413 31
582 471 849
483 811 26
781 80 378
655 834 539
63 778 56
709 307 175
656 775 792
639 757 888
507 50 830
858 873 19
650 867 805
385 377 623
604 142 826
719 458 43
32 75 215
208 366 571
503 700 739
647 131 211
773 649 908
228 93 854
262 297 540
207 281 172
210 664 20
128 702 323
237 235 323
841 691 628
515 843 860
40 5 168
90 44 380
17 248 551
682 705 223
785 114 311
210 174 646
109 355 297
340 622 666
918 452 929
765 484 438
271 57 104
231 352 961
513 521 393
301 229 604
844 252 195
328 679 126
677 899 956
121 803 16
705 237 47
498 575 450
631 639 793
419 687 441
427 367 120
224 323 319
156 663 452
24 628 32
792 710 760
392 724 849
688 487 79
73 728 256
505 671 481
319 753 885
552 652 243
882 674 922
458 340 359
883 300 742
157 594 435
339 739 349
620 570 942
474 421 235
329 641 691
746 819 958
268 168 757
592 627 365
182 577 402
326 653 784
721 844 635
351 362 926
898 21 189
912 914 440
905 748 66
71 574 521
94 49 178
822 846 396
438 664 910
271 135 716
448 239 768
546 483 750
1 530 179
713 137 95
872 422 90
670 278 225
565 422 508
717 257 666
259 279 101
150 628 355
873 293 363
688 850 778
296 356 993
326 327 551
113 556 917
563 285 985
270 842 489
44 905 896
490 35 214
845 830 838
118 405 212
150 589 404
186 60 352
589 718 922
637 205 547
300 228 722
754 834 843
320 467 335
232 682 637
259 910 988
894 517 514
153 421 350
188 198 631
488 423 951
920 27 518
83 352 719
884 392 672
501 921 368
511 472 1000
653 411 885
182 788 18
263 877 902
174 173 942
369 542 571
665 685 481
16 31 308
198 325 62
574 439 261
747 405 884
814 758 885
488 406 200
485 596 425
371 799 710
133 163 426
279 152 612
591 455 324
23 434 310
787 790 731
130 535 908
736 44 157
843 567 917
643 752 55
640 700 175
205 6 357
811 763 910
712 537 789
693 376 664
793 678 636
290 154 923
420 121 808
459 350 481
147 764 667
891 615 183
868 223 447
502 280 390
278 410 217
446 519 113
4 628 995
156 342 927
822 497 29
263 108 867
470 279 183
514 33 314
576 768 541
470 182 551
525 240 126
687 853 395
675 774 872
777 836 987
564 196 7
492 834 923
444 342 265
453 157 960
305 684 208
655 210 356
756 466 437
441 774 690
218 11 704
169 746 236
459 328 509
146 536 9
524 749 465
623 819 864
786 146 250
591 662 473
288 702 384
120 526 809
149 358 6
410 739 365
805 385 602
255 313 410
133 271 202
663 326 389
595 284 823
764 123 450
502 543 261
891 41 419
168 348 237
664 337 403
163 700 110
542 628 301
700 355 580
866 209 762
817 378 138
659 626 154
453 248 651
300 85 575
214 462 255
620 124 839
723 30 988
493 658 377
320 346 695
744 151 915
689 908 234
167 800 362
107 296 961
625 551 68
146 701 878
62 220 665
258 328 738
599 903 95
305 364 93
366 73 283
755 307 935
188 720 795
91 733 918
759 311 203
122 21 86
587 712 123
451 142 492
272 650 238
642 637 589
14 701 129
762 653 986
325 606 299
93 580 97
511 435 732
372 873 189
458 776 58
770 402 808
192 685 828
528 335 888
181 493 503
804 492 760
833 506 23
619 486 237
140 116 996
918 448 709
523 888 244
683 740 787
590 792 564
514 782 559
400 96 59
449 470 26
863 176 267
203 134 906
490 651 206
413 665 399
772 262 347
598 697 651
641 728 445
563 813 456
235 597 404
671 243 88
424 464 287
908 88 476
520 588 126
803 532 923
206 858 556
228 781 832
222 451 121
168 461 280
670 59 783
263 379 872
545 421 322
28 525 724
679 635 185
427 783 457
71 803 2
480 493 628
167 548 706
198 148 408
188 785 945
250 406 20
616 592 624
573 50 197
636 712 330
145 924 708
415 651 642
232 12 922
380 242 621
360 448 556
694 345 517
509 86 194
795 835 894
189 215 672
336 297 614
335 664 218
171 476 405
822 687 41
162 893 138
354 54 823
76 421 20
838 537 657
453 618 98
58 277 918
636 634 677
179 782 935
162 415 310
257 786 377
399 227 994
457 755 938
397 165 626
574 469 752
185 459 961
633 460 623
861 575 698
924 309 830
746 348 884
379 325 753
709 46 809
498 709 165
135 80 794
712 771 51
345 58 988
670 700 237
542 302 953
600 259 707
103 777 541
58 549 220
814 496 893
763 8 38
405 690 245
1 695 657
368 273 207
38 578 701
729 902 918
702 850 719
626 779 821
13 102 912
693 818 933
288 846 691
81 266 373
232 656 188
636 626 677
453 636 367
626 284 986
460 275 570
653 432 75
244 712 846
878 906 500
226 584 59
676 871 871
345 301 485
421 591 144
351 246 969
104 728 37
560 210 616
750 30 568
193 735 818
14 188 552
919 546 325
911 173 114
18 844 668
77 342 341
59 864 105
747 414 137
751 922 921
879 747 175
149 256 125
253 64 931
771 257 345
626 90 207
156 589 134
65 311 239
591 786 73
326 271 376
293 892 553
254 820 515
864 14 631
132 603 992
484 556 757
673 661 722
802 666 289
687 719 366
420 671 805
357 756 255
272 829 665
290 600 687
77 686 563
439 122 838
103 902 4
724 189 44
659 703 615
608 159 526
598 303 334
252 685 266
681 627 802
893 479 627
216 627 997
463 479 323
868 22 786
294 552 58
396 745 629
884 616 13
534 432 458
507 117 947
633 753 753
616 602 819
69 175 7
753 128 215
144 900 961
73 500 212
568 252 105
261 323 872
570 413 6
808 413 957
625 11 443
582 233 596
284 76 161
726 154 523
265 588 521
833 681 960
396 314 113
727 73 769
656 321 655
602 549 323
383 414 676
584 684 98
91 619 4
375 643 352
579 819 701
228 355 681
851 743 464
849 727 382
729 828 876
850 675 839
628 203 564
539 706 697
620 303 564
730 5 932
798 30 91
551 55 244
892 834 589
453 558 292
584 645 401
886 91 970
718 274 707
295 494 231
348 486 856
730 502 626
232 543 881
433 547 917
510 354 503
131 119 86
449 859 482
198 577 423
920 706 845
725 54 713
731 219 331
800 261 64
254 550 578
208 235 992
555 724 57
923 424 854
729 365 783
839 647 219
102 917 115
909 635 754
65 710 181
120 20 102
911 522 123
412 812 38
688 548 181
369 194 29
285 403 969
707 39 455
297 856 913
754 911 160
434 711 921
767 91 157
105 606 673
317 38 525
906 532 681
530 194 343
348 738 563
235 920 65
691 736 108
494 818 328
555 288 841
886 880 991
17 606 127
260 913 417
901 176 559
492 54 154
369 655 402
595 916 292
324 794 392
553 45 738
417 843 167
134 741 155
493 720 425
477 631 603
858 493 53
289 186 702
441 11 832
782 696 872
798 441 85
761 627 109
540 103 174
171 435 62
785 74 650
276 558 999
43 851 391
567 466 969
331 550 363
848 747 243
417 819 139
101 302 765
787 441 443
42 665 245
787 103 412
841 76 931
297 324 647
554 533 654
559 212 389
84 490 169
446 832 414
60 904 447
204 420 515
677 796 571
570 902 12
56 197 587
584 273 293
807 579 185
330 155 605
388 272 781
376 742 815
312 35 941
529 787 383
147 41 821
456 292 321
82 885 372
341 123 882
865 750 722
518 101 291
606 479 632
112 679 172
105 427 257
846 68 706
281 637 697
184 740 393
529 24 960
144 527 807
667 271 673
330 710 699
721 892 281
696 147 169
151 746 287
555 671 646
438 426 682
724 904 909
386 617 244
446 524 886
45 163 618
610 619 380
800 353 805
858 579 266
43 484 757
624 849 827
726 0 831
724 60 287
706 99 628
698 51 745
621 809 905
218 376 196
258 912 234
509 683 682
88 78 77
858 594 114
542 445 940
272 187 415
489 616 57
285 784 310
838 615 590
314 854 26
481 532 465
758 149 467
779 652 232
795 722 185
269 808 97
754 211 483
400 207 237
567 659 480
283 112 408
12 688 375
208 914 562
757 370 755
260 213 559
398 827 953
1 34 270
169 283 143
211 640 492
710 160 588
615 612 941
851 386 536
689 51 202
518 184 884
797 754 983
428 201 82
420 841 306
441 769 308
150 428 112
457 269 454
439 584 269
630 482 347
63 906 284
356 88 571
108 259 219
29 204 439
493 340 220
94 149 753
133 773 406
159 743 323
275 346 252
534 117 964
68 735 673
912 494 865
95 664 342
1 631 528
81 54 233
606 78 820
125 308 244
908 94 496
370 64 881
281 343 912
50 133 3
14 280 67
354 775 168
895 924 175
59 395 320
492 917 536
585 791 945
899 746 759
768 461 334
284 532 793
842 701 734
132 656 495
339 705 243
75 366 286
740 281 376
71 280 202
585 684 928
169 680 452
807 680 50
586 589 641
859 623 731
539 894 39
697 758 55
23 187 637
65 365 561
444 763 611
831 6 437
566 595 578
57 314 629
563 172 9
653 465 682
386 828 988
792 587 166
150 855 476
386 913 513
46 114 911
26 468 899
331 565 892
862 180 327
13 910 795
169 88 690
104 672 192
798 414 923
820 446 832
457 761 933
352 222 197
2 548 501
721 507 881
459 198 83
331 712 147
343 648 989
553 523 521
696 838 506
386 852 820
784 121 643
134 74 854
633 726 764
344 838 351
134 426 431
111 149 954
339 223 405
742 662 888
217 581 234
571 249 652
895 490 353
514 125 438
203 130 842
231 399 462
249 141 156
342 826 971
151 854 167
353 814 474
259 753 347
109 386 681
76 651 642
704 379 357
798 408 692
522 818 671
620 204 787
176 282 519
915 49 534
533 260 894
437 543 139
53 520 306
882 519 86
9 382 403
795 741 422
631 720 429
231 7 760
623 292 933
21 331 440
57 796 262
544 501 503
738 197 364
702 12 352
588 802 911
545 502 853
441 133 885
88 588 17
528 594 338
1 230 697
766 505 226
274 76 801
354 497 526
159 51 851
920 370 731
489 509 627
737 334 329
296 354 812
897 893 393
79 889 965
539 742 17
797 393 812
391 329 142
473 160 738
861 57 329
282 68 87
502 760 15
182 656 807
634 83 147
450 167 238
551 536 289
758 443 913
211 225 48
346 64 406
477 81 800
460 320 452
412 200 197
206 672 670
907 357 427
223 252 425
92 446 486
546 522 808
481 117 911
8 209 40
456 300 814
72 370 445
554 906 717
902 242 17
594 289 420
790 479 102
674 648 472
895 403 647
555 208 291
373 654 681
707 195 824
270 187 56
445 94 600
322 719 229
329 461 167
59 553 668
749 426 174
669 60 917
799 756 497
359 685 213
696 250 172
210 61 444
178 81 710
863 821 739
21 710 587
611 148 574
452 530 145
335 814 696
450 823 553
783 851 213
859 755 112
691 810 989
904 519 914
69 84 425
527 580 436
421 901 371
662 790 624
397 348 950
708 668 973
227 339 596
573 226 620
112 155 589
906 364 348
665 599 895
209 767 237
658 261 686
313 29 200
721 41 633
293 617 130
689 751 771
610 40 592
620 33 388
269 907 528
682 483 118
517 242 883
539 497 45
378 17 940
911 528 762
400 918 649
320 147 727
524 101 852
88 244 595
498 73 572
272 131 712
196 658 95
327 899 71
12 432 790
2 349 535
842 594 678
211 918 292
490 873 495
523 424 89
801 696 327
610 380 888
586 463 86
162 458 824
51 170 951
693 694 944
200 489 691
30 634 223
143 414 155
632 488 379
247 154 224
596 803 458
345 431 29
341 253 13
672 387 973
25 871 240
643 584 423
824 529 601
2 821 452
678 758 303
421 801 860
638 364 203
705 220 808
183 268 891
410 383 569
455 142 701
424 707 376
59 142 260
358 330 59
189 576 19
83 901 842
736 196 286
535 912 710
543 487 6
476 43 621
323 429 44
346 637 289
172 332 803
14 709 173
70 154 144
905 470 338
134 688 77
865 188 358
879 737 2
59 0 445
896 824 553
95 247 357
110 72 27
859 420 94
258 815 499
216 574 543
853 794 549
470 704 571
180 660 812
829 344 607
912 778 951
164 260 415
260 59 111
860 578 652
80 839 14
640 767 124
811 286 675
115 168 570
61 16 624
84 283 482
882 24 594
360 332 746
698 873 904
898 250 651
715 844 213
372 615 818
428 743 782
227 843 782
703 900 811
678 76 180
722 485 406
753 209 748
526 267 939
782 337 162
526 806 241
388 668 578
551 297 326
42 822 505
399 583 351
784 383 486
756 439 357
559 466 412
848 773 679
589 227 719
253 844 408
172 499 690
317 444 528
397 107 300
213 856 837
657 161 376
147 574 144
379 466 669
656 603 696
195 503 72
517 422 383
913 632 552
662 795 316
769 684 925
166 802 461
38 23 140
227 98 904
916 858 527
684 341 837
416 623 990
654 917 471
483 583 99
904 175 964
923 665 75
238 260 198
828 192 349
785 149 36
345 813 608
316 709 122
128 345 775
677 452 800
263 274 359
324 901 825
655 740 332
402 48 579
710 409 537
605 710 494
346 185 943
807 506 836
314 159 748
333 606 465
517 20 708
525 116 191
385 502 392
374 869 671
803 737 770
337 833 746
65 266 706
897 153 818
113 701 107
834 409 996
354 196 420
70 781 726
630 751 522
1 635 135
789 690 607
20 619 793
221 99 727
202 891 708
500 902 835
273 16 668
898 283 292
886 336 358
915 189 852
425 303 358
329 649 31
183 477 830
330 16 3
752 211 786
205 500 913
450 166 239
325 178 889
174 528 292
436 266 533
486 236 231
539 358 338
161 463 693
283 269 835
383 785 502
650 174 281
179 742 202
390 186 982
334 774 794
380 231 330
26 756 860
538 312 52
770 322 662
785 253 32
571 780 287
26 335 128
891 817 374
158 602 636
119 657 737
494 116 266
171 560 754
685 588 755
107 621 882
709 788 446
520 827 806
685 49 84
54 651 678
869 7 672
555 382 495
614 447 584
918 348 894
805 23 589
674 333 369
631 22 522
756 232 84
195 620 792
525 421 27
689 281 24
623 315 468
51 207 402
523 828 157
739 259 900
88 844 682
31 923 121
438 508 675
68 581 572
904 104 647
215 339 586
816 35 204
300 624 544
372 110 97
638 163 293
200 730 159
207 343 190
122 187 221
491 571 75
244 58 26
197 508 851
409 430 620
146 692 919
614 26 445
621 849 547
172 705 344
121 377 772
285 16 646
911 633 930
202 586 342
203 243 749
500 148 149
661 175 667
160 328 742
405 857 940
282 808 56
8 675 648
602 893 293
373 541 76
794 311 410
645 700 976
875 283 651
93 655 323
828 596 539
690 166 816
742 163 489
312 615 137
276 12 361
512 867 321
830 386 458
372 811 426
451 889 982
450 541 453
468 307 375
361 894 757
703 757 936
83 157 553
268 82 841
29 312 535
619 559 327
623 545 743
568 136 253
719 400 65
889 462 872
271 487 206
367 418 485
365 633 935
53 755 570
170 756 279
693 436 898
802 460 372
113 338 49
655 508 183
549 785 583
822 462 446
254 472 646
838 45 680
633 29 901
838 652 866
147 621 320
512 704 32
307 557 739
596 548 191
764 671 301
510 654 43
664 885 147
923 400 774
397 379 892
599 577 654
91 394 568
2 720 573
231 367 737
263 462 421
138 711 718
849 534 856
214 104 845
83 394 694
531 252 692
34 879 860
65 479 153
212 801 742
62 241 16
746 376 693
873 692 6
65 707 141
472 329 561
367 656 49
253 820 515
852 451 636
523 921 826
328 903 276
24 321 421
158 408 784
818 64 231
280 399 867
290 668 526
337 537 451
684 147 708
356 242 569
477 618 641
703 909 1000
889 399 508
588 131 68
889 777 977
636 164 782
755 510 321
49 450 907
461 16 31
459 631 173
314 916 431
743 83 764
580 854 722
96 566 524
177 512 340
800 874 799
250 344 111
500 854 318
103 344 681
852 858 468
304 347 985
867 120 673
490 55 123
304 827 708
88 526 361
288 621 695
712 872 587
282 596 996
284 490 477
656 258 718
728 749 449
212 195 487
747 675 754
96 411 987
93 7 415
158 332 591
345 673 511
444 258 571
245 448 983
766 491 123
563 278 735
570 798 814
60 84 470
729 63 644
223 346 134
593 75 111
694 777 687
440 638 219
574 243 995
291 571 979
817 207 472
46 791 763
209 155 191
659 312 804
302 405 627
144 512 383
241 47 656
635 320 876
443 835 901
159 548 744
670 424 233
692 166 741
234 458 907
673 323 94
676 901 95
410 683 762
840 688 111
915 43 831
294 747 713
136 55 478
867 860 732
730 626 643
414 336 368
617 495 434
525 849 694
392 891 711
401 677 26
511 403 151
228 50 952
368 783 832
641 120 212
223 385 995
744 839 330
381 326 251
663 437 22
568 496 734
284 186 671
611 852 676
336 482 447
848 427 222
129 755 843
890 317 602
431 709 436
599 495 580
132 95 142
307 710 31
382 411 558
41 717 833
8 517 626
533 264 143
315 7 996
862 655 879
813 418 735
831 238 195
483 759 328
361 848 780
187 697 528
487 642 504
819 211 43
237 764 522
503 362 757
764 611 670
675 729 987
294 859 717
823 587 232
591 603 271
335 463 566
131 754 826
136 428 848
910 504 570
791 594 931
524 280 192
76 821 17
189 386 343
444 554 51
779 111 522
56 246 98
877 704 477
180 915 989
732 554 288
211 715 483
686 591 155
734 542 932
151 238 687
835 30 985
95 581 619
705 662 629
35 668 415
392 582 909
420 743 128
859 907 639
455 637 170
229 662 488
735 227 955
275 456 775
132 195 612
522 746 845
250 103 451
544 156 949
551 373 811
91 259 800
550 511 473
239 715 635
741 23 34
577 60 169
513 540 393
291 487 424
727 790 307
134 191 497
462 867 721
411 640 201
676 702 920
27 241 136
230 580 282
389 656 563
563 192 506
433 20 873
587 716 639
441 778 972
666 870 573
208 28 509
873 75 360
921 602 276
488 770 442
768 644 945
619 137 360
683 123 78
12 179 554
187 574 226
267 24 295
791 454 356
243 350 365
648 787 150
713 848 585
28 533 871
824 372 655
478 913 809
102 890 361
434 799 371
683 608 409
752 810 166
853 199 983
359 902 900
861 888 246
636 878 334
568 902 672
754 166 51
708 868 378
615 876 763
834 41 478
13 130 157
14 150 940
867 320 129
322 570 396
520 502 786
380 857 925
763 360 816
51 539 234
623 349 987
315 263 140
652 522 800
109 298 971
191 721 782
512 548 760
240 668 825
881 652 100
630 757 186
923 872 279
65 900 534
585 473 982
464 335 176
636 782 150
501 156 199
628 521 278
169 475 665
849 436 707
564 924 614
580 203 433
30 67 1
650 697 553
331 72 135
389 129 247
192 830 440
664 869 873
336 477 773
250 112 746
862 528 595
867 864 96
305 10 941
752 501 751
286 114 264
731 681 26
66 722 179
415 816 259
436 909 217
523 212 617
783 112 428
13 501 27
899 672 803
435 39 655
417 342 604
322 670 417
909 287 843
816 565 81
176 143 623
286 712 146
751 921 399
70 22 267
94 283 701
653 26 473
172 120 927
253 593 167
455 184 235
342 137 605
908 227 530
485 378 763
385 258 240
759 256 727
365 441 754
635 35 142
613 625 429
0 922 294
865 698 833
560 105 532
138 134 230
886 200 838
681 366 882
465 28 306
12 352 624
371 2 359
398 282 407
117 512 299
633 773 278
573 369 242
516 54 890
701 99 93
146 408 403
820 806 394
250 614 857
92 239 195
610 774 82
862 100 420
249 289 267
875 63 638
217 283 675
706 589 362
439 700 705
890 119 692
513 195 683
360 458 473
39 843 257
860 403 364
828 919 943
268 174 174
287 343 166
233 764 351
21 72 329
33 424 115
566 68 547
771 489 610
404 205 469
531 781 76
745 261 154
22 286 875
547 393 716
255 543 440
77 819 428
648 94 705
802 851 992
347 106 323
630 820 932
390 12 894
796 185 937
487 417 195
908 480 449
370 625 577
880 815 740
807 14 181
529 25 206
810 853 530
308 249 646
905 547 339
649 630 422
148 605 69
873 857 175
339 303 640
26 111 974
368 243 8
760 818 801
135 422 959
902 154 744
1 597 644
97 86 88
631 737 824
917 538 195
580 69 152
692 438 84
721 715 82
380 519 568
543 635 251
688 415 389
278 94 497
887 539 273
88 91 732
699 837 105
358 360 242
42 893 336
841 593 970
438 348 988
599 160 460
88 423 76
95 802 240
9 846 320
748 52 532
634 461 975
580 761 888
69 341 565
813 364 13
673 242 194
351 679 518
778 456 600
255 413 643
200 556 886
366 221 957
209 858 57
492 363 729
389 799 21
675 322 451
232 41 571
74 199 797
122 819 208
649 214 872
702 859 955
294 71 1000
344 742 571
857 914 87
277 602 52
341 909 141
241 297 265
423 538 574
415 557 152
129 22 849
573 193 28
541 814 247
667 5 819
623 702 224
525 351 16
595 771 76
443 721 18
569 314 874
60 420 630
433 107 790
892 448 512
339 784 94
35 431 608
805 811 8
365 686 357
474 880 468
2 785 698
549 438 612
381 826 324
881 92 925
385 402 872
130 916 538
577 529 464
251 335 934
177 801 888
908 856 359
335 809 41
686 883 405
25 812 701
508 386 891
719 382 95
458 237 275
30 648 751
324 341 728
880 25 859
696 214 738
365 808 627
338 881 230
915 29 36
665 525 850
158 52 608
820 878 886
42 759 455
130 693 983
298 59 850
860 517 770
659 796 10
295 572 434
259 684 427
724 42 976
376 279 379
630 558 762
78 669 796
879 224 574
416 219 796
303 92 223
214 359 382
118 419 462
637 166 380
157 693 241
442 538 416
872 810 508
213 898 90
236 126 848
853 252 122
279 426 401
565 474 873
378 717 161
525 616 481
547 142 597
251 368 502
406 722 311
520 858 537
450 207 481
434 702 499
578 104 405
171 607 42
826 476 869
225 37 531
297 804 136
701 16 369
619 258 582
371 193 250
825 311 329
247 759 890
464 93 428
546 364 440
256 11 839
335 426 301
494 446 923
877 838 398
272 819 311
436 841 448
908 450 695
262 48 561
227 721 927
526 351 653
37 209 910
715 314 980
184 621 631
494 310 372
180 521 829
697 408 713
766 181 95
837 815 714
201 695 209
890 726 10
265 14 710
201 22 41
468 260 965
565 522 518
820 791 82
202 305 123
186 656 403
496 521 664
193 354 723
78 317 917
174 668 64
875 461 826
544 647 275
674 30 371
202 329 447
396 7 302
642 343 656
741 872 739
905 596 267
626 202 278
211 900 418
347 533 881
705 285 506
304 866 826
34 174 678
466 857 241
296 830 513
736 593 101
726 343 186
876 465 11
627 847 842
510 489 958
328 40 157
77 647 667
487 239 412
337 571 714
571 189 531
304 80 375
163 137 891
317 465 233
23 667 278
256 459 380
412 544 884
753 660 973
105 178 36
551 392 804
143 145 636
886 891 190
696 654 198
34 485 432
190 458 940
25 13 615
288 641 976
577 308 261
804 722 973
790 91 456
422 649 28
442 533 527
619 589 747
807 443 344
505 27 405
555 386 2
67 105 89
387 224 902
395 544 385
84 739 382
364 56 127
540 362 428
321 18 229
317 91 898
319 595 351
231 333 221
140 642 223
235 371 254
22 844 808
395 51 279
361 672 617
594 171 651
628 751 64
498 130 549
588 403 515
507 124 946
512 122 443
314 300 270
358 532 306
922 34 241
311 721 58
509 434 58
421 309 724
568 725 257
269 730 491
855 611 356
478 689 975
863 117 341
738 259 696
527 833 899
900 693 454
257 176 803
690 512 50
298 698 813
186 344 956
97 685 667
636 230 595
490 590 891
736 594 833
159 92 611
351 705 115
316 453 475
472 22 65
600 343 959
366 356 260
98 776 414
689 36 948
111 31 316
683 122 313
680 623 210
391 552 368
805 495 661
294 483 53
393 893 446
234 359 670
557 331 845
133 351 274
95 158 588
849 421 47
655 179 949
33 195 347
82 545 640
837 626 789
589 568 840
204 288 575
774 722 371
732 405 494
681 659 508
827 266 426
661 667 934
235 815 315
324 53 652
593 468 90
309 173 888
219 411 349
51 52 186
32 610 501
835 82 864
659 822 881
488 852 978
250 149 166
82 350 293
23 448 589
897 432 710
330 373 626
812 353 425
783 219 53
242 469 443
680 226 36
651 454 233
647 115 942
426 13 279
702 402 686
881 458 232
557 75 61
87 554 610
530 724 617
856 809 5
209 801 347
502 200 978
348 125 686
13 487 272
144 663 671
880 162 581
185 623 973
543 380 637
36 764 234
856 328 581
901 411 560
252 794 47
494 598 978
594 266 153
26 587 859
457 168 792
576 738 407
626 719 726
295 867 947
423 845 178
698 226 658
785 734 259
663 660 377
75 846 782
664 503 1
157 397 443
259 192 178
646 330 137
889 914 223
319 453 604
543 750 388
699 145 590
851 794 259
785 394 348
790 576 256
368 568 898
855 641 595
350 594 588
12 483 576
59 351 201
661 452 41
886 244 829
701 465 52
573 557 52
787 451 288
658 838 122
443 45 768
727 353 157
636 157 747
751 331 949
574 845 53
410 476 932
238 224 755
810 242 68
223 717 612
865 171 759
551 343 949
211 613 457
531 222 996
164 350 982
808 474 770
766 783 921
378 36 238
522 752 857
879 333 677
505 124 522
496 234 376
872 345 360
554 667 959
169 392 726
617 413 521
203 769 775
910 271 963
102 485 986
579 142 134
845 82 74
300 757 379
817 869 69
549 143 429
924 671 181
276 201 230
423 256 154
175 703 438
558 832 894
638 877 782
593 917 844
512 562 221
199 875 341
783 798 298
86 475 917
749 916 91
775 560 790
732 12 191
446 24 744
335 120 245
587 219 299
539 544 504
480 356 406
29 403 21
589 1 726
318 190 1
199 650 333
412 119 103
395 177 557
663 165 937
315 769 93
733 875 584
789 757 772
411 139 93
93 606 118
923 558 438
350 254 38
798 678 271
111 704 512
665 630 368
648 330 857
146 352 793
202 453 998
608 292 595
613 643 718
483 351 371
460 495 505
257 86 397
659 199 99
381 771 202
19 905 670
284 463 6
290 466 22
845 76 251
167 446 971
38 726 962
708 810 254
259 181 883
499 60 862
885 363 104
612 827 2
646 584 556
651 79 749
68 336 219
621 572 697
314 266 214
582 178 109
768 872 782
790 140 545
13 539 660
313 743 751
19 192 88
624 772 784
96 911 863
396 734 223
414 754 64
538 578 958
70 247 273
17 855 723
180 440 608
106 656 229
749 635 646
836 260 873
155 86 947
203 702 379
557 718 555
282 822 47
242 62 536
625 643 332
365 715 967
272 406 256
39 543 32
187 581 697
401 470 737
214 888 392
360 901 1
881 837 905
489 107 415
373 773 413
262 443 19
487 74 633
76 279 690
648 574 354
598 6 218
536 51 938
89 346 644
12 372 683
648 100 910
77 871 675
756 529 382
128 609 237
121 650 373
523 783 952
911 318 562
809 141 623
464 826 662
550 165 440
110 557 878
325 924 523
620 201 389
466 90 554
343 227 683
911 521 429
328 289 282
117 627 162
228 394 283
840 314 814
15 374 602
149 39 233
465 455 580
358 483 833
228 625 504
636 884 819
438 513 53
201 114 547
778 285 377
31 765 854
788 77 736
882 688 451
839 819 950
820 894 277
642 544 64
790 784 31
381 258 835
417 688 206
138 731 258
821 919 351
554 271 780
147 66 163
547 620 261
60 728 25
468 575 344
376 680 518
96 704 993
180 159 200
220 120 912
171 887 822
174 251 134
688 810 150
796 366 279
246 36 60
292 794 668
413 357 906
392 304 838
836 318 821
711 327 9
777 576 427
447 836 544
476 682 322
771 40 271
472 562 548
923 615 237
653 586 876
519 383 890
535 550 776
763 142 551
215 106 594
502 799 236
623 35 177
244 120 690
164 793 637
433 309 927
601 210 403
911 411 691
661 690 169
521 152 523
364 332 327
300 886 157
884 261 208
413 327 117
624 430 229
42 635 864
219 122 876
572 264 691
923 892 737
789 513 401
96 195 247
763 373 892
60 373 722
307 425 767
529 816 996
282 566 735
564 813 785
746 331 476
833 243 203
817 238 547
770 265 219
635 913 518
45 513 712
922 303 386
518 343 878
56 340 16
210 713 528
312 261 479
539 856 528
820 693 355
715 526 756
728 201 447
847 549 577
118 460 817
919 219 717
463 923 416
278 636 686
600 675 546
591 336 283
192 341 186
912 421 182
881 618 893
12 546 18
869 398 685
87 461 183
153 580 715
189 484 55
313 824 256
546 635 872
152 615 437
356 127 950
784 570 96
321 11 6
773 63 391
259 390 197
5 524 123
454 272 247
503 206 18
327 64 399
868 915 918
413 67 975
642 397 291
286 150 458
331 381 950
345 34 827
315 822 663
675 193 407
36 816 789
102 687 884
908 791 917
76 677 457
371 788 469
852 510 191
472 379 784
482 876 889
148 704 142
368 821 92
422 208 482
228 178 31
789 96 309
774 108 431
598 746 912
96 529 749
738 364 4
36 273 680
16 8 183
230 799 736
593 438 944
55 673 152
525 202 238
84 102 779
161 833 891
379 369 399
739 284 806
164 71 105
406 793 272
737 572 225
733 437 462
19 408 628
379 718 995
463 51 495
624 257 326
274 603 816
341 52 757
456 336 31
374 154 948
244 406 433
99 25 933
736 454 954
549 296 625
569 218 416
428 822 117
585 592 366
369 734 429
841 438 215
788 562 254
85 814 276
801 414 557
143 36 57
159 328 493
814 624 582
812 890 901
159 227 703
613 460 550
658 482 679
600 25 696
440 892 133
108 542 830
862 262 629
80 500 861
403 236 616
560 604 792
867 431 647
915 657 555
539 667 513
625 739 412
91 293 232
4 603 21
262 569 738
454 350 686
793 29 631
227 511 766
122 903 889
543 194 745
879 109 255
1 451 636
56 703 735
760 841 531
371 249 173
563 293 750
438 131 324
536 711 993
854 476 414
889 92 233
194 584 679
348 25 403
210 345 273
707 709 513
631 562 778
109 630 629
354 498 977
72 595 271
133 484 555
162 245 862
425 112 261
160 488 770
825 624 143
355 219 455
448 281 342
663 323 429
337 312 372
483 20 115
613 888 583
870 606 702
295 152 331
905 222 388
409 807 853
791 852 673
674 619 420
170 541 664
573 32 755
449 101 302
391 32 8
98 319 933
394 217 745
119 167 135
262 788 166
806 749 183
127 885 588
851 920 254
87 579 403
276 320 14
737 248 889
802 344 466
284 584 966
461 102 252
901 540 607
317 237 809
245 84 495
157 457 158
493 418 629
613 142 183
506 34 159
400 86 18
138 172 370
595 195 848
586 260 680
403 794 667
404 799 843
329 34 278
580 384 43
176 868 869
264 100 282
682 379 182
915 402 559
118 90 420
8 844 800
590 701 823
400 877 11
494 370 657
20 469 79
376 706 978
364 622 920
807 155 307
706 496 169
660 442 275
448 756 742
127 368 374
258 249 155
451 651 679
33 900 230
455 800 240
815 277 934
607 745 460
508 580 407
161 503 442
205 315 222
593 921 915
179 574 892
346 844 61
768 665 726
338 787 52
891 858 859
288 539 394
285 339 463
113 295 38
903 883 958
506 223 856
316 575 862
923 192 205
403 743 537
520 293 191
648 583 338
238 295 856
410 33 492
540 921 156
875 266 507
540 527 609
65 355 137
285 312 49
362 882 318
565 604 839
589 913 905
825 850 201
686 369 633
469 399 791
499 43 816
831 754 824
824 627 453
173 75 23
328 197 648
751 662 329
371 514 5
779 63 406
414 435 73
62 503 800
882 28 374
660 11 767
431 906 306
598 217 526
855 369 360
575 594 387
452 875 93
45 439 797
347 393 824
584 768 491
55 33 687
767 156 284
866 631 86
551 337 756
83 922 371
739 669 572
596 754 476
417 922 574
216 361 517
332 752 6
182 296 640
658 73 5
200 490 228
478 627 679
159 141 889
156 610 740
225 788 786
389 703 622
144 130 390
589 178 972
281 896 181
904 332 68
635 232 826
664 341 682
617 281 643
860 823 106
240 237 537
41 186 263
863 593 884
638 503 712
626 327 683
351 486 838
808 648 779
895 276 728
899 423 680
405 441 992
138 520 446
63 468 107
660 888 879
570 883 829
192 852 669
516 10 241
768 152 940
200 524 621
299 419 273
336 130 416
889 33 196
595 241 88
875 708 586
606 469 123
131 901 914
539 744 368
391 707 500
622 501 908
798 98 0
890 478 518
99 776 306
241 759 473
379 159 834
768 607 479
663 639 40
878 839 292
598 422 806
401 503 65
854 701 373
812 737 224
657 479 269
722 619 353
287 907 352
503 292 732
570 164 671
906 895 144
809 503 684
907 741 45
319 466 617
475 857 130
794 563 753
454 541 191
811 394 727
736 532 755
745 493 242
122 322 821
843 319 35
824 353 960
119 824 181
255 167 465
860 572 112
137 234 795
765 673 58
476 162 820
795 378 543
18 630 967
708 262 7
246 289 78
524 836 824
598 656 788
108 390 572
321 341 821
238 756 914
777 296 522
295 184 388
743 484 489
196 750 331
480 622 614
509 477 667
136 379 528
107 498 371
428 675 807
697 248 659
344 154 19
162 400 916
657 791 885
291 249 590
418 330 898
744 907 989
25 228 765
25 665 748
354 511 852
66 103 779
90 52 760
841 653 615
503 267 529
677 472 473
827 97 874
496 850 710
692 138 828
325 333 800
804 165 120
385 199 154
449 847 883
254 144 498
105 815 166
123 390 958
343 17 914
381 23 184
891 532 373
312 216 964
685 161 635
675 770 761
431 516 670
543 824 351
228 59 871
408 354 686
462 397 542
199 88 322
516 739 736
214 202 98
497 125 231
255 643 422
455 904 757
258 346 480
244 167 498
617 116 629
529 709 831
151 846 216
190 790 963
660 590 820
222 468 444
829 391 330
269 197 34
461 392 719
505 129 928
103 370 776
436 481 206
221 334 215
429 302 433
18 880 261
49 279 260
7 57 433
206 839 285
119 686 332
62 17 494
751 727 218
233 486 380
844 645 347
684 375 169
776 211 890
724 654 962
614 62 142
201 251 533
641 776 206
80 700 141
322 359 744
299 860 231
263 882 586
843 420 205
604 559 222
324 308 232
355 71 468
33 636 175
407 143 895
359 613 266
461 593 965
532 330 359
282 785 702
904 208 264
490 208 989
124 352 720
583 340 329
204 276 727
765 308 17
228 152 261
188 876 826
304 212 632
682 256 944
263 718 22
905 675 58
481 696 345
57 343 652
703 361 877
356 678 381
396 196 248
361 700 728
810 809 587
276 174 593
869 523 648
38 180 555
103 84 35
230 622 341
584 538 656
487 904 50
553 643 90
807 17 360
105 375 712
171 760 821
862 825 695
216 714 452
881 809 941
869 612 190
507 768 225
153 740 853
239 730 83
466 668 893
342 769 867
691 38 95
788 451 566
566 305 283
774 44 100
628 738 595
851 740 705
355 34 783
825 621 355
460 623 124
799 304 782
31 278 133
218 285 29
661 127 614
746 233 26
653 613 136
757 571 226
330 513 988
591 753 597
664 820 849
582 858 772
452 587 50
758 5 706
466 171 502
817 24 240
441 342 178
491 142 366
789 66 116
579 803 862
109 91 219
817 67 935
314 895 20
441 403 85
899 873 96
799 619 555
259 381 556
324 469 658
212 329 826
140 145 791
58 196 801
825 192 590
353 162 490
923 483 471
761 679 938
24 326 415
828 431 832
233 871 499
471 113 219
556 245 890
43 755 584
242 596 12
521 766 732
590 834 240
868 58 771
387 394 15
163 805 986
397 176 641
423 718 585
525 210 684
543 616 606
208 860 3
117 331 760
541 781 154
240 698 530
236 545 600
369 220 118
628 147 497
354 254 56
639 458 81
623 673 863
645 468 30
641 392 21
551 267 234
299 549 291
742 801 510
20 214 540
349 575 794
19 899 64
206 875 133
343 874 19
337 198 855
579 205 196
421 490 105
778 246 554
631 802 619
534 297 964
872 54 912
445 299 973
540 599 702
829 279 556
680 580 891
576 41 522
667 117 384
241 489 581
904 296 135
731 819 39
321 380 887
839 607 21
905 716 518
177 592 515
822 447 386
779 753 45
138 555 756
303 792 526
12 427 507
703 455 208
898 563 515
290 355 45
354 7 288
900 809 290
414 346 271
767 177 709
565 406 687
606 398 65
893 699 751
434 75 95
452 480 383
96 894 606
95 733 562
38 543 465
821 162 257
336 69 218
210 116 661
402 451 698
689 667 435
24 486 21
606 895 883
527 631 361
544 231 309
544 587 505
310 441 571
488 39 403
886 732 948
635 860 608
875 168 878
187 114 40
414 617 486
277 162 241
738 82 758
533 415 52
518 691 736
60 831 622
897 217 712
323 878 574
336 843 969
311 670 637
902 846 728
703 75 752
343 174 386
363 449 126
611 496 167
71 767 347
648 470 318
597 741 29
535 437 628
32 400 579
722 244 456
755 340 647
254 349 150
881 361 335
396 245 69
654 527 97
287 826 589
56 523 336
75 283 769
262 485 849
469 131 49
601 135 483
920 645 801
409 79 556
777 388 152
512 329 446
848 802 223
826 546 413
614 493 844
607 182 908
745 416 737
688 716 364
894 264 115
158 770 89
794 469 684
675 425 337
766 355 525
400 757 814
504 165 235
341 10 446
14 408 994
53 217 694
680 904 442
628 114 230
741 664 566
893 870 904
349 49 473
877 119 915
156 727 773
125 164 529
194 38 899
568 243 723
920 840 325
325 626 623
803 874 370
567 583 430
772 52 866
372 453 377
725 37 678
127 229 927
832 420 292
678 252 858
34 206 444
417 744 798
129 219 640
787 913 142
254 773 946
461 367 965
724 488 657
4 586 61
236 164 384
606 456 40
174 458 362
746 198 462
54 662 873
304 15 401
433 664 676
519 132 55
514 270 927
385 115 934
820 159 44
104 232 43
140 635 655
809 198 508
107 534 971
775 672 477
115 513 9
891 708 656
636 266 555
735 904 436
292 674 434
554 743 608
345 887 112
124 871 543
906 833 301
263 138 425
114 730 221
432 276 650
140 114 754
757 908 385
680 705 121
185 492 608
607 263 258
70 728 682
241 700 889
833 561 95
882 125 616
704 546 255
680 292 925
176 391 104
379 639 87
754 227 238
902 624 512
207 435 333
48 305 306
676 311 446
257 270 705
441 242 787
392 890 445
70 652 788
55 875 232
664 59 545
899 143 738
856 72 871
443 462 46
294 719 474
374 214 175
709 96 496
307 317 391
808 318 693
746 434 150
187 6 793
142 18 869
790 90 544
544 679 288
302 591 819
367 649 993
498 696 144
40 50 530
857 66 611
501 346 567
541 218 929
664 589 455
761 755 409
617 347 285
355 488 816
827 436 393
645 115 96
393 456 692
819 363 753
466 298 128
69 888 141
9 63 835
686 625 281
269 700 990
460 642 578
642 337 905
829 750 759
41 330 850
394 863 185
756 844 632
913 674 911
343 734 97
102 197 320
4 309 589
109 855 20
367 402 842
118 168 36
375 356 566
445 450 967
422 817 340
240 162 959
394 549 635
765 202 182
897 877 304
748 415 125
578 307 601
172 86 54
866 312 231
169 449 814
363 20 874
54 323 581
845 346 832
432 740 308
179 919 318
782 331 456
507 319 372
68 45 776
663 475 666
474 207 102
841 535 390
892 797 865
427 539 430
165 194 657
810 184 328
880 844 385
192 47 61
173 236 131
792 261 608
280 856 21
182 167 604
156 280 731
570 49 270
446 570 160
536 413 14
153 232 485
853 815 41
265 459 407
180 510 27
75 628 823
632 873 816
310 443 532
602 654 596
145 395 709
582 2 588
115 695 827
608 331 269
464 667 210
792 628 977
234 826 249
589 747 170
539 779 338
726 657 34
720 134 814
198 39 59
674 822 203
69 92 384
829 639 888
899 488 398
41 503 338
153 332 245
343 755 440
173 648 2
673 466 388
30 884 632
426 256 123
319 245 386
405 361 934
920 561 636
494 242 766
627 337 762
790 118 164
759 144 689
406 355 872
461 219 809
42 626 959
69 831 581
489 479 258
793 837 953
185 877 943
807 599 58
130 582 912
31 47 270
784 690 239
236 308 987
489 291 303
412 858 88
23 836 53
384 827 831
406 630 825
519 188 899
748 169 9
19 700 439
193 225 847
541 321 916
805 255 740
742 900 431
578 641 31
559 764 617
37 647 332
715 923 731
214 580 410
654 290 240
478 30 552
91 492 296
21 77 589
693 482 206
502 498 255
893 666 279
140 769 22
370 388 558
669 341 660
724 685 208
603 155 2
792 683 383
220 379 116
418 848 557
871 139 445
338 599 37
607 781 548
662 201 502
672 303 622
674 658 449
619 74 311
682 627 898
379 279 143
676 534 871
860 58 712
591 252 348
253 505 967
28 264 566
783 97 381
436 52 504
435 657 963
204 221 460
98 295 249
691 560 642
167 204 169
123 474 912
666 116 506
795 391 79
634 246 690
881 680 649
52 429 306
287 727 414
177 867 695
368 645 881
73 562 819
899 476 930
256 324 608
135 89 536
258 744 168
529 844 418
187 664 714
619 869 608
443 912 116
506 625 421
37 255 20
62 287 522
670 796 226
810 844 687
74 43 733
146 364 100
561 276 714
637 479 376
615 118 539
730 710 393
403 630 822
755 135 449
265 481 237
354 677 12
772 313 202
277 854 95
419 504 334
435 549 816
645 429 790
418 802 469
798 392 802
579 451 396
131 678 969
877 182 296
274 489 815
141 887 732
642 574 987
910 113 385
167 547 526
283 44 139
449 452 483
611 98 563
709 886 919
492 920 841
822 871 597
830 621 349
690 719 803
314 488 259
829 92 608
672 91 687
22 422 249
138 785 866
653 380 456
359 419 266
427 740 107
868 668 629
16 239 12
504 124 135
821 181 189
622 370 971
464 650 461
130 631 682
614 425 801
655 194 252
296 120 891
282 369 693
112 568 8
773 171 691
508 266 722
232 449 810
27 193 724
179 26 996
212 207 426
495 855 612
489 135 91
816 540 711
280 368 804
730 432 264
375 431 595
823 444 931
786 596 21
810 40 986
571 22 915
252 447 557
94 828 963
876 867 932
886 10 822
195 30 494
384 710 512
469 761 419
456 661 485
875 843 629
168 747 708
821 781 815
50 746 150
560 116 677
280 716 442
284 849 65
155 766 263
663 733 932
719 851 115
39 472 629
629 803 733
588 201 587
115 812 424
732 453 226
924 649 138
690 452 144
224 170 595
104 70 852
243 200 780
511 603 605
868 590 688
757 417 438
716 347 241
272 602 91
337 700 593
68 573 214
825 376 913
4 815 528
726 235 526
82 344 1
34 559 725
192 26 993
239 150 588
160 672 731
122 787 687
236 36 465
375 246 481
494 782 900
372 556 929
858 885 824
106 836 30
23 61 850
768 534 123
339 776 93
530 270 375
534 106 626
656 790 158
119 652 234
732 445 2
205 415 775
773 605 682
142 40 772
608 227 614
659 436 707
526 685 671
558 240 299
553 922 607
405 225 713
761 574 858
678 480 8
133 565 783
531 586 627
188 728 497
344 92 397
199 28 642
874 813 182
303 418 75
693 645 141
415 554 512
497 363 423
568 69 458
643 410 185
220 889 324
558 127 113
655 100 290
865 913 692
775 324 816
165 48 767
411 275 284
677 185 210
