35 728 34 4
22 24
35 8
6 3
3 30
20 29
13 15
25 4
13 26
23 3
10 26
33 32
6 21
32 24
24 22
28 23
32 27
23 8
34 28
23 13
34 7
6 11
22 30
26 11
20 26
25 7
16 22
15 34
19 11
22 8
9 27
7 17
18 29
2 16
33 24
6 31
30 11
18 28
18 20
16 14
10 5
20 3
4 11
13 22
33 34
6 2
12 35
31 17
1 24
14 24
29 21
30 4
3 35
33 23
27 12
9 8
8 23
11 19
35 10
28 11
15 11
12 4
10 8
32 22
8 11
22 1
31 16
16 11
27 14
33 18
25 18
3 32
6 25
27 17
34 20
27 26
7 16
6 16
35 2
2 7
24 23
7 32
15 34
7 19
12 16
13 33
15 22
15 5
25 32
15 21
35 17
27 15
22 7
14 1
20 32
24 19
15 32
34 14
3 17
25 30
29 15
5 21
1 19
25 27
16 11
27 33
2 18
31 21
9 31
17 5
32 1
20 28
34 10
8 27
34 2
32 25
6 17
25 2
18 27
28 34
14 31
8 15
26 3
12 34
34 29
15 7
29 34
34 4
8 18
7 19
20 3
8 2
32 10
15 26
1 20
1 14
15 8
5 11
29 15
21 22
30 27
27 5
2 7
13 20
13 8
16 15
27 17
23 1
32 26
13 16
26 7
34 8
24 21
1 3
18 22
32 21
25 2
22 31
26 6
8 10
21 34
1 15
34 14
23 24
26 15
14 29
21 24
1 21
21 1
24 15
34 32
35 10
22 30
12 4
14 33
2 24
34 28
22 24
15 22
14 29
13 7
26 1
19 12
34 31
12 25
29 20
25 28
7 23
34 18
3 24
28 4
13 26
31 11
26 22
33 4
15 22
23 18
34 18
29 32
14 17
22 7
13 23
12 19
10 22
14 12
11 6
28 35
8 35
22 33
22 19
1 13
5 35
7 4
18 12
12 8
28 10
26 6
32 2
1 18
1 14
7 23
19 34
22 3
10 8
35 8
4 13
33 20
12 4
35 6
16 24
13 20
33 16
25 7
17 3
1 29
16 7
16 12
17 14
14 27
34 14
11 14
3 8
10 26
12 22
32 4
10 21
23 19
1 25
2 30
27 3
35 19
9 28
30 3
18 21
29 28
34 16
6 1
24 28
3 12
14 11
15 35
32 14
30 9
3 32
15 6
11 27
25 31
19 33
1 4
3 29
14 19
11 26
7 3
29 30
28 4
21 27
12 34
22 33
14 30
24 19
5 15
8 35
33 27
10 11
7 12
16 33
30 26
23 13
6 28
19 10
9 4
2 20
3 35
29 16
6 18
34 22
32 19
33 7
22 7
17 28
19 32
25 34
25 3
16 29
21 26
2 4
34 16
15 27
31 20
9 6
18 6
24 15
12 10
22 5
15 17
13 16
6 11
17 20
4 11
18 29
12 31
9 10
11 23
2 6
19 22
23 1
27 24
15 10
13 19
1 29
31 17
12 19
33 8
22 8
2 27
32 35
18 19
22 31
1 5
18 24
5 21
24 31
1 33
9 31
11 14
27 2
22 1
22 8
21 35
34 17
9 10
11 27
8 7
28 24
24 28
5 9
16 35
21 25
20 17
35 11
20 26
24 6
4 10
25 24
10 35
17 30
9 27
21 16
33 13
4 33
5 8
19 32
19 4
22 4
32 21
26 16
24 14
33 4
24 22
27 10
21 8
4 6
11 1
33 21
14 1
18 30
20 1
27 16
17 25
19 25
22 21
18 22
34 15
25 22
14 28
8 11
35 23
17 23
24 14
8 14
27 25
8 23
3 11
3 31
35 33
20 34
18 2
20 29
29 10
15 7
2 35
17 14
22 10
1 10
1 20
23 4
9 8
3 23
18 6
30 15
15 28
10 28
24 3
21 33
29 4
12 5
33 2
27 7
14 13
19 33
13 22
18 20
25 6
14 7
35 8
33 26
12 7
19 1
21 16
10 27
20 33
31 17
34 35
12 19
9 24
5 4
20 6
21 33
12 32
18 10
23 29
28 18
6 26
10 28
17 6
25 24
22 24
23 34
12 11
29 33
11 10
1 30
16 21
27 4
17 21
13 16
27 18
10 32
8 20
1 25
26 24
24 26
23 22
2 33
15 34
8 24
11 2
16 31
6 20
25 3
9 5
29 26
15 3
33 11
3 33
35 28
22 23
30 9
21 32
19 35
7 26
1 18
5 28
25 22
12 26
24 21
31 30
11 22
32 21
32 11
18 8
16 31
10 2
16 18
32 28
25 34
5 19
15 32
20 1
9 11
2 6
18 8
28 16
4 13
24 14
8 31
6 35
26 16
13 19
33 9
11 34
8 15
29 34
23 14
35 8
1 13
13 18
20 6
10 35
30 33
25 14
28 31
14 31
23 26
14 32
12 24
31 15
1 29
14 26
5 22
26 29
11 20
13 28
29 24
23 3
14 1
31 21
26 8
29 4
4 5
4 11
12 30
12 17
8 14
22 6
5 15
17 1
5 9
7 28
8 9
18 9
4 3
11 6
22 4
21 3
20 24
13 31
30 1
13 15
27 11
20 8
2 13
8 6
22 14
11 29
35 5
14 15
20 25
21 6
28 6
20 25
7 10
32 1
22 21
27 13
31 24
20 33
1 28
15 22
18 2
28 29
7 6
9 26
7 29
8 12
11 5
1 17
14 32
30 35
18 21
13 25
9 34
22 1
26 20
31 27
12 24
10 30
9 12
13 2
20 24
13 24
24 6
14 33
35 13
27 33
2 16
18 11
27 4
23 17
24 18
20 12
19 30
18 27
6 31
6 2
19 30
25 20
35 3
29 12
28 20
9 29
12 3
4 15
7 27
31 7
21 16
30 16
10 13
20 15
20 25
17 15
19 18
11 30
33 4
6 25
35 26
30 24
29 34
3 12
2 34
30 34
26 1
15 35
13 34
26 9
23 19
24 18
14 34
24 23
15 30
24 14
32 18
2 28
17 25
29 15
19 28
17 32
19 28
9 17
30 16
26 18
10 4
28 33
26 7
4 26
33 13
8 11
14 1
27 4
6 18
34 10
34 30
28 3
16 9
33 22
1 23
4 10
26 8
20 28
27 35
18 24
12 2
11 26
2 15
6 20
32 16
29 8
23 22
10 15
7 19
1 20
6 16
6 8
23 25
12 14
25 6
14 1
8 25
3 21
16 20
5 12
1 11
31 35
32 18
14 15
13 26
11 19
6 17
3 28
6 15
19 7
20 32
20 27
33 34
13 19
29 2
31 4
9 30
12 3
43 503 10 2
9 11
14 22
11 2
11 37
11 4
31 2
18 15
25 37
38 22
18 11
20 21
26 28
36 5
27 43
9 36
41 10
3 31
6 4
42 6
2 21
8 12
35 24
40 30
2 14
40 13
26 14
40 18
10 23
18 19
7 20
2 1
7 4
5 40
10 42
9 10
43 32
6 21
25 11
9 29
36 15
25 10
16 39
19 34
2 17
2 3
17 9
1 13
5 32
22 3
40 22
4 32
2 1
9 26
11 10
11 38
16 27
5 31
22 15
14 15
32 15
18 40
23 10
9 20
42 22
22 38
43 18
26 1
18 27
18 21
28 20
15 43
3 11
30 16
26 43
31 6
7 5
2 29
6 11
5 4
24 19
42 24
36 16
16 2
34 22
18 10
29 9
5 39
31 20
13 22
7 18
28 3
12 6
9 14
2 12
37 20
2 17
4 10
25 41
43 15
11 10
16 39
10 20
35 40
40 4
11 3
14 30
41 25
35 6
38 37
9 23
5 11
32 1
12 13
41 3
27 8
12 34
39 14
11 30
2 7
25 12
1 30
42 41
3 25
3 32
10 12
12 15
14 43
7 25
12 39
27 30
3 31
20 41
36 30
19 37
28 36
41 29
22 31
18 17
4 13
5 14
24 16
20 29
7 26
2 18
21 20
39 15
42 16
5 34
37 23
20 22
7 9
42 21
39 16
37 42
28 41
4 43
6 23
20 12
5 21
22 17
41 17
24 31
24 28
22 18
42 33
39 6
41 29
18 28
1 11
26 21
43 30
12 5
1 32
9 6
1 30
14 33
38 37
21 19
21 34
28 12
23 17
20 43
34 4
35 36
21 12
35 42
16 40
43 4
40 4
26 10
29 12
39 6
22 16
39 6
19 18
20 35
29 19
17 24
11 1
1 14
36 43
29 24
42 24
20 30
20 37
39 5
40 34
10 19
42 40
24 17
14 1
1 34
19 9
14 21
10 14
35 37
5 12
17 38
36 28
24 4
13 12
8 9
37 9
27 35
5 8
1 10
8 1
43 18
1 5
39 10
10 22
3 7
33 11
1 17
30 17
20 42
28 19
8 21
27 34
5 23
33 5
32 40
23 7
32 19
2 34
29 23
28 35
4 39
27 21
25 43
32 24
19 8
23 32
26 13
28 6
38 24
37 26
12 9
32 43
27 25
33 4
39 18
38 43
13 14
12 29
13 43
1 24
42 23
12 25
28 31
30 22
11 15
4 22
15 28
21 42
1 11
37 40
28 32
31 32
2 34
9 6
25 10
21 16
24 32
40 8
11 18
21 32
25 42
39 1
12 29
36 14
22 24
33 10
3 13
3 36
21 1
10 22
21 25
3 2
13 10
12 30
31 25
10 4
15 5
39 26
33 31
39 12
12 20
13 14
32 8
42 10
8 43
31 20
24 33
13 36
35 25
14 22
6 23
17 20
28 12
38 9
34 25
12 37
2 25
8 33
24 41
34 23
40 22
42 12
3 12
4 29
28 17
7 25
31 15
1 7
18 30
16 9
12 27
2 13
43 1
37 23
41 28
2 29
41 36
40 35
4 35
21 31
43 19
4 31
34 4
29 8
26 36
8 37
12 10
41 11
2 26
26 35
10 27
20 42
19 9
34 14
43 3
36 35
21 39
22 3
35 42
3 17
35 10
2 3
11 34
5 13
16 30
39 18
6 15
8 16
15 33
30 15
35 14
6 5
2 19
7 28
9 1
36 43
11 37
37 13
19 42
17 26
28 12
43 33
19 43
41 33
32 19
39 16
32 36
20 25
3 18
9 12
19 1
3 21
29 40
25 4
38 42
30 14
2 21
39 12
20 36
2 1
11 32
16 42
25 27
16 27
1 24
30 11
25 33
31 2
29 13
6 23
3 27
28 4
39 23
16 8
15 9
8 25
40 15
16 13
33 31
32 33
3 18
1 19
7 23
21 27
27 18
41 29
1 26
25 31
5 32
38 12
32 37
28 20
43 35
33 32
14 21
22 17
30 14
35 29
28 12
12 21
10 32
21 27
5 1
23 36
38 34
16 24
19 36
23 10
25 12
16 37
25 32
15 30
15 43
6 19
4 17
39 5
41 9
31 2
9 10
30 3
36 2
18 3
37 41
4 10
1 19
38 25
7 10
3 22
1 8
32 4
17 27
8 14
35 38
7 43
40 36
38 24
38 12
26 23
1 21
33 1
40 27
17 38
28 19
8 29
19 39
32 35
23 40
40 14
26 3
6 14
31 43
37 17
3 11
39 4
32 20
4 28
31 267 18 4
6 22
15 29
19 27
22 6
25 27
23 15
13 29
18 12
23 7
29 13
27 26
27 16
27 21
26 11
7 27
14 26
9 28
24 25
23 14
30 14
7 21
29 19
17 15
28 8
19 23
20 12
17 16
27 13
5 22
21 9
15 3
4 21
30 25
14 20
5 11
31 11
31 28
27 16
9 21
23 25
12 10
5 29
25 30
8 27
18 28
4 1
28 5
20 24
29 2
12 2
12 10
10 6
3 23
15 23
13 6
4 22
11 30
15 9
6 8
24 31
11 22
27 16
10 19
11 12
29 13
21 9
20 30
12 23
20 26
14 1
1 15
22 9
13 3
15 16
10 7
13 18
28 6
31 5
25 11
14 20
21 3
26 9
31 6
31 19
30 12
17 28
24 7
5 4
7 17
19 16
23 1
31 17
4 31
21 28
10 3
14 30
6 8
7 3
12 5
19 10
14 4
6 8
10 9
14 26
26 27
15 24
26 31
27 25
19 22
1 21
4 30
24 10
4 24
21 8
11 30
21 14
2 26
21 9
2 1
1 27
27 15
17 20
12 13
30 31
14 18
4 10
10 13
13 3
31 20
11 29
7 25
30 31
12 7
1 13
7 25
6 19
8 25
30 19
5 27
19 16
13 20
25 20
30 5
20 29
22 31
24 29
24 20
28 2
24 26
12 28
17 18
15 24
9 11
9 11
4 25
26 14
11 18
3 9
22 4
10 21
27 7
11 13
1 11
5 26
22 1
9 6
13 30
15 22
8 25
25 30
18 8
10 2
8 16
21 27
20 30
15 13
6 25
26 6
2 28
30 24
27 5
27 6
4 10
27 9
2 19
7 17
24 14
18 31
28 5
26 16
3 9
26 6
1 18
10 31
15 8
21 8
10 17
13 24
7 21
23 25
26 8
15 6
23 12
2 27
4 15
28 11
8 2
9 25
11 8
6 16
29 13
26 14
24 7
4 30
26 27
21 18
1 2
21 24
13 21
17 16
2 13
26 9
15 1
1 23
9 6
8 6
17 2
17 7
6 18
5 29
13 23
13 14
24 3
4 3
23 18
16 22
31 9
31 12
9 29
3 17
1 10
20 17
9 3
21 15
21 23
10 31
14 23
11 4
25 14
4 14
30 20
4 29
28 1
7 3
27 9
18 28
17 6
11 25
7 1
6 25
23 16
24 4
7 2
5 29
13 9
9 11
28 12
25 296 5 2
10 18
21 23
10 17
6 17
3 24
22 5
11 25
25 13
18 25
15 9
24 18
14 8
24 11
12 6
23 18
2 9
10 24
9 21
18 14
12 20
14 8
2 9
1 14
2 3
4 12
1 21
25 10
21 12
21 1
11 13
4 20
25 3
5 20
20 18
7 16
8 16
17 9
25 18
23 3
22 3
14 22
25 15
8 20
4 5
22 14
17 3
10 18
5 14
13 1
8 21
16 18
11 10
3 12
2 25
14 23
4 21
3 21
5 22
1 9
21 14
2 23
1 20
4 16
7 4
1 4
21 18
16 5
20 3
8 22
18 7
2 24
2 5
21 6
3 21
16 23
11 18
20 13
12 23
4 20
3 6
25 1
23 15
7 19
19 15
17 12
21 19
12 25
25 7
7 2
2 23
2 14
17 21
2 5
21 5
1 25
10 25
25 9
14 7
4 8
23 21
20 18
7 21
17 15
5 20
18 4
21 6
20 17
7 24
14 13
24 13
24 25
15 9
13 23
15 22
20 12
19 16
6 2
12 22
16 10
19 14
16 15
7 24
15 20
12 15
9 12
14 25
21 3
22 10
2 18
21 20
9 1
22 24
14 16
24 9
4 16
23 12
14 6
2 3
17 14
16 9
20 15
18 21
7 15
16 17
17 14
13 17
4 3
9 4
11 15
19 10
1 8
23 9
11 25
25 24
17 7
12 6
1 7
13 17
24 4
10 12
19 1
18 21
10 21
9 1
15 18
1 24
18 9
9 19
8 11
25 16
24 5
19 5
19 10
6 23
22 17
18 22
11 15
8 7
23 8
21 18
11 21
12 19
6 5
2 13
17 3
6 15
9 1
20 3
12 2
2 8
20 21
7 6
10 14
12 10
24 9
4 9
4 15
2 9
21 5
24 13
9 6
2 20
6 23
24 17
24 25
25 19
22 6
24 6
21 12
17 21
20 6
25 9
8 10
7 14
10 19
25 15
20 19
22 18
19 14
18 15
11 14
22 11
21 19
22 13
15 18
9 20
19 20
4 1
20 13
19 21
5 13
16 1
7 9
16 2
1 7
14 16
3 25
13 24
23 2
13 18
11 9
11 5
13 14
5 9
4 25
4 8
14 19
8 21
2 1
24 4
7 12
21 12
13 8
10 13
12 24
5 22
7 15
1 21
6 7
4 9
6 7
16 19
2 25
16 5
25 14
10 9
3 5
22 15
15 6
2 1
4 6
24 10
23 24
6 3
7 11
13 14
20 5
7 21
4 25
3 6
15 12
16 17
17 12
9 8
17 10
8 22
18 6
8 17
6 15
21 14
1 8
2 20
12 10
17 11
19 22
1 6
40 701 5 3
29 22
37 35
5 27
30 10
3 36
29 16
21 39
29 11
26 37
18 39
25 1
24 12
18 14
17 10
27 21
28 15
34 16
1 30
2 30
40 37
25 20
12 38
18 32
8 36
21 26
34 5
18 10
9 27
23 25
37 9
37 16
15 22
32 15
12 25
36 3
21 13
22 32
10 31
16 9
26 36
26 12
32 3
21 40
30 3
16 26
4 12
33 10
26 24
17 37
9 12
39 29
24 12
13 25
2 20
34 20
7 19
31 38
14 11
30 3
5 20
40 9
12 10
34 28
26 22
36 29
20 16
13 31
20 29
24 39
22 3
5 33
25 35
38 27
24 40
24 20
11 23
20 14
32 13
1 9
26 28
38 5
4 2
27 15
30 3
6 4
37 2
28 22
28 25
40 11
16 23
23 26
6 2
39 29
7 40
38 32
19 27
37 14
28 15
29 9
17 26
12 6
27 31
27 15
15 18
17 22
1 39
7 38
1 38
26 7
29 15
30 7
1 26
21 20
33 1
29 1
26 32
6 4
23 24
10 29
2 19
11 34
9 31
1 38
8 39
26 23
29 25
15 6
37 35
38 37
23 31
14 6
36 9
28 12
19 9
13 29
19 6
37 19
28 38
17 35
36 34
17 24
18 32
22 14
18 19
10 32
1 15
37 29
24 17
40 2
25 4
22 35
9 18
13 28
7 29
22 3
23 31
18 32
14 39
6 31
10 7
22 10
22 10
38 5
26 29
38 10
32 19
4 32
28 9
19 35
37 1
29 11
31 6
3 36
37 40
26 38
6 39
39 27
8 29
23 34
17 20
3 9
38 39
32 26
7 11
12 35
3 40
6 25
37 40
20 33
39 5
22 36
35 21
15 2
9 37
35 17
17 30
25 6
28 17
23 34
19 34
28 21
33 25
37 30
16 14
6 12
28 2
6 8
16 7
8 4
2 24
20 31
1 18
10 9
40 35
27 34
14 39
18 39
35 7
6 10
13 12
13 40
5 18
39 12
16 38
15 9
13 27
31 13
4 40
13 3
34 39
36 8
29 14
38 23
12 35
24 16
6 28
15 2
5 13
13 2
20 21
15 6
12 19
9 3
32 3
29 30
31 28
11 36
17 33
39 11
9 15
9 36
21 10
33 26
15 5
19 26
17 33
31 20
12 31
15 35
25 3
16 15
30 26
2 6
11 1
8 19
15 16
6 35
26 38
12 32
34 31
17 11
23 39
22 26
21 36
20 5
38 36
12 19
13 16
23 13
24 1
19 39
7 14
16 36
17 39
22 7
15 32
22 5
5 39
25 1
19 22
30 6
33 9
10 5
16 33
10 39
25 28
30 23
33 5
19 10
4 40
16 10
23 29
15 27
28 39
19 38
12 9
3 4
9 12
1 24
36 2
15 21
29 4
3 14
8 21
23 3
12 30
13 26
19 27
5 6
17 23
35 29
23 29
24 31
40 24
7 28
17 21
8 6
16 10
11 23
23 33
18 26
14 30
12 24
8 16
21 16
30 15
36 13
3 20
35 33
22 12
13 29
9 28
30 19
3 4
3 20
30 16
1 33
40 8
8 20
23 29
27 19
1 29
30 28
23 24
20 4
27 25
24 35
4 6
13 6
9 7
17 30
23 17
22 14
16 21
25 31
10 11
1 2
40 30
29 14
5 9
10 32
25 26
28 30
31 26
31 37
2 20
11 34
24 26
14 1
8 15
11 8
9 2
37 16
2 37
25 21
1 2
9 31
32 34
21 27
32 31
37 25
7 15
31 7
22 37
9 22
5 11
18 34
18 11
30 34
27 3
34 29
3 24
12 28
36 32
14 28
15 3
4 13
9 26
11 22
23 19
3 27
21 13
12 38
15 2
31 2
36 17
30 38
40 1
25 28
25 30
7 31
24 10
3 32
36 13
14 10
23 16
28 4
20 40
1 35
33 24
36 28
40 17
17 31
9 33
18 25
22 24
15 38
26 9
29 21
13 2
22 36
10 9
39 29
8 31
23 40
6 10
19 5
18 35
28 27
27 5
11 1
21 26
38 6
26 18
18 39
12 31
34 21
39 24
1 39
6 16
38 12
25 9
8 3
35 21
14 32
31 14
12 8
3 9
34 12
18 24
23 8
17 3
38 32
36 37
11 26
8 27
34 16
21 28
2 1
1 33
24 6
36 23
40 36
8 12
13 31
34 12
39 29
2 30
24 37
19 34
22 18
20 7
25 1
35 27
33 35
19 16
33 7
39 32
2 38
3 7
29 10
19 17
11 1
40 8
19 25
21 36
36 28
13 28
22 39
21 8
9 28
40 15
18 24
9 16
18 15
4 6
24 14
22 35
14 13
34 32
37 14
20 25
1 32
12 14
22 32
14 22
20 5
29 37
28 37
4 6
3 39
3 26
13 25
12 26
29 5
10 18
11 29
2 3
12 13
9 25
37 22
6 8
18 26
36 6
14 40
3 16
38 5
2 21
5 28
2 37
19 12
17 20
14 20
24 14
4 20
35 1
19 13
19 15
10 32
14 4
8 3
40 1
5 21
5 24
22 6
12 32
9 20
3 15
39 26
28 34
38 15
34 8
27 4
22 28
36 27
31 35
22 35
18 2
31 1
15 37
4 38
37 23
40 11
13 18
39 6
7 13
31 14
31 35
36 10
30 14
32 16
35 13
10 12
7 40
4 21
28 7
11 25
21 10
27 33
27 25
30 33
29 21
7 11
15 34
20 36
7 11
3 2
24 12
5 30
3 9
2 23
7 12
39 28
14 25
12 40
2 25
22 23
33 28
8 4
15 14
15 17
7 30
20 4
11 22
12 4
4 18
16 34
37 21
19 9
12 2
36 33
15 10
25 34
17 21
8 23
35 16
21 16
27 24
18 8
27 21
4 5
28 37
33 8
7 33
20 18
34 15
3 8
17 19
1 25
39 40
39 25
7 20
40 33
35 9
33 22
30 28
18 17
24 10
25 23
35 4
32 28
10 34
28 18
5 20
3 12
1 28
10 12
19 3
7 28
35 28
17 22
5 25
37 6
9 11
40 4
3 20
6 28
39 23
32 18
25 27
21 18
6 31
29 24
33 35
3 19
22 11
32 18
36 20
24 36
31 15
32 25
34 37
12 32
19 36
2 4
22 14
21 27
4 9
2 28
4 37
38 17
35 100 19 2
23 5
28 17
31 33
17 18
22 32
10 14
28 24
34 7
3 13
8 27
3 17
12 14
26 19
26 29
2 10
17 6
14 10
13 21
7 30
15 5
3 25
30 8
13 29
26 27
6 33
30 20
26 6
34 17
1 22
3 22
15 20
1 24
10 33
8 4
13 12
18 2
7 25
26 35
16 29
17 25
23 1
16 5
11 9
18 12
30 20
33 22
16 10
10 25
8 29
5 20
6 35
33 24
24 23
23 16
28 4
6 27
16 21
31 27
6 13
3 35
9 12
33 2
22 8
3 29
13 20
13 18
19 22
6 7
21 5
35 13
20 5
4 1
2 11
4 7
24 6
18 9
29 16
22 15
35 25
8 12
21 32
7 4
18 24
22 3
29 21
15 25
2 30
2 3
6 5
21 6
22 4
26 16
31 13
30 14
15 18
34 11
24 14
6 25
35 8
18 33
24 599 14 2
9 17
19 2
9 21
19 16
1 8
23 15
4 13
2 1
9 17
15 6
19 22
5 21
19 8
12 1
21 10
9 5
4 2
14 16
12 5
9 11
19 23
15 7
16 8
24 16
24 14
13 19
12 18
7 6
1 11
22 13
20 22
18 23
23 7
2 19
15 13
13 5
19 11
21 2
10 4
18 24
17 4
11 10
10 8
2 20
21 6
15 18
15 6
8 5
4 9
23 10
21 3
14 15
14 2
9 15
6 2
14 22
5 16
23 6
15 16
2 11
21 8
20 4
5 3
8 4
23 17
16 1
23 7
6 24
7 21
21 8
2 18
4 10
8 9
24 23
10 3
12 10
14 15
6 9
14 12
12 22
3 5
12 1
10 4
7 22
24 6
24 10
9 17
18 24
8 19
18 11
4 8
1 2
16 6
15 3
10 4
21 14
8 22
15 11
20 13
10 2
4 19
2 4
4 19
19 11
6 13
21 1
20 13
2 11
18 16
5 19
12 1
8 19
14 23
5 2
3 14
3 22
1 4
1 4
15 19
6 20
7 2
20 18
6 22
20 15
5 24
10 8
17 2
22 7
22 23
9 4
1 6
4 21
22 23
3 17
4 22
15 21
17 1
2 6
20 16
11 20
1 18
4 10
12 1
16 9
24 17
4 16
14 23
4 12
21 6
20 24
3 2
20 12
2 13
9 22
5 19
9 21
5 12
6 8
4 22
8 3
14 12
11 3
10 14
6 7
20 1
22 14
3 10
1 4
22 10
17 18
20 1
15 16
4 20
23 8
9 23
10 22
10 12
17 11
2 14
9 21
15 23
2 9
8 3
4 21
4 21
15 13
5 7
17 16
21 24
1 19
1 14
20 13
22 7
6 12
7 18
18 5
19 2
4 13
21 1
16 9
7 22
11 5
6 18
17 21
18 12
21 8
23 1
5 21
22 8
4 15
1 8
10 18
12 22
15 4
6 15
10 4
4 12
24 9
5 16
5 15
19 18
22 18
10 18
6 8
2 9
22 18
9 23
12 13
18 7
18 8
16 13
4 19
12 23
3 9
13 22
18 2
7 19
20 12
2 13
13 16
6 21
14 9
24 18
2 6
11 2
13 15
5 7
2 8
21 8
10 17
3 16
12 14
19 13
18 7
20 24
19 10
24 10
3 18
15 6
19 3
12 15
9 14
14 22
10 14
23 19
6 1
2 9
7 12
14 24
19 9
15 5
18 15
15 13
8 21
10 18
16 21
24 16
2 5
13 11
18 11
21 16
12 14
16 18
2 5
9 12
14 24
8 7
14 22
11 21
11 20
6 2
9 5
17 10
9 6
13 19
8 1
2 19
15 17
4 8
22 13
19 11
12 2
9 17
16 12
5 2
23 10
19 7
6 3
17 6
8 5
16 5
17 2
11 2
22 18
23 2
4 1
5 22
1 21
13 12
1 6
11 2
16 9
23 18
1 4
18 21
20 1
18 4
18 20
5 15
6 3
16 9
19 12
6 20
8 10
7 24
7 9
17 22
18 15
8 10
19 1
23 6
1 8
9 18
3 14
1 8
8 9
3 20
14 22
3 16
20 19
14 21
11 4
6 2
11 15
12 11
5 17
3 12
1 20
15 14
12 14
14 20
22 16
15 4
5 9
11 16
3 24
12 6
3 17
7 5
24 10
7 4
2 9
8 18
21 22
8 3
21 3
1 4
9 20
8 18
6 23
12 5
3 17
24 11
15 4
10 24
11 6
17 11
13 11
7 2
10 7
4 22
1 20
1 10
15 24
3 20
14 17
16 23
16 3
13 11
4 5
13 9
21 16
13 7
22 14
8 20
18 5
21 5
5 6
20 24
15 10
5 23
17 3
14 11
8 17
15 4
5 15
24 20
20 23
10 9
6 21
18 11
17 23
7 14
10 3
5 16
4 10
15 20
4 20
23 11
12 5
6 9
11 6
20 6
20 21
15 17
18 24
19 2
22 2
8 7
20 12
23 15
21 5
2 17
24 19
12 4
1 12
15 22
7 20
17 4
2 9
13 2
20 14
15 13
21 22
8 9
12 14
21 16
15 13
15 8
18 10
24 5
24 21
12 13
7 5
13 19
6 8
24 21
20 13
10 19
21 8
9 4
23 14
18 5
13 4
14 12
8 6
8 11
9 12
9 13
24 19
19 24
19 7
11 7
16 6
19 12
5 3
7 19
8 16
23 20
19 5
7 19
10 14
21 10
17 6
22 17
24 8
8 10
14 18
8 5
15 2
8 12
21 14
6 4
6 21
16 17
22 10
18 4
7 3
20 4
24 4
3 8
3 5
21 13
12 18
19 6
1 6
18 15
4 21
12 24
4 3
8 2
5 1
21 11
3 8
14 18
4 8
17 6
4 14
10 16
7 5
21 23
10 14
5 13
2 16
4 22
11 3
23 15
3 11
1 5
18 6
15 13
5 7
11 9
12 20
16 10
24 4
9 10
9 13
14 2
5 10
23 15
12 13
5 15
23 21
11 9
18 17
13 22
24 23
22 11
19 13
21 18
8 5
19 16
9 18
5 10
8 19
21 15
3 11
3 6
19 20
22 8
10 13
22 23
16 4
12 10
11 8
4 3
8 4
12 13
13 19
23 2
7 14
4 18
8 1
4 20
15 3
21 19
1 19
10 16
22 13
1 20
21 19
20 24
22 8
13 16
6 14
15 11
9 8
11 2
33 398 24 3
12 25
14 32
33 5
21 8
31 13
14 24
28 25
30 27
33 15
2 14
19 9
21 26
25 6
7 19
18 28
13 29
19 27
27 16
29 13
21 27
23 2
15 16
26 11
7 23
25 8
3 8
16 21
1 5
26 5
21 8
32 1
3 18
27 33
22 4
19 13
27 20
26 9
10 3
13 30
26 21
32 33
1 19
31 4
9 2
24 16
1 24
16 18
17 7
15 4
11 33
14 2
17 6
8 24
9 20
20 1
7 18
31 6
1 29
9 7
30 32
22 30
23 2
12 6
9 25
7 17
24 21
18 6
26 23
29 32
9 16
30 14
31 26
19 32
21 25
5 15
23 25
12 26
21 16
1 12
22 17
1 9
32 6
33 21
32 29
28 12
24 6
10 16
24 6
3 13
8 15
2 32
26 12
23 12
27 21
21 13
3 21
20 32
24 17
20 23
12 1
2 17
8 17
5 13
17 19
32 18
15 22
27 4
31 20
23 19
31 25
6 17
23 28
33 7
17 11
18 15
11 1
21 25
3 31
7 19
16 3
2 31
22 28
32 20
13 19
5 10
10 8
26 31
2 23
2 16
33 18
29 8
16 31
19 13
4 27
6 3
22 27
31 20
11 8
6 15
17 13
21 7
8 22
29 10
3 26
25 31
1 7
11 29
25 21
32 27
14 2
29 2
28 24
20 6
29 23
18 12
33 5
16 8
25 11
15 27
2 6
22 33
12 30
28 2
17 26
28 29
27 21
28 19
10 14
22 5
1 7
15 1
9 30
6 33
6 20
24 7
23 10
6 1
6 33
2 23
25 27
16 13
10 1
22 23
24 22
27 5
22 2
2 27
33 7
11 23
11 33
33 16
32 3
15 31
25 6
25 5
19 2
15 19
23 3
6 13
24 30
16 11
30 17
2 29
21 13
18 31
10 15
11 8
18 25
6 7
28 12
13 29
24 29
16 26
33 28
14 29
8 22
25 24
24 18
9 1
1 4
10 15
14 18
30 3
23 2
30 15
11 7
10 1
3 23
24 33
15 4
28 23
24 18
11 14
2 20
14 33
21 23
15 33
7 9
2 27
10 32
6 20
5 13
18 5
2 8
4 17
10 30
6 33
14 16
13 33
24 13
21 13
25 18
18 31
19 9
8 17
13 25
20 25
10 24
27 17
26 8
24 22
13 23
33 26
33 10
26 21
20 11
1 11
28 16
7 13
22 14
28 32
3 12
24 12
2 15
27 25
22 15
13 32
3 12
24 2
22 14
23 8
24 21
17 16
1 23
27 20
1 19
19 1
30 7
11 29
21 2
21 7
16 33
5 18
10 26
18 31
7 3
28 25
17 9
23 4
2 9
2 20
25 3
14 31
13 9
16 14
29 22
27 24
12 3
17 29
31 21
33 31
13 24
15 19
13 16
20 19
18 4
11 20
17 6
30 24
22 10
19 10
1 10
1 12
12 15
5 7
33 4
5 10
25 19
29 2
1 15
21 16
17 29
33 31
1 29
21 22
3 5
32 4
14 30
15 24
9 20
30 8
21 1
17 13
17 12
14 16
25 32
31 8
27 31
5 28
24 14
27 28
10 30
8 6
9 31
14 26
26 19
14 26
3 24
8 12
2 21
3 1
18 8
25 13
11 17
2 1
31 28
28 5
22 33
11 28
29 22
21 8
32 11
8 20
16 19
21 3
20 19
19 27
11 29
4 25
30 2
22 27
25 10
27 2
5 20
21 23
5 26
21 13
33 5
29 17
25 29
3 11
14 27
19 8
29 10
4 28
30 26
22 21
33 13
44 976 31 4
34 22
1 21
23 37
4 44
18 4
32 27
41 21
36 19
10 35
38 39
25 38
22 30
29 9
32 27
29 39
3 38
36 23
34 14
35 37
33 9
41 21
35 13
17 2
7 3
36 44
17 36
13 38
21 41
22 29
44 6
43 22
20 34
20 9
23 10
2 11
18 7
29 6
44 30
12 22
42 31
38 9
44 7
6 16
28 34
15 10
8 12
29 17
31 37
15 41
14 25
34 7
8 38
12 27
44 23
4 41
10 17
25 29
23 30
44 26
19 15
35 2
2 19
38 33
12 8
5 1
33 38
8 16
32 19
42 7
42 21
23 27
37 3
11 35
33 30
16 27
44 7
29 2
1 22
10 32
30 14
33 38
27 40
29 14
34 26
40 7
22 18
33 34
21 19
24 9
5 15
11 24
41 15
1 42
37 30
5 42
43 37
11 26
8 39
15 42
40 11
4 17
4 13
26 24
7 5
8 11
39 19
11 36
33 31
9 1
17 13
18 15
6 28
40 33
42 31
30 13
41 10
5 44
22 30
44 28
10 27
15 5
21 25
16 30
31 24
6 3
36 24
18 17
27 33
6 1
39 35
13 11
44 18
31 41
3 30
25 33
32 15
37 9
15 8
38 1
31 19
4 42
42 41
15 1
29 20
1 24
30 33
34 6
6 20
2 29
25 2
17 13
36 29
41 6
36 10
7 42
28 30
39 2
26 29
2 30
24 22
29 30
10 39
35 16
34 12
20 35
34 36
3 25
20 19
7 31
28 13
28 31
18 42
32 43
3 33
28 26
10 33
11 40
27 21
11 16
9 6
6 42
41 28
42 36
22 4
22 25
36 25
12 9
42 43
27 44
8 31
2 37
19 32
32 21
9 18
12 37
23 38
10 39
41 7
6 19
31 3
43 42
3 10
27 1
29 9
20 12
15 41
4 9
29 12
29 13
5 41
5 4
34 14
18 30
40 24
24 2
2 23
44 5
8 26
25 36
10 44
23 25
17 27
9 21
14 38
33 18
10 13
21 43
2 39
4 17
38 4
19 39
26 38
43 9
19 23
21 4
43 4
15 25
13 35
14 6
43 32
35 31
8 33
8 22
12 24
15 18
10 16
11 8
25 5
7 1
9 5
19 32
39 20
44 5
33 25
23 20
15 9
4 23
36 25
11 35
40 1
9 25
17 39
32 17
44 38
37 28
18 11
15 12
6 15
16 39
15 38
14 6
22 37
28 13
18 14
4 33
15 12
13 7
26 20
43 25
14 35
8 7
21 23
19 27
13 10
41 3
24 30
8 1
23 12
34 16
25 37
4 15
24 36
41 5
11 39
30 44
5 13
7 26
11 1
28 43
30 44
2 9
29 9
10 7
40 43
42 41
11 21
11 34
12 8
14 43
22 19
18 27
32 44
28 18
20 31
17 6
30 18
14 2
43 41
42 17
38 14
27 15
44 36
2 27
26 20
5 44
38 31
7 37
34 25
33 20
41 38
5 34
7 18
35 26
14 8
42 28
41 25
42 41
36 19
23 17
39 27
17 32
33 43
44 22
43 32
41 39
1 21
4 8
39 15
33 28
42 6
31 39
30 4
35 42
23 13
14 17
16 6
24 4
25 43
2 23
7 18
38 7
39 41
34 9
11 42
12 9
4 43
23 9
2 13
6 44
1 40
36 21
15 16
1 34
17 24
16 34
17 22
28 33
32 12
44 29
24 28
8 22
26 17
43 14
42 43
14 13
34 26
34 25
41 34
14 13
33 5
22 5
2 26
14 33
37 13
38 16
16 1
13 41
37 12
30 11
30 19
23 19
44 12
19 40
22 32
28 10
12 6
35 14
31 4
2 43
36 15
35 27
16 3
43 28
34 28
14 19
2 37
14 2
24 32
17 21
40 1
7 26
41 20
32 20
42 30
31 12
40 33
3 43
31 7
8 34
20 3
11 32
16 12
12 23
5 8
38 5
14 1
6 30
40 37
5 13
42 11
1 38
43 3
36 5
29 19
38 5
21 5
36 12
36 23
11 40
31 4
20 4
25 6
20 37
10 32
35 41
32 28
39 11
19 20
39 13
13 19
10 37
31 21
29 9
31 44
15 35
40 35
14 40
40 9
33 25
17 23
41 4
6 36
34 44
11 5
12 43
23 21
36 9
18 40
38 4
15 8
14 10
18 4
6 13
12 38
14 28
16 10
8 41
21 17
40 7
21 7
26 44
4 37
8 21
32 1
44 22
29 14
8 2
37 33
35 4
26 24
8 17
9 35
13 30
7 8
12 28
34 37
27 37
29 10
13 36
31 13
14 35
2 41
12 38
29 2
17 10
1 24
2 10
14 34
15 21
17 26
24 6
19 6
19 3
35 31
15 41
19 4
31 40
44 43
33 28
20 6
37 21
5 14
6 19
3 20
15 39
1 38
44 39
19 18
18 29
25 32
26 19
35 12
15 10
10 23
37 6
28 5
2 9
18 7
3 40
2 17
34 2
30 9
17 24
3 34
8 3
41 33
21 7
1 35
16 30
14 8
35 17
32 36
25 5
18 3
20 19
19 29
41 24
37 13
3 15
22 31
17 38
19 38
20 39
4 35
1 37
18 35
30 5
3 30
29 40
33 24
15 7
8 31
7 20
19 29
35 16
15 27
9 10
20 4
4 44
38 4
36 31
15 41
11 37
27 15
32 15
38 22
41 21
28 3
40 2
8 6
17 22
33 1
31 28
4 11
3 17
14 15
23 4
11 9
40 37
23 4
7 36
25 4
12 9
26 28
30 33
9 23
31 41
43 37
1 3
3 39
37 17
38 40
28 2
36 40
25 39
23 16
39 2
4 23
27 31
9 36
39 31
42 12
5 34
12 7
13 34
22 5
27 35
44 30
36 11
25 36
5 3
8 20
4 11
42 7
17 26
18 11
32 15
42 37
24 29
19 36
39 16
40 21
6 16
6 42
26 6
33 7
29 16
2 32
2 43
14 18
1 7
5 32
21 22
44 21
7 19
32 1
34 4
41 40
19 2
13 20
27 1
2 11
37 3
19 38
22 32
32 22
39 12
29 35
33 29
31 39
3 19
15 12
22 11
7 40
32 39
35 15
40 37
25 8
39 43
1 16
7 8
13 21
19 42
11 8
26 42
22 28
36 37
39 13
23 22
28 11
16 18
25 31
10 5
38 25
24 15
40 30
42 29
6 17
26 36
24 7
9 21
10 44
13 24
32 12
1 15
22 37
9 2
43 38
26 13
18 5
27 34
10 24
18 35
16 19
27 15
25 11
36 10
31 24
33 18
35 10
9 12
22 37
33 20
30 35
32 24
39 34
33 25
34 26
15 5
44 17
20 24
28 31
9 14
30 41
7 21
26 35
8 3
27 17
23 13
7 30
12 21
20 44
1 9
25 16
33 24
32 28
23 35
14 31
24 20
3 7
16 29
41 23
31 24
15 29
12 21
15 23
18 10
42 18
18 22
33 6
21 41
10 43
31 23
29 31
18 31
37 33
35 33
12 42
32 2
26 19
43 16
17 16
25 14
33 18
11 42
44 31
14 9
29 20
7 33
6 25
40 42
13 30
7 44
27 14
22 29
33 20
20 5
35 21
19 43
38 29
16 13
36 29
41 20
25 4
29 30
4 24
4 36
29 30
12 32
43 33
36 7
8 11
12 18
31 6
16 1
10 8
33 1
36 30
41 36
9 25
42 32
24 1
23 28
6 34
15 24
22 26
31 5
37 18
22 43
43 14
19 8
21 28
29 32
13 1
24 41
1 21
28 44
41 26
27 22
16 18
1 13
43 7
18 11
24 15
30 22
4 24
6 24
7 10
32 39
10 31
11 30
27 38
29 43
40 31
20 31
4 40
43 3
3 36
33 26
27 38
24 30
18 5
30 44
14 17
39 43
23 25
4 5
39 32
3 34
18 42
20 42
37 38
20 15
30 8
17 32
2 40
17 39
44 2
38 33
38 8
7 36
33 10
40 27
17 18
36 34
35 11
7 28
4 26
42 9
10 14
40 31
29 33
25 4
10 38
36 24
2 18
15 10
27 31
12 43
4 23
9 39
33 15
42 12
41 15
21 6
5 36
36 33
44 36
13 10
29 24
33 6
42 3
35 24
9 22
23 13
44 7
27 32
21 44
20 37
14 16
18 7
29 27
7 20
39 36
25 18
24 6
15 2
41 15
11 18
13 43
38 19
1 39
44 20
8 13
35 25
7 18
10 33
44 5
3 35
29 40
34 35
11 7
1 41
44 13
39 37
31 39
38 1
38 33
8 27
44 9
33 17
18 41
36 42
43 2
27 38
11 37
24 21
19 44
38 18
12 32
31 18
3 44
39 16
32 22
18 31
30 6
23 22
34 21
40 35
23 10
1 15
9 42
9 35
26 40
42 32
34 20
42 100 37 3
2 15
41 5
30 23
18 12
38 7
3 16
6 28
33 22
17 3
21 38
21 23
24 11
32 24
26 1
9 21
5 8
35 3
10 20
23 27
29 16
32 31
31 37
14 19
14 29
22 32
24 42
11 3
9 42
26 34
42 32
12 2
40 3
2 7
22 24
32 9
39 21
37 25
15 7
2 26
35 23
16 14
20 26
14 26
23 39
18 20
26 27
21 23
29 22
28 7
1 17
13 37
37 5
19 7
9 18
30 1
38 1
12 14
26 25
39 4
19 12
23 3
39 1
23 20
8 27
20 22
39 12
16 42
31 20
8 4
8 9
42 8
18 13
32 41
7 35
17 19
14 19
13 12
42 35
32 5
20 7
27 14
17 40
13 5
18 21
6 23
27 3
28 2
15 42
20 6
15 38
19 31
6 30
30 40
17 33
15 22
17 29
38 12
41 40
29 17
3 7
23 571 15 2
15 18
5 3
21 18
7 23
10 16
23 2
1 14
10 19
11 10
15 12
2 10
8 21
23 4
13 8
16 21
19 20
1 16
15 1
9 18
10 8
13 4
16 13
11 4
16 2
9 17
6 17
8 5
10 6
11 17
21 9
12 3
22 20
3 7
14 6
15 20
9 7
13 15
11 16
7 13
1 17
18 11
1 16
20 23
3 7
21 11
13 3
13 11
22 9
17 12
14 2
8 16
2 20
7 13
6 7
2 1
23 19
5 1
5 19
17 7
2 14
12 14
16 18
18 14
21 12
19 5
13 21
21 9
11 4
21 11
11 22
11 4
11 9
21 9
4 15
15 6
22 20
13 15
15 8
22 6
13 12
10 19
9 1
4 19
5 1
23 9
16 4
6 20
13 4
5 16
18 20
15 16
10 22
1 18
23 12
5 4
7 13
4 5
2 5
2 4
15 22
10 11
11 13
16 21
7 6
6 16
15 4
17 4
3 10
3 8
14 6
15 20
4 19
15 5
17 10
9 8
9 18
19 1
5 10
7 10
16 22
18 19
9 21
16 18
1 23
2 23
8 21
20 7
2 8
16 4
15 18
15 4
14 15
8 17
15 17
9 7
12 22
16 9
14 4
3 7
6 20
15 20
16 11
3 11
18 13
14 4
7 22
1 14
13 9
8 4
19 16
5 1
14 20
4 21
23 5
22 19
13 19
6 17
15 16
12 4
1 9
11 22
9 18
6 11
2 9
7 12
13 7
19 3
4 17
20 4
15 12
22 4
7 21
20 16
14 2
19 8
10 23
23 13
12 5
23 13
8 23
1 14
7 20
17 4
7 21
18 23
1 19
20 11
4 22
23 11
2 17
5 14
5 9
8 17
16 7
12 7
7 8
17 11
8 23
17 5
17 16
5 12
7 18
16 10
16 15
12 9
19 13
4 3
23 14
10 11
14 10
12 7
20 19
6 8
23 16
17 21
22 23
16 14
4 2
23 18
7 8
7 3
14 10
22 8
17 2
12 7
12 1
13 2
13 12
9 7
22 20
4 14
13 4
16 15
21 4
21 22
10 17
13 14
16 14
1 17
2 8
5 19
14 7
9 20
9 15
18 22
12 8
12 2
5 21
10 19
2 7
18 5
1 12
10 14
13 3
15 14
8 11
4 8
13 23
10 4
11 9
15 12
20 10
11 19
6 12
20 23
11 14
23 22
23 7
5 2
22 18
3 22
10 15
15 20
12 20
5 20
8 18
7 12
5 2
18 11
15 11
15 5
11 7
4 11
12 6
3 23
2 5
15 12
13 7
2 1
20 23
21 4
11 21
16 15
16 4
19 8
14 10
12 18
17 10
6 22
9 8
21 10
7 13
15 19
13 16
20 9
9 11
6 19
2 15
5 17
18 23
18 9
4 1
3 14
10 2
12 18
10 3
4 10
9 19
5 21
5 18
23 14
22 6
3 23
20 7
11 15
1 5
17 21
5 13
11 14
15 16
2 18
18 23
21 4
12 2
18 16
20 18
23 12
17 3
12 7
3 22
15 3
20 8
23 2
15 4
9 23
19 5
11 8
21 8
5 9
9 22
18 22
10 12
11 20
8 16
4 10
8 18
7 21
20 23
16 11
4 19
4 16
23 14
23 20
21 22
23 20
16 22
23 4
3 20
11 12
17 15
13 5
21 10
1 14
3 5
11 21
8 4
14 21
20 4
12 18
2 12
8 17
4 1
15 23
14 19
5 7
10 17
12 1
20 6
15 22
11 2
13 18
22 20
10 13
23 21
7 1
9 8
18 6
2 3
5 16
21 9
22 8
19 4
2 16
10 8
20 6
21 8
4 17
17 16
17 9
16 11
17 5
17 19
1 21
11 22
1 3
23 19
7 1
11 10
5 19
23 10
10 7
13 3
18 23
13 3
9 1
13 20
22 6
15 23
21 19
15 21
15 14
16 15
8 4
1 12
22 23
21 8
1 5
4 18
21 11
14 6
5 3
2 3
9 10
19 23
5 10
20 17
12 11
19 9
6 7
1 22
22 2
22 20
6 16
17 10
6 16
14 3
12 16
5 21
6 4
20 9
23 10
3 5
14 21
14 19
21 14
18 13
10 9
15 3
19 18
2 6
8 21
17 2
14 22
5 4
8 21
13 4
3 21
18 10
10 15
23 4
22 9
8 1
17 4
20 5
5 2
12 3
18 23
21 2
15 3
23 16
17 6
19 3
13 5
13 22
22 10
20 1
17 20
12 20
10 16
19 5
5 15
16 21
12 8
11 5
2 16
17 20
13 7
19 2
22 17
5 12
17 22
2 5
12 21
7 10
19 21
3 16
4 14
4 11
1 2
6 10
19 20
22 19
15 17
17 8
22 18
20 23
17 8
5 8
9 15
3 23
11 12
3 1
9 8
18 11
13 4
23 9
3 18
17 13
5 18
11 3
13 1
19 23
3 18
7 11
3 4
13 14
7 16
8 1
20 14
4 19
23 7
10 13
11 5
23 7
17 1
20 16
20 14
16 7
10 18
10 16
2 10
22 17
17 22
8 2
2 3
18 19
4 8
14 8
1 15
1 18
11 10
36 388 2 2
19 33
9 5
13 6
33 35
16 32
11 1
6 1
35 1
32 8
4 23
20 32
18 13
31 4
26 3
5 11
21 1
35 25
29 5
1 7
36 13
18 17
34 18
31 14
13 2
18 35
22 29
32 14
3 27
18 8
29 22
19 29
23 33
33 31
17 13
2 17
25 19
13 2
36 7
16 29
9 13
7 10
5 3
23 9
4 31
1 26
29 9
28 25
21 22
6 33
23 2
2 21
30 3
21 36
18 29
24 30
35 33
14 1
36 1
9 3
11 25
8 3
13 15
7 33
17 12
30 19
29 31
4 22
33 4
2 15
32 25
8 30
2 22
11 1
2 35
19 12
24 7
14 16
1 20
13 17
12 6
16 20
16 19
22 28
2 23
6 33
27 30
6 28
31 32
8 12
31 27
23 34
13 16
13 15
5 10
6 26
25 26
5 23
11 33
4 13
18 36
3 27
21 11
21 33
18 32
27 24
34 4
36 13
32 29
8 1
18 13
26 22
18 11
24 8
23 27
20 6
3 11
6 13
11 2
30 23
8 18
20 11
33 13
23 5
36 23
2 12
28 3
10 18
26 17
20 32
1 4
1 3
14 7
15 4
24 26
32 21
26 22
18 8
2 33
10 20
24 18
22 33
35 12
14 35
23 14
2 24
32 31
10 34
33 4
8 18
9 10
15 6
17 32
2 7
15 25
4 17
22 18
28 35
16 14
28 17
17 23
11 6
12 25
3 24
8 26
21 16
35 1
32 11
18 5
6 21
21 7
2 28
21 18
22 12
34 2
14 25
8 25
29 26
13 36
31 33
31 30
12 31
5 22
12 22
6 33
6 27
4 7
18 24
24 19
16 2
21 29
26 8
18 13
10 33
7 6
27 36
17 1
4 18
12 25
4 24
10 30
27 17
27 31
4 10
26 21
10 18
10 17
15 7
29 24
3 35
10 9
15 26
9 34
24 36
3 7
24 12
36 30
28 6
4 12
31 29
32 4
27 22
36 21
8 9
27 23
18 35
1 23
24 14
26 23
16 32
26 28
11 20
35 33
3 10
27 12
22 11
18 7
26 2
30 34
26 20
20 7
19 36
10 22
29 15
8 9
27 34
16 1
33 14
13 15
4 26
25 30
23 11
19 25
4 32
14 24
31 1
22 10
26 7
3 4
30 11
30 7
6 11
19 23
34 2
6 3
26 35
26 36
34 14
20 29
7 4
7 8
13 32
14 15
16 7
5 9
30 10
19 12
9 22
9 10
27 28
36 6
17 15
3 10
34 11
16 20
14 3
27 14
20 21
29 7
26 2
36 35
36 11
23 21
36 33
28 27
12 33
7 6
15 32
4 5
11 3
19 29
10 25
7 29
9 35
35 14
16 14
29 32
25 15
32 24
27 23
14 2
35 36
8 13
31 27
34 21
29 32
14 2
36 11
24 34
25 2
30 3
30 25
7 24
36 10
15 23
23 32
1 2
19 30
12 9
27 32
18 22
25 35
21 24
25 8
2 14
25 11
16 18
15 2
22 14
11 16
16 13
11 17
14 30
10 25
18 36
36 15
1 25
30 21
28 18
8 9
31 33
19 26
30 33
27 15
11 1
10 26
29 21
22 6
30 31
10 27
30 26
22 30
30 15
30 1
32 2
10 27
14 28
32 7
5 23
2 31
3 11
36 12
11 22
33 20
16 7
27 26
12 19
5 26
29 5
21 30
30 27
23 22
3 29
6 5
10 36
23 1
35 34
27 20
31 27
26 153 13 4
14 9
14 24
6 16
21 3
18 17
6 5
1 23
1 2
25 19
1 2
14 7
9 1
18 1
17 14
3 18
13 17
15 20
6 9
23 25
1 4
3 26
5 4
26 23
6 1
10 12
12 3
12 2
18 16
6 21
9 21
11 25
14 18
9 12
16 9
16 21
11 15
25 17
15 24
22 17
7 10
2 19
14 15
22 6
4 2
12 24
14 10
13 5
20 25
22 2
14 18
15 4
17 7
18 16
2 11
22 13
12 16
1 14
8 6
17 9
20 14
22 5
2 25
26 25
2 15
17 16
21 9
22 14
24 26
24 21
14 10
13 16
12 26
23 19
16 7
14 5
4 19
6 5
19 8
6 20
24 22
12 18
6 9
6 3
10 3
25 24
14 11
13 1
10 12
20 25
18 9
5 22
1 11
2 19
20 7
15 17
2 26
9 7
8 14
11 18
18 10
15 6
22 3
8 6
14 3
6 12
11 3
12 21
4 7
14 11
23 4
14 22
14 23
3 1
9 22
21 20
12 26
16 15
9 21
4 12
26 11
23 10
13 10
6 19
18 21
5 14
25 18
9 14
16 14
17 25
9 11
20 21
12 9
11 20
5 14
5 25
3 16
13 22
5 4
18 9
18 3
2 6
18 15
22 18
26 6
12 20
19 22
6 12
1 19
19 7
19 21
22 6
9 19
10 13
24 192 22 1
8 22
23 16
11 23
11 20
10 18
16 10
7 18
8 11
15 9
13 18
18 16
14 3
10 23
10 23
16 17
20 6
1 23
5 11
1 16
20 18
7 5
16 17
5 2
7 13
15 19
23 24
3 4
18 4
2 19
2 17
4 13
23 4
11 19
14 3
10 12
16 6
3 24
10 21
7 23
11 17
13 2
19 16
11 22
9 5
15 2
8 4
16 3
6 10
17 9
19 18
12 2
23 15
2 1
11 24
23 13
16 11
6 3
18 16
16 2
12 7
19 12
2 10
14 7
11 22
7 5
7 19
23 22
1 16
22 3
7 12
7 14
14 12
16 7
19 24
24 22
22 19
9 23
20 15
21 7
12 20
3 11
6 17
8 6
8 21
24 14
8 6
4 21
9 11
19 3
2 18
24 23
4 1
13 24
15 2
22 18
21 24
4 2
17 3
23 24
23 22
6 22
19 1
18 3
11 12
21 5
22 12
3 1
12 8
24 2
1 21
12 13
13 7
14 5
10 4
20 24
17 14
11 17
7 13
20 11
1 24
8 12
18 24
24 17
16 17
17 4
20 5
16 3
10 12
4 13
8 19
21 16
8 7
9 7
11 4
9 11
19 8
23 12
7 14
5 22
22 21
18 9
20 3
21 23
8 20
9 4
3 17
3 11
23 13
6 7
16 24
14 6
12 11
8 10
8 20
3 1
13 3
12 16
15 2
15 2
11 18
5 3
20 15
17 1
13 15
16 12
4 21
15 7
7 22
16 6
18 10
23 22
5 2
13 19
4 3
21 6
13 17
24 7
8 24
11 22
7 23
17 3
5 23
1 3
7 23
12 16
21 9
12 14
14 7
17 8
19 14
20 11
13 20
36 399 29 2
36 5
32 28
9 26
22 36
24 6
21 19
33 10
29 2
27 20
21 7
9 31
18 30
26 33
23 15
12 27
10 19
15 34
8 36
34 31
4 19
32 22
31 5
31 32
32 30
32 18
3 4
28 36
14 18
32 36
32 23
6 5
20 3
12 36
16 23
3 14
18 4
8 22
34 20
33 8
15 10
35 22
9 12
3 21
27 35
23 32
20 28
31 2
19 30
18 21
12 31
2 32
19 4
9 2
36 16
16 30
5 30
32 14
5 34
14 31
12 36
6 11
7 1
13 26
10 26
2 4
28 33
2 11
21 3
10 1
35 20
5 28
31 34
13 28
27 23
20 27
29 30
33 29
6 2
18 15
28 19
35 31
36 9
16 19
34 16
33 36
4 27
14 16
35 4
3 18
30 11
11 7
3 33
24 36
27 31
19 25
9 13
5 17
28 3
31 23
15 27
23 18
18 36
14 32
19 32
13 6
3 35
24 35
2 23
26 33
21 30
5 34
14 2
5 32
32 8
10 22
10 8
19 9
1 14
27 12
6 19
17 9
33 20
23 35
22 28
31 7
22 15
20 15
16 24
11 27
31 36
13 4
23 11
28 23
5 35
34 26
33 30
34 30
29 21
28 15
12 2
21 13
16 4
8 12
7 18
2 18
33 30
1 20
21 29
22 25
7 36
30 19
9 28
12 2
28 19
16 19
36 16
32 35
3 7
5 36
24 2
12 18
3 11
2 11
13 6
33 12
35 15
20 6
7 1
33 5
16 32
5 11
27 36
9 22
30 24
9 31
35 6
13 10
23 3
22 8
35 13
23 30
12 28
36 13
5 4
8 36
24 19
6 3
7 30
24 36
17 13
11 31
18 23
4 5
26 5
12 4
33 34
33 9
6 12
1 10
16 8
25 19
6 10
22 13
3 9
12 19
21 2
29 19
25 13
23 30
17 14
33 30
12 10
2 17
21 18
6 16
25 30
35 11
3 20
23 21
8 14
19 9
16 11
27 20
23 29
29 20
6 25
13 17
14 30
13 35
11 18
14 15
27 12
25 9
11 27
29 35
5 27
7 36
2 13
19 24
5 11
7 26
15 35
7 29
28 35
27 2
33 20
33 23
12 21
12 22
28 20
36 32
11 6
11 12
34 9
15 18
19 2
8 13
36 30
5 28
28 11
9 24
11 5
27 22
6 18
23 33
1 23
8 27
8 34
18 22
6 33
3 24
14 10
16 13
3 1
4 31
27 29
34 1
13 4
2 18
21 25
30 2
27 17
8 14
14 26
35 19
2 22
15 11
2 7
30 2
27 4
28 19
1 9
31 21
10 29
5 14
2 22
20 19
30 34
12 35
32 31
16 13
32 10
4 33
16 33
14 6
36 22
4 16
30 35
36 19
7 21
13 8
6 32
26 15
9 2
29 5
12 8
33 7
17 36
20 13
32 13
34 31
34 2
11 7
16 10
6 22
10 18
9 16
13 15
10 2
16 3
6 7
26 2
29 23
18 12
35 13
25 32
24 2
13 34
9 8
23 30
29 33
11 18
28 3
32 17
4 27
19 25
33 9
7 5
11 24
33 9
36 21
20 23
2 13
36 26
20 3
19 29
15 9
10 6
12 5
22 31
11 21
20 23
9 6
27 19
29 23
7 8
23 26
11 25
18 26
30 2
28 13
30 6
21 19
27 12
3 29
23 13
29 22
15 1
27 5
35 8
5 6
30 10
16 34
28 6
28 29
13 20
2 35
20 36
25 12
2 33
34 30
25 19
8 5
25 28
3 23
35 7
28 9
33 24
6 24
41 376 17 3
12 28
33 10
36 7
21 41
34 41
25 7
20 33
9 18
40 35
39 30
37 5
8 5
5 8
28 26
8 5
15 19
32 8
31 27
16 10
28 9
12 13
15 31
5 25
9 5
18 7
36 16
11 3
22 17
12 10
3 19
14 18
40 7
27 29
33 2
40 21
10 33
26 40
39 12
10 4
31 16
40 7
28 1
28 4
12 39
6 33
12 25
33 18
11 20
11 12
20 33
23 30
26 7
30 24
20 39
29 10
15 27
16 2
29 5
7 2
2 14
34 15
39 25
34 10
5 23
26 37
4 14
22 12
5 6
34 4
34 2
19 20
19 20
9 23
26 10
27 41
4 41
38 30
34 8
36 38
30 21
36 35
36 16
8 40
21 41
3 13
1 23
34 21
3 4
5 30
15 31
29 19
30 26
9 24
33 4
21 24
24 15
17 20
32 24
19 13
23 25
25 4
20 7
6 25
11 35
39 41
22 18
31 8
27 14
2 32
36 25
16 11
2 35
1 28
12 13
9 36
39 36
41 19
1 7
4 11
41 2
12 24
19 1
33 6
14 36
37 10
19 11
20 23
7 22
9 18
36 19
15 36
15 14
15 21
19 27
22 20
40 6
40 41
39 5
15 33
41 25
13 5
37 19
27 4
38 21
22 11
17 39
27 32
14 6
9 41
29 28
41 35
26 40
34 32
16 25
34 40
39 5
3 34
25 31
39 23
13 20
36 29
17 21
21 30
28 29
31 15
17 33
10 4
31 2
35 5
29 27
5 26
33 10
21 18
1 18
41 13
39 35
3 16
16 23
7 2
13 39
18 29
30 28
32 22
29 26
28 16
13 33
3 5
3 23
22 3
1 23
18 40
18 22
14 33
5 22
36 17
20 13
5 8
1 36
31 29
20 18
6 33
11 8
39 13
32 21
17 32
3 36
32 20
18 7
12 23
28 8
39 8
20 2
18 20
38 7
10 18
24 15
11 34
24 10
7 16
31 26
8 33
22 40
13 40
7 26
21 34
34 18
1 12
22 20
34 20
26 2
37 9
18 9
3 2
18 12
17 7
37 26
41 17
24 15
15 30
40 35
25 32
14 27
5 35
5 40
13 32
2 10
40 21
18 4
22 38
15 40
5 12
24 7
28 9
21 4
40 19
38 25
12 18
5 18
18 19
9 19
29 9
39 7
12 21
5 28
21 10
39 5
16 26
15 36
29 16
15 27
40 28
41 11
6 4
28 23
25 38
2 14
6 1
20 17
21 25
4 2
36 1
7 10
28 23
6 17
38 22
5 37
11 4
8 16
9 37
41 33
34 1
5 39
2 27
16 24
12 21
26 6
24 34
17 10
15 24
29 12
6 35
9 16
38 18
34 7
13 33
1 7
33 7
4 34
33 22
19 5
1 3
12 24
36 28
36 11
12 25
24 18
18 32
35 16
10 29
22 23
20 24
31 14
31 35
8 24
17 26
31 17
28 1
2 24
31 39
37 1
22 19
20 41
12 16
15 21
3 38
4 25
23 35
38 12
30 6
37 5
32 26
23 20
27 26
5 16
23 41
18 5
20 40
4 33
14 20
13 18
19 18
1 41
11 40
13 1
5 8
5 36
36 30
16 23
14 20
40 39
21 16
2 41
16 8
34 29
29 5
6 23
8 7
35 7
19 36
11 29
1 5
25 30
20 6
5 1
4 2
21 5
37 673 17 4
34 19
14 25
3 22
36 11
25 20
7 8
27 33
37 16
14 34
28 16
30 11
26 25
20 22
26 2
5 29
16 2
21 3
4 5
16 14
29 35
36 15
3 31
14 33
22 10
23 16
2 11
4 30
26 29
9 8
12 16
23 13
36 3
16 3
18 8
9 31
6 23
33 14
36 28
35 8
28 24
2 32
5 31
20 12
18 5
23 33
5 35
31 7
28 11
24 13
19 17
33 5
27 9
18 32
22 4
23 12
5 24
21 10
32 3
21 27
22 6
22 26
18 30
32 23
3 34
36 37
13 31
19 3
18 36
12 2
2 34
28 22
35 12
31 8
29 34
14 34
34 17
29 26
12 29
7 8
5 6
35 14
2 15
31 15
27 10
32 23
37 16
36 26
9 6
18 37
17 9
11 13
25 17
2 14
8 23
21 28
6 34
4 7
11 12
21 37
21 15
1 35
30 14
24 16
19 15
13 5
3 26
7 19
5 21
5 27
19 32
32 15
35 16
26 9
36 3
7 29
3 4
36 16
5 15
12 1
29 3
5 32
28 27
28 10
10 32
36 28
26 8
6 23
1 9
9 14
11 15
5 14
34 4
7 16
33 34
17 2
36 33
4 25
24 13
34 33
26 3
22 11
8 22
11 16
31 2
4 23
7 32
19 25
2 35
20 13
29 36
26 5
32 29
30 33
19 4
6 22
21 27
32 6
12 20
36 20
21 3
20 5
34 17
7 13
29 4
25 20
3 28
2 12
34 9
7 15
13 12
36 11
17 8
17 6
27 15
3 26
17 22
30 14
1 15
4 29
18 29
26 20
34 28
31 36
15 8
26 5
22 37
36 29
31 4
34 8
6 37
3 5
7 31
21 34
27 2
3 16
36 37
21 8
30 34
22 15
23 4
36 37
2 6
8 20
17 15
25 16
32 8
37 25
28 21
22 17
37 24
10 35
1 30
5 8
5 23
5 8
36 4
25 19
26 7
13 3
10 28
35 17
28 37
22 26
21 16
25 23
26 37
1 33
5 9
37 24
9 4
9 7
22 33
4 10
18 16
28 27
22 3
21 27
2 5
15 1
20 2
1 23
1 19
20 9
33 21
32 15
30 2
14 3
20 2
20 35
7 24
19 9
7 23
25 26
37 3
24 16
18 24
32 19
20 29
5 16
13 37
8 5
16 21
22 13
37 5
10 6
28 7
29 13
7 32
16 7
34 2
22 30
26 31
26 8
23 30
1 35
7 23
17 37
7 1
12 6
20 37
27 26
21 18
16 27
12 31
11 24
11 33
31 14
4 19
36 26
11 37
23 33
22 17
10 6
33 22
27 15
36 16
18 34
11 33
23 1
27 12
2 37
22 32
13 25
13 11
14 1
25 14
33 25
31 21
30 4
20 34
18 27
36 14
1 31
14 16
35 25
17 34
9 26
24 12
1 13
25 1
15 1
12 2
9 32
10 12
14 6
8 9
33 21
37 11
29 28
26 27
31 20
1 17
8 3
28 23
30 15
1 7
31 27
9 17
36 18
29 27
1 14
35 11
12 21
3 24
7 33
21 23
12 6
25 18
28 17
32 29
23 25
33 9
20 32
4 11
21 5
2 34
15 13
8 14
15 10
15 37
20 14
22 10
19 9
27 10
3 36
16 3
2 11
12 21
20 15
9 4
34 10
37 27
37 22
3 29
10 32
28 29
8 12
16 27
35 20
14 15
19 7
18 35
32 7
18 15
36 4
33 13
32 22
27 16
2 18
3 33
9 32
19 35
25 8
33 23
36 25
4 20
5 16
14 26
11 6
25 14
1 20
4 10
19 30
4 20
10 6
30 33
15 11
31 18
33 4
3 31
28 21
13 11
36 5
36 9
25 23
22 26
20 25
13 1
32 16
35 4
37 28
37 29
16 8
9 12
11 20
16 31
11 26
29 30
25 15
17 10
14 5
30 16
33 8
10 26
6 29
25 11
6 17
26 13
25 15
1 14
35 16
7 23
5 14
15 29
6 31
16 20
14 8
35 9
31 23
34 36
14 22
24 19
16 27
31 18
5 9
31 17
24 16
2 28
7 16
19 12
24 35
31 37
20 7
8 13
29 5
26 20
4 27
1 19
17 9
14 21
17 8
15 3
1 16
9 7
9 27
18 32
2 27
10 37
11 17
12 17
36 16
36 2
5 14
35 36
37 12
34 16
34 11
33 34
4 18
12 9
13 22
25 17
31 24
27 25
14 21
24 7
19 3
11 10
1 25
9 27
21 2
23 32
35 34
13 16
29 3
2 4
24 27
21 32
13 25
34 26
9 20
10 5
1 36
15 16
23 1
5 6
3 5
15 16
28 30
7 30
10 25
31 36
8 3
26 11
14 15
34 12
24 16
12 22
8 27
22 9
31 28
26 13
20 3
28 25
10 34
32 19
21 3
17 7
5 6
32 34
35 6
8 36
21 19
36 7
8 20
15 16
25 3
28 23
20 18
10 29
29 5
11 27
22 27
11 5
10 5
1 7
10 8
21 9
26 19
15 11
16 29
26 19
9 31
4 28
26 28
19 17
10 7
21 32
12 32
36 21
36 6
24 6
26 32
9 22
9 19
15 37
22 33
23 15
36 28
18 5
24 34
14 31
32 8
5 26
6 25
25 19
8 11
2 11
5 25
32 13
6 10
27 5
20 27
34 17
14 1
3 25
14 33
20 22
37 8
5 3
10 2
25 35
3 36
17 28
8 7
11 32
33 31
15 37
27 11
16 19
11 19
6 2
29 3
1 7
26 21
24 35
22 11
11 2
9 27
7 32
34 33
26 7
26 18
7 30
28 22
26 16
18 10
33 10
12 33
16 37
16 2
13 15
27 23
32 14
12 1
8 23
11 30
14 29
14 22
19 13
10 13
31 19
8 18
31 18
11 8
34 27
35 26
16 20
20 7
10 36
14 10
9 25
2 1
16 30
22 12
6 31
2 14
13 24
31 21
5 4
28 16
8 4
4 23
23 2
30 10
37 21
20 23
23 36
1 7
22 28
12 31
7 25
6 31
41 536 10 2
12 7
5 9
18 25
17 15
41 31
27 18
31 2
7 10
36 40
14 19
13 1
14 10
17 15
30 12
24 1
34 36
7 40
3 24
26 21
40 25
12 25
1 3
28 9
12 22
9 27
2 22
28 15
33 3
31 22
16 14
22 10
8 30
10 12
14 35
32 12
20 4
38 22
6 24
31 17
5 41
3 6
21 32
22 13
34 11
36 10
24 18
19 33
6 28
3 19
24 36
32 2
39 28
24 3
12 13
22 16
14 24
23 35
16 3
8 16
2 17
39 19
35 33
26 23
35 5
5 30
38 7
27 26
30 37
3 10
14 16
35 36
11 9
41 20
18 15
21 36
14 41
31 5
27 12
40 31
19 30
27 25
15 13
15 5
9 19
16 22
36 11
18 6
19 17
25 38
33 7
32 6
8 21
10 35
35 10
26 12
39 14
38 15
26 11
19 34
31 37
16 25
6 36
32 27
11 18
23 5
24 16
10 33
38 21
26 31
31 13
3 30
26 40
3 10
11 24
5 41
19 22
25 24
16 15
9 29
34 33
18 10
1 10
6 23
37 39
14 8
41 3
33 1
5 4
11 30
10 11
7 31
37 33
6 10
2 36
3 37
27 22
5 29
31 11
10 27
10 24
36 9
28 30
11 34
35 22
23 3
32 29
35 29
22 1
38 24
36 1
19 21
23 24
10 14
36 22
1 4
6 37
14 33
27 25
25 20
7 6
22 40
37 15
27 19
16 25
1 12
28 22
35 11
6 3
24 2
26 25
7 31
22 20
24 7
5 8
26 11
15 8
11 12
24 37
31 39
21 33
10 7
15 3
17 20
7 1
21 33
27 24
7 8
7 15
14 16
40 27
32 6
37 3
32 33
35 29
14 28
40 22
2 3
38 21
12 40
3 5
26 31
28 32
40 36
6 13
10 6
41 1
14 36
5 4
29 39
34 3
27 33
24 28
37 22
10 9
21 14
13 7
3 41
38 4
35 4
18 6
12 17
6 25
13 10
30 3
9 22
7 35
15 31
24 11
13 33
21 35
5 34
41 9
35 40
12 30
2 29
35 15
6 40
39 21
10 27
23 20
10 29
14 24
20 39
36 33
30 16
26 36
8 28
3 1
26 17
30 29
4 24
3 12
24 41
32 36
29 15
14 38
2 29
20 22
28 17
15 16
32 1
10 39
28 15
41 12
31 41
36 15
4 6
41 3
39 35
33 12
9 31
16 40
10 37
26 28
12 3
18 12
12 17
1 28
18 12
17 7
13 12
22 16
19 21
21 19
16 14
30 24
4 24
15 1
11 1
12 13
18 26
26 36
26 13
12 39
29 18
13 1
41 30
22 20
11 40
35 25
30 20
30 34
4 3
36 14
5 7
26 22
34 11
18 20
25 29
17 14
7 31
17 7
20 38
28 32
38 24
15 28
2 5
20 7
7 15
21 13
23 7
34 17
19 12
36 2
40 13
16 8
3 32
14 24
30 41
14 28
23 31
14 26
35 36
35 3
11 14
15 33
20 10
10 39
21 4
1 22
16 29
18 8
3 41
39 2
16 25
27 5
41 13
39 35
6 2
6 21
17 38
2 28
8 1
7 11
1 30
26 19
17 5
26 19
6 26
23 21
11 10
25 10
24 25
5 32
26 10
13 3
8 14
30 15
14 39
27 17
27 12
35 5
18 21
25 5
6 7
16 17
33 27
2 16
32 33
3 2
4 5
12 20
37 26
35 34
12 10
19 25
3 23
3 24
9 27
28 14
35 4
33 27
31 34
1 23
27 5
24 32
12 35
10 7
22 4
40 35
15 19
20 18
3 22
2 11
9 31
26 3
35 17
29 24
11 31
5 37
36 30
28 6
24 37
14 4
1 12
40 16
30 18
35 32
39 36
3 8
25 29
10 18
4 40
2 15
32 8
10 28
38 39
35 20
35 7
25 37
20 25
11 8
1 4
1 39
41 3
7 25
31 19
3 37
17 5
12 9
14 21
36 10
19 31
31 14
37 16
9 15
40 22
25 40
27 39
27 31
5 10
23 14
20 41
20 31
9 34
12 5
2 30
36 33
4 33
9 15
9 8
38 35
6 23
20 4
8 11
10 19
33 32
35 11
33 13
41 2
5 12
7 9
2 3
2 8
35 10
24 2
17 20
36 25
1 16
30 11
27 39
31 20
31 24
33 22
37 32
24 2
4 32
10 8
34 13
17 27
25 40
31 41
18 27
26 20
2 14
30 13
20 8
2 40
26 40
33 10
1 36
41 12
4 33
25 20
20 8
20 11
9 37
38 37
18 39
9 6
27 22
27 36
25 31
35 9
29 26
18 31
22 19
2 28
12 28
8 32
37 28
3 6
25 40
1 39
12 9
26 33
35 21
18 26
16 27
14 41
5 3
23 24
6 9
35 33
19 27
30 5
22 575 14 1
20 5
14 5
22 10
3 18
19 12
20 16
12 10
17 21
1 18
15 8
15 13
9 6
15 6
15 7
10 12
11 1
14 8
20 1
11 14
18 22
11 9
9 18
3 7
18 3
22 8
8 13
20 14
18 11
19 8
17 5
20 3
3 11
8 21
10 18
12 3
15 20
11 1
15 11
8 11
5 15
18 17
11 9
11 21
4 18
13 6
13 6
2 20
4 9
16 13
11 8
10 21
7 2
9 12
9 17
16 2
12 11
10 18
21 8
21 14
18 2
5 8
8 4
5 9
12 18
22 2
9 18
8 9
2 19
15 18
10 14
5 20
1 22
16 6
19 8
1 20
12 8
3 13
11 12
2 4
11 21
5 17
14 12
1 13
6 16
8 16
5 10
11 6
9 3
11 3
8 10
21 17
15 1
7 3
12 8
7 20
4 9
13 17
19 13
7 2
4 12
15 9
21 2
12 5
4 20
8 11
7 4
5 20
4 11
22 14
16 4
9 17
13 21
11 9
10 15
8 11
2 1
17 20
22 6
2 3
2 7
11 6
10 15
3 14
1 3
14 2
11 8
14 10
16 20
17 8
6 5
7 4
22 4
3 5
3 4
12 13
8 19
3 10
8 1
8 10
14 10
21 19
1 6
12 19
22 17
22 4
1 3
1 4
3 4
6 3
7 15
13 12
12 15
22 17
13 5
5 2
14 1
20 13
6 7
9 5
21 8
6 21
8 7
22 8
10 3
10 14
16 20
4 5
12 1
21 22
5 1
1 19
1 18
7 6
22 15
8 20
20 12
16 5
16 13
10 3
15 19
14 8
16 15
10 3
13 7
22 18
7 20
12 6
15 18
11 12
8 17
9 5
6 2
7 21
12 16
21 4
10 3
1 17
3 13
1 2
6 21
17 11
11 10
19 22
15 11
6 19
14 7
1 10
16 6
17 3
16 4
3 16
21 5
4 19
4 10
22 2
10 12
5 7
2 13
12 19
5 16
19 14
9 13
18 4
13 9
5 16
2 1
18 5
20 22
12 19
19 14
5 1
7 11
2 19
1 20
1 14
15 13
21 5
8 2
15 14
4 8
15 5
4 17
2 1
7 18
19 18
22 1
18 6
10 19
1 8
15 1
21 7
11 17
9 16
18 1
7 22
7 19
2 8
12 3
8 16
20 2
11 18
1 4
21 8
20 21
15 12
22 11
16 8
6 22
22 21
21 6
18 5
1 19
12 21
17 5
17 16
13 12
14 16
10 21
13 9
13 1
6 2
16 11
5 14
10 3
12 14
21 16
14 17
3 1
16 17
5 8
10 15
19 2
8 4
22 18
10 11
18 13
10 2
14 1
9 16
10 22
14 3
11 7
3 11
22 19
13 5
4 5
1 3
10 2
1 4
10 11
21 22
20 6
21 9
4 6
2 13
3 14
13 14
20 15
22 17
9 13
21 11
15 19
13 1
18 13
4 5
21 22
3 18
6 21
4 9
4 20
7 15
10 18
12 1
17 4
7 2
17 20
18 8
20 13
18 21
18 17
20 18
10 1
16 12
8 20
15 5
2 5
12 19
16 12
11 19
19 16
18 11
13 16
8 1
12 6
18 4
3 11
13 4
5 2
11 2
14 13
1 18
2 19
9 14
5 3
8 20
18 10
8 10
17 7
21 22
2 22
1 13
12 2
15 12
12 14
3 22
14 19
1 8
5 14
12 6
19 10
1 13
17 7
22 12
13 18
9 12
17 7
2 6
8 14
15 17
5 18
16 18
14 17
1 16
6 13
21 1
22 13
14 6
10 3
16 5
10 5
19 16
5 22
22 18
15 16
1 10
8 16
21 22
17 12
5 7
11 5
4 8
15 17
11 2
18 4
4 3
8 22
16 12
22 15
6 14
7 6
21 14
21 17
13 6
15 17
14 18
20 19
10 13
7 10
6 8
13 8
16 11
1 3
10 14
8 21
20 11
17 9
8 11
21 20
14 11
15 6
6 10
2 14
22 7
1 3
14 11
10 5
21 9
6 22
11 2
17 22
18 3
7 4
21 2
18 7
16 21
13 4
20 4
1 2
2 14
12 9
18 11
17 21
14 10
16 6
7 11
6 13
13 2
12 6
9 6
4 19
7 21
20 5
21 6
12 10
15 5
18 7
4 10
19 11
1 2
17 11
8 5
1 9
16 4
15 21
5 11
3 4
8 6
22 6
11 14
1 15
7 6
16 14
2 4
14 3
18 1
8 22
21 15
16 3
7 12
7 16
13 8
1 18
7 5
4 15
16 5
8 22
10 21
12 11
1 11
18 1
19 18
22 9
9 22
15 18
6 8
8 12
7 3
18 11
7 11
2 9
16 21
18 12
10 4
12 11
14 8
9 8
1 6
16 7
5 7
2 9
12 10
20 18
10 13
4 14
21 5
22 14
4 15
4 11
16 13
19 6
20 6
13 18
11 5
22 14
11 2
22 20
9 19
16 7
17 8
6 22
5 17
1 20
20 9
13 9
6 18
4 9
7 22
17 11
21 8
19 20
5 14
4 1
7 20
6 22
3 11
19 7
5 19
2 1
3 15
9 6
8 12
14 9
7 22
6 14
16 3
41 470 27 1
31 27
26 20
6 34
14 33
24 19
39 11
32 40
25 4
24 40
26 15
19 41
19 40
26 6
31 25
20 17
21 9
4 6
29 10
39 1
3 23
21 41
33 12
39 19
17 21
17 1
38 35
41 17
34 27
23 12
3 41
33 11
6 40
41 17
37 2
19 21
23 18
12 36
17 30
11 40
5 13
36 1
14 11
34 40
35 17
11 37
19 4
9 24
2 8
40 10
19 34
38 33
28 13
21 38
11 28
11 5
30 24
18 22
22 11
40 34
9 17
37 17
1 38
24 1
37 35
21 16
29 17
7 15
30 13
40 18
23 6
6 5
25 27
29 37
27 21
4 5
17 20
7 15
5 8
10 41
28 29
6 34
2 35
22 17
33 39
39 40
3 5
23 31
33 19
19 12
22 23
30 3
29 4
9 38
15 8
27 1
36 32
35 40
25 17
15 18
17 12
17 21
18 41
11 9
18 31
21 1
12 11
5 1
14 13
39 29
20 24
31 17
16 26
17 40
2 31
18 3
36 40
21 36
11 31
14 41
10 16
11 23
20 12
36 34
11 25
15 36
17 33
10 1
8 10
4 40
27 23
1 24
22 23
18 32
13 33
32 24
10 3
5 29
16 2
24 26
26 38
22 1
29 31
4 38
1 7
36 28
30 38
10 20
29 2
34 20
33 16
31 36
23 21
12 24
3 38
10 1
20 13
29 10
16 25
10 24
21 39
14 17
9 23
36 37
25 30
18 7
7 14
29 27
26 13
31 24
24 31
2 36
18 13
12 3
23 38
25 22
10 1
31 35
38 28
20 27
4 37
33 13
12 22
39 37
36 29
21 18
20 22
15 38
35 28
1 18
24 28
39 34
28 30
29 24
17 7
11 20
4 32
15 25
32 12
19 21
32 39
40 13
12 38
8 39
41 25
24 27
24 18
15 13
5 40
29 13
10 9
16 13
41 33
40 33
3 19
14 35
16 14
8 29
13 15
29 14
41 11
40 23
28 15
35 34
13 24
5 22
33 20
37 34
11 37
25 16
14 40
11 32
14 18
19 26
34 6
39 33
18 39
16 4
12 39
25 35
2 5
26 24
2 18
34 38
3 8
11 3
20 3
17 37
21 1
31 29
40 22
7 39
40 13
10 34
3 12
40 31
35 1
9 29
38 12
39 9
16 17
11 32
15 34
33 4
23 33
28 29
32 26
41 35
10 33
39 23
32 28
18 34
37 5
30 9
4 39
24 21
10 15
35 2
8 40
24 1
26 12
32 10
13 34
5 24
25 3
5 17
32 24
11 29
29 41
39 32
40 22
13 8
38 8
12 6
7 35
8 32
7 41
3 22
33 7
4 19
11 37
4 34
7 32
23 8
30 16
6 12
28 15
8 38
26 15
3 22
22 36
30 21
38 10
15 6
14 33
16 24
30 19
18 36
12 41
2 41
15 9
11 1
24 20
38 10
34 1
31 16
37 20
38 35
29 11
40 3
4 15
28 34
35 5
30 5
4 34
6 18
1 16
20 26
37 19
36 29
21 27
5 16
5 2
12 36
12 10
40 16
26 27
10 20
33 39
26 36
31 32
14 34
8 35
18 4
14 34
35 41
39 11
6 40
22 41
12 32
1 29
16 27
38 37
18 38
22 14
29 12
29 21
19 22
41 24
36 13
17 31
12 14
41 20
14 22
19 25
12 21
15 29
6 11
27 25
9 7
40 20
27 21
40 10
20 25
6 35
41 36
7 15
35 26
30 17
4 15
30 24
29 18
32 1
5 17
9 13
16 9
34 1
30 34
12 8
17 1
18 11
8 32
7 33
22 23
38 37
14 23
24 33
15 24
37 31
35 8
7 2
41 10
31 33
21 41
9 38
2 26
9 11
19 17
5 40
1 3
37 14
27 20
5 41
4 41
33 40
7 39
3 8
7 33
1 28
34 9
26 38
37 34
7 16
12 11
16 12
14 12
25 1
33 31
1 38
30 35
37 38
34 41
6 2
34 6
31 27
17 15
23 12
9 31
29 20
1 3
33 16
16 18
16 9
7 18
6 38
13 3
34 6
2 41
7 35
6 37
22 12
5 35
20 36
22 1
38 26
35 12
1 12
29 9
18 8
16 15
20 9
0 0 0 0
