69 297
38 54 4
35 52 476
5 8 152
38 53 277
30 68 471
9 34 109
8 10 804
5 59 241
37 68 465
59 68 594
21 42 978
5 61 70
19 32 864
27 68 131
22 42 219
45 57 619
49 53 864
9 16 332
49 60 139
2 30 739
12 26 442
6 21 369
1 35 249
5 42 878
25 68 284
63 68 92
34 66 606
13 68 902
12 31 135
23 68 664
16 17 254
12 52 979
20 55 939
13 64 774
23 43 368
34 59 152
20 22 297
20 68 999
1 62 395
4 52 31
40 61 346
17 64 762
19 38 483
7 59 604
38 68 667
22 68 333
36 68 24
46 53 930
10 22 642
17 27 44
49 61 317
10 51 381
6 9 950
8 51 68
26 47 341
55 60 926
54 68 662
10 68 774
11 31 150
6 15 966
39 58 188
4 33 615
37 54 652
35 60 374
9 63 802
67 68 199
34 42 574
12 39 868
39 61 514
20 32 646
7 25 272
7 13 864
1 59 995
9 17 186
14 35 387
7 56 498
0 68 58
4 38 808
12 64 574
4 34 882
35 40 438
34 38 913
39 62 935
38 39 461
58 68 663
3 36 190
18 34 878
50 61 980
28 68 763
33 54 382
25 53 441
60 67 716
9 59 361
13 30 525
0 3 765
37 48 650
15 68 869
36 53 864
36 51 57
31 68 655
46 68 470
10 34 76
39 68 983
18 68 471
41 68 538
19 68 835
17 32 527
21 44 214
0 5 868
21 51 651
14 61 232
22 49 115
55 59 815
1 33 992
41 57 29
4 16 366
11 15 106
42 56 797
65 68 893
9 31 801
23 63 236
60 61 64
0 22 549
33 68 119
32 48 587
28 65 427
27 47 753
61 68 74
54 58 328
16 21 976
19 35 542
60 65 627
1 47 661
55 68 781
4 32 960
0 23 443
64 68 922
49 56 18
22 41 733
21 25 52
14 23 846
11 56 968
16 68 509
41 55 213
24 68 37
34 68 448
17 68 144
52 68 131
49 58 373
62 68 563
26 45 363
16 19 945
3 67 370
5 7 754
35 68 529
15 35 645
10 56 394
53 56 503
49 68 705
38 41 207
30 55 906
9 56 596
2 13 272
19 40 238
9 68 925
4 68 654
13 57 731
16 51 137
7 26 731
45 68 341
24 51 230
18 24 822
50 56 208
7 66 877
8 68 619
51 65 5
19 20 938
12 41 611
4 58 414
25 27 523
3 68 679
63 66 63
13 48 650
20 56 855
9 39 983
16 52 504
10 40 655
36 59 115
12 68 179
17 58 968
5 68 353
37 64 230
52 66 226
4 55 332
50 58 720
24 31 615
37 45 637
13 53 749
60 68 948
4 8 894
29 49 460
29 53 590
21 33 585
28 41 881
3 39 973
10 50 709
43 68 408
46 55 413
6 62 916
12 40 144
35 66 860
21 60 579
47 56 641
0 34 95
57 68 249
1 42 341
28 40 556
56 68 494
12 51 434
7 68 938
26 63 189
41 44 717
21 68 673
32 47 659
1 68 113
47 68 472
43 60 489
14 52 426
2 68 204
20 40 491
20 42 906
36 58 620
46 47 751
25 40 389
13 46 462
40 68 625
16 49 34
32 68 121
51 68 522
7 11 316
50 68 54
53 66 763
44 55 772
19 54 357
25 54 529
34 52 840
24 60 815
5 66 871
66 68 252
48 68 210
32 41 608
15 25 782
53 68 914
15 36 22
30 43 809
9 37 956
37 62 671
19 65 894
1 16 462
26 68 277
7 8 979
11 68 849
44 46 159
5 60 714
16 50 680
6 68 402
32 49 672
49 63 418
31 57 55
14 68 951
10 31 83
4 18 294
20 41 527
32 54 884
24 48 801
5 49 323
35 67 809
26 62 898
21 50 529
9 18 719
48 54 974
5 65 193
17 49 865
44 68 184
25 65 640
21 45 895
23 60 537
34 57 734
28 47 342
29 68 968
3 55 896
42 68 77
5 9 918
2 45 472
48 61 863
25 57 955
39 44 168
