63 206
31 35 775
24 62 363
21 25 423
1 36 747
53 62 124
21 36 209
17 60 31
2 27 872
15 57 29
31 37 737
18 62 426
49 55 650
17 62 119
5 31 984
48 58 263
32 36 925
2 53 169
21 52 87
34 49 961
16 34 452
22 47 658
11 44 924
4 29 692
58 61 81
7 62 231
21 59 93
38 46 612
49 50 268
6 9 679
20 62 205
14 34 535
12 22 720
14 30 707
15 56 682
2 24 533
32 45 988
14 62 654
28 47 597
10 32 617
31 62 394
24 53 262
29 33 396
11 62 788
31 32 74
21 62 803
38 62 619
15 27 574
56 62 592
24 47 560
44 62 603
13 62 31
15 39 875
13 31 457
16 53 442
20 57 517
3 9 779
4 32 730
25 62 144
27 56 828
3 62 557
57 61 88
35 42 821
7 16 649
16 62 618
52 61 921
32 62 609
30 45 135
13 42 186
25 29 609
45 62 503
51 62 572
32 41 739
43 61 37
32 58 899
20 45 102
11 17 16
10 41 422
5 23 806
11 58 614
12 25 772
13 22 577
46 53 58
22 62 871
59 62 358
1 57 253
3 28 37
4 47 187
2 47 237
43 60 680
49 62 586
57 62 475
56 60 199
23 56 736
21 42 855
8 28 785
6 62 417
24 36 961
33 54 92
12 27 361
55 62 917
44 48 936
8 18 36
24 34 165
23 25 957
4 24 213
22 33 422
6 23 785
27 55 688
10 62 512
11 29 375
26 31 268
16 44 347
24 56 102
29 62 287
60 62 146
25 54 230
39 62 945
37 45 601
33 48 570
52 62 349
37 38 844
29 44 709
52 55 474
37 62 548
7 36 130
41 62 906
42 46 537
26 57 870
5 61 915
1 62 745
54 62 402
48 62 846
50 62 191
36 62 929
0 62 462
20 34 807
6 28 678
28 41 545
26 51 793
27 39 217
1 25 884
9 19 896
47 62 603
25 59 820
22 31 985
35 38 244
7 21 185
43 62 522
45 57 209
12 62 218
4 13 148
3 16 543
35 60 972
39 55 683
28 62 20
9 62 938
6 14 319
1 56 891
5 62 423
49 60 364
40 62 412
4 62 296
48 49 895
42 60 91
49 57 714
2 37 47
32 60 618
30 62 588
27 62 793
19 23 352
8 24 377
8 19 961
16 42 964
8 62 956
0 27 305
1 7 470
14 58 27
14 29 198
3 5 536
33 41 189
11 53 131
20 36 996
14 22 136
58 62 376
42 62 234
50 59 635
32 43 620
22 24 783
23 62 692
35 62 652
33 36 43
12 39 660
34 62 623
11 16 890
16 30 500
46 62 780
2 41 231
15 62 55
61 62 618
36 46 123
5 13 178
2 62 128
26 62 46
22 53 246
19 62 141
33 62 934
