27 80
10 18 591
21 26 895
1 26 962
18 26 528
3 11 646
2 18 911
10 12 86
2 19 923
2 12 444
1 10 723
4 17 352
10 14 675
20 26 193
10 26 159
14 21 509
16 26 752
15 26 274
2 16 742
15 20 537
2 11 377
17 19 387
3 26 769
5 11 314
7 25 514
9 12 709
9 26 852
12 26 466
6 26 970
4 26 947
11 22 704
23 26 103
8 19 333
9 14 899
19 26 771
19 21 627
6 19 969
17 24 217
11 26 665
1 5 175
13 26 467
12 14 340
13 23 942
15 23 139
5 6 386
0 26 675
24 25 796
5 12 267
3 5 588
1 4 65
24 26 445
1 2 346
17 26 573
4 7 895
2 26 489
6 14 703
7 26 47
22 25 116
3 22 398
5 9 983
1 7 818
1 20 216
11 15 33
15 25 757
25 26 212
8 23 602
2 15 441
14 26 625
8 26 514
17 21 537
13 16 102
22 26 143
7 22 972
21 25 965
6 11 489
0 11 959
11 20 860
18 22 104
5 26 636
0 10 414
3 10 682
