9326 4374 5781 38
400
2675 8136 9059 8137
3930 7184 3996 7330
3403 8825 5994 8828
7208 3208 7210 4984
4901 5329 5039 5340
3722 6568 4437 6581
6468 2792 6487 3418
3550 2153 5619 2154
1732 5997 1744 7976
7450 8385 7671 8430
3857 8959 6018 8961
9588 7778 9642 7879
4091 4788 4097 6850
7940 9774 9789 9779
2999 865 3003 2343
1072 8226 4437 8229
8801 4044 8816 4753
2955 1931 2965 2518
9076 8882 9125 9194
5948 3068 8861 3075
6138 9257 6198 9274
5439 8917 5446 9293
2421 7299 2424 8064
7829 8847 7855 8856
512 6030 1082 6039
1016 6388 1028 8237
3489 7749 6372 7750
9585 325 9636 708
4319 3981 4342 4129
3240 2032 5255 2043
242 3602 8004 3603
7130 1085 7131 8255
5018 8462 5146 8584
5031 6152 6503 6169
6749 1597 8138 1600
8355 7118 8588 7192
1191 7122 2967 7125
4576 3133 5335 3160
2500 8342 2908 8402
8012 7715 8021 8676
5277 688 5395 850
7378 915 7394 1062
2585 4748 2605 5791
3868 1181 3871 2360
9940 7744 9976 8041
4800 6651 5225 6659
1774 5374 1782 5596
1913 431 3931 438
808 7602 818 8040
1914 6476 1916 8743
3278 6933 4986 6946
4067 2590 4069 2808
4830 4658 4948 4813
1906 4488 2067 4634
554 3996 560 5408
8610 1385 8636 1710
4036 4799 4122 5064
2175 621 2665 626
5693 1326 5696 6193
5267 8649 7799 8652
686 234 6713 236
1472 4766 1505 5283
9043 9450 9053 9508
2160 6504 2264 6686
2943 9433 3079 9554
5808 2978 7732 2985
3721 178 3730 554
1456 5883 1686 5936
682 933 688 3387
5713 6604 5724 8456
1399 7495 1421 8299
4454 4201 8176 4206
4918 4986 5009 5018
1537 2777 1603 3090
6602 3729 6642 4311
2292 1412 2310 2502
4071 5095 4079 6478
9088 4637 9090 9593
2350 9433 2376 9487
5286 4360 5288 6370
9130 3524 9156 4344
315 6427 493 6500
1784 7776 1944 7907
47 2772 2945 2778
7369 586 8718 588
6215 2010 6218 8254
2516 3891 3139 3899
2124 309 7183 310
774 5356 810 5942
9259 4809 9584 4826
2607 9481 2745 9527
6786 5635 7509 5646
3049 4618 3056 6201
5026 3706 8487 3707
8497 3430 8580 3722
5218 3220 5221 7199
9126 6945 9149 6984
3832 1646 3855 2381
8532 6738 8608 6905
7735 8096 7812 8405
7399 5225 7760 5239
4577 6678 7094 6687
144 1304 9689 1305
3103 879 3246 1043
7808 4950 7862 5194
4497 651 4505 1327
5765 7384 9394 7390
4246 9876 4507 9943
928 4697 1307 4725
1450 2749 1457 5237
1291 8426 1374 8602
3840 612 3905 909
2872 5564 3038 5587
6257 1285 6282 1753
1600 6325 1640 6819
6978 6618 7104 6722
4261 8983 4741 9020
9039 3945 9040 7910
7692 4953 7695 7849
14 592 51 909
6934 1107 8071 1123
2377 6863 2539 6925
3914 7925 4478 7955
9894 6485 9901 8669
2686 1789 4204 1800
6566 4679 7200 4706
3524 3346 3534 5730
8477 9220 8536 9421
4290 3281 4316 3394
8797 1499 9916 1507
18 4956 294 5034
1844 8383 5336 8384
5112 7583 5655 7625
349 1653 2341 1661
3197 7283 3262 7444
1056 6302 1303 6372
7861 6187 8800 6211
4865 4399 5021 4486
8788 5887 8794 9260
7522 650 7540 920
1054 3248 1061 3486
2161 5448 2178 5903
8436 3797 8512 3815
8171 6887 8993 6908
4211 5773 4946 5798
1617 4648 1627 5109
3792 6197 6079 6204
5473 4075 5568 4124
5820 7414 5824 8473
9429 5074 9461 5327
5776 7334 7571 7335
5662 1271 5672 2813
7009 4193 7415 4233
4908 197 5320 243
2149 3979 2273 3995
7042 3477 7056 5208
4403 8445 4408 9524
4284 8195 4314 8720
3423 9645 3432 9853
8564 9531 8853 9567
8521 5920 8711 6004
1477 6602 1733 6626
7656 959 7957 1032
7801 175 8700 196
3437 2561 3658 2632
4622 4408 4699 4476
5643 2871 5651 5445
4327 1334 4362 1983
4584 1091 4651 1306
5366 9796 6148 9814
8374 5439 8432 5600
5476 3536 5840 3593
1056 4971 4084 4975
2163 3267 2357 3276
2185 936 2231 940
8368 3126 8584 3236
7507 6608 7686 6710
250 225 254 1025
2949 6905 3176 6937
75 4017 99 4896
3694 2800 4383 2812
9197 4663 9209 4761
7036 1538 7057 2639
3290 2571 4329 2591
4140 3412 4143 6125
2422 4302 2448 5174
608 7536 611 9220
4818 7474 4843 8410
7549 4276 7764 4314
8769 5669 8774 5759
8518 8546 8826 8559
1614 4733 1672 5062
170 1183 6706 1186
8323 4293 8325 9532
7996 5905 8032 6217
6972 3111 7692 3116
3482 1350 3485 5682
155 7603 832 7637
1912 8464 5164 8467
1757 8825 2563 8849
7883 2823 7884 9838
260 4335 2619 4340
4272 3209 4336 3513
9802 3717 9835 3889
4676 3769 4696 4144
5171 765 5207 1128
4422 636 4475 798
8459 6442 8519 6846
482 4647 583 4756
3278 4664 3303 5058
5882 3395 5896 4946
5971 5439 6233 5488
1744 4273 2697 4278
6123 2468 6135 3677
409 138 415 1710
5316 2944 5320 6307
3261 7531 3387 7532
9284 6115 9808 6157
2081 3283 7100 3287
7883 163 7892 1782
7879 2562 8249 2570
5131 5848 5283 5962
1114 9563 1239 9712
3306 4134 4929 4144
5182 4215 7915 4218
1565 3474 3983 3478
6280 1593 6535 1661
6001 6922 6073 6961
1945 5991 5210 5998
8802 7559 8818 8189
6488 4760 6614 4789
9500 3069 9745 3153
2714 4203 2731 5400
6092 8685 8467 8687
132 3175 672 3181
2652 7924 2693 8369
2976 6977 2980 7541
506 1372 896 1375
7536 5978 7556 6329
6303 1722 6324 2862
945 3724 950 3855
2774 7243 2828 7695
560 3888 561 6564
5088 2354 5094 5066
9086 5964 9839 5971
4227 6603 5321 6605
6874 2653 7207 2711
40 4251 87 4662
1711 3202 8456 3205
7377 8374 7411 8711
9809 4592 9892 4743
376 4941 564 5023
3456 154 8503 156
6006 6281 8363 6290
264 1788 334 1971
568 3461 7477 3462
152 19 239 62
7345 3282 7825 3288
5283 1198 5457 1324
7329 5746 8097 5771
1487 1517 1512 2392
3101 8518 3111 9143
3505 4088 7536 4093
2708 6185 2794 6230
739 1841 742 6222
785 5050 2328 5065
4090 5796 4124 6409
4367 9783 5795 9800
4296 3348 4560 3374
9047 578 9589 589
1958 4960 2395 4972
2517 1632 2529 3180
2843 5387 3487 5422
3273 3010 3768 3021
969 4339 1058 4364
5193 5754 7680 5759
5401 6038 7015 6048
8454 3063 9103 3078
5485 1751 5831 1799
4830 2069 4835 5088
4533 8672 4548 9811
3495 1218 6499 1225
1216 5602 1437 5711
1334 9946 3018 9954
7982 6525 9346 6526
1080 2108 1085 2997
1703 172 6618 173
6281 4454 6551 4490
3916 5206 4210 5260
7842 462 7893 770
9539 6314 9638 6320
8756 2175 8758 7241
1656 5326 1664 5608
1377 2673 2114 2678
2305 7179 2323 7655
8616 1272 8618 6922
2264 7443 2272 8510
3453 2733 3484 3156
4823 8928 5173 8988
1725 3157 6362 3161
8588 121 9506 131
4255 3014 4796 3044
3174 4632 3573 4651
40 6291 229 6301
4036 2830 4048 2991
7157 7264 7234 7470
7760 7938 8107 7976
2963 5764 3477 5808
702 7177 708 7501
1544 1585 1545 3460
5451 3083 5707 3181
2243 2665 2244 5100
6438 42 7435 58
8834 8894 9796 8900
8748 3379 8764 4286
8277 2764 8346 2899
2471 2942 2695 3022
7534 8345 7658 8521
3258 6740 3267 9143
9042 2737 9077 3337
7519 6177 8212 6185
8723 8168 8787 8238
9160 461 9164 6275
2937 4040 2938 4085
1419 720 1618 724
4380 7795 4406 8641
39 1988 83 2177
3294 792 7210 798
5940 3188 6003 3250
2816 9306 3811 9309
5155 7386 6321 7388
5772 5223 6758 5242
1503 9926 7387 9928
3328 8323 3369 8619
295 459 770 483
4637 484 4638 5322
699 2600 841 2689
90 4979 95 8513
3189 5166 3199 6502
4536 3979 4813 3992
5094 6537 6706 6539
5467 3362 5468 9989
5337 1540 5339 3312
2323 4202 3178 4223
6718 2781 6737 3899
2069 1420 2262 1475
8227 2045 8231 2998
7657 2033 8894 2043
6981 1717 7179 1823
778 5427 5762 5431
5921 2639 5987 2895
7376 6256 7389 6775
348 1107 4354 1110
730 478 757 991
762 8841 784 9246
2540 5832 3317 5839
9140 1085 9162 1385
6486 932 6493 2223
6084 3759 6089 6616
295 2400 1409 2416
9688 1636 9732 1945
1177 6283 1199 6819
5373 4491 5382 6681
7118 7116 7155 7374
5980 6205 5992 7140
1830 8639 1919 8702
2420 2540 2523 2727
2558 8347 2832 8350
7661 9147 7747 9321
1892 1549 2159 1634
3485 202 5087 208
4609 4157 4615 6324
943 6529 947 6807
9288 9313 9344 9384
3261 1928 4679 1944
6396 6128 6457 6228
4510 6752 4541 6790
7684 2811 7690 5363
8167 4833 8713 4837
7450 5249 7468 6227
4776 5968 4881 6040
6343 7094 6518 7220
5893 1700 5894 5394
2413 7065 2560 7162
3463 9673 3948 9693
3305 9191 3310 9757
5526 3070 9323 3072
629 2041 3039 2050
1135 8149 1329 8164
8603 6449 8896 6501
7664 9127 8147 9153
3101 1675 6833 1679
1221 5941 1248 6092
3897 3959 3927 4591
5076 5667 8405 5669
668 6531 704 7034
5462 2332 5468 5231
1392 7787 1569 7927
428 9312 1133 9337
4049 6856 4436 6868
