304196 516481 426342 351075
800
652456 836536 684446 837703
280709 417180 291020 423114
289097 458265 289739 491620
693624 336290 694644 384905
198419 147577 229780 148091
959062 333435 961102 357200
211836 822131 420059 822413
384934 927116 385233 961279
482275 316194 482521 452116
202289 604576 443360 604693
172672 671713 172913 914815
804218 874181 805872 893559
569378 632724 569575 727282
330927 883617 426569 884071
872112 803965 872244 937560
877744 370950 878461 448433
370224 480567 451192 480835
885179 221780 885395 294567
123607 480405 157885 480885
654610 935129 656391 948662
458390 297125 458588 546768
319535 332461 319727 376179
700580 210113 709114 210989
732291 101993 816677 102161
643155 187262 681282 187447
156596 799173 164365 802656
221992 323025 234779 323184
688457 507660 688469 943670
639879 776477 640829 827413
429991 921037 556548 921087
125209 268093 258046 268452
825411 116720 853077 118110
830661 418493 830788 807488
231209 216778 231213 628473
476009 9263 476222 117180
98392 337491 168501 338076
843745 882407 848015 892449
542618 455620 543198 513315
314970 351935 522467 352008
317549 150423 324214 158134
564323 390165 564405 790078
326847 184818 403164 185473
434747 74737 453142 76520
683780 73540 690351 82029
210314 756698 245881 757304
346971 132609 794914 132696
452035 507078 452659 522909
249904 231720 250072 480399
354804 178738 354872 231654
386579 736782 387576 741402
710252 628382 903857 628597
3072 239453 3076 985289
792569 571642 804736 573235
791870 857195 809593 859445
232539 242363 233295 312955
405241 271773 963896 271858
404200 584293 405915 612830
140631 780636 141373 854075
615659 242558 628935 244997
320631 147535 870066 147580
420910 284808 421199 314073
308029 449479 308175 657379
91480 127358 366291 127570
80205 186535 80705 255618
725431 333401 725525 941862
447920 807393 448291 976105
952484 913777 957150 925121
941526 311120 942005 316138
886446 513026 886969 573592
44852 456213 100776 457100
194336 35940 194443 118454
228028 147254 277367 147471
696181 242227 696601 265671
70602 196874 74543 210485
722331 136962 804391 137570
856463 902889 857429 916471
50452 748285 51087 798786
392091 390059 392497 544837
443386 287653 459922 288936
767050 179476 779789 183810
181730 683348 654156 683370
603585 890424 656427 891255
428968 44633 429026 584773
415427 382521 415792 479483
682183 744813 703352 745040
310461 322199 503553 322329
80922 704464 100942 707272
921224 735960 923940 745216
550504 104794 633986 104821
318365 556499 422283 556796
430370 199367 438372 200040
59231 151364 221156 151569
493268 831194 589327 831709
371454 530933 378038 537330
590535 448764 636376 448935
792652 463518 793678 465550
848372 84986 881102 86556
279958 48850 414391 49102
521800 255405 523414 257258
427255 67921 428167 103183
401941 743012 405634 751145
395610 731157 570289 731362
426912 845076 427047 867781
442082 818450 621379 818580
522469 200569 524245 226024
831735 583239 926206 583489
842230 767252 868730 768857
184578 367146 605864 367273
717177 472666 717585 626683
578730 689368 596964 691691
401481 179529 410873 183490
299859 286427 304403 299374
32385 317914 32420 764752
38288 46238 83874 46831
257163 371367 293997 371747
434836 161592 434949 367036
583236 878336 584018 920735
691393 629442 691812 709537
89561 600069 94638 606299
755901 980198 872757 980236
514181 21220 562456 22488
847632 74182 893948 75180
99588 213966 99993 256897
151006 374945 154736 391224
144320 567126 160452 567848
725750 757305 726857 807123
830175 628347 830782 709695
642589 542942 651285 546586
533886 510595 543902 513361
174000 440410 174280 598781
489688 80401 489763 442884
847984 996597 852954 997730
992128 443914 998607 448116
620904 708450 621862 716664
90287 19910 95405 30966
756125 903091 856942 903431
879073 840364 883280 849249
453203 548858 469677 549010
79973 333597 80003 811993
60393 533679 61123 562854
283371 906294 283657 939217
970859 167145 970875 526320
258190 308656 275551 308704
572118 831297 572589 958291
173262 322901 173321 729695
171590 303850 180830 309916
324821 809645 332799 811078
246437 564092 246614 875050
826285 696452 830608 701822
792957 870835 797509 874174
304482 854536 310564 864663
372444 922912 488667 923261
384176 448618 396894 450230
127236 916009 906813 916039
838794 353888 840765 366444
194264 955173 195660 963254
112581 479232 252746 479400
190003 953955 976230 954002
875615 1571 875723 298420
215918 230744 224317 236802
221371 825623 226242 835372
891584 724967 902087 726761
244194 443447 244243 567713
321352 856695 331526 858607
925718 773712 941173 776642
322630 183738 325598 194239
106287 446827 106338 456958
226799 152640 248233 154604
323459 432646 323569 634173
733932 492336 739701 496650
383113 792205 414661 792379
652561 220843 653806 242676
581185 440987 581437 559786
164402 517253 958274 517265
225293 249070 240960 252590
805275 642194 828568 644502
73072 334811 73344 482437
115935 162198 165050 163343
46451 887598 497187 887723
807168 159476 823135 161754
498476 621188 510085 624006
33022 43986 842671 44022
311729 711206 312026 904013
600006 72837 600402 223993
653725 719069 655672 742976
728744 551602 886169 551733
130651 608516 137896 617102
583926 184685 584637 270588
665393 727742 666528 775609
534094 497934 548381 498997
270165 821086 337662 821183
775768 634275 777419 663670
593619 255555 594284 272163
438060 427411 438109 741374
364604 868229 450738 868884
937251 295266 937690 428991
996122 101951 996321 400694
222756 841475 288176 842058
130262 66562 136058 71340
91065 676433 796558 676472
623868 473330 710199 474024
861798 404911 862757 439551
192817 331342 230771 331426
524976 710783 897868 710950
16457 559624 328208 559654
621593 151293 621716 507839
390441 888274 391725 911802
85325 17624 85346 565004
86757 542445 91092 555064
557807 665147 757219 665276
430710 11743 430825 62967
40086 419545 46300 423155
863555 583145 863829 586917
158288 170972 159298 194858
543526 330643 549081 334358
880142 261010 880915 292613
721638 579051 782987 579843
463819 188004 476813 190624
809260 676565 939120 676914
216395 110041 216676 206935
820484 174230 820594 292476
383008 491079 383149 516439
282251 715798 322176 715973
161221 768904 680419 769016
313906 254076 314599 265775
360584 489753 361458 502304
265005 670574 275754 674099
148737 178692 148988 367813
961756 851585 962375 921825
593097 959780 593278 966812
226977 430496 277173 431666
571146 709240 571316 810461
806930 89074 867977 89473
717521 685701 717860 698279
702462 206394 718722 207541
137761 932706 563425 932764
610077 373311 747430 373715
258708 383388 259685 386786
78886 81019 124166 81297
713414 384608 713457 545483
100760 90812 101811 142174
516279 205702 526122 208228
94707 944787 169720 945188
793463 353987 838959 354159
593333 701206 593870 746426
187597 82691 189338 115029
326525 494755 349370 496509
185350 503940 185612 691880
396022 681082 400428 691328
404963 711836 417728 714526
869880 793623 871481 794796
459446 702120 462858 703413
415444 757514 440625 758220
493003 918113 502825 922013
250878 42080 250931 332169
183879 313999 355609 314349
195800 432028 313253 432504
555130 504748 563356 508895
11022 119019 11139 463944
997795 831757 998621 898449
88019 542497 370161 542699
254210 224215 256474 229872
647989 164113 648008 431123
489149 266212 489288 469516
484187 594925 487149 601949
976472 721873 976714 829514
364017 628508 364839 652016
131486 350755 138569 357211
476289 266538 485294 272434
643895 80085 643971 360715
888280 294825 940181 294971
763120 397522 765615 417326
533732 13145 534188 21890
879154 18946 879997 80727
880724 421211 881970 431563
441826 3516 441862 44139
889976 918102 891241 965411
65339 651522 141301 652123
522436 305524 546519 306904
45896 30781 52050 32002
507253 651530 507607 658383
235785 13319 551791 13365
721265 946636 735062 949308
941146 298757 941683 362680
777881 159654 781928 165103
141540 364038 142371 378695
866534 495927 921720 496883
651996 758994 652875 820755
687522 446606 738603 447109
567409 871007 576916 876105
235304 190036 279229 190632
292405 36284 758616 36396
59614 604033 59960 660885
761933 12932 772126 17371
335766 789245 573678 789371
788957 517107 789902 564780
750729 611305 757776 616369
157969 395668 869471 395725
635196 819649 636714 836735
818108 385083 818152 781783
581535 539973 594259 544421
80806 788610 83430 807146
849547 565803 849819 764344
289896 946392 298659 951694
115447 516927 148523 518492
688303 34549 690175 59371
779541 859557 779797 866461
138363 703433 424072 703476
582367 894864 623869 895313
239695 62610 242174 87568
392662 202837 392811 569297
336742 868441 373212 869459
361600 949039 363053 963681
4787 721201 5344 827931
104630 304238 127236 305318
687590 383749 688459 448361
311525 775476 312327 849353
769419 485914 772009 499409
160562 67622 397745 67745
786255 367770 941756 367853
163629 71577 163748 578213
28235 506145 127805 506433
271549 525512 311645 527025
442788 105975 443363 183675
580786 54122 582098 89960
413555 515355 413720 625814
826933 244472 842456 247458
135467 209301 221734 209366
725581 932659 745117 933190
472036 802838 473287 834088
135501 17052 135850 141162
260048 203859 261266 231867
699122 618803 719711 619165
218110 60434 265083 61591
72990 67277 188813 67484
410528 425521 682527 425573
859433 336607 859481 576607
737317 888094 738748 896806
770219 492325 770378 528016
552506 625948 659008 626391
154921 142544 155155 280564
537510 385996 815445 386010
488054 49086 488237 233689
975551 91299 993352 93398
295916 927625 715399 927745
324713 508566 354960 509163
258232 825952 364461 826061
924865 799418 929569 801085
112042 260469 112137 651001
764853 917137 776761 920131
217746 554523 220327 568409
224837 389783 632789 389861
148139 641976 331782 642105
544544 235689 630911 236286
628177 666357 659178 667302
330307 725689 451729 726008
855355 656126 857043 670989
551550 350537 551641 736204
472607 280420 473029 318284
24297 138372 224889 138529
454565 418149 573758 418570
485076 747925 487408 774720
273293 593859 286292 598175
227959 626199 230027 643746
584482 773975 607768 774255
108272 624249 893376 624302
415821 434841 465599 435308
224862 81524 224911 775540
333813 285766 333854 680391
607763 107312 608048 206265
383883 429351 383994 502879
627121 282499 650457 283837
57911 467013 517550 467133
310599 911533 559013 911753
616811 88444 665696 88827
550649 186907 551364 231433
715846 836547 715894 986242
61869 275572 197422 275864
701874 321571 702154 389304
567193 903140 568578 911687
698805 550697 815248 551188
459774 5223 557094 5601
103862 754250 128756 755303
769092 236345 769172 700677
507115 289273 930635 289397
875318 173956 875833 237600
319746 109499 319839 667785
973568 258228 973657 284524
818018 542628 818039 911896
374521 681074 391776 684408
734957 151044 743979 152870
567129 948078 575870 955039
578201 604452 578299 898599
272746 223493 273105 277166
371609 434421 436402 435360
882627 872051 924331 872370
561059 555311 561127 998051
39991 349350 48858 350333
370458 849442 370787 923521
87997 748915 303305 749158
85910 815663 97716 816890
356705 716696 376884 718145
115681 798889 121679 806610
168673 827243 531654 827401
595676 26789 595734 595202
794760 339283 795295 397089
26071 858261 79414 858560
160828 923084 161412 927878
753941 85058 754110 192121
21629 134812 24293 135997
828003 774386 828243 967423
416569 628036 418658 653130
429877 228201 430483 254504
148445 304472 149255 317965
704459 259433 725861 260827
91327 797643 92270 845418
346645 310312 346724 454101
859535 944664 860892 965045
563033 479254 766514 479418
349453 312937 508791 312992
782321 648529 783567 672503
585989 661827 586497 697538
593147 117175 614253 119890
449660 206534 643501 206569
678250 421382 687406 427760
352422 715177 352466 873593
329184 606648 329741 698600
707457 440145 782678 440229
498843 535233 509306 536723
736587 209596 839126 209913
487210 84125 487289 585116
487180 612571 542721 613031
827649 725357 830718 734858
151964 590477 154769 604481
451111 928756 451512 958953
807505 285535 813388 285719
664760 132273 669138 140877
858914 208188 859078 398258
701892 636089 702082 701799
689510 741958 689874 882070
262611 35018 262689 175131
774315 168323 774591 291202
934486 494175 934487 652414
331691 709873 331864 991173
216216 60091 217017 73082
870035 851440 874265 857075
664523 729366 894426 729378
625292 398522 626629 410354
464988 62606 465082 329120
387365 78610 387644 228273
561414 31744 561835 68335
8099 361275 8457 468098
543537 852252 915662 852360
704013 497503 707121 503319
450261 556937 454883 567720
839961 353332 840392 438144
486732 881684 507252 882759
523110 245271 527978 257617
304017 357687 304033 496630
545935 486689 545953 584340
514896 171761 713922 171953
288083 605510 723394 605546
275912 415942 298469 416089
821038 727829 848194 729039
160819 213472 191466 215183
198248 855591 199819 870324
733715 12916 734812 15669
184477 245240 252365 245835
453407 224099 455684 229931
745478 924420 748111 933376
301252 46780 301320 552915
376239 840927 383696 847944
92826 297427 94115 316185
621446 508888 921250 509044
961702 204494 962076 218607
485817 85205 489614 89562
641553 865474 642290 916816
530003 163668 533233 181803
930126 733440 936355 742357
103054 894230 132301 894757
448638 38055 448661 188608
105886 225424 106545 270620
66133 70042 274673 70067
378052 251645 378930 319917
887220 680300 895246 684167
835356 51201 840042 63940
72011 144278 76396 156025
591419 331396 593194 363441
311369 208290 311845 223778
952596 525072 958263 535090
895331 731256 896169 780494
24491 787596 178705 787666
873986 737733 915843 739234
773658 148019 838946 148914
92826 463046 104546 468281
392812 15673 397838 25296
141369 868056 593282 868063
827845 375420 829602 382034
961922 88403 962027 134659
393605 349738 419464 350002
26485 939143 155318 939537
222823 985456 436569 985513
876680 931862 915433 932538
508277 674185 511791 675060
599207 146666 622227 148998
933827 854250 935227 877587
419016 256427 424917 257186
695070 205828 695123 900644
399288 603534 429562 605328
170590 41892 185423 43282
290851 772892 435261 773214
180098 752184 183702 762156
114609 297679 139629 298479
701965 368538 702064 655683
216930 692884 217177 782131
798946 297388 799198 513364
326417 871617 330570 885351
376548 386720 377566 411750
567344 728073 779656 728074
176982 289376 200097 289740
738894 115319 923829 115484
484178 566960 668398 567111
646202 117067 646213 267092
639238 408622 639713 471976
917469 349640 918533 393408
207005 547687 228705 549382
478813 720929 542193 721422
75713 930875 81051 937319
696378 637558 696570 862736
603397 571294 603583 697224
183407 921012 187370 925456
141906 492529 142777 513988
97891 805824 212895 806215
868021 810168 953506 810631
22461 70320 31121 74709
174821 146665 215435 147953
855171 184665 856382 210469
66083 237164 81717 240731
451742 559784 451845 783051
32317 74705 59183 76911
603450 532594 730840 532837
235027 596463 274858 597305
95395 666453 95575 830525
502346 301668 502368 327843
662003 685001 666599 691785
449798 987989 539648 988523
884824 449168 888357 463222
799031 260546 800808 287773
823817 191585 836335 192117
106401 636378 112040 647538
827699 578134 830692 580005
912366 848819 913448 893229
335581 127833 337614 138108
537480 922173 542935 925522
929663 216431 930613 218759
275260 82773 303037 83680
155617 254288 155689 618653
29661 89038 117309 89756
604070 293874 727023 294107
383431 60372 433965 61068
344762 906527 943857 906548
103932 703920 135936 704691
317955 938738 394830 938767
213345 245075 229844 247478
659478 336925 659847 411173
939552 245706 939750 351992
607024 424455 608755 433089
769998 273198 770116 743009
39491 568308 39501 926177
511621 363854 551710 364891
67026 307277 81619 311404
964297 596468 975975 601214
779764 3841 779826 270993
771805 769596 775445 781043
338971 523303 433784 523915
813741 624630 813913 930599
33413 660675 778359 660703
796849 606158 851131 607253
639194 127438 769161 127878
546666 421434 612155 421682
411710 608761 451545 609572
569158 746652 572983 753669
647452 902661 665782 904092
840372 168274 865778 169416
362467 84023 434234 84361
57329 387321 57483 540912
537877 667808 568380 668580
339408 963877 339464 975074
358432 597533 377753 598540
936476 143717 948607 144591
119157 603618 136144 606829
555931 815956 561149 821262
89709 772294 91634 802755
392318 200322 405023 202229
381639 870406 770180 870434
568633 543685 569950 565624
237554 72482 295038 73132
155627 976885 170359 979341
186114 3725 187385 10900
59580 703792 62416 712272
295346 469905 301826 472254
127743 268531 130448 269556
785920 684416 790009 696086
238634 817867 239288 823827
457090 341950 457224 732077
798024 829522 868862 830119
458794 540470 458924 971367
563521 688075 750301 688207
881810 769283 883045 800762
450453 172238 450480 433215
415892 100493 416707 173516
778629 823036 778937 967524
448202 192069 454773 192187
843158 385701 843211 748402
597079 18616 597132 428180
472413 56536 508782 57321
453944 882999 468749 887140
122273 605503 837320 605579
745175 105618 845145 105737
697232 194224 697262 927834
38382 347676 38446 707403
51833 843484 51996 986613
195975 987238 222255 988858
451413 949699 460102 955008
919106 595965 922416 606587
902625 552953 905092 558251
58169 92221 58178 423324
890601 597648 891835 632289
663180 282019 687957 282819
870574 55793 871860 69065
149251 212514 157427 214021
953754 727738 954809 746166
431099 876352 431722 920300
128920 505469 133036 507062
317182 381098 799888 381163
607076 479487 832584 479628
294874 24314 327278 24662
364899 982102 399918 983031
251719 673204 285394 673294
54633 909758 74342 910738
405057 580609 410350 587107
7488 304199 7675 560368
422683 683894 424349 699813
847390 17047 851081 30413
712159 370748 928418 370752
103577 241883 372012 241910
188903 149176 188937 562722
624664 66563 624772 586739
691473 722487 695822 736298
316686 13565 324655 20105
36446 923276 38004 931044
611423 29257 613239 51891
818596 524221 824880 528629
66525 109437 86024 109694
520514 736133 522952 749417
961009 234915 962358 279424
610893 676718 612284 693439
564470 903871 689910 904231
517495 38462 537048 39574
526937 588873 527672 639634
72652 559104 604323 559137
788488 951580 812770 952092
598096 185498 598608 189745
229921 560152 597491 560198
801980 328035 902863 328267
57986 86531 60485 94152
206413 902586 206926 949355
465869 692559 837941 692611
136398 219896 136466 524778
47506 601282 47666 722778
821104 335810 821978 400976
44367 982443 635522 982534
599636 615494 602165 627330
856033 757332 856330 796421
308808 883078 491195 883279
336608 947069 340519 958656
796085 820105 797053 842232
501753 645166 526417 645188
774994 992520 988702 992632
310388 544415 310455 948957
583145 2732 653556 2971
406246 288790 613339 288934
832723 676843 844823 678572
226161 628020 227689 644076
147818 281215 163600 284869
112532 846506 113932 859955
220425 229151 249936 230997
450503 414219 842360 414276
300826 503181 326188 504401
106088 956456 170881 957150
507339 638253 507665 662658
873187 373450 876408 391672
230204 572620 230326 937480
749805 558307 749994 837960
647551 72844 650147 78718
921625 77431 972670 78004
773345 973618 822588 974792
185990 50612 230487 51062
52084 26560 56850 34772
146979 100583 147146 331028
751618 485313 756213 496236
538336 714957 944334 714961
321471 238499 325018 253283
262168 207750 307891 209033
207045 564068 212584 569287
108200 760102 108525 913224
148687 295855 179829 297873
897773 740845 897924 809174
201388 750568 557176 750631
903268 145503 904790 163593
527388 12618 541984 14448
761566 161163 765095 178693
38771 186092 47296 187997
56709 159198 56769 914871
678543 917046 691305 918684
899604 14392 899634 253506
512727 922858 513471 947991
58723 877792 214125 877858
362551 835157 369933 838623
234691 334352 271078 335350
575079 573379 886608 573420
843464 114120 845642 116638
452021 749172 464277 752430
499330 747391 499592 769906
468022 229116 468048 583566
327065 197996 664937 198167
140658 59178 150337 61332
819246 33088 821572 51298
298429 121123 351333 121746
735620 776281 741105 780495
318811 769550 607638 769716
560150 331002 560257 654011
781361 871224 807173 872760
192739 761332 194486 773252
641972 546371 654682 548598
799633 916774 807769 919616
476264 353028 476644 419066
133054 268567 143517 271844
318527 121937 318573 853550
326349 517575 349219 519548
282011 117090 850382 117190
645651 660424 657512 663352
934314 144960 944712 150880
136314 213576 383236 213643
433732 409500 433807 629433
387197 26653 388312 82333
66969 130896 74709 133219
137279 194195 864847 194256
952315 916133 952508 983234
721482 71789 731492 75016
125465 594552 126918 616105
346009 686885 834108 686921
112697 713253 115660 724869
332821 908347 346803 910607
232920 227917 233354 259417
193238 939724 264668 940545
268342 309624 271965 326824
22794 868966 25431 878955
378548 302354 589283 302427
238135 870584 253641 871427
686848 294611 686894 357778
281909 885327 292821 890016
722286 437412 741200 440679
256855 320998 265527 321254
265111 844827 347520 845586
410041 819524 413017 827687
29053 881519 33573 889606
662663 593016 923865 593058
425395 736405 425518 768343
216879 287957 217728 327321
436013 234256 436188 488836
296829 910854 624497 910987
375514 149736 379843 154131
92203 803484 238227 803497
924312 385045 947077 387491
687949 328986 729776 329716
599613 598563 744009 598819
713337 580038 713386 586462
602037 636183 648966 637108
707352 375004 707370 723272
539931 244661 540117 479085
445688 798488 998798 798520
848617 64713 849258 144732
622508 662183 622726 918338
267824 872535 301526 872549
100514 57969 100546 647203
400120 898834 612843 899039
951072 788066 959210 788178
114043 538601 161749 539616
651825 742799 661099 746659
623854 393053 623896 762117
318119 836985 318373 944839
290176 406534 469277 406849
473294 25237 475418 51734
185272 161483 186124 216515
495338 661141 657485 661301
117802 274979 118906 284261
6634 411844 818911 411864
59851 988338 64480 999727
786550 372104 787895 418291
