53703 107567 550831 797726
900
888931 260500 889045 591462
821782 549704 840298 550635
35983 89751 44557 91726
205285 913180 647463 913264
642615 154783 837436 154889
383845 249911 396396 250108
15499 109307 17435 129506
227437 461931 227442 857491
152634 384005 152840 475648
838892 522696 839185 571255
18035 543190 37206 543862
190220 88554 190944 144184
651821 557558 754390 557801
501330 526008 501545 801989
240867 237623 240989 357476
812142 276939 812402 460551
448092 912700 528529 912811
886140 144335 886153 163707
90524 424797 90916 461744
953169 416733 956747 427582
396680 401436 396883 479680
246201 429019 246433 640653
148759 121245 149670 123394
68526 154040 68545 676931
299823 42304 299881 866379
511343 401189 665101 401363
119898 444031 128989 447396
353195 464240 360513 468001
832199 51286 832388 277199
626784 489941 629666 499748
209391 118113 209770 124613
680386 358734 693308 360087
195288 666944 637447 666959
435659 393669 580063 393804
108794 671990 122618 674406
120857 241500 125014 251784
377418 700232 377664 755485
93163 798055 96010 799171
509319 593302 642227 593694
418625 486423 723611 486480
833398 16651 895244 17378
691925 407524 692354 450864
766566 408059 766638 605689
222281 426813 222663 543662
470211 294032 471706 298669
864249 541248 864625 628130
260448 179936 272765 181391
585516 427610 608652 429741
916702 749436 918141 758257
87920 845233 89637 881280
877822 150269 952836 151049
268035 217240 277506 220108
42825 45778 115653 46316
192310 74768 192454 455739
423280 204554 478417 204856
130170 469345 142754 471509
651399 676775 734837 677292
195142 426228 197611 442590
685772 121857 697548 126666
138079 436076 138357 511351
866671 504364 905037 505687
607193 308195 607222 569138
94806 528001 225011 528292
956416 757260 970488 758627
837536 271716 838001 403412
617455 577301 742993 577712
12311 573893 65145 574189
845495 402133 850019 402632
32632 754529 33134 843399
905455 356401 910084 360699
432219 397082 470133 398374
525340 143644 525408 556738
695685 583467 695959 722192
890431 386966 896326 396893
606443 558056 908956 558132
759450 37307 762742 44461
38666 271154 321078 271279
755048 223878 762441 230905
579786 676404 585039 684346
138882 471075 156880 473374
148836 107203 165275 110723
542685 540308 652218 540828
14083 885321 16316 904491
425656 451937 671351 452158
85529 164287 85556 651968
589469 253081 979036 253214
20854 738708 21037 808622
517470 135912 519499 164499
156965 261352 157686 323401
343764 1005 343925 103750
466083 774543 469994 790351
936466 105390 953289 106655
814313 595422 859291 596625
409398 899569 409738 940371
343570 152570 346131 157511
347441 10874 363611 14187
749459 342303 749586 834913
264588 882199 699831 882298
718875 947030 741150 947304
833461 677914 833802 704804
110233 170151 110468 366500
200713 821240 267633 821978
536709 36806 539357 54321
940592 502723 977432 504145
609752 482077 612120 494283
548282 803156 548347 919959
387831 163475 388663 226737
717592 339666 717848 490494
745429 905885 747893 927850
38077 864728 282229 864773
263773 766339 797433 766361
870807 706147 870955 722302
859509 23771 964190 23986
716323 611927 723117 614055
875374 468259 946863 468675
659931 400830 698202 401831
355323 289553 359375 299427
713679 267343 723046 268539
226001 821165 356501 821480
423020 6012 502891 6445
640061 583960 640405 674301
719179 916558 720170 938244
86343 853484 781638 853522
342213 13501 595505 13547
195664 198741 199754 212177
278510 53058 278655 314358
41428 82164 64787 83375
740313 282709 741381 340346
25614 659485 69185 659755
111076 485495 267936 485747
386628 487906 895423 488007
552274 48512 688630 48860
86886 276118 92905 283493
351521 617763 377765 618879
669879 671403 669954 880441
274566 893074 284848 895545
866787 695409 886304 696793
40701 494053 43059 518884
792461 90399 792642 197157
684444 125250 706923 126589
162525 346764 803698 346812
629953 815182 635185 819445
119316 732435 152504 733362
392626 15257 401194 15774
141347 186332 141413 663587
254403 923438 543834 923558
218537 884825 255070 886117
917833 112250 921946 127268
946365 44985 946504 50831
336564 913746 337251 955398
436450 644356 441633 650967
831059 942379 838185 947454
723313 95901 778449 96283
511632 308026 512074 396661
468017 469866 468076 860305
804729 142489 804943 168165
434417 355009 443541 357526
555717 542856 563850 545301
883727 848669 884980 859156
653747 745792 926573 745840
556031 606493 556389 778429
110933 882103 113382 899757
300372 560211 310409 562043
192752 662119 265001 662554
775264 327414 877160 327789
711975 805908 716336 806412
862643 380823 862776 771989
798079 617530 873154 617652
440508 432368 441058 516090
592215 279129 592655 314299
610310 256856 612163 259528
308624 760952 311012 763922
769060 572091 769204 946693
501024 649764 840377 649916
846872 246227 846892 535634
26407 259521 40276 260909
146286 386103 657885 386113
209456 761832 310761 761872
796492 111657 796556 982939
662582 422366 732988 423011
581293 579047 835205 579169
428542 476831 471444 477704
646493 572781 727160 572874
27623 977001 39877 982082
836902 976947 911716 977463
349793 202400 885355 202436
768911 317852 770999 347123
909237 618859 913981 619329
739478 904245 739685 938830
382089 29480 388163 39675
567364 558343 567836 592285
631038 657070 635928 661839
99009 75410 101432 79468
44824 131179 45106 141493
155984 139298 157744 165613
16359 617229 16693 801924
858063 28872 871744 32572
619012 333045 820138 333326
431094 660358 506559 661107
782195 734431 782817 781645
416758 642800 418965 660629
852269 668064 852573 721996
285513 418167 292312 419748
311259 464037 311725 508643
775243 18309 775317 243313
429574 410582 432128 417062
162249 16859 163616 28005
796266 662169 797577 685724
392313 212638 392642 346716
587635 464786 588140 533872
535973 316312 541696 324559
531516 457128 554934 458413
958911 176822 987369 177378
306891 567160 411476 567668
862622 264115 862923 354940
591689 736838 591793 934489
689697 10167 694686 10880
845449 272618 848513 274343
51018 353407 378503 353443
123361 105528 353949 105777
738957 433494 744021 441174
292209 956109 294323 964376
21548 692256 582745 692323
74516 427830 75381 485618
963935 512591 964733 578166
712623 787531 715429 802482
680419 661221 683346 665036
439979 733294 443160 744475
725293 105249 744116 107652
81487 589724 161816 590429
496016 183231 496128 702435
992271 613272 999746 614050
963128 653572 975533 656882
39188 447857 39577 571653
264143 844710 264678 940454
277561 988053 392563 988096
491125 78947 529977 79787
862745 662353 862964 734866
189872 261602 685721 261603
600600 6809 600620 973866
710301 296488 717301 305078
87069 919409 103167 921657
960492 696258 962062 705384
99967 777711 100041 859712
925562 709228 930173 717694
483056 727830 483780 766655
202116 185885 202163 407091
165710 713865 354634 714026
603852 326094 604204 419605
788529 401529 813363 402167
458572 792851 461591 799592
438425 379200 751554 379347
3464 143872 3511 710975
222919 775884 253495 777349
23580 449810 35296 453484
669260 654218 689915 654938
368929 274940 383742 278065
75878 17436 243580 17689
933489 196583 936583 204592
441779 596326 488275 597344
794435 5623 937041 5737
429770 899168 521157 899594
203362 33790 393461 33894
275673 921014 280283 929117
546653 764231 546672 942734
674150 833123 674707 889537
170690 328006 172003 353981
651289 695933 675063 697010
78607 831102 573112 831192
755155 904804 796178 904834
615773 127610 787318 127827
729599 715348 729815 954963
539909 741564 545019 749934
198901 486683 199053 691901
130948 690936 207756 691024
43217 438770 49735 447857
834059 483910 838645 484766
879546 512199 881147 515797
430620 689461 434548 704625
206895 793241 207458 873837
831182 93542 831782 152548
994579 886588 996784 909012
448715 536091 687870 536179
254642 231573 283537 232999
283953 901119 301171 904078
149508 473277 176945 473724
985657 51264 989422 51874
343582 872541 346669 878264
563619 798408 583612 799202
611465 146838 614433 149578
267186 604436 267369 851531
289172 528152 857714 528241
933287 534027 933355 833592
352230 561577 472329 561992
781693 909448 802714 910933
172923 980502 318286 980851
172694 306303 173435 328245
143260 235265 180884 235613
779891 669523 780218 860738
177946 970833 179910 972045
357005 149126 357028 683396
303118 93067 303443 228430
136451 376263 137460 437147
671898 200365 678218 201490
99234 382571 253309 382684
318114 181357 363063 182026
663484 86290 684224 86684
663834 431009 666624 442955
377864 685994 378818 710685
137520 442994 137574 681060
570423 422548 571179 454298
231345 796111 231521 897359
720054 775934 907562 776074
353394 798036 366532 799229
811446 683063 811472 789902
517303 920596 617043 921182
967430 750561 967444 979324
117578 489650 118063 563958
307441 534978 411430 535400
525224 350737 525478 576317
866921 576028 870392 583311
444586 553433 453322 558762
771789 543101 778399 546496
675917 295865 676844 304635
858213 104090 877889 106862
790025 855436 790205 948870
574451 120733 574535 379661
607361 814676 756790 814783
195341 778920 483069 779129
216933 427972 265763 428685
80682 125600 80952 297616
332249 580561 387817 581122
324293 20714 333824 25802
665129 113385 665274 420998
694703 90819 703164 93736
899060 617645 902716 627856
969935 340218 974706 346636
678509 438873 678623 589315
666272 608691 667668 651732
788955 393697 914437 394178
778291 447163 778398 451089
270120 641139 879909 641168
171737 762807 179859 766224
562140 136529 571467 142173
15421 788507 18609 800309
720284 563042 720371 744279
599172 686046 603026 694140
472005 453595 472361 466139
857859 358161 858221 427128
432232 435888 459581 437406
327541 185626 328149 264355
464335 388630 957329 388720
131730 33109 270664 33324
92165 702607 95315 711852
410542 239634 490895 240074
415638 114590 418187 134359
647021 164331 739451 164455
108750 427353 452732 427494
888721 599757 891712 615098
453039 194053 459902 194868
55975 159797 56295 242988
575988 730344 578106 749504
900631 405910 900664 789506
366805 556471 366977 661171
455973 74718 456535 135196
9774 931605 9862 937394
335648 505740 344442 509231
170783 785324 255373 785963
82111 351831 121981 352143
326665 664788 327139 674550
267112 530529 275215 531043
891630 201372 891678 357026
788796 59778 788937 285993
885984 725746 886363 850169
271481 521623 286308 523863
769049 166456 795865 166793
923990 261656 924733 302930
150818 366128 160131 368588
662755 744281 689819 746177
366977 241488 452213 241701
40035 153106 46319 161421
335655 259126 343111 262766
957377 403109 957449 967883
823075 546022 833257 551785
212428 604259 219501 606053
805506 52764 826511 53978
911744 162963 911801 462198
229438 28199 864931 28257
801201 758992 802242 799400
836 452279 568824 452298
752173 342621 762731 345893
59522 892400 317573 892523
3695 476858 982544 476886
29222 976111 32247 983854
342204 138971 475956 139415
109229 225619 109383 508421
137353 837826 147652 839869
231792 87929 231797 848765
841879 53799 843637 61276
481898 480077 513589 481664
74195 644314 198086 644658
113377 666270 215109 666288
486866 317150 498429 320544
64439 402198 265183 402366
203546 187605 350616 187885
737025 734484 738628 756500
760142 900434 898201 900800
211968 200072 213066 207178
181617 484505 181857 724312
532384 528277 670567 528700
668196 988212 728628 989007
71573 954148 74930 960828
132800 42890 138030 48120
140734 829299 175930 830583
138888 994240 211009 994513
542291 361911 871270 362038
760853 638821 760961 727669
45210 936425 117643 936580
666569 550248 666629 689267
608055 77422 608056 753139
390173 622792 812342 622819
138265 356593 138283 953243
818429 178436 871854 179405
626608 28209 626706 422467
462805 302495 462838 445053
534600 949403 878383 949564
241946 229816 243872 231532
269679 444035 281107 448932
984036 341205 984904 375635
93123 994045 108752 997310
589479 908850 589535 911022
764460 383870 766388 412382
275230 719898 276406 728861
892402 309664 892566 690412
813322 752867 825905 754809
382719 160620 525322 160831
744564 591221 760364 594097
299093 860217 488744 860426
263905 264737 264609 289756
442623 205559 569455 205775
479987 965237 545984 965411
194972 325838 679795 325862
579779 29516 586883 29825
902151 480827 902817 503918
341609 539383 348056 542429
134327 671158 138399 672684
465422 844383 508404 845048
962466 486533 962769 498871
884320 340419 884345 744321
205960 634463 355085 634599
768162 384439 768241 426805
518507 768370 553375 769900
879643 52075 879736 296020
593250 724947 600276 728968
215486 196320 215674 316221
172403 69318 175942 71444
733844 977901 741676 979636
47129 347107 47225 428132
77351 144431 77504 393733
514973 129725 565796 129854
554114 359520 556951 369854
2460 118129 2760 172638
835845 896396 836241 945810
370285 951677 379346 952663
443222 275860 969249 275898
25518 256350 64818 257240
820972 336606 923928 337152
730537 788217 817876 788858
640793 173609 642796 193672
225951 103342 226722 108216
880346 153128 986506 153287
524601 634255 537827 637465
549530 644374 550608 673116
326829 582905 329339 592451
564659 129606 587025 131144
185740 687711 188456 701195
465320 734518 482158 737644
349031 335584 350092 347301
199573 140558 199683 709169
585243 573128 588601 573553
957570 869648 958028 973806
695692 565764 707522 567081
925626 461307 925713 870986
605204 581369 915000 581416
275519 474075 275686 814396
915172 888825 915381 912132
871461 496637 878477 498422
762714 455484 938175 455732
182336 969042 193347 970808
474457 90806 652897 91030
381355 114111 391950 119067
550175 92834 550235 311520
51443 759074 77229 760186
609101 944002 976816 944140
393457 36658 418199 38234
867708 434595 868206 554665
263387 295803 263482 769490
75108 731720 75249 976924
53880 813755 109769 814070
149020 533506 294005 533683
493033 946128 493274 983772
429728 627795 629449 627922
488134 401259 529685 402247
893531 53289 970512 53850
417150 308681 417296 389106
338895 112082 439896 112512
556077 241266 572430 244718
692730 822582 858442 822959
935192 79109 962177 81438
230291 249909 551523 250035
831028 509363 858334 509917
856070 206550 862086 214166
767531 980506 869785 980760
470013 924318 791461 924398
267139 635718 329582 636718
706370 912721 832295 912965
584202 56051 587848 68669
172466 512702 184611 512964
19833 945633 319088 945698
417649 545392 417899 745341
971407 397717 971860 434015
213173 591258 213789 639233
428008 680172 659540 680320
261002 840496 261814 906268
353351 126708 380556 128198
476897 379011 477228 456085
894108 593345 898763 606869
276608 757806 319178 759125
834545 466516 868399 467477
469256 954724 474313 963650
296545 464661 480847 464780
887603 10188 891783 14062
466957 530972 508265 531831
709186 35767 729639 36022
971255 580053 971324 986291
454784 614433 455227 711960
109764 980656 765725 980663
634497 66802 634558 105611
281431 628175 281468 714432
166020 573408 770124 573441
87154 473479 109412 473536
81210 693256 170117 693774
706235 36770 710532 51080
450258 606834 548581 606978
303125 186678 303232 588584
516688 34100 516694 776354
213931 835231 229322 836018
473215 652999 473240 932298
735734 349707 735800 961185
823394 314800 909547 314864
646141 720651 750846 721083
47020 819424 66265 821049
287179 239922 287347 529402
637808 790257 638201 865891
341053 253567 342288 298639
57146 901924 59599 904593
958411 198134 958652 318809
525160 989086 544474 990009
636974 65657 654173 68417
836253 93012 836536 144763
625200 565470 642451 565751
810482 577029 819038 579322
432007 352972 432190 553029
441527 833226 444330 852542
269783 586395 272069 610507
563712 669465 564858 710296
966279 409827 970020 423795
212269 434597 576916 434635
593396 627190 596041 642731
703109 26296 704162 63424
9947 725768 13396 726073
568926 966915 904554 966934
604785 50427 615771 54772
502549 755301 514017 756283
58326 496504 58938 533041
50500 264869 75766 266767
707258 639581 708614 653206
255016 312560 256526 313439
197876 729619 211785 733817
519252 934963 536676 937445
231893 688326 372670 688762
767439 895656 768593 932270
792744 542681 792944 616498
468944 528187 469091 589199
67233 549251 72738 553707
482212 578516 512588 580438
712789 133102 715976 151640
563044 274531 563212 467045
187701 338104 190804 352885
164656 601572 303341 601614
41634 261822 41757 409024
380381 540679 412356 542152
834581 474583 834590 841078
786204 313265 786292 793694
871892 263376 880418 264387
308741 522641 660837 522752
747075 33032 814297 33860
53421 497015 63153 500689
709569 852697 709796 882424
109634 681841 109744 988806
574228 580331 574262 832836
287378 330984 323532 331360
508031 257525 567983 258398
439930 391881 444969 398840
364376 481071 455457 481763
475478 691988 480170 701961
410198 449115 414153 458865
748528 140627 800871 140894
684762 562379 727615 562483
408091 767091 457410 767988
190035 337287 190774 355764
9458 54778 9532 336191
907108 872565 911193 886950
16344 193150 18548 206278
561803 48939 562744 62953
250136 381031 250298 536223
788049 790694 790895 792588
269457 441644 306796 441824
62927 139426 244291 139705
585698 460985 585708 860975
61503 649828 85110 650878
693266 40602 694618 67651
752983 77348 798862 77616
426554 598156 427246 632155
762271 269735 777465 273552
566286 270513 638636 270948
128398 765280 153977 767670
146707 721247 201672 722166
504569 656370 739941 656524
593214 761955 594506 781803
285642 759088 285879 910859
457470 608496 459142 626790
819479 200021 819504 898548
618641 528491 957265 528558
22936 297103 131957 297563
223551 635686 223955 695858
111832 749950 200398 750144
214792 267619 214795 665949
588665 588334 589623 631856
730133 194135 731049 256714
490662 794949 496552 805027
591661 398132 646180 398522
36903 434986 168194 435012
168817 208889 168838 491463
668483 585067 770722 585152
8427 391456 107214 391464
362883 68269 362885 776632
739250 618968 750472 621905
712389 798989 719437 805778
94589 490632 748813 490649
138509 259665 138603 680079
684599 347147 689436 348841
290413 717977 292774 742109
112968 749305 243243 749455
269693 593745 302743 594932
108458 206844 122387 210504
738459 272481 764167 273292
181785 746290 187579 751257
578443 266046 578773 356041
781969 341856 782737 421216
111673 565100 113272 575973
58855 38756 58864 485737
744284 67185 749320 72949
327113 453160 393667 454015
24518 453074 106219 453380
334895 332027 385262 333211
385554 669666 866016 669793
604637 618827 605234 650299
915478 880711 941874 881061
482204 873760 485190 889889
685437 92433 700043 95527
770858 944421 807956 944593
196700 748183 208260 749810
146733 749285 148769 750642
539015 95196 539029 746406
271743 829031 641336 829172
736416 426486 737094 430874
747390 630489 767949 632636
20083 718059 47786 718587
417055 594577 417128 662672
334126 575246 334294 837330
313940 172216 387849 172506
387948 950788 389213 952159
149056 302548 153624 303104
705567 773713 705958 841390
405329 659442 405493 947143
19532 348756 228727 348840
965673 227575 965913 414146
841823 331985 843182 346605
430466 50274 471918 51496
720994 858950 721165 962412
537535 142417 566972 143978
668849 864594 676601 871693
260301 5549 260323 321277
545885 621955 631987 622651
680409 950825 868743 951053
79955 361079 80041 434492
15412 821349 15648 919761
783131 88331 783148 938416
729298 148378 751180 148452
411701 227428 431445 228397
402599 394459 402741 409788
57638 382465 58047 516791
485170 138676 486128 198744
1771 604387 2047 773342
947178 894497 947606 919906
162005 608705 679732 608824
880996 160558 898905 162302
594254 560548 618865 562111
123475 493256 123578 918161
665434 118047 688108 119636
372954 300159 374101 314524
245277 162336 411190 162590
755369 277685 852217 277919
604104 365829 610295 374614
773692 304297 773990 330972
892922 894153 921949 895545
319798 259873 328494 263360
491796 624873 498328 631501
864966 884849 967136 885177
581586 32368 581603 337710
162609 394670 167589 398237
726162 948590 727052 985327
56262 699883 129888 700427
89091 375660 89432 434938
266316 480339 283105 482944
142324 914626 142418 966526
526094 73172 526233 362224
817006 766553 818370 803357
891592 710958 943982 711095
545524 889611 549674 898318
663026 503624 668223 505087
771405 151562 772346 205424
127152 444976 564185 444982
221319 816835 338281 817344
447814 958638 448595 995224
879161 550722 904577 553069
324491 435579 380015 435848
548439 730999 686753 731284
509334 106857 509361 338095
501877 169017 539450 170177
510060 653946 511413 661543
715913 504591 716770 547685
89925 593873 266433 593884
504095 349513 507403 368035
664659 91339 670499 96743
112072 157301 988212 157330
568959 751243 570355 759078
367365 185143 673130 185293
549006 203436 549526 317074
600969 623524 604232 624795
744403 723224 747494 729530
816995 586102 848237 586732
160029 181886 160108 368234
284838 641695 284898 808776
753734 475215 754037 539964
732970 935246 735796 953528
596535 382920 597908 391214
91595 765363 99727 768493
322549 587988 322570 735424
200523 883959 201490 899904
630971 802170 995948 802339
405703 670881 521857 671392
241447 462408 622834 462528
102114 389119 102164 926315
467959 706714 471807 722879
964019 602168 969083 612849
481354 943768 521612 945243
523695 581743 524137 703225
74535 934608 81876 936849
190521 221739 817058 221766
807942 408445 808008 560964
204614 439157 210128 442628
223993 597240 684691 597283
500874 933808 502469 937896
463273 353802 463369 889840
647092 460820 648665 461730
269550 531687 293132 532760
810376 28398 810379 376382
111731 986397 112813 997926
512825 585189 513229 612098
817794 129541 819161 155148
350096 577217 350453 677974
698941 271207 702443 274507
796590 415695 796660 420784
837502 914169 876101 915078
110442 307063 618030 307149
167200 551310 192290 551587
896351 365745 903024 373700
284526 726643 324822 727957
62178 745157 62300 843854
269407 587663 271799 599730
416767 935784 438517 937733
96808 757243 97961 807698
340854 341866 971995 341941
186506 667317 186537 730833
31976 843557 33530 861290
300820 354777 304542 370382
740816 46370 740884 544325
513175 531301 521734 538419
116479 792291 135607 792979
441703 343938 443860 353287
641317 38221 641709 121442
749894 775842 788451 776031
532294 181092 556045 183331
303717 781478 308332 790432
203809 912817 538100 912872
402040 129526 474753 130393
284987 618520 286069 618909
445313 355835 445416 855475
9309 151515 415254 151642
12915 414100 197465 414164
923888 931165 942722 933769
484023 376263 493344 379987
158106 241078 199105 241367
225436 542008 606809 542136
64942 333151 65029 652805
281142 8632 281224 54676
666746 61867 691324 64000
793043 299944 793370 479546
122389 35585 123207 70985
115637 305401 158691 306850
326326 322352 855851 322442
13951 119566 293118 119766
425039 60711 426987 67519
334380 283590 345574 289109
357266 648436 391543 649904
659401 128956 659472 593562
495948 144293 985806 144377
90750 265120 171853 265604
692992 106492 695407 123558
821629 89454 914133 89670
379240 822074 423088 823122
678362 302494 689728 304973
49057 696001 51249 709504
552432 778267 958748 778278
607686 143986 607736 863803
6514 673091 6752 848980
874139 143415 874197 253521
117116 383127 117214 767696
261160 384322 261979 401411
78288 322452 106157 324714
325215 108351 916274 108409
267706 206086 283707 206808
704913 92879 750546 93646
736056 900599 737047 926750
945822 468688 946434 485176
559297 178091 559362 709940
743818 366721 918068 366995
582715 210848 744497 211023
25876 114315 97805 114686
66708 325901 72229 327946
936080 583640 937461 613505
992547 22469 994330 39716
46714 25020 48009 26829
751823 367868 752124 372247
254906 306371 358754 306554
289757 150556 289989 211749
686879 447915 686956 681856
828026 188511 899340 189385
236342 192176 550315 192359
16245 93561 24310 99606
261619 71873 261947 176413
203876 527377 302186 527593
78935 619938 79547 628720
100608 771624 101829 805026
70748 642281 246051 642349
636867 386476 642684 395739
81472 486755 110930 486892
769715 55933 773592 64434
678382 914283 747020 914481
487063 499251 487323 655982
822324 874516 837983 875283
296289 225256 296402 418231
287169 192039 599680 192044
941628 856299 953230 861406
109298 646967 920593 647011
895980 799929 898057 814300
974239 885835 975356 933700
970989 627686 971259 763521
519682 722396 579841 722625
707349 545941 707365 631120
553196 70801 580051 70884
178525 596103 195201 596819
633595 189863 647474 192896
612196 273219 613416 311902
453817 28360 508939 28404
232012 98151 371067 98267
58382 446682 58989 511830
621588 830949 645959 832879
645177 630239 675888 631722
384000 249302 384093 506893
6726 248481 45141 248627
610591 155190 610670 319684
650749 975411 694535 976404
372709 625125 392014 627643
553756 267329 557072 270845
929469 241689 929514 788055
419643 770246 419831 804936
385515 122584 391676 130624
