5
Pedrinho
200 0 1000 200 200 150 900 788 433 900 10 20
Zequinha
500 500 500 500 500 500 500 500 500 500 500 500
Paulinho
53 342 923 902 34 23 529 472 4 23 23 4
Zezinho
10 10 10 10 20 20 20 20 30 30 30 30
Carlinhos
578 234 32 900 900 900 1000 999 998 1000 489 798
5
Aninha
100 100 100 100 100 100 100 100 100 100 100 100
Luizinha
40 100 200 300 50 50 100 100 100 100 100 100
Silvinha
0 100 100 100 100 100 1000 100 100 100 100 100
Julia
90 90 90 90 90 90 110 110 110 110 110 110
Natalia
0 0 0 0 1000 0 0 0 0 0 0 1000
4
Diego
500 500 500 600 600 600 700 700 700 345 982 600
Ivan
324 700 700 700 700 500 500 500 500 600 600 701
Luis
400 500 500 600 600 600 700 700 700 345 982 600
Luiz
500 400 500 600 600 600 700 700 700 345 982 600
0

