100
458 106 591 346
32 890 731 391
368 567 384 193
419 742 726 780
891 612 126 110
484 166 163 126
735 414 125 222
67 826 564 984
506 757 488 649
325 61 666 871
198 262 738 794
360 529 528 0
924 434 766 67
368 907 288 359
101 176 594 70
634 27 404 164
380 925 780 830
685 74 1 276
69 117 911 52
610 897 688 628
845 566 325 767
543 320 961 721
82 617 962 965
539 425 417 497
419 717 355 161
784 410 424 213
349 616 255 889
392 194 833 377
283 503 93 239
98 124 906 112
967 181 26 361
598 448 503 694
287 302 796 679
558 387 342 438
635 493 833 732
137 459 772 408
149 315 418 425
138 782 146 454
537 183 231 510
31 981 694 13
106 594 259 724
101 926 9 904
926 617 68 927
289 903 905 74
256 764 121 908
754 946 917 537
394 390 511 750
345 929 404 559
740 386 979 369
910 167 144 576
591 582 451 281
918 780 662 0
105 306 726 63
321 396 813 943
709 603 918 985
777 704 120 981
480 692 412 270
192 140 200 46
944 57 382 909
74 321 241 184
248 426 133 989
617 773 506 744
910 468 611 205
83 839 437 941
716 702 439 620
951 263 794 307
409 496 992 749
307 710 229 3
964 858 982 724
925 509 863 977
758 228 610 677
624 760 559 483
148 138 628 403
235 51 871 635
996 741 989 89
470 934 19 632
636 228 203 176
784 23 649 721
732 831 702 628
735 6 392 147
744 690 302 879
936 540 900 635
428 811 492 866
172 218 438 610
837 839 410 353
678 921 855 143
717 472 956 341
114 276 159 411
522 277 89 35
721 3 181 843
289 93 731 787
583 430 258 868
990 618 317 817
403 598 67 742
231 547 447 829
289 64 453 826
736 96 387 769
345 176 26 820
562 242 111 652
165 400 921 514
