250
463 354 463 354
924 15 924 15
786 634 786 634
181 937 181 937
333 302 333 302
652 938 652 938
890 283 890 283
362 155 362 155
368 142 368 142
767 958 767 958
366 706 366 706
462 445 462 445
734 879 734 879
576 291 576 291
427 925 427 925
492 472 492 472
991 100 991 100
425 780 425 780
24 135 24 135
562 619 562 619
207 256 207 256
362 608 362 608
253 130 253 130
956 292 956 292
164 280 164 280
990 96 990 96
846 971 846 971
817 789 817 789
801 911 801 911
529 960 529 960
223 996 223 996
259 168 259 168
38 345 38 345
2 641 2 641
166 217 166 217
385 771 385 771
2 593 2 593
4 122 4 122
472 578 472 578
550 48 550 48
428 852 428 852
741 86 741 86
308 643 308 643
773 199 773 199
984 681 984 681
194 84 194 84
737 895 737 895
786 589 786 589
702 934 702 934
433 205 433 205
21 368 21 368
321 955 321 955
405 809 405 809
925 811 925 811
181 317 181 317
133 336 133 336
553 183 553 183
363 466 363 466
61 659 61 659
349 336 349 336
555 705 555 705
172 77 172 77
325 249 325 249
968 42 968 42
426 659 426 659
427 392 427 392
339 493 339 493
339 671 339 671
556 473 556 473
157 960 157 960
146 792 146 792
493 412 493 412
837 183 837 183
753 596 753 596
51 960 51 960
852 624 852 624
920 920 920 920
939 717 939 717
831 759 831 759
682 252 682 252
339 582 339 582
192 610 192 610
629 486 629 486
843 467 843 467
178 590 178 590
69 334 69 334
186 472 186 472
533 972 533 972
63 19 63 19
351 707 351 707
247 256 247 256
935 801 935 801
878 773 878 773
253 227 253 227
836 392 836 392
224 796 224 796
725 377 725 377
557 988 557 988
723 678 723 678
56 638 56 638
741 363 741 363
809 133 809 133
593 751 593 751
584 739 584 739
776 703 776 703
711 829 711 829
882 620 882 620
539 325 539 325
569 285 569 285
164 627 164 627
398 955 398 955
386 674 386 674
546 531 546 531
434 689 434 689
416 643 416 643
853 863 853 863
463 203 463 203
913 278 913 278
668 8 668 8
159 756 159 756
548 912 548 912
206 279 206 279
215 738 215 738
827 446 827 446
740 748 740 748
755 62 755 62
612 20 612 20
140 18 140 18
23 894 23 894
33 33 33 33
273 880 273 880
506 472 506 472
804 543 804 543
915 655 915 655
397 384 397 384
786 331 786 331
812 210 812 210
313 219 313 219
898 538 898 538
383 117 383 117
255 475 255 475
389 716 389 716
404 265 404 265
587 410 587 410
27 424 27 424
688 827 688 827
441 476 441 476
451 367 451 367
849 749 849 749
42 84 42 84
981 234 981 234
239 411 239 411
231 186 231 186
965 947 965 947
423 553 423 553
41 422 41 422
221 999 221 999
32 784 32 784
438 848 438 848
562 738 562 738
379 250 379 250
704 268 704 268
189 553 189 553
552 126 552 126
329 754 329 754
974 510 974 510
276 458 276 458
181 588 181 588
581 134 581 134
824 744 824 744
309 162 309 162
350 633 350 633
465 457 465 457
187 988 187 988
463 398 463 398
772 842 772 842
107 241 107 241
325 971 325 971
282 382 282 382
896 558 896 558
588 51 588 51
105 482 105 482
39 290 39 290
978 5 978 5
185 208 185 208
841 465 841 465
846 660 846 660
339 171 339 171
594 169 594 169
435 870 435 870
881 185 881 185
920 722 920 722
796 770 796 770
622 365 622 365
508 161 508 161
913 958 913 958
644 724 644 724
295 702 295 702
843 103 843 103
901 470 901 470
814 139 814 139
478 273 478 273
995 885 995 885
962 866 962 866
0 657 0 657
263 5 263 5
976 234 976 234
830 380 830 380
975 690 975 690
248 94 248 94
639 657 639 657
724 498 724 498
80 903 80 903
869 181 869 181
201 39 201 39
780 567 780 567
550 995 550 995
998 154 998 154
757 353 757 353
740 500 740 500
530 550 530 550
896 530 896 530
157 444 157 444
367 990 367 990
145 692 145 692
951 974 951 974
492 690 492 690
648 50 648 50
907 468 907 468
733 765 733 765
604 439 604 439
968 120 968 120
489 117 489 117
237 4 237 4
319 354 319 354
138 803 138 803
542 100 542 100
78 171 78 171
285 443 285 443
96 452 96 452
92 463 92 463
63 450 63 450
599 471 599 471
918 417 918 417
859 289 859 289
692 227 692 227
798 734 798 734
194 784 194 784
904 463 904 463
404 996 404 996
