500
198 1000 968 151
817 951 398 433
56 444 344 766
116 576 32 851
567 88 736 985
951 397 595 7
429 400 42 389
843 307 670 735
667 145 824 659
833 24 188 210
64 862 449 312
434 548 876 130
417 17 549 947
910 717 11 988
422 670 45 376
127 761 987 377
23 905 736 254
41 482 528 786
841 989 588 697
293 691 229 807
969 381 847 996
404 260 155 740
171 979 28 532
766 201 730 8
488 164 950 641
132 240 590 725
944 678 156 152
496 601 879 551
310 887 175 953
393 999 576 597
259 501 24 627
556 130 696 260
412 11 657 666
848 263 823 773
288 819 755 411
141 601 110 824
937 949 532 367
53 126 704 243
146 567 140 345
525 997 237 863
418 331 723 237
909 994 678 81
226 186 753 859
924 977 165 387
362 887 122 754
144 39 181 475
975 192 492 205
13 497 749 353
104 540 743 509
991 122 806 439
804 434 263 201
464 477 587 401
769 5 122 291
729 572 904 744
619 750 79 49
695 431 47 762
771 544 802 497
751 0 418 512
795 379 800 902
671 464 831 779
526 557 522 219
320 977 43 50
168 180 67 704
652 880 389 598
180 138 184 52
738 36 877 414
70 625 594 326
58 448 7 314
751 495 547 385
620 103 441 130
554 564 132 846
821 882 1000 158
226 432 887 527
306 320 97 450
715 265 643 7
923 29 912 38
596 641 231 127
423 179 854 490
659 994 854 571
812 3 441 622
433 646 190 352
321 730 283 669
235 259 500 355
318 111 693 142
866 268 183 291
521 87 778 547
226 586 368 407
260 160 202 479
63 36 22 745
145 419 251 901
840 893 728 899
336 368 29 921
808 93 376 155
673 110 522 74
758 94 6 854
588 32 517 258
992 292 676 908
711 651 361 957
10 663 887 916
163 359 274 521
189 921 147 70
139 33 492 636
167 323 813 707
161 802 403 698
305 922 712 209
381 201 329 113
895 899 121 270
622 526 608 610
612 878 324 286
313 481 938 153
882 641 370 278
720 826 650 693
321 2 289 445
662 180 193 496
954 983 962 274
5 639 215 244
203 512 42 344
30 207 451 190
507 232 541 362
976 884 210 790
402 226 424 352
548 722 920 893
688 746 655 871
620 462 674 247
74 680 54 84
196 500 766 822
518 755 359 507
152 25 333 268
621 32 42 657
390 565 167 650
764 100 908 495
552 860 700 920
93 584 535 228
931 126 829 857
596 23 838 131
672 114 656 188
21 854 649 188
562 708 89 272
980 641 632 773
555 146 230 815
812 54 184 522
778 768 818 332
784 114 337 523
651 135 235 706
472 198 840 103
987 249 532 393
541 236 764 210
132 528 641 802
369 266 526 878
814 52 66 477
245 197 704 475
103 117 131 858
83 357 375 817
782 389 962 990
67 593 866 179
824 228 156 478
76 414 179 930
315 849 423 948
282 668 16 572
359 318 112 264
604 446 251 411
820 278 206 493
695 737 84 333
666 113 21 360
290 156 729 271
185 601 732 233
195 763 430 625
401 332 66 827
95 312 625 200
490 607 836 308
985 855 93 658
322 444 816 744
768 810 886 661
120 814 534 54
311 377 173 797
295 525 574 397
119 885 590 846
993 507 22 493
448 680 207 35
180 913 485 599
916 8 904 582
497 994 953 323
768 461 816 635
906 772 851 379
417 42 981 462
625 351 837 316
72 751 782 933
411 784 839 2
874 747 747 80
482 442 943 45
613 828 265 114
136 806 983 64
600 985 479 886
9 606 33 227
492 395 312 631
573 429 174 264
20 327 37 879
318 87 78 507
877 776 880 135
435 718 162 414
488 991 756 825
5 259 353 528
667 785 458 494
979 842 832 794
174 36 237 489
178 258 953 789
265 67 90 925
930 949 754 910
654 133 40 454
111 419 743 123
547 339 365 436
385 353 538 339
521 2 124 176
800 446 152 581
26 109 328 739
526 953 835 0
731 258 273 822
560 186 701 720
587 468 382 942
767 838 502 765
4 137 28 938
970 297 540 518
154 10 419 714
24 684 228 865
910 829 362 126
747 996 696 164
704 803 906 321
473 681 539 753
321 458 75 497
473 590 444 971
437 547 994 949
207 295 582 336
665 277 201 268
308 143 398 360
887 950 188 7
860 718 549 892
53 541 163 542
971 880 138 436
115 488 609 490
524 657 546 364
76 150 166 775
953 31 815 365
238 825 744 156
970 279 222 693
856 638 204 133
964 268 937 900
355 545 287 980
638 521 212 688
912 626 472 793
874 107 224 584
38 892 436 924
525 502 352 844
646 989 147 831
487 728 81 792
832 768 139 480
323 416 755 61
506 885 781 390
451 829 374 324
594 969 668 571
734 259 923 868
127 244 408 273
912 328 857 54
265 675 96 562
778 667 351 189
862 88 416 863
213 630 321 479
829 758 678 51
253 773 514 46
452 730 78 703
576 485 321 306
194 44 360 635
272 490 369 403
398 516 368 232
502 216 89 39
503 350 949 501
894 100 287 566
725 18 26 932
277 224 848 590
716 797 73 805
803 769 525 817
16 971 590 177
769 32 747 45
235 708 230 148
966 841 36 91
933 440 461 241
199 603 206 883
61 481 435 633
285 542 180 635
399 518 929 95
684 736 693 175
274 427 439 380
639 755 342 117
571 964 489 436
118 877 500 61
3 828 622 151
242 622 483 491
329 823 207 560
477 302 898 254
556 311 871 960
354 854 271 475
563 608 959 106
216 630 30 768
478 344 919 975
394 389 908 739
621 439 693 432
306 753 946 672
335 509 514 544
936 285 881 93
225 571 9 817
308 930 601 369
856 783 629 477
485 227 999 761
611 754 164 690
723 426 609 57
27 160 218 775
317 58 536 55
449 590 985 93
17 173 225 98
476 839 948 931
133 587 601 292
225 638 62 598
391 106 935 466
511 727 427 301
279 581 322 580
143 171 497 645
160 501 377 202
417 627 706 824
55 985 784 703
885 492 811 521
558 441 352 320
42 158 628 116
372 585 900 680
225 613 20 518
652 942 431 130
936 868 441 360
381 975 711 973
388 273 850 979
512 810 229 272
209 40 150 303
839 419 715 966
32 575 551 253
925 434 475 40
367 799 936 125
270 715 325 192
466 886 936 180
490 321 236 361
977 155 852 582
873 171 464 992
751 926 757 220
81 630 62 636
552 533 57 632
734 533 122 766
708 182 921 897
391 861 920 425
483 87 787 430
403 613 774 137
163 516 520 184
396 542 713 317
955 365 29 496
171 471 381 89
537 548 855 960
87 462 108 973
517 872 196 996
688 4 246 955
383 843 76 822
813 680 620 275
266 254 986 127
964 92 716 9
831 465 767 546
747 106 626 264
166 554 547 573
424 379 257 919
469 270 355 548
219 391 58 53
292 102 261 352
922 772 771 921
308 318 951 702
411 137 283 734
446 836 73 494
553 798 13 472
466 348 67 131
692 777 280 693
579 297 945 662
339 784 983 548
831 658 40 142
434 151 661 551
967 710 674 284
335 435 128 860
182 875 89 698
151 542 956 514
589 78 999 150
74 996 903 206
384 385 893 808
725 221 14 687
19 765 111 344
699 409 580 194
822 122 919 674
668 330 304 819
141 863 985 494
291 554 73 670
315 204 115 339
778 437 913 12
975 30 284 695
17 476 420 69
627 701 906 599
502 838 741 561
273 719 955 208
749 35 65 455
370 194 814 871
126 334 271 68
924 488 123 207
574 874 615 832
282 855 561 0
609 385 99 833
609 346 854 792
455 355 290 841
620 10 122 183
551 647 906 893
10 941 793 357
883 331 681 629
51 593 591 68
219 825 144 738
93 873 894 479
220 167 636 645
942 233 652 483
379 203 130 260
228 575 724 675
178 382 436 214
226 47 329 348
431 877 299 858
526 547 867 168
116 149 543 812
889 396 294 268
257 385 50 918
709 65 409 337
582 403 937 807
379 228 854 923
491 899 200 186
729 214 776 190
209 687 763 301
869 563 923 750
222 622 285 445
658 794 2 412
557 973 273 293
386 928 852 383
547 560 442 767
2 502 232 779
915 996 666 939
575 730 288 243
967 410 727 673
994 29 268 112
858 416 201 256
586 909 786 501
836 337 682 569
813 544 295 576
186 562 97 126
337 217 971 659
806 507 339 644
398 57 617 512
102 691 674 978
245 803 907 634
407 450 96 759
485 407 540 851
863 780 632 12
817 294 724 346
633 341 864 969
921 649 864 367
760 765 161 386
884 743 108 233
112 747 777 294
579 725 701 688
869 544 362 275
826 541 895 976
537 76 854 974
935 712 757 904
547 971 766 839
424 690 906 330
933 832 238 363
586 586 531 394
794 882 477 769
852 76 642 860
416 151 59 360
194 219 303 537
322 304 77 304
219 54 938 966
668 461 750 67
598 226 957 813
461 980 626 925
54 458 173 140
747 235 958 460
561 526 799 266
996 60 221 621
142 521 637 605
615 722 727 113
582 474 843 346
790 464 150 784
702 984 320 875
620 938 335 128
65 487 924 896
55 533 940 364
