500
984 247 984 247
536 12 536 12
956 906 956 906
356 768 356 768
25 118 25 118
5 640 5 640
703 663 703 663
803 723 803 723
431 907 431 907
739 355 739 355
312 602 312 602
435 98 435 98
407 438 407 438
353 644 353 644
351 421 351 421
97 126 97 126
14 525 14 525
175 178 175 178
19 311 19 311
494 474 494 474
599 329 599 329
773 889 773 889
782 896 782 896
644 794 644 794
465 735 465 735
429 207 429 207
979 839 979 839
179 766 179 766
93 8 93 8
572 26 572 26
992 161 992 161
159 812 159 812
255 532 255 532
900 153 900 153
407 482 407 482
896 372 896 372
656 562 656 562
392 989 392 989
391 168 391 168
37 229 37 229
796 848 796 848
999 766 999 766
971 395 971 395
385 356 385 356
978 566 978 566
668 191 668 191
664 325 664 325
7 714 7 714
716 287 716 287
106 516 106 516
870 641 870 641
581 829 581 829
618 308 618 308
255 301 255 301
614 467 614 467
265 396 265 396
661 296 661 296
196 531 196 531
666 506 666 506
536 606 536 606
417 810 417 810
927 236 927 236
266 254 266 254
333 796 333 796
677 975 677 975
152 124 152 124
840 120 840 120
564 660 564 660
312 985 312 985
468 479 468 479
46 40 46 40
513 414 513 414
258 781 258 781
904 998 904 998
649 855 649 855
293 413 293 413
836 768 836 768
622 312 622 312
14 544 14 544
38 407 38 407
189 286 189 286
345 55 345 55
937 251 937 251
661 680 661 680
798 799 798 799
279 128 279 128
350 242 350 242
363 960 363 960
518 711 518 711
891 351 891 351
400 935 400 935
105 204 105 204
456 436 456 436
328 724 328 724
38 70 38 70
588 820 588 820
560 275 560 275
282 715 282 715
758 841 758 841
978 959 978 959
696 116 696 116
819 122 819 122
18 745 18 745
717 301 717 301
416 8 416 8
216 565 216 565
862 853 862 853
426 569 426 569
602 822 602 822
250 154 250 154
134 95 134 95
365 895 365 895
248 334 248 334
557 753 557 753
339 17 339 17
410 168 410 168
917 238 917 238
164 772 164 772
894 501 894 501
911 108 911 108
318 756 318 756
871 657 871 657
949 152 949 152
747 316 747 316
578 891 578 891
965 673 965 673
90 785 90 785
150 852 150 852
493 974 493 974
188 75 188 75
710 550 710 550
47 454 47 454
840 649 840 649
767 668 767 668
693 213 693 213
101 142 101 142
249 823 249 823
773 984 773 984
224 75 224 75
213 591 213 591
374 975 374 975
301 100 301 100
100 400 100 400
167 67 167 67
644 741 644 741
537 183 537 183
543 605 543 605
872 856 872 856
773 730 773 730
91 227 91 227
898 933 898 933
173 589 173 589
224 201 224 201
767 993 767 993
419 763 419 763
258 470 258 470
785 581 785 581
966 819 966 819
732 447 732 447
546 983 546 983
42 527 42 527
223 132 223 132
504 128 504 128
760 192 760 192
95 987 95 987
430 149 430 149
588 426 588 426
548 976 548 976
83 145 83 145
896 862 896 862
171 503 171 503
995 631 995 631
866 589 866 589
775 495 775 495
412 505 412 505
95 752 95 752
324 92 324 92
575 833 575 833
854 752 854 752
596 136 596 136
894 620 894 620
828 36 828 36
893 74 893 74
375 771 375 771
24 285 24 285
714 707 714 707
123 610 123 610
26 331 26 331
277 561 277 561
751 740 751 740
133 331 133 331
574 477 574 477
170 426 170 426
748 8 748 8
996 246 996 246
509 125 509 125
427 860 427 860
529 36 529 36
3 709 3 709
841 329 841 329
359 821 359 821
704 157 704 157
797 222 797 222
44 609 44 609
439 429 439 429
164 340 164 340
573 626 573 626
591 5 591 5
281 621 281 621
400 456 400 456
669 291 669 291
143 495 143 495
301 609 301 609
94 247 94 247
25 617 25 617
358 149 358 149
204 977 204 977
971 240 971 240
997 561 997 561
246 51 246 51
344 132 344 132
645 722 645 722
742 19 742 19
186 305 186 305
50 377 50 377
207 207 207 207
87 276 87 276
343 392 343 392
11 706 11 706
433 819 433 819
433 168 433 168
429 142 429 142
159 464 159 464
921 796 921 796
260 251 260 251
200 52 200 52
526 511 526 511
3 866 3 866
775 8 775 8
41 286 41 286
863 261 863 261
576 134 576 134
333 710 333 710
384 626 384 626
948 287 948 287
518 301 518 301
123 54 123 54
524 255 524 255
116 816 116 816
336 739 336 739
1 811 1 811
426 917 426 917
519 956 519 956
672 165 672 165
706 976 706 976
474 901 474 901
112 216 112 216
26 303 26 303
977 191 977 191
165 3 165 3
28 541 28 541
825 744 825 744
836 445 836 445
633 625 633 625
752 471 752 471
618 378 618 378
146 946 146 946
651 270 651 270
421 229 421 229
62 326 62 326
843 244 843 244
244 621 244 621
216 273 216 273
892 649 892 649
1000 640 1000 640
826 506 826 506
436 112 436 112
182 509 182 509
507 463 507 463
579 150 579 150
977 75 977 75
430 222 430 222
425 678 425 678
170 702 170 702
905 673 905 673
73 76 73 76
769 573 769 573
515 746 515 746
311 150 311 150
345 0 345 0
779 265 779 265
696 877 696 877
170 721 170 721
336 573 336 573
218 72 218 72
91 689 91 689
84 44 84 44
293 796 293 796
206 367 206 367
327 954 327 954
551 287 551 287
532 54 532 54
197 765 197 765
382 689 382 689
27 705 27 705
381 767 381 767
483 30 483 30
157 923 157 923
956 637 956 637
402 840 402 840
336 513 336 513
419 283 419 283
943 177 943 177
477 91 477 91
328 461 328 461
239 801 239 801
358 240 358 240
982 109 982 109
679 256 679 256
777 982 777 982
373 665 373 665
884 205 884 205
436 623 436 623
695 341 695 341
327 590 327 590
795 545 795 545
79 550 79 550
560 403 560 403
322 247 322 247
45 230 45 230
870 436 870 436
505 927 505 927
159 594 159 594
860 42 860 42
988 241 988 241
479 262 479 262
863 378 863 378
30 590 30 590
728 985 728 985
107 705 107 705
898 256 898 256
908 983 908 983
920 305 920 305
55 175 55 175
275 352 275 352
592 634 592 634
457 544 457 544
546 101 546 101
728 451 728 451
856 224 856 224
220 818 220 818
66 243 66 243
180 503 180 503
77 379 77 379
774 748 774 748
319 279 319 279
510 679 510 679
552 655 552 655
392 844 392 844
604 873 604 873
937 927 937 927
483 288 483 288
95 250 95 250
629 42 629 42
543 822 543 822
150 699 150 699
580 922 580 922
795 442 795 442
777 454 777 454
696 721 696 721
320 110 320 110
411 278 411 278
633 218 633 218
807 338 807 338
47 239 47 239
185 756 185 756
662 353 662 353
693 665 693 665
76 6 76 6
600 157 600 157
320 28 320 28
635 9 635 9
93 937 93 937
471 110 471 110
62 656 62 656
495 509 495 509
373 711 373 711
203 915 203 915
493 634 493 634
2 370 2 370
689 858 689 858
183 893 183 893
719 647 719 647
567 490 567 490
413 537 413 537
721 43 721 43
967 586 967 586
694 566 694 566
195 387 195 387
571 102 571 102
486 120 486 120
603 956 603 956
821 343 821 343
839 130 839 130
120 987 120 987
915 40 915 40
978 272 978 272
944 839 944 839
635 652 635 652
212 649 212 649
800 862 800 862
823 227 823 227
795 385 795 385
123 161 123 161
938 528 938 528
210 985 210 985
316 36 316 36
816 647 816 647
356 320 356 320
817 291 817 291
870 808 870 808
747 785 747 785
221 595 221 595
70 713 70 713
294 914 294 914
509 486 509 486
253 98 253 98
392 356 392 356
268 281 268 281
894 967 894 967
915 904 915 904
247 154 247 154
734 739 734 739
660 93 660 93
129 435 129 435
69 710 69 710
718 904 718 904
843 396 843 396
90 71 90 71
706 518 706 518
166 811 166 811
453 345 453 345
558 365 558 365
301 853 301 853
400 697 400 697
804 406 804 406
378 21 378 21
513 607 513 607
918 107 918 107
336 384 336 384
772 237 772 237
372 79 372 79
256 806 256 806
370 837 370 837
900 724 900 724
347 928 347 928
960 613 960 613
791 20 791 20
286 231 286 231
956 249 956 249
175 486 175 486
38 659 38 659
737 119 737 119
245 132 245 132
194 801 194 801
83 23 83 23
990 327 990 327
441 264 441 264
701 299 701 299
695 616 695 616
542 667 542 667
852 827 852 827
876 824 876 824
345 608 345 608
440 859 440 859
806 751 806 751
970 597 970 597
361 768 361 768
627 187 627 187
277 755 277 755
417 198 417 198
302 564 302 564
744 521 744 521
485 720 485 720
428 135 428 135
954 677 954 677
338 188 338 188
126 418 126 418
668 777 668 777
247 287 247 287
974 601 974 601
83 604 83 604
388 598 388 598
130 430 130 430
13 88 13 88
967 199 967 199
975 355 975 355
142 471 142 471
100 390 100 390
998 591 998 591
