100
100 79
77 100
10 29
38 89
98 94
19 16
1 42
11 99
51 21
20 17
93 86
24 10
55 67
34 56
71 58
40 36
81 37
86 33
72 25
78 77
4 95
95 68
56 38
78 20
52 72
23 76
70 33
60 29
64 73
93 86
11 39
91 99
43 64
97 88
35 15
32 19
17 66
85 40
70 41
78 0
87 75
66 6
15 98
43 15
45 83
95 15
77 0
21 75
35 14
70 18
75 5
50 63
79 82
58 32
67 78
73 82
64 30
85 27
73 66
39 34
39 34
67 63
25 98
19 51
21 15
48 97
43 19
31 35
7 28
68 81
21 78
27 79
49 94
0 6
63 27
81 10
26 76
75 81
19 46
28 70
26 76
27 74
43 10
63 57
8 16
22 56
60 75
12 34
67 14
56 46
88 18
70 81
94 37
27 2
90 95
73 46
61 73
29 5
45 53
38 84
