100
100 24
91 100
84 45
38 75
97 4
88 83
51 52
95 48
30 2
76 68
26 35
41 36
20 69
47 72
45 28
83 8
91 29
27 57
87 10
30 56
90 91
43 74
80 7
38 51
16 50
6 93
93 38
52 34
40 45
62 6
10 41
38 37
54 18
54 15
5 92
2 20
89 62
11 100
84 34
88 100
5 57
97 15
65 29
56 85
77 19
72 16
8 94
44 91
20 11
38 37
40 57
0 1
5 30
86 68
24 31
61 43
96 67
36 32
4 61
11 31
99 9
6 13
29 44
8 91
23 83
26 2
30 40
92 93
52 33
30 96
4 45
10 87
92 83
18 80
1 32
11 3
64 18
65 91
15 14
74 15
78 18
68 74
13 24
51 21
91 10
69 26
80 88
26 42
100 76
5 47
27 67
27 95
69 35
94 97
95 34
21 49
14 20
72 38
83 43
5 72
