100
100 40
13 100
90 96
13 71
61 13
41 90
19 70
18 30
61 48
64 51
89 19
67 44
64 51
51 31
2 61
9 95
46 36
5 4
72 54
7 98
14 92
37 11
82 38
97 25
75 83
24 95
66 69
28 7
44 35
57 7
78 56
72 68
42 80
67 21
67 90
70 5
85 52
48 66
43 3
90 100
82 80
87 58
96 97
91 34
38 15
27 59
39 32
7 47
34 78
56 13
11 27
17 31
46 0
14 52
46 69
56 20
35 22
0 82
11 96
9 99
13 18
52 6
35 51
59 31
94 92
63 67
83 94
58 18
73 8
22 85
5 5
91 2
69 85
40 18
32 94
44 31
98 88
40 100
100 39
98 26
28 64
80 94
96 97
47 66
100 22
100 92
14 57
49 30
88 0
39 70
41 65
91 66
75 57
53 2
31 52
25 62
72 53
37 49
17 57
65 77
