100
100 83
85 100
19 86
0 70
79 79
62 87
15 94
26 41
10 6
67 2
8 20
25 42
63 7
49 98
79 63
57 28
29 44
99 7
76 51
23 75
8 51
63 52
37 28
99 74
38 87
82 8
93 16
96 95
85 66
96 88
72 17
21 55
0 1
33 62
39 48
9 9
84 62
79 58
36 27
62 10
33 75
91 90
88 44
15 25
72 99
4 88
24 90
8 11
18 73
26 67
71 4
10 79
19 29
14 29
39 78
2 22
39 86
68 1
97 37
62 2
99 54
94 40
67 82
74 30
86 54
8 71
42 47
51 57
56 78
16 94
10 0
58 84
93 56
22 93
87 89
94 51
17 6
9 79
39 46
77 26
49 69
70 64
90 22
34 47
37 31
71 91
93 19
97 68
42 92
79 46
20 25
15 23
5 56
7 85
31 91
10 71
48 19
12 80
85 7
9 95
