100
100 89
25 100
51 93
25 1
42 82
14 12
22 81
78 63
12 96
28 45
34 60
87 54
51 98
22 52
30 44
1 51
28 12
41 93
41 28
95 22
32 83
20 38
75 76
71 93
39 94
34 58
30 75
15 30
12 63
100 24
24 54
61 15
62 22
72 93
92 38
72 3
74 35
71 50
77 55
94 88
66 93
45 44
31 57
38 39
10 49
3 74
16 62
51 13
76 33
64 100
83 52
69 19
69 10
100 92
68 24
29 54
95 77
80 84
77 56
57 90
91 90
90 72
55 71
68 9
94 6
17 31
55 69
44 38
35 48
56 6
22 45
90 94
88 48
37 92
54 64
99 99
53 8
7 96
52 27
55 15
24 1
72 66
42 57
82 56
69 44
20 88
62 7
74 6
98 91
98 96
97 58
81 81
37 10
31 9
97 49
37 2
45 96
90 84
68 44
56 34
