100
100 93
68 100
38 74
95 90
23 84
63 25
76 24
98 1
41 18
37 44
47 8
89 82
74 99
81 1
84 13
96 91
100 40
91 13
53 16
30 25
66 20
100 60
44 56
28 74
40 69
3 61
71 32
97 91
4 61
30 65
29 95
59 24
71 55
63 36
90 55
59 0
91 78
23 75
98 69
31 33
32 81
72 78
31 42
27 17
51 46
60 88
62 55
73 65
76 35
62 66
88 26
70 11
66 74
14 51
32 69
72 69
22 50
64 69
23 9
77 83
66 28
88 45
28 43
87 49
48 11
93 32
83 36
68 57
53 83
69 12
0 17
5 77
63 66
73 34
94 74
79 73
71 31
28 26
9 90
21 4
68 39
80 38
18 2
84 39
13 73
95 58
2 0
41 75
76 17
50 20
57 47
13 38
24 66
43 66
58 50
44 97
65 77
57 87
37 85
79 3
