100
100 28
55 100
37 1
0 12
78 46
30 53
65 4
66 92
33 88
22 54
86 69
42 24
84 8
5 70
52 33
56 1
39 37
40 30
91 93
76 54
93 3
67 58
61 41
59 3
2 65
65 24
15 65
89 56
61 39
8 64
13 19
69 94
56 11
92 91
9 24
24 10
56 1
5 75
50 20
72 66
51 57
22 98
37 19
29 52
2 35
25 88
12 26
75 71
60 25
94 86
36 99
61 18
45 77
86 21
40 88
48 40
72 22
19 7
28 89
91 100
58 86
77 91
13 29
64 70
87 21
87 77
74 11
69 71
56 25
22 53
37 68
40 92
36 45
40 67
82 50
24 1
11 49
100 88
35 14
22 71
57 68
10 63
3 37
22 11
18 24
74 16
56 32
54 76
75 53
27 47
59 31
73 38
24 9
74 34
93 30
15 17
0 23
54 11
21 98
77 83
