100
100 34
39 100
68 7
82 88
41 94
83 22
72 92
62 12
91 77
40 96
10 66
3 36
73 99
79 24
3 15
43 24
82 4
83 15
57 70
46 1
16 35
25 44
100 45
31 22
3 72
61 75
54 80
64 34
89 35
69 44
23 56
8 10
74 77
74 21
62 14
42 4
89 31
98 67
91 48
3 43
84 76
76 9
24 89
51 9
41 86
81 74
48 55
74 73
60 29
32 18
48 3
19 58
39 2
72 84
69 78
75 71
27 70
31 89
8 51
30 87
7 65
29 22
59 17
1 48
96 74
38 36
86 33
61 96
36 96
62 22
49 11
73 58
87 37
55 8
49 69
29 49
91 51
98 5
48 96
0 60
32 44
13 8
56 28
70 20
51 38
23 57
81 64
88 13
30 52
46 97
36 7
38 96
12 65
98 3
1 89
86 4
98 43
32 16
4 34
23 22
