100
100 37
37 100
11 90
95 32
80 95
88 35
25 35
37 52
63 44
49 38
80 57
5 64
39 0
37 74
58 84
94 64
53 32
32 36
11 59
82 48
50 73
47 66
24 69
89 3
4 47
88 78
95 37
45 96
81 90
100 85
28 97
7 63
82 9
21 65
17 31
29 1
62 18
50 92
11 62
42 32
50 63
2 87
24 74
41 88
83 82
81 89
94 48
96 24
17 31
29 29
53 78
20 6
93 65
86 87
33 79
60 87
55 88
14 30
99 60
49 80
25 60
27 95
75 91
20 88
49 79
71 38
70 0
86 15
98 30
32 28
83 84
89 41
62 55
91 7
32 35
53 23
8 73
76 35
5 58
68 49
77 82
64 37
32 74
72 46
96 67
98 85
66 58
99 83
8 80
100 20
97 96
71 52
100 20
9 16
63 90
93 99
18 81
42 19
74 75
46 92
