100
100 22
46 100
37 89
20 79
14 10
10 44
79 20
3 91
93 23
36 84
67 0
76 65
78 51
32 56
7 80
12 83
96 86
94 50
69 45
25 9
21 22
87 9
47 58
45 16
16 37
92 33
72 45
22 87
35 92
92 5
71 1
39 84
35 13
45 79
10 52
87 3
10 33
97 70
88 95
33 88
90 22
10 99
95 73
29 59
92 69
32 3
79 0
51 39
13 33
28 73
20 43
66 57
82 64
86 47
15 52
55 16
68 8
4 48
59 5
14 18
94 13
25 68
49 51
86 83
54 95
2 63
92 68
24 64
6 26
41 97
92 67
79 11
79 29
41 43
39 33
42 87
34 20
70 60
90 52
20 73
41 47
80 96
33 91
71 73
11 70
27 46
72 92
9 81
72 97
4 92
12 93
77 66
88 35
43 61
100 62
52 90
94 78
66 51
92 89
83 70
