6316
1800
18683
11182
9772
6901
15517
9065
14757
15851
12324
14479
6209
12269
5494
252
14292
15192
3120
17187
11674
12117
1353
16501
1751
15843
1179
18474
15899
8387
12534
10558
11817
14462
8194
8532
9397
7365
5715
8100
9958
672
858
14817
16159
16636
19725
13371
12413
1634
2199
11367
17573
14972
9462
4120
4895
11273
1045
5712
11713
18175
10061
12756
19182
12157
8354
17204
9103
398
12881
17652
7053
7784
5151
13027
4897
5628
19764
7917
19879
2310
2968
16410
19895
13342
11059
18965
11298
3426
4242
16880
19767
9454
19404
9702
16038
8247
1418
5545
1488
1146
14038
10685
7701
11817
2404
16981
5222
10004
7870
12388
10436
25
16913
15966
6685
9893
16729
9509
16040
4375
3732
9685
9023
15682
9423
19470
7103
18327
16938
8742
14239
14798
9326
9765
8562
3426
18117
8701
9605
655
9426
18271
11633
12966
5920
13413
2050
4618
18680
5757
16783
18420
9070
19530
10234
44
10637
7011
9508
18188
10231
19849
12381
4318
16521
3525
19268
17233
6031
15856
13796
11844
17091
10311
16909
19198
4613
15661
7317
6010
10664
7687
16248
9334
3770
14617
13469
8741
4580
15983
18258
9004
2687
8711
2413
5658
8681
13535
10354
1327
10470
4281
11022
13466
3314
2967
18082
12953
16112
3122
18894
7858
16428
16470
13454
3618
8675
16673
8843
3714
14463
4196
8198
6641
8458
11150
16476
19621
8778
4534
12672
5179
14250
5719
2416
19776
14312
7317
18767
12015
412
726
6041
10631
5745
5965
2536
12309
17987
15392
7284
1502
2541
17748
4758
19550
10901
8946
9007
6909
8070
14910
12770
8939
3072
17899
17045
7848
7355
1114
3363
11823
16916
17709
269
8515
17983
15489
15888
10235
3386
15770
913
17935
3972
11664
1170
17969
2755
19760
1203
11926
14813
19503
7468
7941
17104
7077
18981
15934
104
10296
18538
3698
5149
14272
201
1103
12511
16342
9047
9350
10511
6978
8378
8765
1166
7521
9462
8126
4472
5530
4292
12223
2726
15218
19032
8667
18289
3290
15559
16601
7013
667
4290
13939
17813
7805
10709
10859
5937
7214
8236
19123
11146
15972
13742
929
8772
8501
4859
17993
11955
930
11241
13263
3447
15156
14070
19901
18144
8034
17867
1521
1708
5931
15638
2782
6359
4041
17628
5137
897
14375
16056
1218
12913
2409
966
10591
17886
12451
16150
8908
11453
4923
18509
15427
3077
1393
2997
14792
12427
1723
7509
17057
15136
6563
6514
19188
2847
17116
11165
18454
12703
1891
770
6489
4802
18807
6551
11168
10350
17349
8758
12851
13516
13976
16386
14468
343
3549
3251
14571
7323
4480
17056
2667
7931
1917
2068
869
8237
14676
15351
6673
7249
7885
14573
18080
17241
14569
2684
8008
15424
15104
12231
2733
5508
16291
9696
3448
19426
9455
16725
15959
13519
11541
9454
8912
1187
2344
5178
5592
17573
19151
14984
10717
16247
9468
12309
16160
4616
19915
18183
17153
14379
1311
7010
11020
4409
12163
10578
18709
3514
6649
11372
6155
19617
7729
8990
3670
4252
8115
14666
13496
5520
681
8253
13540
8481
9215
410
13636
14867
1125
18589
17751
17091
14402
13608
2442
8222
7072
2352
13300
1639
812
1926
2648
7544
725
18685
19899
5721
16308
11446
915
18865
7682
11065
19319
6893
15097
16577
3999
10072
2236
2714
11517
398
2061
5807
881
6475
2206
2294
3456
3770
5864
4369
15839
648
12824
17932
176
17962
18122
6271
10953
18724
2230
13572
13061
13873
13949
7931
15106
9997
14875
10057
3477
13035
7154
594
5282
10298
17005
2197
13346
9070
9486
2098
6573
5503
18070
7660
420
10645
10323
9723
1926
10078
15954
13762
19206
8582
2183
9372
13464
3012
14292
1515
10048
9261
2110
16241
8542
11738
7908
11348
16085
4232
18040
10558
1047
7195
15750
18184
7274
9466
10806
18026
10180
9363
14510
3284
19041
18904
7845
17021
17682
14375
11083
13223
17265
7026
6606
7970
13011
2580
10136
8599
836
6043
18275
16974
4959
15908
3851
1494
10262
17795
5069
3215
10536
14180
8867
7157
18025
7935
6565
4117
7035
17384
6243
18927
16858
17219
11974
6532
1594
2071
839
1476
172
13838
11832
9265
3779
6276
10459
1420
3560
19441
18930
958
14036
17651
2695
18722
11443
18400
5048
1556
2593
19570
15072
15059
7432
13881
8875
8507
1231
7030
13077
7039
3450
18002
13191
498
6443
16383
7190
2884
3942
5049
6452
14248
2097
17654
4697
11557
11863
18347
12158
4611
8732
5115
13843
9052
9482
9387
3923
15293
12316
9401
5990
10301
4290
4703
13107
12948
5859
13950
2736
15611
4148
8000
5116
4699
15617
7678
18318
8775
4471
4549
7319
2965
8207
7320
12181
15762
17407
4728
8883
8991
18723
12818
6359
12060
167
11867
82
18789
15290
7619
3711
17610
15331
1427
18296
17991
15460
10878
8690
9710
18588
18009
11668
9774
18912
18201
4361
6898
7951
16146
15929
13547
719
4848
12938
13169
12401
1556
12632
17606
15632
18590
1986
18001
14721
16133
10678
6292
8208
9247
1749
9895
17127
12779
17213
16276
5827
2850
14866
15595
14043
1863
14405
1773
2118
7389
14211
16619
7218
9816
2215
15935
3501
8881
1598
10004
9336
11017
2868
4618
11180
18099
5968
13166
3892
12404
5827
11000
1963
8658
11990
15236
5157
13590
16415
2758
10889
578
6032
3039
14805
17222
4432
11398
13283
8723
14305
13794
13015
5737
5904
16431
15771
10779
12818
11896
15459
15001
504
13042
5376
11529
434
13388
5154
3044
17890
10509
16815
702
10852
18245
10256
19332
2719
19120
1930
13086
5447
10235
16291
3520
7580
19183
10201
16174
2452
4540
10146
10562
5604
1072
17384
15716
18373
3502
18465
12333
19136
12303
5976
10151
2509
632
7803
11491
10575
8711
16870
14763
14184
4459
3470
3841
16513
10284
13910
3500
4460
13940
2340
15772
8731
10791
7140
8490
19829
18704
18390
3062
11770
15630
14666
14393
7781
17102
14695
19052
4163
12023
14568
16973
14988
10643
4256
14229
16454
10663
3190
3915
15214
4747
15786
8917
12223
11503
18499
3639
12923
2832
18077
2130
3100
5596
5162
13681
9307
3218
9124
3167
11332
2885
11134
15063
1853
9965
8789
14733
9410
1545
10197
15781
11173
3287
19167
4173
13100
5866
19382
19670
3392
582
2448
10104
4189
6628
14706
12930
19576
19721
5151
13106
1028
9987
3984
12071
400
392
12282
8102
11492
10790
14884
19348
11554
1172
16794
10593
16818
1938
14634
7752
12240
6550
987
9034
14613
15283
3678
13852
617
2233
1417
3363
19360
9723
1588
10008
2061
12333
2824
8817
2708
337
9651
7832
17974
15646
1726
13194
17482
30
12837
12263
18336
8323
3155
634
8070
6409
16929
18620
10416
1205
11587
7415
12107
9384
9026
12939
10929
12472
10643
754
14056
12996
6674
16380
7099
3758
16007
9811
8063
15892
19708
3143
1222
10962
10294
1919
11157
12911
5436
17635
17258
3660
10694
13008
264
9244
19847
12468
19541
18528
17150
93
3808
6868
16251
5549
5020
5651
15854
14180
8485
3620
1356
1134
17624
596
16598
13787
6858
491
9437
16252
1930
4448
8852
19334
17156
6496
18683
5125
5378
1890
15983
10220
4204
16098
10240
11166
14588
17276
1883
8987
12575
9200
4302
3829
2344
2191
1006
8889
5649
4256
238
10391
16894
9992
6679
13800
15937
2777
15597
12022
12701
3576
15843
13670
15976
15783
19562
17104
209
8479
18181
9654
11403
4630
19957
8092
19537
1529
9472
14694
5167
1226
19506
13754
19228
6798
16225
5167
6910
7996
44
19934
13682
1242
13169
9185
9206
4263
15700
8205
17525
1260
8519
7942
4162
18065
8131
6283
18703
4403
14126
7405
1565
1220
11429
14715
4124
5058
13833
7728
14425
13313
3267
19277
18648
5476
19248
17375
11806
7526
10083
2910
17731
15025
6401
1387
7088
2149
4768
15322
19039
17317
908
495
4903
17844
12541
19302
4728
13156
15387
12963
10507
6751
13575
16252
16096
2003
6738
2655
9665
9413
9946
13611
149
1807
13424
19372
3359
1313
3740
5504
16685
12260
968
17762
16965
14535
18955
5338
1106
4535
12549
4043
6503
2606
17803
12359
8309
4220
17183
14357
9629
5011
12820
10164
7337
1628
9063
10096
7160
5647
18230
12918
4921
14341
17389
6009
2002
19686
8979
4401
9892
9546
3642
4090
11474
16635
1246
16439
1837
2293
13102
13520
14553
7017
2257
2662
8306
9895
3596
10465
1936
18390
6121
11735
11790
6381
5509
12090
400
10145
811
1854
10513
2088
865
3326
8902
18925
3915
16052
11732
11598
6281
14155
6096
8393
18389
15587
10735
2834
3560
268
11988
12690
12900
14292
6956
3950
12510
2274
17884
16911
80
6032
9909
15446
7286
6759
9686
12283
2734
2179
6191
2899
8557
4866
2195
3007
14136
8402
6092
19082
6795
11017
412
14793
12140
17368
10054
2014
1660
13000
14672
19581
7140
14269
18472
299
9875
18933
11933
12664
14362
8685
8548
18284
1192
16422
3393
17966
14819
10918
7943
8640
925
19727
5383
15606
9303
4048
7842
8924
12028
11526
10999
7580
12591
16210
3626
1994
4007
9470
2269
7166
14009
18673
10686
4210
1110
2413
13050
18788
2406
12466
11380
3103
2356
749
18531
14865
1992
10646
15583
275
9864
8805
14810
3018
17838
8469
13897
817
17225
4147
14421
4060
2058
15575
11785
13655
1705
4568
13254
9506
7466
878
18391
10764
10104
5776
16791
5352
8804
14430
19250
1456
16586
2510
16459
9458
11202
7939
12765
3814
14020
606
17473
9681
15666
89
11061
17607
7571
5931
4570
4919
19309
14526
1838
13394
1935
19146
2591
12616
6664
11358
5150
7684
9880
15568
18032
10622
1479
16935
13809
7125
5691
4150
4224
5693
16043
6476
10715
13723
19790
12710
229
493
2629
150
2143
2100
13987
18713
10684
15258
5017
4280
2035
4477
6371
7012
15073
11494
5041
12407
16778
13669
6113
7247
5820
4528
7810
7730
4841
653
14327
14503
12927
13472
1862
11021
1133
15425
7753
15142
10352
10582
8729
6672
14565
17056
12773
5072
7402
19008
12126
5024
8865
14563
18017
18197
2375
3346
13056
19874
650
11318
5553
2394
17210
4213
18241
6987
4472
6481
3347
12756
18368
7325
8692
6772
8610
16502
10122
7914
2597
5229
18114
1444
2587
8636
6071
6879
15737
4639
4773
16740
6406
7586
14145
828
4897
1781
11743
4121
5586
10077
14983
4325
13961
19970
2540
4241
2964
1371
16436
4224
15602
9407
11802
17224
977
5081
9396
10242
13053
12624
16255
1722
6242
14958
7082
3408
19590
19097
4086
9182
16813
2105
19303
7138
19327
5589
3624
9454
7851
14229
11232
5599
10835
2977
15017
8982
6144
2260
2002
68
11050
5647
17401
3002
3923
3640
16216
677
16624
15665
6334
469
491
14198
1560
19535
13219
18183
13538
10921
270
6839
19241
10981
2638
14922
14415
11949
6946
8902
9391
13275
13754
18123
9866
19502
14712
3468
4766
14576
17969
11119
10566
2479
1738
8788
15150
5788
16730
631
18188
14948
17732
5791
17963
13334
6669
17383
3600
15095
17567
1971
11265
11963
19186
16176
19791
