312
8426
9959
14655
19137
18931
16052
8075
8648
17097
6848
14457
13697
15252
13494
575
743
6157
10294
12943
4788
11993
18937
11798
14299
7283
3223
7284
1882
14906
15234
2237
964
3746
8841
13213
8453
18570
6600
16450
8278
2248
4516
14080
10611
6371
4335
2377
6881
19983
12788
2260
10847
4489
5364
18487
1619
14716
5876
4484
18765
9356
15072
17762
12680
18526
5023
19702
2209
1998
12249
9697
4239
10920
17482
4450
3772
2097
6998
17574
7730
1611
8105
18386
6946
4495
3041
10305
4492
5270
7624
17665
9942
19048
5601
12528
6544
15
8930
6914
5768
15964
1681
858
5611
2852
1902
3763
11019
6529
8890
9143
758
9045
4268
738
17323
7281
1764
3976
10195
11804
4765
11645
14864
15768
14189
18453
17048
811
1823
18689
8133
15380
16337
18707
12922
10118
12264
2820
2192
15985
17801
9481
11425
18774
8538
14280
5657
12655
2733
1240
3551
16982
15623
717
6414
18081
19438
5122
9172
7462
10878
12258
12044
6611
17027
17555
15377
11893
16952
2002
1496
16055
2968
7954
14705
1152
17504
1551
14079
16547
18626
12679
3120
6779
14997
2517
15531
19693
12379
3017
16425
18766
15178
6078
19367
7050
8174
13476
10777
6759
9890
3082
5738
12544
8090
10182
2094
3251
19739
16292
2047
1046
4720
19046
10541
14370
10380
19035
9141
5618
10770
9119
8029
16631
9317
5692
11393
18326
13893
6754
3708
9772
10170
17283
3404
4046
17184
4887
4570
13553
7644
10489
17262
13747
19949
14635
19835
13539
16850
17242
6648
10911
2216
1743
14470
19012
8000
19117
1334
12983
4617
5403
9321
19943
3238
10304
17484
4035
4136
2480
14197
7849
3686
18359
4662
2832
19804
11547
18391
3489
2812
11996
12483
12450
1429
15483
6481
12320
4766
10053
2217
16254
6100
17143
6038
1597
1377
1838
16136
15660
6317
12587
6415
13869
862
2242
17655
14921
9452
7324
2045
18381
13230
5177
7738
18844
18776
17850
15287
14687
1689
7360
3755
19358
13106
12560
6819
4209
11690
897
13670
7297
12111
11753
19562
14407
4225
4802
19909
9654
12588
15323
8840
1571
10572
5513
1535
14706
4729
2528
8605
1056
16208
13374
11401
7245
14775
13002
17297
17723
4029
12900
14452
14388
16314
11454
9836
16565
2262
7251
11151
16614
16179
1873
14988
12672
14910
12731
15596
14978
16621
10062
19717
10066
5532
14300
2341
14954
14507
1088
18254
16609
19972
16338
17133
5810
9405
19058
12589
6756
15500
13393
14493
15297
6851
14495
13739
13051
16452
16681
12663
16656
344
5810
10404
12068
3062
15241
14642
18225
8700
18087
8947
4375
4770
18500
16205
13277
16529
12340
14208
11029
2720
15804
10829
2128
11342
6368
8213
5273
8163
12446
15018
16161
3241
13333
3291
7478
14881
15527
3656
12376
18405
8408
179
16647
5332
18229
4594
5164
532
17005
15715
17810
11877
3734
5098
10876
19344
778
17981
3192
16225
8226
4605
8451
78
11753
17175
17702
5754
18468
18948
12927
17056
7900
1205
14276
1316
15351
19589
15519
17216
15749
12643
12656
13112
19481
12739
3402
5356
9325
9695
8102
8803
7686
6371
15458
12105
8921
13455
15001
11434
8641
8771
15836
7144
433
9698
3570
7284
12781
8681
18889
3907
16875
7880
10031
7325
4619
17423
13735
6203
3213
15864
7889
18473
545
19392
17728
6944
18445
13835
1262
14672
5220
5303
18866
17314
16583
14380
17797
1026
250
2644
9307
3931
15809
2315
4054
822
13103
5251
14495
1921
4098
18151
12837
15941
3294
3517
17595
2272
18425
14290
18477
13427
19944
5029
17077
13894
4652
16551
5116
11384
38
3267
148
10603
11757
16639
4856
6178
8351
12691
15048
8455
1301
2802
15731
15609
15041
17957
1694
15786
6970
4658
19486
2626
12213
15909
10697
3858
9230
2053
15577
837
7171
4481
14341
10056
18226
14401
917
4509
4091
3927
13881
14785
13068
9220
1829
7932
5202
2428
13298
1741
3903
5706
4250
11872
9305
3823
10871
19669
11801
11833
1886
1369
4429
11968
14605
10439
7455
976
10500
299
11546
18619
19104
10319
12897
13678
6795
3495
3154
4336
7750
4136
3035
8332
9925
1656
16140
796
8814
10189
8906
8088
4683
5537
18147
14598
14719
13836
7051
7056
18669
1112
14284
3896
17396
15511
7955
2461
15765
5794
7103
10033
6116
18028
1029
11365
61
5870
3079
7818
2716
7367
7335
19110
5689
7304
6151
2905
10612
11032
1054
13941
2848
10040
13026
19089
1235
15404
2118
1391
17649
6790
6626
12453
11135
14828
6419
16671
227
12872
13278
1710
675
12269
19221
3164
7963
2785
4224
18477
7916
15246
3091
14557
5239
7261
18386
6972
13391
1256
1564
18617
18837
12085
1256
11184
19693
5413
6732
3587
19977
5360
16423
4855
10867
4441
19338
4737
14122
11485
9205
17926
10691
13284
3503
17213
13948
3661
10283
6681
2287
11080
17387
16815
2351
8658
3642
12974
4793
5581
19969
16364
1718
12638
321
12052
19766
11063
1526
13434
17119
10579
12858
10093
8286
2817
4042
13452
10049
16336
3947
10627
6403
1903
10232
6118
9699
15913
125
13775
8971
12281
7956
15980
14518
5169
11429
7202
13564
1618
13422
15267
13937
6957
10001
14320
12457
4007
3303
14569
5578
10203
19452
19709
12337
10428
6748
17455
6721
6566
19671
17887
16712
9045
2959
114
3604
3991
10922
9797
5238
6712
2985
12108
13076
722
17789
9767
2540
16671
13587
12543
7679
6013
8750
12832
19783
3809
6222
11270
11130
16797
16750
208
11756
6663
4903
11505
10266
344
5569
3061
6860
4211
16851
15408
1822
15029
6556
2000
16234
8702
3248
9904
3863
9599
6181
14950
18190
13178
16135
115
5170
9179
6782
14631
7517
17459
14898
17570
4292
1335
2380
12404
14966
3772
1238
10543
9134
648
3250
5405
1946
7278
19941
255
9527
8079
18676
6332
4836
11314
9049
3810
5955
10840
13480
13793
15511
191
15139
7885
13535
4788
15764
11077
6509
15246
11008
4878
9865
11565
4481
659
8492
13304
18766
2801
6518
13913
1362
12550
3247
10067
14616
12681
19212
13312
10611
1882
4336
11705
120
611
11074
7992
18817
7523
9630
4895
18049
14555
16453
5449
3500
11804
16953
18372
1312
9724
16070
19484
711
13136
5697
8228
18195
16715
15026
1285
923
4832
16719
7427
10488
480
4898
10380
8947
5329
4814
4737
16564
12931
11653
11253
10774
6003
9181
8194
12207
6726
18995
15804
569
14745
10710
18903
7798
7709
19110
16692
17577
9537
19639
2899
9521
16007
8809
4917
420
12689
13565
11283
8231
1555
12459
12425
1339
1749
6781
15901
8858
18832
9591
9796
17909
19381
18267
7423
15225
1164
19691
16301
1408
2048
18230
9699
18420
14476
16359
51
15036
8253
7040
7260
16208
13497
4400
3640
19121
17590
18853
6745
16944
1598
8153
12419
6482
909
18377
16996
8936
17578
5905
17789
4223
11758
10407
11329
3536
16822
7712
5420
12703
7926
9705
7396
17279
14986
2222
5708
16009
3419
7691
960
16649
8785
16315
15125
3320
10357
139
9801
17958
11685
17267
4804
3564
15774
7688
14194
8965
15476
11468
14195
16160
7676
9848
17179
10573
2394
2959
12311
8258
12169
14345
16987
11010
18104
956
16391
14919
6738
4782
4818
3666
1982
13287
7368
8215
7417
17838
14247
13989
16639
18871
10330
758
2259
13017
8880
13580
5750
8317
13160
5188
3949
18118
1338
16190
197
1981
15472
3694
7758
18466
18323
16583
7869
17436
14785
10832
1593
3985
1584
18183
13269
8712
12154
19434
18772
5406
4376
13400
12850
11395
1555
6312
5938
18527
626
17438
13334
8174
12846
6565
3517
15964
15628
5027
17017
9671
4186
11694
13365
853
14860
952
8309
17304
3930
17154
17308
392
4374
14067
8243
8770
5297
19452
1699
14005
19626
18109
4307
17852
2801
8107
6919
2641
14889
10278
2272
19864
12839
16208
15042
7203
7472
4938
4332
3491
14986
806
17691
2507
13424
14092
3997
7594
19983
6465
10028
18329
6367
7860
16297
1874
4826
16255
17370
14581
2689
626
7202
11610
17534
13013
14301
17405
10112
15455
6204
5273
15005
13131
5343
18888
4442
4072
17282
4994
2428
2810
3571
18380
11501
7806
11248
12731
10781
18308
3284
16739
9188
13153
8555
6412
1716
18988
15620
2348
9571
12442
249
9786
11478
13195
15223
18588
11579
12231
13577
4874
2260
3885
386
17324
14610
12683
16007
7303
11674
7847
11823
14157
16406
13302
17289
429
8515
13058
11693
513
3157
7980
1515
5461
9885
14807
3046
17474
7785
16583
761
7036
6648
7055
19165
10897
10440
11859
8599
12946
15466
6891
9202
14866
1422
15453
17603
3122
12960
10667
17031
6044
100
16638
15307
15035
12678
8178
8969
3341
14793
17626
12978
13392
5282
9904
3296
306
18178
9126
5643
14174
16024
19615
14031
2914
12809
16324
671
12623
18778
19514
18581
15825
6700
4564
3905
15944
1756
15836
4710
3277
4521
11228
17242
2654
17623
19910
4067
9774
11814
19798
16456
12860
5460
7309
5204
12903
18528
5923
16696
17808
5948
19321
18355
1507
14059
18480
14484
2266
12312
12790
731
10001
8722
18985
16123
18421
8159
9640
8945
5939
1975
15163
6599
12615
187
12894
14079
13848
8539
10831
5439
19853
7567
14147
12581
10669
12682
18054
11076
14198
9679
3482
18203
2061
18555
4431
12587
3250
10625
13523
18313
7247
19163
1308
461
13907
6873
11882
2867
18476
10538
19195
14603
1545
95
9761
3760
14584
16521
656
1080
19436
19154
5235
6807
9206
13376
13070
14510
6976
18018
6373
13716
7788
3600
115
454
5389
651
16606
10306
4466
13719
7152
971
16559
8636
5552
1431
13715
16397
3946
19736
11777
12379
5655
6327
16779
2599
5343
18991
11020
12679
6061
18282
18926
1386
171
4504
19443
16875
12516
1655
18119
1977
14716
14145
2975
8192
4023
19715
14090
6358
4287
1113
17854
17109
10735
7201
16358
7096
69
11063
12930
16378
218
5712
12054
4217
3011
14687
3126
3663
1915
19394
6469
16047
15330
8273
6393
2454
19080
1966
1224
4273
2190
15383
18847
9409
11185
17272
7527
13852
10906
19427
5392
14640
2466
19690
8128
4484
12735
7975
3262
12547
5031
8965
7860
11634
18417
8456
19484
10497
3553
5869
17497
4336
12350
15579
11311
3518
19804
16701
7225
10667
4063
16839
13131
3092
14014
2886
12078
3204
11791
4439
6103
11776
3316
171
14569
15878
8326
3060
17453
1455
3844
8704
13673
5647
7273
1600
13633
15063
16682
1935
12204
5844
3814
16087
12241
6880
6391
8956
12059
17488
7980
14313
606
16843
11480
16069
12232
7344
11178
10740
18219
14736
6052
14886
2508
12492
17983
10191
7769
8140
8787
11171
15459
9070
15467
7744
13238
9176
18805
13809
3105
3216
11548
18485
15306
3682
3856
12639
1364
8976
12419
17031
817
19068
16675
5440
2861
3697
9703
9169
18916
7284
15529
15368
17839
7013
3329
5154
18167
9190
15955
15965
15599
12728
8565
17686
1965
3086
7724
831
3291
8573
14990
9156
11381
12275
9672
5577
19052
12698
1333
18906
6734
10544
19527
13928
17714
5676
2896
8254
178
10900
3380
17275
1365
12720
8015
14135
5134
14997
9167
13478
15373
957
10463
3441
7541
16574
8994
6221
2382
13372
16782
15649
6844
13632
11413
16366
14286
8550
16026
17065
15028
15024
8851
16593
17041
15615
13263
16291
19504
309
3064
14446
4824
14772
13637
19123
4777
8312
11355
7089
13626
15586
14547
2550
10294
2691
9906
19062
11878
4012
15424
16458
2443
10031
12814
3200
826
6624
15040
3063
16942
3934
18786
13941
8968
9474
4309
19960
1577
15057
17265
12235
1360
16334
10883
12346
4736
10166
14239
15049
13492
2216
18090
16852
13061
3242
4776
12950
12918
2439
8865
15146
1188
15305
16664
10755
9392
12128
19533
8103
2354
18017
18831
8494
19354
13456
13472
557
10179
4292
612
104
19867
2698
11174
12515
3871
15991
12590
17662
12798
11651
11179
4566
5512
14012
4078
5702
1237
17159
13757
1086
3001
950
15596
12071
10523
18480
17433
5159
16325
8714
6452
9400
16293
4969
8462
17318
3664
8970
6000
5534
3947
2741
2116
8309
13482
15837
17749
6718
16700
8460
3361
4654
14873
17819
16129
7599
5844
5998
1164
2326
6955
2509
14062
16188
611
4828
2066
3744
19773
14552
2987
5214
3748
19525
11587
7090
13964
18409
17443
5123
4220
368
3248
7487
13966
9724
5245
12314
4517
9129
19180
10480
6264
10364
12233
19234
16748
5521
6637
18223
11624
15055
9886
12807
17395
7642
3692
2784
11858
6721
10445
16446
514
3584
13909
12872
16857
13576
11013
17391
18381
4361
4596
16687
13767
6925
11633
5004
2443
10251
6543
6624
13219
11279
4547
7956
6179
903
16001
1456
18914
13126
12937
13668
11360
4236
8469
16174
11560
18819
11777
13728
5900
1545
8189
2540
446
10866
17333
6402
19996
2026
19516
14298
17782
4864
9533
8704
10638
5282
12577
10171
13201
16326
8546
10558
12953
4290
10046
2003
15030
16551
9661
6004
13478
4429
19716
17741
18585
1022
8698
15614
18455
17077
5716
11872
14417
3207
16555
13252
14610
425
13956
5294
3589
2273
8552
12945
3628
19885
18357
9226
16614
9054
14317
3389
17775
12592
2718
16963
19714
13253
608
14855
632
18438
14929
6433
15993
11349
6888
13294
17967
1131
18402
18249
15400
18524
11476
3508
12710
11720
13256
1168
9318
2946
3988
13127
19337
1737
1549
6248
6715
17637
17993
17726
11849
14615
10163
13310
4925
9325
2604
18109
4520
8060
3763
4036
5921
2950
8009
19080
17288
16372
9165
3668
6841
17839
4654
7556
14186
16024
16109
13369
14206
17921
9229
19290
6067
16664
16039
16775
2776
5219
16312
10184
16195
6180
18054
7122
14179
3639
14394
864
7898
9445
604
8469
4346
5713
6701
15528
832
19941
2986
19856
17497
6716
12800
19687
946
15509
4020
5562
8648
7883
13059
12787
651
2413
8502
15829
1247
7650
2605
3053
3491
677
15240
12645
11222
5916
18447
9390
3356
19652
18216
10480
5910
9803
16045
9300
2539
958
7199
1479
10972
9341
9479
19707
12498
3348
7643
8661
5713
5169
12448
10439
16375
3318
17067
19092
372
5180
12864
2988
15821
19816
1679
11164
5031
18814
8089
6507
15336
12403
1981
15503
12966
18070
1510
15000
14001
26
18653
2351
12271
18993
13109
16778
4127
142
10012
3950
16674
14138
8241
2369
18867
10316
15786
1463
9154
4414
302
6136
8230
4329
14334
14816
5645
15234
15024
5092
5136
5921
12794
2158
3979
17045
935
18992
3589
18425
11597
1961
4077
18024
19648
4494
3033
12225
13521
12479
15909
359
12763
2350
17863
6998
4917
9349
16363
5012
10417
10447
9179
19666
14133
943
14491
9953
2359
19319
11771
3462
17597
5340
4024
14219
16469
14067
15551
263
15278
10889
18180
18357
7905
18349
2295
13093
10114
1198
1270
11583
12428
12560
11084
19869
4304
10441
2467
13713
17809
14715
7847
11482
4310
2023
19441
7556
17334
13936
16811
6130
1197
8874
11640
6953
669
18789
7079
19400
8944
13898
7903
11808
5078
7481
3913
4259
9944
16853
6095
15794
6833
17748
535
12481
15547
8836
10095
3162
11491
8092
12876
6434
2412
3179
19242
17680
18888
8757
1272
15577
16513
6804
5515
6650
14649
2607
762
2063
17299
13708
4279
15890
4679
12428
467
1866
9120
87
13137
9154
16062
2367
414
15276
6563
5682
5916
9937
19238
19529
5919
1059
10387
3777
793
12977
11388
18037
13365
4871
4890
12044
14821
23
1487
4867
364
7929
11040
5442
18952
11766
11262
1347
1981
12130
12357
3804
4702
4325
8540
8528
8644
1938
12307
15828
4241
2120
7210
6661
14532
9133
16033
16601
11801
11803
6779
8268
10619
13472
2978
19775
1031
12211
5979
17623
14702
4557
15293
679
13264
5051
10037
17930
16340
2671
9425
5292
10748
14078
12966
6569
1769
306
11761
4267
13270
2933
3723
8824
12322
15407
7568
18849
7517
3965
9636
19592
7292
3135
18134
6231
8611
10215
2360
9042
2021
7964
15448
17298
9683
8768
9000
18598
19163
10783
15602
17646
17104
7598
11953
7419
18975
1343
4334
18335
6981
9665
5813
1729
12872
9008
2068
17989
17213
11742
17542
12182
10888
9927
6780
5027
11636
18965
19096
7845
7673
8184
5121
14451
14564
15478
16947
15148
3874
9456
12131
9460
9389
958
7709
19067
11837
6754
7094
8739
17401
15839
5930
9130
1256
13119
412
8772
4308
3157
16841
8536
7182
16209
1973
6810
6574
18605
18666
7877
18179
16174
5540
6063
16904
1616
6497
17436
17709
5614
14581
18608
10168
10456
7261
161
7822
2546
14974
10513
3981
12091
17872
7763
163
12468
6934
19400
3769
6561
6868
14049
9178
18633
15763
19744
2511
4490
17658
688
19920
17842
14750
3864
15729
17635
353
18726
12120
6020
5209
220
17704
6382
17704
14674
12842
5467
11779
269
7145
3992
19454
1651
1114
11739
19660
9235
15945
7159
19063
11930
17376
201
13845
19982
66
7331
5644
13252
5987
3790
16270
9195
9968
1859
3614
6897
8659
10620
10219
1685
14907
13738
6867
2963
14518
11580
10422
654
15973
13528
9523
16455
2986
3336
9647
2879
19130
9634
8861
11761
5607
16411
18447
19166
4908
1681
2030
1173
17741
2801
3722
2541
13962
3636
13010
12183
1906
18217
7947
1009
12513
14145
10035
1751
1230
1542
700
18464
19788
10116
13006
8560
14235
10535
8404
1710
19248
4413
4959
14492
15175
3757
1459
9468
11148
14221
13553
5626
8176
2660
10810
320
13144
9708
7210
8660
5521
13349
7341
18825
15624
13076
12735
2464
7507
9999
5041
10125
16983
1515
1153
18189
7533
11813
12212
16316
16176
14624
3140
11689
7538
11691
532
16006
8513
5395
3225
3963
6550
6916
9360
16428
9764
15396
15447
3451
8891
13272
2873
17930
14133
19196
16984
14750
9368
14766
12202
7200
861
16752
4398
12495
6793
11067
1610
18382
16779
8706
12182
9027
3658
15851
8553
17012
448
12152
4205
17687
704
5057
10103
15576
812
11352
19122
2596
14815
5176
1909
5823
8064
13684
16084
18796
12822
2363
5283
5102
4297
11346
8756
13815
2990
14497
18945
4772
6702
5278
8450
12007
10361
16555
10139
8970
11960
13798
14185
4675
7649
8491
18535
3776
3290
16043
2407
18264
16949
11732
9938
18921
12362
11855
824
13584
7210
15199
4116
8473
7703
12800
19870
18907
19020
7981
10337
2926
18854
10796
7175
16148
10209
17097
9127
6012
12008
13013
15718
15859
859
3129
445
12854
6124
17242
14989
15283
16654
6061
6367
11271
6705
6231
150
11233
9530
1618
4156
9000
19740
17389
19512
19088
15729
1408
16270
13948
4191
13848
9622
9297
7911
10772
8967
9254
7840
9407
24
1905
13026
3770
14656
14202
17960
15144
3865
16931
12170
1418
19928
18813
11663
14800
18114
155
2856
15587
11327
12472
11975
14724
3698
7343
14237
10007
1350
9733
17361
9124
15465
12528
3604
7806
9066
17235
14220
11478
12333
1677
15231
1724
6064
10534
17584
19509
6159
15168
6528
1916
9170
15573
18181
9979
10760
1758
18114
16374
5293
9701
6548
2918
2407
7912
16831
1404
15059
9392
10242
19698
6868
14820
11651
18940
15045
18844
9743
12511
3082
17746
15508
754
17760
16634
7504
4883
4888
11522
8213
10988
4685
12376
3446
14466
8630
15348
2487
14518
13908
17641
18449
15139
15166
11608
19420
3785
228
17713
4659
2259
6767
1975
51
8353
9054
16471
19965
7775
18533
1733
13857
14608
9101
15521
9979
852
15285
19009
13701
19285
8028
1594
13723
11993
4483
5384
18714
4288
6846
11934
17521
11399
14231
13599
15693
2822
10160
1327
1483
5317
8287
6701
96
2156
12325
12126
7150
19447
11664
6488
15684
5625
18175
14410
6929
5035
16296
14916
11660
2704
4730
4737
17013
18374
13920
707
13959
686
1461
17545
15692
1797
19267
3110
13662
7224
12186
8441
18435
121
6367
9401
19115
6605
16031
13356
2453
16316
12602
11989
18307
11787
3408
12541
16685
3582
2587
7478
11935
729
11665
17323
11792
3505
3100
18106
322
1016
19180
4282
16484
7735
4781
15042
3524
3464
3432
6350
19537
17843
14665
5020
6219
5784
16385
19370
16264
15214
9710
7512
10738
4671
5226
4392
18425
2318
7011
8875
15270
8612
6442
10490
17621
3862
15182
509
11624
6851
7456
1730
8492
18263
8516
10755
3985
2905
3325
19965
15410
10120
15459
2282
17649
16296
636
6809
7985
11599
15358
13548
19341
5142
10211
10080
12169
10927
1789
2342
17711
3789
3391
17985
4825
3271
11836
10257
5444
12852
4924
4708
737
5569
4487
5127
11748
1722
15962
7083
3240
6640
12908
18629
6537
14765
5831
15812
11305
15254
4261
12959
11197
19317
3124
4404
8845
13894
7726
11639
10631
1788
12953
11123
16324
8008
7654
475
969
12379
6841
17050
3825
552
13829
18915
1175
6313
11008
1091
19736
7244
17360
3314
7790
14278
2806
17535
5674
16288
17858
5905
2338
15613
12372
11725
19887
16296
5593
10970
3321
18685
7410
7287
13230
19435
10231
19905
17048
3992
15639
18631
16798
5528
7096
4471
5024
10882
2685
9823
15741
5791
10445
6135
18301
2097
6718
7372
17852
1716
16711
14307
7996
9142
17488
12918
13693
8642
7148
9652
1137
945
16314
5251
11834
12997
1691
17854
4575
3295
3169
9214
4913
14710
10619
3869
501
7166
4240
2091
188
16515
11708
17370
911
14406
19564
5574
763
12212
10403
9374
12387
7970
13661
9435
13993
13868
4405
4697
9700
7058
1567
13679
16354
17158
3562
16918
10473
8773
5387
323
1157
10171
8399
4016
4526
10780
6692
5019
18952
17912
2850
17425
62
14049
1254
1378
359
14503
16639
15427
8036
6617
1171
6324
14973
7678
6381
17495
7810
4935
16642
8651
15882
17731
17012
13388
11674
18751
13791
414
7842
13630
6510
8072
14984
9536
4316
5537
6948
12769
2104
11398
789
17207
6534
10020
19366
952
16191
3476
10196
1522
10654
1510
13437
2699
15298
16448
6670
10758
3350
15235
17759
3700
6483
19696
3666
7568
9894
19616
6154
16693
13091
17768
10061
16973
11110
9173
2256
11383
3953
1416
6530
15745
5709
10938
1149
18219
18586
9464
5999
383
16933
9881
2492
9982
18074
10178
15573
8820
15082
4165
1577
11471
8258
700
9715
349
7462
9673
15697
13563
3480
18852
17729
6174
8744
11108
4218
10282
11277
4682
15941
10312
13113
9284
7443
12428
15695
1353
445
15316
15528
18769
14494
1428
13469
15781
113
7457
18734
4659
17669
19463
10929
13027
8496
13451
7060
18037
9257
13913
2991
15243
5295
2043
11026
16090
1026
698
6737
9081
5460
484
18629
10757
6174
17801
16125
3564
13073
10073
19539
7298
4462
12498
11606
12362
9419
226
1579
1972
4363
11418
1922
4903
3498
4421
15759
17886
436
7851
16193
3076
13575
8927
6823
4280
7887
2825
7969
2335
7720
13947
858
16519
4855
985
16810
9734
6810
16450
19665
9097
6519
12385
16080
10410
4026
3704
11269
6234
17071
6300
10305
12492
5705
3657
12422
13499
12689
359
784
9621
6114
1508
19976
6884
7843
4296
662
15334
10660
5449
4966
18030
4547
12898
14320
13617
6860
9396
14050
13501
3425
15313
2048
16301
2978
15555
13041
5444
17996
19776
18759
574
2132
8800
19938
13745
14150
14700
6100
18646
1800
163
8851
2287
2423
14054
6505
6299
5182
6348
4220
2204
8415
17407
7547
13767
15943
10840
1645
9430
13596
12554
5213
7723
15124
16293
1400
12961
5546
9333
15788
15692
16334
17887
7781
3743
18318
7934
18535
8592
7514
12837
13408
16008
15200
14599
1601
8286
3219
14715
1608
11212
1105
17414
8978
13805
8598
1282
8675
9076
19898
17710
1381
13474
19961
18253
19474
15426
10114
4326
13892
7835
6376
5419
10829
19553
19555
7051
7199
6190
19402
10460
8730
17675
19080
9377
10689
17539
5484
106
7542
13238
12662
5061
6495
16448
18765
9152
13861
6662
18516
7393
9072
8259
19492
8044
949
15447
15778
12368
13219
12402
5183
17258
1841
8505
13877
11668
7198
1578
2697
18536
7662
6751
2658
11460
3879
6218
13016
16062
1883
14752
1267
7799
3550
1532
10977
10240
2812
3513
4455
2605
12184
10137
14801
3976
12873
19129
5643
9750
15761
6870
14239
695
12564
4299
12856
19145
11667
9249
9521
16597
4269
19764
16902
12236
110
4547
5287
6938
10052
5604
17146
16500
12494
1709
15328
15251
16999
666
11009
1719
15445
9144
12657
8294
19396
19054
8418
12542
2526
16759
5003
18688
14461
5608
18245
14871
19426
10558
18976
10260
5073
14650
829
1584
16375
4403
7583
9063
4626
7703
3022
11550
14106
2547
16144
5903
11619
18417
5054
17300
9587
8303
13906
10119
8742
7024
1358
10847
2460
13425
7072
9632
6188
4264
1569
11607
4529
4462
4186
5124
15728
18396
371
11409
635
11158
18723
8364
2367
2914
12801
11329
3686
16328
13968
5597
11817
12896
11795
2920
8996
14832
12233
4273
7779
16972
9647
4341
8827
2880
14057
13293
4923
11138
13590
3206
8773
17237
9348
19549
6683
4490
9689
16223
7637
13819
13405
6856
15837
14269
8320
10582
1554
18183
8621
7002
202
8070
4300
5069
5722
4314
5198
5908
16201
16031
3191
519
2821
15475
13907
4152
1541
15828
11764
9382
3986
9878
9995
5018
19286
13731
10988
9375
15427
12780
11017
13924
16796
7533
12830
7041
6134
12914
11752
8930
2960
4641
2997
15456
439
11635
7345
15531
10572
46
2147
4498
5616
15216
9533
12825
12471
4157
3303
9883
18032
12499
11451
7657
602
13400
4913
4082
12431
5966
13280
14830
3403
2438
6797
5264
4890
13180
19414
2366
4967
18067
7314
5231
14168
11443
4818
5691
8810
12165
18056
11497
15266
9706
9999
3980
1871
15811
756
9262
4153
587
6948
3568
5696
13772
19056
3593
11454
15194
7308
12883
5849
2099
18979
15466
17062
545
15447
18614
10066
18232
1438
19799
19266
9398
8268
13187
4984
6817
4661
3675
398
10772
13447
7585
19538
14850
1180
2016
1310
6498
3606
14822
1477
13722
18839
15151
5868
13583
7943
16921
16684
11461
12390
7650
15527
6576
2129
18465
2506
10193
5179
9256
8907
259
5872
6804
12206
6182
18857
16020
13615
10270
7037
18364
17859
11335
11709
1259
1467
14849
2448
19159
6054
8277
19412
2078
9732
8580
15629
13647
9225
17929
1285
9410
11453
14053
11955
4946
15590
8625
18464
13739
15900
5866
8984
3506
5121
286
541
867
6079
17809
15152
6282
19417
12591
13399
9841
19731
16118
9926
19246
18394
16589
13431
5913
12313
9613
2178
16932
15687
17585
17503
19873
309
8809
3314
6471
5052
2818
11601
15659
1572
15681
12376
5680
2469
17775
8118
9568
4313
10502
2862
12455
19246
363
9129
16086
9180
10687
17227
19359
9043
1209
9239
4811
15517
17774
11082
3816
14862
16038
12894
18568
19593
17496
12474
4366
8847
18775
11254
19988
8747
5270
17963
4973
7458
1291
19564
1509
9238
2288
7701
3501
562
279
5754
9597
4437
4457
8864
5912
5989
12615
8537
2233
12366
3256
13674
14431
5728
19401
17316
18136
2707
17348
4914
6815
9107
18776
9102
12286
18719
6086
13370
8026
16190
11562
17715
10563
14598
4939
17303
1942
11735
13050
9400
3559
1145
1820
9130
1601
7904
9261
14399
2286
16158
11112
4671
12279
15128
17489
11320
3606
16634
4796
4834
918
9295
17724
1942
8103
7482
64
9745
14361
713
14994
12251
10354
2709
13293
66
9401
11653
8899
5759
12862
16840
19972
7649
6982
9092
3034
15098
7525
8822
15883
305
12920
4509
7656
19252
17832
2210
2309
16502
4091
15839
6442
9139
14098
19313
19763
4524
10469
10741
10754
17932
14469
18291
16555
9832
3051
719
19233
8062
658
11222
18828
4122
15848
9495
17984
4543
6286
6779
15883
11880
12858
12570
14227
3727
8432
5306
2096
4743
4333
19998
3910
8329
13304
17334
14117
13073
12263
3575
18416
755
17405
4971
14684
2516
14637
3632
4999
192
15663
11166
2301
6555
4172
19240
15895
9804
7650
14114
8898
8872
9151
11669
1266
12482
10385
17126
15007
10325
2846
4866
8627
3814
2535
9653
7778
10668
15751
15539
721
17263
3705
18121
3059
381
15507
6867
3184
16387
7402
8779
2422
12643
636
6389
18057
4161
11756
17425
17967
3292
1794
19074
6630
12422
16675
6457
6126
17275
9512
6945
12837
12511
17303
4886
12021
10297
15834
19834
10244
16988
1269
13455
1359
17989
4382
14262
19347
11420
2012
12734
8005
1765
13366
7990
12356
3286
16743
11271
11248
14997
7877
13047
18793
12849
3135
441
2135
10383
18781
3550
14262
4696
569
2997
13083
4159
7212
10901
19238
9168
15365
5229
2284
4024
4088
2519
12389
9303
14721
13062
11786
10096
4037
3536
8930
18383
8131
16943
464
11801
3946
13157
5623
5402
14352
18239
10994
2693
8167
8103
13326
8194
12760
3106
13225
2914
6188
6407
2587
19220
5711
11524
14105
19503
7806
5909
13315
640
4979
1476
17151
10290
2958
12334
6942
10027
2807
5043
17965
8156
484
8811
2609
10860
4099
1308
11639
9052
4772
5090
16322
2453
1582
1222
16301
13895
17552
7369
2109
19700
16256
14994
6001
12884
158
16515
927
17566
9666
11239
16051
17245
3439
3045
4235
3579
10218
9781
9824
14041
9340
8740
19995
19594
4110
17572
2837
278
17326
13887
13881
1646
3305
4714
18567
9711
19651
17101
3102
7141
16556
11895
6570
9466
4004
6303
2157
10236
14152
502
11584
4076
5626
14153
5130
1625
8969
2810
5253
3323
19392
6497
19580
6894
5217
18508
2015
11246
4818
12504
17477
15531
5675
6293
10309
3016
3432
10010
17167
4055
15441
5689
17853
10462
10054
14680
3347
18518
4321
6202
14103
15680
6231
1973
4385
16629
8642
8834
8884
16812
19703
18544
12918
14763
13748
10098
4146
12154
834
2520
9731
742
18610
2853
283
9130
156
3791
9558
8707
18907
337
8426
11199
16902
10528
9527
8485
7935
8001
18527
4089
10496
4716
15150
12308
1507
148
770
17924
16059
855
837
14884
15938
13214
7376
6117
12424
5772
14400
1124
8167
19389
8199
15305
8328
12419
9502
7544
2978
10006
16384
17799
17998
14757
13335
14435
18877
17905
6390
4752
13995
584
7398
7089
18706
569
16140
1476
6247
6124
18709
5152
12854
15651
14200
15091
15894
3807
4259
6513
8062
10801
11760
1136
9555
13914
15581
4632
779
5851
16803
8042
18417
19784
9046
12116
15490
17867
14697
6127
15290
3740
13614
7323
5936
741
12347
16019
16421
12554
3652
2309
1680
15866
13736
1766
601
6222
12104
5344
11039
19200
13656
4248
1937
3730
10874
13986
19741
17562
13264
19389
3845
13242
10817
13704
5350
9313
1598
4331
13265
220
15767
2450
16970
1283
5511
3682
17353
7518
9795
17173
12560
3519
16446
18236
13800
12473
4023
17943
6165
116
5685
12138
31
3756
8126
9130
11343
5676
1767
18607
3471
18220
14388
3218
2290
3023
3875
2788
7502
10722
4119
19652
7520
15742
13216
8891
2096
12605
7718
3766
11073
2526
7400
10206
15824
2339
9089
2321
5746
18356
16226
9141
2028
7024
1617
296
10590
10362
11075
16782
4013
8076
16048
5913
18803
10405
1871
4900
18307
7279
14162
17580
4827
11513
6717
1345
9153
15607
11114
4981
4571
17306
9193
17574
10907
10124
11912
12780
8960
16177
4438
8103
4376
7422
2261
10336
4407
13996
8362
4553
13694
1036
9533
8376
19523
11456
5746
105
8214
12616
19967
4348
10754
17346
3456
11155
1608
16206
16836
5952
12547
9132
5123
7273
1955
5220
11952
5686
1334
7879
14761
19788
116
1374
15056
1359
6118
10782
5334
7885
18566
9276
16562
17494
7869
3002
3391
3808
3647
6056
1205
3098
11647
14838
18819
11269
2136
8245
19565
9255
7581
4721
4463
1794
9714
11246
4153
18918
2805
7154
9213
12535
16802
12697
7126
11390
3665
16092
14740
3244
10440
10108
18645
15987
13352
15401
920
19095
16707
5322
9479
18922
4821
8438
2253
9092
16564
1375
12152
19540
1698
2765
16359
8786
14764
10741
4885
15252
4895
4598
14468
716
1649
4697
13312
1591
555
11029
18175
9015
13776
11303
7271
10033
15508
12697
1276
8676
8341
17723
15957
4590
4659
8768
3228
11843
5432
14711
7439
19531
16477
13984
16329
5544
17379
11421
2268
18902
13292
14997
12792
4018
19457
10244
16048
1663
19124
13883
8869
1752
15252
16112
4198
5747
19728
13819
8725
17673
4272
9808
4497
2414
3524
15024
16630
13452
17892
1396
1889
18349
746
10784
6582
212
12714
7000
4992
10520
5973
1846
11373
1443
15842
7737
13585
7300
369
11526
12687
13832
1179
5115
14465
3577
5802
12055
18763
12157
5914
1165
12836
13981
14084
5185
14794
6379
4216
19432
16606
13797
1894
14646
5544
480
10879
2924
17208
14472
7172
11609
8746
16218
10463
390
2036
17794
6348
11748
3490
14815
2651
280
14408
5138
18257
10873
5246
9869
7689
10688
9057
8156
13336
4134
14191
16198
17567
9360
17882
1513
1389
3941
1318
117
10568
1961
928
12769
13402
17635
5283
1092
18449
16557
9302
16474
15884
10003
14158
4202
3251
10615
12825
18277
993
9320
15143
13140
19074
11046
2781
8980
11065
11650
16431
8046
17437
9380
17024
875
5644
11661
18566
4036
8132
12266
5796
19206
14030
1679
2430
16416
13865
6905
8425
788
61
13336
2570
16115
8375
9267
18705
6062
1302
10930
12359
2242
9894
4222
5075
12864
179
12025
19898
11129
12755
4551
16248
15488
17098
5070
18007
8722
13737
5265
782
5797
63
10
8203
12100
17265
5528
16929
19607
7945
9140
3995
2104
11320
10497
14391
455
5962
6443
17360
4577
19726
19177
19486
1877
19127
9671
19879
19341
1739
1031
8188
15247
18537
15206
6655
18746
12413
9503
3208
12895
6707
10072
17853
12220
9663
5728
6835
14025
10204
2819
8996
10081
9356
13796
6281
16143
15111
13547
3553
5533
3893
353
19486
15294
19004
3090
4
17565
14818
18116
4190
17476
1211
13655
19249
8901
952
13666
10147
387
9823
9526
15471
4320
16377
17764
11592
12663
4603
11554
5873
4093
1986
16386
6340
7618
277
10647
7317
19462
4943
3059
5403
13744
1567
8777
10113
589
12206
10343
5592
19370
6864
19709
1203
7600
10070
19537
7299
966
433
14891
18564
1223
460
12711
14221
6388
11185
18068
18961
19532
8055
13361
9971
12397
17225
13733
13767
12542
2536
18974
2976
6302
12682
16703
11669
10624
9154
16803
16579
19782
12969
17267
19746
19787
18364
997
1216
5295
15787
6294
4814
13538
13639
2337
859
11270
10939
4975
17213
5066
14830
11092
10938
6826
10088
14387
6975
15596
7571
12846
13036
3899
7199
14399
3721
15685
3288
15005
11168
11774
11686
16487
6017
14633
9218
4080
10432
2795
8623
10839
6056
18043
18529
11552
11426
18319
3958
9016
7415
7609
8070
37
9166
7450
15457
18513
19581
1150
12769
1900
7368
12973
11334
2549
8556
18160
18673
10620
14906
12688
9035
10379
12019
11696
10120
2862
8744
8178
10331
15415
8754
19460
6413
6569
14652
10037
16348
13828
7153
17071
1929
1636
19609
15829
2698
3881
4992
10586
7505
14024
2848
12331
2143
10415
10231
19695
18839
4423
7949
10158
8141
16302
14953
14795
12435
19043
13519
8963
717
18336
11272
9867
5865
17071
11720
16075
6960
17944
6382
14494
18562
14996
13276
16123
10557
17520
10181
18209
14003
8804
14674
4786
19889
13120
14511
14084
16737
12166
6198
9954
3070
11388
6616
5927
18530
17270
15060
19851
7304
9215
4313
18546
18006
8633
10728
1709
11727
2267
5146
7696
8172
17899
12672
2578
12279
394
490
18406
17095
2739
12071
8165
15993
18141
5546
15247
13018
8701
12124
6334
13713
12456
13056
9719
5141
7669
572
5917
3114
1769
11227
8164
4019
12971
18884
122
17428
11484
19807
15163
1963
1503
3327
14616
12788
9356
10706
16506
7820
10855
2149
10206
6545
18831
6123
12824
1937
13848
2603
19016
3083
1705
17386
1646
15638
7629
6026
18720
5941
15715
18019
15813
1518
9751
4804
17516
12801
6700
6554
11154
6914
17783
8591
13100
18659
8140
10438
6609
8976
4741
16399
13908
15226
5697
13479
13364
16884
16890
11844
14152
13784
3456
1343
12137
1682
11084
1263
4836
19903
2882
13646
15044
1908
4350
1478
12770
12883
2644
8604
15816
19187
18664
13244
10487
10249
3875
19977
3806
18167
2358
628
8337
16769
10038
11815
11823
6325
16608
1421
1767
3539
15917
19888
11075
11561
13090
16774
14091
12198
6415
4163
15887
5710
2057
10237
15332
1322
5318
17511
5652
4672
18498
10106
4892
14405
9779
12447
4360
16364
2576
9374
9189
8808
18516
15989
8390
1238
14153
17401
14725
4534
14342
11701
193
6791
3324
16257
1519
836
11233
5990
14171
15384
16318
6425
5003
13075
3303
9000
1194
13589
4187
16411
989
15725
19792
556
1392
11102
10013
3916
17275
1081
12914
17047
10883
4170
4014
362
17015
7741
10905
13212
15522
243
14645
12309
15641
5799
10536
12532
11411
9423
8923
12199
14757
9473
13448
16419
10700
9885
17906
17560
12673
7293
16273
13088
10836
19767
4982
16013
17608
15591
64
19489
6923
3958
10504
16160
6145
9709
19385
7195
4209
5610
18611
12248
19018
5688
4470
12120
12316
19382
18072
6967
7189
15614
13738
16911
10675
18074
16820
1675
12928
18902
10044
16814
7512
5970
12828
11779
9591
4262
15422
12100
12626
16794
16456
11663
18703
4172
17597
15582
15047
5907
19029
3126
11419
16193
8476
13254
13198
16676
15405
16813
18370
4548
12949
6088
4083
6097
16379
17976
8606
1797
12413
11937
16721
802
143
11433
18228
8642
2530
10143
15507
5579
5882
10646
15572
1906
3605
19377
6688
2255
9875
7725
12472
10869
12041
13634
824
12888
893
3064
10816
12275
9158
17721
3115
13162
4190
9198
13126
2611
14877
5147
7309
9439
17825
3885
15562
10312
6117
121
17628
15631
11869
6017
7682
12471
1681
18762
3710
1941
11281
9544
17724
9344
6784
1676
258
11410
19116
15203
15755
14124
18433
19545
8778
11119
3743
1932
5131
5755
8917
17326
17975
5041
13347
19333
1962
17360
5588
3894
14122
3029
4498
11238
11713
10040
2806
12702
18762
16797
6555
5605
9477
10801
4877
19655
9569
12024
5452
19271
6279
16701
12220
3251
17898
19713
8405
8814
6674
7302
4086
15836
11883
19360
17096
19361
15360
6566
12660
614
4945
6106
19412
15317
14648
12571
15981
9917
12695
9314
18995
5305
7984
2552
8437
19386
16863
13420
10446
17791
15292
2176
6155
1993
9503
7788
10644
17275
15482
14314
18812
18457
3097
13238
1180
5441
4478
16014
18364
3391
1614
5434
5333
19214
10612
7925
4516
8988
5287
17263
16612
19371
15912
8294
2928
7141
19745
14609
7123
7744
4923
17893
9206
102
5624
2563
3065
19899
19705
12213
18878
14306
5167
2224
3484
10014
15113
35
13998
4071
1279
13901
817
4317
9255
19955
13716
18374
14967
2539
16272
5933
15249
8275
6252
3284
15539
4394
15061
5112
13037
8797
13352
16747
3992
5712
10631
13479
8257
17485
16941
13851
6707
3118
11398
19519
12411
8624
6219
2343
18738
2208
10114
7724
14859
6119
8517
2476
10309
11525
13959
2832
18427
17494
16453
18862
5468
11903
4718
16080
12098
4218
17954
3195
11621
14090
13631
19031
3511
7390
5113
8423
4708
7000
8117
6297
8408
11057
1015
17030
12775
19830
17539
13811
12807
1691
5901
18145
17643
1274
6379
8022
16450
14838
10738
6687
5211
10645
10075
19319
9840
13775
386
9980
15029
9981
10459
8477
1986
2108
11226
15782
7779
10574
12896
3811
3818
8580
15754
18700
18567
16329
4312
20
16865
9532
16709
8912
4259
10202
7374
17827
3598
9721
16410
6831
11974
9260
2334
5257
10197
18595
18299
8561
12532
10201
10014
16772
15966
14635
9152
15355
1065
10772
5714
15501
8044
10826
6946
658
14723
6097
6031
18849
7195
15134
14505
19542
11023
14968
5587
1838
16125
11493
18782
984
13975
19904
15597
9727
678
18467
15135
4870
9125
9004
6452
1187
18166
6617
14461
1650
6923
4121
13408
16008
3194
2639
14561
15556
10615
16556
10765
7968
1256
451
9341
17752
537
4329
4865
10458
15838
19338
14585
18954
18054
1645
14757
13973
14142
15421
3669
11654
11223
383
19127
10951
10352
1229
10749
537
1875
1743
4051
19846
3704
11099
8263
9938
4276
4576
18560
17174
13153
14756
8423
12446
5061
4067
13548
643
4574
6630
14730
9694
8462
14363
2509
4038
13510
17082
11817
14244
7078
10922
12668
14553
10753
4107
6049
11728
4854
13395
13952
4565
8930
19615
10615
10260
14247
13333
8720
7085
929
3291
10322
3151
6858
15988
65
3952
5536
19399
10766
18579
15915
18276
19192
6928
4851
4446
16375
6564
5700
3527
10663
10082
527
3817
9741
11168
8717
8437
15159
8724
5607
4683
4663
4094
13038
19789
7857
5462
15385
17778
16654
3889
13299
16524
18214
9453
18433
18459
8422
8526
13865
10693
11174
16630
12327
881
17491
15563
941
18797
12215
1106
6765
14058
5227
5021
2688
2709
7364
12695
11938
19357
18561
3904
6903
11735
4145
10406
8985
14740
210
5062
18201
4840
1781
7662
5180
541
14097
1328
3707
9857
17759
12229
10085
18796
16831
16260
7030
3990
14417
11373
17294
13787
5741
17304
4630
15403
18132
866
17118
2269
11618
12945
5038
11682
8762
11402
11750
19662
7701
7334
10248
16906
15503
14611
991
15831
8845
6520
13189
15238
11186
3537
6208
14235
13725
10240
11607
6141
16572
5573
4453
2146
18144
3626
5324
11353
7369
18797
3809
9855
2768
6449
2830
4867
16535
13721
17729
19859
13720
5773
75
4107
12634
1488
17298
8457
19575
18536
2462
4709
8929
7083
13131
17280
19186
10641
7256
13324
4239
11431
1892
10203
18875
11050
79
2258
2816
5117
1726
13963
17206
18254
10982
216
5837
19313
7028
5411
8706
3688
494
18429
15156
8101
16967
3477
14078
14394
17903
3542
15589
15266
15539
5290
1025
3702
18846
15132
17229
4264
3085
9117
6388
9134
10690
15874
4390
15029
14768
1911
8582
7940
6196
6366
9410
14114
13897
3221
2544
3855
12007
17532
9591
17882
1986
18568
6294
744
5908
14630
2395
1583
10935
17888
19080
16202
11960
1092
1616
13925
3465
12492
18713
14621
18393
9205
8466
10006
10991
9579
7907
7433
15404
5155
10150
3828
3172
14662
2014
1054
19813
9732
15666
19610
11023
16773
16263
10482
16946
19283
15071
5773
9820
12154
8190
8845
5610
11557
11962
1052
6675
4718
4512
3052
4600
16712
6276
6192
3195
5349
14780
15146
1048
11171
3306
8809
670
320
18112
11377
2552
9488
8537
6582
19245
17185
16478
4931
8275
12948
374
15911
2543
15488
14729
5138
11972
1275
16461
4510
17140
2654
177
11985
5750
19325
14547
8486
19261
9315
3090
9719
5790
7347
10250
15935
8076
3594
17877
8992
5058
7202
13170
19836
450
7733
8833
8309
16958
18849
16114
17738
19192
11596
1115
7741
8025
12135
2783
19450
13432
9378
1482
7540
7915
16204
19990
13731
9345
7578
2092
15805
11499
5618
17665
12604
16250
3362
17408
5412
4220
304
18130
19400
16205
5177
17276
833
6474
3927
9563
1376
15766
17078
10497
16753
18592
5969
3524
5248
17039
12392
11171
10913
18623
10221
8519
803
2991
9283
13947
1374
1758
14546
5981
9553
16403
6612
19217
640
346
5160
11753
10860
9173
14614
7917
7108
13983
6530
18187
10055
4329
826
14403
16284
3369
10370
18729
1560
6113
11828
8452
9172
2564
10139
19210
15516
9317
4177
16961
18045
11839
1546
3422
2301
14967
19900
17346
18253
11928
5466
3779
2853
3137
10497
7604
10229
15940
3934
1137
18001
1116
5616
1289
14772
13475
18461
13151
702
19090
13064
5713
15558
19666
7939
7379
17332
17750
720
7535
4111
18424
12503
16453
6485
14942
19205
490
15203
7416
10587
15096
8518
17603
7642
13097
16827
10382
12426
4491
6623
13266
11104
19289
18733
16758
844
9649
11700
9578
4710
9231
19272
15493
4278
18796
10653
15479
17382
8692
4231
3938
9012
18686
2853
9488
331
949
6577
12744
8668
13407
18553
9033
14972
18821
13265
18265
18458
17570
9189
13884
4709
11776
195
10619
6865
19896
8413
2341
5489
11526
8934
7247
3070
3082
9087
16202
8874
19977
9072
2488
7705
18887
1981
4997
10831
253
16713
4233
5670
1051
5251
5733
19584
17989
16703
4191
16981
19546
11698
15635
1587
19929
2283
8368
859
5272
1358
8540
10261
4961
9318
3704
3822
4014
12931
1213
15696
1140
16235
17171
13700
15133
12990
5369
2614
14534
12714
3759
12968
19444
3291
7030
2626
9201
11717
8234
13358
6351
17676
830
8155
19053
3451
10099
16097
17877
1570
9420
5647
9200
15607
2203
289
5557
16534
2435
16658
3975
10017
11335
5250
6158
4041
19295
13215
2635
19509
18139
789
14
10206
13917
9655
7549
1107
13492
15612
14720
14048
282
13315
12846
6898
6823
15146
911
6464
18440
18459
3978
17519
17319
19168
353
5495
8095
17541
15957
3561
9006
3495
10600
3824
7263
3664
6998
19797
15705
4813
17569
19142
8630
15528
14005
6700
11512
4711
16970
6358
4495
14048
15794
8086
1150
18131
10067
10304
17852
1467
49
11241
1202
17560
16192
1580
11227
10838
10418
11978
18883
19560
202
12125
14919
19729
11005
12091
9221
18415
19004
12600
13520
11038
8241
12657
13743
13881
19731
582
1591
5314
19911
19497
12965
3810
8814
410
16665
13193
9881
6147
17621
19442
18395
6306
2634
18302
3786
19592
13231
5854
18509
19152
11096
16958
3705
11639
8183
6847
10097
10265
12093
12421
18441
5334
15671
8439
8926
6947
4797
1235
17192
15330
9935
3001
18960
13140
11107
17119
11639
13032
15379
14954
18500
7322
18815
554
11389
1390
19648
5179
7815
17814
6535
5465
632
18176
9058
12049
3225
7120
1404
10668
17248
16783
15045
351
7360
7612
8356
10772
6612
11539
338
16298
11730
12717
5215
7853
7355
11844
5721
4124
3268
18128
14201
8533
14312
10130
9997
294
17867
753
2054
19277
5003
12315
15071
11292
5975
9332
2378
14055
15839
9878
846
10016
8135
1538
15379
10562
687
2674
6716
2487
10838
19076
10972
13764
1879
8090
9414
19835
14303
16493
6939
17679
8070
18544
1533
13272
15872
13610
14935
13958
17493
3315
19525
1110
1127
5516
5198
6732
1498
19629
10714
18150
68
17029
14020
7979
19544
6725
10855
15684
19513
11584
9859
1569
7850
9050
2680
1118
5941
16189
579
11469
10622
15163
3448
748
2069
8927
1955
14847
1701
12267
6821
3363
9172
5061
6590
6619
17225
19719
875
4383
2193
15784
15359
11937
9424
6231
14645
12239
15725
14763
1977
19450
18817
4969
1424
2555
12543
18584
17508
11449
18538
321
9929
15777
19894
13564
10159
981
4520
11121
15849
6907
8988
2321
15745
3187
10926
17838
11808
5882
286
12968
1649
19638
556
5735
13036
8985
7000
18672
5093
11187
15740
7640
1472
17698
6554
10729
17816
4187
14173
7702
14650
1565
2442
19203
13723
5968
3916
179
19800
11730
12168
12813
19580
7002
13564
6177
9230
4163
12166
17738
5560
16129
5817
12180
8028
3021
12104
7962
3485
6677
12737
16084
10533
1456
12181
8815
17783
7379
4314
6262
4856
16597
5205
18719
2799
10458
4358
2539
975
12233
9907
15576
4187
15676
9916
9029
9654
6507
17607
3885
6504
13927
8650
19665
8930
15910
1411
7878
7290
17557
12856
1030
15772
717
2484
8732
5089
8817
3159
7642
18104
9384
6236
10587
8007
1536
7153
17369
8074
6525
5989
4548
16115
6498
19713
1588
8123
11375
3407
8974
2404
11303
2757
19624
7094
12873
8100
14204
4869
4819
278
17219
14900
10410
18737
17553
12405
11606
11128
14319
18682
17870
13212
17428
13752
16322
8586
8558
12898
2807
8244
8037
19341
5237
18013
12409
16847
838
6908
4096
3933
14241
9815
2539
18403
17136
11112
5693
10671
5393
993
11312
12833
17643
247
14371
11051
15881
6581
5548
18966
7232
2678
2532
10410
577
4427
7829
5195
16299
9770
19570
11196
2939
5104
7339
4206
17543
8682
8634
5581
174
4170
14138
8478
10050
14147
9818
1143
6570
5839
9409
466
10385
9795
17273
6189
14809
6230
19369
9276
13498
8555
4599
12316
12760
9335
4152
5386
1392
5933
6207
18689
845
2171
8598
3438
12889
16975
1510
17125
14999
443
8930
6459
548
2726
10338
6136
6011
12574
8717
9174
12158
7025
6009
212
6362
16598
14376
4061
19331
8713
3594
16698
17309
783
4783
15827
19681
11677
6709
12421
1981
7254
8688
4147
9714
11003
8733
15218
6131
14388
13333
13492
11786
14426
5551
1909
18678
10377
19034
11296
5954
8324
7251
871
1700
10517
16441
14973
694
4466
790
2062
8119
1986
12955
14597
10197
1465
11852
14383
2899
11084
8961
6972
2884
7575
3141
14576
15958
3708
9565
12901
11686
9559
19375
15831
10672
13932
14197
8341
8503
10665
4755
3154
15777
7993
1906
4011
14869
14199
16330
19971
13582
422
4225
640
13574
8540
324
820
17736
4083
8330
2139
8087
18272
11720
4858
15102
17069
14126
7329
3556
15547
8383
3680
16664
11972
1924
16026
16673
4450
4932
10179
927
4367
9149
19146
6129
12489
14784
16644
8001
6787
19766
16297
6381
19400
10880
14296
7720
768
18402
3577
15514
18552
637
7225
8423
4647
13795
14031
9578
3449
12118
753
12495
3859
19950
16177
222
371
13103
9207
6114
11612
3787
16480
7360
8073
12281
5700
10757
16404
19373
5609
19541
15168
427
12845
3148
8072
18248
13950
1559
7481
6524
8110
8574
18320
3953
12549
2840
1089
4161
9177
19721
10991
6868
17025
13602
7449
671
18983
11309
10374
1081
18556
10165
8141
10804
10884
14312
1805
16045
16309
5052
3528
15680
4314
11151
16559
6532
9531
5946
1046
15892
12123
700
7026
4433
6121
14026
17162
18559
16638
10271
12225
1277
11305
15806
16726
14381
4531
19216
12707
16810
12392
6030
18120
5068
17945
9394
4815
17650
650
18566
12295
12478
12010
12711
17712
2961
12712
14548
3039
19110
11037
3492
15394
7674
9296
11929
19982
10490
17968
8625
5576
2438
4123
14942
1719
2050
1141
10703
12137
5610
5001
5512
15348
5940
3647
1322
17226
7262
17957
14526
13805
2702
10104
8392
12983
12915
2797
9888
1579
4717
14694
7890
9403
14544
12235
7056
16537
19088
2023
85
17391
4590
6183
9293
13985
2025
3958
18893
4386
13271
19364
12176
14988
15218
6238
7632
4095
18404
2706
14772
5390
5368
11654
19042
2746
13939
16078
3246
12690
6178
2359
12462
11941
1136
14900
7849
11187
7168
9084
7662
2971
14658
2601
4331
17419
13112
735
8129
18307
10466
195
17687
7213
16415
10973
887
2240
13806
13939
1969
9629
941
14144
12004
1355
669
6904
5669
7216
10055
16358
1710
6557
2971
17982
474
14958
8883
9282
19242
1642
4427
18990
16244
13203
18344
1959
1068
14254
4859
19300
4970
1947
7285
14972
14815
3572
766
3195
16524
2096
14173
11327
751
19030
18379
6638
8054
5242
8290
9636
3856
19153
15228
7664
12630
9167
9852
4903
19634
9538
15104
18478
5460
8747
6375
16091
9337
4624
8763
10520
18997
18898
1498
14679
1506
10975
9830
209
17250
13412
18428
737
16450
8043
11285
12433
8681
14665
7724
9234
3505
2791
4847
7570
5451
12353
9573
9380
10885
17919
15136
17511
13162
3686
5650
16175
18864
1929
5648
9180
8454
697
17878
7544
1897
8357
17535
5322
17549
9607
13611
3396
4283
15197
10491
5746
4309
13167
11961
13311
19962
12377
13684
2859
8217
14337
7091
18987
10946
5671
1151
2115
16965
14594
13000
17035
15210
13816
14523
5133
5461
18856
18745
12400
7049
14308
3067
12358
6962
6699
4881
11460
1603
12829
7497
15275
2797
11659
11124
3263
6481
14136
11540
1221
10024
18044
11446
480
14447
79
11721
10356
8044
18018
3711
12250
18818
2464
