5926
9534
17487
1613
9313
15968
14461
13012
12027
9010
15106
6076
6572
16478
13147
4584
18932
18608
10006
1063
7166
13788
9617
12512
6121
16256
10104
12683
9254
9868
319
11514
7946
16664
13418
6350
3087
4753
6269
8854
388
12621
9457
5791
216
2889
9765
12576
1893
2020
1830
14041
12366
12314
12821
6987
9291
15029
2417
18603
6747
1971
7602
4275
16718
7222
16477
18213
4281
3633
9624
14400
18881
9522
7607
2200
8219
17240
12335
15965
1667
18524
10041
8147
7141
4662
8168
13697
11306
13085
9499
899
8355
18972
1419
5439
16837
5927
15631
9320
12531
18327
13269
11107
9331
19707
9835
13111
2372
10436
2113
15912
9508
19038
11028
18795
1958
2100
3483
18047
5437
7362
13567
16646
15618
14327
1971
3733
12326
6887
18998
15303
9602
4209
11408
8721
3198
13529
4713
2809
18957
3740
14748
16592
6170
19714
3066
7006
2634
939
13070
851
11811
16721
9704
8076
5177
8814
1500
1335
1409
10755
12132
3135
1559
18298
10722
8221
9935
19011
5821
19824
19514
8543
13838
2526
17078
17752
10912
5552
17555
2270
3056
4
12475
4517
10318
634
13639
9165
5170
18718
13155
18821
1683
17845
5356
3169
18558
13779
2604
395
3764
19283
11783
13593
6654
7805
12759
16270
9877
10797
6671
11757
9722
7832
18227
4306
18342
8429
6527
11197
3497
4981
13618
7324
13557
14079
7889
16343
15810
6735
7773
7579
10230
9166
4088
8455
18211
15137
19594
1176
13207
5549
10065
8657
14071
17752
7051
7962
9050
14515
14565
13861
406
15069
3341
14430
17935
6785
13516
9392
18984
15460
4627
5425
16396
17418
6944
4328
16833
9077
11133
964
19785
4837
9972
4184
12943
6686
7653
2379
3490
13587
18185
10102
5033
1813
16204
17793
9944
16907
3260
16711
3649
18289
19174
3810
3439
5135
5325
2394
3109
18125
4092
12450
19366
19257
7465
2776
12921
3118
7577
15198
12201
14106
11466
8531
17112
137
3106
8715
19190
11443
15513
4147
11365
4399
638
14516
12836
13808
10526
1309
7447
12603
13699
17920
6972
11303
5877
14525
8745
14804
14197
1893
8540
4291
18848
18217
15392
15162
19611
10275
2407
7126
18664
4471
2952
5262
13203
11067
4845
6165
10006
4574
6470
13498
2008
1774
7779
19734
28
4711
14800
1552
7456
14576
930
7054
16647
16224
18329
14759
7344
3073
12007
19700
7728
7397
4716
3202
9654
10535
6781
7938
18560
1887
19675
3771
16446
3963
5599
16815
6036
19962
8622
16426
3284
12292
730
18012
7611
15967
18439
2832
17518
11255
13521
6995
11621
16489
15567
9999
16721
12196
16601
18405
13195
7494
17933
506
9371
16098
4431
18396
3796
3997
5962
12729
11410
14291
14901
4878
6476
2948
3840
19200
4510
3856
1498
3536
3317
1550
4426
10263
14711
9390
19408
678
10168
3206
3146
14884
7916
17177
17273
11997
5560
5487
14384
12380
12177
2177
10757
9593
16250
1210
765
12705
5713
5916
17005
19150
13065
19801
7838
15279
4647
8585
4982
14222
13738
671
14116
9661
5840
16531
14
9351
13271
6847
1350
15441
7161
3941
8590
8125
15516
4066
2594
1504
820
1001
18344
12465
13470
13838
770
13680
1183
16903
10409
3616
3713
2182
6245
2833
4221
12666
7994
15776
13039
9627
5327
11846
17181
19928
7453
16107
2547
4764
18477
7731
2409
9508
10255
19419
3473
456
8826
6161
9797
1550
3229
16324
8162
2907
1909
10649
18799
2832
4049
9678
2112
17173
5549
16156
2982
3067
14401
16605
4946
14886
4012
16938
1995
226
2540
15876
19226
12017
19646
5116
19981
530
10010
6777
8407
13025
4521
10188
9912
13213
9982
5965
1860
18698
10324
6806
13117
4540
1830
14572
13713
14896
12413
18419
13848
7173
5538
10515
5850
8667
13607
2860
4364
489
15714
4749
6773
14134
3545
3808
16026
10790
15014
8737
11936
11077
11524
9218
10225
11015
12636
8442
12320
8923
15367
18922
19042
14925
3755
2754
19537
17866
6359
2801
16519
12838
17124
16347
4954
10835
19978
6458
17015
16968
1600
2618
334
8573
11540
14975
1823
5800
481
1273
6279
8228
9381
16051
15252
3643
10013
1261
14836
14373
11679
301
11523
6563
7090
4809
1525
1636
2667
19133
16195
6338
10894
8946
679
19099
19598
7124
8811
14819
5810
19789
11663
5539
1629
17784
29
8354
5363
12969
12433
18219
12579
7886
6154
3929
16595
6395
16762
9711
1839
4155
9550
3031
17914
2869
4531
8103
11426
9718
5420
16029
9305
7880
2428
6407
11705
19531
250
639
19420
16651
10843
6526
17911
19954
9150
10076
7611
2005
3596
13547
7165
15612
1387
9763
16401
11156
13643
18526
12333
17701
6173
9265
10139
14792
7085
2117
11947
2539
16128
2516
17105
6345
12031
7958
11993
9318
9109
6370
18225
6853
4221
1262
2122
11025
4818
17598
19873
17721
16566
2199
19029
1488
8590
5702
18754
9435
17511
11946
4258
15309
11382
11235
15950
15860
18718
17336
16138
13218
1376
3081
5182
12838
5261
3109
315
2509
8850
12817
1106
4941
1806
14067
19286
5863
15167
13945
2787
6505
6715
2776
12808
9243
16512
9019
1977
14860
12947
13196
10519
994
6962
12188
3829
11640
14771
12311
11292
11179
12441
13136
19190
15
17618
13316
1063
8427
6043
17941
12382
15292
14681
6090
13847
5812
2769
7354
4483
16706
12213
9192
14608
3525
17094
19826
6093
3462
19045
19564
11650
1226
13601
5116
7392
6179
5199
19104
3384
14796
8580
10059
14566
2867
13169
18031
4917
6223
805
7675
16289
19181
6986
11085
11300
16210
12703
12794
6100
19753
18511
3504
16650
11236
2417
6823
10209
7086
533
10
15348
7678
3707
6019
407
8338
12209
4030
12000
8140
4879
160
16036
19072
9470
8335
9705
6460
15051
12067
17531
8391
8341
6082
7445
1192
15081
13646
4705
3513
11676
6546
15384
8639
18485
19502
16201
14379
12221
517
946
13243
18983
15727
5849
19728
15558
14415
10562
18514
19262
4759
4742
11821
16870
10240
912
1939
18432
14785
18846
15977
1543
6842
6696
2547
3942
7348
9336
11698
17942
5641
15695
3618
4744
1368
16099
5583
19451
8783
2056
14615
10416
5987
18151
506
17768
13407
7865
16054
12657
3713
16591
15013
16029
5399
6759
8266
15929
6355
15625
10162
1507
13722
590
3793
6585
16907
2730
19559
14609
2321
15383
11804
8295
17158
16643
17640
17145
18772
13261
11893
4453
8441
2356
6988
4074
504
3005
7111
17254
11578
11920
12947
517
16560
247
18259
6534
12969
12852
18346
4872
8214
5745
19582
18415
4848
154
6220
13518
5163
11848
19081
14284
7533
15174
16899
13994
3497
10777
9190
13530
7211
9801
7059
11259
11328
10130
18642
6459
10320
941
13549
10042
14696
14747
1739
4734
15064
220
2517
5774
9754
15025
10589
2594
8006
17452
7549
19589
19523
13269
13185
2578
11754
235
12712
14234
1450
9234
2935
17737
3478
964
9463
2423
13972
18164
398
1839
14689
11775
16956
7394
11866
12582
16385
7227
2599
3720
827
11332
8435
10764
7771
6590
12508
11533
1124
19004
16356
13887
3110
12629
14379
7607
3963
3741
4740
19986
18348
14318
3574
10159
17297
3451
113
14822
5155
11117
19180
4528
8705
14887
11611
7581
3408
5071
16126
14668
5913
13459
3172
9352
17619
2058
19828
4
2945
5437
17255
19285
585
12059
19510
6023
7674
1662
1243
7593
3505
17497
17087
11080
7217
4667
7457
10720
15108
4033
11326
11325
19725
6704
8643
9080
15095
4109
3544
11865
8680
18187
5240
11758
13887
12848
5146
13549
7508
6093
13346
7503
12014
9077
3997
2523
3725
13978
12117
16375
13482
17416
17000
13467
2172
5944
17352
17687
1713
5689
18154
11783
18211
2247
6503
10755
9823
4900
10678
15549
3902
15795
14298
18027
18362
16196
7105
4698
7072
3376
13442
2492
1290
6651
1196
10585
11908
18343
5476
8566
8667
19731
17447
6462
13998
10709
13063
5669
17902
10697
13628
10543
7322
2716
9704
5748
13217
10023
18250
7493
13563
13244
15449
4189
7633
7288
8841
19899
10359
7887
289
14390
17691
19554
15619
16947
396
1849
14410
400
17656
8008
2637
2793
15749
5004
3658
17361
17568
17221
15181
18526
11734
11341
18749
14390
11273
17012
18200
5260
2538
2350
17166
4472
16133
15401
16156
2991
9718
9862
6675
1256
8204
16814
14894
4076
3048
18218
10999
6197
17267
14604
5753
7643
6902
9400
6026
5584
6203
3010
2785
10726
8240
5722
17064
11056
16307
11828
15606
3629
1569
3163
726
11788
2545
12884
1795
15948
9968
9881
8377
5986
2575
8291
19822
16038
2672
2657
7021
8966
8483
4630
1403
5944
10133
1413
19103
19248
1953
1326
8739
8147
5691
2423
15726
16657
19271
9724
17117
2931
1856
14502
586
15861
6733
13312
1691
6379
16928
5895
2115
18264
12825
16297
2077
5835
6453
14784
17387
13732
10675
12463
10648
1808
16104
4386
4987
7864
4267
5813
6368
19708
15756
18358
19654
12184
1172
2527
1792
3012
10773
12202
5655
8167
14810
10382
18755
13641
16772
17882
2973
19080
4017
6521
8216
8720
18389
19956
3115
11553
13548
838
13853
6262
19660
14748
13101
1588
8564
19366
10642
19798
12539
16961
10532
12911
2845
17805
7494
12173
2162
17205
333
17416
13937
11919
5834
2773
7171
9455
8012
15068
1258
13596
10441
10037
11901
15415
2845
13062
6323
17015
16031
19696
17040
8603
19040
6159
10778
4035
11299
4057
17246
16183
12088
12575
15497
6416
14631
9419
10657
16379
4022
18326
18263
17602
15586
6240
18073
15474
7386
13450
19669
3672
4250
6099
4076
8195
5661
1601
2076
13534
13256
5938
8228
17381
11076
1186
6741
13105
397
4846
2565
7868
14639
2716
11697
534
4128
9547
16708
5640
652
7482
15020
10615
2514
11353
4200
12580
553
14925
2692
12679
19637
18423
9668
16485
13877
18328
5039
13937
18023
17770
10382
13769
9629
6302
15196
793
3816
2423
12131
11154
814
17339
1853
2174
9830
18085
11776
8826
15260
17490
11904
9589
2144
1693
3561
945
5389
10950
13698
163
377
1372
526
19792
10715
18423
3244
15948
270
8601
9557
19486
11074
13280
10502
6317
8543
12258
19261
7252
18387
11947
19937
14833
8555
8440
7315
16109
8571
5342
4195
10453
15707
10350
11014
19747
7507
12387
4186
4628
2971
139
6725
15633
3741
16218
19713
11975
7548
3618
8180
3439
10953
10494
14450
18983
6812
2412
11412
16904
12057
7190
5078
10172
10231
8524
11003
18042
16466
15019
6857
517
13930
15088
2496
4215
15954
15373
1551
18053
17820
13008
7118
19507
167
12675
2936
6314
7109
8431
1586
9697
1127
5459
987
6921
8789
12287
491
464
13454
16857
5780
10798
436
3525
5352
8003
16075
4907
3286
16279
6479
14944
19486
11116
13399
1584
12185
14560
17991
11359
1605
2509
17396
7512
17721
8518
19586
17462
15815
19441
4925
1819
6911
19784
19478
3953
9374
2453
10793
4460
12210
19292
1407
8165
5093
16355
5313
7569
2468
7257
3703
11219
2416
16764
12758
8490
18919
17570
8810
7969
2593
11795
11857
790
948
5567
18734
9506
2680
16420
1376
15643
2396
9982
16373
18955
5979
4967
17075
11319
2051
19549
19895
9548
3682
19230
2523
2121
19784
4778
14393
18074
6766
17953
10884
5288
12342
10996
8533
17618
9205
15590
5392
8187
12324
17350
8826
2933
16745
13582
14439
19979
6901
9982
1135
11866
13080
7835
5341
18042
7656
15307
12067
18540
16685
14246
9891
18589
12590
19090
8931
14778
1245
12968
17154
2698
16423
2454
19481
8423
802
14281
17376
5794
10331
8199
10114
13379
13089
3249
18454
4774
11765
10259
7602
5621
19215
2560
18294
3141
14789
10057
3530
19844
17435
12717
12200
18357
9828
14671
17491
13655
10447
9931
6836
4710
6031
18769
9152
11594
10522
12911
9647
2185
14172
12642
19304
5777
5161
11758
3312
5773
5713
1649
3357
7059
8872
11391
10953
9954
7196
12961
1449
13519
10623
18101
19689
12633
16883
16725
374
1651
1133
10475
19168
5824
17109
7890
17461
2568
4637
12873
17500
13423
4618
14825
10673
2287
3071
10841
4226
12266
1505
11133
4861
8640
3668
6924
5006
11949
15096
19931
17368
18589
12683
17498
17070
18860
7726
11348
17842
18647
6153
236
1513
10968
12475
19083
14717
2978
11169
1864
12075
19206
2830
9435
2182
3906
19424
2491
4443
10707
7471
15942
17675
3325
6129
18860
7468
17602
13729
8884
18674
15747
18062
3119
4154
1611
6045
6891
5053
19033
12886
3747
5934
886
5482
3078
18655
17377
17131
3306
11570
7669
16212
14283
1847
8155
11027
4731
19231
2275
2114
4755
8915
499
11432
11246
6891
6102
1438
6806
3486
3950
8637
9133
10377
11016
12895
1585
3353
7458
7811
72
7546
6644
729
6038
6717
4929
19083
7759
8867
2749
18577
971
8459
11027
18162
18601
7187
15458
3399
8303
13835
18572
2352
10754
2354
15719
9712
7421
6706
8107
4694
5007
8194
13580
8240
18415
6214
10288
12955
8870
7362
17842
16077
857
2180
2560
19347
207
12700
8163
2672
7393
15366
7239
6974
13178
13027
6606
405
5862
13816
12081
12807
825
18716
3264
10037
19612
9553
359
10137
4277
4389
11868
3947
1221
8674
18708
18107
13311
4112
4537
5081
9246
14028
10383
2277
4942
6523
9675
16597
17202
11282
5003
2371
1757
4319
6526
15552
10687
3529
5262
18421
7934
9833
12527
19596
11032
13156
10466
15654
16251
9542
12707
3635
12811
17145
3477
8064
3427
8353
14268
5975
13008
2724
4014
18128
16126
14689
11848
660
7439
10125
8614
14649
5154
14100
7287
9978
19031
5189
6037
1312
17506
11448
17753
18756
5769
5141
16758
9958
6570
2402
3089
19401
9795
7511
8137
18793
16585
2219
17744
2807
8926
5282
819
11213
6925
4739
6201
17166
19332
7701
14532
1458
15196
12464
16562
7696
13910
9179
351
14451
16255
18082
17267
18453
18592
19820
1584
13353
6068
6711
6546
19711
3062
7110
13345
8987
16749
5094
2111
10627
14564
7353
19850
16830
11112
484
7320
18286
17053
9661
17175
12485
6559
17487
8802
2583
5330
14060
17514
14137
4532
9527
17882
6259
16061
4814
4413
4246
16704
1391
5639
12788
9587
8245
9103
3221
17606
17023
12161
6958
14989
535
17701
16494
19659
12343
7285
18354
13751
7202
10679
18726
11056
1189
18051
9176
2991
11743
8793
7299
12022
7177
16202
13243
11001
15440
7405
6327
14923
6001
17938
8340
19174
19701
7567
3870
8319
9372
4778
8055
2096
4055
4384
15105
9529
19963
15926
16510
19476
2540
4712
12720
17681
2196
4853
377
17901
17646
14426
13753
8297
3058
13109
15543
13227
7185
6121
16210
9093
7218
13726
16491
7295
5303
6427
11044
13934
14547
3164
16587
10803
12220
7312
10152
9305
19289
13459
4894
11248
7245
15935
19220
13518
2757
17293
1684
10963
19577
6917
3965
7308
19528
13755
12721
12892
2607
13627
5517
11204
2879
4836
1906
3514
13818
7920
1304
11708
8904
4517
16239
16815
15490
9879
10983
18069
5890
2609
16149
11553
11273
7668
18834
19690
9931
9130
1910
15017
5241
15034
7230
5152
901
15189
5972
15719
14948
3519
961
4738
4525
8624
12318
8290
16543
4482
13900
3327
3742
18329
12320
6276
15250
13355
7975
7355
15463
4750
19007
7191
12504
18484
18404
14407
9494
18330
17030
6307
15894
13215
7361
19955
9810
18078
19009
3133
11556
16617
9413
344
14097
703
2241
3843
6374
11840
7609
18571
15733
10970
16183
7878
15249
8509
12874
6469
13431
1429
12
13547
19041
6424
15812
15064
16755
17067
4120
9879
16970
17931
15174
6501
9295
13117
2071
19871
9313
12432
4847
8466
17964
12834
19938
1845
11810
5348
2440
1005
15585
13835
3461
6234
15749
6587
875
682
6454
114
14815
7649
7333
11309
16526
1215
6901
2663
7742
9563
1268
11410
6100
12902
13340
10137
7033
10678
11759
14756
6068
19290
19257
5906
18093
5734
18090
13300
14816
5436
18835
6923
15475
17150
3111
18191
2130
13526
2627
19075
9573
1070
12162
9183
18233
14580
10685
16927
16497
12148
10764
2201
9008
17572
6043
10557
683
3489
13409
19133
863
19389
15556
13793
9200
18059
17139
7137
12602
14244
16262
1430
3745
5783
8189
2924
6328
17699
15258
16584
4911
881
18652
13464
4447
14038
19732
19513
9777
13149
6103
14430
15241
556
16287
5198
19569
16801
11170
780
758
12525
4728
16495
16666
14906
17026
16780
1763
1853
3679
3321
18543
14925
18490
12815
12287
6455
7804
9865
8752
10740
19001
19293
19484
4171
66
9483
10116
10757
14344
17707
8109
15220
18013
3019
11333
1803
16095
17548
13552
5186
11873
18764
5273
13895
13372
9965
17186
7470
7349
13143
13101
14220
12871
8869
449
5832
8195
7801
14052
16316
319
13381
18209
2566
606
19315
16947
9609
7196
16093
16660
2507
11699
7019
17649
19905
3562
10111
7436
5254
9980
4692
10041
458
9212
19724
760
13947
4089
8204
15590
5190
11249
1100
9921
13272
12446
6078
4007
8504
5869
2119
15348
17126
16629
9221
1772
11614
15017
13283
10521
7426
15728
9755
3644
17391
17300
16027
12134
6518
6337
8810
15560
1988
18166
18612
11762
3598
12682
9518
13245
2042
10806
19762
14203
14990
12072
15312
12991
2602
8672
11816
10387
5123
12297
3320
8136
2237
596
4538
2960
1244
18509
14885
3956
2902
7652
4802
8894
3939
6293
18382
12102
12356
6018
15616
17232
4413
16456
9547
16135
8894
7163
10366
17023
1716
750
3124
483
3668
5033
14198
18530
4768
9345
16791
18562
14843
7491
1426
18832
16133
19425
1647
18917
13212
9860
4956
8519
19173
5966
1541
613
547
4974
12814
2703
9289
7302
7895
4293
15830
12114
7029
4575
11777
18688
17931
12846
8551
8551
17557
6535
1123
5345
14427
19140
16206
3858
12980
13167
18722
10550
11655
9693
2399
17563
16713
6265
7995
3921
19297
2800
11543
18431
10228
2272
19768
6519
1456
12521
4743
4333
3799
8529
2468
17770
307
5011
18361
17493
18627
1494
12518
8452
8275
6531
15963
17625
5651
11829
14464
4004
8050
14178
12827
6677
12243
4886
17475
14193
17853
1475
4207
9761
8582
4373
3789
17660
17604
9222
9697
5500
10623
740
11042
10188
3594
5116
19372
18417
18726
2048
14370
19176
800
19074
15605
14727
8404
13475
17711
17026
4353
16490
12331
8642
8475
5575
17703
5365
8309
7542
15323
10386
16706
19894
9443
13166
3684
2879
4330
12538
10430
5842
10661
11723
18782
8773
10895
2944
9590
14437
5046
15500
19831
18328
14815
5914
14221
2148
9568
12277
8858
6107
3084
15089
10116
5453
5994
13423
15894
4132
12665
5575
11784
612
6295
8587
3286
2889
9027
3878
1558
7694
8473
12424
14623
9259
16602
2706
9560
7651
11430
3694
18129
16836
19965
17766
360
10035
14074
17909
16820
17430
13999
17299
2075
157
13056
13636
7920
9246
19577
6228
5027
15697
5615
3069
10814
863
6289
16904
12168
5819
14659
951
1264
5761
2717
759
3297
14397
6177
16143
11204
12672
10540
2175
402
18570
13135
18233
11755
9527
13111
3559
6554
10645
12074
9032
7120
969
16734
3225
15399
7888
10494
14507
10354
15869
10386
5373
11204
307
19861
822
3958
12304
9451
14221
13226
6150
6825
15819
427
12639
9616
11546
7679
4134
6925
8202
19045
4443
2080
10409
15134
17451
6451
15157
7036
4010
17911
60
12116
319
67
9295
16013
14550
2199
631
2691
8967
424
3404
9182
13976
16290
16198
19666
8472
17513
14525
7087
19671
9892
10061
19036
8168
6540
535
13150
1559
6870
19304
10827
10798
3868
15737
17566
8313
13850
2932
18537
5950
12882
2055
12548
15940
11591
3231
11884
12186
2663
8451
809
16422
5765
3728
9300
17860
11660
14879
12137
17296
2564
18035
11057
7727
649
12666
5950
7534
18717
19755
2568
4244
8397
2962
5972
10316
12116
6985
9407
4503
6255
13037
9915
724
2149
3861
4246
15770
798
8619
11574
9877
15209
5658
19169
4833
16614
16809
8683
8768
10231
5534
11124
12099
8477
15968
3033
12657
15318
1602
13047
19838
6516
6891
1789
11273
118
2362
6715
12900
840
2617
8
3527
2239
4056
18684
194
2010
5527
16407
15741
12723
577
2468
10175
11262
6512
298
10159
19819
1174
3559
3057
13973
3899
12620
1247
15990
12707
17249
17741
13480
14534
429
16471
578
15390
4014
1669
14348
18282
15273
3759
10755
2915
8388
539
16325
14226
3570
11469
19079
7688
5951
18213
9612
5900
14357
19754
13339
8364
8796
14456
19914
15080
3107
1192
9257
9761
3950
12419
4238
16809
16147
17232
11243
5231
10765
6422
5904
9605
18623
5415
4175
12879
14531
1765
18049
9470
19496
13194
6105
7168
8900
13679
9261
14126
15131
14252
14760
14151
15057
3215
18936
18526
4565
5504
9669
2216
17237
19996
4103
6716
17064
16268
6066
12066
1892
936
16894
5658
17886
5778
5235
13734
6484
17459
2255
9151
1575
2045
12005
16894
7443
16380
10469
15636
540
14577
600
9240
15595
8129
17555
9350
5632
6401
3004
7125
392
2439
3689
5373
3264
12459
9675
12913
6956
6455
4430
13531
7477
12652
8267
12937
4531
15010
1227
10395
16734
15100
11012
13252
10047
1183
14825
5366
14080
5660
3019
6869
11495
9296
13607
9627
18302
3527
7966
476
6865
432
7628
4898
2107
18093
14726
10831
13399
10349
9979
14246
8206
16215
4989
11114
15041
774
16262
1202
4663
11251
16351
10504
4415
3017
3891
9342
9926
10420
7916
11569
1308
14484
2457
994
16673
18529
3472
1175
7805
8344
19157
4951
3484
2644
6160
7281
434
6886
9892
2984
9211
7204
2651
17674
6917
17402
11631
5825
1117
15932
18226
12551
18908
17441
7888
12883
846
4486
14214
9712
8991
6747
16964
5831
770
12908
6564
9979
12533
611
162
6139
7334
18502
3567
18063
14705
682
4397
3832
5689
15923
7166
4174
11093
13432
15819
8160
6988
14596
4733
10110
2208
16844
1478
12977
7090
5510
15814
6911
4032
11811
3740
461
1778
4983
9735
12018
6353
548
4448
16392
15369
6543
9767
6470
1075
7532
10292
5492
8575
12352
14445
18062
9390
15820
15151
5711
13443
16877
5606
9346
6125
17895
17954
6190
18276
12262
2871
18520
19655
19469
2377
290
18272
6836
769
3208
3008
15626
5030
3609
1958
16389
6961
3546
19805
17712
4627
11930
5508
11731
4234
14039
10936
10980
178
14814
19166
12282
2559
12488
3852
16481
4079
4754
3779
4494
3729
2387
4319
11811
7230
19404
13406
1637
7129
3521
9015
9896
9796
7435
19783
3809
1816
4431
16957
1372
5006
10577
17742
10695
1415
16124
6170
4100
13836
12915
2597
8948
9009
13725
5844
6700
15121
9842
2242
12527
3486
3360
19457
7981
12814
13688
2948
17755
5646
11206
18294
19353
9444
12419
13207
8057
6134
6586
14894
6237
2476
683
7350
14929
19185
9653
13055
11199
6829
3168
13940
2182
6886
4385
13826
5478
8299
2401
4886
10135
6696
1313
10984
16646
7340
11496
2793
16139
1077
17754
8052
13256
8648
18061
5935
18802
6553
11820
11944
3179
1684
11343
10124
1075
16227
19287
11615
15987
7017
17757
6240
17034
19363
12460
13777
12844
3397
328
6398
15598
3801
10102
12553
2702
1780
10472
16666
18806
12708
7812
6731
6700
11296
9623
12303
19762
14696
1863
3006
11985
11000
7034
12028
17348
19407
5622
2160
1814
18465
499
9151
1458
17288
13976
13945
17277
17559
12530
10601
6368
3010
2225
535
9439
19795
9496
9781
2472
18244
17258
12216
15168
1771
15616
5373
17105
4216
19961
12448
9025
2733
19378
16143
1017
4562
17945
4722
3897
14888
12174
16196
13483
15511
10620
8417
871
12411
748
2998
4495
15928
228
14731
13040
13328
18896
11126
18203
10230
19114
11772
4345
16818
17028
17431
16636
17982
6280
16009
18772
18161
3292
14937
5774
1603
15883
19771
11522
14776
7976
3666
8934
17195
15970
19977
1557
2599
16310
19904
1589
261
5413
1803
4149
6077
11394
10573
1462
9297
9510
19535
18168
7682
10944
18355
17223
6770
11193
15159
13020
3072
12645
2613
1660
9500
5225
16779
16786
15244
17227
19132
9321
7985
14816
3973
16420
12574
12696
14962
7673
2581
7788
5085
17383
16105
16404
3665
7606
15575
16822
1071
18066
1182
2867
9746
19738
19625
7973
8888
10818
10297
18980
6931
13130
6797
6104
1263
7885
9380
15821
13620
12101
9334
483
3109
6692
9492
13019
3225
3539
19918
2028
19733
17856
14839
9300
19428
12024
12529
10886
10337
2336
3339
8312
7232
641
15982
16975
18427
12826
9487
13007
11356
17958
12598
907
2802
417
17387
4313
5714
13874
8020
16076
8077
5803
9317
17461
1190
13316
3916
16229
13211
16372
1965
19036
804
5114
15875
8752
9966
12742
6723
16919
18731
13013
12668
18069
3872
17471
6418
11551
10366
16829
11151
10272
4630
10900
204
15166
9899
9688
5194
2863
6203
3503
1432
17309
19281
3706
11064
6282
14804
10033
16986
11651
12636
7719
4892
11764
4040
11833
2199
17013
9546
19348
3218
7027
19191
14741
13561
3053
8423
1647
6133
8915
266
5173
8973
11262
8733
4651
11948
13725
7757
5236
4386
1239
8794
7889
7137
11581
17203
125
14167
15731
19252
16256
6364
7312
12536
17573
16559
8668
9169
19033
19364
10101
17524
11876
17885
4592
8999
12081
7983
14797
14414
5313
2030
18175
4812
3150
410
1410
11829
3513
19522
1333
13141
12033
15010
15094
15284
12625
12487
1845
5798
1390
18505
550
9024
16401
17844
4657
14013
11003
12474
6936
10294
800
4842
13370
15576
9497
13271
17931
1233
81
9403
1542
2406
6166
7818
14559
4397
12368
5582
7755
9174
7508
2770
10843
18178
9552
6502
7553
12011
620
18508
3134
13629
7808
18945
9530
8694
724
1520
8444
12221
11124
19355
18456
13120
1161
4356
2504
11648
13137
10660
2600
5684
18336
5859
8158
17486
19026
1902
7430
5708
13266
9652
2398
9108
18969
4592
4376
4210
3348
6302
8764
1927
19196
8306
17019
15194
9405
13414
235
13810
18549
19884
3043
1470
13161
14465
13595
13261
18768
3180
3482
19045
1928
15497
12720
16965
12592
13026
11705
18472
16821
5982
2835
11746
12898
13748
10762
12527
1767
15161
5305
8108
10102
14693
17855
7442
8711
13381
12415
18843
18071
291
8019
10695
3133
4428
3035
12889
2135
14800
10942
17059
401
3498
533
10006
5017
7695
10333
14444
1804
927
3695
14105
17112
13421
10804
13658
7534
12485
11929
15973
10398
11168
5988
16594
1236
9816
16620
19643
9591
12067
19698
7221
10925
1056
3487
18603
19573
905
146
16150
13954
8405
16452
5986
7323
662
5353
5744
17548
15512
7973
19445
17163
17837
10149
11303
19398
17477
6367
5338
372
15297
16938
12574
6485
8356
1755
7060
2370
10355
14532
19270
10707
4422
18821
1678
5217
7238
3903
10689
3408
1188
8430
9828
9487
11587
6260
8760
1652
8494
16503
6455
14604
5476
6140
6566
15692
4250
9699
8760
3580
2476
1510
12972
13305
10047
1595
7876
14208
15549
14428
19317
18638
5013
14267
11290
6235
3597
10124
5089
6991
14906
13257
12923
9816
11783
18406
732
12256
17512
17765
7407
844
10654
17014
9943
3048
14200
5947
11410
3122
9610
9754
19848
19833
8885
15043
9833
7576
18764
12839
3041
19082
4999
8187
19432
17520
9929
1951
5838
11982
5536
15591
12282
3503
5510
11049
17230
12851
6184
9051
5023
1706
12766
8249
16137
3221
12139
14142
13815
807
244
6922
17178
15120
12083
18313
14574
3187
16447
16821
15165
6057
16174
6122
16871
10763
12241
6446
4204
7690
7662
2529
17099
9911
2214
5190
12262
12957
9459
15077
11306
8051
3398
14695
5992
2633
1141
16891
1382
17236
16720
1178
14273
8305
16519
2744
14256
13170
17255
2943
14140
1000
11021
12835
16208
2882
9897
14172
7423
17129
18241
10817
3073
9056
6278
8263
14730
4608
8158
9018
3824
1370
15650
2097
5844
11236
12561
7625
17009
7956
14149
18224
12421
11483
13081
5077
2336
10057
2836
14398
5143
8883
14644
9187
13643
12883
9560
2380
17362
18131
768
61
11053
12178
1818
15732
6279
19176
20
5396
1671
15850
2833
19163
19377
14078
339
18901
1595
14709
1496
16526
3143
12963
8902
2530
9921
5261
4879
8812
3358
15711
11717
9617
10397
8025
3250
17580
4424
11478
12196
9134
12343
19630
16543
8420
2227
2958
1607
19011
6064
19223
2890
15855
3417
16089
7861
9240
63
18680
6499
7628
7737
15572
14021
11598
2932
1527
12534
9882
19421
19222
6809
18647
11910
10256
8413
9178
2771
10431
18601
4539
18685
2349
11752
11431
5956
14915
10465
2726
9411
1436
18749
7059
12858
14017
2810
12433
13589
14703
11570
15527
12219
8710
9353
11487
3648
4946
3428
19235
10689
7419
48
3861
6406
19477
11287
17574
9016
6582
12641
9627
6953
3018
19813
9152
19418
8652
7620
19732
9434
18810
15839
6731
2841
2322
16358
8302
9698
1605
2330
8330
14912
11637
6596
16938
14193
11062
6542
16524
10205
13316
7086
6171
3024
10154
12880
16363
13659
13164
9269
8401
10070
5091
14108
5962
18370
5640
2040
3376
17744
12271
2857
1429
3368
14227
10458
6555
5077
2193
9885
13265
13507
5331
3649
4494
2122
12593
15943
4384
10974
9342
7237
12674
5341
19427
13545
1854
5366
1424
4282
12817
14342
7346
16685
8716
4101
17694
11717
14460
436
9992
5915
17646
13
19495
12826
5449
863
12599
2959
1926
19834
8768
16058
5685
4844
2671
6166
14517
300
12803
14289
15011
17021
8404
17771
9901
6894
15753
18845
1840
4148
8613
11387
526
5689
13494
6619
10558
17785
19627
5536
18322
18915
553
2510
4763
6269
2663
10195
5487
10343
9811
13146
16863
10850
849
10317
10424
2610
2526
6947
14810
6162
139
10663
19419
88
476
3865
2295
1952
19162
7513
3477
12723
8044
9453
8382
16175
8396
2639
7321
18363
17141
5574
3846
8971
1995
13180
357
2502
1737
10711
5753
14020
3895
7096
10481
7542
11264
5326
19239
17717
6573
17086
4257
2229
11331
856
1978
18511
16645
8163
19389
2753
17125
17251
2242
5359
4012
4198
3111
3222
17721
13287
3051
9337
11208
6712
6233
19169
4863
15892
425
18644
12977
14054
4419
19262
5567
19838
11468
9173
649
1513
15481
7357
10559
15306
4012
19618
13725
17538
14983
14810
17926
12735
14552
709
13385
2905
99
11497
13962
17592
5779
8342
7511
3901
17975
15673
10729
19025
3707
5030
1711
9295
1255
1366
19837
7371
9921
11259
13127
18210
18912
17881
17243
9329
12421
2810
4373
19329
8061
4649
6789
1472
5260
15388
18594
9947
9289
3539
2327
17850
18212
7527
5755
1062
11471
5618
1313
6410
2375
10762
11489
15888
8563
4943
9663
3122
17153
9440
14904
6594
17711
1105
9504
6290
5142
2391
11411
14828
4627
4913
17634
9935
4418
249
14110
7350
2558
4478
4325
19726
10096
8904
12015
5264
12581
4311
9144
7555
14424
13531
6259
18105
12160
4268
16495
7086
6667
15011
7007
15589
10351
18293
15112
16166
6065
18996
14381
9276
7523
12021
16645
8303
17415
17753
6228
2639
19340
6465
6454
7200
2169
6449
1563
1267
6920
6685
18951
1529
17517
6467
9071
13473
5090
18344
8658
5756
9553
14326
4581
1869
9234
17743
2129
271
1379
15971
5397
11636
6030
300
3433
17100
16687
9279
18099
17870
10172
16688
13485
18062
1988
15965
7359
13931
4446
6195
8836
11665
5010
1708
12737
7894
6529
9247
14699
15114
745
5283
15522
12190
9429
17011
15390
16641
19412
9935
17688
7540
2606
13323
5906
16604
16942
15968
4228
19484
2090
4436
6564
13590
7687
11776
12882
16834
7031
17684
12904
1849
2746
15978
16219
13152
5065
3359
2571
9547
10446
9527
12207
3429
7854
325
13372
15260
19444
121
12743
14278
10882
8729
38
13805
13003
16515
4975
10515
12541
8644
9547
1627
9200
10384
6833
8975
2375
14192
6332
19884
4933
19754
7403
7598
14895
17895
8484
15650
8368
1645
5788
3892
3621
5574
7906
8026
7221
19889
18247
17157
12951
16131
3023
9618
10811
5987
7967
11673
3915
15499
275
19975
767
19392
10492
4539
574
9563
13290
9302
6925
5630
18360
4016
1238
17296
16658
1794
7720
2943
5512
15348
18343
13732
11462
13670
5677
10170
10206
3307
9656
8944
10534
5441
14739
16749
5493
17765
7072
3259
8159
14774
8298
14347
19974
3764
2413
9376
10823
15798
11912
19414
13075
19082
13502
2163
17763
5764
8275
540
18203
341
4645
2515
1678
8376
11093
13861
1728
14613
8699
18274
6252
8326
18992
3207
12892
8232
9221
11128
13492
6040
18795
18226
1877
4258
5024
10369
14283
6693
10989
8304
7479
1257
9035
10691
19472
7824
6072
7474
12028
7054
10221
1791
1232
13751
18010
19290
12158
13102
14177
16041
15460
1774
4028
13942
18118
4236
4287
6608
17402
11263
9576
13115
10652
14669
4841
10369
18643
14429
10158
9130
9921
12796
6781
17852
13010
1724
17273
1227
14061
14746
2039
8707
2228
4134
1085
15907
17899
15813
7439
17255
906
15872
12447
1288
5661
4924
18469
14894
7353
12999
17010
9033
15260
3546
9544
10690
14381
17851
13742
1549
17456
5622
14111
12203
7783
17815
13446
10069
8847
19091
16398
12363
11635
81
10776
12693
7079
11251
7415
15474
208
2986
573
6373
6725
19531
4957
3273
16126
16156
8736
6560
8276
4042
14628
8629
4565
5070
304
5467
6173
8111
16428
16585
13662
6942
14429
8910
14742
7030
10922
7142
10893
6490
9901
8759
15533
1009
18534
19112
17348
15126
5124
8438
4252
6088
7791
883
8119
2832
15647
12153
12120
18211
10927
5460
17283
10455
8188
15285
13743
8602
15658
14758
10234
13588
2646
16770
16736
10074
7897
2639
19262
412
9699
1145
18046
18475
2014
2871
16496
13854
13593
752
5237
18956
19504
18245
11086
16216
11802
6656
10049
15111
15798
9803
16407
4696
14433
4730
9315
9199
3519
15667
3123
3813
13695
2626
5458
5093
8812
427
6767
338
277
19320
15939
14121
16527
11583
5268
9290
8368
6982
6038
8210
16959
151
12468
12525
6996
15983
19482
13434
14355
8515
17240
18995
17326
721
5625
17938
3285
15987
17012
6859
1798
16793
8395
8338
13380
9806
15709
13371
5493
19826
5725
8084
16846
7630
12115
2288
12133
14802
12989
4017
18974
5318
6742
6289
6751
15105
6899
753
6796
12539
13442
7817
17916
18242
17247
17534
4029
12525
10436
10440
12188
13922
16576
7205
4764
846
4775
1457
11191
17489
15453
1200
6899
11661
1879
17997
5441
7864
9088
17342
8929
9096
12990
8082
880
14941
12700
18472
16199
16004
7675
15110
8366
19369
5775
15208
4560
4761
18828
246
11495
17603
13186
18002
8515
5481
8393
2275
4755
11402
11366
13275
588
6963
12158
14525
1047
13449
10763
18209
6024
752
8734
6283
16034
10278
9007
19602
8932
3357
14066
12769
12068
18919
4496
17557
6534
17644
14548
591
10740
3529
5035
9259
4319
2581
11716
18607
3246
13514
3952
11305
1786
19939
8359
18390
7620
15630
1819
15215
9690
5481
15549
14181
6230
4850
14050
10041
3267
14847
6563
5342
12797
5907
13754
16539
13759
6419
2543
17516
13020
10920
4036
642
6313
2180
8321
11348
18902
3941
4067
12744
18578
14490
7275
5042
12990
3395
14525
5434
14413
7184
10074
17753
2277
6764
9016
10888
11589
8082
1921
8854
9639
10161
2758
16698
17045
16060
18757
5391
9683
1315
2443
9899
19167
6021
15796
10381
2129
18560
946
19786
16775
4001
3181
12128
1544
9140
14865
12144
11503
15152
11989
8175
5219
15608
2271
3489
6638
9795
13110
11251
5009
7655
16817
10120
18120
15932
10994
413
2311
11877
9188
8602
16948
4489
16043
9074
5514
18660
8870
19608
4382
1224
8900
5709
599
17597
12192
19117
940
8793
19947
3346
7335
13094
686
18614
4053
3034
6059
10324
17860
5494
3891
9020
15032
18460
11016
6125
14160
8397
7201
11407
13690
11936
1327
14675
961
5984
10198
16748
11233
9039
12580
4433
17420
12487
9127
13947
18976
16453
12549
6697
15258
19711
1662
19062
2914
18149
3531
947
18434
311
17545
16464
17581
15533
10698
3945
9675
16100
1827
5586
2408
16850
18893
1588
10918
7550
10261
7451
4972
12934
19326
19374
12286
16947
4568
15281
16064
14085
871
16091
19720
13238
10110
11277
470
18229
4019
3668
17149
2713
6283
14734
1338
18449
9200
16537
13759
3618
4492
17547
3875
13092
10235
19105
14148
13474
5602
820
15141
3633
4214
15097
6763
9265
16572
17170
14723
5753
10433
16696
12254
19667
14139
18661
6502
5791
14293
6344
2198
11748
1545
10821
9307
6143
17445
2862
18587
3867
14168
1756
14998
14166
18192
604
12201
6154
6378
217
9484
4446
12841
15320
10807
7348
365
16082
9099
12356
17702
8442
18422
7895
8217
14
7611
5687
13922
15231
12434
10501
11872
12119
15047
18222
3460
18961
19817
1780
6030
8895
559
1995
17322
12704
5008
316
5532
12819
13223
19795
2505
4067
5212
14811
12553
18425
3844
17798
12930
10494
8127
8362
8334
10171
12586
17810
9220
14679
5329
12031
9903
10852
11002
2729
18047
11015
18537
18850
12218
7879
15806
18528
7049
8861
4095
2358
6669
19928
11694
17408
18441
7705
4052
12792
15774
16523
9032
16803
1514
16099
15816
11695
6631
13635
12245
6335
18095
12269
18326
4023
13669
12902
3785
9332
13265
13275
18671
18333
4261
13981
7213
5044
15785
5609
3149
7677
18761
16351
11500
308
14975
10735
10410
5662
2664
6682
3019
6256
12884
16011
7899
18264
9798
18420
16431
2366
16087
14376
4307
4420
49
17292
19711
1494
3166
14056
12846
15046
3260
15541
18013
4105
14789
11900
3028
16076
18574
16307
3851
19890
1536
8354
3344
19853
10958
5762
64
949
17888
2116
3541
8968
1123
18347
12830
16182
18588
19209
2402
11116
16598
13345
6789
6134
12365
18384
17069
19814
1654
5867
11088
5979
14803
16943
6495
5144
1870
989
13189
15615
7877
7222
8950
263
6651
19972
11133
12136
3001
6106
3110
14607
18539
14598
7001
17094
12129
12903
6084
16141
17954
13401
19461
15333
10790
11619
12817
11802
18476
12712
9748
12544
11004
1007
9927
7623
19759
2403
174
15160
19487
14946
11418
17576
4272
6352
4751
18974
10169
19427
16445
6562
19425
2892
14999
10700
17179
12330
4364
8680
5016
794
3506
8387
14559
10481
612
4372
2561
711
4780
16504
10095
5250
13221
15827
7648
11433
14698
777
19242
6662
16867
10444
14342
15807
14767
10019
2721
5288
12308
1447
6916
8394
6290
14509
86
17123
1832
18997
15717
19599
11649
19906
17968
9400
9476
16522
18058
12180
3836
16685
15270
14168
19517
5245
10502
1876
1374
14537
18144
16457
18841
1341
5225
15343
4753
14128
6800
8026
7386
3913
15373
17092
6743
19213
15259
939
12073
12579
19329
15873
10321
17269
6127
846
14880
19623
10339
6179
11043
15564
4788
18108
3311
8605
19004
16870
6252
3609
16573
169
13272
17511
3974
12715
13010
4553
9303
10324
8712
314
4481
6820
2034
4254
6504
231
17004
11247
10103
9063
1772
2206
9856
7110
3703
7219
764
5738
19733
19981
17784
19375
13558
523
13830
19183
3521
2468
6039
15424
18737
15343
9611
15493
10457
2971
9620
12888
2752
17773
15530
16879
3592
9182
8692
6864
5178
10673
3854
10893
17498
726
3083
2635
12156
3319
3828
19696
9728
18141
2670
15582
12729
5916
4931
11507
18187
6711
14577
5150
16840
5641
4383
9078
6263
6576
1406
3822
7794
5449
9824
8989
5263
14635
11952
13361
340
17819
18858
19880
488
15227
17364
12290
15113
7472
15541
6752
10490
11047
11045
16737
11207
7572
4937
13762
651
4634
7136
15872
5644
8070
3150
13043
17202
8742
3188
15309
10668
7629
1437
18349
1765
10819
3854
2403
18614
5625
17742
18658
4856
2218
9125
2149
5326
7053
13121
19995
4339
17205
13699
18510
12195
9437
14663
10160
8306
2718
10897
10302
2943
8120
11145
9979
6801
9554
1375
15751
3236
10465
7479
6065
1503
2474
7427
4303
14039
10695
5416
6693
13744
18615
1791
4926
12108
10639
9361
11584
5862
8089
15236
13695
6075
2460
17297
7229
335
1060
11322
14112
17375
15693
8525
3263
14080
15231
7744
9911
6182
1450
18733
9176
7471
19255
6705
1621
12254
12093
8727
719
13087
11701
16635
17620
19481
14741
13038
15947
742
16522
4906
6006
1411
11093
1886
8286
7691
9380
5608
10175
16065
4864
2886
19289
12902
7929
14242
13617
253
4045
10165
13029
10453
6681
4850
4383
10176
16590
11344
13799
14982
6601
11971
10339
3950
6096
7224
15093
10363
14961
11928
7214
3924
5080
11521
7717
18462
16512
18814
12950
14596
7126
8471
10152
1376
14153
16651
1147
11855
13038
14648
5644
6992
14937
18027
2101
18910
10199
16227
7868
19408
3993
16194
17842
2712
10505
5933
2437
1355
1144
6020
13115
1521
16162
14813
4405
18443
16473
15614
6233
16517
19729
6257
3323
9462
9963
13130
19949
1214
12813
15489
16765
9733
1922
9295
11513
289
10763
6417
7896
2391
9748
15659
13865
16002
150
3421
11947
2954
2919
74
9817
4844
9935
11741
3795
3820
6582
2854
6391
13608
4551
9859
17864
12392
5935
12830
13386
16703
15420
18802
19402
5583
12072
3559
16465
18401
3392
18491
18989
14150
1684
8290
4643
16505
14632
14926
11948
8078
10303
9250
2134
12441
4569
10961
12803
6452
4481
4862
12021
8228
2968
12481
10800
17693
11971
19342
14634
14101
17464
3974
11019
15052
15844
8602
11101
8755
13276
8616
13618
4595
10743
18060
17222
1074
4161
16655
17519
3771
7525
13845
9452
11743
892
7395
5835
471
2204
17758
11960
3694
8272
5836
6011
2452
3041
4876
9183
6513
1593
2342
17532
4322
18497
10227
11722
15049
9
5925
13036
10808
6248
12525
18394
12859
11671
19280
10525
16072
8134
12681
10647
3052
13635
3376
9356
14678
13334
17956
2126
15023
11383
5775
12070
19669
3607
9929
15246
19701
8264
3810
13344
12602
2589
17967
17407
10717
13821
11431
9884
16625
9279
10910
19207
16856
16959
16110
5221
5310
1697
10108
18055
16351
18026
12245
3193
16539
2193
9635
15479
7194
13547
19809
1540
5978
18667
5097
12433
8443
13239
6453
10424
2518
2998
2309
1791
5767
15054
6598
19813
10249
6147
17377
16999
6297
8909
14898
13449
16115
8639
10416
17059
5303
9103
5371
11619
15742
14221
17016
129
16443
13422
13889
3433
10403
15134
5592
9345
13945
14347
12063
18053
6953
19406
18860
14003
12633
10047
9168
4780
16150
17307
10027
1316
2328
470
12510
10846
7405
10190
13316
5129
8722
157
18878
18317
7371
3407
9213
4236
17785
9329
3527
1879
17414
15400
19339
19270
8885
12088
8644
3603
3264
9441
6515
14138
3462
14130
17268
7275
11483
12355
1406
5490
8856
18275
16553
2771
7984
7786
13611
8753
9606
532
1790
15458
8453
5466
17317
19786
7587
7824
15524
10964
15457
6459
12712
1641
15417
17931
8034
8381
2916
19682
16881
17576
9060
9891
18046
2032
1678
13654
17623
14563
1700
18983
7389
3828
12659
15704
17587
17739
10912
12516
4939
780
13895
9956
599
3896
4170
8459
8698
3334
1127
6076
10749
19483
3516
14067
12401
17902
4186
930
1896
9389
3937
19594
1289
17091
3963
10989
6755
15644
6327
4459
12160
19569
2791
12349
5724
17108
13304
754
18933
11124
9772
10789
16999
15856
9806
18751
6625
15300
18930
14240
16985
15159
12481
13380
9788
1487
3909
14479
13894
5175
2350
3621
13652
9136
17304
3783
7305
15077
5660
6474
13070
2844
9154
19318
12760
8480
2778
11638
16817
9202
18940
16429
8434
967
15126
4184
2812
11911
4627
13329
18552
4784
11926
4057
17013
14251
15808
7185
3697
13361
15872
14919
112
19136
15706
14503
12969
8528
2133
331
2091
16581
2183
13609
3266
312
12015
7859
13767
12162
13308
2994
10295
16905
16195
489
15655
17670
3564
16108
16274
11291
8470
4311
6453
505
11718
3182
9883
5351
1902
15035
3407
582
1432
15502
3954
12302
7680
8
15405
2528
18592
11812
13850
8961
18519
10845
9041
19759
17095
3302
606
15135
121
14373
10104
964
18414
16501
11968
17570
1041
2147
1556
7946
15821
10031
2569
7738
13163
6368
19001
15968
12139
15964
8636
5937
11123
16750
8625
6633
15685
15168
4354
16589
17997
9177
11089
4121
12232
19795
1042
8429
12966
16839
14521
4441
5918
8053
4363
5738
6755
7171
19964
8678
17894
12787
11862
369
8785
12133
7339
3639
4267
14448
14867
16272
12474
689
13981
2211
6790
5090
12163
6474
12187
10574
14635
17309
1590
16530
14259
18978
19189
19307
10454
18787
2902
15476
11573
12498
16319
8797
13899
10577
18793
615
7702
4817
13389
7963
7566
14840
19324
15468
14981
9892
11435
8564
2743
6742
7465
4378
12402
3999
15841
11976
2843
231
15882
6301
13623
3328
13089
2427
8700
4253
427
19067
7832
15709
8098
4907
19943
4783
16399
16329
6307
2200
14361
7280
1791
16994
19284
15068
18928
9932
12773
115
12336
7007
19340
18975
9878
5578
3220
3923
10312
12763
1903
12479
13563
409
1993
15127
6138
17392
11240
18666
8559
10146
12146
8782
15437
19442
19109
848
17763
16700
8666
13837
4440
16591
18068
14783
19837
757
3337
3476
2202
10590
14192
15190
14092
3798
8106
15026
16479
4448
17418
2521
10357
2167
18125
5663
12488
18547
4800
3450
17575
9797
7328
1776
5244
13111
1210
15222
13858
228
1227
588
16269
2828
13895
8718
17432
5285
19810
19754
14936
6217
19859
4047
2075
17365
10241
14513
6114
13422
17985
14429
10763
4523
3690
6056
13804
19451
14859
5791
3189
8329
5888
11109
9201
6653
2279
19755
9459
18301
18924
5974
1508
2834
15443
6439
3224
12502
2669
7285
12744
18516
19906
9195
8812
6295
11713
12749
57
2056
5372
19677
15314
9551
2509
7172
18812
9572
7670
15497
11019
9630
19975
8683
8039
11008
1620
11011
7002
16651
1763
13360
13976
4675
5717
11134
15675
12124
16993
6040
19782
15006
14961
11250
12877
6245
4074
8022
4713
14402
15490
4999
17985
13001
11176
1707
12647
15726
4977
13767
8309
1909
17676
11450
5567
10557
7142
11909
5307
10804
18960
12619
15344
11716
577
5817
7535
5942
6816
16166
5900
14211
8026
5721
3922
6575
13858
7548
8489
18435
3406
6251
11928
18767
442
11322
375
2395
13430
17884
7772
2957
13063
13296
10007
4711
10999
10768
76
7900
14627
1882
7417
265
9830
15642
14370
17366
1470
15685
10881
18990
15154
9408
18712
3188
4906
13812
15956
13136
146
17996
18056
2097
13017
2299
16840
18155
7084
10670
8478
18430
7455
9415
12512
16889
15009
13466
13303
1756
19587
6569
2527
9124
6846
8164
11943
18510
14376
3167
3484
9351
13988
18695
10274
572
452
6411
13231
10297
1101
14302
8711
14975
11901
13323
17469
6343
6907
9752
7689
416
14033
16880
9274
9109
19142
7498
5970
11534
10485
9753
17387
18171
7000
16532
14048
6820
10755
17165
5839
7896
13885
19180
18176
13315
7859
8678
5543
18695
6577
18061
1706
18727
15537
11753
12295
5906
17039
6292
17037
14717
15329
18383
10952
7124
9358
9651
13454
519
776
11493
5133
3904
5946
2250
809
12229
11065
4803
14298
1004
12369
18297
11777
10197
1703
15217
12338
9666
5732
1223
6433
10332
5619
9827
3235
13225
13483
6752
3316
4829
16676
14075
16539
12367
9144
8149
10178
9406
18762
9458
10611
16579
3700
14993
2389
5616
19295
18339
6275
11191
12096
9965
11054
10276
16140
15620
11583
16246
15196
13089
6790
18664
9302
11460
19132
4156
6306
16856
130
6768
15908
18439
2585
13217
3948
9269
10024
19049
17867
13754
4349
2343
7853
8838
4654
12490
3252
2899
7935
9613
17206
18782
4700
9754
14060
12182
12202
8618
5217
597
14437
8511
374
6142
7616
3820
10619
3649
1044
17652
12379
17418
19174
16585
17159
4359
8881
15559
8217
4433
681
14728
8343
4501
18275
3226
2031
7691
10472
6323
5863
5858
16181
4285
10631
10628
12176
12966
16308
17771
5868
6380
19037
5040
14884
8878
11934
4222
2362
7483
18794
2606
2122
4296
12462
19574
12160
15753
16673
3509
7639
17641
3215
7982
5074
2745
16222
3875
10606
3366
12944
1873
13989
15686
7806
6135
5258
3348
14027
15563
1553
4396
19337
19544
10498
8486
3510
2363
5894
8522
6221
14671
8783
15195
10314
19929
16119
8478
14396
14795
19324
18185
11722
6750
5663
14712
12976
2577
9565
14288
13752
3710
5354
6392
4623
6104
4015
4599
11078
7125
16578
14688
1129
17995
4709
9569
4365
3534
1133
11099
18920
3644
9681
13827
6019
2611
12605
19597
9625
9358
2213
1119
13911
7593
10185
15630
2801
631
5316
1188
1131
8320
11185
5331
4248
3616
10924
16676
12543
13888
13392
19612
12427
15720
14346
2358
6531
6709
17708
7926
282
15169
13532
8582
7559
8488
9298
11266
13349
17106
11688
7758
10129
11898
10561
4580
11597
15740
6656
8426
3043
19770
13754
6631
6210
8661
14032
17073
19447
18793
4059
11523
78
4426
9014
15588
6728
475
787
15027
14309
7503
11914
8819
9972
3904
17437
9662
3623
15047
16757
7594
8367
6814
13676
6474
10001
9700
7341
19660
11145
6476
9781
2883
7885
7970
19977
770
19283
7819
11838
12645
15788
15423
16116
10561
3942
17097
359
1536
9409
2080
8735
602
15042
838
5181
19864
15162
18010
17467
19041
6320
1643
4694
15005
19409
982
19659
14622
17409
897
6898
27
4036
11715
717
9812
14931
12855
552
15894
1646
14553
9805
3995
12901
3236
7928
7875
5393
5444
1508
9510
8750
10930
16172
5917
16470
3841
2076
13132
11884
3355
13419
10008
19051
11846
522
6745
1997
10087
19749
4502
19293
13578
19893
11938
576
14732
10891
7962
812
8314
11790
19522
15694
9355
6186
5443
10461
16965
1259
16353
5861
12498
9135
8104
6748
2160
17492
16705
13999
9235
16451
8246
9576
12298
1010
5576
4402
5568
16507
6312
19507
16065
19540
3272
14072
4700
8429
15799
18350
15678
151
6902
17542
4593
6253
7305
3738
12064
13561
16555
5147
2035
13911
399
12986
6922
11159
7610
8706
19385
2135
18476
11191
16580
487
10021
9818
3184
3659
7186
9804
8773
7408
8915
6160
4381
12871
6729
11842
14958
9673
1580
6211
9470
3415
3358
14374
3453
8617
17972
5105
15111
17268
5758
8782
178
9908
2419
16107
12699
12017
14803
9240
14956
18584
19296
7741
9317
16806
6561
16080
6173
12645
19977
6058
3992
16656
12291
1305
4417
10318
14077
16858
666
18533
19868
4813
11410
19181
18226
4412
19646
16786
15831
798
519
7382
7321
14965
14169
10922
7314
7061
693
3470
17827
10359
1051
15365
16011
10790
9655
1928
11168
17302
16423
18528
5810
16862
18181
18868
7968
1488
4644
9838
16691
6219
8454
783
7591
19270
8591
15866
6531
6572
4273
15479
5761
18163
2686
11835
13582
15876
12679
7706
3828
1519
3406
11392
6224
18689
1660
10227
11872
8618
18712
15168
8141
526
9312
19379
19184
18132
14080
14570
16526
4670
16772
1945
11915
4323
6398
1173
16385
11462
6685
16877
17094
6834
17639
8657
4497
6666
19871
13223
6149
16873
11452
18110
8728
8739
17584
5568
3365
5481
13712
16948
4775
7171
9773
5566
19064
12431
12626
18863
2665
14035
11768
4227
578
8640
5782
860
18116
15953
7707
6634
13600
13538
847
11994
12902
11095
4102
1036
10515
8742
15139
9589
18425
19813
8028
3244
11678
11959
6662
8471
11949
6139
1915
14001
12785
5677
14127
9065
17401
16905
3146
8588
17884
10965
8268
7152
14423
9394
13613
15704
9853
18950
15449
4432
6181
11301
8135
3102
18033
13315
13904
18408
11808
17883
5920
9619
15997
14023
7757
11025
1770
15378
15281
430
18549
6745
7160
8128
11392
6365
4768
18163
6129
11755
5750
19743
4130
3417
10318
18038
16901
5248
1461
7127
18571
10497
1857
17947
2833
15781
7236
16362
14708
3555
14234
18415
16033
7474
10550
12453
12933
10536
19957
3003
13205
4237
9433
15882
12446
13892
3429
13036
4218
9871
14647
18408
9462
1827
11770
14789
19544
10914
9449
7278
13569
1313
8935
2415
5780
226
12349
17882
5953
7441
16487
11280
17609
2556
18335
1205
4934
1905
84
19635
5312
1696
7167
4513
16354
14587
16734
17535
14670
15067
353
400
423
5916
3754
4330
5936
2355
17603
83
12423
6237
4594
3767
18495
3520
13355
12242
12347
19077
14828
19572
14905
6728
18339
18793
8514
17316
19306
19514
10207
17581
15507
4634
12834
18348
14218
8448
13760
14515
9302
19025
16870
12226
11381
1685
2771
6389
2958
17138
4349
12463
14321
15760
15093
11868
2431
12289
9299
4914
14880
9657
15851
12805
10139
11714
6075
15310
18404
15507
5993
343
11487
5469
15861
17690
3362
7017
17677
1147
2797
16562
13963
2586
18704
15297
13245
4471
10298
17052
5645
1908
16246
2927
7602
16116
7092
15355
19677
18863
19231
13874
4547
11143
1085
8674
18984
5709
5627
4362
4428
5710
8011
14853
19756
2989
16113
5757
1761
2972
8821
17342
3395
16961
4444
9116
7615
14522
3409
12174
6384
13791
4289
11672
14881
17510
10884
12417
6652
18007
8996
19226
11098
734
12648
5448
19209
11009
5986
13573
11671
16125
17084
18727
3167
4032
18198
15747
9455
15396
3795
11646
4798
110
8741
12457
17715
2556
9942
18141
10242
14523
10463
10486
8691
2987
18569
1681
12319
1102
2730
12638
8084
19283
19474
10728
8869
9552
11912
9820
14182
1617
17728
12645
6746
14701
12546
8314
5956
3566
17175
2529
4602
18340
2414
6150
16866
15163
19519
17899
17510
15169
10016
4136
7444
12774
17125
11327
9659
17411
18586
10592
16045
4939
8731
10021
19946
19578
16919
11870
6937
18197
17689
2841
6527
19308
14433
13360
9466
3284
14053
1411
8869
6997
11194
13843
14388
983
15530
8993
5201
17215
7049
4803
6379
226
19335
19988
12327
10527
3852
11485
1378
12509
3631
18072
9282
7230
4862
1785
4620
537
2449
16102
16124
5235
8580
9260
19888
5933
9102
13682
9030
6183
9129
11880
13778
14187
13306
3128
10601
13459
8314
1018
2407
6112
10160
4790
17597
19748
15974
1428
12524
17171
18471
6103
16544
14479
5083
13018
10117
13749
10808
18262
8312
11077
11093
10999
2534
10407
18540
14744
14526
1889
12277
6435
19481
1909
9108
4403
7246
14988
18046
18928
11237
12760
7757
15158
613
8417
17211
12043
6481
15611
13990
2174
1691
4724
17602
10568
14352
1847
1810
17869
17921
15788
7150
13869
6151
19145
101
8030
12387
8267
19447
13317
10436
17086
5982
221
784
12491
17563
1692
3596
15076
15793
3622
9264
16759
905
3190
18998
9182
18953
18095
9931
5091
8624
14523
16983
14787
12768
13308
7484
12326
11549
11509
17455
10615
9361
13368
642
18157
10013
1679
13946
2964
18765
19421
14742
4380
13632
46
12061
10407
4058
17628
7147
1418
635
12516
5463
11441
291
82
755
18454
2434
14418
16974
19970
12182
2862
5456
14896
16100
17357
11022
15864
603
8879
8130
17997
18915
3453
5287
18858
17474
12465
4024
10293
8033
6132
19510
15071
4965
19889
12934
6891
16779
2826
526
9347
5843
11720
14883
17253
7678
16177
12533
902
13716
15855
973
4786
4013
13950
11065
4194
12653
1384
8045
1274
10514
12832
14972
3662
9101
5728
4701
19281
530
11767
7713
19170
2984
13351
14748
657
5629
15648
2676
12065
9723
18569
19812
11198
9681
2795
3408
16776
18985
7222
3705
3223
13580
15972
14395
10597
18132
10735
12891
2334
229
9356
16323
4190
19151
4753
5968
19806
12058
16998
3561
1132
14253
636
8871
1909
4418
1767
19001
4637
7322
349
2677
17751
3575
1481
9157
12675
11521
10019
98
2016
14485
13187
15571
4100
7010
3935
5148
2335
12063
14943
17904
2732
6174
10663
495
19328
14650
3972
14924
19730
11554
13846
8645
10262
5826
13263
3654
3840
13877
8723
8640
2583
13786
19461
16271
4814
8790
10905
7381
4536
12025
455
3886
7630
5271
13017
1030
18716
16024
6133
526
8845
2972
14146
13030
10814
12334
15778
3367
8528
12696
11899
2660
12709
9364
5570
7957
12306
9279
13567
18779
16920
4307
17776
18517
17111
18105
17682
5867
2878
7820
2718
1845
13015
14207
7817
16545
378
4601
15786
8979
4478
18750
3083
12955
4351
17015
10410
7220
1572
16587
7922
13974
14988
5808
7441
13890
9634
9066
14028
940
5689
3000
15868
13836
8949
2069
16256
7774
12523
15805
11290
2083
1100
1779
16520
78
19192
13864
1990
19293
1450
3152
10543
5473
19016
4570
15942
19175
15480
16717
10403
12196
7655
18107
16657
5698
2146
12808
13484
7115
8888
19387
13525
14266
11114
1872
5144
10897
7259
9146
14044
10121
9590
10430
10510
109
3321
5406
6860
8565
1452
7243
8860
11175
4949
71
8905
14270
6402
11578
19740
17310
19734
6244
3586
12149
8912
16617
18205
1810
7482
5634
19590
15979
7976
14218
294
8062
12809
2608
7891
16254
16188
9445
13209
8972
7760
18492
16704
8608
11963
11423
11113
13200
1217
14791
1252
5036
7752
5307
17360
5307
13958
13618
15719
1689
4085
6435
18788
19915
8814
7771
9894
15758
17807
14967
6441
1226
2074
16051
16623
7366
11849
17317
6929
14681
1548
13281
10099
1537
8847
4274
16810
6414
17772
19056
14352
10121
5229
18864
8417
5606
301
9465
17678
3288
12485
9850
12933
3045
11234
10105
12032
8983
5873
4839
17294
3599
2629
11525
16031
1313
17736
6807
6207
2354
15465
11306
811
9236
15850
3133
18541
13424
10512
19906
4806
13635
18841
6976
10243
11248
3522
198
12228
2863
12439
1438
9240
11474
11834
19985
4138
6863
10726
14939
13813
9910
8593
19291
9982
1791
1849
6894
10834
377
17811
9695
13837
2803
18568
18216
17093
12219
6296
3088
12720
1216
13727
3821
12565
15984
13873
4617
7576
17294
15470
13146
150
3746
1453
14574
6575
14796
14996
6813
2605
10629
18165
10108
3347
17600
8281
5557
125
11277
6886
19394
10669
1598
19377
15260
1978
2509
11219
19477
17288
18547
4845
13225
5580
1137
1871
11157
8257
5552
1292
6976
19825
17542
6657
10908
1863
13037
12566
6756
11050
15509
1758
1176
11095
12494
9019
14810
5538
11582
10360
11193
2451
8482
2431
15782
17801
16421
14772
16540
2160
5046
12402
12055
15672
10045
10902
17015
15471
19703
12640
2627
12845
17481
15092
14012
2525
14493
19590
7293
3818
3840
2969
17599
9000
10571
11556
3074
18475
12734
18613
2547
2436
13076
15093
12536
19724
19321
10294
11652
3547
6051
11292
10111
12360
1850
9341
11922
8688
9001
15959
15627
9444
19198
17231
7349
7330
19172
15803
18083
5669
