Teste 1
10
13
14
0
3
19
1
19
16
19
13
13
8
10
15
6
6
4
0
1

Teste 2
4 1 2 8 19 4 13 5 1 7 4 13 1 14 6 19 4 2 2 6

Teste 3
18 5 8 14 13 17 1 13 18 9 3 7 18 17 14 11 9 0 19 18
2 2 10 12 11 17 15 1 17 10 19 17 19 9 3 2 14 13 7 11
5 1 16 16 2 11 19 16 4 14 11 7 11 11 1 17 0 14 10 18
4 16 3 7 19 17 4 19 11 18 0 18 1 10 2 12 19 17 5 16
14 11 15 15 14 9 8 13 18 7 10 16 0 18 5 3 9 4 11 5
13 3 14 14 13 19 17 2 15 5 2 2 2 17 10 13 14 6 13 6
3 13 8 5 11 10 18 17 16 8 19 10 12 14 17 6 15 17 11 13
13 4 11 5 10 8 3 5 6 3 15 10 18 10 4 11 1 13 5 9
0 16 15 10 18 11 2 12 16 15 19 9 0 7 6 3 17 16 1 5
10 3 7 10 10 13 14 19 2 19 1 10 4 12 7 14 0 3 12 18
18 19 2 2 3 1 8 3 4 7 4 2 15 12 4 14 3 18 6 0
18 1 3 13 13 7 19 8 6 12 2 14 15 1 17 5 7 11 16 9
11 9 19 6 10 16 4 9 19 17 0 4 8 14 18 11 16 18 15 12
3 7 11 12 2 1 15 10 19 0 18 9 13 1 14 18 9 6 7 7
13 2 1 7 15 16 5 4 2 10 14 10 11 13 17 14 1 1 3 0
4 9 10 2 0 1 9 6 12 17 0 18 11 9 9 7 8 12 15 3
7 17 14 10 6 4 17 14 8 1 2 0 17 3 1 1 9 10 5 16
9 6 10 7 10 11 0 11 13 5 18 12 6 0 6 6 14 16 12 18
9 9 14 15 1 0 13 7 8 17 7 12 6 14 15 12 10 12 19 10
19 17 18 5 3 13 18 13 17 18 6 10 4 16 17 6 0 9 17 5

