Teste 1
4 5 5 8 5 9 2 2 4 0 6 2 9 4 2 6 7 3 7 0 8 3 3 8 7 0 2 7 6 4 6 2 9 1 2 7 2 6 9 8 8 5 1 8 2 5 4 1 0 2 9 3 1 7 0 9 3 0 2 4 8 5 7 2 1 4 1 7 6 8 2 6 3 0 4 4 4 3 6 2 6 7 8 9 7 0 9 0 3 3 4 1 8 2 5 2 8 6 1 6
2 7 3 6 7 3 4 5 7 5 2 9 9 0 0 1 8 8 1 9 3 7 7 9 4 5 1 5 1 1 6 6 0 9 2 7 2 9 2 2 6 7 3 6 9 4 9 7 2 3 3 0 9 8 8 6 8 1 6 6 7 2 8 8 3 3 5 7 1 6 7 0 4 0 0 8 5 4 9 7 0 2 7 9 2 6 7 0 9 3 6 8 5 4 6 0 9 4 9 1
3 5 7 7 1 9 0 9 5 2 3 1 4 2 0 3 0 0 7 0 1 8 1 5 6 7 3 0 6 0 1 9 5 1 9 6 2 9 7 7 4 2 9 8 4 1 2 7 1 3 8 5 2 7 6 6 4 0 4 6 3 0 2 3 2 6 0 6 7 5 0 4 2 4 2 3 8 3 0 2 6 0 9 9 9 8 7 3 8 1 1 1 4 5 4 6 4 6 4 1
3 6 9 7 9 0 6 3 5 3 9 1 0 0 8 0 4 5 9 3 8 2 1 3 5 3 3 3 7 5 9 2 3 8 0 2 0 8 7 5 3 7 8 6 9 9 6 5 4 1 7 3 9 1 0 7 8 6 7 4 6 1 6 3 2 5 1 4 6 0 2 2 2 3 1 8 4 5 7 6 6 5 1 7 8 1 5 8 9 2 3 5 3 1 0 7 8 3 2 4
1 8 7 5 8 7 0 7 4 8 2 9 0 2 3 3 4 3 2 9 5 8 4 8 2 4 3 8 3 1 2 5 9 1 2 7 9 2 4 5 2 9 6 2 1 9 6 6 5 5 9 4 9 2 0 4 5 3 9 4 0 1 7 3 1 9 7 2 9 4 9 2 1 8 8 3 9 7 8 3 2 9 0 4 1 0 0 9 5 0 5 5 3 2 0 4 3 7 6 2
2 7 0 8 3 2 5 0 2 3 5 4 8 2 9 5 2 9 4 0 6 6 7 3 8 4 0 6 3 0 6 7 7 6 5 2 0 2 4 4 7 9 9 5 3 0 2 5 2 0 7 2 0 2 1 5 8 6 5 4 9 7 9 9 1 1 8 2 5 5 7 7 4 4 2 7 5 0 5 2 2 3 7 3 7 8 0 7 6 5 1 5 4 2 6 5 5 7 7 0
2 2 3 7 6 8 4 1 6 0 6 1 1 4 1 0 5 7 7 0 2 1 1 9 7 5 0 0 8 1 7 2 5 0 0 1 0 6 3 7 6 1 8 7 7 0 7 4 7 7 7 8 3 5 3 3 1 4 9 4 4 8 1 3 6 6 7 7 0 1 1 8 3 2 3 6 3 6 4 5 5 1 5 0 6 9 3 7 5 5 3 9 5 4 4 1 2 1 0 5
2 4 1 6 0 0 8 7 6 5 2 9 8 9 4 6 7 6 1 8 0 1 5 1 3 2 0 5 5 0 7 9 4 9 5 6 9 6 3 7 1 8 8 9 7 2 7 6 0 7 4 1 0 7 0 7 2 2 9 2 3 6 5 0 8 5 4 9 1 9 6 9 2 4 6 2 6 6 6 3 3 1 6 3 8 6 2 3 9 2 7 4 0 2 7 9 9 3 8 2
9 2 1 3 1 6 4 4 1 3 7 7 8 4 7 4 4 3 3 3 1 4 5 1 8 2 2 9 7 5 3 6 9 4 1 2 3 7 6 6 0 5 6 0 9 3 5 6 6 1 5 1 2 0 4 5 4 6 0 1 6 0 0 2 1 7 8 2 3 4 9 4 2 7 5 1 1 3 7 3 6 4 4 8 4 0 5 8 6 8 9 2 8 1 4 1 9 5 3 4
6 6 0 2 1 5 0 9 8 3 8 2 6 5 4 7 6 2 4 9 4 9 4 5 8 0 4 3 8 3 7 6 9 0 1 2 7 1 1 5 6 0 9 2 7 3 1 5 6 0 9 9 6 4 0 4 8 2 3 5 9 9 3 8 5 4 2 0 1 8 7 4 4 3 4 5 8 1 1 7 3 2 6 0 9 9 6 7 3 2 3 3 1 8 3 6 3 8 7 4
8 9 0 6 1 5 2 8 3 2 4 7 0 4 0 9 2 9 1 6 9 6 9 8 0 2 8 5 7 2 6 7 1 6 5 4 3 8 5 8 2 1 5 2 5 8 3 7 7 6 4 2 7 1 0 5 3 4 8 1 9 8 9 8 8 0 0 5 3 3 2 0 5 2 4 4 7 6 9 5 4 6 8 1 9 8 9 2 4 9 3 3 7 2 3 7 5 5 4 8
0 6 6 6 2 6 6 4 7 6 6 6 0 6 5 1 5 8 9 9 0 7 2 7 3 1 7 1 7 7 3 7 6 9 3 8 5 2 5 4 8 1 0 0 9 7 1 4 5 4 5 6 0 4 7 2 8 5 8 7 9 4 6 3 2 2 7 8 2 2 6 4 5 4 8 0 2 1 7 1 7 4 0 9 8 7 1 8 2 1 7 3 5 4 6 0 8 6 0 0
2 7 0 9 6 5 4 4 2 6 8 3 0 9 9 4 5 1 7 5 2 5 6 7 0 8 9 3 9 9 3 2 9 4 3 5 9 7 0 3 5 0 9 6 9 0 2 6 1 3 3 5 2 7 3 7 8 2 8 5 2 3 5 8 4 0 8 1 2 3 7 2 4 7 3 5 6 6 9 3 1 4 1 3 2 4 0 0 8 0 8 0 3 3 0 9 3 9 0 8
9 5 3 1 4 2 4 4 4 3 5 6 6 1 8 8 5 6 0 2 1 1 3 1 4 1 4 4 8 3 9 8 8 4 9 4 7 6 8 1 1 3 9 7 7 7 7 2 6 9 1 5 6 9 5 8 8 4 2 7 3 7 1 2 1 4 0 3 4 2 8 9 2 7 7 3 7 0 9 1 1 0 6 0 0 1 8 0 5 2 9 1 0 3 5 3 9 5 6 3
6 2 4 6 1 2 1 0 9 0 5 6 5 9 4 3 1 0 1 2 7 9 2 9 7 1 6 5 5 2 9 3 6 5 9 8 7 2 0 6 4 6 5 1 5 9 4 9 1 7 4 7 1 0 0 5 1 4 1 9 9 1 7 9 7 9 4 4 7 2 8 8 8 7 8 5 7 5 9 5 5 3 2 8 5 2 3 6 8 7 8 8 0 7 7 7 6 3 4 3
7 9 9 5 7 4 0 7 5 4 1 5 3 3 0 9 6 1 1 6 3 9 0 5 4 9 8 8 9 3 1 6 2 2 3 2 6 3 1 4 9 2 1 2 7 1 1 4 2 6 3 0 5 5 9 4 6 8 0 3 0 1 6 7 6 7 7 5 9 9 3 3 5 8 5 3 0 1 4 1 7 7 2 5 4 1 9 2 9 1 6 2 2 4 9 0 2 8 5 3
0 0 6 3 0 8 3 3 3 8 0 3 6 7 7 7 7 4 0 2 0 6 6 1 2 2 7 4 4 8 1 6 8 0 9 0 8 4 5 3 2 6 6 1 5 5 8 3 0 5 2 7 4 2 5 0 3 3 8 2 6 2 0 1 4 4 5 3 7 8 9 7 1 0 1 0 3 3 4 7 8 6 5 4 8 0 5 1 5 5 5 3 9 6 4 6 0 1 9 7
5 2 0 1 9 3 2 1 4 9 4 7 3 0 5 4 0 2 6 1 3 1 6 0 9 0 5 1 7 6 9 2 8 9 3 7 2 8 0 8 7 4 6 2 7 1 6 7 5 8 7 2 4 5 3 8 8 1 2 4 9 6 2 0 6 1 0 6 5 8 9 0 6 7 3 1 2 1 4 2 1 4 4 8 9 8 6 9 1 9 5 2 7 7 4 3 0 7 1 8
6 8 0 6 7 4 2 9 4 8 6 1 5 2 4 1 1 4 5 3 1 5 0 7 7 3 1 4 7 9 4 3 8 6 9 7 0 4 6 7 2 4 0 8 9 5 1 0 9 2 1 8 6 7 0 5 7 5 6 7 3 8 9 3 7 5 0 2 3 3 0 0 9 8 2 6 0 0 4 5 5 7 6 1 4 6 8 3 2 6 0 7 4 0 1 4 5 3 6 8
9 8 6 2 1 5 3 1 8 7 3 8 3 7 3 7 1 2 2 8 3 5 9 1 0 2 1 7 4 7 2 5 8 8 9 9 5 5 3 4 2 8 4 5 5 9 5 6 4 6 3 2 4 5 0 3 9 1 0 8 3 6 1 1 3 3 0 3 7 6 2 9 2 3 9 1 0 1 1 9 9 6 2 3 2 4 9 3 5 9 1 0 5 4 1 0 7 1 4 4
5 9 7 1 3 7 2 7 1 1 6 3 7 3 0 0 3 0 1 4 5 6 1 6 4 8 3 4 7 3 3 5 4 1 6 8 0 1 7 1 2 3 7 1 7 7 1 0 0 7 6 7 3 5 0 3 8 4 2 4 1 6 1 9 6 1 1 2 6 6 8 0 4 4 7 1 3 2 9 7 2 5 7 5 1 7 0 1 1 2 5 5 9 6 6 5 9 9 9 7
0 3 5 9 3 5 4 2 7 2 2 3 8 8 9 4 0 5 0 0 1 5 1 6 7 3 9 0 0 1 9 1 6 7 0 1 2 6 3 9 8 7 2 6 6 4 0 8 9 2 6 7 0 0 3 7 0 6 1 9 1 4 4 6 7 3 6 9 4 3 1 6 6 8 8 5 7 1 7 9 4 4 6 6 4 9 3 6 8 6 5 1 3 0 9 2 3 5 2 7
3 7 5 6 2 9 7 3 5 4 5 1 3 0 0 1 5 2 2 3 4 2 1 5 6 9 3 2 6 0 3 9 0 8 5 2 7 2 8 2 8 3 6 1 3 6 3 1 0 2 8 2 8 9 9 5 4 0 8 5 1 7 6 7 6 8 0 9 4 3 0 5 3 5 1 9 9 4 7 0 6 7 4 6 6 5 2 1 5 0 8 6 9 4 5 6 4 7 7 8
4 5 7 1 4 5 6 8 7 2 7 0 4 1 3 4 9 6 2 8 3 3 7 7 8 1 6 6 9 3 0 3 1 7 6 5 2 5 3 1 7 0 1 2 4 6 8 3 3 7 4 6 0 7 3 8 6 9 3 3 1 6 4 1 6 0 6 4 4 4 8 5 7 6 6 3 4 1 6 6 1 2 4 3 9 8 1 6 7 6 1 8 2 5 2 9 7 8 5 2
3 8 6 5 6 1 0 3 4 1 2 5 6 0 3 2 1 2 2 6 1 9 8 2 4 9 1 8 6 5 3 9 3 1 6 0 2 9 5 6 0 9 3 9 9 6 1 2 0 0 2 6 3 1 3 1 4 2 9 3 7 9 8 8 8 6 3 3 1 9 4 1 1 8 3 5 4 1 9 9 1 3 5 6 6 1 9 0 3 9 5 0 0 5 1 9 1 4 2 5
4 7 2 2 0 1 9 1 0 1 2 6 4 6 0 7 9 6 3 2 4 8 0 7 0 8 6 1 8 5 8 2 4 0 4 6 2 5 7 4 7 0 2 1 8 5 0 9 3 6 0 2 5 1 6 2 0 9 0 6 4 5 8 7 6 6 9 0 5 6 8 8 6 1 7 7 9 8 0 9 6 2 3 2 3 1 6 6 2 6 2 6 1 2 6 9 9 7 9 4
5 8 6 9 1 6 1 1 6 4 7 3 9 0 5 2 3 4 0 0 3 0 9 8 6 5 6 7 8 6 6 3 4 4 2 8 0 5 9 7 0 6 0 1 9 7 4 2 2 6 1 0 4 4 7 6 4 4 8 2 1 6 6 6 8 2 4 2 8 2 8 7 4 3 8 2 8 0 1 3 6 5 3 0 1 1 9 5 7 7 0 8 5 6 6 5 9 1 0 9
4 0 1 9 1 0 9 7 5 4 7 9 0 5 2 9 9 3 7 7 4 4 1 6 4 1 0 3 3 1 5 7 4 8 6 5 8 5 4 3 2 1 5 2 6 7 1 8 3 9 8 6 8 3 6 6 7 3 0 7 4 8 2 6 2 8 9 5 2 2 1 9 3 8 7 7 6 5 5 7 4 3 6 3 9 2 9 6 8 1 5 2 9 9 0 4 7 9 9 2
0 0 5 6 3 8 1 6 3 3 1 1 1 8 5 0 9 1 2 7 4 7 2 0 4 2 0 3 0 4 0 0 5 5 7 0 3 8 6 9 1 0 0 5 8 5 7 9 6 0 5 7 6 9 5 0 0 5 6 3 7 3 2 1 2 9 8 2 6 2 8 8 4 3 0 2 2 3 2 5 5 8 5 4 7 0 6 9 6 2 5 5 6 7 8 0 6 6 2 5
5 7 5 2 7 4 2 6 0 9 2 7 4 0 3 8 4 4 7 5 3 8 7 2 2 7 9 6 6 4 2 1 4 7 6 3 3 8 0 3 9 2 3 3 4 6 4 8 1 9 6 2 8 8 4 3 2 6 8 2 1 8 3 6 5 0 8 1 8 5 0 1 7 0 6 7 7 6 7 5 5 3 8 6 4 2 9 6 9 9 9 2 9 2 0 4 4 8 5 4
2 2 7 0 6 2 4 9 3 7 5 7 7 8 0 1 1 8 0 5 5 0 7 7 3 9 9 0 6 0 7 8 2 6 1 0 0 5 0 3 4 7 0 2 5 2 5 7 0 1 6 6 9 3 1 3 3 0 9 1 6 3 4 0 0 0 4 6 0 4 1 9 8 4 5 2 1 9 2 4 2 8 0 3 4 3 6 7 3 7 8 0 0 2 2 2 5 6 8 5
8 1 7 8 9 1 3 9 2 8 2 0 6 5 6 8 0 5 2 1 8 4 0 4 6 7 2 7 2 7 6 2 0 5 0 1 8 6 3 1 4 5 1 2 0 7 2 2 4 6 4 7 6 1 4 1 0 4 3 8 6 1 9 8 9 0 8 0 5 0 5 0 8 6 2 5 0 9 2 1 7 8 0 6 9 5 7 2 1 3 2 7 6 1 7 5 1 5 5 7
2 0 6 7 3 7 5 3 8 8 8 5 6 9 4 9 8 9 7 3 1 4 8 6 3 9 2 3 3 4 6 7 7 4 7 0 1 4 4 9 2 4 7 8 3 3 0 4 4 4 5 3 9 5 9 7 2 1 4 7 1 3 1 3 8 2 5 7 0 8 8 4 5 1 8 8 0 1 0 4 7 6 9 6 3 9 5 8 2 0 5 5 5 6 9 3 0 4 2 0
9 9 0 0 6 9 6 8 7 8 3 5 7 7 1 5 6 4 3 2 2 5 2 0 7 5 5 8 8 6 2 7 8 3 9 6 2 7 5 1 5 0 7 4 7 0 2 4 5 9 7 6 4 7 4 7 7 6 2 2 3 0 0 0 5 7 0 6 1 6 8 6 0 7 6 6 0 8 0 4 8 9 2 4 8 7 3 5 5 7 0 8 8 2 0 3 9 3 1 2
6 1 2 2 4 8 6 8 0 5 6 9 3 6 0 5 4 6 2 9 9 9 8 7 1 1 4 8 4 2 8 2 5 2 5 0 2 3 8 2 0 6 1 5 2 3 0 7 9 7 8 7 2 2 9 1 7 6 9 5 2 3 5 2 6 4 9 0 4 4 2 9 4 1 6 3 1 0 7 8 7 7 7 1 0 8 4 7 4 3 5 9 6 0 1 5 6 2 7 0
8 5 6 0 4 2 5 7 9 9 2 0 1 7 6 9 4 0 9 5 2 4 7 9 7 5 4 5 9 3 3 7 0 9 0 5 2 5 2 3 7 6 3 8 3 2 0 9 4 5 6 0 4 6 0 6 9 4 6 3 8 6 8 4 9 3 6 1 8 4 6 8 0 7 4 5 3 4 2 2 1 0 5 6 8 5 4 7 1 0 3 0 6 3 6 5 6 2 9 6
2 4 8 8 8 4 0 4 2 2 5 9 2 4 1 7 0 7 6 8 2 7 6 9 0 4 8 3 6 4 6 0 8 6 9 7 3 1 3 5 3 8 5 6 3 6 5 3 4 9 7 7 5 4 6 2 2 2 9 1 8 2 1 8 1 1 5 5 8 8 8 5 4 2 6 0 6 6 1 0 7 8 7 2 5 5 4 7 8 3 0 6 5 1 6 8 2 2 4 1
4 6 0 0 4 1 6 3 9 0 6 1 6 8 6 4 9 4 7 7 9 4 6 3 7 6 9 8 8 2 6 4 8 7 4 4 0 3 0 1 5 6 4 1 6 2 7 6 6 4 3 8 1 9 8 1 5 6 6 4 0 4 4 0 3 5 9 6 7 3 3 2 3 8 0 6 7 6 1 3 0 4 1 3 5 9 6 3 5 5 7 7 1 1 0 4 9 1 2 8
2 5 9 1 8 3 9 5 7 5 9 6 6 2 9 9 7 4 1 6 7 6 9 2 5 7 0 5 8 7 3 2 2 2 6 3 7 7 8 5 3 9 3 1 4 2 0 1 6 6 5 8 2 1 1 0 0 2 0 0 4 7 4 4 6 1 1 6 6 1 9 1 9 3 4 6 5 2 4 3 8 9 1 1 2 4 3 2 7 3 2 3 2 7 8 8 0 1 4 6
7 2 7 4 9 0 4 7 6 8 2 5 0 6 5 1 7 3 2 9 4 0 7 9 2 7 6 2 2 7 8 9 1 7 5 0 8 2 0 4 0 2 9 0 0 6 4 7 2 4 9 5 0 8 7 5 8 8 2 8 7 5 1 9 9 9 4 6 6 5 1 9 4 4 1 8 6 3 1 4 9 0 2 9 1 1 6 9 1 8 7 8 5 0 8 4 9 2 1 6
1 8 0 1 8 9 4 7 0 4 7 1 0 4 1 1 0 4 7 9 2 6 9 5 5 5 3 4 0 3 9 1 3 1 2 2 0 8 1 2 2 8 6 3 4 7 6 6 2 6 6 6 8 4 7 1 1 3 5 3 0 5 5 4 2 2 6 2 4 6 8 4 0 0 7 0 6 1 8 0 9 6 6 8 0 4 1 4 7 8 9 0 3 6 6 5 9 2 0 3
5 6 8 6 6 3 3 4 5 5 6 1 5 5 0 1 5 7 1 3 7 5 4 5 2 9 9 2 6 2 9 3 0 8 9 7 3 2 3 8 0 0 9 5 7 9 6 2 7 3 6 4 1 5 2 6 3 7 2 3 0 4 4 5 7 8 9 8 7 0 2 1 9 8 4 5 8 0 2 0 5 8 6 7 5 0 5 8 7 0 3 9 6 7 5 3 8 4 3 7
5 5 4 0 9 2 1 5 6 7 0 2 3 4 1 2 9 1 7 8 2 4 6 8 5 2 3 1 5 5 8 2 0 4 2 0 6 6 7 4 5 8 6 0 2 9 5 3 1 8 7 6 5 4 2 7 3 3 2 1 5 1 4 8 1 3 7 4 8 2 3 0 4 4 5 1 6 4 6 3 4 3 1 9 9 5 8 3 8 0 4 6 4 1 4 5 4 3 0 4
9 1 7 5 6 1 5 0 9 8 8 2 5 2 6 4 0 7 6 8 9 8 0 0 4 6 4 7 3 1 3 2 4 1 9 2 2 4 2 1 3 2 6 8 5 4 4 7 3 4 3 5 8 9 3 5 1 8 9 8 4 9 3 4 3 5 6 0 3 4 6 1 4 3 1 8 4 8 3 5 3 7 2 3 8 7 1 2 6 0 0 0 9 3 6 4 1 5 4 6
6 0 3 2 6 4 6 6 4 6 9 4 4 6 9 8 9 9 8 3 5 5 8 0 8 2 8 1 4 1 2 0 1 8 3 8 4 1 4 8 7 6 2 3 4 3 4 6 2 2 5 2 1 5 4 7 3 8 4 7 1 7 1 5 0 1 9 4 7 2 8 0 6 4 1 3 0 7 0 3 0 5 7 3 2 1 0 8 1 6 7 5 5 0 2 6 3 2 0 1
2 3 4 6 6 3 2 1 7 6 3 3 1 4 1 7 9 9 8 6 6 6 9 0 6 1 7 9 2 3 7 7 8 1 3 5 5 7 8 4 3 1 9 6 5 0 5 6 1 2 1 9 0 1 2 8 3 2 9 8 3 4 8 7 4 3 7 8 4 3 7 4 1 1 9 6 5 3 4 9 6 5 1 6 6 3 6 9 7 7 7 3 1 8 0 5 1 9 6 8
9 9 8 9 7 0 6 9 8 0 0 1 7 1 5 3 3 9 6 2 0 2 3 8 0 8 3 2 2 6 3 1 7 1 2 5 4 9 6 2 9 7 5 9 0 2 2 3 2 3 3 7 1 4 9 7 8 7 7 2 2 4 9 1 8 2 8 5 9 6 9 4 8 8 2 5 0 7 2 1 1 7 0 4 3 0 2 3 9 9 6 1 5 5 4 5 0 2 0 1
7 2 3 1 5 5 7 1 0 6 0 7 2 4 9 9 1 0 8 7 8 2 8 4 2 2 7 4 4 3 5 4 6 0 7 3 6 5 4 8 3 5 5 6 1 6 7 4 6 0 5 4 5 0 2 7 0 8 9 3 4 4 6 1 8 9 8 2 0 5 6 1 4 1 0 4 5 4 9 7 5 4 4 2 6 6 9 7 4 8 2 0 4 0 2 2 9 2 6 1
0 6 6 0 6 7 9 5 6 5 9 1 5 2 6 5 7 5 3 1 2 0 1 3 3 3 4 8 2 9 2 4 5 0 4 3 9 6 8 6 1 0 7 7 4 5 4 1 1 7 2 6 9 2 0 1 4 9 7 0 3 5 4 1 5 2 6 3 9 1 1 2 8 8 8 9 6 7 4 4 4 8 2 3 0 3 7 6 4 6 6 7 1 1 0 9 5 7 2 4
7 8 9 4 2 2 5 3 8 1 6 5 0 3 1 6 9 9 5 2 1 9 7 7 2 5 3 9 8 6 6 5 4 8 2 8 0 9 4 0 1 0 6 1 3 7 9 5 8 8 4 3 8 5 8 3 1 3 1 3 4 5 8 9 7 2 4 7 0 5 5 2 7 4 1 1 9 5 4 2 5 8 5 5 6 6 8 7 1 9 2 5 6 2 6 4 7 2 3 7
3 9 8 3 7 3 8 4 0 1 0 2 1 5 4 0 9 4 3 3 2 7 9 7 1 8 9 5 1 0 1 6 0 9 9 9 4 9 4 4 0 6 9 3 3 3 5 2 7 6 7 9 5 7 7 7 2 0 8 0 7 7 8 3 5 0 4 7 9 8 0 2 0 8 5 5 5 6 0 5 2 0 5 0 7 2 7 1 4 8 4 3 5 2 9 0 4 3 9 5
5 3 9 8 2 1 7 7 8 7 0 5 7 4 0 4 8 7 7 4 9 7 8 2 3 6 3 2 6 7 6 1 0 7 1 5 0 8 2 9 8 2 4 5 8 6 9 7 3 9 7 1 8 6 8 0 4 9 5 7 0 8 3 0 7 2 1 2 4 5 8 4 3 7 0 6 3 5 0 2 6 8 4 5 6 4 5 1 4 2 0 4 1 4 6 0 8 7 4 2
3 4 5 5 1 2 6 4 1 5 2 6 6 5 7 3 4 9 9 6 7 1 5 5 2 4 7 7 0 8 3 5 5 0 1 6 5 9 3 6 4 5 2 3 2 1 6 9 2 6 1 4 6 2 7 9 8 0 3 6 7 2 7 0 1 1 5 2 1 7 1 9 0 7 5 0 3 6 7 6 5 1 0 1 5 9 0 5 9 6 2 9 8 1 9 9 2 4 1 6
3 2 9 2 6 8 3 2 3 6 2 8 1 4 2 1 3 8 4 9 7 0 2 0 9 5 3 8 7 7 5 0 1 4 4 7 4 7 1 8 5 5 6 7 9 0 8 5 9 7 5 0 8 0 7 3 6 4 0 8 5 5 3 0 5 6 8 2 7 1 8 4 9 2 7 1 5 5 0 8 3 5 0 1 7 9 6 3 4 8 3 1 3 9 3 1 7 1 3 5
2 4 1 5 5 2 7 7 4 4 9 0 9 8 2 4 9 2 1 4 0 3 0 0 7 2 9 1 9 1 9 2 6 2 7 1 5 4 0 1 0 0 1 1 0 3 5 9 8 4 4 6 6 9 8 7 4 4 6 1 1 1 3 4 8 7 3 2 7 5 2 2 0 1 9 2 1 9 7 0 6 3 8 2 2 9 0 7 3 6 0 6 9 4 2 7 1 5 0 8
3 7 1 1 3 8 0 6 0 1 7 3 6 0 8 9 6 3 0 8 2 0 6 3 3 5 2 5 1 5 0 4 5 3 7 0 3 0 6 6 3 5 9 9 5 8 8 4 3 8 3 0 2 5 2 9 9 4 2 8 5 2 0 1 6 7 5 3 3 5 4 5 7 5 7 9 1 2 8 1 1 3 1 3 0 6 4 9 0 7 0 5 1 0 9 7 0 6 3 5
2 9 4 2 8 3 7 4 2 9 4 3 7 0 5 3 9 3 9 2 3 4 7 7 3 9 1 7 8 3 4 0 5 0 4 3 5 1 9 7 2 5 0 9 6 7 5 7 1 1 4 5 1 0 0 4 5 4 1 8 0 2 5 7 7 2 7 1 2 3 7 5 8 6 7 5 6 7 1 9 8 6 6 2 6 6 8 4 1 0 2 3 4 9 0 1 2 9 2 6
5 5 1 6 0 1 2 4 9 8 9 1 4 2 5 7 0 2 0 8 0 7 7 7 4 6 2 3 9 4 7 6 9 8 2 1 2 6 7 3 5 6 6 1 1 1 8 3 3 4 9 6 8 8 6 4 7 7 1 5 2 7 7 7 7 1 2 4 4 2 4 9 9 4 8 5 2 5 4 5 2 5 1 2 3 7 6 0 6 8 7 9 5 4 8 5 7 3 9 2
6 0 9 3 8 6 0 0 4 1 6 8 3 9 2 6 7 0 8 4 1 8 5 0 4 5 0 0 6 9 6 2 1 7 5 2 6 8 2 0 9 0 0 4 9 2 0 6 2 8 1 5 6 9 5 2 7 9 5 8 3 3 6 5 3 0 8 7 7 6 0 4 4 6 5 7 0 5 0 5 4 2 1 2 1 6 6 0 5 1 8 1 6 6 8 0 6 8 9 5
1 6 2 1 4 7 2 4 4 9 8 1 8 9 8 9 6 5 4 3 7 3 6 1 8 4 5 8 7 5 9 8 1 4 1 5 3 3 1 8 3 9 1 3 8 0 2 7 7 8 1 5 8 8 5 2 6 7 2 2 9 0 6 0 0 2 4 6 0 9 6 1 9 6 5 9 0 7 7 4 7 8 9 5 9 7 7 5 4 1 7 3 2 5 6 2 9 2 0 1
2 6 3 3 0 0 3 6 2 2 0 1 1 0 4 1 7 8 3 1 3 0 3 2 7 7 7 8 0 3 8 2 2 3 6 2 4 1 9 8 4 9 9 7 1 3 8 0 1 8 0 4 1 8 7 1 3 2 1 2 7 1 0 0 7 4 7 0 7 8 0 2 9 2 7 0 4 9 7 3 9 9 0 0 7 7 4 2 2 5 4 1 8 7 2 5 1 1 6 0
0 1 2 2 1 2 6 7 1 0 5 5 6 9 4 7 7 5 4 3 8 5 3 2 4 3 3 7 3 5 7 5 8 0 8 1 2 4 9 5 6 4 3 2 5 7 1 2 4 4 2 7 4 5 9 1 2 8 1 2 4 1 7 6 5 5 0 1 6 9 9 0 0 8 0 1 4 8 2 7 2 6 4 8 1 5 9 5 6 2 9 0 4 8 8 9 3 8 2 0
8 4 5 1 2 6 0 0 9 3 2 8 5 8 9 0 9 6 1 2 8 4 1 3 4 4 3 9 6 2 8 6 8 3 8 2 1 0 2 1 5 6 9 0 7 0 1 6 6 5 7 2 0 2 4 4 5 9 4 1 6 1 6 4 3 4 6 8 0 7 5 6 1 8 0 8 7 1 3 2 8 0 4 9 3 1 5 0 0 1 1 7 5 8 3 8 4 1 8 7
4 3 1 8 8 9 8 3 0 6 4 9 2 2 6 2 0 1 8 4 3 8 8 2 9 6 0 2 8 1 7 4 4 8 3 4 9 1 7 1 7 1 0 1 4 7 6 6 0 4 8 4 0 9 9 5 6 5 6 4 7 4 0 7 9 0 9 1 0 4 2 5 2 3 8 9 3 1 6 1 7 6 8 7 8 7 4 4 2 0 0 1 6 0 8 8 1 0 9 3
8 8 2 9 5 3 6 2 1 1 0 2 8 4 8 6 8 8 3 3 4 0 0 6 8 6 3 4 5 4 9 3 2 2 4 0 7 2 2 8 5 2 3 3 7 1 2 7 0 4 2 5 3 0 9 2 9 9 6 7 2 3 2 6 4 5 2 3 8 9 5 7 1 7 0 7 4 6 3 6 1 5 4 4 8 3 8 7 3 6 4 7 1 8 4 5 5 8 1 3
2 9 0 5 7 9 0 8 1 1 4 0 5 4 6 1 8 1 8 1 9 1 6 1 5 0 9 6 1 3 4 3 4 6 0 1 5 0 1 8 2 5 8 9 9 7 0 0 8 7 0 6 7 2 2 6 9 6 2 6 2 3 9 7 5 5 7 4 7 1 5 2 3 8 7 2 1 9 9 3 7 1 0 6 6 4 4 5 0 6 3 5 0 4 2 7 9 1 4 8
5 1 2 8 2 1 5 9 2 9 5 3 7 4 7 3 4 9 1 6 5 8 9 1 9 3 3 5 3 6 7 8 0 9 9 2 2 6 3 4 5 0 9 4 4 6 8 8 5 0 1 9 1 9 1 8 9 2 4 0 7 8 3 1 4 3 4 1 6 5 0 0 3 8 9 4 5 9 4 5 1 7 7 2 6 8 2 5 2 6 5 1 6 0 4 0 4 8 1 2
2 0 8 0 3 1 1 1 2 5 7 6 3 6 1 8 3 5 2 9 7 2 6 3 5 0 2 4 6 1 5 0 2 3 0 5 4 4 8 6 9 5 4 2 4 6 0 7 3 1 6 2 9 5 5 8 8 0 5 3 6 4 4 8 3 5 0 7 1 6 1 6 6 0 1 1 8 1 1 5 4 8 9 3 3 4 4 4 6 9 7 5 4 3 3 9 8 6 7 9
5 2 9 3 1 2 4 8 7 5 0 9 5 5 0 2 4 5 8 2 1 7 2 5 1 6 9 3 2 6 2 9 8 1 4 1 5 0 9 4 6 2 3 3 7 3 8 3 1 5 8 0 9 5 3 4 7 8 0 3 9 6 3 3 9 5 0 4 9 9 2 8 6 9 2 0 7 5 9 0 0 0 3 9 7 8 5 4 6 6 9 8 2 4 3 1 9 6 7 9
1 6 8 6 2 8 1 1 4 7 1 8 3 5 9 7 0 7 0 5 7 8 8 2 5 1 5 2 2 4 5 5 2 5 4 4 3 5 5 9 4 6 0 7 4 9 4 6 8 6 6 2 4 0 0 7 6 9 0 0 7 4 1 8 8 6 9 3 6 1 8 4 3 3 8 2 9 6 6 0 2 4 4 8 4 4 8 3 3 8 5 3 3 7 1 3 5 0 6 3
2 6 1 8 2 0 9 9 3 5 4 6 7 7 5 1 9 9 3 9 0 4 1 5 2 8 1 7 6 2 0 0 8 3 9 3 3 8 4 6 3 9 4 3 8 2 6 9 3 7 3 5 5 4 0 2 5 5 6 7 1 3 5 4 9 9 8 4 4 6 6 0 4 6 7 8 5 3 6 5 2 0 0 9 4 2 3 9 8 9 9 1 3 6 5 4 5 6 0 1
3 4 4 9 3 3 4 7 8 1 3 5 9 5 8 1 8 2 8 6 2 5 8 3 4 7 6 6 8 5 6 1 1 2 2 4 5 9 1 5 0 7 1 2 2 1 3 3 3 9 1 3 5 4 1 7 2 2 6 1 4 8 1 5 1 0 0 4 8 4 3 4 5 9 7 3 1 3 5 6 5 6 2 2 2 3 2 6 5 0 7 2 9 9 9 2 9 9 9 0
0 0 1 4 7 9 2 5 2 6 8 6 0 0 0 4 4 1 7 8 1 5 9 1 4 8 1 7 1 9 1 3 1 2 7 8 3 2 5 5 8 3 2 0 5 4 4 9 7 1 9 7 9 9 1 3 8 9 9 6 6 7 9 7 9 2 3 6 3 7 2 5 4 5 7 8 8 1 1 1 4 2 0 3 3 3 9 1 2 0 7 0 8 7 7 9 1 3 6 4
5 1 8 8 7 8 6 8 5 6 5 8 4 3 8 5 1 7 6 2 8 1 5 4 3 1 2 3 0 4 3 7 7 3 7 5 4 6 3 1 2 0 0 9 4 0 4 5 8 2 0 8 9 9 0 5 9 1 2 3 2 5 6 3 9 6 1 3 8 6 0 8 1 4 0 6 0 7 8 7 1 8 6 0 9 8 7 0 1 9 3 3 6 2 6 5 0 7 0 8
4 5 0 1 7 6 5 7 6 4 7 9 3 5 4 7 7 9 1 1 6 6 9 4 8 4 4 8 1 2 3 7 0 3 9 7 1 6 6 8 0 5 9 5 0 4 2 7 5 0 8 6 2 5 3 7 7 5 3 9 9 8 9 7 2 6 2 6 2 7 9 5 7 9 4 1 0 0 9 8 1 7 6 5 4 9 2 3 4 7 3 6 6 2 3 8 0 7 6 3
1 0 9 8 4 1 9 4 9 8 1 1 0 4 9 3 4 8 4 1 1 6 7 9 4 0 1 1 9 7 3 0 7 4 0 2 5 0 8 5 0 2 8 1 6 9 6 2 9 5 1 3 1 2 0 1 7 4 2 8 7 5 6 7 1 7 4 4 5 2 4 7 7 4 2 9 0 6 9 5 2 0 0 5 2 0 9 1 5 1 0 4 8 8 3 9 5 9 6 2
7 5 3 3 9 7 5 5 5 2 0 6 4 7 9 0 7 6 2 7 6 0 0 9 3 2 4 7 7 4 2 7 2 7 0 1 5 8 8 0 2 0 8 6 8 8 7 5 6 2 6 0 9 3 0 5 4 3 9 3 0 4 6 7 9 8 1 6 8 2 3 1 4 4 2 2 3 8 4 5 0 0 5 1 6 7 7 0 0 8 5 2 2 3 2 3 2 3 0 2
9 8 3 1 0 3 0 2 0 7 3 1 0 6 3 1 4 4 3 0 1 5 3 7 6 3 1 9 3 8 1 3 7 4 4 9 8 6 4 0 5 7 1 7 3 6 9 7 2 1 4 3 1 6 4 7 0 8 6 0 5 8 7 7 6 9 0 1 9 9 3 1 9 2 8 9 0 7 6 8 8 3 1 2 9 7 9 0 6 5 2 1 6 1 8 2 0 8 5 2
8 9 3 7 8 6 8 7 3 0 7 0 1 5 1 9 9 6 7 9 1 9 9 7 0 4 5 4 4 9 9 5 0 2 2 0 1 2 7 4 2 7 6 6 2 9 7 1 5 2 9 6 0 4 5 6 9 7 7 3 7 8 8 4 5 4 4 3 0 8 5 6 7 9 3 0 7 4 0 0 7 1 6 9 6 1 5 7 0 3 0 8 3 8 4 8 4 0 3 5
2 5 1 5 9 2 0 9 1 9 9 7 3 8 8 0 5 4 9 6 2 3 3 0 3 6 4 7 4 6 5 8 4 8 3 3 0 6 4 4 7 4 3 1 2 1 3 0 7 4 3 9 4 4 6 4 0 3 0 5 4 0 2 4 4 6 6 7 1 4 3 3 1 1 1 5 0 9 7 8 3 2 9 9 6 7 5 7 0 6 4 5 8 8 1 2 4 8 2 5
2 1 7 4 5 5 1 2 7 9 7 0 4 4 3 1 0 5 8 2 9 1 6 8 7 1 1 2 6 1 6 0 2 5 7 7 0 0 1 9 9 9 2 5 3 5 7 3 2 2 8 9 7 1 9 0 7 4 9 4 2 4 2 6 2 8 1 5 6 6 1 5 2 4 6 4 5 9 6 5 3 4 4 0 7 6 2 7 2 2 1 4 8 5 3 3 5 4 8 1
1 5 4 1 0 8 3 5 6 1 2 4 5 3 1 5 6 6 4 4 2 6 6 4 4 6 9 8 1 1 6 4 6 3 5 8 1 9 5 9 2 7 6 9 2 9 7 0 6 7 7 2 9 3 2 6 5 3 0 3 4 6 5 6 1 4 5 4 4 6 3 6 7 5 1 2 2 8 7 7 6 4 1 7 0 3 3 7 6 3 0 2 2 7 8 5 2 5 9 8
3 9 8 5 1 4 0 0 7 5 8 4 6 7 6 0 1 5 5 0 3 1 9 2 5 5 3 2 8 0 6 2 9 5 7 2 9 9 4 9 4 2 3 3 2 1 3 3 6 1 4 0 8 2 4 2 8 5 0 1 8 8 6 4 1 3 5 4 2 0 4 6 0 0 6 4 9 3 5 7 4 9 7 2 4 1 6 2 9 8 6 7 7 2 4 0 7 1 5 2
3 1 6 3 1 7 6 4 6 1 2 3 0 2 5 6 7 8 4 7 6 3 6 6 4 4 2 1 3 4 9 6 5 6 1 8 5 8 2 1 1 7 6 1 1 4 0 8 2 0 3 0 3 4 2 0 2 7 3 0 7 9 2 8 6 2 0 6 1 5 7 8 9 0 1 1 1 6 4 8 7 9 0 0 4 2 1 6 0 6 6 7 7 1 6 6 5 8 2 8
0 2 6 4 2 6 9 5 6 4 3 3 9 2 9 8 0 8 8 7 2 5 9 4 4 3 6 8 9 8 8 2 0 5 8 4 3 9 0 0 3 5 5 5 0 4 3 0 4 4 7 1 7 4 7 3 0 9 4 3 5 4 2 2 2 5 0 7 3 4 1 6 1 7 0 5 3 0 3 8 4 3 9 4 9 6 9 9 5 4 5 2 0 7 4 2 4 6 9 0
6 9 9 3 8 5 9 5 7 8 4 2 5 3 7 4 7 5 5 3 8 1 9 3 6 7 6 7 5 3 5 3 2 5 6 2 2 8 7 1 8 1 3 4 6 3 0 5 0 3 8 9 8 7 3 2 3 0 3 4 0 1 6 2 8 6 7 2 5 9 4 1 4 9 6 6 5 9 7 9 5 7 8 3 6 2 8 9 4 1 6 6 2 4 8 3 1 7 5 6
9 3 2 1 9 3 1 0 3 6 0 9 0 2 2 4 9 2 2 5 4 5 9 6 5 7 2 1 9 7 1 8 2 5 1 4 8 2 4 2 1 6 1 3 1 6 7 0 0 5 8 9 7 7 4 3 5 0 2 2 3 7 7 7 4 4 9 7 4 8 8 2 1 4 8 0 9 8 5 9 6 4 0 3 1 4 8 8 6 2 0 1 9 8 8 6 4 9 5 0
1 3 2 6 0 2 1 4 7 9 0 5 3 1 1 6 7 8 8 8 9 6 3 5 1 6 4 7 0 3 4 3 6 8 2 6 0 5 2 8 4 4 5 8 5 8 6 4 6 0 7 5 5 6 3 2 6 5 3 7 4 4 5 6 1 9 0 0 1 7 4 4 3 5 8 4 3 5 6 4 7 4 1 4 2 4 6 0 1 9 7 5 5 5 1 7 4 4 9 7
7 1 0 5 6 2 0 9 3 9 1 9 1 9 0 3 4 6 8 6 4 2 2 2 6 0 7 4 5 0 1 4 1 2 9 9 6 9 8 9 1 0 1 2 1 3 7 6 9 4 2 6 2 7 3 5 4 9 2 6 2 7 0 0 7 2 8 8 7 1 8 3 5 3 1 3 3 9 9 0 6 2 8 8 9 3 4 5 2 8 2 6 5 4 6 3 8 4 3 7
0 7 6 1 5 6 4 7 3 2 9 8 5 8 3 7 6 8 7 9 4 3 3 5 0 6 5 9 7 8 3 0 5 1 3 0 7 7 0 0 0 9 8 7 7 4 5 3 2 8 2 5 0 7 7 7 7 6 1 4 6 3 1 9 7 0 8 3 2 9 4 3 9 7 7 0 0 7 8 1 5 3 7 5 0 6 2 9 3 6 6 1 1 7 1 8 9 1 1 1
4 1 3 3 7 1 1 8 6 4 2 5 5 5 1 5 6 8 2 6 6 6 7 9 7 3 9 0 9 5 3 5 9 6 8 8 0 1 6 8 5 0 6 2 8 9 8 4 8 2 5 8 7 0 5 9 6 0 0 5 8 5 7 5 7 1 8 4 8 8 5 0 9 5 8 8 9 3 3 3 7 8 1 6 8 8 5 6 0 7 2 0 3 9 6 0 2 4 4 1
5 4 5 5 4 6 4 1 6 8 8 1 4 1 7 7 1 2 5 7 6 7 6 5 7 0 5 7 7 8 5 2 5 2 9 9 9 6 2 7 6 0 8 0 3 5 9 4 7 2 0 4 0 7 5 7 2 6 9 3 3 2 8 2 1 6 0 1 9 9 1 7 9 7 9 7 7 9 3 5 3 4 1 3 3 8 3 6 6 4 9 9 9 0 4 0 8 4 3 8
9 9 2 9 6 1 9 3 0 6 7 7 5 9 1 2 2 7 3 7 6 5 9 5 1 7 5 3 1 8 7 1 7 1 2 6 3 1 9 5 9 8 2 7 9 5 1 3 3 7 1 6 4 9 1 3 2 9 0 9 7 8 3 4 0 5 3 9 1 5 8 7 7 7 9 0 4 8 4 4 5 7 0 1 7 3 6 9 2 9 0 2 7 5 6 9 0 2 1 3
0 0 9 9 4 8 6 4 7 9 8 3 3 6 4 8 3 8 4 8 3 0 7 8 2 0 4 2 2 5 0 4 6 1 3 0 0 2 6 7 1 5 3 4 3 7 2 7 7 5 0 1 2 1 9 5 9 6 9 0 4 8 3 1 9 5 7 4 9 8 9 0 8 4 7 7 9 9 1 4 6 3 6 8 5 7 4 4 3 5 6 9 3 2 2 4 7 0 9 8
4 0 3 8 8 6 7 5 1 4 1 5 0 9 2 3 1 3 5 1 3 0 6 3 2 2 6 6 9 3 4 3 5 9 3 5 5 3 2 7 7 3 4 9 4 7 2 7 0 8 7 2 9 7 2 3 9 6 7 1 4 0 5 0 1 1 0 3 3 7 3 4 4 8 1 7 7 5 6 4 4 4 8 5 1 0 0 2 8 8 3 2 0 0 4 3 3 5 7 6
1 2 3 0 7 6 5 8 1 0 0 7 6 8 4 1 3 2 0 2 2 9 9 8 3 3 0 1 1 4 2 2 7 5 4 4 1 9 2 4 2 4 1 8 3 5 2 6 0 9 1 3 9 9 6 1 1 4 9 1 8 4 4 5 5 0 1 1 3 3 8 2 9 2 1 5 1 5 3 1 4 6 6 5 5 2 8 6 9 0 7 7 4 4 4 1 6 5 2 9
7 0 2 1 8 2 9 4 3 6 9 9 0 1 6 6 6 0 6 0 4 5 6 0 4 0 6 1 8 2 4 8 4 7 9 3 9 0 9 2 6 8 1 7 0 9 5 8 9 2 8 4 1 9 5 7 4 5 8 7 1 1 9 8 8 5 4 0 7 7 4 9 3 8 9 6 3 1 4 5 3 4 0 7 3 5 4 0 2 2 7 3 5 9 4 4 4 8 6 1
4 5 0 9 2 1 6 0 8 1 5 9 0 9 8 3 8 4 4 4 6 2 5 0 7 9 4 7 9 7 6 5 4 7 6 8 8 2 8 8 5 6 7 5 5 7 9 5 3 3 9 4 8 5 6 5 7 4 6 7 6 0 5 0 7 4 5 8 5 4 3 1 5 6 0 5 6 5 5 5 8 6 1 9 3 9 4 0 3 2 8 1 2 3 2 2 0 9 2 7
1 4 9 0 4 9 6 3 1 0 3 7 5 7 3 7 5 6 9 0 7 1 4 1 0 0 6 9 8 0 4 0 5 4 2 1 5 9 4 6 1 9 5 6 7 9 5 2 7 5 1 9 9 7 2 6 8 8 6 9 7 2 4 2 9 0 2 9 4 1 0 2 9 9 9 6 7 0 1 0 5 3 2 4 2 6 3 0 4 9 0 2 3 6 6 3 9 8 4 5
3 4 4 3 5 8 4 6 6 7 7 1 5 5 6 4 1 1 1 5 5 9 8 7 8 4 8 2 8 7 1 1 2 6 6 9 6 0 5 2 8 3 6 5 0 4 9 2 8 6 4 7 8 8 8 8 8 6 9 9 6 5 1 3 1 3 4 6 4 0 5 5 0 0 1 9 1 8 3 9 5 8 6 3 6 6 3 7 2 4 6 0 9 9 6 1 2 2 9 9

Teste 2
39 7 41 15 44 38 22 28 34 44 4 31 6 16 44 6 21 15 17 27 29 30 31 40 6 35 37 12 45 14 26 34 21 19 1 17 7 24 48 41 18 2 25 27 20 21 35 44 37 2 21 18 34 4 8 40 39 48 2 36 12 31 23 35 2 24 3 10 0 1 3 19 5 30 48 28 2 35 22 39 37 43 9 22 47 20 14 39 18 19 27 32 2 0 19 4 27 10 24 14
27 20 48 33 0 46 11 2 33 35 43 21 30 5 45 29 25 11 18 45 30 48 27 34 0 48 39 27 23 5 5 0 25 3 35 28 2 48 30 35 33 26 8 13 31 5 43 6 19 13 3 1 13 32 36 14 30 25 41 3 30 48 6 6 4 41 34 6 40 16 43 23 42 4 39 25 11 34 33 30 49 36 32 13 18 18 27 49 45 20 4 25 19 10 33 23 2 24 14 27
38 26 17 32 30 6 8 44 40 41 26 40 30 8 5 48 28 32 49 25 2 4 1 23 16 36 46 18 6 27 12 46 6 32 28 38 38 36 32 31 30 9 23 10 19 30 10 0 12 12 25 16 18 28 42 34 15 38 5 23 18 19 19 24 1 47 12 42 36 47 25 18 8 0 30 27 30 40 29 44 2 5 12 22 33 4 7 0 43 12 23 13 33 44 39 35 42 19 31 42
0 4 48 8 4 28 36 34 20 17 28 25 22 40 47 8 45 4 10 40 18 34 5 2 28 44 39 22 47 16 4 48 20 2 6 24 30 44 10 3 12 38 28 36 30 25 46 27 32 7 19 0 43 24 4 23 20 43 46 18 11 2 18 31 5 24 7 37 21 19 40 35 9 18 23 42 46 20 19 28 29 41 30 22 17 35 45 38 28 43 8 40 46 26 23 1 2 1 27 30
4 31 10 14 1 34 6 47 6 27 25 35 18 6 7 36 43 4 26 21 48 36 13 44 12 39 47 16 24 39 42 28 20 2 42 22 38 48 21 44 28 47 29 46 5 38 34 48 43 12 21 41 48 37 37 12 26 36 29 0 25 21 28 48 23 23 22 12 23 43 8 1 40 38 0 47 26 34 47 19 49 19 12 47 8 49 12 34 37 41 36 13 12 16 13 37 39 33 40 23
28 10 16 21 48 16 18 26 3 18 48 2 37 10 1 47 12 13 31 49 6 19 14 18 37 27 8 27 12 9 44 43 19 12 14 19 31 34 46 34 2 46 38 41 6 41 38 18 7 21 20 13 40 34 34 28 14 42 7 28 1 1 21 23 15 35 42 46 20 40 30 22 36 20 16 45 12 4 13 21 26 35 34 18 20 18 48 36 12 5 14 14 8 36 39 24 21 35 1 15
24 3 18 12 25 34 7 39 38 23 10 16 8 47 35 30 15 33 16 28 41 33 44 1 19 33 27 40 18 48 36 42 3 4 7 28 38 16 20 28 41 30 45 2 27 32 34 45 17 3 25 10 36 21 12 5 6 39 47 24 39 33 19 44 37 26 25 27 44 45 6 36 25 3 38 5 37 22 0 6 27 25 17 13 46 31 18 4 22 16 28 14 1 47 8 41 23 33 20 43
28 26 6 6 31 46 11 20 20 13 27 48 40 46 11 38 29 30 42 1 48 20 15 49 18 24 42 43 9 11 13 40 39 19 46 21 15 9 41 36 24 20 34 14 18 47 2 47 27 44 1 27 16 16 29 34 42 21 30 2 34 43 44 24 15 40 45 30 1 38 18 25 11 4 41 31 2 43 29 31 39 30 9 7 48 38 44 41 11 24 45 46 17 39 20 32 31 33 18 18
7 33 11 18 38 2 0 42 45 31 23 36 13 32 43 11 22 37 4 34 13 49 32 31 40 2 15 23 21 32 7 28 18 18 49 8 22 1 0 17 32 23 5 45 6 1 8 30 38 13 14 2 14 48 35 7 0 2 30 21 37 40 2 5 10 1 13 33 2 13 2 36 36 10 33 44 11 41 25 1 6 41 5 23 40 42 30 42 45 12 16 34 4 18 39 15 19 17 15 34
17 4 9 5 14 44 2 25 37 29 29 46 22 34 19 14 27 1 7 24 13 23 8 20 41 47 37 12 3 37 37 20 41 48 27 8 42 31 35 31 12 14 27 35 49 46 49 26 49 6 2 15 31 10 35 24 9 22 38 12 11 25 34 4 23 13 12 17 45 48 49 7 12 26 42 13 25 44 41 26 0 43 41 34 3 26 8 12 0 47 24 11 24 8 16 48 24 4 0 23
28 18 28 43 45 21 6 22 17 48 48 17 43 40 3 47 18 12 11 21 11 38 32 35 48 0 35 22 31 3 43 9 21 22 4 18 45 11 42 12 11 43 31 4 35 35 3 3 47 17 24 10 7 9 45 5 9 31 30 42 36 23 4 9 45 8 30 40 21 22 2 32 15 34 39 0 19 44 6 18 13 32 28 20 43 25 26 5 8 6 47 44 29 1 6 27 12 28 17 19
10 22 18 28 8 7 28 29 3 36 49 17 21 27 37 16 4 15 21 13 23 21 9 5 24 15 32 36 3 1 20 14 25 38 42 33 47 22 12 2 11 11 19 34 40 9 0 45 24 24 10 48 45 19 3 21 37 37 8 40 38 30 6 14 20 0 49 19 23 14 21 36 25 43 20 18 2 20 15 28 44 25 28 41 44 33 13 33 22 23 24 11 5 32 27 27 33 36 17 33
42 19 42 20 14 14 38 18 34 3 49 31 28 27 24 24 13 37 8 35 12 34 48 19 16 27 46 49 6 44 7 48 14 1 18 30 15 8 49 2 11 48 33 41 27 9 16 40 49 26 26 11 10 24 31 26 2 27 28 8 24 35 8 40 37 29 20 4 37 21 6 1 19 41 42 47 1 10 39 0 36 15 13 46 42 44 25 44 24 3 4 48 40 14 38 29 43 28 46 6
30 40 34 1 34 26 0 35 37 40 37 25 7 0 24 49 45 49 45 21 4 1 19 44 16 9 24 9 19 10 42 1 2 26 3 36 5 5 21 44 47 8 19 5 11 43 6 6 44 2 27 48 3 48 45 21 7 19 31 28 31 25 30 33 4 35 20 9 40 43 3 38 4 24 45 15 18 1 23 14 3 2 13 9 0 8 30 9 29 13 39 10 39 19 43 45 4 8 34 31
11 9 35 15 33 32 32 3 33 5 18 39 9 33 48 11 41 30 20 22 46 11 32 35 31 27 32 37 45 36 34 6 47 21 23 30 5 5 36 39 12 6 28 21 39 28 32 32 8 4 4 4 15 38 41 48 15 23 36 12 11 22 18 8 46 43 41 1 48 27 42 12 33 20 33 24 48 15 6 9 21 10 13 37 48 7 35 15 30 23 28 44 48 48 2 46 44 15 4 47
22 40 7 7 12 40 31 11 8 37 20 29 49 35 18 47 42 6 15 25 31 45 21 29 45 23 25 39 19 25 32 43 17 39 3 31 31 34 42 39 24 14 21 23 2 41 21 46 47 36 21 29 33 42 10 28 18 38 18 39 15 2 34 34 43 37 15 24 22 10 16 48 24 39 21 28 30 42 25 30 30 48 11 13 43 21 42 13 11 12 2 26 14 38 12 7 26 45 47 42
38 49 48 14 38 19 43 21 14 18 1 46 16 12 12 11 35 4 24 49 18 26 27 32 17 40 39 43 18 22 43 6 24 43 20 12 12 15 35 28 33 36 25 2 0 37 13 38 43 38 37 11 16 14 45 33 6 34 28 24 8 23 32 32 16 5 47 31 20 32 11 6 19 36 8 21 25 23 9 18 13 48 31 30 13 26 15 21 12 46 46 21 19 30 3 38 35 28 31 0
33 30 14 4 19 22 25 44 47 35 15 11 35 46 43 48 25 10 20 37 6 18 8 26 48 14 14 36 16 35 44 49 17 8 5 38 32 31 33 29 18 0 40 3 48 35 4 23 46 26 11 2 46 21 30 46 35 44 32 4 31 26 3 1 34 11 39 18 44 24 48 14 24 40 19 23 26 23 46 24 1 9 26 47 33 9 44 20 3 28 24 37 5 30 38 41 41 0 19 6
2 10 49 28 0 18 1 28 44 0 2 45 11 31 45 44 40 41 15 45 19 41 34 26 21 22 18 12 2 30 49 4 40 48 32 40 19 36 21 15 38 25 12 49 6 7 44 48 0 11 46 22 2 30 48 26 5 18 38 7 48 38 13 38 38 47 31 9 33 4 24 21 29 37 23 38 46 19 36 47 32 34 19 34 15 19 10 20 38 1 29 36 41 42 27 31 39 27 10 35
12 17 48 43 6 23 31 3 42 20 2 24 4 23 11 21 42 23 41 30 24 22 17 17 14 44 49 6 4 42 33 18 11 33 13 18 7 45 21 49 15 23 26 21 46 37 43 40 10 36 21 35 9 40 4 23 34 3 31 40 47 16 10 9 0 23 27 7 20 0 8 35 25 34 7 23 21 0 13 34 36 34 21 47 24 25 21 10 31 4 2 28 21 12 39 23 38 8 41 25
16 40 46 41 27 5 14 48 7 28 32 43 14 5 43 39 31 14 1 12 20 4 42 43 18 32 16 6 0 48 17 17 39 13 10 16 18 27 16 25 7 1 20 23 6 13 12 39 29 16 1 2 20 44 45 38 28 12 47 28 10 14 47 1 29 8 17 47 37 36 24 46 39 44 19 45 10 34 35 41 0 38 43 20 34 39 10 12 1 9 41 13 23 38 15 2 48 16 30 8
20 25 33 9 22 5 7 32 39 44 23 41 32 19 11 17 8 23 31 11 33 24 24 8 15 39 13 15 24 14 3 46 42 38 8 16 43 15 0 34 9 25 25 43 44 38 12 2 14 44 13 49 18 38 7 33 29 22 49 3 39 4 2 31 44 10 49 40 25 49 24 36 24 2 29 19 42 42 23 6 38 37 5 8 27 13 42 6 37 43 12 26 49 14 9 43 24 34 1 37
7 8 39 32 12 18 3 4 12 26 11 2 15 16 11 42 31 5 1 21 48 13 47 47 29 7 40 3 15 26 6 23 34 45 7 48 15 12 2 30 38 15 34 6 32 45 48 15 0 49 36 0 14 36 47 43 43 40 48 10 16 4 33 2 1 42 0 19 6 4 1 47 20 35 3 4 31 1 21 33 3 10 34 17 46 31 11 39 23 9 49 41 16 35 43 19 29 8 33 1
0 39 33 20 25 36 24 8 39 45 41 42 5 25 10 3 9 23 42 34 32 44 26 0 31 19 20 12 15 8 0 17 0 33 37 27 21 13 35 13 10 28 5 18 6 17 21 15 42 16 1 27 10 27 27 43 49 47 5 14 8 8 33 10 43 22 37 15 35 24 30 45 2 37 13 10 5 37 25 49 3 27 26 15 6 4 8 5 3 15 21 13 23 4 23 19 26 45 38 36
36 16 9 39 3 24 49 10 11 27 10 14 6 36 29 14 40 39 20 46 7 41 9 32 48 33 1 24 45 37 38 32 3 49 23 9 25 24 19 37 3 29 3 9 18 35 26 10 26 46 6 33 39 16 18 37 1 21 14 46 9 4 28 14 5 1 25 30 26 45 17 29 26 23 41 44 8 19 7 36 15 13 20 6 31 40 46 32 11 10 31 22 16 9 37 21 13 10 36 13
9 21 22 38 46 15 34 4 34 41 40 1 5 12 8 38 4 4 21 16 16 4 38 32 13 27 3 28 42 6 19 3 29 44 41 25 9 26 31 44 19 24 47 24 38 5 13 43 11 36 9 27 40 49 11 5 29 16 34 23 25 5 28 4 49 22 30 11 0 11 7 19 35 4 46 24 10 11 19 23 49 30 3 39 29 14 46 10 31 32 35 6 40 16 12 39 38 14 1 41
6 9 9 41 14 5 17 26 18 36 49 17 16 2 8 48 19 5 10 2 39 48 10 29 14 22 19 2 15 21 42 21 31 3 14 47 9 34 23 27 22 22 47 41 27 5 41 46 10 3 48 2 1 8 31 15 32 2 19 47 26 13 20 9 17 37 6 28 23 29 5 45 3 4 38 32 10 29 30 22 35 30 24 36 38 6 4 21 8 23 20 36 39 43 45 6 30 42 0 38
32 41 0 38 46 41 20 6 22 1 28 7 31 5 44 22 11 0 45 21 23 17 8 14 10 5 20 42 7 4 47 41 48 0 29 44 41 2 2 13 5 32 23 36 37 17 10 0 17 7 22 42 25 32 7 35 37 29 30 46 36 27 38 34 29 19 30 20 21 32 36 26 14 9 15 2 28 27 2 47 35 26 41 12 8 48 47 48 30 29 44 16 7 34 0 38 6 1 34 5
14 47 8 28 8 23 30 38 2 35 35 39 11 26 1 22 27 1 20 7 30 16 23 39 3 25 28 9 7 39 40 21 38 48 1 46 23 34 34 26 19 21 15 32 47 17 4 24 18 26 33 0 45 8 40 48 35 18 9 42 9 49 15 47 48 19 45 23 3 31 49 24 2 17 6 49 36 13 26 6 39 9 6 34 20 46 34 5 16 45 0 25 47 17 24 47 36 30 11 29
0 20 15 2 39 22 4 25 37 30 31 26 41 37 13 11 36 49 17 4 45 17 30 44 36 6 41 23 26 11 14 26 33 30 31 24 4 35 49 41 17 32 19 10 22 34 22 8 34 41 14 31 10 46 25 46 3 16 21 29 29 36 7 15 18 38 39 24 25 39 17 42 23 36 5 45 21 27 5 5 20 20 38 30 16 13 28 19 31 0 48 12 38 8 27 6 46 19 20 41
8 49 18 31 35 23 29 8 0 34 15 22 4 3 2 23 16 33 42 49 33 43 12 21 1 39 29 49 8 11 23 18 10 42 2 47 15 31 6 18 15 21 40 22 25 45 45 43 28 37 45 13 32 7 34 33 48 13 33 9 26 6 27 36 0 29 33 16 10 41 34 26 13 26 0 40 21 45 33 49 34 28 12 17 37 48 2 36 13 37 45 39 46 24 27 46 4 17 32 24
4 48 42 19 25 42 9 46 39 43 48 24 23 12 43 11 11 45 49 26 33 46 18 29 20 45 27 24 10 40 41 15 40 35 34 15 28 44 12 19 39 12 43 14 24 38 25 37 34 26 14 19 22 32 0 43 29 27 17 40 19 10 7 10 46 43 25 26 39 39 45 28 1 41 45 28 29 20 15 13 47 31 34 21 13 34 14 45 14 34 35 33 44 44 43 42 37 13 12 14
10 14 7 12 7 2 42 36 25 7 2 24 39 36 45 4 23 12 1 37 46 36 20 42 32 16 37 20 37 5 49 47 21 6 11 28 11 3 17 36 13 19 12 2 7 7 8 32 21 10 19 19 48 42 12 31 8 1 3 47 6 2 44 30 10 8 10 23 11 27 11 24 48 23 28 8 33 39 40 4 49 12 24 49 4 38 32 14 39 35 11 47 39 7 27 2 15 19 18 27
17 37 5 16 12 36 24 45 25 16 2 26 28 26 25 32 16 8 48 5 45 11 2 35 19 32 39 36 20 14 17 39 3 23 7 18 9 31 15 36 48 17 12 28 45 37 11 11 47 11 18 43 23 21 30 44 5 19 32 27 35 0 16 41 25 24 9 36 7 24 22 7 44 34 36 39 23 49 3 21 10 21 16 35 44 48 31 49 19 14 26 6 16 43 47 43 19 38 25 29
35 1 34 31 37 22 20 10 21 23 33 33 47 1 19 41 49 0 41 18 16 17 25 34 12 24 27 31 35 6 8 20 9 44 1 46 16 23 9 39 49 44 22 46 46 43 39 47 46 30 16 12 0 43 47 14 19 26 46 4 33 6 26 44 2 29 43 20 5 4 9 6 48 31 2 44 27 43 42 23 24 10 35 26 5 34 40 26 11 38 33 46 46 11 40 48 41 8 29 26
39 27 4 38 11 8 34 38 1 28 11 27 38 48 3 45 35 46 24 46 36 7 42 33 18 34 31 11 20 2 9 9 29 15 49 42 23 34 32 27 12 45 4 3 44 10 0 31 8 24 27 44 31 21 27 0 7 11 13 27 13 23 39 44 40 38 39 14 24 21 41 37 17 47 42 13 7 42 44 17 17 23 12 0 46 41 2 3 2 16 33 15 41 22 12 31 12 35 18 48
24 40 24 43 38 18 6 47 10 2 15 29 27 29 30 23 20 34 27 23 0 10 40 43 34 4 25 46 5 22 33 30 13 9 25 3 27 32 0 40 36 17 19 14 46 1 39 17 36 16 42 38 28 34 32 12 39 7 9 46 31 44 28 46 4 4 1 33 38 2 23 24 21 45 40 18 46 30 37 32 48 29 23 29 15 5 41 4 14 2 3 47 49 31 46 5 35 1 47 37
49 14 2 23 9 42 41 5 24 30 40 25 11 13 4 26 20 47 33 34 2 36 33 1 19 29 6 7 27 46 32 28 10 34 1 19 27 44 25 3 24 17 28 35 32 34 14 2 34 47 38 36 35 23 39 4 3 45 11 32 43 44 10 4 28 14 25 7 10 2 13 35 19 43 22 1 28 36 5 14 35 45 0 20 19 39 25 22 36 38 4 29 32 16 35 13 32 47 38 25
13 37 30 33 31 4 36 11 43 44 25 28 39 25 1 8 16 28 32 2 16 36 33 1 5 19 16 39 30 40 34 43 28 16 26 11 21 15 24 16 9 49 44 48 26 47 7 42 27 39 46 46 28 29 49 35 48 17 26 28 7 11 22 37 27 0 48 0 17 22 16 26 23 13 27 49 10 36 43 40 27 41 36 7 23 35 42 21 2 21 2 11 32 26 49 11 28 11 22 43
24 30 22 47 43 1 49 6 37 44 46 15 36 32 22 9 19 17 32 23 38 34 34 22 12 33 33 41 35 47 37 9 28 11 6 21 15 5 27 2 0 25 17 38 7 40 49 28 9 33 1 47 18 36 19 32 21 2 23 6 2 12 15 30 26 22 1 41 29 31 43 31 6 13 21 16 5 20 46 14 4 48 11 24 36 32 8 7 36 34 16 38 46 31 20 24 5 49 12 46
5 13 18 13 26 42 31 33 14 28 47 18 28 10 44 14 44 3 21 30 37 37 21 35 21 41 12 28 15 29 15 22 44 36 36 20 28 19 5 42 47 2 13 27 14 9 41 10 14 15 41 1 4 12 39 25 5 3 4 21 32 21 43 27 7 31 49 35 1 5 30 0 9 45 28 26 4 21 36 19 36 29 22 43 43 11 18 49 16 24 20 49 48 15 28 5 47 24 17 37
36 23 0 48 18 28 26 24 2 14 43 38 44 16 31 37 29 2 38 46 28 10 47 26 26 27 34 25 8 27 25 47 2 25 45 22 6 23 46 8 37 42 48 33 8 32 21 39 34 11 37 14 22 36 41 0 13 25 25 24 4 0 21 6 27 18 30 33 41 26 43 28 18 42 14 28 24 35 20 10 48 7 24 22 44 17 22 9 44 47 33 48 49 6 6 27 24 29 43 48
15 8 46 35 0 10 16 26 47 36 36 47 43 12 20 39 30 42 49 26 42 34 27 43 41 35 22 17 22 35 35 39 45 31 24 45 43 40 21 42 28 9 39 22 21 11 13 3 4 14 30 48 49 9 41 42 44 14 9 18 1 44 9 46 27 34 43 22 26 16 14 7 25 6 31 48 17 44 2 23 9 34 23 10 45 15 2 39 31 11 8 34 8 17 32 35 3 36 12 15
43 24 39 20 32 20 18 2 16 22 27 25 6 1 35 1 18 39 43 1 1 3 35 11 22 19 46 28 48 6 12 41 33 1 11 15 23 31 17 41 4 45 17 12 46 4 16 16 44 9 17 47 14 4 8 36 23 6 14 21 15 26 14 48 29 27 13 4 8 33 46 14 30 15 29 26 21 45 44 15 6 11 14 22 15 24 8 40 33 25 11 48 3 27 48 35 4 27 8 32
46 39 31 26 4 10 4 28 7 48 45 15 9 10 37 24 36 47 14 19 22 27 19 28 4 17 15 10 31 6 27 29 46 8 6 2 20 10 30 27 9 26 42 20 38 31 47 24 28 11 46 3 41 15 31 47 35 48 8 18 4 35 47 2 45 3 5 15 16 37 42 27 13 36 49 3 17 46 28 47 10 26 0 1 43 33 48 28 31 8 48 36 45 46 40 42 1 11 41 14
35 1 46 0 39 46 4 8 42 34 6 4 10 6 5 3 42 6 34 23 16 32 11 14 30 2 6 32 49 14 3 34 17 0 35 7 48 41 15 42 25 21 47 37 30 2 40 22 10 26 45 27 11 9 43 41 11 49 25 10 13 31 47 33 31 32 40 31 23 7 23 0 31 20 37 11 25 29 35 37 8 32 16 19 41 9 12 2 9 40 15 24 21 12 7 4 46 45 7 19
7 8 21 38 31 8 49 8 39 36 45 47 18 12 16 10 23 31 14 32 23 29 9 44 43 16 0 39 16 35 10 25 45 31 13 28 41 14 36 31 0 34 28 18 48 47 30 21 30 45 6 3 26 15 49 20 33 49 9 49 34 22 26 31 3 39 10 47 5 48 28 5 32 8 26 32 7 8 4 37 3 12 40 32 27 39 4 10 38 15 12 24 37 38 8 43 30 49 35 19
18 20 43 3 28 21 35 36 29 41 23 35 3 16 17 32 5 21 43 46 36 7 22 26 45 30 19 25 0 9 13 21 29 6 24 9 27 11 45 8 5 21 43 10 37 12 43 44 33 38 42 22 45 15 48 40 45 19 18 48 28 33 19 9 41 43 20 20 6 18 28 11 39 22 22 28 34 15 24 20 3 17 44 0 32 44 42 29 13 12 27 43 45 46 4 36 41 20 40 35
42 37 9 33 9 33 11 45 0 36 17 5 5 11 5 37 5 48 16 20 10 44 13 6 42 17 44 34 44 3 32 36 40 43 22 1 29 33 46 29 21 16 37 26 29 42 15 37 40 34 7 3 30 23 11 22 42 5 6 36 8 40 25 0 36 47 1 17 32 0 48 6 16 35 34 45 28 0 32 20 34 42 23 14 15 34 38 7 42 47 46 2 39 21 3 27 18 24 6 48
6 43 6 22 30 41 20 10 43 4 31 29 48 6 45 13 43 33 23 35 30 19 37 20 40 42 49 10 47 44 10 5 39 19 30 19 12 0 30 7 6 13 36 5 19 31 20 12 16 43 49 47 12 37 19 4 29 18 14 28 14 25 36 3 46 16 25 10 18 7 17 24 20 5 31 41 36 2 6 4 47 5 3 10 44 22 14 26 43 29 6 7 6 42 13 4 8 4 44 0
47 33 5 19 38 36 10 26 40 18 30 38 24 34 0 20 8 16 48 3 47 5 11 3 49 26 9 10 16 25 38 15 8 43 34 48 32 46 24 24 15 7 12 41 43 14 13 3 31 12 7 28 19 20 34 20 46 43 30 14 21 21 29 29 16 15 28 0 11 4 25 26 13 39 19 6 4 33 10 37 47 17 17 16 39 1 38 35 47 19 1 18 42 30 49 10 45 40 14 28
34 38 37 49 27 6 8 33 41 18 20 40 37 38 6 26 41 47 13 38 18 14 8 10 46 8 22 43 39 33 3 23 21 40 25 1 49 33 34 42 3 5 33 42 45 41 20 36 38 33 27 6 49 35 18 47 45 41 40 35 24 43 10 48 36 35 1 35 18 35 27 21 42 12 13 39 4 33 26 42 18 3 49 19 40 17 16 38 10 6 23 35 2 35 35 38 21 29 11 8
25 4 15 18 17 30 9 21 16 35 15 36 40 14 6 31 34 22 21 44 31 44 31 33 31 18 23 2 8 0 46 34 4 13 4 21 43 13 44 9 1 10 46 41 26 2 24 12 26 45 9 7 41 42 42 23 13 17 27 21 17 23 5 22 36 9 45 32 23 42 41 24 2 39 17 30 43 42 45 22 39 4 31 31 48 24 4 11 43 31 33 11 7 38 35 45 0 38 25 41
24 21 1 28 12 18 9 8 12 6 30 2 10 11 33 8 37 39 22 31 22 5 42 29 45 29 27 47 9 6 22 36 29 23 14 42 44 23 2 6 29 32 8 41 45 43 2 33 32 24 14 5 31 8 36 28 37 13 26 48 20 0 34 49 26 49 43 20 24 45 26 6 29 35 49 25 28 1 8 13 27 24 18 10 34 4 41 23 18 19 23 40 19 10 41 45 9 30 27 25
32 44 41 12 31 43 39 11 44 49 24 24 25 42 34 9 47 27 34 17 46 7 9 16 17 0 13 28 37 31 16 22 25 9 36 6 2 25 17 47 24 42 23 49 36 9 10 35 37 44 2 33 3 13 1 21 16 15 1 5 46 17 27 23 27 15 29 29 40 48 28 16 42 1 17 29 11 27 14 48 23 19 33 29 32 35 0 48 0 3 4 48 21 33 21 0 49 37 15 35
0 8 8 43 11 25 22 22 5 36 22 30 5 6 9 38 41 11 38 43 17 42 41 38 28 12 38 27 14 19 18 14 29 26 7 41 4 31 15 11 18 38 43 25 46 5 15 39 18 4 32 35 48 25 23 26 39 13 5 5 33 24 19 12 2 29 3 8 10 21 21 30 9 15 6 7 22 23 46 40 27 30 26 28 7 49 6 46 15 12 1 0 38 22 12 42 3 0 29 41
39 24 46 0 41 4 9 13 28 7 4 7 37 32 35 46 33 44 44 48 6 47 48 46 19 13 38 23 33 41 39 24 16 35 24 9 40 35 23 20 42 29 27 31 11 15 27 44 9 21 45 17 18 43 13 39 8 3 14 41 47 5 15 15 41 41 24 33 26 49 5 18 28 32 49 41 47 28 38 8 1 33 25 21 28 40 11 37 46 27 28 43 33 46 8 26 37 18 1 14
34 16 34 14 48 34 8 48 14 46 6 16 31 34 37 9 24 0 46 22 30 27 15 13 23 25 39 10 12 0 26 48 16 11 12 16 47 22 14 11 20 21 29 1 5 19 11 31 19 9 4 49 38 21 14 11 47 3 24 9 5 0 7 23 13 21 40 12 46 4 26 16 27 5 18 32 24 31 16 46 42 20 47 31 41 12 44 40 17 18 1 25 21 10 48 36 32 34 11 14
43 25 46 20 32 16 5 9 49 21 7 42 43 4 25 36 18 19 29 38 40 30 13 13 41 11 49 25 0 0 5 45 27 3 17 12 20 24 21 19 47 28 13 40 34 38 29 5 10 8 43 0 40 8 15 31 19 16 8 21 19 15 18 46 19 38 10 39 12 33 10 10 11 24 2 48 12 31 3 24 39 48 26 30 6 41 13 27 8 24 1 29 39 21 27 8 9 38 49 30
21 8 32 35 34 34 33 46 18 38 23 9 38 49 41 46 41 5 25 1 31 28 30 20 0 7 29 11 47 28 33 19 38 17 4 22 4 39 21 24 29 44 33 19 45 25 15 36 32 42 39 13 21 21 33 23 31 14 34 28 45 18 47 35 37 3 8 43 44 31 17 25 27 1 44 22 26 11 11 10 6 2 23 27 24 8 0 5 25 34 33 20 4 33 5 44 38 38 47 22
48 7 10 27 8 7 2 36 20 13 46 26 15 21 5 41 31 5 46 6 42 32 26 48 17 34 42 7 1 30 42 0 39 5 29 47 14 31 35 36 46 33 13 12 4 20 5 37 28 2 44 20 36 22 18 5 8 11 12 10 43 5 12 32 12 41 31 26 23 16 14 19 49 29 33 5 0 39 42 28 43 38 48 31 11 18 36 19 31 48 29 26 5 43 8 19 35 15 37 35
9 12 31 10 41 17 15 43 6 10 21 1 48 21 34 11 40 20 31 23 20 12 0 28 8 10 47 43 2 45 5 11 7 36 22 0 3 39 44 11 1 15 14 2 39 48 13 31 20 46 4 43 11 4 21 19 15 20 14 19 15 21 32 24 9 6 25 13 48 21 26 49 36 43 3 27 43 19 8 16 17 15 9 28 19 32 49 36 2 15 7 18 38 40 44 48 46 41 47 10
40 41 46 29 34 1 8 30 20 17 46 38 32 7 18 3 39 20 40 43 37 49 11 26 39 8 24 38 27 37 32 20 28 30 1 15 32 9 45 2 28 43 42 12 0 11 16 41 33 8 34 20 7 48 46 47 6 20 35 35 9 19 5 40 2 8 7 34 18 2 38 48 45 33 11 47 44 27 38 27 37 22 47 44 20 46 43 26 18 30 12 30 2 19 20 4 28 19 13 44
31 30 48 28 13 9 27 9 38 15 38 25 39 38 22 12 34 17 38 2 0 2 32 2 24 4 8 4 33 0 4 16 32 2 44 46 12 21 5 0 38 46 28 28 34 0 42 18 19 32 22 19 35 7 23 11 13 33 15 47 33 21 13 16 23 10 14 35 33 21 38 24 17 16 4 1 18 46 21 39 28 46 9 15 3 34 26 16 18 43 15 3 14 31 21 38 41 27 40 48
9 15 0 26 31 4 30 1 2 3 43 31 49 2 46 4 38 25 23 6 20 38 12 35 19 33 25 12 21 0 39 30 18 41 8 49 48 40 3 0 44 46 31 45 0 30 0 40 5 23 49 25 11 11 12 33 46 37 47 17 40 38 49 8 30 10 9 28 0 14 30 46 12 12 42 14 44 42 5 49 17 4 26 28 15 39 13 13 28 11 31 20 49 32 30 31 42 35 25 26
6 42 41 21 6 35 35 0 27 42 1 44 46 27 25 13 18 40 27 49 1 10 21 1 44 2 32 37 44 44 34 2 38 27 23 44 13 11 44 40 3 45 37 2 24 14 15 43 4 42 44 6 4 15 9 49 17 43 38 13 39 22 16 27 49 41 21 12 4 15 5 8 12 44 10 37 8 27 30 12 22 26 20 26 41 31 25 11 25 15 24 16 37 42 44 39 36 42 9 45
35 8 0 47 4 12 34 12 40 16 27 12 42 47 40 36 29 18 47 6 33 23 22 23 18 18 12 4 36 17 46 23 28 47 20 32 11 5 45 1 23 24 15 16 21 6 4 2 26 1 10 9 26 33 34 44 3 48 0 41 16 47 14 44 46 35 26 7 42 23 11 15 47 26 33 21 34 37 25 10 40 36 22 17 21 6 11 24 5 12 18 21 11 32 15 7 19 17 3 40
17 27 29 16 4 12 39 40 0 15 1 42 1 23 9 22 31 21 48 36 35 18 7 46 3 24 5 22 18 21 36 37 49 17 5 5 29 45 45 31 10 48 24 13 21 35 37 3 8 37 41 43 6 49 41 9 25 48 33 45 20 19 34 19 38 40 24 18 37 21 1 49 20 27 12 43 13 49 46 21 38 40 17 44 41 10 5 16 9 39 12 29 10 48 0 49 40 43 14 11
47 22 26 17 2 40 11 15 41 9 38 30 49 7 26 40 20 32 9 29 21 23 10 33 21 12 32 12 38 3 39 37 26 18 5 30 8 18 45 2 27 35 32 29 45 8 21 15 40 30 46 13 3 8 47 27 20 31 39 10 37 30 47 15 0 4 45 11 22 42 13 0 29 45 31 24 5 2 41 48 33 37 11 38 45 10 15 17 44 6 27 31 39 27 46 39 31 26 19 27
35 13 6 14 10 39 41 16 41 32 14 26 22 27 17 19 40 32 39 34 41 18 17 30 45 15 19 29 8 22 35 43 37 43 9 48 32 2 16 25 35 32 2 9 9 19 28 1 3 17 35 44 36 2 26 33 19 48 12 27 20 47 22 7 40 34 7 24 36 23 0 23 7 4 32 19 23 13 20 28 32 8 25 18 12 1 4 32 49 16 9 21 16 32 29 8 18 43 0 6
14 35 28 21 39 12 40 14 25 11 42 10 21 17 30 33 21 34 15 22 3 25 44 19 9 25 29 27 13 12 33 27 49 13 49 38 26 41 2 3 4 47 13 25 16 44 9 39 28 24 12 31 1 6 2 12 31 32 41 44 46 25 22 48 38 23 36 16 14 41 20 19 40 35 46 6 29 5 46 10 32 10 43 35 16 48 48 49 32 41 43 30 16 17 28 7 42 38 33 4
8 47 28 48 33 26 6 14 32 4 26 16 14 22 1 32 20 49 31 2 41 27 32 9 46 11 18 39 28 44 48 38 43 28 36 28 4 44 43 38 49 21 4 15 43 6 48 13 5 31 15 48 8 0 10 5 13 30 46 43 26 44 31 20 24 19 48 28 13 43 17 14 15 21 32 8 27 32 22 35 15 39 35 24 41 47 31 4 28 29 49 4 25 30 26 49 1 15 25 9
20 46 33 35 20 15 44 49 49 18 36 15 9 24 41 1 21 24 7 49 3 7 6 28 37 32 27 39 9 8 6 30 5 39 17 27 7 13 28 6 31 15 23 41 39 14 42 10 38 49 12 41 8 20 21 46 4 0 37 14 9 45 46 16 36 15 43 45 29 21 2 12 38 27 3 27 42 47 40 32 49 2 26 7 24 47 5 28 48 44 44 9 39 40 25 28 8 25 29 17
41 27 49 32 5 5 9 49 2 1 31 3 5 7 13 29 7 18 8 7 15 2 16 4 45 41 34 3 11 8 42 4 35 43 36 42 48 48 41 3 49 23 6 5 32 19 36 39 40 44 46 5 49 12 11 44 5 46 49 16 6 41 23 41 34 11 36 35 9 27 38 11 0 46 18 33 18 4 24 10 1 21 15 0 33 28 44 41 26 45 9 32 36 32 26 22 46 20 23 37
39 47 18 42 44 38 25 12 43 49 22 44 22 39 44 8 19 40 49 46 35 8 28 23 43 4 47 39 16 5 46 6 2 17 48 48 5 25 12 48 26 36 44 49 25 40 9 45 30 8 43 17 16 21 42 11 26 40 0 44 47 49 2 49 16 2 0 21 29 12 22 6 49 16 7 26 7 16 23 39 24 16 9 42 38 1 6 16 41 6 12 38 7 15 40 23 17 12 7 7
4 19 5 5 35 14 32 44 30 7 34 6 24 45 0 14 46 8 30 40 17 42 28 24 9 20 48 29 12 45 28 19 14 35 24 1 49 8 46 31 16 32 37 40 27 39 4 25 48 36 15 15 28 46 39 40 16 39 19 31 36 47 0 0 32 26 4 31 35 0 14 1 34 3 43 13 42 47 38 42 35 4 9 13 2 1 5 18 40 24 1 29 23 1 29 5 28 42 45 49
37 4 16 21 7 9 36 0 8 25 44 43 31 4 8 33 5 14 3 47 40 5 26 14 8 8 21 38 43 12 3 33 16 21 6 24 30 43 26 40 20 20 33 1 26 44 36 31 8 41 31 0 48 9 14 7 17 38 45 13 2 1 46 18 22 2 44 5 47 20 45 17 43 31 20 19 25 6 3 35 0 34 35 48 43 2 5 13 42 3 26 44 6 24 14 28 28 35 38 15
31 31 45 24 12 16 46 39 24 49 24 24 35 11 23 28 13 30 43 7 35 21 1 41 45 18 20 26 27 5 4 10 36 49 37 0 15 33 39 42 34 15 16 19 27 41 49 42 22 45 0 9 16 3 1 12 21 23 40 0 30 44 11 19 43 48 19 11 33 11 3 19 26 19 40 3 13 41 46 35 36 48 46 3 1 47 17 23 20 7 23 3 1 36 22 46 36 9 33 26
2 10 40 31 32 30 34 45 22 32 32 8 30 28 11 32 26 28 7 48 35 32 1 38 19 23 35 5 17 42 27 21 5 17 2 37 48 39 32 20 21 16 28 4 44 42 36 22 20 45 23 8 27 26 48 46 2 33 2 19 28 29 42 33 48 47 22 46 36 6 16 9 22 47 13 18 39 1 43 11 46 16 21 24 42 20 22 44 5 26 15 35 7 8 18 6 5 41 7 19
48 21 2 22 20 18 41 11 19 34 22 16 2 46 42 44 18 16 41 23 43 6 9 2 16 29 8 23 22 13 16 22 36 21 45 6 39 38 17 8 22 41 26 26 37 20 20 5 37 13 31 32 20 42 34 38 21 43 12 45 8 30 20 44 1 17 0 42 5 19 3 29 10 29 5 48 2 25 3 39 41 34 21 13 28 5 1 0 0 15 47 10 46 19 4 49 36 42 2 43
25 47 20 36 28 25 36 30 3 39 19 44 26 42 9 4 0 10 6 2 28 6 13 26 25 19 27 12 28 21 5 5 20 26 41 49 3 27 29 6 19 1 2 47 45 11 3 47 24 12 0 2 18 15 28 45 36 5 9 14 29 15 20 49 41 13 0 44 43 32 3 14 33 7 13 30 21 16 28 47 30 30 49 0 45 29 46 33 36 5 48 15 20 20 17 13 33 6 44 41
49 15 42 34 24 5 15 45 24 45 42 4 25 43 5 22 24 3 5 11 10 5 28 31 27 45 46 11 13 8 41 14 23 36 49 48 41 16 45 17 11 38 24 38 33 31 12 8 34 19 21 44 25 49 27 2 45 26 15 10 34 9 24 8 45 23 8 38 39 3 6 2 43 32 42 27 13 4 37 47 26 8 43 3 7 23 7 4 49 23 14 33 34 39 43 29 14 17 10 28
7 25 10 0 7 3 29 20 9 16 19 35 26 15 38 34 38 46 40 39 21 5 22 5 46 18 34 12 21 1 18 28 29 29 31 36 34 10 7 43 29 28 29 5 43 19 41 33 15 32 22 38 39 47 43 37 15 27 49 38 31 18 17 12 49 48 48 33 10 7 28 41 36 9 47 31 29 40 15 46 24 37 35 15 34 28 2 1 8 2 40 41 20 7 3 21 7 1 17 6
11 34 11 49 44 10 30 25 2 45 21 27 33 8 44 19 39 47 21 49 49 11 42 21 20 45 42 29 0 0 48 11 34 9 10 30 21 43 5 24 38 29 3 23 39 47 43 28 44 14 27 45 27 19 18 49 16 12 28 17 12 26 30 47 38 43 29 11 36 35 35 26 16 40 0 5 38 45 34 34 11 13 32 38 35 0 37 1 13 17 20 27 43 1 26 33 46 3 6 19
43 32 10 9 23 12 16 13 7 2 47 18 18 31 8 3 32 47 4 47 14 27 24 10 30 1 45 26 9 40 10 2 25 22 13 48 35 31 11 42 34 10 13 4 42 23 7 26 21 13 25 37 40 49 47 20 2 43 46 13 35 8 15 10 33 30 10 18 12 23 12 48 34 27 2 28 1 11 6 22 24 31 11 15 32 9 35 35 4 34 0 41 44 16 4 27 48 6 45 34
40 10 12 26 37 14 4 40 25 10 14 2 43 26 17 25 37 2 12 41 38 13 32 33 31 38 12 29 3 10 42 43 22 4 19 11 21 25 2 48 37 16 0 30 42 19 5 29 24 18 22 12 33 7 47 14 45 10 43 0 22 37 45 44 44 14 5 17 41 9 15 30 26 18 10 20 39 18 2 13 38 26 26 21 33 25 35 31 35 30 31 9 18 27 3 12 43 14 47 12
20 46 17 48 16 28 21 6 48 25 21 38 1 47 9 37 23 46 18 10 26 1 20 44 28 25 8 24 36 39 11 9 38 28 7 6 8 30 14 8 5 36 46 9 35 5 46 10 3 16 23 30 17 43 26 48 20 37 22 7 26 35 18 16 15 25 23 24 8 39 34 13 25 31 22 13 38 20 23 42 36 46 22 6 41 0 4 14 37 26 21 14 11 39 32 28 16 11 29 37
47 39 42 24 20 16 37 8 37 13 2 25 11 26 31 5 27 35 19 14 13 42 30 26 33 13 5 1 20 9 28 17 48 20 42 18 36 31 29 25 46 31 1 10 8 32 15 35 20 34 1 33 28 32 10 11 45 15 12 15 24 42 35 23 12 29 43 1 12 22 26 9 6 27 19 16 12 34 3 32 20 4 15 0 36 27 11 33 42 25 49 19 18 36 44 32 15 7 2 26
14 6 48 49 36 40 26 41 46 39 19 1 25 28 24 39 23 12 35 4 15 1 33 42 10 44 21 4 18 1 7 34 7 5 35 45 48 11 37 46 2 6 47 28 36 22 19 9 36 7 15 2 8 48 44 18 44 15 24 14 19 32 48 28 39 33 24 37 47 13 34 49 21 33 29 7 7 49 16 44 8 33 46 16 33 42 36 27 10 11 42 29 45 40 9 34 26 23 30 1
48 10 24 19 43 4 26 1 3 44 47 13 27 45 29 12 37 15 40 47 28 32 28 25 24 38 12 2 23 36 27 22 46 2 41 41 6 20 42 11 14 41 24 44 36 5 6 24 22 46 23 1 30 4 28 7 44 40 9 19 26 37 41 24 41 35 18 47 7 10 10 21 4 36 17 40 41 24 16 13 22 42 16 3 46 45 10 42 35 21 11 14 10 5 40 1 42 33 24 23
21 10 22 25 46 40 17 37 16 34 3 38 26 19 43 24 16 5 16 4 27 27 20 37 32 12 41 24 21 39 25 44 2 48 21 48 40 38 38 6 24 43 46 0 14 40 26 31 45 42 37 24 20 7 14 4 19 5 31 42 46 6 38 48 4 9 49 46 0 39 2 26 32 49 27 48 41 5 31 36 48 18 13 20 25 27 24 45 32 5 39 30 14 28 29 20 37 8 48 49
19 19 16 3 20 45 3 11 0 35 0 0 3 13 20 29 40 47 26 24 2 17 4 18 45 35 39 35 17 6 24 38 25 42 43 48 37 47 9 40 32 9 40 37 22 13 16 14 10 44 40 14 12 47 33 9 32 22 44 2 28 21 40 5 13 34 5 3 31 15 43 15 26 35 2 49 48 21 15 10 17 6 27 29 5 10 39 39 34 35 41 14 6 32 21 20 16 30 17 39
42 18 14 18 5 16 19 6 39 37 16 7 45 43 36 0 5 27 39 39 13 31 3 21 13 25 41 31 2 16 30 46 34 44 16 40 12 36 46 4 23 14 11 18 8 49 20 13 27 9 5 42 40 8 13 5 35 7 36 39 23 18 35 10 12 2 0 27 40 48 31 15 12 42 35 22 43 5 38 22 14 43 16 7 3 30 12 39 39 1 30 12 19 18 22 34 22 27 23 49
24 44 27 39 38 14 11 33 19 49 6 35 44 22 42 48 4 7 39 43 8 21 8 29 39 32 13 11 9 26 25 33 22 4 22 12 18 36 46 37 37 2 23 32 26 17 32 31 24 23 24 34 44 34 14 34 17 27 47 26 6 23 9 28 27 34 43 46 20 41 35 9 45 8 43 21 28 25 2 2 0 29 37 45 13 1 31 32 30 28 8 38 1 18 17 31 4 24 13 12
3 12 35 48 23 29 21 1 6 26 5 7 5 44 4 20 47 35 3 28 13 11 16 17 31 35 48 37 49 27 13 2 41 1 2 16 32 26 17 38 2 25 47 9 19 1 31 17 38 34 45 4 48 13 21 31 1 21 19 0 0 34 5 41 35 9 8 17 35 27 8 39 2 7 48 22 9 30 41 49 16 36 3 16 1 26 48 4 47 19 5 47 5 12 41 43 21 12 27 26
28 20 48 31 28 49 5 39 29 46 38 47 34 42 14 37 18 14 42 18 35 47 17 40 9 8 33 32 9 46 43 38 16 42 21 46 41 26 35 22 24 24 19 8 18 35 45 36 49 37 6 34 36 24 27 47 32 10 32 44 8 25 32 25 19 5 23 12 31 9 34 7 35 6 15 3 43 12 39 43 2 48 29 40 22 6 38 6 19 22 0 27 47 34 4 17 39 49 10 9
39 16 29 24 24 46 27 17 9 18 12 13 16 44 3 38 2 43 47 21 15 49 1 13 34 7 32 25 35 13 48 26 31 29 0 5 26 29 25 37 48 39 0 16 33 5 7 36 49 4 9 14 3 12 29 39 20 11 15 7 25 15 34 6 44 36 14 22 16 41 9 14 30 11 32 16 19 39 4 18 43 15 32 49 28 12 38 48 25 5 7 2 20 41 9 17 28 28 29 22
16 1 12 48 14 44 14 33 34 18 3 29 34 36 28 12 0 17 12 27 22 19 30 45 13 41 12 43 16 3 39 34 6 3 32 23 47 47 6 33 17 10 13 1 48 41 15 0 10 29 29 35 1 9 30 16 0 44 9 18 49 0 2 6 3 37 29 2 34 37 36 3 49 1 7 49 44 24 1 5 4 31 42 7 40 22 23 43 18 32 13 17 34 16 23 39 5 25 39 46
44 29 44 45 32 1 45 27 26 48 34 32 29 26 39 22 0 12 17 18 46 30 35 30 48 9 19 3 15 12 44 9 44 39 7 26 42 2 5 20 2 39 2 32 17 41 6 17 5 23 35 1 3 21 31 2 32 2 7 47 17 2 9 11 43 16 39 37 20 47 8 22 38 10 6 6 4 12 23 9 37 11 11 43 32 44 47 16 47 4 15 14 8 24 27 1 42 4 41 41
15 47 39 6 9 47 12 13 12 37 23 49 48 34 42 32 30 39 48 27 46 14 43 4 40 22 8 35 41 49 1 8 48 40 14 7 40 28 21 2 18 46 3 16 32 48 1 12 39 49 40 35 15 35 42 6 10 0 43 3 49 44 11 47 37 28 6 27 8 27 31 26 25 36 45 7 34 46 20 24 47 12 11 13 49 3 19 9 3 14 12 4 8 26 3 47 4 18 39 14

Teste 3
2 0 34 1 0 0 95 14 94 91 94 9 94 19 93 9 56 82 44 24 26 56 73 12 35 24 68 55 25 44 71 79 96 57 80 96 57 75 62 3 19 56 13 13 76 58 23 84 40 19 60 18 75 85 11 1 19 79 55 25 29 90 67 50 70 88 50 20 47 1 71 66 47 0 66 41 14 42 96 28 63 51 25 83 15 36 37 34 68 44 60 97 34 79 99 56 68 1 76 15
62 75 6 25 3 15 15 40 96 90 18 99 76 65 78 0 43 71 32 70 82 3 96 38 90 13 92 27 22 57 89 84 32 47 61 87 63 77 28 11 67 98 10 95 63 88 95 58 59 80 81 93 83 77 30 62 9 98 18 86 94 41 17 43 98 97 39 7 25 54 62 44 10 75 57 38 85 80 74 77 51 86 95 78 71 77 41 32 27 11 70 74 4 87 17 54 85 8 13 62
85 25 34 20 59 41 18 82 43 74 69 25 64 49 42 79 64 36 37 55 36 60 83 34 32 27 78 20 28 31 47 66 56 34 86 15 75 56 50 70 82 19 95 46 20 37 25 36 25 14 92 61 74 27 83 25 91 75 5 13 32 46 49 17 94 63 56 9 40 84 72 59 82 82 54 98 23 50 56 34 82 37 80 17 15 63 42 6 91 99 71 75 46 72 44 92 35 1 53 75
44 24 42 97 29 70 74 22 76 36 93 96 93 26 90 26 6 96 65 11 28 39 25 91 66 56 67 32 66 82 45 11 6 87 60 87 58 35 62 86 23 55 82 16 81 24 94 39 20 59 51 1 50 28 47 7 54 25 79 35 56 26 1 64 12 39 32 39 47 82 9 29 53 4 76 25 93 53 61 19 20 5 80 94 32 80 53 39 5 32 74 14 11 75 78 23 14 10 15 61
71 37 55 84 52 60 31 91 60 17 51 71 58 64 84 27 74 66 33 95 49 42 61 29 69 84 42 75 50 50 42 21 39 49 6 91 10 89 82 22 6 86 45 16 2 81 43 76 48 77 23 49 71 85 44 16 84 11 0 3 45 45 66 4 33 26 91 43 13 5 29 36 13 63 5 46 87 99 86 60 11 89 13 61 69 57 30 6 21 82 9 66 28 75 70 13 53 14 56 67
54 69 48 83 9 13 14 83 74 73 5 12 56 28 26 24 81 80 65 58 7 29 57 43 86 17 43 97 85 17 47 92 86 95 75 47 61 89 31 87 62 88 0 19 17 26 95 50 58 13 9 17 42 66 78 93 21 72 68 71 22 62 92 61 11 50 4 21 39 38 95 97 76 40 13 31 22 9 7 22 38 31 23 61 68 53 54 89 25 74 12 99 36 56 60 48 59 16 21 50
46 84 70 29 9 85 28 12 96 30 25 19 93 8 37 23 52 36 40 53 12 79 31 65 84 72 90 81 77 53 7 23 37 78 52 98 63 33 62 59 15 40 31 61 48 68 84 1 56 24 6 20 4 89 61 80 36 56 77 21 25 25 13 63 72 40 11 85 29 42 73 44 30 25 63 99 3 10 2 13 23 11 31 66 29 44 98 65 0 76 39 78 1 4 41 25 45 52 11 26
89 4 83 13 68 15 38 53 83 63 95 76 47 9 72 67 8 61 1 36 22 26 49 12 16 33 61 77 38 31 42 80 87 77 93 56 45 83 61 28 99 8 4 46 17 29 13 26 42 67 14 64 45 15 85 40 61 28 21 90 81 28 14 71 6 18 21 22 3 84 33 19 24 64 80 72 33 16 25 41 40 31 62 96 20 99 88 34 27 9 24 61 90 90 84 48 9 5 70 64
33 29 34 72 26 31 80 51 41 15 19 70 63 51 44 27 12 79 90 63 10 44 87 25 65 73 55 53 27 97 89 60 26 24 84 4 7 65 56 48 32 75 70 95 26 14 74 38 45 17 53 7 61 40 77 61 48 90 91 38 21 85 18 9 14 64 17 59 99 30 40 98 39 44 44 56 73 10 82 15 77 48 32 22 63 9 35 63 51 78 2 24 63 20 85 30 36 2 89 36
69 42 69 21 20 55 50 13 68 18 3 50 90 0 94 3 83 20 34 6 78 57 14 9 34 39 90 5 84 80 83 5 22 52 26 94 60 29 59 80 99 62 31 89 15 77 45 50 97 31 56 27 88 70 33 78 65 88 32 93 85 73 5 64 97 90 68 4 7 24 4 39 51 26 86 77 92 13 67 90 30 20 97 43 13 30 74 78 71 58 71 8 31 77 24 81 19 93 37 78
31 53 60 32 97 11 53 18 59 71 36 90 98 33 58 95 18 4 53 35 79 61 10 22 20 23 34 9 63 78 60 94 83 20 78 80 84 83 98 43 55 86 34 5 71 44 0 89 48 5 24 80 67 87 36 75 61 79 80 45 59 16 51 33 68 29 79 80 10 39 61 9 1 92 51 68 69 48 18 18 79 74 45 67 97 33 94 58 64 75 56 75 91 59 60 11 88 40 92 99
51 88 78 20 87 27 9 29 76 39 24 82 45 99 8 39 29 21 42 47 86 23 35 12 74 73 71 75 45 47 13 48 36 43 68 75 70 29 56 98 20 81 81 66 32 89 57 61 62 51 60 0 74 96 2 87 10 88 48 25 66 60 71 1 33 49 81 17 85 79 12 92 17 46 97 88 42 49 30 43 54 54 75 73 93 77 13 3 18 13 28 36 74 99 38 59 1 19 76 86
7 17 2 43 57 61 64 37 25 47 32 92 90 27 34 33 87 77 97 83 97 84 64 10 38 16 61 82 20 72 95 27 90 49 70 47 10 87 36 35 34 68 80 76 47 14 9 86 92 58 70 41 43 34 13 49 21 84 76 18 84 42 18 72 85 39 47 8 68 3 6 89 36 39 7 69 80 64 82 42 15 43 95 42 91 8 91 64 44 19 35 80 61 53 52 99 92 51 59 13
33 49 36 68 39 9 3 48 91 77 49 83 20 91 71 50 41 43 34 7 31 40 63 82 48 3 98 28 69 84 71 2 85 59 22 77 68 78 25 59 55 75 95 27 18 18 29 59 61 63 19 93 4 34 3 33 2 17 15 22 89 63 49 79 12 72 78 23 59 15 10 45 35 90 21 35 57 82 21 1 92 43 42 35 77 97 20 32 14 88 6 56 51 56 87 63 80 66 86 91
60 43 85 37 86 80 85 47 9 44 21 2 22 89 98 86 84 51 88 56 89 97 91 36 18 73 46 74 31 45 91 44 40 76 81 78 8 18 77 18 14 99 20 36 88 70 75 24 74 63 80 63 12 71 27 4 37 25 85 6 62 56 60 47 16 83 24 84 61 2 96 68 77 91 95 95 61 77 7 22 40 78 67 96 12 95 1 50 20 86 8 82 94 69 82 10 4 58 47 65
81 38 95 76 12 26 59 56 84 66 27 6 6 13 92 17 50 8 28 38 85 68 21 10 35 44 10 60 81 46 13 15 84 61 91 96 87 3 4 24 69 31 30 75 44 22 44 47 82 73 85 68 93 58 51 82 96 50 56 80 95 47 24 36 23 57 66 84 28 44 2 42 43 74 31 83 44 6 7 18 21 87 34 34 11 85 16 59 87 25 39 83 24 15 71 0 25 37 84 53
64 90 50 70 51 96 72 86 38 74 3 54 8 41 14 53 8 55 99 68 89 33 17 26 70 89 82 0 78 93 32 42 35 82 64 38 78 89 76 68 63 79 74 23 20 41 76 29 96 28 49 86 13 66 30 28 2 92 41 35 38 54 2 22 15 94 18 55 97 22 79 18 6 61 46 2 83 90 49 65 15 34 85 60 92 67 89 46 59 82 82 97 36 84 19 4 30 89 11 79
5 64 54 33 39 79 81 55 32 10 68 13 40 70 59 88 37 89 92 53 55 34 13 89 57 2 25 24 12 41 30 69 58 36 2 49 15 35 5 99 97 73 64 37 43 76 78 32 65 70 86 73 5 99 64 83 55 98 84 86 43 68 80 30 50 45 68 80 86 96 48 49 75 23 72 48 64 1 29 12 81 78 50 94 96 66 78 4 64 14 90 59 34 70 89 84 67 9 16 53
93 64 43 68 56 59 39 25 53 94 63 17 35 22 91 75 47 78 68 65 56 79 16 55 77 14 66 69 58 54 37 51 18 80 72 27 91 63 4 44 57 67 14 92 89 5 67 88 83 87 53 40 67 21 14 14 1 40 90 65 33 72 87 43 9 41 45 76 77 50 76 74 75 92 64 70 68 42 3 86 64 89 59 21 40 73 35 93 65 26 59 51 98 98 46 59 39 91 36 16
84 62 80 72 99 17 54 42 22 24 20 66 47 90 29 92 59 36 77 93 61 8 0 89 37 45 53 39 7 43 25 91 5 5 16 5 75 70 99 49 94 19 67 93 61 96 38 72 84 15 17 98 24 17 47 96 36 65 65 46 20 3 97 38 83 21 65 27 84 21 71 93 88 85 85 29 42 4 18 78 44 23 70 11 45 17 7 33 34 73 79 54 76 28 93 11 50 10 38 86
14 75 17 34 5 56 16 31 85 21 41 77 44 2 46 37 50 79 44 38 65 21 15 80 63 33 82 83 49 46 7 15 73 24 50 30 32 18 61 17 39 54 46 84 8 44 21 58 24 65 49 89 38 64 87 13 62 40 52 70 84 29 13 41 87 29 98 62 99 97 11 45 68 78 39 81 26 77 53 10 92 23 8 68 40 96 81 55 88 33 77 24 15 90 18 2 20 16 64 71
57 73 56 32 40 18 16 4 0 11 44 52 54 73 41 14 23 84 22 76 64 81 82 40 6 62 88 51 50 88 82 59 61 39 92 54 57 60 10 9 71 55 61 26 80 55 40 4 39 62 80 4 44 63 69 1 49 3 37 98 1 44 66 26 20 68 56 52 86 69 21 25 75 67 9 84 64 82 42 88 99 43 29 89 7 98 91 8 53 80 59 54 76 25 80 96 93 88 0 79
12 7 86 23 18 80 66 85 65 65 91 65 44 5 61 39 63 60 63 59 64 67 32 9 10 44 82 89 1 43 60 13 2 99 88 72 31 6 57 48 71 0 14 16 5 75 7 21 87 70 80 52 89 64 96 2 77 85 54 80 25 88 39 39 27 31 93 36 44 55 98 15 10 59 93 91 14 33 47 6 48 79 62 44 94 58 98 72 95 4 4 21 93 43 60 72 27 5 9 71
48 37 70 75 35 79 60 60 95 65 73 33 51 38 60 4 69 87 14 95 6 36 11 27 81 20 1 41 46 6 71 47 95 41 74 82 21 34 42 16 0 68 2 3 6 62 7 27 49 73 22 8 10 34 61 99 8 95 89 9 38 1 74 92 0 63 65 83 69 74 32 41 75 46 57 32 73 16 53 61 86 85 65 75 1 78 26 9 26 67 70 16 69 45 9 21 8 74 5 77
70 14 52 56 59 68 1 15 96 73 24 45 19 41 56 52 93 62 91 34 54 35 70 53 83 47 54 57 99 78 97 70 44 49 26 4 70 79 71 66 4 47 63 76 88 71 28 81 33 19 68 87 54 38 35 43 6 36 85 5 94 8 52 41 49 26 23 22 13 18 91 13 86 93 16 44 55 75 72 57 49 94 65 59 80 52 54 39 89 91 44 35 99 96 77 49 74 0 23 87
67 26 74 15 22 19 3 41 44 76 93 36 66 85 86 93 70 73 10 3 10 59 65 91 66 1 69 7 15 62 12 82 88 86 49 62 57 4 55 1 80 1 89 46 86 75 92 9 0 2 64 10 13 29 93 89 85 47 46 84 77 95 54 22 45 33 78 15 12 1 33 69 48 96 45 88 67 73 21 52 92 89 40 98 27 33 87 64 32 85 49 10 81 55 84 26 40 14 93 53
16 43 44 66 82 11 2 49 74 99 15 39 60 44 69 50 27 31 74 86 83 95 82 37 51 9 32 87 77 77 63 46 72 7 12 6 71 66 55 45 65 23 85 77 67 54 79 95 37 53 33 20 0 15 54 31 82 23 38 97 38 2 31 78 40 32 41 97 36 96 98 68 97 39 67 36 14 11 45 66 65 9 77 78 90 83 61 72 58 0 21 96 54 4 75 95 36 68 92 24
9 75 74 90 41 98 38 62 54 85 20 62 13 50 71 8 91 30 81 26 32 60 32 86 91 82 53 87 34 52 66 96 79 92 86 21 42 76 35 96 61 7 59 74 57 30 82 0 12 63 78 96 75 11 58 51 77 42 90 54 71 53 0 43 60 64 50 31 30 57 77 47 80 14 24 48 20 3 95 58 56 28 78 8 43 88 59 72 83 49 79 54 54 31 50 15 96 52 98 26
82 39 11 21 58 92 22 6 55 23 19 34 2 29 41 93 25 14 81 62 46 49 92 3 97 45 76 11 96 60 19 30 51 30 52 9 22 26 16 77 49 87 64 51 68 57 44 94 71 25 8 70 26 0 35 67 45 88 6 32 92 24 28 24 16 14 97 59 42 32 55 3 39 66 29 48 48 63 49 13 79 27 9 54 90 44 73 36 85 80 68 77 4 48 53 73 62 50 32 56
85 67 12 18 74 19 68 38 70 64 73 47 21 31 3 78 13 86 81 49 55 30 49 82 55 66 49 57 9 77 66 46 44 30 65 70 49 85 8 19 2 33 19 23 16 74 1 30 60 34 31 15 16 32 25 75 46 53 86 94 13 57 24 64 87 28 26 61 54 42 91 3 81 55 55 50 12 51 96 35 77 4 5 55 5 82 31 3 35 69 97 48 27 73 65 14 2 43 76 56
59 45 37 46 62 27 50 52 71 84 55 48 53 21 42 55 89 59 59 56 57 76 47 50 4 62 24 12 19 24 82 30 69 19 76 83 46 27 88 17 63 43 18 17 16 12 24 57 71 35 13 28 64 12 98 71 51 99 29 12 76 47 59 72 77 76 42 26 13 2 45 15 35 16 90 52 90 91 34 50 77 17 66 93 1 16 65 52 15 46 17 91 93 28 63 22 56 57 48 69
70 87 10 40 59 77 26 43 20 21 2 50 29 89 93 1 58 56 47 33 4 90 90 67 12 99 16 42 42 1 54 13 89 64 5 48 93 32 44 65 5 46 67 87 88 60 88 46 68 36 32 72 78 22 30 20 26 6 33 97 30 15 27 51 86 55 35 32 82 75 2 98 70 72 67 86 84 91 43 7 78 8 87 42 20 69 63 46 75 96 43 5 63 70 56 49 77 43 33 12
49 73 89 42 9 4 23 58 8 50 76 99 14 18 21 48 51 86 55 44 40 31 98 33 35 2 85 78 57 41 92 6 14 81 48 76 38 71 34 46 73 62 97 87 80 19 87 32 5 95 76 98 26 27 91 43 21 7 85 16 61 91 81 50 7 86 98 52 70 94 69 76 41 36 63 81 97 3 27 17 39 11 90 70 34 33 65 7 41 2 23 54 93 4 4 52 91 2 4 61
26 73 91 80 28 20 66 2 88 37 33 3 36 63 92 62 28 98 17 62 97 11 10 83 2 88 91 37 22 59 87 48 84 79 28 12 51 47 66 39 36 99 94 72 14 86 34 42 84 3 56 33 67 67 83 13 29 21 44 86 62 36 44 29 69 92 5 7 15 91 5 41 54 3 28 86 74 68 18 31 63 47 29 89 74 13 54 55 34 98 94 96 86 38 77 56 83 82 15 50
34 61 37 71 21 3 22 72 2 68 7 5 71 75 75 40 13 66 17 63 63 23 36 6 7 13 25 49 62 19 97 96 80 87 19 54 90 41 26 92 10 33 50 81 60 25 73 25 92 90 40 55 65 77 69 69 55 60 6 77 71 93 26 55 24 6 19 75 5 85 66 41 85 60 13 51 98 47 94 35 51 50 68 70 69 37 39 76 50 97 6 21 42 32 77 67 90 96 94 96
59 15 34 23 10 42 47 31 27 96 95 3 86 15 45 53 1 63 15 29 55 81 67 18 99 99 40 41 32 15 48 44 30 82 67 93 76 14 24 4 10 19 59 49 87 56 54 88 19 69 69 74 50 36 13 24 90 90 74 4 10 71 52 42 58 71 48 48 65 26 93 75 11 43 8 72 20 33 49 12 76 90 20 41 67 85 66 9 76 40 14 38 63 18 32 22 42 81 22 7
79 73 78 6 95 39 69 74 54 23 73 90 95 98 77 6 68 66 53 75 99 24 87 27 59 82 34 81 9 96 0 88 21 31 95 69 22 16 43 28 39 68 18 86 66 96 93 86 14 98 14 65 23 1 45 50 87 37 43 72 52 44 16 35 26 83 28 55 97 4 11 59 75 70 8 62 27 15 2 98 84 71 73 35 59 70 37 47 7 32 19 60 76 35 95 55 70 75 62 19
30 95 49 13 67 80 14 87 4 1 69 78 3 69 28 58 14 12 1 87 12 89 35 32 64 85 52 71 2 98 80 32 45 81 97 12 13 11 99 69 13 20 47 68 42 27 78 56 39 79 95 51 68 83 93 34 36 27 16 45 76 68 86 97 99 33 18 21 49 62 1 40 82 20 79 49 68 24 87 82 22 1 48 97 3 93 32 91 72 0 36 48 68 74 98 20 7 16 93 8
69 65 95 88 67 44 49 97 23 19 67 29 84 40 8 32 1 19 0 50 38 39 90 45 37 66 73 88 89 35 54 58 0 2 47 19 98 48 69 22 67 36 3 3 28 11 87 29 82 88 31 72 79 74 36 32 68 40 56 22 38 88 55 83 69 52 47 34 16 46 3 29 67 2 97 61 30 27 17 69 6 65 73 26 48 9 11 16 49 67 39 40 55 46 23 76 50 71 62 66
58 78 69 16 71 31 6 76 28 25 68 66 75 80 35 52 13 21 68 89 64 66 43 70 3 30 94 78 18 34 93 28 12 62 96 36 45 2 64 25 27 32 43 54 64 78 6 78 99 27 67 15 93 62 17 17 40 42 57 29 77 63 39 29 65 38 1 16 87 70 38 6 58 41 10 38 5 97 19 39 37 50 12 17 24 81 86 16 24 43 45 53 6 37 35 72 75 88 88 62
81 30 53 50 30 79 83 60 63 46 89 75 28 86 83 73 21 40 63 41 75 67 31 81 65 57 25 54 55 48 36 36 78 41 38 60 20 73 20 35 19 10 10 48 48 46 21 70 86 36 63 61 3 46 38 48 44 84 78 14 19 71 42 83 85 38 19 30 92 84 56 19 68 99 26 33 78 32 11 29 11 30 45 56 93 35 4 89 19 35 4 38 6 98 74 92 37 45 22 81
51 9 20 44 36 51 86 8 56 50 67 97 29 90 93 7 56 11 88 94 56 81 0 16 73 9 33 3 28 31 92 79 40 65 24 76 16 62 85 24 65 4 73 46 94 67 53 3 30 42 97 38 75 50 94 21 56 20 75 11 20 63 47 98 56 86 11 76 59 31 64 31 93 26 31 42 72 4 64 58 41 27 71 44 25 66 17 81 86 45 92 6 60 40 56 17 78 67 45 89
20 1 22 53 32 43 80 82 18 11 14 34 91 84 30 21 8 73 10 77 24 38 68 22 86 71 84 28 66 28 80 38 81 55 91 65 98 72 47 68 35 13 55 26 97 85 47 57 58 9 34 34 47 3 54 0 59 40 55 87 71 47 19 63 12 43 40 81 57 25 5 22 81 31 69 27 50 22 30 80 16 28 18 43 78 24 43 89 16 98 28 39 98 47 3 10 42 43 43 0
71 51 2 2 79 66 30 91 29 67 14 1 39 72 24 66 38 33 72 97 8 74 77 34 60 63 9 25 16 40 89 87 91 91 41 70 57 71 14 38 90 28 39 30 52 16 48 90 49 72 39 10 47 16 56 85 26 41 66 45 21 46 83 54 1 27 19 52 51 66 20 86 79 75 64 28 12 63 85 23 72 72 57 71 27 14 9 5 7 75 50 80 73 86 34 75 13 53 79 64
3 85 45 57 95 20 15 20 43 63 95 39 3 32 34 60 61 41 48 47 84 83 78 54 57 98 42 11 28 62 15 84 47 12 41 94 32 8 15 75 23 62 15 27 95 1 87 8 94 35 8 79 70 86 44 59 79 5 85 47 45 26 86 88 18 27 59 27 50 73 66 41 53 57 23 6 25 71 48 75 96 88 85 95 56 29 54 36 34 91 35 31 18 22 19 88 1 78 67 4
7 71 43 73 16 96 85 62 87 58 54 14 39 26 63 59 83 92 15 20 12 88 47 38 10 67 82 78 24 28 96 31 99 91 56 67 87 94 29 75 52 36 41 44 62 56 3 97 48 18 17 12 6 16 33 28 36 28 39 65 42 6 49 89 18 42 36 50 50 51 25 73 65 92 52 12 46 39 21 40 26 29 71 97 67 5 77 56 85 68 21 27 74 22 68 44 16 4 94 18
70 51 65 18 96 7 81 97 52 40 98 67 17 63 40 9 78 33 37 29 24 25 92 61 3 19 36 29 28 35 49 98 87 66 69 35 74 50 33 26 90 83 46 59 99 86 21 77 72 10 59 48 35 3 50 68 83 84 98 7 12 94 91 63 85 47 31 25 41 60 52 46 48 93 90 10 1 45 7 1 15 76 13 73 92 15 41 76 99 91 35 63 85 26 26 22 26 57 99 19
1 99 0 54 27 33 44 90 37 44 16 94 10 34 17 38 28 27 89 82 19 29 87 34 12 81 90 99 86 12 18 40 63 18 46 43 4 90 33 41 86 1 35 49 36 4 87 16 31 29 50 3 58 37 75 83 71 56 33 89 51 18 43 89 94 99 10 13 33 96 78 80 52 28 33 38 63 51 99 73 57 66 66 23 76 93 58 99 2 92 88 53 62 83 94 56 34 5 69 19
90 71 65 79 14 38 4 65 50 49 96 92 92 33 44 24 56 67 74 10 60 86 59 97 94 64 94 50 70 57 91 60 81 8 91 95 98 47 13 0 96 61 44 88 94 88 12 50 55 39 12 67 25 72 37 71 18 79 70 57 43 40 49 7 11 95 50 15 85 35 8 24 37 43 73 25 99 12 93 30 41 43 85 0 80 22 71 50 54 93 59 97 85 8 4 96 3 54 63 41
48 67 9 71 86 56 40 46 67 12 62 70 97 97 49 5 49 0 2 12 25 57 95 18 35 32 35 75 18 75 78 66 42 87 89 81 95 82 27 62 94 41 84 91 90 34 49 39 34 51 51 11 60 99 65 71 88 11 73 58 20 64 71 1 24 62 49 22 10 62 75 6 23 19 47 17 8 11 20 15 50 84 83 27 56 0 51 96 63 24 55 83 41 26 85 65 40 34 40 50
15 83 16 56 68 46 87 36 77 10 42 59 85 59 1 58 58 90 15 22 1 22 31 13 50 78 65 35 46 51 65 61 86 33 69 54 31 8 42 8 19 84 67 4 44 68 14 2 10 30 77 11 52 60 29 95 31 65 22 50 92 0 68 87 87 58 68 82 92 47 97 86 41 33 30 31 67 79 71 54 30 74 17 42 73 47 37 5 64 59 7 8 12 75 95 51 85 15 86 77
0 44 28 64 94 34 25 12 54 40 40 5 32 80 8 84 96 17 26 55 65 5 6 71 86 41 66 37 61 31 67 13 28 47 29 22 81 6 35 35 46 27 40 78 7 0 14 4 70 41 11 35 46 69 25 2 38 42 90 36 93 55 49 31 40 18 85 71 79 80 79 98 64 98 54 60 18 68 63 28 50 40 39 3 0 64 57 90 6 47 79 51 54 28 82 94 99 20 65 30
97 18 13 74 66 66 58 67 34 51 38 43 2 44 51 75 61 95 59 2 60 18 99 66 65 36 8 31 35 70 21 84 88 86 58 6 4 69 74 39 20 12 34 22 57 37 50 70 32 9 72 93 27 23 6 84 10 24 21 23 8 88 88 36 35 18 10 68 24 97 56 23 25 48 1 84 49 16 40 19 9 51 6 7 21 64 92 83 89 13 7 97 54 95 85 41 65 47 62 90
35 67 83 62 31 40 97 85 99 51 20 15 80 51 62 81 42 50 44 53 65 54 57 76 99 42 74 86 16 11 87 3 30 70 65 62 63 63 47 62 66 19 30 46 71 92 79 13 94 24 18 59 30 75 59 92 11 19 23 46 41 96 83 81 34 41 88 39 62 62 30 82 74 64 57 83 2 7 53 34 16 77 79 95 0 39 87 11 10 63 10 52 11 93 33 46 86 73 37 49
69 2 90 62 87 77 79 65 43 9 37 85 9 20 57 37 92 60 83 78 82 67 94 12 41 70 19 21 17 18 24 38 73 14 53 60 43 32 25 38 93 14 23 54 35 33 44 27 93 27 57 27 47 3 88 30 18 14 68 86 78 55 89 8 77 7 22 40 70 22 3 88 41 33 86 64 25 66 30 72 90 48 31 20 76 71 2 46 86 70 32 64 77 73 24 7 80 47 47 2
10 21 59 17 34 33 58 81 99 31 72 96 8 91 41 41 2 73 99 71 19 48 73 3 82 77 38 55 95 73 99 6 94 10 23 81 95 33 62 46 64 34 42 25 78 83 18 80 9 17 3 80 17 76 39 88 73 10 61 43 29 85 33 2 52 86 14 47 70 92 86 15 6 61 22 41 46 66 20 39 45 77 19 92 80 58 32 6 69 94 49 50 31 82 52 35 21 18 83 43
99 81 60 75 36 69 80 75 47 66 27 95 54 60 59 71 76 75 92 18 50 14 7 83 95 43 36 5 5 56 34 5 37 94 32 74 15 64 1 63 30 29 58 37 41 69 8 17 45 52 35 95 67 94 83 51 53 74 7 0 47 58 6 94 20 81 75 15 15 89 61 31 75 3 8 53 39 26 33 0 95 88 80 12 16 16 16 69 90 23 22 89 33 28 83 53 10 10 68 77
82 94 17 56 86 85 23 47 13 7 6 46 78 60 45 44 97 11 99 49 47 49 82 89 99 28 82 33 65 94 19 48 40 37 56 26 74 32 25 40 91 83 86 70 95 83 66 92 46 17 94 94 66 76 79 14 37 67 71 43 76 5 0 65 51 84 91 67 48 93 82 31 74 92 68 15 61 28 84 6 80 19 54 99 65 85 13 3 52 84 98 80 41 50 46 93 34 37 60 34
0 37 44 94 0 20 84 95 13 66 88 72 94 27 0 98 49 94 6 40 89 87 46 58 90 7 86 23 1 50 66 1 40 63 48 40 35 32 87 48 98 27 72 92 54 73 42 3 19 48 95 60 87 93 83 65 4 17 50 21 63 21 69 3 58 78 81 85 10 58 25 1 42 11 23 37 94 41 82 41 58 76 87 76 4 22 93 8 91 95 29 6 17 51 9 27 81 42 12 43
2 49 98 9 92 79 70 8 54 87 95 77 0 91 39 58 57 32 16 33 82 28 68 4 99 50 61 73 77 92 34 79 41 84 40 34 15 10 94 69 98 90 46 50 33 86 8 42 70 24 27 52 5 95 19 30 0 57 53 1 59 72 55 99 35 3 40 70 87 27 18 37 55 91 81 61 16 23 65 35 23 12 95 62 6 66 92 58 23 98 12 83 70 19 82 57 74 74 79 61
68 56 67 97 41 24 59 63 40 16 56 81 0 52 79 79 5 86 57 30 70 61 17 23 20 10 25 24 43 48 85 64 4 5 61 97 29 73 61 69 41 69 3 93 21 34 72 26 20 81 9 43 95 78 56 4 98 69 30 75 61 64 54 54 1 94 40 16 56 35 86 54 77 32 56 62 70 64 4 40 41 32 44 98 79 52 54 77 73 84 52 86 1 58 41 2 4 33 70 61
5 94 16 85 33 88 39 7 32 19 54 10 60 95 35 79 3 23 86 7 55 28 3 15 18 0 10 21 94 67 58 0 61 26 85 95 14 24 54 99 95 60 61 55 56 97 86 11 72 72 19 79 53 22 66 15 88 44 39 83 92 77 47 48 34 61 98 63 86 11 84 27 80 39 20 1 74 44 80 46 78 89 89 73 67 8 88 7 52 79 90 96 8 90 44 42 51 42 57 37
49 0 93 49 9 27 57 67 0 28 97 97 19 7 47 84 64 68 23 78 87 32 17 9 9 93 13 93 3 65 60 4 65 54 5 26 33 14 93 85 42 91 82 13 50 81 97 67 2 73 45 89 5 14 95 71 74 5 93 69 24 3 69 86 82 54 33 96 31 39 47 26 0 9 34 8 6 20 19 30 45 90 10 98 65 5 21 39 62 66 8 38 22 77 24 4 84 9 0 15
34 24 79 43 8 25 55 26 68 33 97 37 9 6 10 0 64 2 50 86 6 16 88 35 0 84 94 9 52 69 55 39 93 34 34 54 11 89 80 32 75 29 69 84 35 31 84 52 34 87 90 92 3 78 98 66 8 11 12 63 28 72 19 94 78 24 20 64 38 66 49 80 9 84 94 59 17 43 78 19 16 24 8 73 90 58 40 50 21 4 13 50 28 32 96 7 8 68 23 46
44 42 91 48 13 84 91 67 65 86 56 34 71 41 9 34 5 88 63 95 32 10 32 47 15 8 69 12 27 61 95 71 55 38 71 20 74 62 88 39 0 96 25 71 89 35 57 94 23 20 90 7 31 74 79 55 14 25 64 66 94 20 57 88 6 92 42 18 33 74 50 8 3 71 93 91 2 29 43 88 68 85 33 23 63 12 79 77 90 43 95 36 63 5 24 22 97 18 40 30
68 11 45 26 50 40 73 76 93 66 25 18 50 86 26 59 2 80 3 99 50 9 37 77 51 25 5 50 35 54 24 3 65 70 29 67 10 54 43 55 21 21 73 23 7 99 82 10 32 86 61 34 47 50 7 98 82 28 11 61 42 58 85 97 48 56 70 22 71 10 61 71 58 39 95 47 74 52 41 49 73 83 9 56 57 16 54 92 44 17 5 38 27 90 36 75 99 58 97 22
15 14 51 40 5 2 20 48 88 14 22 59 69 83 30 26 55 99 12 95 17 61 11 12 29 67 55 97 31 56 21 98 23 72 38 28 27 10 28 15 24 51 26 45 34 56 72 41 55 84 36 24 97 99 11 98 28 68 49 63 23 25 67 88 95 48 8 58 55 51 13 28 72 39 51 80 90 33 42 74 71 55 8 18 5 72 17 33 40 18 49 63 43 68 4 91 16 64 49 23
98 30 48 38 75 71 64 29 18 79 39 1 34 25 81 41 52 39 67 23 76 94 0 62 73 4 73 94 17 36 17 67 18 65 5 46 88 69 75 58 0 14 59 87 91 40 28 43 31 95 67 59 41 19 89 78 18 96 75 1 53 48 0 76 73 90 56 52 1 85 67 25 88 93 23 74 2 95 15 9 31 3 34 80 55 75 58 25 71 85 27 76 86 79 52 11 69 61 63 70
35 25 10 81 77 89 19 21 48 1 48 3 49 86 0 21 47 63 68 7 39 12 55 41 20 57 90 99 64 74 69 51 99 79 85 28 20 4 1 20 5 49 24 7 87 76 28 86 39 48 93 78 12 48 22 66 75 47 61 45 36 78 12 6 95 70 52 83 39 28 41 92 94 52 79 86 44 7 29 27 3 48 86 96 19 60 63 47 60 24 92 96 2 56 2 97 26 7 32 18
95 27 66 63 31 2 70 11 18 64 82 34 52 83 62 40 55 78 90 40 78 14 64 35 69 74 27 38 54 26 27 49 54 45 64 37 99 35 1 17 51 83 51 3 19 65 95 74 44 85 15 74 52 79 71 84 58 13 35 74 87 4 78 38 35 15 66 7 19 67 28 77 68 4 84 55 80 64 42 19 64 87 49 28 88 20 64 98 85 0 24 72 4 2 10 40 17 28 99 89
49 7 80 44 16 1 10 90 21 50 13 26 6 10 84 45 16 62 90 63 52 47 73 81 19 56 99 69 46 0 32 47 7 13 43 23 66 53 66 39 3 79 65 61 89 49 6 57 64 48 21 16 48 46 9 21 6 36 59 60 15 39 62 69 84 26 58 36 13 59 53 65 95 57 20 14 74 68 88 70 5 55 45 57 87 6 78 45 95 38 57 10 29 19 31 65 98 89 1 63
50 87 14 36 47 31 62 56 6 46 82 82 3 24 6 11 68 49 21 65 80 85 63 84 0 23 25 11 71 69 21 73 8 35 61 55 66 76 64 25 22 46 7 78 22 14 89 42 15 62 7 96 47 22 50 67 55 1 88 53 1 20 0 61 85 43 36 3 48 54 42 3 33 8 17 74 9 75 84 73 24 57 42 24 55 44 43 10 45 31 63 98 51 63 59 89 58 96 44 58
8 72 71 64 99 59 43 92 88 15 49 79 95 5 22 49 42 13 0 87 71 20 59 14 38 66 80 16 68 37 77 28 62 48 44 61 59 87 54 47 55 55 78 2 60 1 51 54 66 51 42 90 24 1 32 0 97 57 63 20 26 84 46 35 72 7 42 90 83 6 15 58 4 75 88 78 41 29 20 56 91 79 4 91 2 36 91 99 93 6 20 72 42 66 7 14 25 49 57 61
69 91 84 31 39 97 6 40 61 36 60 77 59 17 68 84 31 22 81 33 11 18 57 7 27 21 62 49 82 88 26 3 32 11 35 71 60 41 64 22 29 24 99 89 93 67 25 76 42 7 9 53 77 18 4 14 20 84 30 40 74 59 68 36 7 64 49 18 4 55 17 59 62 48 61 23 49 12 29 67 15 71 57 39 25 13 54 97 50 36 37 24 96 57 12 55 21 61 74 25
5 75 13 67 56 42 71 5 48 4 99 61 46 47 3 58 6 3 58 44 60 32 45 2 36 45 40 4 16 37 82 73 13 95 92 69 89 16 26 89 20 26 50 18 25 6 76 83 9 87 28 21 71 25 12 57 39 74 6 74 15 32 77 47 95 64 70 56 58 34 30 87 10 29 28 4 48 54 80 42 13 42 47 42 60 59 99 0 86 5 74 1 90 51 48 37 68 70 45 26
49 81 74 46 8 40 67 92 83 24 38 65 61 5 67 24 0 80 9 63 56 86 31 82 30 70 1 83 1 59 61 51 40 35 97 0 75 16 45 11 41 83 76 54 40 43 78 92 75 88 55 84 26 38 76 7 23 68 63 91 5 97 16 18 93 8 40 34 24 18 24 96 96 26 14 21 32 43 5 93 30 85 67 1 10 43 61 85 11 76 76 68 74 92 87 19 1 79 5 77
96 10 36 52 13 62 48 64 19 88 90 64 83 52 35 20 80 67 67 81 90 76 60 67 50 15 83 35 42 15 51 90 26 87 42 91 2 90 7 21 78 97 86 13 1 73 34 82 92 53 63 83 81 75 66 56 9 20 92 62 79 53 13 71 88 10 24 15 79 69 26 20 4 3 26 96 98 5 88 26 45 95 10 71 85 28 79 46 48 71 9 79 76 22 3 64 85 27 32 64
32 9 73 60 85 30 89 82 21 0 23 17 74 48 94 75 22 2 20 30 30 98 39 32 4 75 92 76 82 68 10 66 29 35 78 14 65 67 48 86 67 24 3 93 72 49 21 94 51 41 77 33 91 68 50 31 91 33 19 33 49 70 24 27 10 18 18 12 9 26 85 39 75 23 5 77 97 91 11 89 44 74 72 25 1 22 8 92 8 27 78 57 50 54 36 60 72 6 24 33
31 50 20 81 28 27 3 56 4 24 87 25 21 51 38 87 81 49 49 73 32 89 94 53 78 74 94 93 31 20 51 15 70 23 96 51 51 52 59 7 76 46 32 49 49 22 37 31 24 86 56 8 28 50 65 95 44 9 23 78 29 33 96 59 20 75 25 85 42 74 23 62 98 78 55 22 27 76 68 79 69 45 12 12 66 30 59 10 39 83 40 69 68 88 80 89 63 5 26 58
45 73 56 56 46 8 16 93 50 59 65 78 10 45 86 59 38 52 36 39 69 20 68 94 79 48 97 61 81 81 66 26 6 74 82 52 35 50 98 85 61 63 15 71 60 1 82 50 53 18 42 22 91 10 61 58 76 55 51 7 28 55 22 50 78 71 1 29 23 12 88 51 10 73 52 60 47 89 43 71 28 99 80 56 49 41 14 25 49 17 84 77 72 7 79 3 30 81 84 5
53 79 30 28 91 66 63 56 36 0 22 77 80 14 61 22 75 68 22 54 10 14 83 3 24 66 25 87 63 7 52 16 86 82 44 77 0 59 33 89 60 7 18 92 74 80 14 1 48 36 7 10 3 91 68 22 58 65 84 39 99 50 18 5 25 0 10 60 3 8 97 64 23 12 36 35 13 18 37 66 89 79 40 32 90 61 6 0 26 90 40 77 93 10 83 70 10 45 30 65
57 74 55 65 40 8 99 33 76 35 27 32 78 83 91 12 53 77 7 14 30 76 75 54 86 21 80 34 30 11 79 39 38 86 57 78 95 8 11 71 43 90 3 73 73 94 85 78 23 45 45 6 21 20 14 27 9 39 14 73 47 19 41 85 1 86 63 54 97 48 95 9 8 13 1 82 93 67 83 93 4 43 4 7 34 70 86 43 61 53 16 8 72 10 94 25 48 9 79 45
10 39 16 84 75 69 83 57 60 61 62 95 36 74 4 31 98 19 67 62 32 30 31 69 60 89 69 13 68 27 2 78 66 18 14 41 88 97 98 48 11 12 43 47 38 47 79 36 19 98 51 3 81 82 60 59 41 40 93 23 52 24 14 90 11 23 68 58 84 31 81 27 22 84 1 47 30 38 78 5 35 23 11 56 43 72 15 36 64 60 11 16 85 77 58 48 53 26 58 37
74 24 18 20 86 14 4 48 92 24 28 17 48 64 75 5 23 74 86 76 31 11 48 96 57 11 40 42 56 50 13 31 26 83 51 13 49 55 61 42 31 41 59 31 5 87 37 81 13 23 57 45 34 57 72 41 23 93 6 91 20 8 21 38 26 87 31 66 85 81 14 48 93 10 95 32 9 26 20 80 25 23 35 6 5 7 99 29 0 5 72 72 65 46 10 91 33 93 58 70
86 21 82 68 10 15 59 39 37 79 81 83 60 20 67 98 4 94 61 22 60 49 28 28 1 47 83 12 46 26 45 32 47 28 52 10 95 11 1 33 42 34 68 2 6 35 53 10 81 14 85 41 16 65 93 43 20 85 38 77 35 51 60 62 86 11 27 36 18 40 78 49 81 89 33 39 76 70 20 42 45 29 87 32 38 32 27 11 18 65 88 5 68 0 67 55 11 46 91 81
21 33 93 57 41 1 48 88 14 1 64 93 91 86 89 46 30 54 65 84 53 95 25 79 72 50 17 49 73 10 88 46 43 81 3 36 34 3 24 0 56 41 94 47 27 35 45 10 41 11 46 94 58 71 22 17 64 57 82 10 36 79 95 35 7 47 97 55 11 98 40 53 84 8 8 90 95 13 53 76 27 38 70 95 3 44 13 19 1 47 30 89 26 77 25 86 76 22 41 87
43 58 1 98 97 13 33 23 70 29 90 91 72 55 18 38 45 28 30 83 22 69 26 88 53 70 13 89 3 78 78 99 36 31 49 33 96 82 56 18 12 98 9 36 5 79 26 50 7 56 85 81 77 63 25 31 74 95 32 47 5 72 45 1 6 48 37 40 4 62 93 12 3 39 60 82 74 57 44 67 68 42 13 27 66 90 10 40 85 42 39 43 66 84 44 72 84 81 13 88
24 50 8 16 10 32 61 50 30 8 50 88 93 31 71 90 34 36 24 72 25 47 75 63 58 75 33 58 9 84 83 85 86 43 1 97 76 14 99 6 22 1 47 16 32 18 58 18 7 82 42 84 29 17 22 30 33 35 19 89 13 49 88 49 32 37 82 28 72 90 99 36 40 60 72 45 40 98 47 47 6 33 81 83 96 3 65 82 38 36 71 51 86 11 0 70 0 34 51 72
31 88 46 37 50 94 27 30 52 87 69 44 38 92 65 59 62 77 24 64 38 94 84 32 7 59 6 12 86 84 26 70 73 72 7 75 18 86 5 22 73 74 66 64 66 83 75 80 60 51 44 98 97 80 47 39 92 80 49 53 17 32 90 3 76 43 52 4 57 4 62 80 5 9 48 38 80 58 8 87 40 51 23 21 20 70 60 65 50 9 18 19 94 61 23 22 4 27 26 14
29 6 28 34 87 62 9 51 72 64 75 84 15 49 94 99 7 57 23 54 41 28 27 72 34 51 74 46 49 17 56 30 23 84 16 10 98 25 61 22 41 88 59 56 90 53 8 97 11 83 3 4 11 82 83 5 91 89 69 78 74 47 0 99 71 7 74 89 45 31 63 18 5 29 34 23 64 9 55 24 60 51 22 58 32 5 63 23 47 32 53 73 79 53 72 2 12 98 91 57
78 42 15 91 62 73 94 87 40 94 72 41 49 65 54 38 35 65 12 60 19 72 59 78 96 6 72 4 64 5 21 94 99 88 86 13 62 80 1 54 27 25 95 28 90 50 67 25 15 31 37 86 4 48 29 45 85 3 44 34 73 0 16 96 36 32 59 86 57 72 61 50 61 20 6 51 73 66 0 84 49 55 41 13 37 70 58 22 25 54 8 98 6 24 47 94 56 6 81 65
8 84 37 93 71 80 21 59 90 73 15 32 15 57 29 58 15 79 55 63 38 26 57 28 63 45 88 2 92 34 29 52 18 67 46 41 99 19 1 90 92 68 74 60 77 55 18 92 35 25 7 73 51 64 64 52 6 89 57 70 94 30 65 94 19 3 7 33 83 60 39 62 85 86 91 75 88 10 52 3 41 90 42 45 90 6 98 97 47 7 19 42 89 36 88 60 39 47 93 75
68 62 36 33 47 68 23 87 18 57 63 45 51 16 76 10 22 21 82 23 87 8 55 3 44 86 89 85 61 92 54 29 6 42 14 53 11 37 93 81 47 56 79 98 24 55 60 46 28 42 21 67 2 77 53 14 61 94 69 54 80 98 58 98 17 4 92 17 75 45 59 20 13 33 80 90 88 50 34 75 75 42 1 78 58 6 45 20 0 66 26 80 16 84 31 34 41 23 3 16
54 50 34 24 58 94 69 74 67 13 69 82 27 32 99 69 17 16 27 66 17 10 71 8 4 92 33 18 85 53 95 39 55 82 15 14 28 37 40 95 50 61 77 29 93 29 51 62 45 78 28 62 41 52 22 47 63 12 84 25 56 38 6 15 33 21 68 96 10 61 77 9 69 8 8 93 15 20 92 43 63 13 62 17 90 85 64 6 97 1 83 5 91 41 20 24 14 41 20 25
55 42 10 39 93 67 20 72 23 12 97 10 37 87 37 61 48 10 34 17 50 87 98 53 13 96 1 75 29 22 62 84 65 25 75 58 92 47 82 16 12 31 78 49 19 15 10 67 77 96 36 79 84 35 22 45 96 55 15 81 61 11 20 16 45 36 82 73 73 22 21 75 84 98 5 29 79 56 92 24 34 72 38 27 24 61 72 20 68 88 53 29 51 74 98 96 62 80 21 35
27 31 1 76 82 37 44 1 35 31 97 30 55 72 61 14 80 42 9 26 95 68 27 36 79 54 90 66 15 48 80 42 32 81 70 66 70 66 67 6 98 64 88 53 37 2 20 69 44 81 95 39 1 23 32 97 83 33 73 64 8 35 0 73 60 27 83 5 75 65 73 87 49 51 36 68 66 98 35 44 95 72 75 79 59 8 28 94 93 53 59 1 41 59 74 53 87 9 58 62
44 34 10 97 16 93 39 0 45 50 28 81 9 0 67 43 47 33 6 65 50 14 1 94 12 91 4 68 99 97 52 43 83 14 92 0 8 31 0 5 33 81 86 43 81 5 38 80 38 45 45 88 11 98 28 80 29 18 47 44 18 79 87 50 13 9 17 83 76 36 41 26 1 30 31 90 84 51 11 28 84 7 19 85 82 47 66 63 65 65 7 36 44 46 38 57 56 7 93 84
0 20 17 57 38 56 99 62 34 69 77 9 37 32 95 4 22 5 12 3 10 62 76 12 47 24 29 61 48 21 85 48 93 2 57 84 11 56 98 97 26 27 7 63 59 2 19 81 7 84 36 70 46 64 35 23 90 91 44 89 40 48 84 23 63 28 23 23 59 76 80 44 57 18 87 90 24 26 70 62 23 16 3 34 66 90 9 56 81 53 97 21 2 33 96 17 61 72 40 72
49 54 41 42 68 86 47 36 3 33 64 4 7 10 51 46 43 96 78 39 47 0 73 90 11 90 79 18 74 26 29 76 32 70 70 52 57 17 89 60 2 53 65 10 16 68 8 59 64 87 50 63 39 24 82 93 41 64 6 89 37 92 38 31 46 95 67 57 52 65 55 30 93 14 45 52 16 65 86 76 1 22 46 47 39 80 92 80 96 99 69 34 91 59 17 37 7 84 47 59
36 71 45 27 27 18 38 51 52 8 43 73 80 47 85 77 57 48 92 51 31 0 5 13 81 7 16 1 54 49 35 90 21 80 69 48 98 59 51 51 67 94 76 99 94 14 76 3 14 68 54 45 20 12 53 50 66 33 69 93 11 98 69 44 69 91 96 78 9 37 38 11 91 55 73 59 24 82 70 40 21 20 4 60 96 57 62 63 42 31 8 54 82 29 50 3 20 46 81 81

