49 284
10
22
28
17
4
10
26
5
15
14
6
26
7
22
13
24
13
25
14
7
26
20
12
11
7
19
15
17
21
8
5
5
2
13
9
11
30
27
17
7
29
14
15
21
7
17
20
26
6
15
18
29
29
27
10
27
27
11
4
13
12
29
29
20
4
3
4
18
10
28
21
10
25
15
25
2
23
10
5
24
14
21
27
28
11
20
14
1
3
16
28
25
21
13
29
16
12
11
24
16
28
26
12
16
25
6
16
7
28
18
23
27
1
8
16
22
10
23
19
28
21
6
11
7
26
27
15
2
15
28
28
16
10
20
11
28
10
17
9
14
15
5
16
27
19
22
3
4
3
2
22
9
6
14
29
13
28
22
13
26
2
23
12
7
5
19
21
4
24
5
13
14
2
2
19
26
11
10
20
3
6
1
9
28
6
24
13
18
11
8
29
7
1
7
14
25
29
24
23
29
19
18
1
1
15
12
3
7
13
14
14
7
29
23
10
16
23
7
21
24
17
30
7
23
10
10
11
20
6
26
19
28
28
7
19
4
21
16
24
18
9
26
8
14
29
18
15
21
18
8
19
22
16
3
17
8
21
26
10
28
21
13
9
29
25
8
29
29
16
7
27
12
13
5
8
3
16
12
18
17
7
23
2
25
