87 246
26
19
23
17
11
13
5
8
20
7
9
28
10
8
25
17
22
29
8
18
8
30
5
15
26
3
26
3
26
16
3
29
16
9
30
23
28
30
10
18
4
1
4
12
13
25
22
4
2
8
2
12
7
27
20
19
10
8
29
17
26
24
16
5
21
5
25
28
10
24
16
10
26
16
21
4
3
6
15
2
14
14
8
3
7
5
15
2
29
10
26
14
20
14
10
19
26
9
14
15
15
19
21
22
5
13
3
17
19
3
23
8
16
18
10
24
17
22
23
1
5
3
17
25
4
29
24
16
30
14
11
1
28
15
6
20
25
6
9
4
30
29
12
13
16
20
8
14
27
28
30
17
5
1
2
22
3
25
3
7
9
2
25
24
8
12
8
13
16
15
18
26
5
18
12
1
20
20
3
10
4
21
4
7
24
12
5
12
12
6
22
16
2
9
16
17
29
23
14
7
7
30
7
16
24
12
28
7
3
2
10
29
28
16
2
14
30
26
29
9
1
26
15
3
30
1
10
6
30
6
6
9
10
3
5
17
15
25
22
25
22
2
23
27
8
5
