183 1238
21
23
13
12
9
20
5
1
24
19
15
10
15
12
28
28
7
8
15
2
29
26
3
11
30
19
30
11
5
25
6
21
28
10
17
23
17
22
19
16
22
10
24
7
24
14
20
15
7
13
15
9
14
11
2
16
2
29
6
19
10
4
26
23
20
3
9
7
30
23
25
2
11
2
6
15
2
17
26
6
27
22
27
23
15
16
21
21
18
12
26
3
6
28
15
26
4
20
23
14
14
12
3
11
18
25
25
19
5
24
24
20
26
12
21
30
4
25
28
28
16
7
20
12
12
29
6
11
17
14
9
14
5
18
28
1
19
26
27
27
21
26
5
26
29
30
10
3
1
8
25
24
18
4
23
10
5
14
6
4
28
12
20
3
24
3
5
30
20
22
17
7
18
20
14
18
2
26
7
19
3
8
13
22
22
18
24
30
5
9
17
30
7
23
29
3
3
16
22
3
13
1
21
25
23
23
17
25
9
13
16
26
6
20
1
28
6
26
11
30
28
28
4
6
9
26
3
17
16
29
10
2
29
23
3
13
13
14
17
27
19
5
16
3
19
7
11
9
17
23
30
12
29
14
13
28
26
2
9
1
28
11
27
6
9
23
8
29
22
20
25
14
6
25
10
4
8
14
19
25
10
20
20
29
2
6
13
27
18
30
15
1
1
12
6
26
29
13
21
11
22
15
18
18
8
21
12
15
13
27
27
12
17
16
4
25
1
16
19
28
24
28
1
25
21
21
4
6
17
8
4
9
11
16
6
29
10
22
21
6
25
8
5
14
26
24
9
23
7
14
13
24
18
27
28
29
15
15
28
24
5
8
21
20
24
22
15
25
4
9
28
15
2
26
10
27
26
30
3
17
22
13
28
26
20
7
9
5
9
17
20
29
14
21
7
28
14
8
22
4
14
4
15
20
12
1
19
18
5
1
2
14
14
10
8
16
20
9
25
13
15
22
28
11
24
8
10
30
23
29
22
4
5
10
29
21
22
22
4
23
7
9
16
2
24
5
12
5
25
9
24
1
24
2
14
23
11
2
18
21
15
26
27
20
24
7
13
2
10
4
29
23
21
21
17
17
29
15
21
29
26
29
24
21
25
26
26
23
4
19
21
15
26
12
28
2
6
6
27
22
6
10
3
27
17
23
3
17
2
19
16
1
15
5
7
18
2
1
22
4
2
15
12
14
7
5
14
4
10
21
19
7
27
25
25
5
2
2
2
14
30
24
13
21
30
28
7
24
15
20
3
30
11
7
10
15
8
24
19
6
1
15
8
30
14
17
27
10
12
29
28
9
10
27
6
10
13
22
16
5
27
2
14
17
3
7
29
15
21
14
20
8
22
5
23
14
29
13
20
1
27
26
23
10
21
6
8
9
19
23
20
7
30
6
16
21
1
14
17
16
15
12
28
12
20
10
21
10
16
23
17
25
26
24
11
16
4
3
18
6
27
24
27
4
20
21
17
4
15
5
28
13
27
19
3
4
2
27
14
11
23
29
27
13
3
23
26
3
6
11
17
20
10
27
11
3
5
28
3
27
9
5
11
10
13
30
26
13
12
10
16
27
10
2
24
23
15
18
20
30
29
30
3
13
27
7
15
17
28
10
17
16
25
9
26
17
11
20
4
19
6
6
5
5
29
9
22
30
26
13
16
29
3
13
5
4
13
21
18
12
8
11
6
2
30
15
3
28
9
24
25
29
8
11
11
17
22
1
28
12
20
7
3
12
6
15
12
17
19
1
1
9
3
28
25
4
13
8
21
1
9
13
21
5
29
20
8
2
14
19
25
3
16
29
16
8
7
1
14
17
30
11
2
28
17
16
27
4
24
26
9
12
9
17
17
14
10
9
22
22
26
9
18
9
20
30
27
23
25
28
27
3
7
28
21
13
20
28
20
12
25
26
7
24
25
27
12
26
15
17
13
30
15
3
3
4
16
19
16
24
30
19
16
24
10
6
3
6
24
15
22
24
22
4
23
19
26
16
13
24
18
7
11
30
17
30
20
2
26
24
12
17
28
5
24
5
17
26
13
11
2
10
30
20
24
5
4
26
25
15
9
2
17
5
9
25
22
12
15
13
29
22
8
27
13
16
15
14
1
29
11
2
11
6
7
17
7
20
8
8
7
15
14
9
3
24
6
21
1
14
30
12
10
7
24
16
8
29
14
28
22
16
12
19
17
16
17
19
5
14
5
5
6
21
6
23
26
4
9
5
11
5
7
19
9
2
19
2
30
23
20
27
18
22
27
13
12
29
19
27
11
12
27
23
3
12
2
9
12
4
14
25
1
16
20
23
20
19
20
27
12
23
18
9
6
6
18
26
25
1
1
13
30
18
9
4
18
18
17
7
20
4
25
16
10
12
21
25
25
5
13
27
21
12
28
6
28
21
6
15
3
7
16
30
10
3
28
6
11
16
7
25
23
25
5
20
9
3
12
17
13
3
21
13
4
25
18
30
15
30
4
19
11
14
27
14
25
4
10
22
11
16
5
13
5
18
9
7
15
12
2
29
25
15
15
11
28
27
18
23
9
21
16
12
1
3
4
16
12
16
5
22
24
18
10
9
30
22
6
27
11
23
6
6
7
22
23
18
30
3
12
27
10
21
15
2
11
19
18
10
21
20
19
20
28
1
16
20
11
22
17
12
28
14
1
25
25
22
4
12
17
26
26
12
17
21
18
22
13
30
22
25
22
15
27
1
15
20
5
13
26
23
18
25
20
4
1
14
3
20
16
4
23
24
11
6
30
14
11
15
17
11
3
17
21
22
9
7
4
12
4
14
5
28
5
23
13
20
