107 1403
2
16
22
20
6
22
22
30
21
9
8
17
5
2
3
7
27
28
13
6
2
20
23
18
20
29
17
6
7
17
21
27
6
29
25
16
16
11
14
22
15
17
14
23
11
8
12
13
3
6
30
14
21
22
8
9
26
27
11
21
1
16
1
3
25
16
17
23
20
4
19
26
4
21
12
19
4
5
9
1
3
12
17
20
17
27
23
11
6
1
3
16
9
27
4
2
16
14
19
23
17
18
11
16
2
20
27
21
3
12
13
5
29
9
24
22
4
16
19
28
12
16
29
7
25
4
19
8
20
14
22
1
19
16
3
20
26
15
2
29
16
6
24
5
25
18
3
10
1
3
8
10
22
1
26
16
20
24
3
9
1
2
16
3
12
19
14
28
7
30
13
29
19
2
27
19
10
28
25
11
7
6
25
13
30
9
6
29
19
13
17
27
17
27
25
22
18
7
1
14
1
18
8
5
21
3
27
19
2
4
2
1
4
8
29
30
1
11
11
16
16
2
17
26
12
3
13
8
10
29
12
19
8
22
14
24
22
11
24
30
23
19
20
28
30
14
23
29
19
17
19
20
7
10
1
27
8
2
20
5
25
30
1
19
10
27
30
20
18
27
11
2
19
12
1
30
17
10
9
17
28
18
9
5
13
10
18
26
11
5
22
7
28
9
26
16
25
12
30
6
18
18
1
19
10
7
6
9
20
22
25
19
17
3
2
22
28
9
13
11
19
3
1
20
16
5
21
30
15
17
15
3
10
3
16
1
19
7
25
30
23
13
15
29
20
27
28
24
16
21
25
24
4
3
17
15
14
5
24
25
2
11
26
19
28
27
19
30
25
24
1
30
16
21
19
11
14
23
22
27
25
13
20
7
10
14
26
15
19
6
17
29
27
30
17
28
11
23
10
12
13
11
5
3
22
21
15
19
26
18
27
19
20
9
11
24
3
8
16
2
8
20
18
28
11
29
25
8
29
2
8
21
23
20
16
12
17
8
1
23
25
9
7
15
6
7
30
9
14
23
19
29
22
20
19
26
9
18
12
15
9
19
18
7
5
1
28
1
4
21
23
16
13
11
23
14
1
22
26
17
18
15
19
20
17
28
27
1
17
24
17
26
21
21
6
5
7
26
8
24
3
13
15
30
20
17
1
4
19
9
8
22
23
13
15
3
13
3
3
16
4
14
1
24
9
6
17
19
20
30
25
9
28
18
6
3
16
7
6
6
12
17
20
16
21
7
4
30
6
23
4
21
26
19
16
5
16
9
17
16
9
15
13
10
18
9
17
28
5
16
21
10
27
19
7
3
9
11
22
1
25
23
28
10
1
10
5
4
8
7
25
27
18
3
16
7
1
16
24
11
3
19
6
6
1
29
5
13
7
5
16
3
29
8
15
29
10
19
3
11
7
1
4
14
15
10
17
15
26
6
14
6
30
3
30
20
26
3
23
18
7
1
21
28
10
12
20
12
23
7
4
8
12
24
17
29
22
21
29
30
7
19
6
19
7
5
28
12
12
8
20
26
10
24
5
13
12
16
12
13
26
10
10
13
8
5
10
17
18
9
18
15
10
12
8
13
23
30
8
30
23
4
26
9
6
30
13
7
29
12
28
24
21
20
25
7
1
3
5
25
10
21
23
29
12
14
27
22
6
29
14
26
29
10
26
3
29
26
29
8
16
5
6
16
25
26
30
18
17
3
12
25
21
18
9
16
3
13
27
2
2
2
21
18
7
11
3
17
20
1
18
4
27
13
10
5
19
29
11
11
26
22
1
26
26
14
19
26
24
6
17
8
2
10
12
23
10
30
17
29
3
3
7
1
20
15
26
5
13
7
28
26
10
24
16
24
10
5
3
1
19
7
20
12
14
10
12
1
8
2
1
2
13
14
6
1
6
18
22
2
19
26
20
12
8
10
24
19
8
12
23
7
16
29
6
8
16
7
16
28
19
27
28
15
14
28
14
23
26
11
2
2
5
19
23
5
11
21
14
7
25
13
10
7
22
22
16
12
19
20
18
18
30
8
30
3
6
9
10
12
24
19
12
5
30
4
24
19
29
16
19
24
12
19
17
1
27
11
27
26
7
28
2
17
21
19
16
9
30
4
30
6
20
4
6
17
17
24
6
6
16
2
19
6
13
3
3
18
25
25
3
19
24
24
19
13
4
16
8
25
10
3
17
24
29
3
10
8
17
17
21
4
22
15
28
18
4
16
20
4
8
1
29
2
27
27
22
22
22
10
18
18
20
5
23
2
25
4
5
28
19
19
4
30
4
30
1
12
8
27
24
10
9
16
8
17
28
26
15
23
3
28
12
5
1
4
9
24
18
7
8
30
28
13
20
18
27
11
3
15
1
23
9
28
13
11
16
15
26
27
29
10
8
17
25
10
20
22
2
2
6
29
12
6
9
6
16
14
25
25
17
28
9
29
23
25
2
21
27
8
25
9
7
30
11
14
13
4
18
14
16
14
8
27
11
6
19
28
12
21
6
24
22
21
9
19
4
1
8
20
10
28
25
11
9
15
22
29
8
13
21
19
20
7
1
5
16
12
29
3
26
29
26
19
30
16
27
16
2
5
21
25
20
5
11
8
18
26
2
30
7
21
9
9
11
23
27
9
21
30
29
14
7
17
12
11
3
27
21
19
17
13
8
27
30
23
13
27
11
10
29
12
19
15
22
30
11
17
20
6
18
12
15
11
24
30
20
29
16
16
18
23
13
28
28
9
12
26
26
23
6
7
5
29
24
19
28
17
20
26
8
30
19
22
24
21
24
10
2
24
14
10
29
9
23
12
3
26
18
29
4
19
14
30
19
14
27
26
16
26
18
8
10
16
25
11
30
27
15
30
1
28
27
3
22
20
10
5
9
19
30
8
13
3
15
27
25
16
29
28
14
20
7
7
24
16
8
23
19
22
15
8
14
12
18
22
25
25
13
13
22
23
27
30
24
26
30
12
1
8
26
10
28
20
15
17
26
18
2
14
20
7
28
9
3
17
22
5
30
10
30
8
30
12
11
22
19
26
2
6
24
27
23
10
6
7
10
22
9
13
22
20
11
1
6
27
4
26
9
9
7
16
7
26
18
19
16
24
18
9
1
17
26
5
21
28
23
28
14
7
2
28
3
5
17
23
1
6
3
16
11
26
25
2
29
23
5
27
27
14
12
10
4
