164 937
29
21
24
12
20
28
24
6
13
7
3
3
20
21
7
21
2
7
21
20
18
6
8
15
17
8
22
14
27
16
1
24
26
9
24
18
9
25
24
30
28
2
4
14
19
15
5
27
18
28
18
6
3
27
21
5
18
29
26
1
29
27
29
17
22
5
1
5
12
25
9
18
1
17
30
12
12
16
25
18
14
5
30
11
28
10
9
20
12
20
7
19
5
22
3
22
5
15
10
27
26
28
13
27
8
30
2
13
3
15
10
4
24
13
8
7
2
5
20
30
11
7
6
27
27
22
25
19
27
26
20
11
13
2
17
3
4
27
16
27
18
18
17
12
20
20
19
8
19
10
19
8
1
18
24
17
1
10
14
30
8
21
5
1
14
17
13
14
16
25
7
28
9
19
29
29
19
22
16
21
26
2
11
13
24
22
23
19
29
14
8
13
21
1
14
25
10
20
28
17
2
2
20
28
23
27
17
5
25
26
18
27
8
9
8
22
27
1
17
22
23
4
23
8
2
22
17
4
15
13
28
27
11
8
30
3
28
21
19
27
17
20
26
23
5
3
21
3
8
1
21
9
24
27
21
7
24
12
26
17
1
6
30
22
3
16
4
29
11
3
10
30
19
22
8
5
7
21
12
28
3
29
7
13
14
21
8
22
12
9
10
14
3
18
17
27
18
30
3
24
19
7
2
16
2
13
1
27
23
6
16
23
24
20
10
29
2
20
13
17
4
27
28
2
18
14
2
27
8
3
26
14
4
22
23
29
14
19
21
20
23
17
29
8
17
18
13
21
27
10
8
1
14
16
6
4
2
14
24
8
27
15
9
3
4
14
24
24
9
16
8
15
22
16
8
3
2
13
9
3
11
12
28
5
26
28
1
12
12
30
23
25
27
6
25
11
23
5
20
28
12
17
29
23
2
5
26
24
5
6
13
10
14
19
24
12
24
16
17
30
28
25
28
11
24
5
11
30
23
29
1
16
1
6
27
6
16
26
14
17
15
17
21
19
1
15
28
14
21
3
15
23
8
25
12
12
21
20
14
17
7
21
18
5
15
20
10
10
10
1
11
24
8
20
24
18
26
26
14
7
17
1
3
17
22
10
22
2
28
29
19
15
30
8
5
29
21
21
18
29
28
19
18
2
25
27
6
24
24
30
4
2
16
14
14
22
12
8
20
2
18
13
1
1
16
21
13
4
23
19
22
29
8
26
1
30
24
1
17
24
17
18
30
30
18
11
21
14
10
16
24
29
12
2
9
25
12
19
10
5
18
7
20
22
7
22
5
25
30
7
26
18
6
5
9
10
11
10
15
8
10
11
30
12
30
24
5
7
4
9
7
23
21
3
11
14
25
29
6
27
11
7
18
5
7
13
30
10
25
21
17
2
13
19
10
26
10
22
28
16
30
16
19
4
1
18
11
27
13
28
4
10
12
17
2
28
20
22
5
20
10
2
21
29
29
20
5
5
23
1
6
17
22
9
22
1
27
2
12
25
7
25
20
17
9
23
27
9
1
10
13
28
10
4
16
18
21
4
27
7
24
17
1
2
17
19
8
27
19
21
21
19
10
18
3
7
25
28
21
3
23
19
14
12
5
8
6
22
26
28
3
7
21
26
14
14
17
8
28
6
16
12
25
24
6
9
22
6
26
10
24
28
6
14
28
30
30
20
4
7
2
14
1
16
13
10
12
14
5
10
24
29
22
3
26
11
27
2
14
21
27
27
11
15
15
30
5
18
29
8
10
7
7
22
23
24
2
15
30
27
11
26
15
11
7
24
2
2
18
30
29
25
10
14
24
19
11
25
15
6
20
25
27
6
12
21
30
22
16
13
1
13
10
30
6
20
19
30
22
9
14
4
16
8
11
21
28
6
18
21
23
16
7
25
28
10
18
26
13
21
27
10
21
24
26
18
4
11
6
5
24
5
9
25
12
21
20
25
16
19
10
1
13
21
8
18
25
29
15
15
24
11
9
10
22
9
17
3
24
13
8
27
21
17
14
11
8
23
27
15
15
2
17
17
30
20
11
27
11
20
26
4
15
21
24
29
18
11
7
20
25
10
9
7
6
8
25
6
13
4
5
20
14
24
13
9
23
6
26
2
2
14
27
12
17
2
7
