185 886
29
14
7
2
20
19
24
26
18
30
5
14
15
7
12
21
4
28
24
26
29
2
21
15
12
18
9
22
12
6
15
4
7
7
23
22
24
13
4
24
29
9
28
24
23
3
29
7
9
28
16
3
27
3
21
16
12
27
1
21
20
24
14
24
8
14
25
23
23
3
13
4
17
16
7
10
18
22
3
12
17
4
6
24
15
8
12
20
19
30
28
9
8
8
12
22
28
17
4
10
26
8
17
5
4
9
23
11
8
14
28
3
24
28
22
5
6
11
16
26
23
25
15
3
9
30
3
29
20
7
8
20
3
7
30
27
28
12
30
19
10
21
8
22
5
30
20
17
6
27
8
21
26
18
17
30
4
6
22
19
1
16
8
16
12
14
5
27
9
19
23
11
15
15
15
4
29
22
23
3
8
29
3
16
28
20
6
29
9
8
17
25
21
5
30
17
3
13
25
1
25
23
22
18
16
30
17
16
9
30
9
5
17
3
29
7
2
9
8
7
23
26
4
9
3
21
24
26
6
3
28
24
14
12
25
13
25
8
8
2
5
28
26
2
24
18
20
3
6
10
19
18
24
11
7
24
25
26
11
28
5
15
2
27
13
1
17
9
15
4
3
13
16
20
1
10
3
20
15
26
24
20
24
15
15
8
7
27
14
29
9
14
10
21
22
4
11
27
18
3
27
6
17
3
3
23
20
7
8
11
22
10
29
15
9
23
25
1
5
15
25
26
2
24
21
8
8
13
5
18
22
12
11
9
3
9
8
5
27
7
2
4
7
6
10
27
14
7
10
13
21
7
20
12
19
25
22
24
8
3
21
16
30
28
18
4
7
27
27
13
5
2
24
25
18
25
7
1
28
2
17
30
13
4
20
29
22
21
1
9
19
20
7
8
20
28
12
5
29
8
9
26
18
13
27
2
22
24
27
24
2
29
17
20
17
13
16
26
25
18
26
19
22
11
8
17
2
30
18
24
12
3
15
26
15
12
3
21
15
2
3
22
30
29
2
21
2
30
12
12
9
27
21
16
28
25
1
3
3
4
14
13
2
5
22
21
14
4
5
2
11
9
17
22
20
3
29
9
11
22
3
28
10
17
13
2
15
19
21
11
18
19
29
30
11
29
8
7
11
30
11
22
16
27
13
12
30
16
29
5
14
10
6
1
11
10
29
20
27
30
22
25
21
24
2
2
4
11
13
14
5
2
2
3
6
9
24
2
23
4
4
23
3
17
15
29
12
25
13
30
16
27
4
29
10
9
5
19
1
2
19
15
6
22
21
6
18
23
1
24
12
22
17
18
2
22
6
9
27
12
10
21
8
19
15
29
14
26
11
15
23
16
30
18
23
6
4
3
17
12
27
28
20
23
2
15
13
14
14
17
13
22
15
2
1
1
5
1
23
6
7
19
6
22
8
17
14
2
4
25
18
9
13
24
6
28
2
8
17
20
30
17
22
7
4
25
29
7
24
25
23
19
2
15
12
22
21
20
5
9
17
8
1
5
3
28
28
8
24
13
23
25
11
9
28
2
28
22
4
30
10
16
20
8
12
9
24
7
17
21
9
4
16
18
6
29
25
3
2
9
14
10
21
14
29
17
18
14
25
15
26
17
23
26
11
25
19
19
28
18
30
4
14
3
26
28
22
15
22
5
12
8
19
21
7
19
7
3
19
19
4
10
8
15
27
6
24
28
22
18
3
17
5
23
20
11
27
16
7
26
13
19
18
1
29
17
18
1
30
27
2
23
22
28
17
5
25
27
27
21
8
22
17
8
27
2
18
2
16
13
5
21
29
22
15
3
27
23
20
17
20
29
14
11
19
17
4
8
10
29
29
20
5
13
22
28
23
1
15
12
24
11
13
7
20
2
12
22
24
29
15
8
28
23
12
29
10
4
13
15
5
28
21
30
26
4
5
9
9
11
10
5
25
25
15
14
28
17
12
11
1
14
16
27
6
16
11
14
16
17
20
12
2
30
19
18
30
17
30
30
15
10
29
7
16
25
