27 187
16
20
23
24
10
28
12
24
1
3
13
16
17
16
2
27
6
6
7
18
18
6
25
27
16
20
22
12
24
25
10
25
23
30
8
16
24
4
9
11
13
1
20
3
23
6
9
24
30
27
19
30
29
2
24
7
11
29
20
16
14
30
30
10
11
18
24
25
30
23
8
7
3
7
28
11
8
10
8
3
12
2
7
21
3
7
16
28
5
10
17
13
18
7
8
17
16
23
9
2
19
14
18
6
17
19
22
15
19
6
7
16
18
21
28
3
9
9
30
23
14
19
6
5
24
19
11
28
2
10
22
3
15
21
26
18
26
22
29
29
15
13
5
1
3
27
26
21
7
2
10
27
7
9
8
5
20
23
24
29
8
6
22
25
12
1
10
20
8
9
2
28
12
12
25
10
25
8
16
5
10
25
12
14
28
2
1
