1434993 495590428
2174122 826208227
3864636 296673414
4428387 851913014
4588840 844369321
4682477 388962841
4834415 233574669
5982006 755310274
11924657 718166184
12145408 909887563
12296789 513685805
12948763 172468097
13107188 296677636
14268844 574577317
19092241 701192856
20832443 890709894
23583519 24174557
24150411 814510166
24832503 541012175
25095369 871055165
25756545 246021962
26779684 933666209
28590138 625579279
28682519 823721677
32129706 424030048
34548703 277923334
35261231 722984617
35642213 559351546
38687799 685759593
39934206 159285572
40166703 564873935
45172421 944114128
45696120 437234889
45904576 571562753
50150105 106684695
51171280 338782068
51568987 722511471
52686604 178947567
54209486 565748068
54716823 295605017
55338677 840757175
56342761 790778726
59390086 625457544
61797120 828051042
62452524 106007835
63568658 515120417
65223808 999864280
65574178 239060507
66604481 20988783
71852994 747443738
72123660 440033415
75099669 65692797
75865814 264411352
81499138 808912421
81560234 169719787
85054889 86372293
87336678 574672948
88515735 63731124
88937676 970532134
88997080 703061843
91640000 447688295
93688444 309126829
95124865 289780376
95596069 158325499
95610422 606577792
96462296 39122228
102342184 78152082
102342190 214119240
106214783 31403927
107377693 603584543
111067638 550485817
111223126 16288986
113691151 339690799
118583573 962248767
121851041 821465259
122625671 532818218
124156979 145202941
125678615 635063654
130414523 882024824
131257781 583802992
134482061 87185777
138020107 950024353
140559876 950786004
140578314 391088625
142961475 305249682
143908309 393324613
144330664 256415579
151399100 615493983
160369942 38599981
165324434 911389861
167511579 809008808
172611858 630052081
174467530 753560327
174560854 381594570
177280588 995007321
179167707 292540227
180701254 564604963
184674658 648802622
186449253 266915970
187516340 895522033
190698072 809856552
192925021 937987818
194188071 336727629
196070620 118979036
201484630 563426863
203153496 49275383
204998656 641603376
207638568 120469195
211454795 982770621
212046191 977923536
213412654 321747060
218687014 921086053
221734373 598441238
225133143 739510159
225488173 667982274
227246987 114169337
227953485 729916883
228741243 251304743
231863479 394139089
236340740 127032002
240994419 798033946
241027840 320737939
247312543 201036450
249013823 877161999
249587399 572814174
250350179 714977174
250355066 797112983
250655410 550027297
251817386 752005106
255723900 836792847
256124826 668001243
258479796 57980332
261254606 95066699
266853364 851595584
267133044 718232364
267297657 517526269
268487951 947186088
274607016 170722281
275023781 732840695
278522291 581691255
278722566 621294427
285714513 23347071
287496089 108545267
288066881 111911823
288898034 48714765
289344853 115950757
291192216 99809640
292697277 938179113
295869087 247085598
303824395 807961040
305222111 322548666
307208191 490340521
308449138 79121702
316764122 242620735
317044638 662285853
317434551 773102703
318505564 409354999
318877112 41400244
322274888 520268076
323772119 832191376
329368539 631659848
331231399 728493163
334360352 777198706
339909551 553305831
341189906 390374424
343236940 613846082
346636597 879681395
346967436 618730509
348437850 800001353
349531786 5914529
349913522 677444331
351033240 678069565
351880797 38058182
353771157 408651941
361963335 741981705
364777475 542171912
365555401 511055875
370171471 4749510
372162052 552160649
373131026 353866514
376163343 778410805
376822070 203321952
377586371 72922284
378514001 631214165
382583754 312076132
382861372 683034564
384474344 700044690
386288416 299304603
388682442 88015361
388886608 224466029
389382610 763815633
389508395 937421903
390819105 491688403
390882086 402726423
397913532 261617338
399834364 332786057
400798775 716277627
404653544 516961958
408236247 809312936
412291613 248372594
414770702 319253546
414934474 622776368
420284019 673903387
424491730 778399757
427531808 46797388
427931610 243713919
431995231 49103751
436066594 402519919
437424488 956829329
440821210 478919559
440936805 6282679
442824711 169559047
445672404 580054864
450351507 325389315
451952292 105473977
456867945 118475362
459183229 229264257
461272146 977953924
461807837 391377973
473950042 665253353
475682831 867189677
476173629 526097075
481801076 617318336
482253229 626719219
483499903 104732667
485216374 36173353
488346583 751483419
492221047 652111879
492309825 144203725
492798192 899866475
493283499 700016024
494922158 530774065
495149340 878460811
495840341 829146938
497415970 709331791
506090138 932817891
506183195 238215792
507261213 932115588
509727527 471240178
509953911 188130194
517811028 246193146
519149064 352070910
519533666 133798954
520297936 93982962
520486049 901093084
520710247 581242998
523134208 311544810
523175584 213972664
523434246 319528077
528521500 868469702
529118472 994504057
531473485 905352426
536373479 683250791
536510007 632815668
537249726 534876088
546064259 149855507
550798351 822288071
551631710 380207643
551659606 56077137
551931488 968750868
552346058 501352597
554695617 335685064
556677221 280765140
558475120 433282575
562832406 651744379
564977297 193705417
565420345 197562212
578724808 863149707
580865052 138252896
584056680 92853517
589422428 786742862
589595050 655759435
591183205 618667444
592172461 203315023
593058938 69948433
593558135 870017824
593824954 576862430
597251186 454129801
598443641 204638430
599781866 464628214
602039390 980040904
602866869 554480835
603310004 206417866
605219840 447281882
612578294 359745312
613935977 556003376
618153861 348058765
619930996 380471069
621891898 127181509
627604256 852523369
629238916 146335164
633163515 590687492
635667552 570932615
637314207 484407585
639913661 223758023
644913544 504929371
647785464 381164930
649577807 440302673
650071302 499043619
653421664 190487389
654526610 217477530
654972571 915788047
657733760 807523844
660791885 84234330
663966091 953044819
666254211 754772013
673976741 343809834
675354728 707234340
675946731 241177059
682938461 639582584
683221910 315564055
686662980 167569076
689319108 504934363
692581832 861466878
693108380 121224526
693918857 858009583
699040654 40705882
700391686 918159167
700392451 138037944
701125821 371864230
702733374 827225159
710711580 625463640
716167452 127991170
718663328 919484740
726194432 235917
727109055 339919149
737222362 308556716
742218699 884635511
742305350 813603243
743232611 391080250
746087720 132256979
746684946 958343079
751052368 821233682
752134637 831059589
753700395 229466884
756965316 443390114
760413228 589922893
761406109 606347806
765907176 512623180
767329167 769918264
768074876 529234292
770781088 689349084
773123845 616381759
773711228 544088183
775298354 656132523
775975259 940951554
786083273 382156161
786087706 241705071
786925059 290646512
787442573 753074791
796394894 197939427
798367037 676947597
798425539 305685642
798499131 542546386
802542731 138359951
802671136 751458233
807857876 68667370
810083162 814343526
810623793 837279257
811250949 855256863
811625590 175148580
812391650 958395696
812527495 94058964
814093651 377503750
814103735 23142302
814866581 959393142
820196837 815270418
820410188 690675178
821024575 377583244
821027856 78221942
823333207 805987135
824433224 477667096
827971065 15640089
834726765 889540345
835667529 612626890
837224454 711505006
840689199 961415752
842663678 141251022
848974783 837810407
850748850 589783418
851856351 669178480
854135324 671677114
860936256 645678466
862987076 119217688
866458605 721935418
867563523 519129703
869201484 707063445
870764406 812191674
873972239 63258587
877532282 560337750
882261912 901852335
887114984 910041808
889004269 96495029
895192913 29819681
897145818 847060733
902666772 935567941
902803047 438828068
906020038 819704630
909925160 890075649
912473752 765609831
916577723 814552302
920380106 503715395
920508539 307783757
924424284 547716915
925397824 877618166
927896504 111033546
930407827 181392707
931912145 49166638
933616783 304529046
935512862 436875141
935788307 771311962
935946719 931753730
939084609 745272371
939111530 522078431
940160476 682816020
948355061 818723856
948597052 747416956
952650873 358112251
954666374 20382853
968901941 113894027
968949712 562276155
972585015 383787913
981024576 493568938
981480478 920484333
984785759 955944847
985059379 941531324
986666690 571166767
987329147 806938170
987755687 954201871
989520049 543062947
991038020 829981853
991527419 433984818
996303219 804193723
999113916 609477512
