67 93 83 124 79 83 86 79 81 126 15 74 143 100 49 90 135 55 151 84 126 190 74 28 133 183 76 56 90 99 118 178 67 113 163 72 122 30 120 13 72 126 61 47 94 87 52 110 22 102 73 141 106 148 93 146 75 68 94 130 10 68 112 124 74 83 95 91 86 46 136 82 101 136 52 94 86 143 60 135 39 117 51 140 179 66 94 92 172 77 176 68 143 35 158 80 103 50 108 128
147 62 165 138 128 6 103 149 150 92 39 66 84 87 41 81 170 92 48 113 50 100 90 174 98 148 96 20 149 191 102 138 114 112 136 76 92 98 119 104 15 107 120 62 93 107 108 123 150 64 26 132 72 173 35 105 64 93 99 95 124 76 104 100 101 98 128 181 147 115 76 92 160 160 103 54 64 157 124 79 110 61 92 127 165 185 190 84 101 147 81 38 67 96 168 106 164 87 43 74
110 89 79 149 12 53 88 170 49 114 86 161 29 38 76 93 121 114 84 170 68 79 46 53 70 90 158 133 81 133 42 51 175 143 116 52 81 71 89 51 102 148 70 139 113 101 44 165 129 129 53 55 95 170 59 120 128 121 116 68 125 156 85 106 78 126 98 18 80 33 106 66 127 73 126 116 127 155 85 53 131 66 80 113 59 132 130 91 136 135 59 99 179 16 101 123 27 50 43 53
115 129 103 47 121 104 89 86 130 47 15 68 77 32 137 46 96 23 44 49 127 114 101 120 60 35 55 128 102 140 179 137 80 84 157 95 35 182 99 52 123 92 144 118 72 32 121 82 34 103 52 123 62 158 98 128 60 99 124 94 111 54 158 177 83 134 78 149 93 78 121 63 52 162 64 184 166 39 87 13 135 157 68 77 119 75 73 64 102 87 136 75 151 70 59 122 176 99 22 98
57 134 119 128 157 107 126 85 177 90 72 162 25 107 122 63 136 50 62 41 94 59 72 110 112 61 157 56 36 84 64 128 50 52 113 154 70 146 154 51 118 43 84 104 86 63 112 100 106 64 154 99 118 77 112 91 112 87 100 70 148 152 55 24 71 24 154 34 156 165 75 112 78 110 130 48 59 60 136 93 77 43 53 113 61 199 94 89 126 159 78 10 71 110 115 23 144 76 94 43
100 47 144 97 111 99 69 117 85 99 146 131 95 156 56 102 140 143 57 127 71 68 90 155 188 120 114 88 139 123 169 108 130 32 133 104 100 84 148 187 40 120 113 77 67 104 137 124 133 70 82 131 94 45 75 59 116 104 116 114 23 156 173 96 115 138 15 147 131 125 25 127 29 155 145 81 108 91 170 16 156 85 94 41 83 160 84 53 63 71 160 102 150 111 177 94 127 78 107 134
61 41 152 150 180 50 79 78 131 36 169 147 112 109 88 54 88 151 97 117 23 123 96 82 111 106 66 67 87 113 135 92 69 112 57 109 136 102 53 189 106 146 68 102 98 144 106 162 186 161 96 75 58 162 108 27 102 86 104 143 69 151 141 180 118 135 144 107 100 140 108 71 83 129 70 129 109 38 80 108 120 89 93 92 158 142 33 71 75 87 70 46 70 54 88 49 133 80 69 85
99 60 118 117 161 52 132 27 56 89 130 112 41 112 102 141 79 153 38 125 122 43 46 112 23 94 169 49 114 118 115 148 114 110 128 122 103 59 75 167 157 81 112 65 170 87 162 165 126 59 129 164 142 15 124 62 109 153 55 116 128 172 72 49 126 41 107 46 124 15 65 93 65 152 92 63 112 50 91 177 104 35 127 131 133 124 94 82 159 83 88 143 117 114 105 49 83 92 147 31
95 134 56 21 166 155 119 133 94 54 145 110 145 134 100 93 79 62 137 59 96 142 35 95 25 148 57 120 118 80 98 139 134 42 144 156 106 76 45 52 110 15 84 135 32 114 133 93 94 124 107 187 42 20 84 45 125 181 104 140 118 124 114 84 152 58 113 70 162 143 61 104 126 97 150 34 149 103 95 32 112 58 96 96 140 59 102 139 142 115 175 45 116 136 109 163 54 84 12 172
159 136 51 88 140 73 92 105 38 98 63 169 68 90 104 135 179 133 70 17 79 114 110 115 116 84 38 73 101 123 141 65 91 37 93 184 48 56 100 180 157 171 99 106 118 81 128 102 75 144 106 97 85 59 96 113 112 107 123 154 64 152 154 68 8 134 95 117 86 115 120 78 95 91 111 112 115 82 143 111 71 172 100 81 17 133 101 186 43 54 102 48 61 128 162 105 188 26 95 159
108 99 127 48 58 64 86 75 82 85 136 108 49 91 118 42 141 121 79 83 152 167 99 92 175 77 115 79 36 64 157 67 135 37 137 161 125 107 149 34 152 115 106 30 89 60 163 186 183 35 32 86 34 81 98 114 156 76 60 133 108 77 177 140 191 178 65 39 119 75 96 162 165 129 59 127 157 60 164 107 117 137 122 182 62 104 46 67 89 65 120 64 138 47 53 118 105 49 114 76
94 126 174 112 52 150 66 148 138 67 134 130 151 96 144 105 131 183 28 71 102 157 180 84 135 107 64 87 107 35 122 101 114 136 104 109 52 77 127 46 72 107 154 72 136 36 111 136 74 72 128 75 83 43 54 42 116 118 138 104 64 106 92 49 143 120 109 81 110 158 107 134 150 94 70 112 30 79 50 57 188 140 166 186 91 114 123 116 126 33 77 58 153 138 102 91 128 65 126 107
60 106 101 154 72 97 100 134 61 84 97 28 100 115 154 101 132 113 161 27 51 58 65 146 73 45 187 139 11 118 33 101 121 59 69 122 109 97 138 98 129 95 105 101 112 51 121 78 100 61 46 141 154 102 36 75 94 142 181 84 114 175 13 109 107 126 81 20 62 156 28 88 118 94 73 55 97 78 33 113 180 139 162 4 138 104 102 96 139 147 62 106 114 94 173 94 130 59 124 42
53 74 72 64 36 53 69 85 92 160 46 31 71 11 67 155 18 161 115 52 147 142 166 166 166 129 131 131 145 45 59 126 164 115 146 148 138 177 33 171 75 123 141 103 25 35 76 125 94 112 135 74 68 32 66 78 114 63 106 44 11 111 160 120 157 97 132 172 36 88 90 47 130 77 37 159 105 79 97 66 105 45 76 104 52 151 118 155 84 98 81 157 111 62 151 35 162 144 124 70
90 55 103 103 127 77 108 53 105 129 73 148 147 45 6 20 10 149 58 107 100 19 98 55 88 101 58 110 107 47 48 81 103 49 16 85 15 122 119 103 169 153 103 31 160 86 110 77 82 102 189 110 69 32 193 100 31 136 177 79 54 120 134 26 104 114 127 174 89 87 119 131 132 99 16 134 173 50 16 112 58 135 97 146 56 164 89 167 139 31 145 49 149 59 187 66 92 94 81 103
176 81 118 140 130 131 176 94 85 153 82 168 40 116 60 61 97 133 175 29 158 124 113 126 66 45 123 89 103 126 42 139 81 61 38 72 26 94 131 51 84 77 150 140 85 117 55 118 44 41 163 72 13 33 85 101 132 75 90 112 123 188 111 28 64 112 146 35 109 107 93 66 98 28 145 126 165 86 178 59 119 72 110 53 126 133 42 74 164 42 155 104 16 156 57 68 170 135 58 151
95 194 162 100 103 160 60 65 167 150 80 166 37 88 117 59 71 103 126 109 95 122 184 58 142 168 117 171 149 92 156 112 104 106 73 142 46 108 81 70 120 139 118 137 112 20 116 112 73 138 83 73 147 176 56 70 159 165 173 20 68 78 25 84 165 53 24 57 61 106 67 76 86 66 91 43 83 31 19 143 93 139 50 65 54 107 190 194 72 6 97 128 166 93 98 122 30 91 85 120
118 86 85 78 86 158 89 93 186 184 117 102 76 69 154 31 68 39 144 131 60 23 120 133 89 68 79 121 64 57 124 26 90 154 136 119 113 80 124 141 70 119 66 36 105 99 169 103 36 177 92 83 23 101 66 60 53 87 34 64 135 167 115 95 139 142 95 64 84 139 131 120 120 167 155 133 138 99 98 144 99 165 69 156 43 62 184 181 126 148 126 138 68 69 55 74 160 157 81 92
83 122 177 40 152 137 102 133 110 158 130 104 100 52 158 112 102 53 60 67 88 143 44 100 153 125 101 47 156 57 93 90 15 105 85 169 97 106 86 132 113 89 113 116 154 86 104 169 123 110 101 52 55 140 109 88 80 142 82 14 105 118 84 25 108 111 178 105 159 160 143 160 63 80 137 168 165 144 118 142 105 82 52 98 101 136 169 110 63 97 94 75 36 60 92 99 126 100 24 65
150 117 111 71 82 117 73 101 96 155 159 114 133 79 138 177 86 98 123 137 83 78 145 92 71 66 107 128 105 62 110 90 81 102 108 84 13 127 34 21 36 181 112 54 62 135 72 93 179 143 123 120 75 93 132 84 102 68 129 13 79 72 94 90 74 77 117 94 125 125 92 84 79 104 95 139 167 80 127 96 52 135 12 91 73 58 51 153 103 67 77 113 97 90 151 88 103 170 16 128
120 61 92 159 137 50 88 66 158 70 118 94 49 115 126 52 122 163 81 66 84 119 75 92 115 68 55 21 62 111 167 109 46 152 14 151 29 119 134 39 108 117 120 80 61 80 99 86 20 135 130 135 120 187 88 169 122 136 71 91 92 70 180 83 120 149 127 76 114 116 125 88 98 76 129 85 83 125 123 115 41 130 35 127 56 123 89 69 89 96 85 124 64 130 118 102 50 95 154 88
102 71 46 105 103 65 96 141 193 84 28 66 45 22 83 119 171 103 130 50 72 56 158 43 54 42 100 116 42 161 92 185 36 147 26 11 93 109 50 27 116 36 107 70 54 89 6 119 155 115 141 141 105 77 111 145 102 48 38 98 81 114 39 117 37 164 97 95 50 141 28 89 91 120 68 185 164 126 133 103 48 89 13 177 118 105 72 31 63 153 154 127 172 149 193 9 164 118 155 131
124 68 112 137 132 110 138 9 128 54 104 116 80 156 71 109 170 111 15 123 161 165 25 24 67 99 29 128 192 71 83 118 146 154 93 137 152 148 156 79 112 152 118 26 29 99 95 35 158 63 174 50 64 154 95 108 60 124 116 161 91 174 91 135 57 100 110 104 112 151 30 134 121 78 91 86 90 16 99 75 48 98 100 111 147 57 90 117 92 46 24 50 85 146 133 164 179 52 157 146
138 46 102 67 149 80 110 127 79 91 115 142 63 84 60 96 103 114 103 121 90 78 96 160 115 123 91 112 106 82 107 82 79 199 129 70 96 114 108 76 167 49 133 57 84 82 85 43 61 74 160 69 76 91 176 25 167 172 75 41 39 76 90 137 56 119 121 144 83 106 55 94 53 148 88 96 59 63 127 59 16 140 36 134 97 85 84 143 188 120 110 89 103 75 97 58 133 69 193 149
53 119 117 52 125 40 42 122 112 104 115 134 63 106 127 116 101 114 43 59 30 155 107 168 103 41 96 35 94 101 47 76 101 139 62 96 125 55 49 72 110 165 51 102 95 133 134 110 87 96 158 82 106 140 92 184 156 37 128 90 62 122 121 123 58 49 99 43 102 56 84 177 120 149 63 70 109 131 94 152 19 84 94 89 139 101 38 168 71 77 134 128 34 158 185 118 129 149 84 109
9 119 77 16 88 106 189 106 132 71 120 52 107 109 80 104 97 98 164 60 143 152 79 34 169 69 83 77 60 20 70 73 98 88 117 171 106 152 84 136 156 165 106 119 148 144 108 136 109 148 103 38 82 40 182 84 72 69 108 125 109 198 44 64 71 104 57 107 74 83 146 121 54 156 190 99 71 164 22 124 94 177 108 156 172 158 78 139 79 176 8 101 59 77 99 63 85 136 118 111
108 7 120 42 113 120 88 91 111 74 104 95 137 179 102 76 94 75 135 90 137 184 127 47 73 172 160 128 138 50 69 100 128 36 139 72 82 69 144 119 105 73 36 116 105 29 99 73 81 34 162 116 152 171 86 82 121 123 44 136 56 92 94 173 114 172 91 113 133 172 154 98 91 133 169 146 71 178 162 43 30 109 31 109 146 110 92 50 40 136 65 82 138 82 95 83 15 149 117 89
143 95 67 122 79 23 59 74 83 117 62 113 106 70 142 83 64 22 23 76 196 99 15 160 35 128 25 31 149 36 39 94 85 188 102 66 135 59 111 137 34 95 80 99 33 146 115 110 114 54 110 116 93 66 135 108 131 146 103 126 72 81 125 73 74 65 43 90 127 122 84 136 7 97 78 122 106 98 124 169 57 90 96 115 154 179 61 79 76 162 32 92 133 148 80 132 123 91 88 106
121 143 144 70 151 35 64 122 125 90 102 125 150 66 117 38 132 76 134 60 54 45 50 30 126 100 52 111 67 7 109 113 89 120 116 145 76 153 97 78 72 178 75 166 113 21 134 116 112 58 158 135 106 121 129 88 102 162 41 60 65 69 114 75 45 42 89 102 190 84 96 55 128 105 89 182 126 157 45 144 109 129 85 63 108 97 109 45 56 170 73 59 136 129 87 48 114 46 176 55
100 85 67 119 80 111 83 76 97 126 59 118 78 43 48 124 63 18 95 77 136 156 106 87 151 81 147 125 124 134 123 125 55 19 173 52 55 52 149 125 95 97 148 115 77 96 144 98 153 168 22 153 141 103 69 106 103 127 115 96 76 152 178 95 123 43 103 96 26 116 92 97 60 127 97 197 86 127 163 83 60 146 133 30 121 84 20 90 164 64 57 102 91 47 96 72 105 60 155 20
155 70 102 75 96 142 111 96 116 127 48 18 66 127 86 166 90 139 55 70 57 108 91 153 89 75 52 97 81 92 142 138 18 132 79 52 125 166 78 35 46 73 156 144 91 125 52 78 102 132 87 91 61 113 84 98 84 57 68 180 39 117 73 97 19 196 174 61 108 56 49 105 131 63 181 114 105 104 14 142 88 21 121 55 71 56 98 96 128 107 145 60 82 84 92 95 139 129 156 26
131 98 106 79 128 84 84 101 136 119 32 30 134 59 66 111 47 166 104 133 35 119 117 150 137 148 91 56 70 111 72 151 108 155 99 110 30 100 141 93 64 47 174 92 83 84 169 71 30 174 137 90 89 115 138 78 62 136 116 75 144 18 134 85 25 137 106 179 129 109 157 99 108 144 144 41 35 82 165 96 39 47 111 77 65 51 120 111 175 123 104 104 151 86 87 161 78 142 156 177
10 76 69 39 49 105 115 83 122 134 80 104 85 94 127 57 109 107 77 147 125 44 88 70 139 119 73 88 46 154 109 146 93 32 113 182 79 47 168 171 149 108 100 154 52 189 51 115 102 115 154 84 97 48 71 123 81 151 145 108 138 82 101 53 20 113 88 124 113 22 72 190 7 56 119 187 111 90 119 198 54 113 143 165 41 71 110 150 179 119 111 93 94 52 146 135 116 119 95 107
78 125 104 117 108 68 43 77 104 130 139 167 104 129 123 123 74 139 92 92 153 90 97 99 55 97 25 85 93 72 146 79 71 119 96 124 91 146 193 114 47 113 159 111 117 99 27 124 92 105 183 167 157 98 160 168 196 117 170 120 99 108 168 68 160 157 93 80 60 11 91 107 131 84 74 105 130 157 144 42 39 111 186 71 52 101 131 79 36 104 84 74 162 137 101 20 88 118 126 185
108 93 179 121 45 121 92 135 73 53 132 75 134 55 142 61 64 57 79 165 77 173 108 38 176 176 141 121 195 112 80 123 184 99 49 167 40 40 41 22 57 154 123 24 74 163 96 166 93 160 89 95 103 170 92 132 154 113 128 142 29 123 99 124 162 116 50 134 90 63 115 49 139 15 124 52 59 104 54 130 69 27 135 90 133 109 29 100 120 171 37 9 64 119 62 122 79 53 114 119
69 69 115 152 131 85 57 139 90 62 66 55 143 151 148 118 60 32 168 157 83 161 139 92 180 119 34 53 176 98 73 76 169 109 140 114 138 63 159 82 59 103 97 47 56 188 162 82 57 88 7 104 59 85 113 95 74 82 79 169 62 24 134 185 16 37 185 51 32 176 116 156 106 182 95 140 117 99 89 81 118 105 79 99 112 113 57 87 162 31 122 163 84 35 134 166 99 71 57 139
118 56 59 102 110 76 151 59 149 85 77 104 107 98 9 100 119 39 133 170 153 29 179 168 31 90 39 93 48 21 138 77 99 68 100 110 172 102 99 90 79 74 111 178 70 85 79 147 153 172 86 35 136 36 130 72 48 62 117 112 146 100 75 124 110 130 158 73 61 106 187 103 45 84 109 138 69 92 26 64 107 32 126 56 97 53 123 77 107 115 189 45 134 68 135 77 92 104 176 131
100 81 85 32 73 140 123 135 96 101 121 112 20 57 136 105 115 65 133 158 87 181 73 62 76 115 125 71 79 29 117 44 102 123 73 17 38 66 52 76 100 115 63 134 51 103 84 79 12 41 76 105 98 132 128 93 102 95 96 186 151 103 82 138 70 64 135 63 129 76 190 133 172 106 50 115 95 113 156 173 125 96 108 115 107 130 78 159 163 162 96 115 118 165 172 95 18 41 118 109
35 102 129 120 108 112 71 140 66 166 80 110 63 54 155 100 40 67 67 91 58 61 99 134 73 114 82 83 118 109 117 157 82 67 129 106 76 2 51 102 130 101 114 104 95 106 163 81 85 82 52 53 109 138 49 77 45 109 104 73 84 80 139 64 83 96 105 108 73 125 107 89 122 107 148 148 49 138 37 139 165 46 62 52 99 90 163 111 121 95 133 87 24 135 10 83 87 70 118 125
99 128 124 26 90 142 173 52 114 108 107 86 146 138 97 66 105 147 100 95 71 26 106 90 80 119 150 157 129 136 92 94 48 59 170 99 101 116 135 64 9 136 18 92 126 94 69 38 58 100 144 147 79 95 85 134 137 126 112 163 114 60 173 96 107 67 58 76 114 67 119 111 130 151 187 84 146 119 73 45 182 180 72 111 165 95 112 119 195 48 147 86 96 72 169 172 104 146 140 67
128 118 112 58 46 52 62 72 99 98 180 95 54 91 75 40 124 47 136 124 99 63 121 109 105 85 71 98 101 66 159 94 173 92 96 40 51 155 126 88 104 26 113 147 110 143 68 62 71 127 110 114 111 107 25 122 39 96 85 90 90 158 33 80 134 59 110 84 14 124 169 50 17 100 75 39 91 70 167 118 62 76 138 99 71 91 143 79 100 170 99 129 95 138 86 23 143 61 54 37
73 164 93 131 131 21 80 185 178 132 142 75 126 68 30 141 66 123 78 60 191 25 124 54 115 173 195 157 73 83 99 90 115 50 33 159 116 103 166 139 72 17 181 73 85 76 146 85 100 151 77 85 139 74 125 76 51 86 138 158 87 126 49 83 104 82 128 77 167 119 50 85 76 97 129 58 99 135 80 104 177 98 84 103 32 38 96 118 131 113 113 173 172 145 120 113 171 143 74 95
91 101 51 86 120 140 30 50 128 113 87 142 74 20 159 33 39 137 162 143 132 1 109 154 78 120 178 153 92 49 159 107 105 98 146 117 102 95 154 65 25 64 108 28 192 16 67 75 143 83 57 119 188 56 102 50 97 112 112 54 94 91 61 76 178 120 88 161 50 101 72 64 119 108 149 73 142 83 82 112 65 128 79 17 70 22 66 37 23 70 158 94 113 167 56 103 31 167 83 191
82 106 67 173 112 168 68 131 118 77 57 129 106 34 106 65 67 117 69 136 144 128 29 108 102 105 158 170 75 93 54 100 19 138 181 58 88 22 68 92 120 149 24 113 156 137 96 135 100 100 42 43 91 45 54 141 131 120 108 124 86 74 106 91 100 130 124 33 51 94 14 47 59 87 116 49 106 86 170 104 168 166 55 151 123 83 90 159 42 179 117 26 165 160 77 65 68 110 60 170
127 105 56 131 103 64 69 112 72 102 153 129 30 140 143 117 54 96 96 50 132 105 71 46 170 101 62 85 48 55 142 94 126 82 190 89 78 106 166 75 138 42 144 145 153 110 66 78 90 92 64 13 101 20 109 120 42 77 138 148 55 151 90 29 137 74 102 197 101 42 147 123 32 118 111 51 102 139 106 164 55 74 34 181 40 61 130 129 77 113 57 171 92 85 171 150 38 110 129 78
131 130 54 43 80 138 70 94 92 99 55 72 120 125 102 108 124 17 84 123 68 159 51 150 104 95 193 108 154 101 89 58 68 178 50 117 160 64 130 111 125 58 138 89 105 48 125 93 52 118 102 82 117 138 127 116 123 85 88 86 99 91 69 133 80 47 100 19 100 37 111 121 125 80 112 78 95 153 103 103 88 75 117 130 119 31 73 120 104 116 78 132 116 34 32 137 97 122 41 82
160 95 138 111 142 135 97 142 74 80 84 160 141 58 78 69 159 33 131 64 19 89 96 74 105 47 147 115 20 144 40 45 146 41 183 30 105 74 83 132 176 85 89 123 69 35 12 137 168 48 114 142 85 137 69 141 167 138 156 162 91 95 113 108 164 86 136 104 129 84 62 95 9 112 126 156 54 196 164 116 115 142 150 70 108 91 116 56 46 44 77 124 124 97 55 47 5 80 40 94
171 94 94 110 76 44 5 173 151 87 76 114 93 89 118 144 58 32 120 107 42 70 41 119 135 93 26 86 65 85 44 66 189 171 62 61 111 153 172 81 52 66 116 106 172 44 68 49 109 91 89 127 115 163 165 138 133 139 82 109 88 134 115 158 106 123 111 35 32 132 104 99 148 114 22 148 143 121 2 80 39 127 68 98 151 92 84 119 77 84 36 173 63 113 110 71 87 150 67 162
91 85 74 108 103 151 105 78 132 93 44 92 179 79 164 127 127 85 74 114 131 102 107 146 70 64 101 129 166 98 118 19 121 100 147 128 118 116 20 88 91 114 167 167 44 148 147 35 125 82 128 96 162 95 47 155 52 125 88 34 130 147 5 113 113 1 92 94 68 71 128 103 78 97 171 127 142 175 61 103 121 185 92 127 104 76 93 76 115 62 63 68 119 149 41 86 198 114 47 117
78 42 70 61 109 21 101 127 139 156 150 117 100 28 77 106 83 110 63 96 146 22 57 64 174 43 78 109 39 14 126 87 65 132 56 130 133 119 61 19 157 91 110 91 132 61 131 88 32 119 152 157 144 90 94 119 85 104 40 41 68 143 60 48 89 151 64 46 16 112 77 41 132 175 79 129 24 181 99 107 170 122 157 155 156 110 12 99 180 130 94 175 92 149 51 104 76 27 23 4
98 171 81 32 24 85 5 41 76 157 82 167 113 137 43 141 123 125 153 127 136 71 57 52 48 89 161 99 78 80 156 100 57 137 192 105 185 103 162 76 122 176 90 175 28 87 95 96 87 126 119 117 123 82 172 130 142 180 131 94 48 117 26 88 191 148 31 35 96 114 66 159 149 96 51 108 95 15 132 112 176 119 120 111 37 146 122 48 90 135 80 101 100 120 173 48 55 66 91 72
152 110 131 44 86 98 114 105 112 87 67 144 44 187 136 116 92 72 139 55 89 29 186 165 173 103 92 117 58 121 49 103 49 57 114 87 130 196 95 51 117 64 122 107 39 39 108 119 99 83 114 34 103 174 130 91 156 95 79 153 136 156 30 143 88 74 6 127 162 112 138 191 100 127 107 89 40 93 61 58 79 100 118 107 98 42 183 90 89 34 121 100 114 77 51 74 168 124 127 34
130 147 61 143 115 155 90 67 81 143 80 64 73 40 55 97 47 128 146 115 23 173 94 67 32 56 44 164 64 132 139 20 49 166 92 123 88 139 165 66 63 99 140 178 91 79 43 126 138 123 156 18 85 62 30 133 170 74 101 148 117 97 68 139 118 93 112 108 139 116 126 102 96 49 39 143 169 54 181 109 165 145 48 38 84 140 53 167 98 19 121 55 87 103 146 81 164 159 162 139
108 21 164 87 64 28 121 98 137 84 136 18 120 153 163 121 110 78 24 102 54 125 95 56 55 155 102 74 162 70 127 124 54 106 36 140 106 131 34 84 168 133 65 140 62 166 116 103 33 86 82 82 55 22 164 138 119 193 107 115 183 54 126 65 50 47 94 111 83 28 106 44 131 61 110 27 96 85 72 84 156 70 93 166 32 138 99 175 66 109 104 118 162 147 15 81 183 71 61 93
145 124 111 97 106 161 64 129 72 42 135 124 63 145 144 124 101 117 91 29 122 76 70 96 97 79 89 97 113 94 52 39 95 163 162 104 103 50 110 5 129 121 87 105 82 143 94 160 90 91 117 158 84 87 107 91 27 95 128 70 63 184 107 53 87 96 75 87 119 123 104 102 140 55 67 118 94 98 110 152 139 122 84 133 20 128 154 100 113 103 113 61 109 133 132 54 143 19 57 50
28 159 117 71 102 154 47 93 71 127 115 147 140 162 104 150 85 127 167 104 58 78 136 90 69 114 124 29 113 99 122 90 163 132 81 155 178 135 138 61 72 40 40 125 127 58 30 162 79 85 15 80 66 48 74 132 30 93 128 117 143 159 144 89 103 152 44 145 165 140 132 172 84 113 47 52 83 111 89 62 72 110 62 19 87 112 100 95 19 135 29 165 120 88 87 33 153 85 144 111
105 122 35 18 41 47 125 193 59 95 58 138 88 48 165 199 82 117 151 85 16 86 100 149 70 98 9 100 158 86 144 107 102 96 79 111 143 47 26 166 64 168 66 119 126 98 117 147 47 173 100 113 114 135 117 69 130 89 131 89 142 122 82 28 131 144 168 119 112 73 32 110 119 9 148 136 168 91 65 78 149 105 132 129 79 84 126 77 112 150 146 94 14 99 99 62 154 71 103 99
125 38 55 57 63 152 114 97 159 70 73 162 126 103 5 40 49 56 152 125 49 189 81 80 86 140 167 45 112 80 152 73 44 140 122 45 161 144 90 116 112 84 112 113 118 120 87 39 48 11 60 96 130 37 92 56 151 36 128 121 143 139 98 116 35 56 152 87 57 92 13 175 94 142 191 99 123 62 56 109 146 89 129 115 12 104 75 107 109 123 5 155 94 149 36 111 158 89 116 98
108 94 55 92 118 147 112 136 108 160 92 68 117 127 68 69 154 89 154 64 99 138 78 56 91 164 172 176 101 86 115 24 143 32 122 148 115 84 51 97 153 169 65 40 73 120 181 168 87 137 71 76 80 137 80 28 77 81 117 121 129 148 86 58 145 58 49 67 97 93 139 121 129 44 95 78 5 86 101 183 61 106 110 85 134 89 118 34 158 37 74 162 130 99 82 127 125 68 133 68
101 64 152 71 74 78 62 85 87 102 73 94 77 96 149 97 53 108 69 110 93 105 36 164 118 125 108 35 98 185 98 141 73 69 31 95 93 81 65 125 85 93 53 163 101 73 91 52 164 153 172 111 136 128 34 66 124 131 53 168 106 56 128 75 157 140 136 134 83 85 140 95 174 54 122 111 45 116 59 95 130 115 46 183 82 82 137 95 87 170 160 95 11 76 143 85 50 45 176 113
155 166 37 87 57 57 163 105 159 122 85 120 107 80 97 124 119 69 30 28 132 23 66 100 98 124 82 101 145 105 140 82 102 113 92 120 80 179 91 109 95 152 163 94 90 102 156 72 67 90 98 157 127 109 103 109 115 143 48 117 70 37 68 33 152 83 62 188 53 19 50 85 17 118 76 176 101 77 55 33 109 140 120 149 105 70 67 68 175 89 92 102 44 68 92 21 133 146 83 146
77 97 168 137 89 37 140 170 84 112 101 142 53 93 43 165 134 47 196 96 145 83 98 103 121 54 94 187 115 158 76 118 78 153 64 66 29 36 94 102 91 123 93 91 110 120 89 80 107 133 71 74 116 104 124 13 132 25 21 106 58 85 169 137 92 109 106 61 64 100 111 114 109 40 179 79 152 124 84 125 96 36 17 79 161 172 142 105 27 137 158 123 47 69 153 51 53 104 163 45
86 136 92 77 113 158 47 93 80 110 76 61 102 79 72 53 133 62 107 82 72 113 116 121 103 147 99 117 158 99 91 92 57 139 23 56 75 104 57 162 81 151 139 178 86 150 106 74 130 32 34 43 90 120 46 93 131 63 92 127 56 93 109 95 170 49 76 138 118 153 165 152 69 146 25 19 160 9 105 47 76 128 110 121 75 62 77 114 24 127 41 120 95 113 98 122 74 101 29 20
152 118 106 83 159 53 107 142 77 156 84 145 131 62 34 35 127 163 39 106 50 37 98 103 122 36 97 64 64 73 128 123 47 13 149 107 11 23 139 69 123 35 137 40 67 104 98 148 129 108 9 101 102 91 146 56 165 132 105 96 99 76 85 136 79 92 102 126 100 143 162 123 110 103 54 131 42 91 22 189 158 28 84 172 66 101 125 78 69 89 103 164 59 81 160 130 130 103 154 137
139 187 80 124 129 113 127 69 111 105 128 163 90 74 77 88 131 88 125 43 84 154 169 133 63 150 143 65 103 148 81 108 118 105 86 130 89 125 41 66 53 67 194 21 145 120 74 93 121 65 120 150 71 47 83 120 60 96 125 94 164 142 81 103 163 145 127 44 82 62 116 107 143 148 102 112 102 106 85 92 134 127 91 77 93 74 64 42 73 74 178 125 102 81 199 178 93 40 100 84
118 74 108 42 28 98 81 63 108 114 146 41 103 97 43 60 35 112 160 118 129 61 73 114 165 85 84 142 85 170 99 105 87 75 110 75 113 67 132 100 147 60 135 167 106 44 71 66 70 179 74 138 103 155 53 116 101 115 135 162 91 108 74 110 120 105 26 28 115 108 141 183 43 168 118 114 89 149 120 90 124 119 42 180 71 108 108 56 114 21 124 126 78 63 36 56 110 104 53 8
70 76 111 129 125 133 46 135 23 77 64 41 100 154 107 67 115 92 94 65 61 69 103 37 136 128 80 83 43 68 28 36 97 129 68 145 127 85 136 89 159 141 118 98 99 138 176 53 136 166 134 180 88 19 37 75 94 55 121 109 71 137 20 64 36 101 84 147 116 131 90 110 109 107 124 175 32 70 29 147 164 81 69 134 87 110 34 30 148 100 106 145 134 92 85 92 165 113 115 99
101 165 100 113 94 119 63 156 151 142 131 62 27 76 116 40 126 157 156 159 60 25 121 96 29 92 102 30 162 71 73 111 96 36 99 113 59 56 15 106 47 138 115 101 144 166 131 177 82 78 81 170 121 132 125 175 101 165 68 70 112 68 79 99 96 128 86 90 97 77 180 112 80 17 109 150 175 144 26 52 28 105 131 127 148 173 123 101 188 92 45 49 74 178 23 96 59 99 172 84
117 88 98 48 61 156 92 152 60 47 94 108 44 131 165 77 148 57 107 100 109 95 136 38 133 59 85 86 59 83 145 91 53 83 163 71 175 37 172 96 139 64 129 65 131 88 60 89 124 117 124 64 166 129 46 88 102 102 69 106 108 123 43 75 86 104 44 147 60 94 119 79 108 31 126 138 110 40 20 184 125 96 21 131 93 92 42 123 154 109 73 119 171 60 108 156 98 61 128 147
124 125 66 30 55 98 56 87 116 121 147 123 105 50 118 137 139 184 94 58 54 140 16 99 104 96 94 148 135 106 91 109 106 94 68 79 87 100 29 13 95 134 140 114 100 53 52 136 129 66 163 9 52 59 92 62 51 107 122 43 153 174 130 72 26 99 89 78 54 176 110 123 85 123 71 99 143 117 159 47 121 153 49 51 15 153 99 56 45 91 154 119 43 175 120 33 105 41 184 61
101 69 56 115 97 183 99 130 58 133 110 37 101 116 85 142 126 156 90 65 152 120 75 32 81 66 100 74 72 45 91 140 89 94 26 132 158 51 97 61 194 100 149 70 158 67 137 4 130 71 95 95 70 151 88 81 58 82 140 40 112 114 162 108 51 38 58 88 33 17 47 158 110 63 32 149 125 77 64 138 103 127 159 103 121 89 94 101 78 75 114 139 155 70 72 125 161 61 70 143
138 139 124 48 80 147 126 148 108 144 170 67 69 19 86 136 26 69 20 69 127 137 113 26 33 81 125 80 139 140 114 84 55 86 3 123 120 14 53 124 142 73 141 37 147 127 179 60 47 134 13 83 83 135 189 191 12 93 170 74 125 108 109 92 73 115 80 19 150 58 112 143 66 90 96 46 47 69 181 145 82 82 54 63 17 120 102 141 89 135 123 135 134 61 100 47 143 113 132 160
110 57 126 99 108 132 158 145 130 176 116 42 112 104 151 172 154 92 147 24 114 100 192 35 129 82 76 150 137 131 55 119 86 68 34 84 61 117 58 67 99 158 57 106 110 83 68 88 70 65 176 57 43 104 67 90 106 41 109 114 27 111 58 108 163 161 113 169 126 168 74 107 98 74 112 88 110 39 159 55 67 105 118 115 88 99 134 76 104 63 137 165 177 34 88 113 88 160 96 155
29 113 101 60 71 173 182 127 76 106 127 122 167 107 43 33 109 131 124 141 92 155 77 126 117 195 86 57 122 21 122 87 73 69 116 104 104 187 128 135 181 49 162 102 34 71 25 125 63 61 49 53 67 145 166 96 91 40 175 92 78 89 21 78 173 119 168 115 10 128 95 139 36 111 165 178 87 96 40 54 36 44 187 177 100 102 187 91 142 90 126 52 107 68 112 37 72 128 93 161
75 40 88 81 55 74 91 164 159 154 62 82 104 137 105 138 64 74 39 131 156 94 126 127 116 127 106 163 93 30 182 82 148 119 144 146 117 164 64 69 135 96 116 47 119 107 45 56 169 121 65 80 135 93 14 97 56 111 30 87 125 130 156 123 103 96 107 97 179 106 103 54 139 95 128 117 115 149 115 65 73 129 57 159 156 139 55 94 98 120 13 70 87 97 115 100 158 134 39 45
21 72 52 17 73 160 123 101 131 98 85 40 62 64 59 82 76 129 108 35 119 147 138 135 31 116 148 119 138 38 109 72 172 33 57 87 112 79 33 62 109 125 139 67 114 17 44 91 44 84 52 33 148 182 87 71 112 168 73 148 125 70 56 94 100 190 88 82 58 106 10 74 44 105 130 72 83 163 87 83 76 152 10 59 117 89 151 153 12 128 77 123 26 100 58 93 170 111 108 64
154 124 59 33 32 85 165 97 84 123 113 85 138 93 56 142 39 121 53 60 137 104 62 81 152 44 125 42 67 123 67 90 125 74 69 118 60 106 92 109 98 102 117 47 91 84 95 148 72 111 187 175 120 174 105 114 94 89 44 76 64 83 135 45 24 52 131 112 178 85 114 89 115 83 67 110 95 76 99 109 82 144 103 50 135 107 63 69 78 94 172 57 66 104 163 165 164 105 127 49
116 155 116 114 98 70 90 159 149 145 121 117 169 84 90 111 132 187 106 131 136 125 86 64 182 175 98 123 105 102 136 142 102 73 111 190 73 139 75 113 80 16 124 63 18 88 71 155 182 163 175 58 82 66 126 120 66 197 80 160 109 86 96 125 101 45 75 77 78 75 39 126 97 29 18 92 85 104 157 73 67 31 100 152 71 101 14 63 88 27 30 101 42 118 60 165 51 100 131 91
29 62 82 71 90 82 81 47 37 135 138 132 168 33 73 157 90 70 137 145 43 55 169 37 96 120 37 86 156 185 117 144 158 96 78 84 79 71 89 116 106 57 49 37 77 98 58 29 46 127 116 100 128 38 114 129 126 172 22 100 120 36 127 144 46 51 117 26 136 158 138 46 87 98 127 124 113 168 101 151 68 119 128 54 173 69 112 122 43 110 149 39 56 29 76 105 28 90 118 115
135 197 81 147 128 64 67 102 80 48 54 80 131 196 51 136 129 106 171 56 158 79 13 120 120 123 33 115 120 135 136 137 118 117 85 90 115 102 123 118 65 112 157 116 105 139 102 151 172 60 69 72 124 93 137 55 45 105 85 102 145 119 74 56 165 77 140 141 120 95 110 180 100 158 75 54 96 98 55 60 135 143 23 56 24 64 103 91 134 25 92 12 32 72 132 100 55 119 81 134
81 62 45 43 140 135 96 83 114 91 130 76 81 97 112 115 75 145 32 134 110 75 82 115 128 72 74 108 167 126 174 124 125 66 136 139 102 29 95 137 118 67 166 50 57 86 131 116 96 168 105 58 80 112 107 171 79 54 55 121 76 87 156 181 92 31 26 110 43 85 101 33 109 38 72 167 89 83 131 129 85 82 109 100 158 116 55 103 108 171 104 135 171 31 116 45 95 58 178 140
147 139 68 160 109 61 126 35 118 113 165 180 103 75 152 102 154 75 73 129 100 160 122 97 192 106 125 75 132 101 42 136 67 58 80 103 117 109 94 61 24 15 73 54 135 141 151 122 106 117 46 107 70 119 126 56 125 70 125 37 142 25 124 88 189 75 75 160 132 45 67 141 109 35 165 95 67 129 48 99 107 139 19 122 61 103 144 153 28 110 173 51 141 131 104 16 98 93 133 91
59 29 141 139 70 75 140 84 50 114 165 158 88 122 30 85 142 96 113 60 110 87 67 134 85 71 195 129 91 75 136 161 108 125 103 163 35 29 92 178 145 66 136 135 181 153 135 127 130 175 55 116 92 75 24 98 68 102 161 53 87 90 137 84 92 179 64 147 110 150 97 107 51 90 16 128 92 103 72 98 142 88 104 153 25 83 143 137 124 42 83 134 120 108 103 125 73 92 83 107
51 63 9 85 113 80 110 146 127 89 74 89 24 167 52 101 88 107 114 73 100 44 184 111 107 102 162 97 51 113 150 113 30 95 110 125 72 64 153 64 75 103 73 46 146 133 49 135 39 99 22 141 68 32 92 134 126 103 105 48 184 148 95 134 74 137 144 64 113 81 37 31 85 106 119 116 153 135 99 96 59 109 93 101 27 108 171 141 83 96 176 157 58 142 142 151 79 137 49 192
107 164 160 50 138 56 87 68 36 54 68 152 88 100 106 105 49 90 118 59 101 59 64 114 118 106 65 84 117 90 137 132 93 105 88 107 24 135 160 99 151 105 132 96 107 172 69 62 87 164 110 101 136 117 65 96 82 108 165 105 140 91 168 148 68 111 91 99 103 33 140 94 114 116 102 90 92 193 118 164 121 95 117 6 82 104 105 60 105 76 84 122 137 96 90 156 49 95 119 166
74 68 84 62 104 90 50 110 133 41 31 120 70 56 53 71 80 93 152 140 48 147 105 34 66 105 114 64 103 126 112 171 25 94 125 154 93 62 73 123 88 62 99 131 115 103 33 161 129 70 85 93 74 36 42 91 132 93 71 67 23 94 105 72 37 168 152 83 114 74 98 37 116 51 117 166 97 79 118 137 51 13 122 87 95 55 146 168 149 130 76 32 121 154 143 133 122 119 167 82
193 90 163 61 99 118 134 118 187 116 54 4 104 162 138 51 82 132 19 63 125 47 127 69 137 99 89 71 112 53 99 24 142 94 110 48 153 49 97 33 103 97 61 72 33 82 19 94 131 50 89 144 112 145 106 62 137 65 163 109 75 9 146 135 136 107 131 87 3 137 6 145 118 153 114 121 75 30 51 133 120 152 89 168 164 62 137 113 6 127 76 87 42 154 116 119 82 110 31 89
107 98 97 81 148 115 150 149 82 104 151 31 131 158 50 27 107 34 81 111 81 56 115 106 62 143 151 104 104 140 85 83 116 144 33 53 125 110 97 140 108 167 52 159 28 146 138 90 86 103 184 104 107 131 99 120 93 92 73 97 169 105 85 120 129 16 157 132 25 163 101 65 85 103 185 168 101 111 55 97 68 89 91 43 72 113 172 118 47 173 82 87 45 157 132 155 85 110 131 112
139 166 56 105 113 95 103 145 51 44 85 91 98 132 91 169 113 16 24 71 168 68 4 171 19 125 103 87 78 70 35 111 87 89 68 149 43 149 113 200 58 86 143 132 36 57 62 89 35 125 19 126 50 86 102 140 109 118 117 124 145 153 156 121 151 138 99 58 148 117 53 116 171 140 97 186 106 112 153 90 87 53 113 171 66 64 135 85 171 87 120 60 114 144 99 155 156 99 51 98
71 99 188 103 133 104 54 76 111 155 52 175 54 112 97 76 114 59 57 41 127 93 56 170 88 67 154 84 160 106 163 105 40 134 100 111 80 39 45 107 117 84 99 94 108 112 139 117 123 60 68 114 148 58 52 115 50 98 146 96 132 52 119 182 92 64 159 147 42 143 150 142 119 43 55 72 123 167 70 105 78 129 127 160 145 107 149 159 10 118 125 75 49 61 94 57 149 76 123 90
70 132 75 158 66 139 29 138 44 135 60 110 168 120 98 95 178 82 130 26 111 65 24 136 15 153 118 9 98 172 181 57 137 165 81 74 136 89 186 124 84 66 51 91 118 38 54 116 110 164 53 82 100 104 137 162 70 146 47 113 109 130 97 106 127 92 44 113 76 134 171 30 62 35 77 190 66 92 89 63 102 187 71 97 100 55 179 103 122 48 106 104 126 88 92 123 103 49 28 99
32 164 169 124 105 56 166 102 153 90 130 129 138 78 65 109 86 155 73 118 118 148 132 113 186 105 146 34 110 93 164 65 111 96 71 115 77 100 95 84 124 135 117 93 101 68 92 18 63 141 167 151 125 76 108 125 152 100 141 95 86 96 98 125 136 76 62 48 191 88 54 73 150 96 81 160 98 111 83 116 95 167 99 112 115 89 96 59 139 139 48 129 168 118 142 86 101 69 126 116
111 104 44 58 134 109 41 82 130 72 62 97 56 95 149 87 58 75 120 138 82 87 128 78 112 145 104 136 97 139 106 70 43 129 111 110 19 130 3 184 76 79 168 83 136 68 126 161 122 89 103 175 124 37 177 94 137 118 140 36 161 45 55 140 137 66 58 109 58 104 116 145 98 166 34 97 136 42 111 102 59 105 126 119 92 161 103 129 92 37 25 55 122 107 123 45 96 21 38 93
139 69 76 144 153 159 83 157 56 102 174 54 84 109 70 31 45 80 79 71 89 82 75 143 89 143 65 135 68 79 114 113 113 74 157 41 143 190 112 86 100 42 187 44 98 95 78 141 52 33 54 84 66 37 52 49 126 89 126 125 114 94 81 85 149 101 97 48 91 102 130 131 120 134 152 56 133 155 104 36 39 97 98 105 111 90 113 55 138 138 133 76 91 148 64 118 109 169 44 151
134 172 27 157 102 115 113 100 40 169 48 26 79 118 136 159 93 21 141 122 146 84 107 45 23 91 135 67 70 41 84 143 87 170 131 128 132 76 148 85 86 103 169 97 73 133 103 79 155 77 112 88 86 107 182 115 64 120 43 138 162 187 161 18 26 173 172 97 62 136 93 85 125 65 58 133 43 92 83 145 77 112 152 143 77 116 99 79 38 117 78 79 60 158 102 5 64 170 108 82
116 99 66 60 52 84 114 94 150 57 150 71 141 114 131 55 169 76 134 82 120 41 89 155 143 161 159 111 122 17 178 25 119 60 57 44 105 118 127 79 125 116 138 165 128 94 58 48 163 21 87 169 61 165 53 93 1 67 134 126 78 72 45 123 175 95 96 99 106 37 178 42 95 28 114 63 148 132 100 57 106 94 76 103 51 89 108 80 13 116 174 157 30 77 36 45 115 121 87 11
86 145 145 67 83 116 101 175 80 89 56 144 99 113 18 128 149 101 101 161 59 116 97 95 77 69 105 98 59 155 115 125 131 47 121 145 23 19 106 128 25 109 109 110 85 113 48 85 110 73 86 148 107 75 107 126 95 98 107 91 98 113 98 155 129 126 147 126 30 86 131 148 114 107 144 100 47 45 55 75 80 72 68 67 87 179 76 87 150 132 106 70 133 50 88 134 158 103 102 188
121 72 85 113 125 44 128 131 93 14 122 154 52 125 110 29 121 82 95 93 132 76 112 59 38 132 91 99 123 137 143 127 72 66 106 95 87 105 61 104 143 50 114 115 91 78 164 12 85 137 88 29 118 103 125 74 58 122 140 66 18 131 85 106 109 112 98 62 165 129 77 41 141 86 114 39 143 87 33 186 93 146 128 115 130 81 83 74 70 145 59 98 143 49 118 62 29 76 17 65
81 122 148 84 19 117 78 159 81 120 145 130 102 125 152 189 70 156 45 71 143 57 63 70 111 69 60 77 26 125 72 53 177 120 134 128 90 20 80 178 119 69 142 140 54 33 171 124 132 88 88 104 105 6 161 127 95 181 115 131 108 126 127 85 88 172 92 130 88 173 78 115 129 119 152 130 106 75 92 105 116 121 104 54 86 72 181 122 114 137 173 110 92 90 68 110 74 57 132 72
130 64 71 108 65 150 104 107 52 126 93 47 116 104 133 186 76 81 59 64 106 79 160 92 108 107 104 134 117 98 171 118 78 89 126 19 43 32 119 59 58 66 11 17 174 135 77 129 132 121 51 141 117 169 90 101 48 103 145 168 107 71 157 62 64 110 122 78 56 43 131 49 170 97 105 124 79 42 98 64 73 92 62 188 105 113 57 106 126 118 154 138 110 67 140 41 95 127 19 135
