14 69
1 8 8
7 0 49
1 13 53
13 0 79
6 2 83
6 4 27
0 11 58
5 7 62
4 7 97
6 0 14
10 1 6
6 1 76
2 10 94
2 7 72
0 1 19
12 5 83
9 12 48
0 2 2
8 0 69
4 0 69
9 1 47
8 9 11
9 0 63
11 6 21
9 10 45
1 3 98
1 2 14
7 13 98
10 7 97
5 11 50
10 5 48
3 2 51
4 5 21
3 7 12
4 11 66
7 8 17
10 6 68
5 3 33
13 4 41
11 7 42
1 5 21
11 8 69
12 3 2
11 13 20
10 8 20
4 1 26
10 12 95
1 7 25
12 13 3
0 12 57
3 11 60
2 5 73
13 9 25
3 6 77
11 9 92
2 11 45
13 3 10
1 11 49
10 13 84
12 4 53
6 5 39
9 6 27
5 9 66
3 0 14
6 8 37
12 6 56
12 1 8
11 10 17
6 7 68
