20 116
14 13 19
2 3 51
18 17 68
12 1 65
6 3 74
1 8 8
10 3 72
6 10 97
8 14 79
10 14 35
5 0 27
1 6 60
18 1 23
5 4 78
2 9 52
8 11 35
17 9 4
13 1 59
12 16 24
2 13 53
16 10 4
1 7 94
7 6 35
0 17 77
10 0 81
1 11 9
8 15 42
0 16 55
18 5 89
17 2 67
7 2 91
18 8 23
2 19 43
6 15 87
15 11 61
13 7 92
6 16 6
19 11 79
19 8 80
2 4 86
17 3 8
13 19 76
7 3 7
17 15 92
14 17 89
10 2 28
12 9 14
10 9 47
0 19 46
6 2 34
19 7 35
1 15 85
19 10 66
0 6 11
3 12 1
17 5 75
19 14 9
11 13 43
6 14 42
11 12 90
8 3 45
14 1 70
9 5 61
18 6 54
16 8 57
5 16 19
3 16 23
0 3 62
19 1 38
9 15 33
14 0 14
7 10 93
6 8 58
2 14 28
0 18 48
1 4 3
3 5 26
3 4 16
8 9 75
8 0 66
7 15 21
18 13 61
2 18 90
12 7 43
4 13 13
4 0 84
0 2 86
10 18 81
17 13 19
17 1 93
6 12 100
4 7 67
15 16 20
3 14 3
9 16 90
4 17 5
13 9 16
0 1 9
7 9 73
9 1 10
3 11 88
7 0 24
10 11 100
15 10 97
5 7 75
15 18 20
16 7 44
7 14 46
5 15 41
16 1 35
16 11 64
9 14 14
19 6 36
19 12 78
17 16 63
16 2 33
