81 223
67 22 48
8 46 73
15 46 84
56 43 59
66 9 95
36 10 68
37 54 4
7 40 83
6 40 60
45 42 19
71 1 26
31 33 82
69 49 18
14 31 75
32 70 44
49 71 13
69 58 77
47 10 68
25 54 82
19 43 8
12 37 57
30 80 30
13 63 75
23 64 26
73 72 8
79 44 21
73 23 17
74 15 29
17 59 89
47 56 98
27 55 80
31 78 88
78 2 17
15 78 14
60 72 4
31 39 90
58 28 29
45 11 70
34 37 19
16 8 88
14 19 30
6 69 4
37 70 48
12 6 87
41 20 66
22 21 2
62 75 59
6 33 10
62 3 53
72 17 52
48 49 94
57 53 74
52 66 18
35 61 20
5 57 56
28 45 89
4 38 16
74 39 100
47 72 67
8 44 77
66 46 11
51 39 7
28 36 59
34 44 67
39 14 32
61 1 99
67 24 68
46 75 98
23 29 93
4 77 93
73 67 10
53 36 2
25 50 88
32 4 89
37 56 31
20 57 97
49 40 21
18 29 23
23 60 46
10 71 22
57 31 25
77 27 51
26 22 23
62 21 89
58 66 27
69 43 92
66 1 31
10 80 53
38 77 17
5 20 59
35 4 14
37 75 13
14 24 63
16 33 89
53 66 28
69 8 52
15 79 52
74 21 72
6 56 33
73 45 98
68 27 69
67 43 60
38 32 40
19 7 7
55 76 11
80 46 52
13 65 13
33 10 48
66 21 58
3 6 6
67 76 87
55 80 4
9 61 80
13 1 21
11 46 82
68 21 100
80 7 53
23 7 64
67 78 67
48 75 57
33 13 55
20 26 57
68 34 86
41 29 41
17 63 45
20 6 19
26 13 89
59 0 96
44 64 68
6 28 36
30 44 23
64 61 45
11 30 46
30 68 84
73 56 18
26 45 63
76 4 46
5 47 73
8 70 60
68 4 7
54 1 4
76 6 46
21 35 37
14 71 34
31 23 18
72 59 13
2 71 72
4 5 53
49 68 73
33 1 81
36 60 18
79 20 56
20 10 41
68 17 16
33 73 54
58 13 87
4 79 59
43 50 16
70 56 45
77 71 71
64 5 72
7 68 59
28 8 90
51 76 50
41 25 47
65 46 70
57 40 41
52 24 5
40 28 52
42 17 83
34 67 97
16 17 82
70 3 55
23 48 75
18 61 98
41 47 50
31 35 74
24 51 42
15 39 63
65 76 44
56 41 97
1 38 42
44 39 50
39 24 80
52 43 3
56 25 32
53 3 16
76 24 41
19 58 5
18 74 12
3 36 24
75 44 12
65 24 94
56 0 52
36 55 35
15 65 91
21 30 80
17 74 48
8 9 45
63 52 17
43 71 47
43 57 93
67 48 83
71 62 11
65 10 84
10 42 89
29 31 8
50 44 80
51 32 93
18 13 55
59 28 23
0 48 35
37 47 58
61 60 27
50 64 46
55 0 6
32 25 20
80 12 22
36 18 22
50 47 95
35 45 1
5 65 30
46 29 70
