81 2913
69 80 80
69 50 50
7 70 49
79 37 53
44 59 82
54 14 14
19 11 100
70 59 46
55 42 87
7 26 2
43 63 94
69 42 36
79 70 53
60 67 38
57 49 45
43 18 67
17 50 92
60 3 25
80 50 25
8 59 17
14 3 23
47 80 84
36 51 79
68 10 19
66 61 25
58 27 25
75 11 9
46 42 67
37 50 8
71 2 9
21 41 89
16 58 20
51 63 75
79 30 63
55 56 67
80 18 69
34 67 46
21 2 49
79 11 25
33 28 50
49 36 5
44 53 46
20 0 57
3 24 14
13 27 46
30 21 43
36 61 30
53 30 13
60 0 14
47 45 85
67 2 46
30 12 94
33 37 33
22 19 67
45 76 65
7 55 77
8 34 94
4 69 30
62 10 37
35 7 32
2 7 39
26 9 8
80 78 89
49 8 67
24 64 45
50 31 79
32 38 99
48 26 88
56 17 94
9 63 42
17 39 41
78 32 33
73 51 21
34 78 38
8 35 66
21 0 22
7 75 56
6 11 90
41 46 82
77 8 26
14 46 77
50 71 77
31 62 60
51 38 13
25 51 64
27 4 80
13 28 11
46 54 9
24 63 17
61 59 89
22 27 2
25 63 9
35 14 98
21 6 44
76 51 74
33 20 97
32 71 18
16 59 57
11 46 42
8 9 37
29 7 77
32 69 16
28 3 37
17 65 36
19 43 7
22 51 48
2 20 7
45 77 90
20 4 10
8 4 76
22 0 82
0 36 64
40 46 93
38 33 15
20 55 72
49 12 3
71 72 10
7 25 61
14 27 14
77 2 71
10 26 100
45 58 9
58 28 88
49 47 40
80 58 83
32 67 2
28 55 72
9 60 71
33 58 57
50 43 99
37 4 3
35 57 43
70 19 99
57 3 56
26 11 83
57 8 79
56 37 66
73 27 46
12 29 78
62 46 78
23 61 9
58 71 13
8 2 71
17 52 41
42 40 80
72 28 19
27 59 75
56 71 54
64 51 21
0 78 98
10 56 30
79 71 8
33 29 27
66 19 53
67 52 26
6 4 32
80 61 60
35 38 70
47 76 89
58 60 62
32 47 23
62 13 54
43 41 91
16 75 45
31 14 43
53 58 94
36 48 62
6 1 46
50 24 89
13 77 34
6 47 59
20 49 75
29 30 13
35 15 85
77 9 48
14 70 28
0 41 64
44 48 100
8 75 98
21 50 76
22 42 71
76 33 78
22 11 94
29 46 33
38 58 34
58 14 79
32 79 38
22 31 48
51 9 1
42 71 32
38 55 3
17 73 3
46 39 83
35 56 86
4 57 61
8 3 28
75 67 93
20 61 92
79 60 20
47 23 28
33 35 22
14 52 98
72 31 4
35 68 60
26 12 30
60 33 88
37 72 58
50 33 11
43 14 75
67 59 59
60 51 3
51 35 63
12 0 83
67 46 20
76 42 58
55 58 27
43 33 96
37 41 54
43 22 57
13 5 42
32 61 26
79 42 21
39 64 36
12 44 82
35 73 99
10 78 65
55 41 20
15 42 49
13 32 20
43 4 15
61 56 34
4 34 74
74 1 69
2 43 53
48 34 56
11 48 83
72 15 3
76 0 56
69 16 36
5 41 52
53 77 61
75 14 74
62 59 53
36 76 18
15 77 23
75 30 49
51 69 41
32 28 58
48 27 50
42 70 55
11 20 30
80 19 69
33 17 92
74 14 78
39 1 51
42 21 15
37 35 10
24 69 89
49 69 73
28 30 42
78 14 77
54 37 41
39 7 9
79 51 49
4 15 69
50 32 65
11 49 16
69 23 67
34 40 82
47 13 8
68 3 58
38 57 67
3 66 7
43 64 77
64 31 27
31 46 14
78 41 89
59 6 47
39 14 79
1 60 31
25 67 93
73 67 52
67 40 11
67 3 96
35 24 36
59 12 11
57 39 20
40 77 9
0 46 39
80 55 16
51 53 63
48 14 8
21 9 58
55 69 86
4 60 50
65 71 64
66 23 17
10 42 12
34 64 77
75 62 44
30 57 43
73 64 83
31 60 35
41 79 13
42 62 60
34 70 97
3 59 32
59 7 95
29 31 4
78 61 16
25 30 12
7 18 20
51 80 67
42 49 49
32 63 76
12 53 98
45 80 36
70 71 39
72 47 13
73 69 50
30 45 4
32 30 91
61 42 40
2 19 10
46 17 51
25 32 1
2 0 24
73 19 90
24 58 96
73 11 66
10 11 96
63 71 58
38 6 11
54 40 61
68 49 20
22 75 70
45 3 22
58 75 76
17 55 19
40 1 37
51 39 17
44 0 42
42 0 28
39 10 57
18 37 33
17 10 14
17 37 7
17 6 90
6 5 74
1 3 71
17 14 64
72 46 21
75 0 17
13 59 49
33 19 68
73 36 57
8 55 44
70 62 23
53 60 87
39 60 96
32 34 55
9 4 46
32 54 15
29 63 85
16 79 58
9 59 11
23 16 59
51 4 41
75 66 95
8 61 92
4 28 55
75 27 61
71 27 90
15 78 24
64 37 18
21 37 47
55 22 3
12 18 4
64 50 73
1 34 64
11 24 25
73 16 64
16 11 83
1 69 51
69 67 39
16 3 70
31 21 4
14 65 81
23 67 84
65 67 41
23 10 92
29 68 75
67 33 35
49 67 30
42 43 87
45 22 84
21 25 44
47 27 44
8 15 76
27 3 45
18 40 46
28 24 42
7 45 32
19 40 99
20 39 24
17 35 83
47 36 68
68 9 96
22 30 28
12 48 24
32 74 4
49 78 24
80 53 15
68 27 15
58 72 55
73 6 2
35 21 43
42 68 45
42 67 98
43 56 16
78 6 45
34 71 45
38 66 55
53 46 67
12 63 74
0 73 28
69 21 42
33 57 81
35 80 77
42 1 31
31 77 90
73 43 35
30 38 83
60 46 4
48 29 84
20 47 99
59 37 57
22 9 17
29 58 87
38 8 74
14 51 12
47 65 32
62 32 24
35 32 2
42 28 8
45 19 78
0 31 70
8 50 3
49 59 38
29 39 76
51 20 50
2 4 22
44 10 48
79 47 97
11 28 9
6 70 37
2 36 66
59 48 29
28 49 92
32 65 22
51 5 45
11 1 76
4 54 54
76 56 85
47 73 10
42 38 95
26 4 36
1 56 88
24 71 79
26 58 90
45 2 48
72 26 15
33 23 1
33 51 47
0 55 30
4 63 21
21 45 91
39 54 15
60 2 34
38 28 20
2 61 11
78 46 8
7 5 59
36 63 78
6 20 67
45 17 65
65 75 99
54 5 52
13 34 70
18 62 94
56 6 24
45 64 76
65 26 56
71 1 51
57 70 83
39 11 17
1 44 82
63 18 56
73 15 58
25 80 64
9 40 55
3 64 52
16 37 75
77 28 6
43 15 61
42 36 10
41 19 77
57 0 5
46 61 25
74 42 49
80 16 17
12 4 77
79 38 7
18 15 17
61 31 31
4 64 84
59 46 53
16 1 50
3 35 41
64 26 4
62 49 48
16 4 38
34 60 49
58 3 98
15 50 19
31 45 46
41 72 29
4 65 83
65 41 50
33 13 7
28 34 93
44 71 45
5 14 39
78 21 2
18 33 69
48 52 72
61 44 32
4 30 1
61 67 32
59 28 12
20 73 37
3 56 42
17 61 38
42 54 88
2 51 29
13 31 5
9 1 44
55 64 14
24 16 78
38 80 66
53 3 84
3 51 65
42 57 22
27 60 58
9 54 55
56 13 30
45 11 35
63 67 69
70 35 83
20 75 50
40 23 47
10 51 97
10 77 11
78 22 24
10 38 68
7 38 48
29 17 37
46 3 79
51 18 74
39 63 22
29 6 30
33 25 29
29 67 71
44 65 76
12 37 91
72 69 93
12 46 79
28 26 44
39 36 49
14 67 76
28 67 46
49 43 13
2 52 18
68 67 80
31 33 2
22 29 50
41 49 84
28 75 64
25 52 69
65 80 47
47 28 61
11 41 55
49 76 54
46 13 88
45 4 45
19 1 46
67 0 39
30 76 1
51 48 83
65 9 33
43 44 72
5 11 39
29 24 87
44 79 37
31 1 24
23 17 96
15 71 55
23 37 98
7 73 51
66 53 22
2 26 31
36 71 76
73 21 87
10 22 60
68 46 99
23 29 53
70 13 21
13 6 3
45 24 43
74 56 92
7 46 50
36 12 77
75 76 16
14 77 95
18 52 47
60 54 5
60 69 73
30 66 33
4 25 6
75 71 58
54 23 27
52 49 97
12 20 45
17 28 72
74 7 54
42 47 88
39 79 19
22 3 10
71 76 50
41 17 26
12 55 39
60 57 47
11 57 42
8 80 10
58 20 35
78 54 100
34 26 29
35 28 29
52 8 39
10 69 83
28 73 20
1 53 42
79 67 83
10 2 67
80 48 29
56 45 19
17 1 100
53 20 7
49 33 41
1 63 86
27 65 58
63 19 29
39 80 29
2 32 56
66 69 7
41 30 76
69 79 49
69 34 82
33 24 84
38 13 16
49 35 40
17 42 7
77 22 63
28 18 47
49 31 90
38 23 28
5 9 95
57 66 40
68 75 53
79 56 88
47 4 68
40 37 51
45 79 89
34 49 88
54 59 69
34 36 67
46 22 34
12 41 80
18 39 3
9 35 42
55 65 10
59 40 73
43 9 59
62 47 48
24 2 3
38 64 67
17 76 2
59 17 71
18 34 24
30 62 54
25 19 38
62 73 85
79 13 51
67 64 51
39 4 48
57 32 46
67 27 4
19 23 89
20 31 58
0 53 12
28 25 56
7 44 64
58 37 93
28 0 21
11 27 60
77 29 35
12 19 55
10 8 72
24 74 78
33 56 93
27 8 46
79 6 38
13 67 83
44 50 23
31 79 36
46 48 91
54 70 12
60 10 7
59 55 28
2 47 65
6 19 96
55 21 17
52 66 75
43 53 61
60 12 41
72 55 22
13 48 24
23 27 58
49 63 93
61 21 34
55 37 1
80 75 98
71 74 12
0 11 28
41 48 19
57 64 30
32 8 47
54 74 63
27 29 32
18 29 79
78 28 10
54 55 37
47 35 5
20 30 19
53 68 74
11 14 67
13 24 67
34 68 24
0 9 83
34 12 64
11 30 33
13 1 87
68 48 56
73 25 24
22 52 28
68 77 77
31 42 31
61 34 74
21 18 73
54 58 25
6 41 65
41 60 96
77 12 91
36 56 19
18 56 80
64 5 60
18 71 70
79 77 25
40 20 51
38 12 8
25 55 4
8 47 3
8 28 71
15 56 25
56 54 8
4 77 2
69 7 13
64 53 94
21 57 50
19 54 98
8 70 21
64 75 81
0 8 18
67 44 80
51 17 21
21 52 88
2 14 93
47 75 95
14 76 30
29 3 56
77 6 20
7 54 37
16 46 7
51 68 84
35 10 49
30 73 83
42 29 90
77 18 51
11 74 2
49 29 36
19 42 75
48 78 80
60 19 78
73 34 56
59 14 11
56 49 88
19 21 11
28 74 48
29 16 58
70 16 85
39 28 70
19 48 19
41 52 75
34 10 55
42 5 52
78 16 8
3 4 37
45 15 12
53 65 34
13 22 81
60 71 46
50 73 39
19 8 71
30 43 17
44 16 47
3 48 86
46 34 75
76 22 11
52 53 1
32 60 37
32 56 46
24 47 26
18 11 31
59 73 88
0 52 20
14 4 35
44 28 55
65 46 7
12 15 9
42 56 87
14 64 63
60 48 81
30 54 60
79 68 69
50 57 16
0 32 89
13 40 87
1 20 97
56 70 59
73 52 26
69 9 54
13 43 67
75 23 52
79 50 1
74 18 35
31 54 45
40 3 17
26 21 29
35 31 69
1 22 67
25 65 86
76 54 76
66 25 68
4 70 66
18 24 51
44 73 26
34 47 30
24 78 63
33 42 14
52 57 60
1 46 27
22 33 20
25 37 25
32 31 97
5 55 3
49 71 61
16 36 79
46 32 9
34 22 53
68 0 9
43 75 87
43 25 28
24 40 76
26 33 59
61 62 62
36 28 46
29 2 46
70 30 65
9 39 92
43 39 12
37 61 30
80 36 24
53 5 39
52 59 81
65 63 36
59 29 98
41 68 32
53 49 70
14 19 38
50 47 22
75 74 75
72 77 81
31 7 20
10 14 82
42 3 6
23 56 98
75 72 48
49 61 54
36 37 69
8 23 3
69 45 54
7 16 16
39 37 26
25 34 84
61 71 18
52 30 66
37 2 81
35 66 41
73 55 11
36 58 53
32 10 67
67 30 76
80 4 4
8 41 13
73 63 64
38 37 71
33 74 25
7 0 23
63 5 99
40 55 46
58 49 23
69 11 67
4 66 64
48 5 34
4 62 35
1 67 66
23 2 55
37 31 51
80 73 7
54 16 98
63 33 25
43 78 91
59 56 63
23 13 3
74 15 74
15 9 90
50 34 3
13 14 3
10 4 76
11 15 40
61 57 36
7 15 27
48 79 36
70 5 14
12 43 94
52 71 46
63 16 41
64 9 76
8 33 26
55 32 31
29 28 47
11 58 54
54 57 10
70 65 79
19 38 1
14 21 82
10 75 96
6 71 88
48 66 23
76 78 34
55 79 85
46 79 67
75 56 82
33 12 32
1 41 54
58 52 41
65 38 17
68 32 92
0 6 35
60 22 14
0 65 35
35 43 53
25 57 57
9 28 35
5 0 36
19 58 51
16 17 82
66 37 29
68 59 4
65 57 24
16 8 53
13 30 62
26 73 39
75 24 100
61 70 45
40 73 81
22 44 69
53 19 20
65 45 94
26 57 44
55 10 85
41 71 10
36 40 53
76 59 69
2 78 71
40 4 14
40 79 20
34 20 90
65 69 42
70 53 27
61 9 47
15 58 15
57 75 20
62 58 65
19 9 82
56 11 15
58 12 65
18 17 4
37 71 63
74 27 32
79 23 79
57 29 54
58 63 35
14 61 84
49 18 59
35 36 55
2 50 45
31 5 21
45 34 90
42 66 97
77 47 62
19 17 7
23 48 56
20 5 40
26 51 32
47 60 58
70 38 56
71 77 46
35 20 98
17 43 43
56 7 10
27 46 46
42 59 56
14 36 19
32 72 1
77 42 59
60 15 31
12 10 77
59 50 69
63 79 8
33 46 100
33 5 66
28 14 98
13 66 27
77 20 22
53 55 75
52 45 85
34 3 46
16 74 72
45 10 42
57 36 4
18 69 13
65 18 9
10 61 12
13 45 70
43 10 50
17 12 74
34 57 12
10 67 25
38 46 6
9 67 7
22 16 58
0 14 94
56 44 65
72 2 79
8 45 12
69 71 69
24 34 68
33 70 24
0 50 65
69 44 89
57 63 28
40 75 44
20 44 81
15 76 30
60 25 85
52 79 71
32 22 75
71 11 74
35 46 71
0 63 20
6 22 85
40 15 84
51 78 83
2 3 10
72 16 61
53 38 66
49 55 78
39 66 80
17 7 85
15 33 74
38 73 20
80 46 92
43 76 77
73 77 63
70 37 34
21 27 73
10 53 77
25 39 59
27 79 71
55 35 19
62 51 43
63 74 86
45 57 47
63 35 37
38 40 25
48 55 37
51 42 17
16 55 58
72 38 86
13 55 57
3 33 32
27 69 78
74 25 41
51 31 99
29 54 26
50 48 28
9 20 2
54 28 56
33 32 47
9 72 8
72 76 58
16 52 32
18 48 33
44 51 88
8 18 1
9 29 48
53 16 22
17 58 94
8 58 10
4 46 60
52 72 29
67 58 98
57 77 18
23 6 53
30 48 19
23 11 55
53 6 4
5 50 17
52 47 95
42 18 47
62 0 64
11 35 24
60 62 69
63 80 3
64 77 69
24 68 74
65 72 3
69 12 60
54 36 85
80 43 78
43 59 85
38 59 25
74 6 48
68 11 33
40 8 42
16 57 17
63 2 51
39 50 57
47 31 90
80 7 92
41 40 88
18 14 67
56 53 24
61 3 47
44 41 7
49 17 84
72 23 14
16 20 58
26 69 71
24 37 95
65 13 93
13 39 27
10 50 12
35 39 90
71 9 30
43 79 91
39 61 74
47 78 20
66 10 10
52 35 28
23 32 16
49 0 53
62 45 93
43 52 60
55 27 30
73 14 20
24 31 100
78 18 85
49 65 100
3 70 26
10 20 66
77 17 43
44 19 5
3 73 37
45 44 1
25 1 54
4 11 40
6 57 90
29 43 71
37 67 12
26 53 42
59 71 19
2 5 90
13 61 95
1 68 10
24 30 48
7 6 86
50 63 76
51 0 76
20 7 43
21 72 89
14 29 17
69 68 35
27 70 93
35 69 95
41 57 94
39 77 81
70 25 48
4 31 87
50 78 56
23 18 31
50 3 74
69 22 10
43 8 4
72 66 88
37 75 65
56 48 55
64 70 27
22 2 95
9 53 100
38 61 76
78 7 52
74 78 32
74 50 3
33 47 17
75 15 8
32 40 15
54 80 95
25 59 96
7 63 36
76 62 57
45 54 14
32 76 22
9 52 67
55 75 29
14 42 66
20 23 88
68 8 8
26 14 95
44 9 46
66 14 98
53 18 20
0 35 46
7 49 71
15 21 62
38 5 35
59 0 40
23 7 76
7 52 11
26 71 97
50 53 70
68 62 70
59 1 90
78 31 73
1 35 37
44 6 68
75 59 5
35 58 65
71 29 48
62 8 2
73 4 71
11 59 79
57 79 20
47 37 55
23 22 62
67 8 6
23 51 96
62 50 28
6 14 26
9 3 39
20 27 6
65 34 14
16 32 75
21 77 96
36 60 81
55 34 7
54 35 34
33 21 51
21 16 74
33 4 40
44 49 81
52 32 78
20 59 50
68 28 87
56 29 7
42 6 94
34 62 12
39 15 15
13 64 64
70 21 24
33 11 49
52 50 24
66 44 21
5 66 11
47 11 59
14 37 40
12 47 52
32 12 39
58 2 37
10 37 81
45 33 76
18 45 81
63 69 85
78 67 25
63 45 22
41 56 21
2 79 57
26 45 77
24 77 90
22 14 93
45 6 84
43 1 96
38 34 80
20 45 44
67 5 54
74 9 11
40 76 79
64 44 4
53 47 41
36 75 60
55 43 9
36 20 45
24 7 67
36 21 3
80 9 100
34 52 77
18 57 42
3 11 58
9 30 4
19 56 94
68 61 69
1 27 9
41 38 8
21 59 59
18 20 34
66 34 19
4 50 14
18 72 90
73 75 47
61 60 55
79 26 7
5 24 95
24 48 39
15 6 24
31 52 97
15 14 35
36 3 6
49 24 97
3 18 93
29 40 79
3 7 75
27 51 1
45 23 31
8 48 12
31 9 49
28 27 16
73 54 44
55 36 73
57 76 86
43 69 76
78 71 19
77 66 49
65 8 36
27 36 75
72 60 31
7 4 30
43 16 43
21 10 96
58 65 2
68 40 3
10 15 42
38 27 22
54 65 94
28 62 27
8 21 83
30 80 62
12 14 60
44 25 68
65 60 43
50 16 73
10 6 89
75 61 92
24 54 46
38 62 74
53 13 91
61 58 7
12 64 28
33 80 59
60 80 89
80 31 85
48 35 41
80 79 50
56 68 98
68 5 3
10 48 67
6 48 70
21 49 83
57 47 10
11 34 99
8 71 34
66 6 91
48 64 3
73 10 57
56 24 96
13 72 80
12 42 22
23 4 71
35 6 8
14 49 47
50 20 17
70 45 100
45 42 42
3 39 47
57 58 100
4 52 47
14 55 16
20 48 7
20 72 89
57 28 88
35 50 17
66 64 7
76 3 91
45 14 62
77 16 32
46 49 58
68 55 72
28 79 70
66 40 15
68 70 34
27 9 53
31 23 48
36 11 67
9 79 24
41 61 33
10 59 80
50 58 47
15 61 68
27 12 3
33 27 16
20 67 19
1 62 65
53 61 30
31 34 7
77 61 65
80 56 3
67 71 87
11 72 87
34 23 92
16 60 29
64 32 4
38 0 31
57 22 45
70 32 26
2 13 92
72 12 85
5 35 17
35 42 28
6 16 19
69 62 58
73 76 27
50 25 31
11 42 54
62 26 20
38 56 64
41 34 35
59 45 35
30 35 20
72 57 72
14 80 34
47 18 70
54 44 11
40 44 32
24 39 83
30 47 24
79 18 66
19 30 97
46 44 80
13 4 84
80 20 27
54 34 45
55 70 96
56 46 77
14 44 30
62 48 84
16 41 12
3 80 19
0 71 3
17 22 23
78 20 21
74 3 7
11 78 4
25 10 36
23 59 28
25 72 49
43 77 87
30 40 81
53 41 90
73 1 95
50 40 35
5 52 40
19 61 20
60 59 21
12 13 77
7 47 17
29 47 58
30 27 83
5 10 70
18 35 16
28 15 49
42 27 41
51 6 96
28 53 74
51 71 38
59 34 27
29 78 15
39 32 20
51 72 38
9 23 77
7 19 76
39 56 50
74 29 91
52 75 26
66 47 97
29 4 70
28 37 31
60 44 58
5 58 81
68 2 49
76 21 91
6 67 59
1 23 39
77 19 77
40 58 20
64 52 75
72 10 91
15 46 62
18 26 73
25 2 57
16 18 4
24 17 46
66 78 91
27 25 9
32 29 27
38 22 54
71 23 43
48 16 94
72 63 49
59 53 93
51 13 4
26 61 71
76 25 72
42 78 28
9 49 23
70 10 100
51 77 61
39 70 68
39 69 70
61 48 63
76 60 53
33 52 68
15 32 52
13 44 47
0 33 28
69 36 32
56 63 53
25 68 100
41 75 94
16 61 41
7 67 95
78 35 40
21 74 96
17 53 83
70 75 3
51 56 50
48 17 43
21 68 98
58 23 73
76 70 10
78 36 78
55 45 34
34 53 76
69 77 96
8 63 15
46 20 74
14 7 99
60 40 43
15 37 69
16 33 6
3 78 93
57 23 89
11 40 71
30 8 98
1 18 52
22 65 70
76 58 83
24 0 26
28 71 66
78 58 40
43 72 29
18 64 3
22 63 88
0 19 62
75 51 36
38 68 24
9 76 78
0 1 31
9 56 93
41 73 74
56 58 29
45 39 33
57 80 83
55 39 18
75 19 20
47 67 13
73 13 18
74 41 19
65 64 20
77 48 47
11 44 10
42 80 12
55 66 51
48 25 18
1 26 38
35 12 69
10 19 25
29 65 71
9 7 12
23 15 1
42 63 77
64 35 74
28 20 95
73 23 59
54 62 1
41 26 47
73 33 8
24 67 20
39 71 86
43 26 66
28 41 32
3 43 59
64 20 41
29 1 52
6 72 75
15 52 54
66 9 54
74 40 58
6 63 78
8 53 22
17 8 37
40 64 88
71 4 85
46 24 65
4 76 36
14 16 91
77 23 8
35 65 6
51 47 7
63 20 48
43 57 25
78 5 17
26 66 53
16 42 43
79 73 46
20 65 58
31 16 67
5 44 36
58 46 86
49 50 96
52 39 18
61 35 7
29 55 39
56 66 89
15 57 38
16 40 99
12 66 53
78 62 30
69 25 27
10 80 93
19 71 97
55 30 39
24 55 29
46 36 11
36 6 8
18 55 51
74 8 13
65 19 73
14 57 90
7 21 71
54 38 91
53 63 23
80 71 53
56 78 11
69 38 39
37 32 58
51 45 65
49 70 92
73 48 74
34 75 45
14 1 4
33 34 27
71 3 88
0 4 21
28 60 86
72 74 60
21 48 25
53 42 58
40 27 76
74 0 2
23 36 51
2 1 36
38 16 50
20 19 1
28 7 2
52 27 83
41 59 92
30 10 83
31 6 84
11 43 77
63 59 28
61 27 14
33 53 87
20 62 55
71 40 13
31 38 67
50 22 81
43 51 90
73 24 44
41 77 45
64 30 92
66 62 68
62 33 93
75 63 91
54 11 32
50 66 5
69 46 17
29 38 61
7 72 44
26 15 69
5 16 81
55 77 21
62 71 95
21 32 56
36 50 67
56 16 81
54 68 10
46 50 5
48 58 15
8 39 99
12 70 11
70 66 63
19 16 100
3 10 35
16 2 37
37 73 5
0 25 16
18 4 49
51 30 38
17 30 54
9 41 30
58 31 7
29 26 63
57 67 74
12 22 93
58 7 54
79 19 94
27 6 42
0 54 78
25 77 68
72 34 77
22 67 73
11 50 66
65 36 19
54 3 1
21 79 58
28 63 4
42 9 77
52 78 62
71 53 26
32 1 97
46 23 64
59 57 83
7 11 22
42 39 86
70 11 40
36 24 56
37 26 96
38 36 78
58 25 3
52 76 2
77 44 43
64 28 98
4 48 18
15 36 30
27 35 71
53 21 59
27 62 13
20 8 61
77 35 43
50 23 73
1 49 50
66 32 83
47 61 61
21 4 79
68 52 14
19 49 78
75 46 12
29 37 85
75 1 5
52 38 87
31 65 94
73 60 24
49 51 78
65 74 96
27 49 18
56 60 81
51 28 25
5 76 86
19 55 47
42 7 14
25 16 99
77 1 94
40 6 29
73 72 33
15 54 64
37 1 60
49 22 31
30 60 17
69 48 6
65 48 55
72 8 47
52 77 27
14 71 44
67 66 89
72 64 58
27 32 92
70 74 69
46 5 98
68 17 26
29 10 71
80 5 92
23 21 3
34 35 68
68 26 95
8 73 50
24 21 76
66 59 20
35 79 72
75 29 29
47 21 43
69 57 72
62 15 95
65 21 92
51 50 88
49 32 19
52 24 14
36 41 61
48 15 97
67 19 100
70 60 59
20 71 93
54 49 46
27 39 18
57 12 39
71 54 12
34 42 92
59 33 68
45 32 78
33 68 31
68 71 65
16 47 98
18 19 18
54 63 38
51 74 13
56 22 94
27 24 92
30 78 20
63 76 76
56 31 50
68 76 79
70 51 86
63 31 41
73 42 21
17 13 33
24 10 43
64 60 2
25 14 74
12 28 55
28 31 6
61 30 2
32 11 44
49 37 81
67 31 26
20 57 99
37 52 22
44 75 80
25 3 90
55 57 63
18 76 30
74 12 46
74 4 37
68 13 45
65 59 49
26 39 33
37 6 7
30 59 1
2 28 54
78 37 54
80 22 81
55 71 42
60 77 32
19 74 20
42 52 29
37 0 4
73 22 84
18 61 90
37 8 96
74 60 66
33 66 63
40 48 73
70 69 36
30 31 79
5 61 69
66 74 15
53 73 47
39 47 53
65 6 94
13 15 61
3 32 49
15 47 89
79 49 94
31 73 31
77 5 85
25 47 2
70 22 31
34 44 68
64 17 21
79 14 94
56 12 69
6 32 81
2 18 31
42 32 32
13 3 1
78 9 57
8 79 85
60 78 20
29 79 98
19 36 48
46 6 56
76 41 41
18 9 27
3 26 82
79 22 55
20 15 26
67 21 23
43 23 35
74 58 51
2 12 1
4 32 89
33 65 22
50 27 36
21 39 6
37 27 51
61 43 5
24 43 2
44 78 37
43 68 22
39 73 31
69 5 22
61 24 13
16 34 6
67 39 51
78 68 88
21 22 5
17 3 71
40 17 71
13 36 61
30 37 76
61 22 34
68 31 1
73 57 83
55 60 56
44 72 63
60 43 29
25 79 99
2 62 42
14 30 21
27 17 79
15 69 17
37 74 73
0 47 98
73 61 15
1 61 49
47 63 16
12 52 54
28 10 79
16 62 73
40 0 96
43 5 15
56 72 45
40 25 23
12 68 40
25 11 64
75 49 94
57 48 96
41 4 83
40 53 37
1 8 73
54 41 20
69 56 83
1 50 97
0 18 58
37 11 36
11 67 61
74 20 2
13 58 36
10 41 99
50 9 44
30 58 31
4 79 97
42 75 90
10 9 7
73 58 5
21 56 5
64 71 14
64 8 11
65 79 33
69 37 77
29 0 10
58 9 54
15 49 19
76 28 82
54 75 64
22 28 12
44 36 92
9 70 48
1 70 16
67 74 95
20 43 27
51 61 58
42 37 43
35 19 46
25 5 63
51 40 89
71 66 31
12 3 52
41 18 96
77 26 13
66 43 1
61 50 91
10 40 91
78 26 79
1 64 59
2 42 60
30 2 75
63 55 73
80 66 75
17 31 9
5 8 19
77 32 62
5 47 26
25 18 93
56 73 21
27 34 99
14 33 93
11 60 10
40 12 84
66 24 36
31 15 84
73 74 97
24 59 66
3 69 44
77 37 90
44 29 17
38 49 7
31 55 60
46 2 6
57 7 55
56 5 53
54 50 20
2 9 75
75 45 83
29 73 19
21 38 10
76 65 91
34 17 45
46 37 68
15 79 11
71 73 12
47 56 1
29 45 79
77 63 59
24 1 67
7 66 96
33 69 41
33 39 88
77 62 87
14 56 88
74 22 53
59 18 46
62 25 87
75 17 72
13 10 93
4 78 92
33 7 25
8 14 7
50 67 68
36 18 51
18 50 88
8 31 94
78 40 38
14 24 6
8 69 83
1 78 73
24 70 89
9 6 11
33 55 36
23 70 28
67 54 81
59 15 55
67 26 3
19 59 95
33 77 52
68 57 98
15 29 84
55 6 61
68 58 29
72 4 8
41 14 29
14 68 32
9 17 3
74 36 76
2 70 45
28 6 5
60 50 88
30 36 44
4 42 41
2 65 85
55 78 14
33 9 20
74 47 44
45 68 89
75 12 11
20 14 70
52 54 15
62 36 73
13 71 29
59 32 7
39 2 76
41 24 81
52 70 61
40 56 62
57 44 29
20 26 31
31 19 41
16 49 46
62 12 51
74 79 77
52 65 10
52 51 16
78 73 1
27 5 62
8 11 52
34 5 41
53 76 8
23 0 35
7 1 73
61 76 74
74 62 5
40 21 82
2 56 38
52 29 87
56 8 93
69 6 24
44 17 92
25 26 69
23 12 72
39 19 70
8 46 47
66 17 45
44 70 64
61 54 50
32 36 71
22 4 20
41 70 45
62 40 95
36 7 11
50 26 28
13 54 34
76 38 45
36 68 81
19 57 45
58 70 3
10 36 27
29 64 59
25 75 77
72 70 2
45 74 82
48 32 94
31 43 72
51 16 44
27 41 94
62 56 75
4 49 89
25 6 72
41 66 44
39 23 9
2 49 65
46 63 17
16 64 62
65 30 95
44 30 76
56 57 69
69 31 85
76 6 27
71 38 63
21 34 37
41 67 5
70 43 75
12 76 57
65 24 6
43 74 34
68 60 38
18 60 87
22 64 52
78 65 50
7 62 22
24 26 31
53 74 77
80 62 87
15 3 67
50 42 95
17 0 20
46 18 68
9 36 89
17 11 43
46 45 22
17 2 76
57 13 8
52 1 13
1 33 88
61 33 81
23 35 20
52 60 34
79 24 11
80 28 55
76 13 48
27 72 89
70 28 74
19 72 23
9 37 7
45 37 86
25 31 89
37 63 34
45 35 37
26 31 60
76 29 19
23 80 29
61 11 66
62 79 75
75 2 64
79 75 23
2 57 17
59 35 29
63 78 38
37 65 91
54 22 17
71 48 78
38 77 94
74 80 8
19 15 15
62 24 85
19 5 86
52 62 69
61 45 33
22 66 96
42 13 36
66 0 80
51 8 77
27 31 84
26 49 6
18 30 68
30 63 61
57 37 38
79 7 84
59 51 18
21 66 88
30 5 96
43 65 47
35 71 71
40 47 100
17 62 67
77 70 92
3 37 1
64 27 79
68 4 96
27 54 32
70 80 75
49 6 46
28 43 13
59 78 2
37 68 59
36 26 84
15 5 22
72 29 24
65 11 23
52 19 62
34 2 3
77 34 61
19 51 59
36 31 9
55 3 47
78 19 91
26 47 65
2 64 22
26 60 61
6 43 49
39 49 98
40 28 34
75 33 23
6 54 5
54 77 98
52 80 50
74 68 61
52 6 15
20 21 54
66 2 16
13 9 26
71 57 5
50 19 72
23 42 59
58 42 95
15 70 3
64 33 87
17 80 14
39 74 33
28 46 100
48 7 30
52 63 37
21 46 70
55 23 80
72 61 85
30 74 17
7 13 56
57 78 17
22 62 70
42 20 3
46 43 27
5 32 61
22 5 81
35 29 80
41 7 47
2 74 91
58 47 64
75 26 94
65 23 20
76 48 6
33 79 68
65 39 86
7 10 8
12 25 71
17 5 44
29 50 49
43 7 97
27 16 57
79 58 36
43 47 68
72 35 30
29 21 26
72 79 24
23 3 15
72 17 24
16 28 100
44 76 100
20 68 73
15 17 91
5 71 97
13 49 62
20 29 49
58 64 61
29 80 58
55 4 57
29 34 96
30 49 63
5 74 1
69 40 55
47 1 72
26 80 65
39 31 96
7 34 52
66 31 37
23 26 78
43 45 85
32 58 68
66 1 89
30 56 100
36 22 70
76 34 5
36 29 5
7 77 30
76 27 95
63 15 96
22 18 1
18 6 72
61 0 49
60 5 40
24 19 93
44 23 74
22 41 5
51 65 51
62 11 22
79 3 49
3 47 79
50 65 95
59 64 12
41 80 51
11 2 73
73 68 63
17 79 17
44 62 34
48 75 19
29 66 76
22 58 30
23 30 60
67 55 59
64 61 66
1 28 56
62 19 10
42 48 90
4 44 49
31 53 92
3 5 60
34 37 14
77 76 41
11 77 28
38 3 24
12 67 72
17 32 70
40 52 96
54 20 94
73 18 79
31 2 11
1 38 85
38 43 93
25 45 97
58 0 66
78 8 82
61 25 80
4 58 66
68 19 69
59 39 75
20 70 42
74 64 9
20 69 16
69 53 55
57 24 58
50 75 18
30 33 22
23 64 65
15 2 69
34 19 98
45 40 83
75 18 39
44 42 81
43 62 92
36 52 50
78 45 33
36 4 43
11 51 7
22 20 2
70 26 26
0 79 46
75 3 74
31 70 56
80 2 37
25 24 23
54 17 22
72 62 27
51 7 99
18 38 45
69 30 31
34 80 10
45 49 83
34 43 54
41 33 39
4 53 96
62 23 13
66 11 71
0 10 59
49 5 74
73 70 55
12 16 46
46 55 69
41 47 25
41 63 10
66 60 66
21 44 82
59 26 80
0 15 23
23 5 97
0 27 37
60 38 86
66 58 88
10 33 74
16 71 9
23 68 15
56 34 60
17 36 86
63 11 54
34 15 16
75 78 66
37 44 88
73 9 79
34 14 39
75 32 27
3 44 67
69 41 98
67 62 69
46 9 38
51 1 40
50 6 13
27 26 47
75 60 34
63 70 65
22 72 90
1 54 27
61 65 88
72 80 84
26 22 59
69 47 68
38 45 54
62 57 68
3 20 27
1 55 42
44 38 66
67 4 62
2 35 42
44 52 84
0 30 71
5 37 14
18 44 1
30 3 85
56 20 44
75 6 55
56 52 6
46 26 90
31 40 33
69 2 95
26 19 94
48 53 39
59 79 65
56 64 86
36 1 33
48 0 73
46 70 35
36 25 32
31 11 10
35 75 71
36 33 2
78 38 80
75 31 41
56 26 37
9 47 8
51 12 53
68 80 53
39 34 66
41 15 7
73 45 67
20 25 86
27 15 24
55 62 79
58 51 72
5 12 31
79 64 43
32 43 7
10 46 34
52 23 3
34 58 95
64 46 35
51 34 41
39 30 66
5 36 44
75 21 36
0 80 39
26 44 38
0 64 15
47 71 83
64 63 18
57 53 37
72 53 30
72 67 56
54 47 21
58 69 55
14 53 60
46 19 30
9 14 91
41 25 84
61 7 92
15 67 98
29 70 77
29 51 64
35 22 65
6 62 85
70 18 76
75 13 96
67 43 53
1 76 22
14 62 75
4 59 94
31 76 45
49 72 63
22 53 25
56 65 76
34 79 93
43 48 91
24 9 39
77 3 40
32 14 72
74 52 13
37 62 35
17 26 23
69 13 96
39 38 100
73 66 75
14 47 54
44 2 98
28 69 52
80 67 18
59 74 11
1 10 65
35 13 75
65 3 93
40 22 26
64 68 87
21 17 82
57 51 48
28 19 23
12 6 44
38 15 43
60 21 2
63 62 52
10 47 20
5 59 60
68 22 14
48 28 89
77 78 60
28 52 66
11 13 22
77 58 17
1 15 63
47 59 62
74 61 62
8 24 98
5 29 88
54 48 66
13 0 54
41 31 22
39 41 44
74 23 64
12 45 53
30 16 28
23 41 41
32 26 31
55 11 35
29 41 23
71 45 14
77 0 94
58 21 58
28 65 14
17 67 46
37 43 41
74 44 100
46 51 25
76 19 89
66 16 53
17 63 95
80 49 27
69 78 30
13 25 76
5 21 79
26 0 76
72 0 86
0 45 39
21 12 99
74 26 5
44 24 74
17 20 27
38 67 4
43 71 100
29 13 54
58 44 20
51 66 30
29 19 55
61 55 93
15 22 4
56 0 87
42 72 9
3 63 15
66 27 79
48 38 54
57 5 91
10 52 6
48 45 38
53 23 53
14 60 10
40 5 43
70 17 29
39 68 71
80 64 66
15 80 41
8 29 15
74 34 49
7 71 39
25 35 58
26 54 7
24 20 78
67 16 32
54 69 77
74 57 94
79 1 65
6 58 25
39 44 90
11 52 82
46 71 83
5 18 7
61 28 64
49 74 22
68 66 16
69 74 38
1 65 4
1 45 23
47 22 4
76 80 47
76 11 24
65 66 81
60 8 90
22 71 72
63 40 7
65 73 32
54 64 79
30 71 54
10 71 75
71 17 100
42 25 34
57 27 61
14 50 5
22 24 56
63 34 92
10 16 43
74 31 34
27 7 60
77 50 82
15 51 41
57 1 50
71 25 73
14 38 33
13 21 100
64 69 62
52 20 99
21 80 6
8 12 88
21 11 9
40 70 97
23 25 28
38 75 16
25 53 19
21 51 40
77 30 6
65 42 17
8 76 81
59 31 55
78 27 31
38 26 14
36 77 83
54 2 65
69 0 82
21 64 84
69 61 52
54 12 35
79 20 96
13 26 93
70 48 57
43 54 10
16 65 84
24 76 91
29 69 22
20 13 56
4 35 49
3 19 39
47 44 90
2 53 19
6 39 62
78 25 33
39 16 70
33 72 13
34 0 27
35 41 38
76 69 98
52 61 67
57 31 10
79 78 50
29 53 65
32 51 26
6 34 46
27 44 76
54 79 92
50 70 15
80 12 21
25 46 93
65 40 97
55 44 32
26 76 45
76 10 84
67 35 17
54 33 71
74 10 27
36 66 69
53 62 55
28 21 15
5 28 49
31 10 79
67 48 81
15 55 24
48 2 44
4 24 71
8 44 26
24 15 74
3 41 57
6 26 31
77 49 33
76 37 37
55 2 94
3 21 93
65 68 89
65 15 91
60 24 49
61 79 51
41 32 11
78 53 87
20 32 82
53 35 95
9 32 57
66 8 83
55 76 12
22 25 96
4 61 55
63 21 89
40 35 57
27 43 81
75 4 42
48 22 2
8 36 18
62 29 87
50 68 51
60 42 20
54 8 76
76 50 38
15 25 73
16 0 89
33 40 35
12 71 74
64 42 51
13 37 98
76 67 16
9 62 28
37 19 23
48 37 62
42 8 84
50 38 31
1 80 78
77 74 15
42 24 21
55 26 68
68 72 4
31 18 45
2 38 57
79 36 58
56 27 99
38 25 58
3 49 79
33 48 11
80 40 1
76 20 68
