81 2828
78 51 12
27 51 77
45 54 37
58 5 10
4 36 75
1 65 4
41 4 30
14 32 3
15 33 50
2 57 27
29 11 89
69 44 33
14 76 53
9 36 86
24 21 18
36 22 81
79 60 81
68 46 38
32 28 33
14 30 27
8 2 6
22 40 93
69 75 44
22 8 3
26 8 60
64 69 64
51 59 25
50 68 40
33 71 58
58 63 100
33 76 37
59 11 96
33 48 80
10 40 6
8 75 82
53 73 44
42 4 6
23 27 100
23 65 88
39 62 16
65 70 62
56 65 57
23 10 4
53 50 29
42 33 6
46 12 87
36 67 96
43 71 94
1 9 36
34 72 69
72 15 89
13 63 18
6 2 87
55 78 65
0 80 34
59 33 54
78 9 3
80 54 13
62 30 96
1 14 98
10 4 34
22 62 88
80 41 7
31 27 42
80 30 78
23 71 25
26 6 39
10 51 3
33 31 90
66 70 46
64 50 100
76 73 90
23 4 79
67 80 39
44 77 78
39 13 79
31 10 61
37 14 63
72 47 8
11 44 96
47 64 13
62 26 39
1 13 52
30 39 99
52 73 20
61 65 69
2 46 96
31 22 21
58 73 27
37 36 87
5 49 66
38 40 25
67 65 84
18 25 29
20 19 74
56 71 92
2 35 30
79 25 85
69 58 37
30 20 3
41 8 41
58 10 19
65 48 100
52 27 89
51 34 38
6 73 66
62 51 38
5 20 53
16 35 77
39 60 83
12 28 72
11 35 95
25 48 21
47 5 37
7 31 39
33 29 62
60 31 60
52 61 38
40 46 40
54 78 8
48 29 12
11 26 10
18 10 100
73 56 34
60 69 12
40 49 94
58 30 52
38 75 51
68 60 60
34 27 46
52 29 97
0 26 58
72 48 59
55 16 14
4 34 20
74 42 5
59 50 67
36 12 16
49 19 13
35 17 89
51 57 28
28 79 71
64 73 65
47 43 10
41 1 46
52 55 10
5 24 9
22 34 32
50 74 80
79 67 32
33 49 55
53 40 36
23 29 51
43 73 12
70 28 100
35 59 9
18 54 62
44 63 69
68 17 81
20 16 100
26 37 13
50 13 53
45 65 47
53 49 48
48 54 18
11 55 79
5 14 40
33 10 72
41 46 10
43 29 48
25 47 29
69 42 93
13 34 40
42 9 30
46 56 58
55 10 16
58 1 84
25 28 92
18 70 79
54 67 60
56 45 27
17 62 41
62 24 25
1 55 34
59 17 28
11 62 90
77 11 58
44 1 37
10 54 27
43 64 35
65 60 5
24 43 32
3 14 37
3 42 58
0 61 34
12 76 29
46 10 19
49 67 64
66 33 90
17 67 30
41 6 81
5 73 87
22 56 2
18 2 23
51 0 83
34 28 56
49 64 72
37 57 93
44 38 32
50 72 79
4 17 44
32 47 42
18 40 52
38 12 56
42 64 70
55 60 45
59 27 54
69 29 66
4 78 82
70 19 20
35 72 42
46 3 57
18 41 13
76 80 58
2 43 73
59 77 73
46 20 20
7 13 1
17 36 92
56 28 29
73 66 16
51 3 80
24 48 33
57 0 92
41 78 31
52 38 96
34 69 87
54 7 66
50 22 52
41 53 96
77 70 92
79 26 9
40 16 25
11 54 99
70 74 5
34 53 17
79 2 12
26 2 47
62 44 43
47 35 27
47 4 4
28 17 26
60 6 55
62 12 85
32 15 37
60 36 89
68 70 65
17 63 69
47 41 33
72 14 55
74 77 98
62 4 71
27 36 15
78 30 57
47 27 85
7 57 36
11 57 18
26 15 37
42 57 96
4 1 86
26 10 54
75 57 61
47 45 88
32 2 63
10 12 70
43 41 28
48 18 79
14 18 52
27 13 29
69 66 80
40 7 5
20 76 75
22 24 6
34 32 78
75 64 95
60 52 69
25 77 76
58 15 80
50 63 58
45 27 49
47 1 52
1 2 26
52 6 62
65 58 94
23 16 59
25 16 44
15 13 32
14 65 94
64 29 94
79 23 95
54 4 85
15 69 79
39 4 24
43 44 59
46 25 75
37 66 95
61 48 54
46 8 4
59 26 46
25 36 94
70 60 61
77 1 56
59 5 49
20 33 11
15 48 8
62 36 97
46 43 70
16 32 96
71 6 98
55 61 36
58 79 26
2 63 37
42 59 34
70 80 7
50 78 47
67 45 48
79 14 36
37 72 67
2 14 32
20 77 86
55 58 89
73 42 44
11 61 63
19 12 20
46 80 75
65 15 81
76 2 21
37 73 65
61 58 54
30 74 65
62 43 67
50 5 68
53 56 81
80 64 94
72 64 20
78 58 46
80 65 13
66 5 67
38 71 74
27 5 9
26 20 8
68 61 96
4 69 36
37 58 19
76 11 73
9 58 84
25 26 93
70 12 60
64 40 100
0 14 47
60 75 66
48 79 18
39 14 100
69 8 62
68 49 17
18 15 13
58 32 47
29 49 21
68 66 19
38 15 36
27 63 92
15 68 34
73 61 36
40 56 40
66 0 1
67 72 59
69 63 61
63 51 30
20 58 64
51 7 38
45 80 5
16 2 19
74 43 74
6 54 72
55 36 45
75 33 50
31 49 86
6 58 88
46 75 56
47 63 20
11 24 29
36 32 53
22 79 43
62 73 25
12 60 46
80 26 36
80 61 86
69 73 55
65 29 4
77 63 1
51 15 46
13 9 89
77 43 53
56 51 23
40 36 81
28 46 96
11 32 85
51 35 61
64 68 13
21 63 6
9 0 35
22 14 58
57 44 92
19 3 13
7 28 93
65 59 2
36 57 20
57 12 55
40 5 61
63 61 28
68 1 22
36 11 19
71 77 79
69 27 49
73 45 98
60 48 33
37 61 18
54 47 73
29 66 69
20 2 27
76 79 25
60 57 35
22 74 25
13 23 25
9 4 22
57 56 20
55 46 42
62 56 63
20 21 52
77 65 22
58 18 34
29 8 73
41 49 51
64 70 95
62 1 22
20 10 19
39 72 32
45 58 44
40 37 8
18 1 84
74 78 5
53 4 8
57 9 41
32 29 63
62 35 100
42 11 41
21 13 75
72 8 48
41 61 59
31 44 22
55 72 91
39 65 57
63 9 57
5 51 6
46 49 71
31 5 26
69 74 29
77 28 20
63 1 44
46 76 60
8 5 57
59 57 33
8 55 29
7 68 97
31 42 9
33 54 3
63 39 27
5 37 89
16 76 2
72 22 98
16 38 45
59 16 82
61 69 55
57 45 22
12 8 63
6 72 76
6 64 91
26 39 9
70 71 60
7 29 73
69 24 8
11 10 88
63 46 12
59 69 51
58 31 7
2 22 95
13 5 6
61 49 95
40 27 81
38 49 38
19 36 18
50 8 17
39 1 32
5 19 23
10 74 99
23 73 16
29 17 72
80 59 24
34 42 95
4 50 97
47 69 96
8 37 51
56 24 89
54 1 52
36 0 82
67 59 27
73 57 39
78 65 38
50 10 8
9 14 16
72 76 93
57 21 36
40 21 46
31 26 13
34 25 72
18 46 91
54 29 35
28 66 19
1 11 10
60 77 18
20 13 81
47 28 75
66 16 46
6 80 48
53 33 21
50 52 64
52 56 70
54 58 74
30 44 17
39 80 25
77 53 19
9 69 36
51 9 52
23 54 83
68 10 81
7 45 72
31 30 33
34 1 91
46 73 12
56 79 69
22 65 33
49 27 64
40 43 99
11 5 93
69 16 59
71 14 41
28 74 29
74 53 55
6 0 98
78 17 18
42 10 61
31 47 23
2 52 73
41 37 1
70 43 97
27 21 12
42 16 97
22 42 68
40 44 50
7 74 30
11 53 68
62 63 82
79 29 88
38 41 92
34 5 2
12 40 8
19 24 43
37 24 32
70 73 80
14 61 79
57 32 88
56 16 2
22 17 28
2 50 88
2 37 92
1 61 3
74 51 50
14 7 16
4 5 66
34 19 43
37 42 99
25 23 57
23 76 72
64 37 40
15 5 53
54 31 55
68 43 49
69 18 31
37 79 85
37 33 92
64 7 2
50 45 91
47 56 24
25 3 9
78 37 27
40 48 15
61 46 2
26 49 93
28 24 17
11 31 71
64 2 24
41 73 42
7 44 66
21 66 34
72 33 22
34 26 85
26 78 86
28 21 29
3 34 79
56 50 6
11 65 42
15 40 6
61 7 97
39 52 53
76 42 94
52 10 37
3 53 20
69 37 24
31 23 76
69 49 85
77 49 53
30 27 7
74 46 69
55 30 51
55 70 10
38 77 7
66 13 42
59 40 6
51 32 40
36 78 91
8 38 14
76 34 12
43 61 63
23 52 42
6 24 91
0 42 6
52 77 87
48 31 87
61 5 28
58 13 10
61 36 85
35 76 2
50 0 51
16 68 97
79 20 47
67 21 5
0 53 97
59 46 52
28 71 13
28 51 73
26 18 28
23 49 53
67 75 19
14 63 26
17 70 16
23 41 71
20 78 41
3 40 14
7 18 18
25 14 40
70 34 93
6 33 84
1 70 46
19 58 10
70 75 64
43 14 9
76 70 25
10 62 81
61 20 90
9 34 38
21 12 11
21 48 96
78 57 99
18 77 89
5 56 65
45 49 33
21 5 31
65 64 24
23 77 35
23 58 14
47 24 43
36 56 20
4 37 48
23 43 95
43 48 6
76 19 73
39 8 34
16 33 5
7 15 68
80 78 9
24 31 98
20 27 53
30 51 87
32 12 17
66 47 36
63 29 63
50 75 6
16 29 48
12 59 43
28 69 60
15 73 2
33 1 35
8 4 55
1 38 25
78 24 73
73 10 39
3 17 79
77 14 4
5 7 83
5 80 27
34 66 82
49 12 99
3 23 97
75 15 20
14 44 95
24 61 19
80 73 70
78 34 81
39 64 45
1 28 64
53 39 78
40 71 21
15 0 22
63 74 13
10 80 11
79 64 11
57 15 77
28 5 62
12 50 43
10 65 48
13 19 99
47 50 92
73 32 44
48 2 87
16 10 7
66 74 73
69 33 77
7 24 46
17 31 78
57 5 50
37 3 16
21 39 46
80 60 10
79 68 34
77 78 47
68 36 30
40 6 13
51 1 61
31 15 69
9 15 20
67 26 43
44 35 63
59 52 8
49 76 36
51 19 46
29 5 73
59 63 73
75 11 30
13 25 64
73 68 97
4 7 43
7 50 85
61 21 85
49 11 42
59 53 60
18 4 20
55 71 8
10 6 54
71 20 11
80 50 95
21 80 53
13 65 76
79 44 83
34 18 92
42 48 65
17 24 86
8 67 27
11 80 83
20 8 64
55 50 71
7 58 54
41 36 83
62 50 29
56 55 70
26 13 69
57 10 60
9 21 82
56 23 98
42 45 7
48 66 79
20 6 9
52 58 28
21 53 75
23 70 51
76 61 67
29 44 73
8 77 85
30 10 74
62 38 54
15 76 28
78 7 45
32 56 82
48 49 57
50 28 6
17 1 50
31 59 10
31 28 51
2 38 18
8 61 45
5 12 79
71 15 65
15 4 74
59 58 60
51 44 6
6 17 74
67 0 84
15 60 51
39 74 21
63 7 38
75 37 42
6 14 80
78 40 68
41 75 72
60 71 7
35 9 75
25 58 50
12 51 48
66 51 75
55 67 45
71 29 53
13 11 93
78 69 99
18 20 60
63 41 61
15 28 5
9 28 45
53 6 48
80 48 85
67 1 47
8 59 83
26 19 91
64 12 97
28 14 64
64 55 12
69 17 40
21 44 14
46 30 56
16 22 8
53 36 49
33 78 22
69 25 31
74 79 52
19 38 100
12 43 20
12 7 38
43 51 98
3 79 36
60 37 55
58 38 98
70 7 91
10 61 67
50 41 30
76 75 85
0 17 27
69 55 66
65 53 3
31 40 89
76 50 16
10 43 26
17 80 36
7 80 52
59 74 54
18 55 17
55 12 61
58 64 31
56 30 47
31 74 40
73 11 71
35 61 15
10 44 37
55 48 17
21 23 56
66 50 57
8 43 38
6 77 93
40 23 47
11 63 30
40 2 87
51 69 71
25 73 77
48 10 23
60 35 28
68 8 83
35 67 41
75 56 67
58 41 4
79 12 32
56 63 53
18 75 24
79 8 55
49 42 60
25 63 75
1 5 50
39 24 88
41 29 97
3 18 1
32 46 59
57 58 78
53 66 4
15 64 86
49 43 73
71 18 82
18 0 35
45 23 96
4 29 6
49 36 68
33 70 100
0 35 9
33 64 78
26 73 29
9 56 15
34 73 92
46 0 69
0 55 15
65 69 75
22 21 5
35 28 23
4 66 6
19 47 81
13 43 97
36 80 98
61 71 9
31 9 18
31 37 59
50 24 49
43 54 30
26 21 32
20 52 66
51 68 28
73 13 60
68 74 45
61 47 44
43 63 89
36 65 27
39 11 71
61 38 62
30 37 69
31 55 60
1 53 43
21 64 76
22 37 63
71 62 53
58 0 21
38 68 100
29 51 42
44 61 63
45 14 72
49 10 81
65 68 25
60 72 56
45 9 66
56 31 71
5 18 49
43 30 1
45 38 80
32 0 38
24 53 92
41 11 6
2 0 27
32 54 36
38 5 33
64 41 28
43 65 71
48 44 91
54 64 39
34 10 90
66 59 29
39 29 49
58 49 78
76 28 56
44 50 36
71 30 39
8 34 4
33 46 8
6 38 61
66 15 86
13 16 63
70 47 23
10 71 76
5 36 31
58 68 21
55 45 59
66 20 72
57 54 47
32 55 51
13 18 18
26 7 75
1 60 7
12 54 81
6 62 50
34 2 59
44 25 49
56 41 94
76 6 43
56 80 91
4 21 4
78 12 4
28 59 30
21 33 56
20 37 43
45 4 80
8 33 88
9 10 80
12 37 55
60 34 15
62 13 12
27 57 26
38 21 49
29 78 86
27 1 59
25 52 23
78 15 5
61 39 27
41 60 99
55 27 54
18 42 28
8 73 29
16 80 42
65 55 94
19 7 36
66 26 95
50 69 79
3 24 99
35 5 75
53 61 8
80 14 58
63 76 29
33 14 64
72 43 40
39 3 1
36 72 71
6 21 86
35 21 42
14 42 50
29 25 44
12 2 38
19 62 20
50 71 42
20 70 77
20 60 20
2 23 24
12 45 10
39 45 39
71 47 42
9 61 20
64 76 46
9 3 72
4 48 29
56 13 66
5 55 67
66 8 92
67 16 23
21 14 90
55 63 76
31 53 26
2 66 84
65 17 4
73 36 58
28 2 60
69 35 43
25 1 20
52 43 65
33 36 59
48 26 38
3 36 98
14 59 21
24 59 54
34 31 52
8 40 85
76 3 30
14 68 59
12 23 73
13 52 40
38 42 59
65 33 70
30 32 91
15 23 29
74 27 31
35 41 49
30 70 94
54 27 43
21 55 83
43 9 34
42 65 74
6 56 26
34 41 60
7 10 16
3 44 73
68 53 39
5 79 56
13 72 47
17 41 76
69 19 100
43 25 53
26 16 39
51 49 34
69 40 100
74 23 49
45 40 5
40 19 51
43 6 84
57 66 66
24 38 19
76 71 55
42 70 9
17 20 80
10 19 29
68 47 59
36 26 45
66 24 50
19 37 73
51 17 32
4 33 15
57 52 63
32 64 38
60 49 22
67 11 65
2 49 44
64 35 69
67 66 71
75 40 53
17 44 70
20 36 78
79 45 19
22 76 12
30 5 78
55 44 69
42 7 91
3 55 51
61 30 2
28 58 27
15 53 43
45 64 54
34 48 72
59 21 33
28 40 17
54 39 75
78 27 10
73 29 63
74 58 78
46 16 85
52 9 78
66 80 44
64 8 92
41 22 91
54 26 56
8 63 12
33 3 89
72 62 61
28 36 3
67 61 79
68 18 87
76 66 88
29 37 82
51 20 15
46 62 90
66 39 81
11 4 95
53 35 50
51 72 62
23 7 11
74 21 49
52 68 8
7 53 98
53 14 32
4 61 13
23 5 48
58 14 58
44 12 19
71 64 64
11 64 8
7 22 4
28 16 58
0 22 6
32 27 59
64 31 99
78 6 7
14 56 15
57 30 39
35 55 29
48 6 46
44 0 39
8 45 30
8 56 26
3 67 19
75 3 83
49 13 31
39 18 64
12 3 24
6 63 49
67 44 5
71 16 10
59 30 45
66 35 49
2 53 13
79 65 92
32 52 33
38 39 86
73 39 63
16 5 32
65 24 78
24 45 23
50 23 60
63 5 97
33 23 35
8 6 18
40 26 59
68 48 54
50 30 79
52 40 36
26 53 10
36 71 81
50 11 61
14 10 55
20 59 91
48 39 23
22 28 37
66 12 65
42 43 95
6 42 26
78 79 52
70 3 15
55 39 24
71 57 65
4 2 11
7 79 79
46 19 6
80 28 99
68 28 28
55 80 99
3 4 40
5 52 10
46 45 21
7 67 14
62 69 30
71 32 38
70 62 82
33 32 32
71 68 79
40 58 26
29 75 20
74 65 47
69 21 14
80 38 78
51 61 75
21 7 19
13 54 23
15 8 9
15 41 82
73 20 15
2 47 7
8 76 33
71 1 94
26 5 74
77 22 94
30 76 79
55 47 30
65 32 49
20 15 78
63 26 45
52 26 11
7 17 1
29 74 47
69 31 2
39 20 26
69 6 21
10 15 41
35 37 83
32 18 50
80 34 24
29 14 8
25 17 38
20 65 74
9 12 41
41 79 90
48 7 59
44 80 1
37 51 83
70 40 11
34 12 64
24 25 73
77 26 97
26 30 44
36 15 13
11 46 71
77 62 59
24 9 61
0 29 71
18 12 93
44 33 36
2 21 89
75 21 37
34 16 2
38 31 28
33 58 67
18 9 39
42 23 53
47 77 77
27 62 50
48 47 84
25 30 40
14 16 62
80 37 5
53 58 86
40 60 73
52 14 97
25 20 17
48 75 36
48 58 69
46 17 95
73 79 19
51 55 91
44 60 73
48 45 86
47 22 12
65 37 80
18 35 1
75 52 83
53 80 34
60 27 9
6 59 95
36 34 60
57 47 40
44 24 78
8 11 97
10 70 78
40 39 14
3 8 86
41 33 21
9 54 47
67 76 96
22 61 11
9 71 70
37 77 54
2 17 31
27 61 83
40 47 34
78 70 5
44 76 17
8 23 6
56 70 32
2 33 9
68 75 84
65 38 91
32 45 50
30 0 57
1 19 27
7 75 83
30 16 13
76 43 36
25 27 9
33 47 20
43 67 71
77 67 11
42 20 34
1 57 31
28 65 16
62 75 68
14 74 40
53 20 78
12 71 81
29 20 12
6 23 64
67 57 82
46 66 16
19 32 93
4 59 94
63 67 17
64 56 26
2 60 82
57 79 84
17 53 58
39 12 73
40 61 93
17 47 11
55 4 48
60 67 8
13 3 59
10 2 2
4 77 31
32 49 14
80 69 44
70 32 36
62 14 76
16 45 73
68 31 69
77 17 42
23 80 63
25 55 85
36 58 3
44 2 57
18 60 78
48 17 60
76 74 42
75 80 49
24 52 87
72 58 94
10 47 46
79 18 78
56 25 19
18 36 33
12 65 2
37 34 9
45 51 28
72 28 88
8 54 73
76 45 15
31 51 79
63 66 42
62 34 58
53 23 92
53 8 73
33 68 87
22 69 50
21 46 99
71 72 97
54 52 19
35 54 5
16 64 29
42 17 75
37 1 30
67 10 50
9 32 95
21 62 55
63 35 81
61 62 82
52 74 26
61 19 69
24 0 29
73 19 86
23 37 55
50 42 98
30 38 62
40 24 81
18 61 65
72 21 2
12 26 78
11 6 73
34 50 54
63 24 31
11 14 10
12 67 70
36 43 6
17 60 71
50 73 17
77 40 29
21 68 54
58 17 43
25 51 64
13 76 4
60 58 25
10 32 22
13 48 56
35 30 40
8 36 69
3 6 50
53 70 30
75 13 86
7 16 88
10 79 11
46 1 66
50 70 63
26 3 28
17 74 67
33 18 11
49 17 20
45 35 55
64 28 46
63 20 15
72 40 9
58 26 41
70 39 53
36 48 28
24 46 87
55 15 54
39 25 67
54 51 26
29 55 63
22 49 9
14 67 44
21 10 72
4 72 83
64 63 15
49 30 19
71 24 73
63 57 97
1 30 86
69 23 86
1 76 87
59 37 19
16 51 39
42 26 22
40 50 15
21 47 15
5 33 90
64 53 97
28 61 78
78 31 33
37 9 60
60 50 10
35 48 47
61 64 67
41 40 65
69 36 41
79 63 100
56 72 48
42 25 97
21 77 58
61 12 2
62 49 3
24 54 89
72 10 21
67 2 97
19 59 74
77 73 57
74 62 24
43 53 100
44 59 74
73 71 72
28 78 94
47 44 25
69 76 87
34 24 46
73 27 99
63 30 37
43 32 41
54 70 66
28 44 68
63 53 23
79 40 1
72 66 49
67 40 11
17 72 7
74 19 38
58 8 35
27 77 67
7 39 66
67 58 63
65 31 1
32 25 59
37 43 90
29 22 72
52 66 28
51 26 80
41 59 52
79 80 49
20 0 62
34 46 97
33 0 40
11 60 52
11 45 84
64 52 86
47 58 98
69 39 20
67 78 45
39 47 88
19 48 65
57 17 67
53 18 26
55 33 58
20 74 67
60 33 91
8 71 8
54 44 98
45 66 33
1 32 17
39 27 79
67 5 100
36 47 9
46 47 21
34 67 71
30 36 15
52 42 26
3 64 10
51 13 67
63 37 78
47 65 85
79 54 73
72 38 21
22 33 21
77 75 93
39 32 33
48 0 72
31 0 17
13 70 73
12 77 88
63 28 80
16 49 81
35 15 33
35 65 45
23 19 87
28 0 32
75 5 81
62 42 19
51 52 70
13 45 96
57 35 95
53 25 82
18 66 41
66 30 10
62 20 100
75 22 5
50 21 47
21 56 58
31 25 18
31 76 10
17 19 20
45 31 79
71 53 1
57 25 92
18 29 74
33 27 47
34 6 15
60 10 97
75 16 69
70 6 64
54 61 28
45 61 31
29 59 17
31 1 78
25 12 93
79 59 17
68 57 39
45 6 95
24 80 49
18 47 74
48 46 28
23 38 80
55 62 46
73 21 27
17 9 7
41 20 29
15 14 59
49 59 89
39 51 18
62 23 82
57 28 59
72 57 39
47 80 7
44 27 24
17 75 98
14 66 46
62 68 10
77 5 42
46 36 88
36 54 97
71 51 4
43 31 36
67 29 79
34 29 100
74 4 22
67 71 97
9 70 79
24 68 83
9 64 15
44 70 4
31 14 19
69 5 39
58 24 10
5 64 29
3 62 83
41 67 18
78 44 94
75 1 21
19 39 63
78 45 62
42 77 28
19 72 82
64 20 42
70 8 81
32 5 5
51 75 92
50 19 14
34 23 7
13 74 15
60 7 74
49 66 2
29 26 42
54 46 84
80 62 51
8 1 89
32 66 26
21 54 58
21 45 5
67 13 63
46 4 64
44 16 12
73 55 36
0 65 96
64 36 19
57 40 22
55 14 41
66 54 33
39 46 69
79 69 76
28 27 51
44 37 83
70 45 56
45 22 21
52 21 50
69 0 94
17 32 31
1 45 93
78 10 39
63 60 52
43 60 34
21 76 89
45 53 56
15 74 83
33 40 26
15 17 41
26 61 54
66 40 12
52 47 72
38 66 9
59 32 51
0 34 95
0 40 1
80 15 50
19 53 48
28 48 64
20 54 45
71 45 45
15 61 43
24 14 6
22 18 91
18 27 1
21 29 97
46 9 93
30 19 26
26 27 32
16 74 80
3 57 83
43 45 7
78 56 28
53 30 11
7 6 28
47 16 87
39 58 10
55 24 94
34 68 80
53 10 75
2 36 4
67 33 73
69 12 23
59 9 66
80 20 64
54 25 59
40 20 34
35 27 35
39 35 93
2 65 30
24 73 62
36 7 72
77 68 24
36 21 58
71 35 90
58 4 24
9 39 37
28 3 10
6 32 48
55 53 60
36 79 48
56 59 28
80 43 78
1 73 99
61 13 14
29 30 58
72 11 39
66 79 26
8 10 19
27 3 41
29 72 42
67 53 81
1 50 6
13 8 46
8 42 60
38 4 75
79 53 1
66 56 18
76 68 95
49 8 54
46 77 97
31 36 67
1 3 67
44 49 24
79 39 74
53 60 73
19 21 11
71 78 97
0 21 16
37 15 87
18 8 93
57 16 21
0 60 91
41 19 48
11 74 98
11 66 43
59 61 99
42 58 17
72 26 25
12 56 67
19 15 8
16 65 4
59 0 43
44 56 46
40 65 34
64 60 8
59 1 48
48 70 88
11 79 5
11 38 84
71 37 14
54 22 44
49 56 31
38 70 63
10 45 10
75 66 12
37 38 67
67 47 90
9 62 44
36 38 9
39 42 89
57 77 25
49 1 97
77 51 52
50 35 35
34 21 26
57 53 70
44 19 67
9 30 12
3 50 20
38 63 47
51 21 86
63 75 9
27 48 28
2 24 12
19 57 14
55 66 54
71 19 98
19 60 20
63 19 71
20 3 90
38 33 8
51 65 93
36 77 81
2 72 40
40 30 22
18 24 76
40 13 21
16 52 48
66 10 77
60 61 12
57 41 71
9 66 33
21 78 97
39 71 36
0 11 3
16 36 78
32 23 3
72 7 43
64 51 95
18 65 4
6 29 75
54 16 79
72 69 97
74 38 28
26 50 43
58 21 98
33 17 75
36 76 42
75 53 93
19 9 1
33 57 51
79 49 24
58 62 90
34 65 99
3 30 86
59 71 13
19 55 23
6 27 45
20 67 41
25 19 92
36 14 5
47 14 96
21 49 17
42 21 76
35 4 69
17 14 8
60 38 14
77 80 7
5 72 1
77 69 56
20 1 51
38 25 82
54 50 4
78 2 53
27 38 58
73 9 43
54 30 57
16 15 74
52 44 74
48 20 85
52 7 81
51 46 6
41 65 57
44 15 3
22 25 73
22 30 61
11 37 47
1 22 33
30 17 65
76 38 28
70 29 91
4 28 65
78 35 80
34 7 28
59 62 98
34 47 31
58 35 7
42 78 76
3 43 25
9 5 78
20 45 85
3 68 83
15 12 41
39 37 16
56 77 33
30 24 35
48 67 20
79 50 9
73 72 30
42 36 79
27 16 42
65 7 6
58 75 21
9 48 41
35 13 25
35 38 69
69 20 24
38 13 22
47 13 94
4 51 97
75 14 75
51 70 15
60 51 16
11 2 70
30 21 61
47 53 24
30 2 4
23 75 84
69 13 22
62 28 53
16 58 100
21 16 99
15 25 57
54 0 63
48 50 56
17 11 46
76 52 48
35 25 13
66 71 13
26 1 22
48 77 38
80 1 78
16 1 58
38 14 66
53 51 28
43 55 39
38 55 78
28 67 17
18 38 38
26 38 63
12 24 82
76 24 67
22 55 96
3 16 96
4 27 48
74 55 32
78 64 23
19 75 52
17 79 76
66 78 58
67 52 38
64 77 42
31 35 60
10 3 27
75 32 71
31 57 93
72 44 33
35 36 10
41 45 58
34 59 44
0 19 28
52 69 1
2 54 57
29 53 62
12 29 36
13 10 15
76 54 5
48 11 11
41 55 92
46 52 90
73 14 65
4 0 78
36 52 95
73 65 20
79 55 57
50 16 34
10 35 58
44 20 39
29 57 5
9 49 64
33 19 91
24 57 26
34 17 5
48 62 19
79 70 16
77 24 58
67 51 67
6 50 39
23 14 21
16 72 24
25 62 85
37 0 99
31 71 26
80 68 13
42 47 60
3 74 38
0 76 8
48 64 6
30 13 80
25 0 37
12 72 39
48 14 75
77 32 90
30 64 10
28 43 74
8 31 84
18 51 16
67 31 78
25 60 24
30 79 77
42 79 9
51 14 11
41 52 29
48 63 46
25 49 47
48 37 98
40 80 56
8 48 52
6 1 26
24 10 25
37 10 3
60 16 24
51 50 46
48 73 89
35 77 70
17 23 72
21 70 32
70 41 41
36 59 16
54 75 25
65 63 2
11 69 54
5 62 48
75 9 17
38 17 50
32 76 47
27 24 73
51 36 18
37 53 84
62 16 67
71 74 9
6 35 82
79 16 17
37 67 2
15 56 33
4 67 54
65 46 45
19 31 68
26 60 12
19 65 82
79 38 47
23 63 76
18 50 89
22 39 59
5 41 36
66 60 25
5 17 93
56 39 17
68 30 24
2 5 96
49 70 63
77 58 18
30 45 90
39 36 48
47 8 63
38 73 84
63 4 23
29 19 16
64 26 48
42 56 72
47 30 2
24 35 49
61 25 25
13 33 8
41 39 69
8 24 91
77 30 65
20 43 97
46 15 69
79 46 96
31 52 74
0 47 31
27 11 50
21 43 94
26 46 85
74 41 6
70 57 59
10 39 93
47 11 91
19 22 18
6 74 8
49 7 14
9 33 57
46 60 32
8 35 30
8 19 19
23 18 28
57 34 70
28 52 36
10 25 83
22 80 99
48 3 50
2 45 24
31 2 40
27 14 60
25 74 99
51 42 24
52 79 13
14 54 7
52 70 6
52 71 50
24 74 62
18 31 24
68 27 78
1 10 66
26 23 8
42 44 35
56 20 90
25 41 21
4 14 7
43 27 48
12 80 95
37 68 83
17 73 96
36 13 2
66 58 8
13 22 76
12 1 64
45 17 84
23 22 44
73 59 4
40 1 97
29 3 25
75 2 52
4 70 100
28 53 83
27 29 60
64 57 96
74 34 6
3 11 77
16 43 32
18 63 39
64 22 29
6 22 29
52 72 40
65 27 3
62 79 76
68 40 95
58 51 31
12 16 58
49 80 42
60 8 61
56 38 71
65 62 38
23 64 73
40 51 93
14 50 85
25 37 84
46 38 67
46 71 99
42 15 49
9 47 42
1 64 3
3 60 55
27 64 28
78 63 6
49 6 6
50 25 32
29 24 84
65 76 76
79 24 8
45 68 91
18 62 63
32 35 100
73 4 56
63 73 28
12 17 54
78 49 66
12 68 75
80 2 82
11 16 4
60 59 88
27 12 27
71 54 37
53 72 17
32 69 58
32 67 54
56 37 10
54 49 53
56 54 51
46 22 72
54 38 21
73 7 64
17 16 36
71 41 13
22 3 35
29 50 23
6 44 46
11 34 1
16 61 64
53 13 11
69 2 61
0 27 74
77 7 71
26 74 75
62 32 29
47 38 56
24 1 74
31 79 75
34 39 10
31 62 98
41 12 32
50 20 9
45 3 39
53 62 43
75 28 33
69 70 46
39 28 10
43 50 43
27 42 33
50 61 76
48 32 12
62 47 4
7 37 100
57 6 96
46 42 74
32 26 47
64 14 43
2 51 21
48 76 56
11 22 1
67 22 10
19 2 65
7 66 60
48 12 89
72 24 83
54 42 55
79 72 75
39 77 66
48 51 76
71 22 77
71 65 21
31 66 19
65 44 85
78 8 54
51 73 84
30 75 7
40 73 83
35 80 26
18 76 54
8 65 3
0 73 69
65 5 35
41 42 64
72 0 14
18 67 57
75 35 44
11 20 68
70 58 81
39 67 20
22 44 51
2 77 83
39 57 77
9 26 13
64 25 47
57 49 74
1 69 70
7 59 88
70 22 80
69 41 18
11 68 46
59 3 71
63 0 13
19 11 32
31 72 80
13 0 93
4 16 65
40 4 31
23 1 100
48 69 67
10 22 64
3 73 22
38 10 23
13 80 6
39 0 87
72 27 13
23 55 55
46 27 9
65 52 18
59 72 88
30 4 56
56 33 33
70 26 11
43 39 75
45 33 38
78 72 57
80 25 55
22 35 92
23 47 71
53 12 92
79 75 21
3 7 73
75 71 31
40 35 14
31 63 8
63 40 1
63 34 72
21 8 89
13 28 56
48 78 58
74 9 39
30 60 47
26 68 55
15 47 69
5 42 63
9 41 4
12 6 31
78 18 41
19 68 94
77 15 99
19 67 26
41 72 53
26 17 43
32 22 3
34 52 15
36 1 17
36 44 48
33 77 59
53 52 82
10 27 26
11 71 54
32 79 24
41 51 82
12 31 44
19 78 4
59 76 4
50 9 61
79 61 22
32 37 3
44 8 60
2 58 52
11 30 100
44 58 1
55 49 85
8 14 8
71 49 62
24 75 65
13 71 56
36 23 100
14 69 70
37 54 13
0 71 70
33 28 75
6 13 15
37 74 78
54 72 36
36 50 62
60 29 36
29 31 21
44 39 15
16 9 14
24 70 61
58 56 39
19 64 79
38 28 89
17 37 80
46 70 61
47 73 21
9 68 43
7 0 36
46 37 3
28 11 38
41 62 81
53 46 72
10 28 23
38 53 2
16 37 9
30 73 58
44 13 12
55 75 9
43 34 84
18 19 12
65 75 9
25 33 43
6 37 55
7 69 59
78 73 42
61 2 59
2 9 35
14 70 95
27 70 16
78 59 69
60 24 17
34 45 9
2 3 84
18 45 91
14 46 46
38 7 2
68 69 81
10 17 20
13 60 33
43 79 75
35 73 98
2 39 8
6 28 24
55 42 33
65 49 1
2 73 21
4 80 58
75 61 63
70 15 56
14 40 16
14 26 70
3 65 72
13 17 8
74 54 4
8 0 52
19 77 51
56 26 67
31 21 50
23 72 66
8 9 87
78 13 68
35 70 44
11 52 78
64 17 37
37 70 49
3 49 9
54 34 38
21 65 61
67 68 14
38 48 6
75 74 5
38 69 96
67 15 90
80 3 39
27 76 62
51 76 13
61 70 53
23 67 20
0 23 5
27 56 92
67 24 45
76 17 14
59 54 32
6 75 30
14 57 100
41 27 33
16 8 82
15 22 71
38 20 68
17 43 90
1 0 65
35 26 25
47 74 76
72 77 85
10 64 89
42 61 12
17 56 99
62 54 15
15 24 46
53 42 27
6 19 91
23 9 85
1 74 48
78 25 55
41 77 16
68 0 42
12 13 80
8 25 63
0 16 85
31 70 66
76 57 63
78 16 49
54 68 62
14 78 40
10 63 57
80 63 12
58 50 93
28 23 8
11 25 93
29 80 25
39 49 11
80 9 4
66 36 4
30 69 1
13 42 88
37 50 1
44 9 67
66 19 30
10 69 61
47 20 2
56 4 76
67 9 53
21 25 70
56 67 43
27 7 82
37 13 74
74 64 39
5 22 95
62 37 97
34 15 45
3 41 49
42 35 64
62 8 34
65 54 77
67 38 78
34 38 31
60 14 4
5 74 30
48 5 27
47 12 81
62 33 12
75 27 39
45 59 90
72 3 86
62 57 65
59 38 27
0 41 59
78 76 38
69 45 20
9 29 78
57 55 3
75 10 59
72 30 17
46 5 71
22 26 75
78 43 14
48 22 53
31 13 26
0 74 72
40 29 10
26 65 36
8 51 33
10 59 40
67 50 95
30 7 76
3 58 70
32 13 69
15 39 71
78 61 26
33 11 18
32 42 17
17 54 69
57 69 64
75 44 88
70 2 100
37 45 66
54 28 15
72 61 4
57 65 95
20 34 63
7 25 74
38 22 41
32 41 63
22 59 45
15 3 72
32 8 18
23 39 80
59 18 71
9 27 13
18 64 66
65 50 87
13 55 36
3 21 51
23 57 55
57 22 65
27 19 81
5 45 33
75 25 95
56 3 81
49 18 68
21 17 81
22 58 15
27 2 5
57 74 81
72 45 36
63 71 77
43 4 81
52 30 37
80 52 11
68 63 36
1 29 100
62 15 85
49 28 99
68 23 59
33 74 27
69 26 77
52 4 74
62 0 10
56 43 72
63 70 22
26 44 79
22 43 92
12 33 56
16 70 85
68 2 51
55 59 51
21 18 26
32 40 100
9 60 41
47 59 97
63 33 67
2 25 27
2 42 73
61 74 8
76 7 29
31 4 22
71 4 72
51 47 62
66 62 64
21 15 5
54 73 82
35 29 30
13 57 85
43 7 63
28 26 62
6 25 56
71 17 76
44 64 90
3 54 45
43 33 81
45 19 67
12 4 80
60 47 55
77 3 88
45 25 33
34 40 73
66 1 63
16 24 97
29 77 70
31 41 14
1 52 5
72 46 52
12 35 31
49 52 18
16 53 2
19 16 51
79 19 35
7 11 47
52 45 5
74 45 83
63 16 14
51 22 96
4 76 73
35 34 32
35 20 78
65 6 99
24 32 99
78 39 59
61 17 76
63 52 12
72 9 74
40 76 68
75 31 40
47 26 20
75 72 65
6 47 1
11 40 30
42 24 50
39 5 55
5 68 47
0 56 94
22 78 35
55 2 34
5 54 63
11 15 48
46 13 43
77 79 46
24 51 10
56 34 22
52 22 27
13 68 58
34 58 31
14 13 75
0 75 80
39 75 82
78 1 9
52 0 92
44 32 52
76 62 99
71 69 37
5 76 26
2 41 42
33 7 45
61 3 8
74 60 61
76 55 45
4 20 73
39 59 99
74 49 19
74 18 84
7 1 84
55 26 14
64 38 44
61 32 71
23 30 64
60 45 55
63 22 91
68 6 17
66 6 30
6 5 40
76 53 12
48 30 36
12 0 46
19 35 67
76 10 61
80 31 82
50 77 95
2 15 14
25 59 75
79 21 65
15 45 91
74 80 92
40 55 4
71 42 60
6 67 52
75 34 72
25 76 58
49 20 44
35 52 34
42 75 51
9 40 2
23 66 18
63 45 23
25 67 84
23 35 2
34 61 25
36 6 76
32 50 41
15 27 23
51 79 62
52 62 100
1 42 100
11 23 25
10 56 87
42 68 32
67 42 96
33 51 73
23 51 17
67 27 9
71 80 30
33 24 60
30 15 14
32 72 14
70 67 83
0 45 26
19 42 63
62 64 77
32 4 82
44 41 66
19 14 45
41 7 14
15 59 45
79 27 38
70 0 31
79 0 69
70 59 12
62 45 51
18 57 85
5 3 29
69 54 89
76 26 83
44 46 30
32 80 55
30 42 25
23 24 46
20 9 38
10 41 89
59 2 4
25 65 15
77 9 56
65 9 79
15 6 10
68 4 61
