82 2725
31 78 21
69 24 35
72 75 46
32 4 12
9 72 23
20 12 32
74 32 35
21 5 50
20 19 60
71 70 20
3 37 82
72 59 91
0 8 55
44 6 33
9 19 49
50 45 19
9 52 58
24 76 60
63 72 97
42 81 76
15 77 50
30 6 54
38 6 32
30 52 1
60 73 62
63 76 97
62 64 77
7 19 26
67 58 3
66 65 26
42 9 63
38 55 29
46 53 29
36 58 16
43 80 46
46 30 61
40 28 11
48 80 77
42 21 31
12 21 82
46 17 81
34 27 29
44 42 97
59 43 77
61 10 82
13 14 38
78 7 19
26 69 4
31 67 37
76 47 66
75 29 25
74 9 64
81 0 59
54 80 59
14 8 35
16 74 4
62 59 65
33 77 48
20 44 35
40 60 68
40 81 4
56 57 93
55 13 18
63 0 21
3 65 26
25 78 37
59 4 87
38 69 37
33 20 88
79 63 22
79 52 97
57 72 42
30 58 59
16 49 94
45 66 89
14 39 63
52 64 41
46 59 83
71 63 84
47 69 14
55 74 24
58 11 96
47 70 37
77 30 41
62 15 62
11 28 59
46 10 58
5 41 52
12 19 3
22 44 61
27 48 84
40 48 66
1 61 54
50 15 55
16 23 31
41 49 34
53 10 91
73 76 24
18 67 59
56 13 59
73 35 56
27 29 75
44 24 57
61 71 32
41 42 33
42 27 48
43 21 87
78 40 75
26 38 74
1 69 37
61 62 33
40 50 23
69 14 11
67 70 36
52 16 44
77 53 89
79 30 7
79 22 32
67 69 35
13 36 37
64 16 23
41 74 26
13 34 11
73 22 87
53 40 46
80 47 73
47 18 83
28 81 37
28 26 74
69 73 74
74 71 58
26 66 30
57 75 21
53 20 70
44 71 49
76 44 30
48 46 98
75 58 2
77 67 4
4 57 32
8 70 5
29 37 50
81 43 40
54 7 48
67 41 14
57 40 33
15 0 5
32 30 77
12 33 28
81 1 54
5 20 100
32 0 4
7 25 89
13 10 79
48 23 52
24 45 61
81 6 45
67 74 59
69 31 71
63 34 94
23 63 87
45 53 55
19 31 89
78 53 53
33 1 62
17 51 47
51 3 32
20 67 74
3 27 69
16 38 49
17 16 32
42 32 72
72 55 43
36 5 51
34 54 63
13 51 48
57 29 11
63 2 13
35 8 47
41 38 97
8 77 63
38 61 30
10 33 87
5 1 50
60 9 89
24 36 86
35 2 74
71 73 33
33 41 90
69 28 96
58 46 83
27 61 53
33 43 52
46 40 36
16 2 100
10 43 43
32 21 27
38 27 37
12 27 23
44 3 44
3 28 9
40 2 98
64 60 10
19 81 28
23 61 87
27 76 54
65 37 64
56 8 72
23 46 98
50 28 60
73 3 44
50 27 83
1 9 85
5 63 71
10 29 21
4 81 72
60 66 99
13 35 15
23 70 54
22 17 62
21 22 21
3 17 57
28 45 45
57 35 84
21 38 70
40 71 80
2 34 64
28 27 19
43 17 32
36 17 96
81 62 55
44 47 33
15 67 2
7 16 71
5 72 14
11 7 98
81 21 73
79 38 30
70 75 56
66 19 16
35 4 84
73 11 35
20 59 9
27 57 75
78 69 99
19 68 2
70 64 96
18 56 67
5 48 13
53 21 21
79 25 66
39 73 67
15 10 28
78 65 37
58 55 92
54 20 27
20 52 27
68 35 79
4 52 28
72 51 78
70 69 15
80 34 16
8 62 96
2 44 62
0 22 91
64 77 43
15 35 1
30 74 45
26 29 8
56 30 64
51 20 17
17 78 95
6 70 33
14 49 34
26 25 43
14 34 35
25 11 46
7 20 49
47 63 12
65 39 39
69 65 20
30 5 63
6 75 6
19 59 98
0 1 95
81 9 7
28 42 83
7 43 75
69 42 70
27 70 63
80 69 16
16 0 15
47 38 32
62 3 13
26 80 45
68 2 87
6 58 38
16 20 84
55 46 45
53 0 58
48 52 90
72 62 23
11 37 22
51 40 71
57 65 85
12 66 55
9 21 10
50 56 74
39 9 72
62 44 87
67 65 8
31 79 54
45 13 5
69 12 32
49 61 21
74 15 85
20 6 36
21 7 45
5 25 74
8 12 23
35 61 87
0 58 12
44 18 29
77 5 79
77 38 72
78 47 84
25 39 12
63 1 39
2 62 73
64 42 22
74 10 63
79 36 21
1 8 73
52 77 7
76 28 4
70 81 31
66 51 94
74 59 14
37 31 8
70 43 94
34 5 28
59 8 61
68 50 33
24 19 92
80 9 26
55 79 93
30 49 89
77 72 41
49 1 82
66 42 35
13 24 74
39 81 60
2 30 88
52 11 35
72 73 10
63 56 95
65 45 26
44 25 95
50 18 67
47 20 35
69 20 92
79 48 71
69 54 4
13 52 45
8 42 26
8 79 28
79 24 83
14 2 97
30 28 59
13 66 27
37 34 64
12 6 69
23 33 25
33 58 36
34 4 86
2 59 42
2 20 73
66 11 37
50 12 69
73 2 74
36 16 75
19 37 32
44 70 51
15 63 42
34 8 9
21 52 82
69 40 23
22 33 36
17 6 71
36 26 8
32 10 22
13 80 23
51 81 26
19 73 31
80 77 45
68 69 62
53 4 87
54 31 30
8 3 99
27 7 62
74 31 67
27 14 45
28 55 94
69 43 91
63 68 39
72 58 53
39 18 8
27 64 80
9 34 36
57 66 60
36 44 14
44 48 68
59 80 84
78 22 46
63 65 17
38 63 73
36 74 38
29 15 25
19 55 100
76 56 90
58 70 93
68 10 19
70 53 39
45 11 21
23 77 51
49 7 4
77 66 23
70 59 98
7 76 43
76 79 2
0 44 25
47 50 72
56 61 50
60 69 69
65 21 87
10 73 73
10 57 90
78 49 68
46 42 81
55 62 83
66 0 47
46 16 24
73 54 36
29 21 23
12 56 81
15 8 23
5 9 3
76 60 98
70 61 62
39 41 29
29 25 33
6 4 89
19 76 17
12 32 12
67 56 81
67 0 18
63 4 86
59 31 11
63 51 7
58 81 41
68 78 91
53 76 80
31 18 86
71 48 98
10 60 50
38 22 64
71 42 2
31 26 11
75 55 23
68 59 5
55 15 49
33 48 67
17 35 59
21 61 29
10 44 95
57 33 14
56 38 69
45 69 3
50 60 48
26 75 33
23 26 8
16 37 38
21 63 22
32 67 8
79 77 96
81 24 1
0 3 91
4 56 68
59 53 65
80 61 79
69 53 40
31 29 12
1 3 61
51 61 46
75 69 62
10 3 49
8 27 64
79 50 1
69 10 77
58 19 22
48 72 27
60 78 61
71 7 85
56 40 13
50 36 57
37 56 15
15 24 61
65 35 96
13 26 53
11 68 23
62 25 31
73 17 34
64 14 17
41 0 18
65 43 54
21 74 36
6 43 5
63 60 20
12 34 76
61 36 16
6 46 86
39 72 7
4 41 29
65 41 19
20 60 72
1 27 12
26 18 35
47 60 89
19 35 72
69 74 31
20 26 34
54 1 49
28 49 16
21 36 8
49 21 46
33 71 70
41 55 35
29 47 20
53 28 34
47 56 75
7 38 24
33 34 82
77 57 62
1 17 78
57 11 100
28 5 67
23 5 28
36 18 58
50 30 32
47 73 75
39 57 2
22 28 79
40 45 61
14 19 53
65 60 5
27 23 81
33 56 96
50 24 100
23 8 14
78 44 31
0 65 26
76 72 92
56 19 73
66 73 96
52 12 21
72 23 48
29 81 52
20 31 9
24 12 25
17 24 60
71 64 8
18 38 78
1 41 24
72 31 41
31 61 51
23 76 41
47 79 80
8 17 92
34 38 56
49 47 7
11 35 9
11 40 56
46 18 5
24 73 4
75 79 76
77 76 3
45 63 96
35 51 75
30 14 74
47 74 70
1 47 42
8 78 69
76 6 48
15 21 39
63 46 65
53 7 24
51 69 66
4 55 6
32 57 97
74 35 50
9 38 42
11 27 64
41 43 79
58 76 43
31 57 27
21 60 21
81 64 55
62 45 4
15 28 20
39 50 23
76 59 4
63 12 84
45 25 35
18 74 95
37 68 91
71 1 2
79 73 100
64 22 11
61 5 20
75 65 29
66 44 38
72 81 28
35 62 1
73 21 21
69 21 28
60 26 68
49 52 94
79 3 58
0 12 64
23 54 33
58 27 38
4 77 93
16 55 82
66 55 81
11 65 14
54 51 8
61 68 27
67 12 11
10 77 74
54 32 73
29 54 92
66 36 6
11 5 91
77 60 2
60 68 39
25 53 96
18 63 18
50 64 4
11 81 21
61 9 79
75 68 37
6 39 35
28 44 100
43 1 62
22 60 96
39 79 18
50 8 56
73 55 90
78 81 45
28 59 12
79 68 21
31 41 4
70 10 36
37 50 86
55 29 64
35 70 49
46 12 92
58 54 40
66 54 49
27 54 89
25 49 32
71 52 3
78 6 28
62 74 83
47 17 69
72 11 71
22 36 24
75 31 58
7 22 13
30 27 90
78 56 19
37 12 94
70 25 3
34 59 37
54 38 68
52 15 100
76 54 83
68 34 33
0 14 29
31 60 94
25 72 82
31 8 40
44 27 52
76 65 25
34 21 21
69 58 54
14 40 81
79 51 51
79 15 75
32 58 75
41 11 45
26 8 63
19 30 66
54 25 51
12 75 71
33 30 26
52 8 46
43 8 49
66 50 93
51 65 78
49 57 9
38 81 33
66 70 29
25 13 73
0 48 68
37 30 56
60 18 63
73 18 25
0 33 94
24 80 67
75 42 29
67 62 31
77 63 87
27 35 37
30 55 18
57 54 42
22 40 20
8 20 98
35 3 55
69 81 76
42 45 100
57 55 92
70 31 84
29 8 23
64 49 24
18 41 54
80 56 11
22 39 73
6 8 52
25 63 84
76 61 4
77 44 83
52 27 38
59 35 21
3 43 13
0 37 93
61 81 64
29 49 27
59 79 67
18 28 33
57 2 95
13 75 16
73 30 68
65 74 65
21 58 63
19 57 52
31 39 8
41 35 67
5 65 98
52 70 32
44 14 94
9 28 16
59 1 68
37 72 78
17 27 88
77 39 89
1 76 30
43 23 58
67 40 28
77 18 91
23 51 10
33 81 43
4 28 69
68 74 85
23 64 61
16 10 40
32 19 24
17 26 13
58 12 72
76 52 61
23 10 20
28 35 16
77 71 32
30 22 25
56 25 67
66 47 43
49 44 64
1 57 52
59 61 41
9 41 57
43 57 29
55 69 29
29 20 45
71 20 29
45 3 82
23 44 51
36 70 69
37 67 13
31 0 36
59 17 25
49 68 94
30 45 41
35 69 27
29 13 69
31 3 87
44 73 15
64 33 56
42 53 4
8 10 78
12 29 36
25 4 96
48 6 35
19 39 19
64 17 55
56 54 28
62 47 3
53 43 24
57 51 70
69 13 56
36 69 57
4 75 72
54 44 38
58 57 68
15 65 69
68 18 71
59 21 47
8 71 9
71 21 5
64 66 14
22 14 25
2 64 63
17 72 49
40 13 4
80 1 21
3 53 96
31 30 27
28 46 60
31 45 43
27 56 62
16 27 8
50 20 24
37 71 37
26 54 96
47 15 41
32 40 44
48 56 45
19 70 45
10 81 14
18 27 69
73 34 14
18 45 42
61 48 30
58 44 13
0 39 19
24 5 22
45 73 38
5 38 50
57 76 67
34 49 81
46 7 61
6 62 55
73 40 28
35 63 78
54 11 11
10 37 87
58 51 20
42 73 12
36 31 54
78 5 61
45 2 62
55 22 57
47 28 86
26 22 72
20 77 64
41 56 98
75 51 53
13 15 62
42 47 82
2 19 56
24 11 34
79 44 14
39 47 44
65 68 62
71 0 36
57 0 59
71 4 17
53 8 60
14 79 77
80 51 78
19 29 64
0 11 40
48 9 43
4 78 12
21 25 47
48 66 74
11 3 13
71 16 81
51 9 11
21 75 52
77 47 6
52 80 35
45 64 31
79 70 89
14 32 72
61 0 28
57 44 51
66 31 19
40 18 9
80 36 55
10 52 95
57 63 14
67 52 3
15 5 100
7 40 81
80 44 84
19 40 53
67 48 59
0 25 75
59 55 54
34 79 52
58 10 84
35 47 57
50 65 12
40 36 80
25 19 99
59 48 68
40 4 29
3 25 72
18 10 19
32 43 21
46 76 75
76 29 76
11 18 36
55 67 27
4 36 75
52 63 2
2 48 96
36 63 13
51 42 70
32 33 89
39 35 47
29 61 56
40 76 1
43 35 71
72 46 6
16 60 19
70 33 18
15 27 6
35 22 38
37 62 34
26 30 21
32 37 15
49 59 30
2 23 57
25 1 92
57 61 59
43 18 99
26 11 83
56 20 67
53 73 12
72 44 42
48 24 1
50 35 68
8 33 48
13 20 1
23 32 2
29 35 63
11 21 50
37 58 26
41 68 32
3 70 10
74 43 84
58 39 89
28 73 99
67 21 15
18 72 99
27 73 73
1 2 41
21 57 5
53 26 30
51 29 87
1 10 54
19 8 10
69 3 10
63 54 47
9 32 48
35 32 67
48 42 80
20 58 48
44 60 41
26 59 58
80 67 8
29 72 69
62 22 21
13 46 15
26 62 41
9 64 81
9 20 53
60 5 73
7 52 80
6 56 93
51 55 62
0 29 56
24 64 77
68 67 71
56 0 37
34 53 96
25 28 72
72 21 41
12 51 61
28 36 8
30 24 96
22 61 85
43 48 13
74 49 58
31 46 78
44 75 14
27 10 95
71 47 48
49 67 50
78 3 66
58 24 47
11 77 51
23 60 52
63 8 21
10 9 13
10 39 86
73 58 20
51 10 14
0 62 62
55 80 7
42 30 68
33 45 10
74 26 15
69 32 11
67 43 95
80 10 95
1 65 21
33 44 27
49 55 95
48 54 32
20 66 8
61 37 84
28 61 36
9 65 60
7 61 80
7 13 72
70 56 52
56 81 21
0 4 56
67 7 37
56 35 53
23 38 85
28 12 71
3 23 58
3 14 22
52 62 15
1 28 4
38 65 1
41 71 13
8 25 82
0 72 90
64 7 10
36 81 72
13 48 41
32 63 31
32 29 97
33 49 80
78 24 53
60 67 21
49 56 3
0 30 64
26 50 45
38 66 72
9 67 19
3 32 86
70 11 39
12 38 73
49 80 77
6 53 82
61 55 31
55 18 5
42 4 93
29 68 64
47 2 75
6 67 58
25 69 79
15 42 7
45 72 40
46 8 36
12 72 44
70 57 32
77 41 97
65 52 77
0 20 81
23 58 47
8 30 22
28 14 57
39 74 92
69 49 82
6 41 32
0 43 72
53 72 3
67 53 69
75 43 20
46 9 78
71 66 12
12 15 90
78 26 46
13 70 53
27 53 3
23 14 94
34 75 79
69 15 35
17 74 54
60 4 28
24 62 100
16 42 16
36 20 97
1 11 48
6 80 70
24 66 73
68 52 4
13 27 7
42 74 13
21 19 48
60 75 37
10 5 54
79 35 79
26 9 72
23 4 19
60 19 45
27 31 29
74 48 77
61 16 42
25 52 17
42 49 98
14 10 19
71 46 61
35 1 38
22 50 51
67 54 87
38 76 35
24 61 69
66 27 4
50 52 61
11 55 29
31 25 70
75 61 42
77 21 91
77 73 30
76 55 46
11 42 13
56 32 80
61 15 16
55 35 21
78 70 33
9 18 42
8 44 98
39 29 96
49 66 61
24 70 31
17 61 77
18 48 52
64 6 48
36 59 96
33 72 70
70 18 69
28 37 32
31 56 1
38 53 36
51 50 22
32 76 61
53 37 68
7 42 98
45 46 79
30 23 24
71 24 10
47 10 1
36 65 100
81 67 6
7 1 72
7 75 37
25 14 86
75 71 35
80 27 10
48 65 91
5 26 74
51 22 91
60 8 71
72 7 9
75 81 6
33 37 73
53 79 100
23 68 45
24 4 15
71 65 92
66 56 18
63 44 35
75 50 80
57 81 40
69 7 75
47 54 74
29 16 91
63 20 71
15 71 73
62 42 34
54 39 20
36 72 87
29 9 81
78 72 88
66 80 63
33 50 60
47 25 88
16 22 66
68 20 30
7 56 19
35 77 41
59 65 40
22 45 91
80 39 14
33 19 12
17 15 94
26 47 79
38 80 14
36 76 88
29 79 99
14 59 47
59 47 41
65 25 45
2 81 11
17 13 58
62 51 49
61 73 30
54 5 13
53 50 26
77 45 98
62 28 59
41 16 43
72 67 65
37 39 21
66 7 91
22 25 60
48 1 32
48 57 79
0 68 39
22 57 51
37 81 26
37 22 12
63 30 64
71 67 74
77 36 94
15 22 24
81 3 33
0 70 67
60 57 80
23 6 54
43 60 44
71 57 12
45 47 17
71 13 33
10 41 70
38 72 90
29 33 53
77 7 41
51 15 12
42 40 9
49 38 66
31 44 45
2 58 56
64 4 22
29 38 27
32 51 26
9 33 91
0 2 2
31 47 63
51 25 34
33 35 100
24 7 92
66 30 18
64 30 3
24 14 60
6 45 8
69 50 53
67 76 24
58 52 21
33 55 9
22 41 31
72 34 10
62 71 55
8 37 86
0 59 94
81 68 90
40 61 99
18 51 35
18 71 35
21 33 10
49 3 5
73 80 9
6 47 92
50 17 80
80 46 64
28 78 33
73 6 50
64 80 65
10 19 62
65 12 77
4 7 89
41 45 56
40 59 46
26 58 35
28 32 25
68 36 53
69 41 92
59 24 4
41 73 89
30 41 41
57 23 1
55 7 21
6 51 11
7 34 13
48 16 16
42 5 13
43 2 71
41 40 95
64 37 50
2 21 4
35 7 70
50 72 41
30 20 18
47 64 79
10 21 45
42 56 88
20 34 72
44 17 20
37 44 16
6 5 79
2 37 24
73 48 71
51 0 95
44 43 48
39 70 78
45 78 28
34 31 81
39 71 30
30 43 27
1 18 100
23 24 29
9 30 29
58 59 22
18 75 85
39 60 60
42 50 36
4 37 12
66 63 80
29 74 100
58 61 14
49 31 64
39 52 77
19 46 32
24 6 85
47 30 91
64 44 25
5 43 47
74 28 46
66 5 91
47 22 69
69 39 100
56 51 88
19 38 19
35 31 9
40 64 29
26 40 81
76 80 13
62 54 80
29 22 9
37 70 2
34 15 39
17 37 35
71 78 82
0 54 41
45 5 96
73 23 30
15 4 97
61 2 77
44 69 4
76 62 1
16 11 97
19 50 26
48 63 12
81 45 90
17 71 14
51 1 57
57 3 90
56 34 97
3 26 50
69 66 39
47 8 66
66 58 23
20 57 73
56 1 80
11 14 52
43 52 86
75 53 18
43 51 54
10 12 89
6 3 81
52 32 65
14 78 28
14 21 92
21 1 45
36 1 94
29 5 79
18 0 24
38 25 100
72 13 39
18 2 94
48 14 31
20 25 82
12 55 44
13 57 20
79 9 86
65 17 37
72 40 61
29 69 89
60 55 83
0 50 26
28 43 1
15 37 42
75 25 63
40 3 96
35 58 54
38 52 84
60 48 33
75 38 1
54 33 44
21 66 71
75 64 77
12 74 87
19 75 28
68 5 35
15 40 4
32 68 28
22 75 52
52 1 8
79 69 14
40 0 65
6 19 6
66 1 30
29 52 6
4 46 66
28 75 64
37 42 81
78 33 36
29 34 32
74 80 94
33 68 36
77 34 4
6 13 48
16 21 45
0 78 82
43 22 7
43 66 68
29 77 35
65 4 20
38 13 67
27 9 97
33 38 74
12 44 78
21 44 33
63 31 3
52 53 16
65 62 4
2 56 26
35 53 17
62 36 91
17 14 24
15 7 92
42 63 25
53 47 40
37 27 98
40 47 48
4 43 91
78 64 19
30 75 81
13 64 30
52 26 52
69 18 36
13 32 32
64 68 48
29 7 28
51 47 53
56 64 11
56 16 11
58 14 79
73 70 90
28 2 67
19 22 94
21 46 14
75 67 9
28 7 78
22 5 46
31 23 58
14 9 24
73 56 77
1 6 46
65 30 54
62 56 54
40 17 18
52 69 55
5 75 32
54 8 51
56 43 3
29 6 14
67 14 38
20 61 66
30 81 99
5 67 41
27 24 89
59 50 27
36 41 4
77 42 32
9 62 14
20 15 44
72 32 77
46 14 59
33 47 43
27 22 2
26 14 68
46 24 73
6 50 91
37 7 83
49 10 7
60 59 77
17 2 59
31 28 17
43 13 28
22 81 5
31 62 39
45 21 8
54 18 42
55 53 89
78 43 82
33 76 5
38 40 80
51 77 86
11 10 44
48 34 64
76 13 97
51 14 87
15 68 28
29 17 1
26 79 98
42 70 12
3 5 1
35 64 22
55 3 76
25 59 91
50 21 14
36 27 92
80 60 74
12 57 82
18 35 91
81 76 39
45 68 57
70 15 12
62 13 1
32 70 20
27 78 34
47 14 21
9 45 43
41 75 29
12 3 31
3 29 87
43 26 15
42 22 23
46 62 98
6 52 81
10 38 95
17 56 54
14 20 90
72 4 74
22 63 85
75 1 60
4 67 9
4 49 22
25 32 65
72 49 74
13 23 20
77 27 99
21 40 45
8 4 7
42 33 95
15 23 2
42 35 7
7 41 97
67 46 29
26 67 38
19 41 22
2 26 6
14 6 95
36 52 1
80 29 20
26 48 22
76 35 12
36 7 93
25 6 95
74 57 15
38 20 30
76 26 35
48 50 86
81 8 14
21 8 75
80 70 67
44 5 4
4 58 62
17 69 63
25 71 52
9 15 74
16 63 80
33 18 21
65 54 21
10 63 15
26 19 7
26 51 18
58 15 46
33 62 17
66 33 61
24 20 8
20 18 29
46 5 64
35 26 20
81 35 97
50 32 79
7 17 41
24 54 82
70 51 98
41 57 27
73 57 46
1 15 63
65 80 39
73 14 38
47 68 3
70 34 26
24 26 29
62 18 36
56 29 36
14 81 38
33 7 64
32 2 39
57 34 30
30 1 44
27 0 16
9 70 95
21 55 4
45 76 79
39 55 84
78 58 28
10 75 67
60 49 18
59 29 37
39 51 53
36 51 65
35 9 97
21 54 14
64 39 55
34 28 21
42 55 69
80 4 86
14 57 78
16 78 30
73 52 98
24 16 8
46 3 59
23 9 75
18 5 41
80 35 23
2 53 86
38 36 50
79 74 53
5 37 77
19 62 26
3 47 71
56 3 67
76 25 5
61 19 50
63 3 12
27 67 59
55 52 17
44 51 26
11 17 62
46 50 83
52 75 61
12 1 95
60 41 70
69 8 50
58 40 1
45 48 44
56 24 36
58 28 79
33 73 12
11 38 65
42 23 73
64 79 51
45 39 83
75 35 57
0 9 43
15 44 66
21 35 87
5 16 1
25 43 23
19 17 45
67 44 11
31 53 24
76 0 75
29 28 33
18 19 58
71 19 23
23 29 5
32 49 28
68 70 33
34 23 53
31 58 62
7 50 16
0 74 57
73 81 67
77 59 94
8 45 98
25 48 86
65 28 20
76 31 2
77 6 60
46 57 92
58 79 21
42 60 71
33 46 76
40 66 21
40 24 67
53 65 16
16 69 9
10 42 66
29 45 73
48 10 29
44 46 26
10 56 99
36 60 77
61 33 1
31 24 73
14 80 50
45 19 71
43 14 48
9 8 88
66 59 92
16 73 50
65 73 31
50 2 19
6 59 47
38 31 13
69 34 17
59 37 73
36 30 75
24 63 13
25 64 31
17 70 40
18 59 28
37 38 47
3 60 69
29 62 33
3 7 92
35 38 64
78 51 8
71 55 61
33 69 98
51 4 42
20 10 23
60 52 50
61 32 27
15 56 39
67 8 31
22 11 76
57 25 18
48 81 76
30 39 6
25 18 47
18 13 74
21 30 84
28 79 64
35 46 85
74 3 47
15 78 63
39 3 38
30 18 96
26 57 27
0 6 53
3 36 19
34 41 59
81 50 3
46 39 53
1 31 65
55 45 53
81 5 45
33 6 16
74 33 19
7 79 31
51 41 34
60 0 4
36 32 24
57 36 27
39 16 84
55 81 43
24 55 52
11 12 20
42 14 25
43 11 6
74 38 22
75 78 83
2 22 46
59 63 20
76 42 19
43 16 5
74 5 79
51 7 46
11 34 92
55 47 36
54 59 83
16 6 24
4 22 56
4 62 89
18 4 50
30 44 70
42 78 76
31 13 75
44 68 4
39 24 42
34 40 98
11 47 34
24 57 35
30 11 72
60 1 82
15 26 94
53 29 89
7 74 29
61 43 11
31 32 40
20 74 39
32 38 50
62 43 71
4 54 31
75 45 47
57 38 73
69 0 39
71 34 54
61 60 89
2 66 42
73 29 57
53 17 83
26 27 88
51 24 25
45 44 88
51 52 21
54 17 2
71 35 35
3 21 42
18 17 41
71 45 3
66 72 9
64 20 47
0 5 74
23 20 97
48 19 63
52 33 21
63 39 98
25 15 33
62 53 47
2 8 49
64 63 23
21 68 37
61 45 18
16 28 43
21 62 86
50 77 46
61 25 52
31 14 80
45 43 17
14 18 53
23 12 17
0 13 57
19 69 5
60 6 73
39 11 50
9 63 26
33 4 47
62 75 36
46 25 8
63 40 33
41 20 45
33 27 28
42 65 97
41 24 24
22 53 97
81 80 71
79 10 69
7 47 15
50 3 87
3 77 96
48 8 7
68 46 7
58 65 18
26 10 77
22 31 98
44 65 95
60 24 70
32 66 16
2 38 18
40 37 73
19 36 16
42 17 18
26 77 35
79 27 81
16 79 98
73 75 98
52 37 88
64 73 72
54 52 67
46 65 56
48 21 75
40 77 39
6 28 65
40 30 31
2 54 30
2 31 63
79 21 43
52 57 40
40 39 42
42 34 11
65 24 20
35 48 64
80 11 87
9 24 21
65 26 90
64 5 91
32 71 64
17 52 45
25 37 100
20 27 72
27 19 16
3 34 41
71 56 37
49 46 85
8 58 14
0 75 61
45 35 54
17 63 46
68 48 66
54 53 71
71 14 21
77 68 13
26 49 45
48 58 55
67 22 95
34 10 77
65 8 27
37 48 74
26 42 36
72 8 56
78 29 72
12 16 88
15 80 34
58 9 30
55 63 76
7 44 20
74 4 43
17 66 49
40 35 71
39 4 96
17 39 16
25 36 10
27 25 6
41 14 58
59 64 8
68 71 40
44 41 18
71 69 85
71 26 91
52 74 60
20 42 38
1 73 38
42 38 67
41 25 2
41 81 97
80 72 17
75 14 34
47 4 13
77 70 41
75 49 18
80 33 28
14 74 49
0 45 11
55 25 4
11 33 33
66 16 40
46 52 77
72 52 59
79 43 55
57 42 55
45 36 14
20 76 42
44 29 55
26 21 42
31 16 32
50 76 5
0 21 49
77 56 85
64 57 66
34 74 77
76 41 98
69 72 44
56 72 50
55 64 99
16 58 11
44 35 66
56 68 39
41 66 7
25 2 55
18 53 100
50 4 33
59 73 90
69 56 61
60 35 77
79 62 50
44 59 60
50 80 45
25 35 98
65 55 11
51 19 82
69 63 85
64 67 75
70 22 65
74 76 78
2 74 42
56 59 54
54 60 73
6 35 19
19 28 51
4 26 68
2 71 84
61 64 48
5 70 36
5 4 31
24 33 9
17 62 52
70 55 78
42 1 8
78 76 82
3 9 8
7 60 65
8 80 10
19 80 18
54 30 28
48 17 29
57 79 55
8 51 82
44 26 100
60 15 10
45 70 97
22 3 41
51 59 23
81 49 79
79 72 10
75 80 69
35 23 88
55 2 70
63 33 61
81 52 98
15 57 37
66 79 31
49 53 28
8 7 47
54 37 7
34 6 93
44 38 82
8 16 36
59 69 37
23 11 78
54 46 31
72 1 54
24 0 21
53 19 13
30 7 28
49 39 33
79 20 71
0 10 65
51 30 66
35 34 33
78 36 36
62 50 89
63 70 65
37 23 70
63 28 31
52 34 48
54 35 33
61 13 71
35 72 16
12 13 14
48 32 51
56 53 37
71 50 42
23 78 27
15 75 91
65 10 55
31 10 47
58 60 83
1 55 66
73 36 40
27 39 34
14 5 49
69 2 63
37 41 92
21 37 24
29 11 67
15 36 92
75 8 52
5 58 87
31 71 18
37 6 73
5 17 23
65 22 39
16 19 96
32 79 67
81 65 91
76 70 31
43 27 46
9 13 63
59 52 65
73 62 30
65 61 75
80 71 35
61 3 57
11 48 20
39 8 85
21 80 82
3 20 100
23 19 64
31 81 15
45 57 26
19 13 65
22 46 1
66 29 67
35 67 77
11 31 43
29 67 43
42 58 5
0 26 52
71 54 63
62 39 61
23 81 99
21 4 47
47 52 3
47 23 59
51 33 82
55 68 90
50 5 2
80 23 27
52 31 69
55 32 12
49 65 30
22 71 15
26 61 37
31 48 3
54 77 10
59 16 11
57 18 91
28 0 44
54 75 66
1 45 32
49 8 71
64 36 51
56 46 16
6 11 55
80 20 2
69 61 61
65 18 14
29 60 69
76 37 97
55 31 23
71 3 55
48 77 22
10 64 7
32 81 90
45 12 58
66 9 84
4 3 81
2 24 45
50 73 53
39 67 40
24 38 9
38 45 99
49 36 35
40 1 79
43 15 20
54 49 28
42 72 61
31 6 60
12 80 13
9 55 27
15 16 74
33 28 80
56 44 85
51 48 51
0 36 71
12 35 17
14 36 100
43 73 69
32 46 66
1 77 12
17 23 63
30 17 97
28 57 97
56 21 88
0 19 49
46 37 61
59 13 96
19 44 54
4 29 42
36 34 6
4 69 34
15 6 85
26 68 40
12 40 54
28 70 37
23 62 18
78 54 29
7 32 96
22 74 22
14 62 55
58 3 43
59 3 46
53 68 24
6 32 73
2 3 45
20 55 63
71 5 93
59 42 63
32 60 64
1 46 73
24 68 98
33 60 28
41 61 66
66 18 65
76 68 12
9 31 23
49 45 37
63 43 41
13 1 7
67 19 88
4 2 70
18 7 70
30 68 38
81 12 72
77 55 43
50 9 50
4 30 45
62 68 34
61 54 59
80 45 85
52 19 84
25 17 75
65 20 43
36 2 22
67 24 87
36 75 65
18 81 80
25 67 67
11 13 61
64 11 20
61 18 85
47 65 35
17 76 86
77 74 4
77 13 100
17 0 26
45 58 63
79 40 61
35 24 28
12 14 56
17 31 72
42 3 87
9 53 15
63 6 90
32 59 32
16 13 19
76 64 91
69 57 5
30 59 71
12 64 50
39 36 24
43 58 44
48 3 51
66 10 5
9 11 81
43 72 23
51 21 9
71 28 73
7 73 55
65 23 53
19 49 6
37 73 99
69 27 94
49 23 30
54 81 57
61 39 79
14 1 4
0 49 64
37 80 2
24 21 26
49 40 14
44 81 94
11 61 64
47 43 84
45 20 90
62 70 5
6 68 42
41 8 51
5 19 17
80 18 93
40 33 73
12 59 8
11 4 22
67 13 97
30 16 47
12 36 98
78 52 7
72 28 96
68 8 73
71 11 34
39 68 14
13 21 73
65 7 52
59 78 36
62 38 6
5 32 88
29 14 50
25 10 51
45 23 35
48 41 97
64 31 43
1 78 3
80 31 40
53 11 88
17 41 54
63 81 96
20 35 71
66 14 46
39 7 80
36 43 5
79 6 50
42 67 17
32 20 89
50 57 74
80 32 48
53 12 90
4 38 45
5 12 25
17 49 20
7 68 62
38 30 25
34 19 24
16 57 91
15 31 4
41 27 60
49 76 95
64 0 45
77 19 13
22 12 86
34 43 9
62 48 89
15 2 90
0 42 46
41 52 27
54 79 86
33 25 98
42 36 36
6 72 27
78 37 25
22 10 59
61 42 31
11 62 99
80 30 8
27 51 33
72 14 91
39 44 92
32 15 53
17 38 46
40 43 46
16 65 78
79 60 88
48 69 55
38 71 95
63 67 10
0 47 22
77 9 61
62 1 58
6 71 3
74 45 12
5 31 33
29 36 100
18 24 14
36 46 62
13 50 11
80 0 58
64 48 41
68 14 61
76 14 95
61 8 89
39 78 38
4 12 13
5 40 51
5 59 60
72 3 22
34 60 52
47 16 99
37 26 74
26 73 97
55 36 61
45 56 7
79 4 80
11 67 30
52 0 17
51 71 58
71 59 84
11 8 55
81 27 64
39 26 49
13 81 27
61 44 63
21 64 26
44 40 16
7 23 35
31 65 63
36 54 26
48 12 54
43 55 9
80 40 27
12 60 20
64 32 64
55 50 39
28 80 75
79 56 24
59 38 70
25 40 30
7 0 15
13 73 65
12 31 3
70 7 5
79 80 89
76 9 53
30 25 9
73 67 18
45 59 96
68 72 45
27 5 90
72 20 25
42 18 6
17 58 43
17 55 66
77 28 21
6 57 20
46 0 11
80 53 17
13 30 75
5 57 7
42 80 10
48 47 89
28 56 74
37 55 38
62 40 68
64 58 42
3 68 60
17 20 50
63 78 12
68 80 55
9 69 12
5 39 39
20 40 47
51 46 73
43 68 35
8 13 86
43 77 51
31 40 89
75 59 78
52 23 11
2 39 36
63 49 96
81 25 39
6 66 76
70 41 87
19 43 4
60 38 94
7 45 73
63 14 34
18 58 95
70 29 98
69 30 75
18 29 57
38 43 70
11 74 4
49 70 42
24 3 13
71 58 65
73 0 96
38 28 64
61 78 9
36 67 92
4 9 89
43 20 93
50 23 9
64 26 64
66 22 42
18 37 89
55 56 46
41 72 93
73 4 5
53 74 61
79 11 55
66 74 74
1 19 64
59 7 95
4 14 14
25 34 15
11 69 69
39 34 79
61 63 37
8 57 30
76 10 23
33 67 86
62 5 5
49 15 91
16 53 36
10 36 63
78 55 55
34 1 12
68 13 62
30 35 43
35 66 100
14 70 53
78 48 42
40 29 38
31 51 2
53 14 83
6 9 30
79 0 55
27 4 16
21 47 63
39 32 16
79 18 33
33 36 93
22 59 35
21 20 36
0 55 55
46 77 45
9 59 42
27 63 38
20 70 29
49 27 59
80 63 32
35 52 87
62 77 93
79 46 34
19 47 5
63 50 50
14 54 21
60 25 79
42 25 58
23 59 55
54 45 100
40 70 100
40 65 11
56 9 97
40 52 84
73 8 95
63 41 74
68 66 60
49 37 45
19 15 7
41 32 64
70 1 50
43 71 50
39 53 68
77 49 88
58 29 38
60 17 71
42 6 98
47 5 90
28 41 4
53 57 71
76 75 15
77 0 68
2 11 23
76 12 56
2 77 85
16 33 45
48 4 22
36 71 78
18 49 50
13 2 46
78 41 71
64 41 2
31 4 37
78 46 84
64 29 86
38 0 91
58 1 51
78 19 7
6 40 31
76 30 59
65 70 44
33 14 48
56 58 51
5 53 43
57 68 74
39 66 54
6 2 67
12 43 47
71 49 96
53 30 42
67 10 53
54 41 95
47 34 75
14 77 8
2 67 26
61 72 34
37 51 25
53 63 94
52 44 89
53 1 43
67 17 13
48 53 4
32 77 87
28 54 88
51 53 67
78 79 41
13 3 38
49 20 25
81 71 41
2 27 13
5 69 25
26 63 46
6 26 57
57 7 89
53 71 14
21 17 73
73 31 65
17 32 13
37 24 35
40 10 76
12 62 26
27 47 20
12 39 85
0 34 22
10 50 67
37 77 51
74 61 71
10 4 65
68 9 81
45 14 6
9 43 55
6 18 5
3 67 25
29 65 71
55 8 93
50 49 22
1 37 73
44 13 94
4 66 74
34 58 59
19 42 60
12 49 50
2 70 88
40 55 99
28 13 72
75 16 80
72 54 85
81 77 94
23 36 89
53 61 87
23 55 2
73 12 48
21 23 39
33 53 66
23 53 24
75 40 19
67 50 84
28 60 44
15 33 95
62 20 28
61 79 19
37 75 22
70 21 29
3 15 99
47 46 85
36 11 98
29 42 38
62 63 57
18 34 85
74 19 6
62 60 82
12 47 40
28 8 2
33 79 50
81 17 80
63 37 10
9 57 62
34 76 85
42 79 19
17 75 84
45 32 67
45 17 23
2 75 62
70 30 12
9 12 65
67 45 17
64 28 34
52 45 13
57 62 70
39 1 25
