88 3536
43 63 50
62 56 30
69 36 64
44 33 56
53 2 47
46 16 17
52 55 3
76 20 12
79 40 44
33 37 50
12 8 97
28 51 75
22 58 99
84 77 14
14 23 81
50 87 70
28 60 24
83 41 67
47 48 39
77 31 98
19 15 99
11 4 74
46 26 67
24 36 72
61 32 65
23 70 64
79 80 91
49 67 30
52 62 59
28 48 48
75 17 94
16 52 37
27 60 14
58 39 26
43 51 53
74 52 92
72 64 84
3 15 81
39 41 96
33 32 75
78 38 88
11 38 97
42 60 2
83 7 14
53 63 70
4 18 56
21 56 91
15 49 43
7 18 20
84 63 8
21 32 91
54 1 94
15 86 51
85 0 40
73 50 49
39 52 80
82 0 79
83 81 61
48 22 42
35 63 18
8 44 91
49 60 94
81 53 9
25 6 7
7 85 87
87 44 41
71 10 94
54 44 69
50 47 78
35 70 68
36 57 17
32 67 80
78 43 91
36 4 94
68 4 5
74 75 25
84 20 39
59 58 67
22 63 29
26 56 14
46 27 88
15 28 60
70 1 39
31 58 57
60 24 55
73 23 97
12 14 57
19 18 40
58 66 93
27 56 54
86 72 76
62 29 7
74 47 45
53 26 6
42 74 87
85 60 95
77 4 4
29 60 100
27 15 47
75 36 62
9 52 78
41 81 97
40 14 46
43 31 75
1 4 63
49 23 43
58 17 13
45 38 71
60 77 20
64 22 54
85 11 78
58 81 51
15 24 50
29 42 28
87 3 52
8 9 61
81 17 6
55 74 13
83 67 27
8 79 62
22 77 3
39 80 4
2 63 92
40 82 2
24 59 97
5 49 12
14 2 94
45 58 93
23 66 85
44 73 74
33 23 95
64 2 1
71 29 5
76 33 64
49 1 59
60 76 5
55 9 89
24 29 20
83 48 55
67 57 12
5 85 53
32 66 52
45 85 90
5 53 100
40 52 54
0 78 23
41 75 54
13 8 56
46 75 54
59 5 24
12 49 56
51 41 10
76 77 72
78 1 3
28 0 32
55 51 48
22 74 60
40 71 89
18 86 15
37 76 24
39 30 89
35 76 89
78 55 13
45 75 47
87 52 40
70 59 15
47 54 77
28 2 70
78 14 53
23 36 94
79 2 12
56 53 96
83 2 47
85 9 72
85 33 88
54 7 88
47 73 39
49 11 83
28 72 55
73 81 62
68 70 26
37 46 31
48 38 54
63 7 36
75 30 43
39 2 71
83 71 35
9 63 54
14 15 99
79 1 77
72 29 49
69 20 19
82 86 89
47 4 35
31 86 32
74 8 43
54 51 51
9 5 94
86 74 18
36 22 84
65 49 16
63 57 91
11 87 20
59 3 53
73 3 64
49 48 7
84 4 23
23 63 63
75 7 8
85 80 87
9 40 94
75 73 3
63 76 59
32 6 48
32 1 83
47 75 67
55 37 4
39 17 87
42 35 60
49 63 29
85 76 58
75 87 12
13 73 75
3 66 68
17 54 55
9 62 47
20 31 95
84 78 30
86 33 92
21 3 67
65 15 39
24 41 49
5 50 45
84 58 83
56 54 55
77 0 94
62 65 24
4 33 46
16 41 51
33 50 70
48 43 2
56 75 94
21 15 83
47 59 35
54 66 34
84 59 2
18 73 6
31 73 88
73 35 55
81 34 69
2 84 47
30 59 14
50 28 60
36 7 19
4 25 47
58 3 85
1 5 22
1 28 40
30 13 11
52 46 51
79 6 67
80 55 2
40 8 21
40 59 81
58 56 54
71 13 100
50 52 37
30 22 49
20 58 38
64 42 78
3 39 72
26 81 79
25 81 80
39 7 84
76 67 80
11 80 70
58 87 55
37 77 69
39 68 67
32 4 79
17 76 2
38 32 76
64 74 53
56 34 70
24 26 27
59 82 79
53 69 43
30 49 12
62 75 50
66 11 88
71 64 52
60 18 55
3 80 37
11 59 32
52 56 79
3 28 3
26 6 22
74 34 22
14 71 89
37 15 37
35 12 51
18 36 41
34 63 86
17 79 10
44 55 58
30 16 12
65 58 13
51 71 24
26 61 71
28 30 23
21 12 70
44 26 3
31 48 100
47 14 49
76 32 37
34 23 14
87 23 53
71 81 25
27 29 73
12 15 96
43 10 12
41 74 6
81 12 100
44 17 61
47 19 39
5 17 81
64 23 92
72 19 4
4 52 71
27 31 93
64 9 25
18 49 93
2 18 25
47 56 42
33 10 39
14 69 96
25 69 6
81 49 99
41 30 82
9 30 59
4 20 19
45 27 94
2 69 28
43 46 94
26 68 7
46 55 23
49 54 31
73 7 8
78 45 68
4 29 9
72 61 35
8 56 6
55 45 49
44 24 55
69 84 85
36 80 37
36 73 61
65 10 46
28 37 55
81 87 19
25 47 93
20 12 100
22 52 33
80 32 3
68 30 68
18 9 52
45 43 6
53 23 32
76 16 83
21 76 13
13 75 80
14 34 4
0 84 3
54 10 34
26 3 18
53 6 55
6 14 59
68 62 43
55 58 60
68 42 29
30 45 19
9 20 30
3 25 63
68 24 15
33 9 17
29 17 10
63 59 2
61 11 31
26 31 34
84 18 61
18 15 49
11 42 58
9 17 3
6 18 25
82 49 84
16 75 2
67 36 63
68 21 60
41 37 63
52 2 50
3 81 70
22 8 12
63 68 80
77 6 18
19 64 69
80 5 93
42 48 64
80 28 2
65 30 3
8 69 37
85 15 25
81 86 67
72 78 6
15 58 54
10 45 84
76 22 33
59 44 41
2 37 21
27 28 5
77 19 24
2 86 97
3 50 58
2 76 18
51 58 99
19 83 78
47 20 45
57 75 1
41 1 25
64 77 94
83 54 8
9 87 2
82 50 33
4 10 97
28 40 52
84 56 4
0 62 27
17 78 25
41 36 41
48 63 93
57 20 37
13 25 98
62 13 23
69 17 16
3 47 87
17 22 100
75 1 87
48 1 31
28 32 2
12 11 100
41 63 55
27 81 7
52 3 60
9 27 6
0 83 78
7 43 58
84 25 88
57 82 96
70 17 43
43 70 32
47 9 94
18 32 3
60 48 24
13 14 28
67 24 95
1 74 91
13 15 93
30 60 79
22 78 74
72 81 88
76 23 14
54 26 62
36 9 24
17 27 4
33 20 37
73 16 28
57 69 18
16 56 23
42 13 84
26 82 47
77 75 49
6 13 98
76 50 26
81 68 17
80 15 64
9 46 33
71 24 72
84 38 28
29 23 62
34 28 62
51 18 58
46 67 89
51 7 46
10 80 32
37 6 97
12 87 48
66 26 60
75 64 86
38 2 40
0 81 41
76 29 54
6 43 26
44 4 2
3 69 100
14 53 22
39 85 75
54 80 50
49 74 57
41 87 48
1 30 63
19 22 88
9 22 38
73 39 34
27 65 78
14 4 17
30 64 49
14 84 85
61 7 84
61 38 39
38 3 16
32 63 76
79 32 15
60 86 28
52 81 25
82 21 48
15 20 76
50 20 67
29 25 45
77 74 96
75 25 99
1 40 77
18 83 91
7 42 46
3 7 91
36 28 98
53 41 83
8 28 49
48 10 71
76 30 36
10 53 99
21 86 12
87 39 69
0 22 9
13 51 14
17 33 83
73 86 6
58 0 41
50 9 4
22 79 68
79 75 8
82 77 41
40 67 40
84 62 59
45 21 67
0 74 51
64 47 18
1 16 53
42 65 46
43 49 19
56 81 89
53 54 29
71 43 32
14 3 79
40 53 82
26 65 12
8 67 39
75 65 49
33 5 53
27 55 13
25 61 26
45 83 25
80 7 9
57 45 41
4 56 64
57 58 4
12 5 80
12 50 77
44 23 95
87 72 89
7 16 48
80 19 92
87 28 93
29 79 53
34 11 44
48 76 22
17 46 11
53 65 84
58 47 75
51 15 3
13 81 17
61 27 24
36 71 19
74 32 14
16 70 99
70 53 98
0 87 64
60 38 45
59 81 65
0 7 64
25 16 84
72 67 19
66 72 85
48 77 51
60 54 19
45 72 14
86 50 50
24 70 72
70 67 19
19 17 78
44 9 74
21 18 20
23 40 68
34 37 9
26 76 22
57 59 17
48 24 59
74 5 72
87 6 32
52 68 46
59 0 88
50 32 15
64 24 75
34 10 9
0 13 74
32 70 39
5 81 5
61 87 13
42 16 9
29 74 49
45 41 30
58 64 26
19 75 96
34 55 74
11 28 13
30 2 64
55 12 44
82 75 84
15 66 38
4 82 21
43 15 54
43 54 38
13 63 97
24 8 45
80 87 95
44 66 16
43 66 12
39 10 27
46 49 93
60 69 10
57 32 11
2 81 13
62 39 18
43 69 1
33 43 36
5 67 20
55 20 73
47 60 26
58 23 83
18 62 82
56 64 38
6 5 63
13 1 25
29 30 83
71 85 53
11 81 25
8 1 15
41 48 76
87 43 69
50 34 71
78 73 5
83 40 39
50 31 81
78 30 23
29 86 86
36 50 95
9 6 13
28 21 73
41 11 32
42 54 75
67 77 73
10 60 78
40 63 85
78 66 8
84 46 23
79 51 70
84 37 56
8 30 93
68 79 96
20 18 71
1 62 90
81 14 78
81 61 40
2 62 87
49 24 70
81 23 21
22 7 10
40 37 4
64 11 96
82 41 76
18 55 24
67 25 30
73 64 71
33 70 38
43 52 78
44 45 67
62 71 30
66 76 40
32 19 28
47 82 77
12 69 11
7 77 17
67 45 55
30 57 21
63 38 31
48 26 8
45 6 54
24 25 99
87 83 20
61 6 78
23 83 47
2 49 70
51 85 79
67 74 42
4 23 38
27 23 61
24 3 57
60 55 56
29 11 100
30 71 71
53 9 40
64 49 29
31 49 38
62 67 70
72 54 35
69 13 32
4 31 93
48 65 78
50 24 80
56 71 51
55 28 7
56 31 15
81 46 34
13 53 4
48 66 13
73 76 17
49 58 28
28 85 39
40 77 62
44 57 32
54 11 79
81 33 82
73 21 11
34 82 14
78 86 17
9 84 49
13 23 5
25 85 30
28 62 30
75 31 43
52 14 90
35 36 36
43 13 5
4 63 37
54 18 99
45 26 70
82 65 54
75 54 18
1 69 59
26 62 59
55 47 72
45 13 88
73 77 46
2 10 75
26 20 65
1 24 1
31 8 44
69 11 11
48 71 40
37 51 29
61 71 96
10 1 22
28 52 16
41 71 44
83 62 87
16 84 93
40 3 53
54 48 17
69 67 29
18 81 36
10 20 36
56 66 74
77 58 85
75 48 5
80 45 75
50 38 73
42 57 21
2 59 89
47 22 60
29 69 23
38 86 85
41 21 100
77 34 24
63 62 33
60 73 83
86 54 96
40 13 81
3 1 48
19 62 54
2 75 25
44 29 34
62 23 14
1 82 77
72 44 68
39 19 69
30 67 70
42 49 58
49 6 11
60 57 60
71 49 55
35 9 90
54 31 9
60 51 89
87 30 27
60 26 48
21 66 43
15 81 21
18 1 46
20 81 34
1 46 71
19 6 85
28 63 5
56 77 51
17 8 88
83 10 90
2 48 96
84 30 80
38 49 35
28 49 61
51 62 84
9 25 19
56 14 26
13 33 82
20 17 54
24 21 44
75 71 18
9 56 38
84 60 66
16 28 100
17 62 92
36 51 58
77 62 95
76 7 31
55 15 82
58 50 46
41 14 46
12 2 23
26 32 61
45 66 43
59 76 66
42 67 87
0 32 20
20 32 45
0 9 37
5 37 31
20 60 64
0 17 47
19 26 75
66 38 76
38 54 68
41 65 58
41 13 64
21 36 50
85 68 74
33 53 56
47 51 61
54 15 93
60 82 60
83 14 46
73 55 60
39 81 32
57 15 47
66 13 62
76 43 27
24 61 78
8 53 93
70 15 100
27 8 32
45 0 21
49 20 98
15 39 77
17 34 31
14 50 66
47 69 57
59 50 41
14 31 42
51 22 4
0 66 48
27 83 93
0 67 60
73 40 9
30 4 30
39 26 60
12 78 49
71 11 66
36 14 24
19 50 7
30 12 59
62 45 5
7 70 5
63 3 69
1 81 65
59 13 27
15 50 35
49 62 80
45 77 62
24 56 49
82 17 13
64 55 15
84 26 56
45 24 69
70 5 18
43 32 3
17 25 80
68 50 50
18 22 30
52 10 86
36 81 51
10 38 9
33 51 30
17 55 38
12 42 64
24 14 12
27 78 98
2 66 20
87 46 86
61 37 85
28 76 9
55 68 93
87 37 99
77 86 14
5 72 1
19 23 36
71 82 70
79 72 38
53 55 53
74 2 72
29 77 54
59 43 57
3 32 40
38 27 13
77 71 88
62 79 37
36 10 11
21 27 91
43 55 85
70 13 97
47 79 80
2 1 36
67 33 69
78 35 92
13 80 24
59 54 5
19 42 10
17 18 63
81 82 24
20 78 54
29 78 59
69 51 82
80 37 70
2 20 28
15 60 47
74 71 6
71 47 100
41 23 99
52 80 6
65 85 16
84 74 56
64 81 1
37 38 55
51 75 13
62 6 80
23 54 53
47 21 15
26 69 16
40 29 87
47 40 62
28 65 7
15 7 13
80 12 83
5 27 52
50 79 40
25 20 74
19 5 67
82 14 44
14 10 41
15 4 94
70 20 27
37 81 2
48 37 74
45 60 28
33 66 54
72 68 71
59 28 60
63 72 18
30 86 55
21 16 38
7 67 36
37 31 72
64 44 4
65 6 59
63 61 99
42 28 99
31 63 33
45 68 49
72 73 66
58 14 83
34 49 80
6 84 56
24 27 76
44 82 20
57 0 97
19 58 46
48 69 3
66 55 89
29 33 62
11 72 54
71 72 17
67 27 21
4 85 74
47 11 10
16 35 19
87 51 42
80 71 61
18 5 45
6 28 56
0 51 16
46 21 19
82 37 82
11 79 60
29 16 46
36 87 55
27 13 4
35 26 61
51 49 90
20 66 83
40 46 34
81 50 99
27 32 47
84 8 89
11 44 29
35 61 5
74 80 61
9 39 3
34 72 65
67 59 92
51 48 99
86 67 32
11 56 2
35 81 100
48 73 57
18 80 43
39 22 31
10 42 59
9 7 26
39 16 92
18 39 88
65 63 98
35 0 23
83 76 70
5 84 57
65 11 2
11 60 87
54 20 56
86 40 46
67 12 9
39 61 92
28 9 1
74 38 96
6 2 54
16 59 43
24 84 94
67 75 43
55 10 37
30 36 20
0 53 7
38 23 48
26 51 71
15 62 11
36 32 80
24 69 80
16 55 38
6 30 8
41 61 76
24 76 53
17 36 98
81 8 80
13 72 31
45 19 20
75 24 38
42 79 68
22 20 63
43 73 48
30 44 85
7 35 40
67 79 99
21 8 34
48 78 28
74 50 24
28 70 43
74 27 36
35 45 56
60 37 28
14 32 11
65 44 39
69 40 1
42 63 17
45 32 81
11 23 37
85 16 26
54 73 32
4 65 19
61 17 11
31 0 72
53 59 1
34 86 48
40 4 5
18 50 83
54 67 43
23 61 17
3 8 4
43 35 53
63 8 33
8 77 20
25 60 98
36 72 91
66 63 66
49 35 7
42 66 87
72 62 29
43 8 9
87 33 11
75 26 69
51 19 22
78 87 1
57 41 14
1 47 9
13 57 51
80 38 60
23 26 48
82 28 24
6 39 36
13 54 53
14 74 67
4 87 53
9 83 97
48 46 77
56 36 37
68 87 52
66 27 84
68 3 97
66 80 41
85 17 2
8 71 87
0 12 38
32 12 27
73 24 49
52 51 17
3 78 52
19 12 37
12 71 94
65 0 77
38 1 2
79 57 100
3 20 6
42 1 26
86 47 63
25 11 11
14 75 48
12 63 60
27 36 64
7 12 6
20 28 57
53 72 62
41 19 88
58 80 93
37 11 63
6 80 13
52 0 61
17 37 26
63 71 22
62 7 61
43 0 32
75 10 40
48 72 39
3 84 23
82 48 54
3 23 91
25 32 64
14 65 50
83 3 6
41 54 15
31 11 44
27 39 35
19 59 54
68 69 80
36 20 48
76 53 91
7 69 59
68 28 80
30 83 98
83 59 37
87 27 10
20 51 60
50 2 100
70 52 45
6 56 28
58 35 28
2 55 46
77 39 51
77 55 58
61 29 21
24 43 36
57 1 39
80 60 14
39 69 18
84 27 5
73 27 58
15 77 31
37 36 43
32 41 82
23 72 15
47 32 49
14 29 68
77 50 2
9 71 76
56 41 70
0 27 35
78 23 31
68 31 21
75 52 81
47 52 33
35 38 60
40 10 2
72 15 63
48 68 2
46 23 21
22 87 91
43 27 85
44 58 77
17 43 96
69 70 53
73 59 34
19 68 20
76 46 89
45 7 73
6 70 94
57 71 15
17 42 94
57 64 53
48 45 3
70 71 51
58 32 93
47 33 6
56 35 58
20 48 47
40 62 59
11 86 21
5 39 21
19 78 42
83 79 54
66 82 37
29 12 22
35 85 24
30 85 57
52 44 21
38 47 58
82 32 6
56 63 54
45 81 94
50 85 20
83 84 54
64 1 31
59 23 98
35 69 14
76 68 80
43 56 54
52 11 58
45 52 94
43 26 89
57 81 15
38 24 50
32 17 20
76 6 61
69 33 99
21 57 37
56 40 55
43 50 75
67 48 86
48 0 64
75 20 97
46 33 54
85 54 40
40 39 71
46 56 85
83 47 84
47 8 87
23 35 43
74 73 49
12 3 67
64 33 83
75 11 30
58 40 63
38 68 17
65 13 32
64 78 15
13 61 59
21 19 96
64 25 92
79 24 80
6 72 92
27 49 28
4 46 23
17 65 30
77 72 42
31 71 36
56 60 60
0 38 53
37 56 32
38 39 15
22 71 47
52 29 85
45 59 5
22 10 51
34 40 96
57 3 21
66 9 12
22 82 15
7 53 2
56 38 27
34 12 23
69 73 68
79 49 10
68 34 80
16 0 14
3 55 90
79 16 61
77 59 29
60 50 3
43 37 91
60 75 53
0 44 48
84 31 19
44 22 4
36 86 49
35 75 24
85 22 8
43 74 34
35 39 85
2 5 9
34 32 20
65 33 1
11 73 39
81 44 62
69 72 44
51 24 28
53 45 7
56 45 24
47 80 68
74 63 41
77 57 57
1 25 65
51 14 90
84 45 69
41 7 1
30 70 17
77 49 40
38 26 22
50 65 60
14 70 23
10 87 28
71 59 1
70 82 34
65 25 1
18 27 40
65 64 43
54 35 91
64 66 25
83 26 8
18 42 20
23 86 79
74 81 81
86 24 31
16 86 25
39 64 81
0 26 46
21 84 34
12 13 59
56 13 80
48 13 6
79 0 62
21 35 19
85 27 43
47 39 92
66 25 100
40 76 75
68 82 20
31 78 35
10 16 39
26 78 20
37 29 36
55 83 48
81 69 11
84 73 21
41 17 75
12 18 42
40 27 5
4 12 77
5 34 99
70 75 80
36 2 10
50 22 28
36 3 2
12 10 89
3 76 20
57 29 95
47 28 47
47 7 83
65 73 99
20 63 84
24 30 51
70 65 65
14 63 100
52 77 24
73 79 33
74 54 93
33 22 11
65 56 53
53 18 74
67 1 39
82 25 58
61 58 93
53 27 97
79 53 16
15 73 74
64 51 21
23 21 92
49 61 73
46 69 10
31 29 48
23 65 28
77 61 89
68 10 42
24 81 7
44 41 33
1 43 10
32 69 21
34 62 32
26 87 57
30 55 44
33 40 65
49 3 21
52 61 21
2 19 71
1 29 20
46 82 32
47 45 60
52 32 93
87 64 77
34 38 4
34 13 71
18 67 78
73 63 67
4 86 48
7 2 76
66 50 95
45 20 30
43 30 85
80 34 88
63 15 32
73 87 86
21 59 46
57 83 54
0 23 32
30 77 74
68 47 94
42 3 13
30 52 90
37 16 28
68 2 95
34 9 93
50 51 35
11 9 5
70 77 55
14 76 65
64 8 17
10 69 38
7 79 29
46 64 26
49 29 46
35 29 72
86 76 64
58 82 77
47 12 34
25 74 3
83 33 88
12 64 66
42 20 90
77 41 31
57 47 26
32 42 43
20 6 47
69 66 17
45 31 33
83 15 100
60 31 56
51 31 90
86 85 76
3 75 75
65 54 14
10 59 62
34 29 92
38 30 37
78 61 99
16 31 56
7 19 27
28 7 73
0 6 53
51 80 28
32 16 99
60 59 84
10 7 11
58 72 49
72 70 3
31 13 25
44 6 67
50 39 59
70 45 81
37 52 78
4 42 34
16 47 12
14 25 10
46 13 28
38 57 39
54 12 41
75 32 1
10 9 39
59 51 37
78 59 32
32 8 57
41 59 71
35 72 40
57 68 85
86 35 47
78 62 1
46 24 26
56 68 41
32 83 96
29 7 16
5 22 1
25 58 19
35 71 7
10 49 52
43 36 66
5 54 30
9 54 50
31 69 72
7 11 94
71 4 94
78 39 75
57 46 53
61 15 76
20 13 29
64 41 6
28 24 68
46 83 16
18 41 94
68 74 10
76 4 65
71 27 17
21 81 35
51 40 10
62 30 58
35 44 36
34 43 40
43 53 82
39 57 80
30 37 93
78 33 24
12 52 34
71 33 91
59 33 65
63 83 56
57 62 52
52 67 62
83 20 78
86 17 87
23 9 61
87 54 81
62 41 87
48 84 89
50 0 36
69 86 46
24 9 60
44 83 70
60 13 61
37 25 43
63 50 47
83 64 35
7 31 53
68 65 95
79 10 93
9 58 77
82 80 55
28 53 38
18 26 10
80 30 94
6 68 58
21 79 4
15 33 89
46 86 91
67 60 82
70 44 6
8 49 40
55 54 24
18 10 42
83 60 8
67 37 37
76 70 70
61 53 61
68 83 6
84 29 80
75 49 36
56 80 23
66 34 78
3 41 42
69 45 83
26 74 62
13 86 84
6 1 19
60 34 98
75 33 17
53 52 15
67 53 1
10 84 69
68 66 73
27 16 71
31 70 96
74 19 99
10 44 75
40 64 54
3 62 94
85 64 86
85 48 43
66 39 71
6 21 29
7 86 92
21 34 7
17 21 37
52 72 60
70 40 3
72 33 64
24 40 79
55 71 91
30 35 62
71 53 85
39 48 76
78 16 7
20 61 89
32 87 4
8 23 90
55 48 8
61 66 61
37 50 54
63 29 75
82 84 33
4 54 11
82 83 87
44 40 26
1 0 38
17 30 32
48 53 12
77 79 94
2 60 54
62 21 6
55 6 35
38 83 24
56 55 54
47 34 48
22 40 24
38 16 65
38 29 37
37 66 39
38 76 31
77 35 68
16 14 96
57 8 1
86 20 12
35 18 99
60 1 44
84 85 70
33 1 65
67 6 37
86 43 99
0 41 100
13 10 75
43 44 55
44 48 75
28 38 23
52 13 80
79 84 8
8 4 12
77 80 100
13 36 76
82 38 97
45 86 53
68 20 70
8 33 39
6 71 61
11 68 72
51 72 66
11 50 3
20 40 82
65 66 34
22 61 11
31 85 65
12 27 91
47 70 98
75 55 51
75 12 53
20 29 77
2 35 13
42 72 85
34 7 5
48 35 17
50 13 82
32 59 60
15 1 32
57 24 17
82 55 18
62 27 95
45 50 88
53 62 8
56 67 97
37 70 50
15 56 8
28 77 98
15 84 46
35 67 18
59 80 41
74 65 68
36 15 98
81 67 77
49 50 73
19 8 28
75 28 6
62 4 78
66 49 61
47 30 90
38 20 19
40 21 93
14 59 33
39 79 12
37 7 19
64 37 63
25 10 60
16 51 56
85 3 23
73 82 71
5 83 93
66 52 89
30 5 90
12 77 86
77 5 82
2 3 51
15 9 35
20 35 83
26 72 93
53 12 64
19 11 78
53 86 9
25 77 81
9 31 41
74 59 57
38 69 10
84 32 99
80 2 93
30 25 27
6 36 94
6 4 14
55 72 33
58 11 13
61 70 3
74 79 83
5 62 69
87 19 76
79 31 50
64 3 87
21 77 75
13 83 12
46 15 31
35 80 90
7 84 74
47 24 18
19 57 38
50 62 59
1 22 36
45 4 93
27 79 41
75 34 24
15 31 93
56 44 92
46 79 89
75 8 1
36 83 91
43 3 55
26 57 4
37 3 85
63 19 96
59 65 49
22 56 69
6 42 23
77 53 6
18 45 18
65 55 74
5 11 16
15 59 73
13 9 69
0 21 10
31 42 85
41 9 73
42 83 92
37 73 10
84 1 25
7 49 45
68 60 81
22 31 59
81 30 11
61 2 66
4 60 52
26 50 20
47 49 52
45 12 53
48 52 94
50 29 35
82 15 59
79 69 74
83 35 20
32 81 90
19 85 43
39 20 34
42 34 18
44 47 45
62 36 61
20 80 13
14 18 69
53 46 3
73 8 89
65 84 52
31 87 86
27 20 83
8 16 62
57 78 16
42 38 59
45 79 74
9 73 2
42 77 11
7 33 68
38 65 85
61 45 98
39 14 78
0 18 46
28 58 20
46 60 41
19 4 66
62 74 6
67 2 90
18 58 58
77 54 48
41 76 42
68 54 52
25 2 52
66 51 84
46 31 97
28 81 11
57 74 51
29 3 60
51 78 97
36 49 53
55 81 29
42 85 4
52 34 11
58 26 19
59 22 54
46 38 14
19 43 2
54 71 26
58 67 24
78 75 5
72 41 56
40 18 16
77 36 30
23 47 87
36 66 23
55 41 3
86 75 90
57 53 1
43 40 90
11 57 49
87 62 45
77 33 58
35 51 98
18 33 39
1 19 20
22 80 75
23 51 67
3 79 95
18 43 97
69 71 90
81 9 68
48 74 85
28 13 69
72 65 82
67 4 99
21 38 20
77 14 74
7 5 85
79 12 73
21 50 88
25 35 85
77 1 14
61 86 30
72 83 6
12 84 9
51 68 16
5 69 1
24 5 5
0 33 95
23 30 92
4 81 44
16 67 84
61 44 63
3 10 72
5 26 50
74 13 68
44 20 6
1 45 76
14 80 74
41 47 61
78 24 70
54 29 64
83 22 6
31 18 66
65 52 71
81 62 16
19 9 93
40 72 32
74 39 4
82 12 69
56 0 71
54 76 5
40 60 54
41 34 17
5 60 9
52 6 67
36 53 58
31 34 30
48 23 59
46 12 19
20 5 72
17 6 32
45 37 92
85 73 33
45 3 17
79 37 29
80 67 23
45 65 82
81 78 70
7 50 34
31 30 30
71 20 27
41 49 13
22 11 17
53 50 32
68 12 5
65 36 80
40 36 76
73 28 52
66 40 52
61 40 77
46 10 88
15 6 84
47 15 24
77 78 78
42 52 81
52 73 87
25 7 24
64 34 13
15 26 49
34 54 13
36 48 32
82 11 87
55 8 43
39 25 83
4 50 21
9 32 12
37 62 56
49 21 68
18 11 47
44 25 1
50 6 90
74 16 62
75 59 25
28 10 77
50 56 18
21 25 48
49 85 69
58 38 30
56 20 72
58 16 51
87 85 98
4 73 75
44 5 99
17 56 85
46 28 76
10 61 12
45 2 60
27 68 4
34 78 14
64 68 5
79 43 53
30 74 28
38 19 11
79 82 5
29 45 73
30 26 74
71 3 1
6 78 6
66 10 95
57 33 2
68 22 32
12 73 64
2 0 25
5 14 27
36 63 76
32 48 40
86 64 13
86 71 12
80 53 56
64 10 59
4 17 100
81 79 2
2 46 73
72 7 3
52 79 3
19 56 5
44 85 24
40 31 13
54 70 1
60 22 25
68 33 88
45 11 41
1 14 64
14 72 22
35 59 17
34 3 88
51 29 100
87 29 8
33 34 59
40 54 51
20 16 25
66 81 86
51 8 92
79 4 70
61 14 74
47 27 22
45 87 57
8 83 73
48 4 38
56 86 63
48 86 71
64 32 57
49 32 12
54 81 18
83 1 48
46 6 87
46 77 36
16 5 99
17 49 59
85 21 88
52 38 68
84 42 24
85 41 61
55 5 95
28 17 96
75 43 2
30 10 73
81 19 84
45 54 55
28 22 63
31 65 5
25 5 2
74 70 44
34 35 6
87 55 22
73 45 81
10 50 12
24 2 51
56 12 28
18 66 26
49 76 39
15 17 57
62 64 27
25 70 3
13 22 77
63 81 67
46 50 24
29 66 62
76 71 78
76 52 59
63 44 66
19 69 79
9 42 15
30 66 4
58 5 70
56 78 21
6 41 85
72 60 59
19 29 90
14 55 16
2 73 69
14 30 73
7 87 22
73 58 46
44 38 94
21 64 73
84 57 83
1 63 68
48 50 65
79 61 96
66 19 83
16 15 65
85 2 47
68 16 43
52 7 3
58 12 58
31 19 90
5 43 74
11 24 29
47 0 11
19 60 95
51 11 38
34 51 73
43 60 65
85 47 77
70 57 62
36 12 13
66 28 35
66 14 68
24 20 96
2 77 74
10 35 85
70 87 76
21 48 20
16 4 32
37 54 37
31 57 93
36 16 18
23 77 35
5 86 58
57 22 20
70 60 16
8 2 20
75 22 64
84 68 85
68 7 94
0 86 95
6 85 85
42 0 79
36 5 8
60 3 23
77 13 48
73 26 66
73 17 41
22 43 81
39 0 59
33 30 29
81 22 18
38 59 88
76 61 65
29 21 3
13 17 23
56 69 86
85 75 25
9 29 95
36 34 96
42 27 24
60 53 85
23 39 50
54 24 31
37 22 37
85 26 66
54 16 54
5 51 24
83 21 55
25 26 40
6 73 88
76 8 68
24 16 76
75 0 49
51 39 7
20 65 2
31 2 71
56 28 63
53 37 59
24 42 77
33 2 23
63 6 66
10 81 39
4 74 93
72 47 91
87 71 68
9 2 36
84 51 27
59 68 37
80 33 66
31 41 83
0 36 78
9 77 44
12 85 76
65 7 18
65 22 68
43 80 42
54 64 20
14 67 36
37 18 61
43 29 37
49 45 56
4 2 10
25 19 44
30 42 74
33 41 4
20 64 97
86 25 79
32 56 24
26 7 40
37 75 23
18 25 13
53 22 62
36 58 57
26 80 30
28 84 49
75 39 62
59 1 32
27 4 42
29 26 87
61 16 9
59 36 8
42 80 70
19 44 73
25 36 57
21 20 81
67 34 38
47 63 82
18 13 19
43 9 33
17 51 5
15 71 45
4 61 55
58 7 4
1 34 87
45 9 39
57 5 99
15 45 42
24 52 95
29 46 48
35 17 73
33 84 69
15 40 40
17 63 31
6 22 8
74 9 8
24 23 17
1 73 91
2 57 60
73 70 75
50 25 93
0 72 86
14 49 31
79 86 100
72 85 26
15 34 18
39 24 81
5 47 35
83 17 56
77 85 26
77 16 52
66 53 67
83 12 66
25 33 94
35 24 99
6 66 15
45 51 88
10 76 59
38 67 78
35 55 34
51 77 55
32 71 3
19 61 96
21 58 68
33 45 84
62 73 75
87 5 4
57 87 24
65 37 86
76 34 99
70 19 80
81 65 58
34 44 51
38 41 18
14 62 20
82 45 30
42 46 57
9 59 33
86 68 33
25 46 55
75 4 65
74 58 95
70 50 42
10 70 2
27 51 44
27 37 23
17 80 94
54 8 83
16 83 58
22 38 44
29 82 8
66 86 47
57 56 21
33 58 55
48 8 96
67 61 75
75 72 48
81 70 33
56 48 10
51 12 81
37 68 5
40 30 91
83 6 24
55 23 59
59 4 68
48 12 52
44 16 76
8 25 90
51 67 85
13 87 18
85 29 59
71 46 86
54 2 42
76 87 79
80 44 55
66 62 100
10 27 54
24 85 38
14 38 99
42 45 47
54 46 99
36 84 51
1 87 2
58 85 79
46 68 43
14 37 98
49 26 25
12 26 47
86 8 67
52 35 69
41 4 88
77 32 43
27 26 17
37 63 59
6 33 20
5 35 25
17 68 87
28 18 84
45 17 6
63 51 36
44 28 31
69 78 80
31 33 54
4 3 9
32 39 96
24 10 68
34 20 88
54 69 67
80 31 84
52 33 29
69 55 83
37 86 47
6 75 46
82 20 75
40 50 79
4 26 42
12 17 33
15 74 12
84 67 32
62 11 55
66 1 73
52 15 26
42 14 48
41 58 78
62 42 85
80 62 62
19 67 99
83 73 6
57 51 82
86 70 27
30 72 10
22 86 35
12 1 22
58 79 88
10 63 2
79 59 86
64 45 15
41 60 4
71 38 15
63 79 28
44 21 78
0 19 5
47 67 94
72 74 53
85 1 10
52 60 62
4 70 32
86 3 6
80 25 3
58 2 51
20 53 75
42 86 24
40 84 4
55 49 12
45 5 50
20 73 14
56 72 45
65 51 23
22 70 22
18 72 92
41 42 64
46 80 97
85 52 76
2 32 66
27 86 91
82 76 27
70 8 8
58 78 99
82 2 77
28 61 45
56 73 38
62 8 38
69 6 76
30 50 27
13 82 14
18 79 69
81 7 82
11 53 71
40 26 77
74 31 18
4 39 54
69 64 97
61 30 54
29 68 58
42 58 49
85 78 100
13 76 7
65 1 45
66 74 45
15 25 62
33 55 88
64 26 46
42 22 84
36 26 60
52 49 51
73 0 43
16 11 38
82 52 46
61 36 81
22 67 36
41 68 98
37 20 51
61 21 4
38 40 86
82 5 20
70 58 60
72 49 97
14 43 50
20 74 31
84 52 90
57 48 92
3 16 36
46 58 96
70 46 17
64 60 10
3 31 27
82 42 33
39 53 58
34 84 26
4 37 93
34 65 57
80 0 6
41 84 29
79 85 71
10 8 91
6 54 64
15 69 53
86 51 59
51 38 100
69 42 83
54 19 14
57 85 41
84 71 34
37 57 15
31 39 3
76 81 49
83 75 37
6 40 55
55 13 73
29 75 83
25 45 55
29 53 17
39 36 24
60 23 24
14 48 51
47 61 83
11 10 10
62 38 24
9 57 22
78 13 71
59 6 91
54 58 13
57 55 76
71 17 3
42 23 90
86 19 44
62 20 75
62 55 12
7 8 49
64 70 63
50 84 41
40 0 10
57 18 96
14 17 40
39 45 99
2 71 42
4 64 7
12 57 58
50 55 62
84 70 55
4 28 74
18 71 48
36 19 68
67 31 23
1 7 96
2 87 21
60 36 86
85 69 38
14 0 94
55 79 8
12 76 53
44 67 56
21 71 7
13 39 11
34 0 18
9 51 64
82 23 93
61 82 57
26 10 7
27 75 23
20 19 5
12 86 28
7 20 38
58 60 80
2 44 6
6 38 77
21 63 67
17 67 89
82 74 25
53 3 9
8 72 18
70 18 33
34 45 80
34 83 36
29 8 19
66 60 14
24 83 31
20 79 100
26 42 99
70 2 41
41 20 25
24 31 88
41 69 37
34 70 46
15 30 86
45 63 74
64 35 63
44 13 79
46 78 23
40 5 65
22 54 70
71 67 20
22 41 69
77 65 92
31 6 80
51 56 57
73 57 10
25 12 54
15 44 58
29 55 57
70 12 4
67 9 99
30 32 11
49 86 41
68 0 74
15 10 9
22 21 48
66 7 37
40 35 36
68 49 21
63 25 63
3 82 78
68 77 46
74 78 62
60 17 61
59 8 91
47 77 44
67 65 30
1 71 40
31 35 83
36 1 52
41 5 5
31 44 31
2 17 14
16 82 91
9 37 60
12 39 92
26 55 78
37 12 87
26 59 95
31 59 85
64 61 40
74 46 45
59 25 74
19 82 83
25 34 28
37 58 82
12 6 17
78 63 41
71 5 71
78 32 92
8 37 33
64 43 70
85 53 42
64 80 54
59 42 63
11 2 27
63 18 72
64 50 66
65 46 32
38 9 4
4 66 58
75 23 21
25 55 24
65 9 68
18 61 47
63 55 61
39 71 82
3 56 61
36 8 9
75 53 65
15 48 91
21 80 2
14 79 30
72 43 76
36 70 25
5 15 72
84 81 2
59 17 49
61 3 32
27 64 11
27 22 38
58 43 58
58 69 22
36 64 31
9 12 84
51 53 14
79 35 10
4 80 87
25 23 18
58 24 25
25 49 34
54 28 92
63 67 12
20 52 57
65 71 67
43 38 100
5 10 17
85 55 65
87 74 88
10 67 80
49 39 52
6 3 87
59 56 94
68 71 91
85 67 11
50 35 27
27 35 35
60 35 29
70 79 25
55 7 80
61 31 60
37 47 59
37 69 25
16 17 86
35 14 37
6 34 10
87 17 81
44 36 64
55 11 27
16 60 60
77 83 72
62 58 28
64 76 70
28 26 69
26 9 87
83 4 95
32 11 73
60 8 22
28 39 23
48 9 32
56 74 68
44 75 2
68 40 28
5 76 76
24 33 82
71 79 23
73 38 29
40 19 70
65 76 87
29 13 38
37 74 66
8 42 75
84 47 25
5 78 69
24 13 55
15 79 43
56 87 6
8 6 97
56 1 77
36 78 54
11 70 20
1 35 54
85 20 43
39 70 92
5 52 93
83 80 63
37 32 68
82 67 41
3 5 24
19 3 45
25 48 19
23 1 80
19 76 21
0 25 49
80 29 31
48 17 25
42 40 57
40 25 94
59 48 34
29 28 30
66 12 96
41 70 8
31 21 77
42 50 3
14 21 34
42 47 78
82 72 56
63 27 99
69 61 62
51 42 31
62 70 15
86 41 39
26 71 46
43 20 35
4 0 51
24 34 49
63 58 52
32 60 73
82 31 53
18 87 14
5 68 39
70 83 31
17 47 72
57 27 6
71 42 89
10 51 91
61 85 68
71 73 91
39 44 37
7 4 34
56 42 43
85 38 48
23 10 23
80 61 68
35 82 43
83 39 77
78 21 68
87 38 29
27 1 4
83 28 93
49 73 88
48 11 23
73 68 62
28 43 56
46 5 35
72 20 49
76 72 8
18 3 54
57 34 1
34 39 92
72 46 76
9 80 97
63 85 91
34 18 49
32 54 87
17 31 82
40 81 24
22 34 3
19 37 39
58 83 60
86 63 8
66 59 77
59 69 65
56 76 87
38 17 91
66 17 75
9 49 74
20 46 14
23 7 76
61 83 43
49 19 37
66 5 70
5 64 48
42 43 15
22 49 78
17 72 1
5 29 74
46 47 75
7 6 67
85 18 72
18 75 17
27 44 37
80 81 1
13 32 89
34 30 22
87 69 80
13 49 92
58 30 29
76 27 70
11 63 21
33 79 94
3 11 35
73 51 73
35 13 26
23 56 50
0 29 86
48 34 2
4 22 55
50 17 63
52 54 86
58 10 89
55 1 96
57 23 19
66 83 70
81 16 1
73 29 96
39 42 22
69 83 31
37 35 30
83 65 42
29 47 99
13 7 85
23 18 65
64 28 30
11 84 84
8 15 87
70 66 51
61 68 57
53 47 59
83 49 51
87 60 24
45 23 3
19 33 85
65 79 68
17 26 37
33 11 87
3 46 46
83 51 21
66 85 28
23 85 62
74 51 18
72 2 82
24 19 83
33 38 75
25 76 15
29 39 53
66 73 42
36 11 27
7 21 2
3 35 88
53 34 68
5 23 28
16 18 95
15 22 37
45 28 87
29 67 44
78 83 2
24 0 47
47 10 85
46 35 52
54 78 42
37 39 29
80 41 57
62 76 68
70 56 67
61 65 84
60 14 4
19 35 42
52 71 34
40 12 100
11 74 68
63 39 58
78 37 48
24 82 45
80 50 63
59 52 67
55 22 6
44 71 52
13 16 30
43 21 55
57 25 9
56 39 5
31 38 95
68 15 8
28 25 35
52 83 49
55 4 32
48 61 15
70 55 59
23 16 22
23 43 2
12 72 39
87 82 75
5 8 1
69 30 55
23 37 19
26 13 91
64 53 30
38 75 100
19 13 28
30 51 17
19 55 57
52 1 75
39 55 62
42 37 60
30 0 17
78 68 83
46 0 59
8 78 7
11 27 66
31 28 72
2 22 7
67 28 51
22 66 1
22 23 18
40 55 81
23 71 91
6 35 75
0 70 26
71 25 85
74 85 56
1 80 20
46 85 59
36 85 6
41 66 51
87 84 75
64 6 69
40 49 61
41 40 89
53 42 35
71 7 9
59 87 89
51 82 62
20 59 95
69 82 7
4 51 86
8 38 70
41 29 12
20 0 87
32 23 36
46 63 55
44 7 74
84 76 21
53 21 96
70 21 63
75 58 88
18 74 54
12 74 45
1 76 100
16 57 8
67 68 10
27 41 2
22 84 93
7 17 20
78 52 28
80 76 28
59 55 71
87 14 77
47 35 89
60 79 11
55 24 85
24 6 51
51 81 13
84 72 73
78 25 46
28 12 40
46 14 92
83 86 80
27 6 37
51 32 7
60 9 68
10 57 16
78 18 55
78 60 27
59 27 29
15 11 53
44 69 39
11 0 27
53 25 39
78 40 69
32 35 49
62 31 80
25 22 27
16 2 83
12 61 87
76 31 36
51 76 40
61 62 63
14 57 75
34 85 88
21 1 7
34 79 87
33 73 91
12 16 33
77 38 97
55 38 72
84 86 39
55 84 70
44 53 43
38 64 8
40 16 35
46 62 37
27 69 32
42 5 35
60 6 76
87 15 31
66 8 15
19 71 92
84 61 33
7 14 35
57 6 35
79 56 58
9 79 29
64 59 67
0 54 66
48 81 99
87 34 13
21 52 6
24 72 2
46 32 15
53 58 27
15 64 51
63 54 6
70 3 87
34 27 8
31 36 2
47 31 35
73 19 12
0 64 27
58 27 31
8 34 38
57 43 46
73 30 78
12 41 27
50 44 97
72 10 23
43 77 61
77 10 39
5 0 12
45 8 3
75 5 24
84 53 59
26 2 51
42 73 33
34 19 44
57 40 26
40 45 66
18 48 22
3 65 38
61 5 8
45 22 46
30 20 3
69 22 66
19 14 77
11 1 57
76 11 60
12 31 64
36 29 20
65 60 42
71 66 15
76 42 76
48 16 77
79 19 43
20 1 42
86 14 62
6 58 35
22 3 12
11 26 62
79 25 83
28 23 12
74 24 20
21 55 9
27 77 44
52 19 82
47 78 80
46 7 33
1 39 77
84 13 95
50 27 80
74 35 97
2 13 2
54 62 96
64 14 84
54 14 56
73 41 37
50 83 47
56 83 76
18 46 8
80 16 74
24 7 75
16 64 41
66 24 93
80 65 39
0 3 9
41 28 30
58 4 99
31 52 49
65 19 16
73 25 89
11 46 35
12 43 5
76 39 24
48 29 60
34 46 78
87 8 48
22 62 1
52 41 86
64 18 71
10 31 72
56 61 90
60 12 23
57 4 56
64 84 95
65 18 27
53 73 1
52 64 97
85 70 18
14 45 80
10 19 40
67 15 46
33 35 48
79 36 58
59 72 84
86 87 64
38 12 22
75 68 60
44 49 56
6 10 52
41 35 84
79 23 49
55 61 17
3 74 87
43 67 55
14 68 83
29 65 4
49 16 79
56 5 45
82 56 60
2 78 78
82 10 7
87 47 37
53 49 66
19 46 65
67 3 8
45 16 49
43 39 87
54 57 38
48 80 76
3 48 84
48 30 87
69 77 29
29 15 85
84 35 69
72 1 19
23 2 14
86 10 34
11 6 1
73 5 6
27 72 45
75 9 57
29 56 64
46 22 95
54 33 40
16 66 91
48 79 83
83 85 19
5 32 11
69 49 96
49 56 68
65 24 78
11 43 25
70 42 38
8 26 55
58 1 94
39 59 15
67 23 97
37 1 78
53 16 77
82 64 44
70 9 49
70 27 88
76 47 83
14 11 40
21 2 34
16 69 64
61 57 7
76 57 63
63 30 49
10 29 3
24 77 19
18 30 35
15 35 1
23 15 13
73 61 87
76 78 7
39 8 3
29 2 93
47 13 24
72 3 75
0 8 99
60 0 60
21 75 73
80 40 28
22 24 23
36 55 82
68 9 47
16 65 42
7 82 41
61 34 73
68 32 53
86 6 55
23 12 12
22 72 16
86 62 89
39 82 70
27 33 98
80 63 72
18 44 77
26 52 78
6 48 52
39 54 88
78 42 88
38 70 56
11 17 78
41 26 23
38 18 5
43 83 61
59 49 18
70 80 63
83 11 20
81 42 55
49 37 95
32 15 7
32 73 47
5 79 75
57 65 81
37 21 67
67 26 39
54 30 44
85 13 35
61 33 74
69 21 10
82 9 5
32 62 17
72 57 29
77 66 41
21 42 88
67 20 44
8 58 15
50 71 87
21 30 93
64 79 1
34 73 82
9 16 56
75 66 66
12 33 81
4 49 92
65 5 87
73 80 97
18 77 9
13 37 36
41 46 61
65 35 35
18 52 78
33 14 87
79 41 55
40 32 58
38 5 5
32 55 80
52 8 100
5 4 100
27 82 31
45 76 52
79 30 96
3 77 40
67 64 77
78 65 44
58 86 79
77 44 70
52 36 88
6 51 45
61 9 25
11 40 56
28 86 32
68 13 39
42 75 66
80 27 15
47 2 69
53 1 52
61 50 96
84 43 38
62 82 56
3 13 31
68 1 57
44 12 55
63 60 4
72 39 71
83 29 40
40 48 40
86 26 9
1 50 86
13 64 54
33 48 42
46 30 71
32 29 99
57 28 35
79 26 9
34 16 6
25 54 84
23 20 39
69 75 26
76 44 66
38 53 62
63 77 11
11 20 22
40 74 71
33 62 8
61 59 26
74 28 29
22 14 18
6 47 88
57 7 71
69 74 29
46 61 33
77 11 95
79 87 53
47 26 10
57 50 64
21 5 35
56 7 63
58 34 52
56 85 44
56 10 32
65 69 88
7 32 50
13 4 8
25 52 32
46 44 3
33 39 56
74 10 36
71 45 84
72 25 60
16 62 40
44 42 17
42 15 94
17 52 71
85 10 46
42 2 88
35 28 72
43 41 65
18 29 11
21 87 37
9 72 69
18 68 14
17 84 76
1 51 50
44 68 99
2 41 56
25 42 71
74 17 99
32 10 38
32 22 29
65 47 73
61 1 99
21 26 39
38 25 71
70 26 94
68 23 83
14 8 69
62 43 8
32 86 24
79 28 55
37 44 53
79 66 54
15 41 50
36 46 57
65 40 34
65 8 41
53 32 49
36 38 95
78 71 41
36 33 88
68 53 36
51 46 53
51 25 14
23 80 79
22 12 1
76 15 88
61 0 17
53 35 27
10 78 56
71 37 57
46 8 35
62 85 79
71 0 23
46 59 38
65 43 34
87 25 16
48 70 72
11 21 32
75 50 98
11 39 19
63 70 40
53 4 32
17 3 15
25 41 87
15 78 80
29 81 54
18 8 32
62 24 78
79 76 59
26 34 46
24 87 28
48 62 68
35 87 87
25 62 72
37 24 87
67 11 10
87 16 85
21 51 77
13 5 87
60 74 97
66 84 63
63 0 48
29 58 33
27 52 72
4 38 49
3 27 2
54 36 62
42 55 73
39 84 91
42 61 69
5 31 64
49 0 91
44 74 90
63 16 25
18 69 9
3 9 82
36 68 13
16 72 90
37 59 30
13 38 43
35 22 52
36 74 18
54 50 13
80 69 57
63 5 62
31 64 77
54 84 52
25 31 91
53 24 89
64 29 93
33 21 19
10 21 67
2 40 64
72 32 47
78 44 33
20 14 84
69 62 35
74 76 98
41 10 53
32 24 69
38 7 16
3 30 96
47 66 79
30 27 34
79 38 62
81 85 13
43 25 80
53 31 21
35 62 74
