94 1418
66 50 76
27 52 12
90 12 17
42 48 76
77 89 59
0 28 36
29 3 25
20 6 96
72 65 76
24 54 85
29 90 91
62 36 26
52 33 24
82 3 95
22 84 97
50 9 45
58 23 67
7 37 84
5 75 19
65 76 58
90 71 70
15 25 21
56 41 30
21 9 56
37 9 65
40 76 55
17 49 16
57 31 80
57 86 28
85 73 34
91 78 62
93 24 44
3 47 32
32 24 45
24 45 4
39 25 76
6 67 42
13 82 57
60 28 10
90 22 3
53 80 45
44 68 13
75 1 54
81 47 82
19 53 52
20 4 40
70 28 38
63 33 67
10 13 83
29 84 71
88 2 85
26 61 8
17 53 88
92 34 95
82 58 62
16 30 65
75 18 20
63 75 61
43 42 13
17 8 70
20 41 86
61 89 27
32 46 39
31 87 63
65 55 10
70 39 18
15 50 97
37 55 99
71 11 50
31 10 16
50 85 90
70 64 99
82 84 81
13 64 100
68 86 66
27 26 57
37 41 21
79 15 53
4 18 62
23 91 76
49 70 36
55 58 66
23 93 65
85 82 48
60 52 95
82 63 38
90 16 63
32 35 5
41 8 15
80 67 99
49 71 26
55 19 46
91 73 15
65 36 33
77 56 44
18 9 84
36 25 3
69 71 80
73 79 84
35 13 89
14 2 83
2 65 85
61 29 99
3 10 70
4 35 86
31 30 62
14 22 86
17 32 58
52 36 38
16 70 15
4 19 99
7 23 8
4 86 48
77 42 60
23 63 33
42 51 82
54 26 66
93 0 13
46 72 42
84 75 42
9 5 46
91 20 71
74 87 92
3 37 10
67 22 3
25 27 11
17 9 48
79 42 63
15 2 36
84 40 90
64 8 66
63 58 97
51 8 60
14 62 73
38 41 93
57 17 33
73 5 3
24 60 92
69 79 60
38 88 66
62 50 5
87 78 18
5 93 89
64 72 78
38 82 80
32 30 20
67 17 33
3 69 33
58 25 87
66 3 81
25 21 85
26 29 18
76 12 16
73 63 65
17 25 64
84 86 51
27 72 74
39 46 61
13 19 21
23 57 83
45 7 22
49 18 15
38 14 56
79 36 30
26 59 94
80 0 74
14 3 6
38 42 94
24 23 73
53 93 58
8 81 91
42 41 28
89 1 41
82 12 47
61 74 77
55 68 5
76 36 79
31 61 73
78 68 50
33 45 67
75 61 15
58 4 24
79 85 46
7 83 42
82 17 14
37 58 24
83 36 44
29 1 45
43 46 94
56 22 3
26 81 22
78 65 31
30 28 61
16 38 5
71 15 94
62 53 7
40 4 34
5 33 22
22 76 66
24 44 96
44 51 37
9 30 42
66 77 57
87 4 91
12 1 63
79 90 36
37 43 53
81 92 36
21 41 4
62 48 18
79 54 37
13 32 37
21 72 89
45 27 80
46 92 47
72 49 85
63 3 58
44 55 44
25 75 4
0 22 54
60 51 22
25 81 12
29 81 34
89 48 28
56 2 54
24 16 30
19 76 53
27 28 26
33 1 51
31 19 87
18 67 22
82 22 34
41 83 3
63 81 1
40 67 4
51 88 6
89 52 1
76 31 69
78 17 58
7 59 93
80 27 28
31 0 10
52 34 99
50 37 67
72 78 55
93 27 87
87 18 5
31 73 74
9 51 99
35 51 19
63 90 38
89 58 82
7 2 28
12 31 47
54 71 11
75 6 34
12 13 86
19 12 70
25 10 49
78 45 31
55 20 83
10 15 3
69 15 16
3 11 44
13 67 91
21 34 61
14 36 13
42 4 39
65 93 88
32 4 73
90 26 51
39 76 100
16 25 66
91 47 85
45 57 46
69 83 10
42 46 69
50 55 24
4 73 78
11 20 25
39 12 25
80 37 15
26 52 3
23 45 33
25 67 76
72 8 5
27 30 14
16 55 30
39 57 84
24 17 16
57 79 10
89 9 25
7 9 95
59 57 22
92 79 40
66 83 59
72 29 42
40 92 59
27 12 96
42 21 19
41 79 82
93 14 32
29 19 76
41 11 36
54 12 31
37 56 1
92 1 95
27 75 70
60 69 76
8 6 88
17 38 61
88 7 90
1 56 11
55 35 45
6 1 61
88 50 71
48 5 94
67 81 56
68 82 36
31 59 77
63 70 13
24 10 5
83 56 86
32 62 21
85 78 23
62 49 10
10 2 89
9 0 53
28 68 65
1 54 15
89 38 76
43 23 19
83 10 53
29 25 3
62 35 10
64 76 29
31 25 53
43 82 56
40 80 44
29 76 25
0 5 89
30 62 4
75 19 15
60 50 31
83 84 74
54 73 80
84 19 72
34 35 57
74 53 61
19 90 70
91 69 85
44 60 34
34 49 20
42 83 76
45 36 65
56 28 6
86 50 20
64 37 42
81 75 67
17 84 58
31 13 76
6 23 12
38 51 41
93 31 71
88 78 39
1 24 89
40 1 61
69 4 78
74 81 29
16 59 42
61 14 40
89 72 99
13 7 96
37 67 90
82 25 11
37 5 77
16 68 58
78 8 83
4 66 8
7 20 88
23 35 92
64 21 67
43 10 12
0 15 81
78 38 70
29 44 58
19 27 79
5 88 2
77 7 19
91 28 88
46 24 61
60 79 17
21 71 68
60 84 50
37 4 45
58 6 80
75 14 58
25 42 68
30 91 72
83 58 12
26 12 46
61 16 10
52 9 24
48 51 59
83 8 88
67 62 68
16 63 55
84 46 4
18 24 13
60 17 94
2 24 76
3 68 34
43 54 64
10 89 75
50 63 27
71 75 88
88 4 5
69 39 62
22 62 79
50 87 91
30 65 15
39 18 38
14 49 42
45 44 67
12 36 55
21 17 17
24 86 54
81 49 14
46 40 38
19 92 28
93 92 11
48 13 63
53 33 7
10 61 51
87 35 43
46 49 96
4 84 69
50 7 61
85 35 55
73 10 44
85 83 45
74 33 92
70 15 38
76 37 83
48 45 44
78 54 1
34 75 45
6 93 83
92 80 72
85 26 23
67 69 34
74 58 41
52 59 9
58 65 70
6 41 9
4 41 11
81 65 66
49 24 39
6 24 23
61 87 19
58 84 29
71 6 97
28 67 26
85 41 80
86 17 19
76 70 3
13 81 50
76 91 92
25 92 30
76 80 42
8 5 31
79 82 70
10 11 72
4 71 35
80 12 95
69 10 20
61 7 57
80 81 56
75 89 26
47 45 57
82 36 67
11 0 89
27 92 31
17 0 37
84 89 12
53 50 25
37 22 18
48 17 77
3 25 71
0 92 38
34 7 87
11 36 28
5 63 49
0 52 11
40 29 35
40 86 87
55 34 81
4 2 23
86 67 70
14 20 67
42 90 76
69 31 70
65 6 92
88 43 20
54 93 82
55 81 53
28 69 54
16 93 67
31 63 28
77 40 71
40 39 56
33 87 40
61 79 41
38 32 17
0 88 57
13 77 65
60 41 80
89 28 22
87 91 74
18 68 87
29 2 38
83 3 98
48 36 49
28 87 78
35 78 51
12 20 89
30 39 27
59 13 24
7 39 43
34 56 97
42 9 26
29 60 54
31 50 70
45 25 5
35 53 95
62 1 75
11 78 91
4 83 19
33 36 20
64 71 62
7 53 60
32 72 31
89 12 48
50 57 36
84 42 90
60 53 17
41 81 25
31 43 56
63 92 24
72 40 11
7 35 84
59 63 62
5 51 71
24 56 99
60 19 13
60 78 57
2 12 92
63 18 8
31 26 38
11 89 61
13 45 26
20 59 27
27 53 86
76 1 33
38 36 20
39 80 23
57 66 1
50 39 55
86 64 27
51 89 15
24 79 86
91 61 94
73 58 77
68 20 10
24 64 98
65 26 83
36 28 30
76 3 84
10 48 47
83 70 87
17 10 19
48 12 14
65 32 71
41 14 46
66 18 28
70 6 58
61 42 57
59 35 89
66 64 14
84 28 87
12 93 52
32 26 28
76 26 29
91 44 96
90 65 9
12 70 10
85 88 1
21 7 60
59 46 45
45 43 87
30 69 75
71 48 12
24 65 94
73 18 27
1 25 30
89 7 92
8 90 32
83 34 8
6 35 90
92 24 26
56 0 16
44 32 28
34 17 67
41 33 27
74 4 2
8 43 62
16 7 14
38 33 78
66 91 86
36 27 81
23 84 98
68 25 62
12 37 14
89 49 85
17 83 91
0 36 45
77 49 65
51 80 53
84 72 83
6 9 4
37 47 56
9 60 70
80 17 25
10 20 92
26 87 87
59 64 8
16 69 20
90 53 78
34 81 7
39 71 87
85 84 59
90 91 11
91 37 35
13 40 68
52 91 88
77 39 95
55 48 95
5 40 51
87 85 71
48 29 9
4 22 32
12 34 57
76 49 44
67 92 12
38 75 6
21 50 70
2 83 60
34 30 34
84 21 31
19 28 42
36 71 49
73 71 64
4 23 72
28 50 4
58 1 8
30 93 91
36 66 6
31 28 19
80 14 51
90 78 94
78 77 97
5 27 6
15 40 99
52 3 62
28 81 24
17 41 7
49 86 46
63 24 1
21 66 75
88 66 50
41 43 80
77 35 2
47 67 98
77 53 99
57 21 17
55 30 20
34 27 77
73 87 4
93 13 86
74 34 76
5 74 50
41 15 65
9 46 100
39 33 82
31 74 76
24 19 12
4 26 53
11 52 28
16 51 91
45 90 96
25 74 76
65 13 16
36 56 25
12 72 52
0 73 43
54 46 88
12 11 27
10 67 44
75 59 53
83 59 74
29 14 15
56 66 88
2 73 53
93 59 61
60 36 85
80 71 66
78 26 25
84 14 49
40 33 78
67 78 13
75 58 25
21 32 64
5 66 11
63 46 77
75 68 66
77 6 73
82 48 2
36 19 28
76 48 73
92 74 74
66 40 83
87 9 30
75 50 70
11 53 33
87 16 72
46 74 59
15 77 84
53 42 8
65 64 61
26 38 100
84 54 7
24 80 30
20 77 34
71 45 21
12 30 67
78 28 56
16 77 18
26 41 86
50 40 5
12 23 64
57 49 95
28 35 30
35 9 38
81 52 61
49 61 16
1 26 87
23 80 73
81 37 39
5 64 44
14 23 95
13 51 95
35 86 100
46 55 67
49 39 52
22 71 85
50 27 40
9 58 7
86 93 22
60 35 66
42 39 56
32 77 64
48 11 15
90 25 22
45 72 11
14 24 45
57 34 25
88 32 1
49 15 30
3 92 9
67 51 86
90 80 98
83 14 100
36 67 71
26 60 66
75 4 49
36 77 78
13 9 38
19 0 73
36 90 9
55 49 35
84 90 8
37 82 67
65 40 48
22 31 88
90 56 65
32 83 7
59 6 49
83 91 54
11 30 11
46 73 75
3 32 31
47 10 58
85 9 4
51 30 68
58 8 53
77 22 21
24 39 20
48 68 73
41 39 12
34 54 28
77 0 18
41 58 51
74 19 71
66 87 76
86 10 1
6 82 70
31 40 87
36 51 93
62 12 100
19 64 14
92 45 51
10 46 94
20 40 28
73 66 65
93 64 65
45 75 13
39 32 73
70 29 36
77 19 22
76 59 22
8 52 68
4 30 51
39 90 50
59 23 32
61 2 6
46 22 56
43 35 78
16 89 32
74 76 58
59 71 76
40 90 63
31 79 1
45 49 13
33 18 75
31 82 29
23 2 98
38 22 32
93 88 17
43 69 83
56 32 97
83 77 22
76 85 11
1 3 72
68 67 38
20 36 6
26 15 36
7 58 21
80 45 80
48 4 10
74 27 22
3 17 7
9 20 9
85 91 17
3 13 52
83 33 35
92 36 6
58 62 37
43 44 93
12 79 70
33 88 62
23 66 24
91 67 89
45 64 5
92 77 12
63 69 94
20 67 46
1 30 48
3 62 29
79 20 90
2 93 91
91 80 92
20 32 73
8 11 47
49 3 56
59 88 34
52 45 76
16 81 32
87 45 78
7 66 85
82 47 83
11 54 24
6 34 4
12 17 45
30 35 20
45 82 20
92 5 15
52 79 33
64 3 32
68 60 90
41 55 88
11 84 5
27 16 27
85 28 68
83 19 63
55 5 7
16 9 89
19 79 89
41 74 41
73 65 1
50 38 29
80 62 26
26 23 64
87 62 45
22 43 26
22 8 54
38 40 12
64 41 81
80 64 16
72 85 94
44 5 26
34 19 63
56 16 47
4 70 87
63 87 8
0 91 75
17 19 78
9 77 78
47 68 45
67 24 37
26 34 8
47 54 52
61 24 5
21 90 60
18 54 53
54 14 10
26 79 93
45 56 59
71 78 14
1 60 13
67 71 7
44 31 78
46 15 51
3 24 90
59 8 5
75 11 74
71 34 26
51 90 11
35 0 95
49 90 46
27 3 17
69 50 67
18 38 27
52 50 26
82 14 33
10 5 89
83 24 66
22 54 44
33 17 79
13 76 11
70 38 45
82 40 100
77 65 45
15 1 34
44 34 62
8 53 24
45 69 29
54 67 81
33 72 55
75 60 1
31 92 49
78 23 43
92 68 36
61 0 19
13 91 95
65 79 37
82 49 47
7 1 13
26 11 54
65 47 84
79 43 47
42 70 36
23 20 53
87 93 51
2 20 20
86 48 23
53 3 76
36 34 29
21 85 92
17 87 52
70 35 28
43 83 55
44 78 61
88 71 90
0 62 67
75 54 71
6 81 52
61 32 84
22 78 44
91 49 66
33 30 40
41 28 93
44 7 43
17 81 62
23 27 40
41 53 52
20 0 75
61 73 8
6 33 52
69 13 64
76 57 58
62 63 1
82 32 55
31 55 96
8 56 70
85 3 19
51 83 78
21 35 96
21 58 91
18 77 89
25 26 63
89 50 43
18 58 54
49 87 20
27 17 27
64 20 45
80 15 83
75 36 41
68 53 7
23 68 69
49 75 92
43 9 16
50 30 5
46 79 78
62 68 36
66 62 78
48 21 83
12 45 35
66 69 51
66 32 13
32 50 38
20 34 48
25 71 84
72 35 3
22 59 5
21 28 31
15 53 81
71 84 98
64 15 17
71 52 52
17 85 19
50 36 22
47 0 56
20 62 53
23 81 13
54 87 86
52 69 95
57 2 76
61 63 3
47 6 29
92 52 64
88 37 97
9 92 61
26 53 67
74 89 72
16 12 59
61 9 100
70 89 50
29 9 9
42 23 99
69 27 84
38 69 13
64 9 22
47 19 76
12 49 51
91 29 94
51 87 75
84 20 65
79 48 27
0 21 49
47 8 61
48 83 73
14 68 57
81 91 87
70 40 4
86 33 39
76 6 90
54 86 47
63 53 13
59 28 79
13 86 71
39 72 82
54 77 30
75 72 4
70 11 89
49 73 56
92 26 47
71 81 77
10 80 60
83 44 22
86 8 19
44 87 48
50 4 61
88 77 61
54 5 65
71 85 16
30 17 11
14 25 71
37 78 48
37 77 12
17 89 23
30 73 20
66 79 41
89 22 9
17 29 26
30 72 58
5 23 38
61 72 76
42 47 48
2 60 92
16 19 72
80 22 69
43 25 61
20 57 58
21 75 88
18 47 25
70 48 21
60 4 8
34 93 58
82 62 63
59 89 26
12 51 94
7 78 95
65 1 19
64 83 99
59 25 64
88 72 66
41 16 85
5 35 95
77 63 32
64 11 81
84 68 53
3 19 81
82 51 47
31 67 22
26 16 81
14 10 72
70 88 10
80 4 6
18 37 28
28 1 89
19 21 84
57 4 3
18 23 19
75 44 17
83 37 54
73 16 33
53 82 37
20 33 55
80 33 50
39 14 83
13 58 22
34 51 86
38 90 10
72 17 63
70 58 95
5 14 5
48 30 13
35 11 88
29 66 82
0 58 58
32 55 37
91 14 81
47 21 24
93 36 83
19 22 58
47 84 44
57 51 32
68 51 1
27 41 80
24 28 26
28 61 46
92 55 43
0 10 86
18 8 16
48 61 91
16 66 6
58 64 72
22 44 100
55 77 16
61 35 14
68 0 71
90 88 9
26 84 53
1 41 59
49 54 72
72 82 3
88 39 97
69 25 32
62 70 54
60 7 84
56 64 52
88 11 3
57 16 23
25 84 68
3 78 51
50 71 14
54 53 59
60 81 85
85 33 34
84 48 2
67 35 92
14 7 74
48 58 96
82 8 46
69 55 9
14 64 29
93 70 58
93 19 94
42 89 71
70 45 12
75 78 4
43 59 52
57 84 8
7 36 88
78 84 43
63 60 67
20 50 45
66 12 15
28 40 49
82 52 13
52 61 62
44 25 71
80 19 27
49 9 18
15 12 13
19 69 12
52 54 80
79 83 38
46 64 23
33 50 31
0 1 17
85 52 52
9 10 15
71 8 68
15 45 69
33 51 60
76 38 98
63 83 87
29 27 33
79 86 66
86 7 22
56 63 69
46 77 88
40 2 22
63 7 10
45 51 51
87 77 41
87 71 62
85 60 18
43 11 35
61 80 25
57 37 88
36 9 69
34 48 33
69 37 52
83 26 76
45 83 91
43 64 30
73 23 17
24 52 16
0 55 44
68 77 68
53 64 6
77 31 11
73 92 30
85 64 10
81 68 43
37 54 44
73 82 94
73 51 57
44 92 96
52 19 52
40 14 33
2 81 23
83 62 63
59 40 56
89 2 5
92 15 45
52 66 16
49 44 87
66 75 100
62 7 96
79 49 25
33 37 65
63 27 29
35 12 4
27 85 67
58 86 99
5 15 68
7 0 49
7 65 47
56 71 46
77 41 2
65 68 58
50 46 50
48 63 68
70 46 88
33 26 1
77 69 70
91 36 87
57 61 18
74 84 76
29 65 75
24 35 5
40 60 46
33 49 36
81 62 95
28 57 4
14 63 29
33 58 87
66 55 28
8 68 91
69 9 81
11 86 56
45 4 31
7 32 52
17 28 38
66 90 79
34 15 46
3 65 43
12 9 19
47 66 24
19 5 44
73 45 65
23 21 83
67 16 93
25 66 14
72 57 55
35 42 28
21 37 33
92 43 73
15 21 15
91 75 44
87 53 42
25 35 83
81 88 93
53 85 23
45 88 24
10 45 54
55 24 75
45 30 47
73 57 19
22 88 21
84 18 22
78 76 40
66 46 30
45 61 9
59 49 54
27 35 67
10 78 67
50 73 54
37 73 12
25 72 71
81 72 60
59 30 81
20 5 78
15 61 88
58 28 53
64 88 39
24 12 89
29 16 24
1 85 54
10 41 4
42 73 87
1 79 81
15 35 86
4 5 24
9 11 82
52 87 23
67 14 8
85 30 64
11 2 63
72 71 29
4 43 25
42 24 70
39 34 34
72 3 82
6 55 76
52 4 19
52 20 7
13 83 3
45 66 19
21 88 29
58 44 10
29 6 21
93 52 78
31 72 72
19 87 78
86 16 84
20 1 4
2 67 59
27 66 53
55 17 36
18 92 73
82 76 60
42 64 73
26 63 80
1 84 69
11 76 74
53 89 32
27 83 90
66 59 13
11 25 28
86 41 1
42 15 96
43 26 25
50 83 16
23 46 82
