76 2013
6 35 62
54 41 34
73 39 75
63 61 74
13 48 72
40 67 30
23 31 72
52 20 50
13 8 88
26 67 15
17 65 34
38 69 17
17 36 39
26 24 55
50 9 26
25 20 44
47 13 50
72 18 22
55 25 71
11 4 62
39 40 21
14 19 94
69 51 17
62 1 78
17 72 76
61 51 23
51 48 86
59 40 76
1 47 70
70 22 32
34 40 76
7 62 46
69 65 84
24 49 88
31 25 45
28 35 92
23 41 21
5 36 34
54 63 66
27 14 92
53 0 69
19 47 72
15 11 49
31 27 73
20 65 6
74 32 1
29 5 79
65 64 40
65 43 89
52 56 77
41 71 54
66 43 12
30 67 80
61 39 16
6 20 61
44 27 27
63 34 30
17 25 41
42 24 86
40 55 38
45 61 59
29 49 84
71 49 64
18 22 70
68 63 61
8 46 8
41 64 69
61 60 39
13 15 79
56 21 74
73 47 89
28 7 73
55 35 100
69 9 29
1 17 94
17 62 39
20 70 34
0 38 96
72 24 98
28 13 61
40 14 38
47 31 93
49 42 38
72 22 23
0 16 88
1 56 87
47 38 15
6 68 98
64 10 44
43 54 65
66 19 50
62 71 50
0 32 18
45 24 40
3 29 13
22 28 10
69 28 7
41 17 57
69 26 84
60 1 57
54 29 41
74 24 36
24 20 56
27 73 89
57 4 21
13 23 39
70 0 30
36 75 54
59 69 3
34 35 54
68 33 5
69 29 95
41 45 18
66 56 70
18 9 45
55 19 19
64 36 48
72 2 73
6 39 9
68 29 58
66 31 16
55 31 13
42 39 100
11 51 51
44 64 30
7 51 59
0 62 23
45 73 65
8 50 67
57 31 19
9 10 50
48 6 75
56 23 2
40 66 96
24 56 54
27 29 7
73 28 90
0 58 98
68 11 99
54 16 86
17 52 5
64 56 64
63 64 12
37 7 78
43 33 32
53 56 13
38 39 28
24 67 77
0 5 88
29 10 73
60 38 84
41 12 5
13 38 39
1 67 40
39 48 76
49 47 88
16 34 84
46 32 42
52 25 46
16 51 62
59 18 48
62 68 12
13 41 74
14 50 76
11 63 14
39 59 72
60 53 50
37 51 19
15 56 2
3 49 30
20 61 79
66 71 96
1 65 78
69 49 59
70 73 12
72 69 84
59 71 21
71 75 20
47 8 70
57 74 76
63 32 44
52 59 46
34 17 76
17 46 70
48 58 89
43 3 92
9 14 54
64 61 73
7 71 5
30 32 71
73 16 72
68 69 18
16 53 40
30 40 25
2 49 4
71 25 67
44 57 6
7 11 8
34 15 51
73 44 70
32 59 75
11 72 24
53 74 74
65 47 47
20 42 74
46 45 45
28 58 86
50 45 74
22 44 70
65 37 4
74 33 72
74 52 62
45 54 25
60 46 72
17 73 77
11 16 88
74 4 29
2 22 68
22 36 37
62 50 12
25 14 87
34 24 11
43 58 18
5 32 63
13 20 89
71 54 66
24 65 50
24 69 93
24 73 21
8 3 20
13 24 78
18 50 93
43 7 76
12 40 33
70 5 77
5 54 37
62 47 89
38 57 91
8 22 71
32 39 24
0 61 86
4 70 63
13 33 85
57 36 40
57 49 79
28 14 34
49 74 73
70 52 5
51 44 67
47 39 12
55 4 40
27 16 72
11 13 16
45 44 35
63 50 83
10 36 7
20 71 66
74 20 20
48 64 65
40 16 23
52 16 57
31 13 16
60 31 69
41 11 58
61 6 14
29 36 95
75 68 70
75 13 70
8 51 62
38 15 32
18 34 40
75 23 42
67 56 50
72 58 53
2 36 84
60 20 67
4 64 3
55 11 6
74 51 50
19 40 8
6 56 61
56 65 13
54 7 46
36 58 83
57 72 79
50 48 26
75 2 9
21 60 98
72 55 48
55 38 79
34 11 36
7 34 97
50 47 63
46 26 22
32 10 64
75 33 54
14 20 30
48 69 52
32 16 89
75 49 8
17 57 65
52 43 88
67 20 13
71 36 6
9 41 40
59 1 15
47 5 77
65 49 50
2 34 2
5 20 70
53 26 91
67 6 57
56 7 97
59 42 78
1 71 90
10 23 10
29 11 88
65 68 55
59 48 92
75 51 76
73 10 86
73 8 64
51 26 25
62 3 44
9 3 55
57 2 13
73 11 71
74 12 21
47 29 63
3 20 77
0 75 5
27 6 69
43 49 1
62 35 34
43 40 19
19 35 37
18 6 2
28 71 27
31 41 83
69 60 35
33 67 51
41 1 69
46 24 20
57 13 31
67 12 54
53 43 31
30 25 56
38 17 67
19 62 68
7 48 45
49 54 72
52 40 96
23 4 96
23 28 86
51 34 39
9 1 20
59 47 74
12 16 55
10 71 64
15 28 65
48 15 21
69 32 69
14 56 84
59 17 28
51 27 23
57 8 95
39 51 14
7 64 5
74 44 67
47 35 90
22 60 1
18 60 71
38 64 22
43 1 7
31 22 22
47 41 14
61 25 35
4 22 99
0 66 16
70 72 78
7 16 50
59 31 76
32 12 60
13 21 31
16 28 1
21 51 60
0 56 25
8 49 60
64 5 9
0 36 35
66 41 48
64 55 41
38 33 31
57 39 16
18 19 24
14 70 63
7 72 2
53 48 22
70 54 77
29 74 95
36 7 28
47 56 49
38 73 11
20 17 43
35 22 19
10 66 18
64 12 98
59 72 75
3 16 64
5 43 39
55 69 78
51 54 81
38 25 62
68 20 14
2 12 61
65 14 39
44 67 4
2 30 54
5 28 79
57 27 51
74 3 6
74 71 8
65 10 24
19 30 92
5 13 54
2 27 5
9 33 99
29 17 2
68 5 97
23 64 45
69 7 51
4 68 90
10 22 64
35 30 62
64 20 90
4 47 51
39 2 3
34 59 32
57 11 80
40 7 87
75 41 28
29 7 34
22 50 34
41 34 22
22 9 23
67 74 9
6 74 35
19 0 64
56 39 15
45 57 29
51 71 53
4 28 52
6 53 32
39 49 95
46 22 3
33 69 33
3 63 68
6 49 60
73 46 12
3 14 38
36 49 66
44 60 68
63 25 41
24 53 66
66 52 66
29 35 98
4 73 14
14 64 58
13 37 95
61 73 71
11 20 42
52 67 46
37 39 87
29 18 42
39 69 53
55 42 12
10 49 93
34 32 35
36 67 76
7 24 90
58 39 66
46 54 64
8 35 28
60 28 52
64 15 5
16 23 87
31 10 55
43 8 40
70 61 36
49 44 1
11 38 99
12 68 95
58 74 40
46 67 89
55 70 12
7 53 90
25 75 69
73 51 47
42 38 43
69 10 81
21 50 94
72 13 77
43 29 65
56 35 95
12 29 53
67 39 28
36 65 11
48 29 72
43 47 91
10 30 65
42 33 99
33 62 75
9 74 10
57 26 59
24 8 41
51 0 86
5 55 29
42 74 35
62 18 64
19 21 35
28 25 63
35 13 77
18 65 75
3 41 43
32 54 17
34 19 40
17 50 21
2 15 33
17 23 53
11 22 70
72 43 97
33 36 45
1 19 54
23 12 37
75 40 75
55 41 15
42 5 46
33 56 78
44 38 36
55 52 78
2 46 83
68 66 48
5 65 44
53 64 84
68 55 67
7 49 41
54 66 74
0 73 12
63 72 61
60 63 94
10 12 41
33 17 42
69 5 33
9 43 22
20 56 91
12 6 40
64 21 46
7 39 90
40 54 95
69 15 38
27 49 61
58 47 90
12 24 16
52 22 68
75 46 54
46 47 23
12 72 51
68 18 73
29 4 59
21 45 59
65 0 16
42 14 87
49 15 59
31 75 39
70 43 47
8 42 71
61 50 1
38 18 46
10 19 84
17 66 6
54 61 54
40 33 42
30 71 3
32 26 9
41 69 23
16 22 55
6 63 81
26 4 96
66 14 18
10 67 98
54 34 40
37 11 10
31 18 5
55 59 98
58 53 18
63 53 2
73 40 99
6 17 64
58 73 16
8 45 53
15 67 32
0 67 74
57 48 2
38 31 82
65 6 53
66 28 5
71 14 86
71 44 36
75 29 83
26 59 26
33 66 65
17 9 70
16 4 28
51 67 49
70 8 8
30 0 66
73 21 75
54 2 96
31 54 43
2 44 30
4 27 63
9 26 75
54 35 79
50 75 28
21 42 17
12 75 23
67 48 53
23 34 1
55 46 88
3 70 38
45 26 18
64 17 20
48 56 83
65 60 86
9 24 9
32 37 8
40 4 45
34 62 72
6 5 50
68 74 93
60 3 70
66 57 35
34 71 21
37 56 71
50 15 29
44 12 31
53 12 62
72 48 73
63 65 69
42 66 35
60 39 40
13 14 82
27 0 81
53 44 69
7 32 75
45 71 85
60 41 34
44 19 12
55 34 66
55 73 94
58 12 67
48 47 57
69 47 88
37 55 37
24 3 76
4 0 27
12 9 27
19 74 16
25 37 76
65 48 26
30 23 37
27 15 6
23 18 90
35 73 16
75 52 21
48 25 13
72 41 96
45 25 51
48 31 64
30 70 15
1 72 2
70 27 98
31 70 98
43 18 13
51 29 4
52 5 99
25 13 31
52 2 86
52 65 94
18 46 24
13 64 98
7 65 90
24 2 99
57 33 71
74 45 20
37 12 62
62 36 37
19 31 63
15 63 24
21 69 73
11 33 5
2 47 99
36 26 43
51 20 92
75 59 55
7 0 2
7 74 99
10 43 27
8 41 48
29 67 79
55 7 98
51 36 62
52 1 61
61 42 98
66 13 54
17 13 23
71 11 15
70 10 38
12 30 17
12 54 4
70 46 69
1 12 11
40 44 98
8 58 98
33 71 60
54 3 98
62 43 55
17 58 28
14 7 10
18 36 18
38 51 86
63 67 32
27 47 10
73 26 19
37 52 37
7 50 46
9 27 97
24 23 67
47 70 7
57 3 25
32 55 12
26 75 7
18 53 81
26 62 68
69 61 72
57 22 79
57 10 83
8 59 89
20 32 56
38 49 35
10 20 56
32 17 25
71 19 33
33 54 24
24 18 74
37 41 46
51 22 64
8 33 94
21 11 90
18 57 3
42 54 44
51 66 67
17 19 52
27 13 86
4 71 20
37 42 19
14 44 88
69 62 68
57 19 75
37 58 40
68 13 31
32 70 71
12 63 4
38 75 49
22 19 97
41 22 34
4 19 89
57 29 54
55 56 32
25 51 93
53 31 4
46 13 9
49 35 22
64 42 4
3 11 85
12 15 64
63 74 73
3 19 32
37 23 32
40 63 76
4 25 23
6 36 94
19 43 89
67 23 45
32 29 29
68 17 46
5 39 83
23 48 87
15 60 100
25 5 12
47 26 95
8 62 47
73 75 8
16 10 53
33 48 51
39 0 93
21 9 34
33 73 71
20 55 91
44 63 35
45 53 49
47 0 22
47 37 34
54 67 23
41 58 69
26 19 42
10 60 54
57 43 14
14 18 72
4 63 88
31 42 39
69 1 92
33 64 40
48 41 47
36 16 67
37 75 24
61 9 29
21 28 88
41 4 75
0 72 88
38 30 79
67 21 32
65 8 100
33 37 56
31 72 48
53 32 75
29 9 46
27 36 91
51 28 48
68 1 76
35 48 51
27 3 37
31 52 18
52 13 58
19 37 55
68 30 53
46 64 64
55 63 10
20 1 12
22 5 6
54 0 87
59 28 70
18 16 37
25 21 12
19 29 26
40 13 86
23 1 24
1 42 44
56 41 16
9 47 20
32 73 47
27 30 82
22 12 80
60 58 85
72 73 88
62 44 53
34 45 98
29 26 18
58 42 83
36 73 8
50 69 53
69 52 7
9 4 68
0 6 50
21 29 20
24 11 30
54 58 35
64 68 17
35 20 93
61 47 13
31 67 22
73 7 20
36 34 39
43 56 95
30 42 74
46 72 71
2 71 48
24 22 7
42 12 30
43 39 21
70 33 1
40 41 73
60 51 31
11 60 11
41 33 60
27 56 22
41 36 3
66 6 20
24 15 86
64 26 80
69 19 73
13 1 71
34 39 80
66 20 18
75 58 85
55 21 68
1 70 21
11 45 75
3 38 61
21 70 13
49 13 90
5 75 26
58 51 86
44 3 51
68 59 60
16 21 56
24 75 14
40 45 56
25 54 37
12 73 94
75 72 75
25 39 54
59 58 46
42 47 22
5 71 88
39 55 57
4 58 34
55 60 77
4 36 50
27 12 92
28 32 66
62 2 50
25 53 41
26 37 65
8 0 9
29 1 2
7 42 100
24 41 15
19 33 91
65 19 86
60 48 19
31 9 50
23 38 56
17 4 7
64 71 39
27 45 3
67 35 97
8 31 66
30 28 83
35 5 92
2 64 2
24 16 42
16 44 5
27 10 29
12 56 23
44 23 88
33 39 29
60 68 85
0 18 30
13 19 34
19 59 48
39 15 37
51 1 65
31 17 71
23 61 48
64 31 60
62 41 57
16 25 89
7 68 97
10 68 74
27 19 6
5 34 76
52 33 67
59 16 50
28 44 83
50 38 47
21 63 45
30 54 67
59 45 99
38 45 29
36 59 18
26 1 24
22 48 11
52 58 19
61 19 51
57 25 34
56 61 55
38 35 41
45 22 6
0 41 5
17 74 9
28 56 29
55 71 99
0 40 54
14 62 98
51 18 32
0 31 73
62 52 44
40 10 21
34 10 53
20 49 30
70 37 92
40 2 27
6 69 58
61 27 44
33 3 58
74 38 70
45 48 1
39 8 70
71 17 45
27 28 11
46 25 6
63 62 66
64 0 76
44 30 71
69 43 22
66 21 18
28 42 24
4 62 71
74 31 50
45 63 54
55 45 25
14 22 20
37 28 66
26 18 3
22 39 16
49 5 51
41 15 49
36 9 79
15 37 16
71 37 60
39 12 46
2 0 75
40 69 54
43 25 92
6 46 41
42 45 60
28 50 67
25 58 35
38 71 13
7 1 79
56 3 10
69 63 93
26 38 76
57 47 55
23 47 46
69 45 59
17 35 82
60 17 92
61 55 83
30 60 87
30 3 92
22 63 31
51 43 65
65 28 13
4 34 58
75 4 72
0 59 85
75 57 64
34 27 90
19 7 55
55 49 70
7 70 17
66 44 71
17 18 49
37 2 80
38 46 76
64 1 20
71 73 97
53 41 84
32 19 28
55 43 77
45 49 80
33 18 46
52 73 72
29 31 90
59 51 25
21 31 73
58 20 47
49 56 35
1 18 100
68 38 5
28 49 56
19 16 74
37 68 92
15 72 57
65 30 83
52 14 13
32 68 85
36 24 45
4 51 42
58 56 92
36 60 35
55 15 22
28 57 91
65 46 76
5 46 26
34 72 28
75 19 47
9 56 52
58 27 87
39 14 74
72 33 34
52 19 45
53 36 29
25 62 38
70 59 89
74 65 49
11 56 30
1 57 37
15 42 58
62 16 66
58 9 44
39 11 57
48 17 26
72 10 18
23 59 9
55 57 15
64 39 12
19 72 21
42 51 49
43 42 14
32 27 40
13 6 83
34 42 96
60 16 81
28 11 42
59 7 6
45 6 23
60 70 54
38 20 16
28 43 75
70 13 84
46 12 35
18 4 81
47 44 81
37 10 17
15 32 31
7 9 88
40 28 12
33 63 39
15 75 84
26 50 14
67 60 5
4 60 68
62 21 6
6 29 29
37 62 63
39 36 36
37 44 55
27 75 40
46 35 30
49 50 16
45 70 29
37 31 45
74 22 15
7 27 99
53 22 12
70 44 45
74 35 73
19 28 3
71 8 65
34 26 100
29 25 86
10 59 74
54 8 49
9 23 5
74 46 89
37 63 83
41 70 9
75 70 71
58 13 42
12 52 43
72 5 7
51 31 94
19 54 37
43 13 43
9 2 25
55 27 76
52 61 27
14 11 92
56 18 92
44 10 41
13 55 89
64 28 57
57 68 44
8 26 64
8 1 47
48 30 78
25 67 87
22 49 34
24 71 67
46 68 43
40 1 15
31 43 97
49 34 7
46 39 74
67 22 95
75 6 93
28 63 15
74 26 4
12 48 71
38 16 65
47 55 60
16 42 36
32 45 60
34 57 19
60 64 15
0 34 64
35 69 82
56 73 27
62 5 45
45 13 38
10 0 85
27 24 21
17 16 81
4 6 46
65 55 68
33 2 65
54 73 71
60 2 76
52 15 60
24 61 5
5 10 27
46 15 49
73 48 13
22 61 3
61 7 38
24 32 11
27 35 64
12 26 71
11 31 4
25 19 30
6 10 43
60 19 54
32 3 25
14 8 30
70 12 23
25 3 82
69 37 100
6 62 15
49 0 86
39 44 52
5 57 27
4 45 14
7 23 3
58 44 8
45 52 35
61 8 93
34 1 23
16 33 3
2 13 42
37 27 97
61 67 89
49 40 87
39 74 96
69 16 18
65 25 29
42 71 93
52 21 25
66 64 34
16 13 36
16 31 63
39 1 53
74 13 77
48 68 92
13 30 58
5 14 21
16 14 97
11 48 36
4 24 24
38 4 13
28 1 44
44 33 90
47 72 3
62 20 15
9 49 28
5 11 79
70 2 88
27 63 11
40 20 50
14 38 58
18 54 85
7 47 17
23 55 47
42 63 97
5 48 20
71 48 69
3 64 39
47 45 24
30 61 78
5 3 32
38 56 16
39 24 8
25 23 97
2 7 29
11 26 94
17 56 95
65 45 27
62 22 59
48 0 39
7 41 99
0 11 5
73 34 61
63 9 45
67 38 100
6 43 11
28 39 57
31 39 71
58 65 81
21 32 92
20 9 97
21 46 84
16 49 44
26 65 26
15 16 36
50 51 73
14 61 26
12 3 72
24 6 41
2 29 92
14 41 88
35 0 42
45 72 53
66 29 56
2 18 64
27 54 45
29 50 27
6 64 13
25 11 5
53 19 48
37 24 7
8 36 62
51 45 32
58 5 67
20 7 19
67 18 92
25 2 43
41 38 74
2 35 79
42 10 22
8 21 77
64 27 77
34 44 33
61 29 29
46 71 20
36 32 61
58 34 29
11 58 94
25 70 75
67 3 34
33 7 3
20 23 31
40 29 50
64 59 87
34 70 16
26 33 8
46 63 33
17 7 65
39 45 23
40 68 72
13 4 17
67 55 53
42 60 60
11 67 44
56 31 86
43 59 29
59 27 92
53 27 18
11 53 18
11 36 66
52 29 16
74 8 92
28 53 36
46 69 12
4 72 89
35 31 21
36 50 34
71 61 44
50 43 63
72 39 6
29 8 91
72 23 2
63 39 11
43 60 29
11 69 69
30 1 3
16 71 28
35 26 73
54 23 86
12 59 38
55 33 64
53 57 89
66 15 96
0 1 32
35 4 66
65 35 28
50 64 76
3 36 62
22 6 6
60 7 75
60 12 7
7 13 64
37 0 35
4 21 58
63 13 100
24 43 65
31 36 99
48 55 63
61 28 24
28 20 48
58 57 73
41 43 40
21 15 71
9 60 54
19 6 90
31 1 100
73 63 91
68 26 28
39 65 87
7 67 57
30 62 54
63 7 89
41 2 46
1 48 99
69 14 46
42 48 47
70 69 44
72 42 16
2 48 54
35 70 95
66 4 95
45 12 82
69 74 95
44 75 29
52 42 59
36 74 82
15 5 14
55 66 33
21 7 74
29 56 81
36 66 46
3 59 60
47 32 99
22 17 80
37 17 5
63 59 11
2 23 21
64 45 69
59 30 55
33 53 8
39 4 71
19 46 93
33 15 73
25 47 66
6 38 80
73 2 43
68 3 60
19 63 52
52 3 24
16 58 27
32 75 99
42 53 69
60 0 51
64 11 60
67 59 95
15 30 44
37 57 74
67 8 78
74 75 69
51 19 34
65 9 86
15 7 100
57 15 56
1 75 35
62 40 23
55 29 52
10 39 46
60 52 19
67 34 14
25 33 93
34 30 79
41 49 49
10 8 49
33 22 34
38 21 8
73 62 74
43 27 38
28 68 60
40 22 4
74 60 57
7 25 17
53 38 96
28 36 22
53 55 36
34 52 87
11 50 68
12 43 45
66 47 20
14 37 53
1 11 26
40 8 92
6 16 47
35 36 98
63 24 2
61 34 80
19 50 60
6 34 87
38 7 86
22 32 34
49 62 21
74 10 17
57 24 70
12 18 33
15 36 87
41 27 40
6 15 76
21 59 94
41 6 12
24 52 97
58 35 100
47 68 84
26 17 12
38 10 51
51 10 97
38 62 4
71 15 98
68 9 91
53 37 21
32 64 34
75 20 65
61 2 70
53 70 7
53 21 99
72 44 40
53 23 91
12 55 45
50 40 34
21 72 9
71 69 42
66 63 54
33 61 94
65 38 60
43 32 90
35 50 55
72 74 4
37 67 4
50 74 8
11 46 65
32 65 14
46 56 35
60 25 15
65 54 4
10 21 49
6 14 98
5 23 23
38 48 37
38 28 57
43 61 28
44 17 33
56 2 44
39 75 59
58 64 17
71 31 85
24 0 86
57 50 17
5 16 15
5 17 87
62 72 42
54 9 18
52 7 63
52 57 46
73 64 5
58 49 77
47 75 75
32 51 70
26 56 95
30 29 49
22 29 81
66 34 13
67 58 93
15 51 71
35 15 58
19 15 57
41 18 82
57 60 8
22 20 48
36 1 14
67 28 27
40 31 47
37 30 84
67 17 80
31 68 17
16 26 32
3 22 92
30 33 93
10 13 32
42 44 100
39 71 65
40 74 16
34 25 83
34 69 85
25 35 79
26 15 16
49 32 71
27 20 30
9 38 41
40 71 47
0 43 87
74 59 56
70 6 45
75 67 40
48 52 96
71 72 74
61 40 21
62 31 87
23 58 21
40 58 81
61 18 63
41 5 57
41 44 76
63 14 29
29 38 21
42 69 91
73 9 6
46 3 53
42 25 40
11 19 73
13 67 38
22 23 35
0 33 65
71 65 75
20 48 55
46 66 35
72 14 18
55 50 25
30 26 16
50 46 52
20 8 31
65 57 33
42 41 40
15 70 67
21 23 46
14 46 18
18 73 64
4 10 71
20 31 56
10 47 95
60 13 88
33 59 66
73 6 63
27 1 27
6 11 90
49 23 98
41 29 40
15 61 86
6 50 45
44 50 78
3 31 57
0 23 30
64 19 49
2 63 49
63 58 8
34 14 90
67 72 68
53 67 97
33 29 11
56 22 8
3 15 8
35 7 13
68 19 7
57 73 96
17 3 88
21 57 33
6 52 100
24 30 38
65 4 30
47 12 8
18 5 21
18 30 40
53 66 57
72 40 60
75 54 93
72 53 16
26 20 28
42 6 96
3 73 48
42 56 17
18 66 28
48 61 66
24 68 93
40 48 87
51 2 44
24 28 20
4 61 29
6 32 46
36 68 58
16 65 16
45 62 32
45 9 95
54 36 11
46 52 69
72 49 1
30 73 29
66 67 96
15 8 35
49 48 90
66 50 60
50 2 11
45 20 14
67 50 49
3 72 9
29 65 19
37 18 60
0 28 2
60 59 43
43 44 52
58 3 82
69 64 97
27 52 61
15 44 64
20 37 25
0 22 46
49 60 38
18 40 86
29 44 71
3 4 49
53 29 31
64 35 64
15 31 28
13 9 42
74 16 28
1 58 54
26 55 70
43 73 95
48 14 74
61 26 11
49 26 54
48 74 65
70 50 40
57 64 48
62 23 34
24 60 8
71 22 81
75 22 21
9 16 27
27 23 81
23 33 12
12 49 47
23 39 18
49 51 75
8 68 43
55 44 95
53 9 54
66 35 61
31 45 78
47 21 4
15 59 2
52 26 94
18 28 78
48 44 84
37 4 23
45 18 37
58 68 99
45 0 41
60 71 26
29 71 24
58 55 74
20 46 23
2 42 41
37 6 91
17 75 31
24 38 13
4 12 86
2 55 68
41 67 78
10 46 57
37 50 69
51 62 65
20 39 98
33 34 58
39 9 22
35 16 20
25 18 98
54 50 87
24 1 6
0 71 83
32 66 1
75 42 37
7 3 90
55 28 84
70 39 12
9 0 96
1 73 13
5 44 22
56 44 96
13 12 42
56 75 97
45 29 60
54 64 67
55 18 15
49 70 80
69 56 74
57 62 98
72 29 51
43 67 47
57 23 77
69 20 66
68 61 62
42 62 4
51 65 32
51 72 43
68 21 4
15 17 20
5 4 31
53 69 93
32 72 10
71 57 71
49 18 89
9 48 85
47 6 43
54 10 54
50 23 45
10 61 81
72 27 52
17 0 18
45 75 37
50 20 3
23 63 20
9 62 14
31 24 67
75 48 72
65 72 31
32 35 33
21 0 71
71 6 20
49 52 83
69 0 41
57 16 1
69 17 9
37 66 46
50 52 53
7 75 77
39 30 3
36 43 39
46 34 54
41 65 94
20 2 79
9 72 17
58 10 39
58 18 19
11 2 12
14 10 98
21 22 45
55 62 21
43 63 34
35 45 92
26 28 3
59 37 22
8 27 42
66 1 56
25 6 60
35 60 26
37 54 20
15 54 10
45 37 25
66 16 14
59 46 89
47 36 39
53 10 3
12 51 14
35 63 63
51 52 90
25 50 48
4 56 26
27 11 81
4 49 8
67 16 86
18 69 36
24 51 47
6 3 72
63 36 66
23 74 74
4 59 54
52 23 22
6 2 3
0 44 47
25 73 67
34 75 28
58 69 6
68 67 4
8 37 56
26 13 38
44 11 93
35 18 18
16 41 5
52 18 57
59 22 18
43 30 29
26 48 48
2 8 91
56 10 96
5 19 81
38 52 63
24 62 40
30 49 88
75 53 44
11 30 11
9 25 70
29 59 90
17 27 36
61 41 71
75 55 60
0 74 7
66 22 41
24 25 43
28 2 95
65 12 67
68 35 74
12 25 30
54 24 51
56 50 99
58 30 36
71 43 37
9 30 48
74 5 44
55 6 4
11 47 21
49 21 31
6 23 49
36 44 9
17 54 96
71 50 76
1 44 33
6 1 82
60 32 84
16 55 38
66 73 94
63 8 39
43 46 56
27 68 88
22 54 92
61 66 35
23 8 39
38 66 1
54 48 85
50 10 66
29 14 89
64 74 41
69 67 97
14 67 62
57 51 87
31 69 23
10 41 86
22 26 84
23 19 48
21 74 10
30 74 19
56 70 40
65 42 26
47 22 53
39 68 98
45 43 100
21 30 47
25 69 81
74 41 41
49 1 12
42 70 14
6 40 79
13 3 48
59 61 93
45 5 100
12 28 45
61 11 39
36 72 1
12 61 81
1 22 86
23 40 98
43 68 33
21 65 66
35 53 78
32 9 10
53 62 89
61 31 2
37 40 73
59 35 72
13 42 50
66 72 8
60 45 29
70 28 7
0 12 3
2 59 14
25 72 41
14 33 22
46 16 4
57 35 98
2 58 69
14 60 81
62 32 73
27 22 76
14 55 88
51 56 42
75 64 60
1 33 14
18 71 38
66 49 14
70 9 66
51 40 29
50 59 14
56 74 74
23 43 27
5 33 52
44 18 36
