75 1404
71 23 96
2 65 88
68 49 91
10 65 22
14 3 74
48 21 42
37 63 68
26 44 5
18 74 79
48 29 80
11 52 38
12 36 58
16 11 95
45 61 16
11 41 17
39 51 12
64 68 21
12 61 11
42 59 44
45 1 89
14 47 77
41 10 92
29 58 96
68 62 31
12 32 54
58 20 99
9 61 84
65 40 34
53 31 98
72 64 2
2 5 34
54 26 47
61 48 70
60 10 12
22 27 50
40 72 24
70 67 88
0 31 90
63 30 91
41 4 36
24 17 8
14 1 5
73 58 10
2 15 4
35 58 26
58 43 75
23 60 15
5 9 25
69 18 24
48 7 49
70 46 44
11 29 23
1 3 3
30 40 96
72 37 22
48 2 83
43 21 95
21 13 39
62 58 1
52 69 81
9 4 23
74 36 13
0 34 95
7 63 91
40 35 27
48 69 45
37 42 6
21 59 2
32 51 66
71 12 86
57 49 8
60 33 85
29 16 79
56 23 59
42 72 33
46 45 4
27 23 61
65 59 85
38 48 84
17 18 52
38 27 8
30 31 7
50 64 82
40 45 21
37 74 54
56 59 91
29 23 62
47 58 24
45 0 38
35 51 47
71 8 75
0 27 84
39 64 81
2 21 8
53 13 35
73 38 28
45 2 44
52 31 72
14 72 14
4 10 68
55 42 44
51 46 97
22 68 10
51 1 45
69 43 5
48 34 12
68 12 76
63 36 22
4 34 4
24 34 8
1 70 59
31 61 24
47 3 91
45 42 43
37 61 56
41 28 96
71 33 75
53 56 96
0 74 70
28 0 50
8 53 48
47 51 75
58 6 56
17 22 72
35 47 57
22 7 39
49 12 41
21 14 3
47 28 82
10 23 13
74 27 1
66 11 100
21 65 54
69 24 62
20 72 65
64 3 32
5 17 43
71 65 45
16 66 82
18 68 70
20 12 30
58 13 32
8 49 44
32 60 38
18 71 27
5 4 98
8 26 25
4 32 82
71 55 87
61 33 34
47 8 33
63 52 35
9 69 89
45 19 51
63 73 74
54 35 49
20 62 89
48 20 30
2 58 93
37 12 38
59 11 76
72 49 51
64 36 8
43 54 26
68 14 76
44 34 63
50 25 94
39 9 95
61 18 85
16 10 98
71 2 78
16 22 46
2 67 26
35 7 67
34 9 12
29 0 2
47 69 48
31 33 40
23 62 58
51 0 99
21 27 8
33 65 95
59 0 95
49 27 83
34 3 50
51 58 39
51 49 29
53 2 77
14 34 72
1 22 9
47 73 5
40 29 81
42 57 47
29 12 21
59 68 2
12 41 65
53 5 76
62 12 53
8 27 40
24 4 48
39 46 58
26 42 7
60 41 47
21 6 51
72 35 88
19 56 85
35 14 63
37 30 72
24 32 72
62 27 49
61 67 90
72 55 29
36 3 3
5 10 97
39 54 29
62 36 7
43 12 93
69 56 74
18 64 58
33 47 17
65 69 95
44 14 80
47 0 71
60 45 65
32 59 22
54 1 8
7 64 76
34 1 46
55 21 74
33 37 33
48 62 7
3 35 20
47 18 95
63 64 30
54 64 33
6 30 42
29 25 73
25 34 95
38 71 58
57 26 9
5 70 74
42 67 36
14 10 86
3 13 97
46 19 44
8 35 43
38 70 98
13 57 60
40 62 23
9 64 73
71 47 69
59 22 58
25 54 62
28 11 1
22 9 97
19 59 20
4 48 11
45 10 81
22 64 14
71 48 29
11 61 75
29 1 42
70 14 1
38 31 30
53 18 34
60 13 49
13 24 94
39 3 51
23 61 94
32 36 12
5 39 22
56 71 50
68 58 36
33 46 15
1 28 9
19 34 21
43 68 93
32 28 42
4 38 32
50 70 66
47 21 29
65 27 87
62 33 7
17 59 57
28 4 88
32 49 91
1 27 36
24 58 36
46 16 53
31 7 62
50 1 83
10 38 28
28 58 66
15 14 38
47 48 20
54 60 53
53 39 6
16 12 65
21 30 35
45 65 17
58 26 25
45 18 89
59 64 11
25 28 61
57 51 62
43 70 74
69 22 10
65 5 73
42 56 97
70 13 21
20 10 63
11 20 21
45 64 25
6 20 61
72 47 12
30 55 68
3 4 84
29 41 13
69 36 73
10 53 98
46 2 45
26 48 93
31 15 15
13 4 2
36 35 46
67 58 92
68 25 81
31 56 75
15 61 34
24 3 27
64 6 87
22 15 5
57 70 23
59 27 27
71 50 59
34 22 43
31 63 30
40 32 78
34 17 66
21 26 11
65 63 47
68 38 10
16 61 25
16 26 27
6 55 17
0 46 69
23 54 49
25 17 4
5 21 49
12 31 67
32 72 55
46 3 99
57 68 34
25 8 11
25 65 18
7 30 44
60 17 3
0 11 100
7 45 53
38 42 82
68 71 93
64 28 99
31 70 59
74 55 6
61 29 11
28 39 10
63 57 10
11 21 89
48 23 59
13 52 27
26 41 29
23 8 12
31 13 7
73 33 33
29 49 67
30 2 1
7 73 8
67 11 70
1 24 94
67 17 22
65 74 68
35 23 30
6 19 45
47 25 3
55 40 32
27 36 43
7 14 27
7 27 81
68 9 53
7 50 20
8 48 26
54 4 68
44 51 21
56 2 28
24 7 37
58 52 50
20 31 96
6 24 23
53 58 26
22 4 43
64 32 69
12 51 82
62 72 27
21 42 74
38 21 70
41 18 54
0 10 90
4 74 48
70 47 21
66 26 5
47 45 19
12 1 21
21 46 35
68 47 14
16 74 74
35 42 33
30 35 66
3 50 43
2 68 30
19 73 85
67 35 97
34 70 29
18 55 58
52 22 67
30 19 52
70 24 10
60 40 52
10 73 17
50 17 70
4 42 2
58 71 52
69 70 92
32 61 17
53 16 71
3 16 61
4 60 38
24 59 2
67 51 21
59 44 58
42 18 76
13 41 58
12 6 53
30 64 93
70 41 2
17 46 38
62 63 70
35 28 23
35 63 81
36 37 12
40 39 96
18 13 27
18 34 26
61 57 46
51 61 54
41 73 75
52 20 92
8 46 2
13 68 75
1 73 64
13 66 66
22 40 54
21 44 13
54 69 61
11 24 13
65 51 67
74 52 15
26 45 42
45 57 89
56 67 63
24 42 87
22 26 54
53 19 23
10 11 76
2 0 26
52 61 20
40 23 38
6 43 97
19 15 40
69 2 48
49 67 44
29 50 59
30 67 81
8 50 21
15 17 90
8 14 8
21 35 24
74 34 15
51 52 38
55 17 45
65 26 84
40 69 92
70 28 33
74 38 85
61 17 71
25 58 34
41 54 67
67 7 87
1 21 42
43 4 27
3 23 29
49 20 97
47 29 65
53 50 96
6 66 15
71 6 63
63 34 12
43 41 26
69 35 5
59 41 40
14 33 15
13 2 12
74 69 48
55 0 31
7 4 44
40 73 98
73 37 27
20 29 25
57 25 43
39 74 20
21 8 62
38 35 69
59 30 55
17 3 79
34 38 35
72 5 50
46 28 72
53 20 36
44 65 2
60 3 1
72 36 29
28 7 55
10 50 89
31 11 91
60 37 92
67 36 14
2 12 99
48 30 58
71 42 98
34 55 69
66 69 55
14 9 41
64 41 70
53 35 94
21 62 58
11 39 99
67 41 20
11 64 73
21 15 53
66 46 49
16 6 56
72 44 59
28 18 11
51 22 3
53 49 49
61 34 73
35 56 8
65 12 19
5 52 33
55 44 34
6 7 18
57 9 85
37 7 39
30 22 49
39 29 73
54 46 76
36 7 74
31 9 28
1 31 11
44 5 39
61 39 9
70 7 68
48 40 88
68 31 17
44 7 79
70 15 71
44 60 3
5 7 1
21 63 34
74 53 67
35 34 99
10 7 56
56 74 41
72 46 19
47 19 27
72 24 48
24 39 8
1 43 41
67 54 52
6 2 72
41 52 2
25 51 71
24 36 2
62 9 16
38 43 25
29 68 8
41 48 93
57 46 44
29 18 42
25 39 90
67 62 81
64 43 19
50 20 6
28 49 73
59 33 19
3 49 71
9 8 16
11 27 29
8 59 19
42 68 12
0 62 76
23 52 66
35 49 94
36 40 47
45 9 12
12 8 87
60 68 38
48 1 35
49 4 1
24 66 57
48 32 1
54 12 30
45 3 74
40 14 1
6 56 9
69 23 21
57 20 52
7 20 75
31 55 24
2 28 12
73 6 42
9 35 6
40 6 77
35 65 82
21 7 34
1 60 29
3 27 22
27 13 93
15 39 68
15 72 52
20 70 52
22 36 63
13 46 18
15 8 92
12 22 22
17 53 96
0 60 37
11 47 57
19 3 6
55 13 7
45 58 48
26 70 17
27 25 33
43 26 15
72 21 21
24 50 32
29 54 98
68 11 7
24 60 15
16 72 12
70 39 98
66 71 72
57 41 87
31 40 92
5 49 7
56 25 96
70 11 23
58 19 84
18 4 63
53 45 24
44 13 23
63 43 96
47 40 78
17 68 40
63 28 36
18 16 23
14 53 75
42 40 50
0 16 70
33 8 99
41 19 5
46 30 39
47 57 42
59 73 87
48 57 12
19 9 22
40 4 69
42 36 31
11 51 100
27 17 48
26 38 16
43 50 1
52 30 60
74 73 92
18 60 87
34 37 14
56 50 95
44 45 61
70 72 18
54 28 27
40 38 44
73 17 86
15 3 11
42 1 38
22 33 50
35 68 53
72 38 58
34 42 24
65 58 9
8 56 86
18 6 57
40 74 51
21 9 46
39 33 86
45 38 50
49 60 87
50 52 37
14 55 83
36 18 16
42 9 15
65 36 75
60 55 38
32 27 91
59 38 32
36 8 78
46 49 70
40 50 39
47 63 25
6 4 4
31 35 23
52 14 93
70 23 91
20 36 91
19 0 67
69 39 2
30 70 19
2 16 63
8 42 78
5 45 14
16 33 60
25 70 60
24 71 66
71 73 23
59 74 46
23 47 20
29 3 56
56 44 30
38 50 86
33 35 59
70 53 40
38 24 90
6 33 34
42 47 44
66 63 80
68 6 29
33 0 41
21 20 9
67 64 12
18 52 33
69 45 86
32 56 23
20 56 58
57 44 5
16 7 6
54 44 30
32 46 7
17 19 85
24 73 41
3 0 51
7 60 28
61 59 25
40 5 99
65 0 32
21 74 29
41 24 38
31 8 78
71 70 36
65 48 47
23 4 3
51 34 81
18 59 59
9 23 44
57 11 44
17 21 83
58 33 23
16 31 9
56 48 47
3 11 91
19 38 35
3 58 65
50 28 86
27 67 76
38 11 61
47 50 33
67 16 27
54 53 64
63 23 46
69 64 96
2 7 63
42 41 2
33 3 49
20 18 93
61 2 37
14 73 23
14 29 64
56 49 15
1 18 79
65 7 82
13 0 55
32 73 64
19 33 48
44 48 7
6 51 44
20 28 1
50 42 16
9 40 31
54 71 19
28 29 14
70 9 97
49 52 76
39 19 26
10 21 28
8 32 80
26 52 26
42 39 64
40 46 72
46 15 10
22 71 90
37 3 14
67 10 49
54 68 9
47 59 48
52 59 73
13 71 35
33 55 71
54 45 81
60 43 85
25 26 77
14 5 99
28 17 23
5 29 34
73 26 5
59 62 69
7 11 64
52 70 21
66 44 81
8 69 52
14 12 62
58 57 31
14 37 34
31 23 58
37 52 58
8 52 30
31 19 14
58 39 12
49 17 41
37 28 61
29 73 28
6 57 83
63 45 62
65 19 27
16 38 23
68 15 56
48 58 18
23 45 5
62 43 78
23 34 53
4 17 48
10 47 87
55 43 3
48 51 100
16 57 32
24 52 8
71 5 71
49 58 4
25 6 85
17 7 42
70 17 1
43 72 25
37 71 28
57 67 71
27 54 3
12 19 12
37 2 31
33 44 64
19 54 21
50 30 76
25 73 12
0 7 39
33 25 1
38 9 63
58 16 43
70 58 63
34 65 12
47 1 72
13 16 5
67 63 21
51 16 52
51 36 60
47 38 70
36 59 59
54 18 57
62 53 17
35 50 53
33 64 89
9 15 8
60 71 98
57 66 37
30 57 18
30 25 83
73 15 62
20 44 32
10 1 78
69 11 54
60 64 98
51 40 47
70 45 44
62 11 40
17 33 24
73 52 77
39 72 69
46 7 79
53 9 7
55 68 6
27 10 72
20 71 30
4 33 84
13 1 4
26 5 18
46 42 15
27 73 46
19 5 54
32 18 86
71 67 56
5 13 6
39 20 26
22 29 36
18 72 89
4 0 36
32 14 17
68 73 94
66 54 76
51 41 71
56 66 25
44 73 31
62 8 33
22 38 10
45 28 37
17 26 49
36 66 59
47 60 85
9 25 33
56 3 8
72 48 17
46 14 48
22 10 40
69 25 13
59 4 51
74 9 23
32 10 48
3 20 35
0 64 19
32 0 80
51 26 5
47 65 89
49 42 7
11 14 56
73 55 27
66 20 88
34 10 32
62 3 68
15 0 90
25 5 74
70 55 67
28 69 46
71 61 22
49 21 68
72 7 25
57 53 1
32 25 37
74 68 89
19 14 100
9 10 87
11 63 80
21 41 70
13 72 79
6 42 49
1 38 98
17 47 70
12 0 34
56 13 16
7 49 36
9 6 44
33 72 22
4 35 73
34 32 19
73 56 18
47 53 73
37 54 51
8 30 70
14 49 46
23 1 15
69 33 93
74 58 12
36 5 23
23 36 68
13 9 68
51 59 91
10 26 58
4 63 1
24 30 71
70 16 79
65 22 5
25 67 26
14 26 86
1 74 35
53 33 86
4 2 90
72 29 86
30 4 78
48 16 4
36 17 38
46 53 80
42 14 69
2 57 83
62 2 85
1 62 32
9 51 5
53 4 57
7 1 49
67 4 92
31 22 9
43 47 29
31 26 55
16 21 87
18 46 100
12 72 14
57 12 62
28 42 76
40 66 40
69 15 91
53 66 32
73 43 42
63 48 61
24 57 9
64 42 60
69 50 62
0 54 37
42 13 71
13 54 52
38 69 89
31 43 14
50 19 73
48 25 81
2 38 73
53 59 52
10 30 63
16 69 71
63 71 32
59 10 99
1 56 60
50 16 43
48 49 56
26 0 52
67 60 39
34 33 83
20 8 11
44 24 1
43 52 83
70 64 37
43 20 51
6 31 64
54 34 10
62 7 32
68 32 91
1 6 38
14 2 96
52 25 35
30 66 20
62 51 6
15 74 12
17 10 57
59 13 91
65 42 86
46 69 4
17 54 96
66 60 76
65 70 65
26 3 76
24 15 45
8 66 36
16 40 45
19 10 85
23 67 61
39 6 6
70 21 67
23 14 9
31 66 97
41 17 32
5 48 76
42 63 25
35 25 97
44 23 93
16 25 47
23 12 31
34 59 97
59 48 72
29 13 76
47 44 97
37 56 88
45 62 79
0 37 66
48 13 2
22 60 17
44 52 29
41 15 19
52 2 17
13 62 52
53 32 16
63 1 73
59 16 99
49 30 94
65 39 69
20 42 42
44 32 20
16 8 63
46 23 29
61 28 28
20 14 32
17 58 60
15 11 70
36 49 66
62 66 32
34 2 6
5 35 31
15 4 51
61 73 82
40 19 98
70 33 27
41 71 38
58 12 14
27 64 63
25 71 55
15 55 51
6 61 77
8 5 27
14 18 28
15 60 86
28 19 7
8 10 8
69 62 17
37 11 20
47 6 76
49 31 52
63 10 57
57 33 47
49 65 99
72 6 7
23 30 61
15 52 17
31 25 34
73 13 95
72 26 33
73 35 44
11 19 14
2 43 91
19 36 47
71 0 76
63 22 37
68 67 4
24 48 83
50 74 80
60 16 31
2 24 39
54 56 89
39 18 12
51 20 23
16 30 7
27 46 42
54 20 18
35 45 95
54 63 70
28 56 59
56 43 12
39 56 23
9 71 6
74 57 35
68 46 96
34 40 61
12 28 34
71 32 80
3 9 16
64 24 78
69 73 83
22 57 10
63 3 18
41 49 51
57 64 75
50 9 6
50 67 87
54 70 52
44 46 95
33 29 3
4 26 15
50 72 36
51 15 87
30 34 30
62 64 1
43 30 66
0 48 30
17 38 100
30 29 55
72 74 89
54 5 46
70 63 39
4 8 11
60 61 28
43 0 9
7 61 2
18 44 20
20 32 25
55 9 40
13 61 46
29 65 47
41 35 63
9 72 17
27 47 41
61 41 88
38 55 80
66 4 78
17 42 9
36 33 71
45 21 83
21 69 87
73 9 79
39 68 34
47 32 37
40 56 43
44 70 33
23 16 62
28 26 77
74 23 95
3 42 26
69 19 15
8 11 12
40 15 74
41 33 30
62 4 51
27 51 84
66 0 80
1 26 36
2 50 78
20 61 4
54 48 18
58 4 87
3 32 33
32 11 91
68 8 21
13 6 42
21 22 6
54 62 99
55 37 58
33 63 59
39 1 26
71 11 21
35 29 18
37 9 37
31 39 22
10 66 2
70 49 65
65 1 24
59 25 82
39 17 50
22 49 18
14 66 60
71 1 82
3 40 54
58 10 12
63 2 96
2 54 82
54 40 75
68 50 87
32 15 13
26 30 88
64 71 79
28 27 96
14 59 89
41 44 23
46 37 39
39 55 71
36 15 47
6 74 42
9 48 18
26 55 18
11 53 57
33 32 96
73 34 75
23 7 79
18 57 4
14 41 44
34 27 10
27 60 16
37 43 94
22 70 88
19 57 23
23 13 61
62 56 6
63 61 33
15 1 92
10 56 87
39 10 9
45 68 39
74 10 14
12 73 38
65 23 40
70 18 68
2 1 45
17 72 60
38 0 70
60 11 31
55 10 15
36 30 59
64 29 88
52 1 3
15 18 44
14 57 39
73 48 32
61 47 74
14 36 41
12 63 87
43 59 63
37 68 91
52 0 90
28 52 5
54 24 47
44 63 95
44 0 76
52 64 72
18 31 1
27 44 81
56 33 38
72 45 40
46 60 33
38 5 58
59 12 55
43 57 63
22 56 11
65 62 96
9 1 64
67 46 65
66 39 26
69 5 75
56 9 7
38 63 80
69 30 24
53 69 72
46 9 65
37 51 70
1 69 87
6 36 75
5 3 18
41 1 89
17 57 99
35 37 35
62 26 8
16 15 7
72 1 9
56 7 76
53 38 23
37 50 77
20 64 29
66 9 87
25 63 61
14 54 76
39 23 18
55 32 35
39 47 17
50 41 31
13 12 92
54 59 61
44 2 11
54 57 54
29 71 54
47 56 4
29 56 65
38 14 35
16 47 60
7 39 70
37 65 61
33 11 78
66 43 36
5 18 4
26 50 6
43 13 82
74 48 5
48 64 60
20 34 96
31 17 85
41 32 63
43 11 56
0 30 100
58 60 86
19 64 58
32 43 85
62 24 70
