88 2272
27 37 55
33 70 39
58 61 57
34 83 43
70 13 10
38 51 40
80 87 64
76 37 28
25 11 33
22 5 57
4 59 4
5 76 33
63 49 77
2 62 54
73 71 95
19 24 38
70 52 81
58 11 97
75 50 4
20 43 22
9 47 94
37 39 83
42 19 7
84 63 93
87 46 89
11 42 32
78 69 13
31 72 90
57 82 58
76 71 11
84 11 3
82 3 89
4 45 46
20 14 74
54 64 69
24 45 64
85 62 65
25 55 50
40 30 34
83 59 66
50 69 5
36 54 18
73 5 40
0 13 53
74 71 63
81 41 15
46 21 56
36 13 37
76 22 31
16 29 29
46 0 56
68 69 77
49 60 98
51 32 53
45 7 61
5 10 94
46 64 43
74 77 35
28 55 34
12 41 44
81 0 84
85 3 31
84 77 70
3 21 76
76 86 26
56 8 38
19 63 36
17 32 35
79 78 93
9 12 16
74 43 52
9 52 72
15 82 22
3 5 28
61 52 26
58 56 13
31 2 92
66 15 60
8 78 56
30 82 90
80 58 39
43 26 6
38 41 6
29 10 94
67 86 17
25 71 12
35 27 38
76 33 10
85 24 93
10 21 85
55 59 19
57 37 9
77 39 38
80 82 52
79 2 3
84 39 68
5 62 14
34 75 32
0 57 68
15 43 80
20 16 65
52 53 17
82 31 65
41 85 15
82 59 34
58 67 12
86 33 41
36 70 61
31 34 67
9 24 32
27 67 95
28 60 30
62 38 52
79 76 54
19 52 50
28 43 7
78 34 20
47 6 9
51 15 83
78 9 63
69 0 34
66 43 42
56 22 100
38 81 28
46 34 62
67 60 88
81 72 22
50 14 29
60 36 76
80 27 92
21 58 90
56 37 73
48 32 59
49 20 95
34 49 33
14 10 71
84 7 88
39 47 16
9 75 38
12 18 68
85 86 50
66 49 31
73 4 53
79 55 27
16 85 33
61 32 19
2 59 44
32 31 34
60 57 68
43 36 4
67 22 52
7 59 36
43 23 96
55 53 3
38 73 85
1 42 34
3 16 61
18 51 90
37 34 34
21 32 27
43 10 27
16 15 73
44 67 70
10 83 40
44 7 29
56 67 66
41 58 51
1 16 15
8 32 23
43 70 50
64 71 40
41 80 17
29 6 83
31 73 57
45 31 22
36 58 56
42 77 71
18 8 68
71 26 22
87 6 56
58 30 25
29 71 66
21 34 28
65 81 67
47 72 18
50 4 43
53 59 83
87 77 99
21 77 47
59 48 80
84 5 91
15 74 6
86 2 87
76 44 38
16 22 54
82 74 69
62 72 49
59 45 10
10 49 58
13 71 94
58 34 64
66 50 70
53 3 30
77 54 43
0 53 44
44 39 18
26 35 24
47 78 20
34 50 44
56 77 64
65 32 38
11 59 59
69 22 30
3 63 78
26 82 7
85 9 97
23 8 91
6 10 68
0 68 68
51 31 49
56 6 92
30 37 85
41 22 36
30 20 35
58 4 40
10 62 80
28 25 3
68 46 92
8 80 61
13 17 59
40 69 19
44 4 18
38 54 27
22 15 28
31 55 45
26 14 76
62 48 27
77 72 23
74 75 95
32 3 6
6 32 14
2 27 96
77 12 78
49 24 68
70 63 45
58 64 61
29 75 55
23 1 8
27 29 88
84 34 42
45 77 34
53 74 23
57 34 19
2 67 9
26 19 70
43 77 15
41 5 57
65 69 7
36 15 51
22 37 32
69 60 35
66 58 73
4 75 32
68 85 85
82 29 40
0 42 98
24 84 32
54 7 15
5 14 84
70 45 47
11 69 31
42 64 70
57 76 2
43 46 26
46 50 35
39 8 26
54 29 4
35 61 85
0 73 76
6 2 78
76 80 1
65 11 90
77 41 58
56 68 13
13 67 28
14 25 96
5 72 29
49 14 38
25 64 21
44 30 67
58 33 3
86 36 51
41 25 45
66 77 54
72 36 7
7 86 13
3 76 61
11 51 92
84 49 63
17 61 2
38 37 90
15 81 36
8 35 72
68 2 57
34 63 56
11 78 66
23 72 11
32 2 29
12 69 52
18 60 41
20 62 36
66 35 82
61 24 14
17 65 58
80 64 20
35 45 77
35 57 97
2 17 30
83 62 4
4 51 91
71 16 26
69 55 17
7 17 44
35 16 65
55 22 86
24 63 2
10 47 59
86 18 47
37 29 9
5 61 95
39 56 79
85 31 71
14 69 91
35 59 98
8 13 48
40 50 28
45 67 13
60 79 97
1 22 92
72 46 13
57 75 66
84 10 96
37 24 60
4 13 16
44 45 92
3 64 43
3 79 46
7 40 18
74 28 53
31 61 40
41 33 97
87 28 30
70 64 21
87 70 62
43 1 94
28 75 1
41 46 31
39 87 44
9 87 33
26 42 91
6 20 56
31 83 47
53 45 71
72 28 39
26 61 84
59 73 49
30 52 66
9 19 73
28 53 60
16 81 20
16 80 80
78 35 78
30 27 19
60 85 66
85 84 32
7 41 97
7 23 41
87 20 82
49 6 12
82 77 2
54 31 73
51 53 73
81 59 15
83 35 82
55 23 7
16 18 42
72 17 73
71 28 38
70 60 88
1 70 11
31 27 43
25 16 62
1 56 100
70 51 54
52 81 66
48 70 28
49 86 87
67 9 94
83 19 98
76 82 97
36 35 71
52 68 26
63 30 21
82 17 56
57 14 34
7 42 28
26 73 96
23 70 9
60 82 29
84 51 85
63 69 14
30 7 96
53 50 12
42 86 31
8 75 50
26 13 98
15 14 81
6 27 64
9 43 64
66 63 51
55 52 72
43 48 11
10 3 29
1 6 1
11 72 12
4 74 27
3 18 2
6 23 3
69 56 8
35 49 49
27 68 61
79 42 100
55 76 78
23 48 96
61 85 11
82 49 57
85 78 6
87 30 79
67 32 63
49 70 75
2 85 54
66 46 17
71 81 87
41 34 72
12 70 5
71 63 94
74 57 19
2 44 89
22 80 21
15 85 65
11 36 79
52 36 44
48 9 97
20 48 75
20 47 44
40 15 64
38 7 94
31 60 12
59 27 49
42 53 29
79 65 35
20 64 77
54 45 44
10 16 17
51 2 15
75 38 16
7 62 10
66 80 5
17 62 41
34 20 44
15 6 22
22 87 50
16 5 11
14 28 76
65 29 90
3 51 46
63 73 72
4 32 21
66 78 85
47 65 71
21 79 26
85 55 19
22 11 1
68 84 67
28 86 61
33 81 56
63 12 81
38 52 48
81 34 92
38 67 56
10 63 74
51 71 23
48 26 25
83 42 66
36 47 89
60 32 26
68 29 3
15 24 53
52 86 60
51 54 73
40 51 80
15 56 2
73 67 95
48 68 7
2 35 28
16 51 96
79 81 53
53 79 44
63 62 39
34 79 4
24 41 41
25 86 91
68 44 94
18 6 87
29 46 37
46 62 6
43 80 14
40 38 53
18 19 48
11 81 1
6 82 25
40 34 95
54 85 29
34 71 25
9 17 81
57 49 83
74 55 20
11 35 49
38 1 9
16 41 29
51 79 47
43 53 29
75 39 8
78 71 50
28 57 56
41 57 49
32 53 59
79 8 79
42 78 70
8 27 97
37 59 37
34 69 36
79 87 45
65 58 51
52 67 27
21 70 71
51 12 60
21 81 53
43 76 16
8 1 90
70 37 67
43 34 51
67 84 17
22 49 71
69 25 72
86 57 44
36 10 36
84 33 41
34 44 4
72 42 83
72 56 25
67 7 66
70 56 44
65 56 27
73 49 5
80 32 52
60 11 78
80 46 24
68 62 59
19 50 30
18 77 3
26 50 85
66 38 61
74 12 13
71 22 60
44 29 74
47 67 68
44 26 12
82 87 78
0 1 82
61 39 68
28 59 14
74 26 59
36 17 14
29 5 59
67 53 27
23 42 23
78 29 25
66 83 83
51 57 63
78 67 42
55 64 59
66 23 31
61 37 62
40 48 83
64 59 73
24 34 68
83 49 43
29 47 100
29 11 78
32 1 85
62 12 67
9 33 26
24 81 64
33 13 55
7 82 31
24 38 86
5 44 45
62 4 68
30 41 92
12 43 16
48 25 74
10 71 46
59 67 24
49 78 10
81 50 89
80 37 13
16 62 31
62 65 61
31 87 46
71 61 73
66 21 83
86 46 13
37 35 78
78 58 47
27 75 81
15 20 82
64 83 96
1 48 98
3 12 19
15 71 97
31 10 24
57 8 94
56 41 2
35 42 25
5 80 51
75 37 34
75 2 12
60 4 70
11 30 99
30 78 38
79 45 84
49 7 28
26 64 57
5 56 73
17 76 75
35 72 4
59 12 38
40 66 91
47 43 30
2 5 35
38 77 29
48 65 93
32 39 31
80 63 88
23 77 56
67 12 16
75 32 31
87 34 68
78 50 67
43 13 27
63 9 53
36 53 85
19 47 60
14 38 24
77 68 20
39 35 92
75 81 14
16 75 46
28 30 50
19 64 2
79 0 63
18 87 52
2 29 90
70 72 79
3 36 19
17 67 59
71 62 3
33 11 87
72 40 3
84 75 99
72 66 31
38 9 15
22 26 97
9 15 68
52 13 84
32 46 48
2 84 2
76 48 51
87 36 37
30 60 80
68 47 60
52 1 30
8 61 56
30 5 81
55 14 6
39 49 66
12 23 52
44 21 80
72 69 50
13 27 92
72 26 22
53 54 37
23 52 33
25 80 88
60 14 43
33 80 21
2 81 43
29 51 23
15 46 11
53 83 44
6 17 30
30 49 90
24 42 4
60 63 67
40 71 41
68 3 67
84 62 34
31 50 48
70 34 33
34 39 10
19 34 16
74 7 92
55 30 60
72 82 95
43 44 37
83 16 86
30 68 55
58 84 29
58 23 31
2 55 94
5 33 11
63 86 37
61 33 25
65 71 57
87 32 21
18 76 94
79 82 24
36 20 2
19 15 85
9 28 33
69 27 65
40 58 55
69 46 74
44 50 54
12 45 75
2 54 48
41 65 43
51 14 21
38 83 52
57 38 38
77 79 97
58 14 24
55 61 80
68 32 46
45 38 79
20 17 46
7 8 59
41 45 47
40 18 23
21 56 32
31 46 30
54 39 37
19 75 80
41 64 82
68 8 39
37 85 60
23 75 49
39 62 67
87 19 4
78 31 52
39 14 89
16 39 33
12 48 40
66 70 9
41 42 2
72 18 45
31 66 74
71 43 24
48 60 38
62 34 27
54 66 21
18 80 22
53 81 34
15 86 3
54 12 12
17 55 63
56 60 52
52 29 60
35 84 80
70 44 52
38 36 72
64 6 76
50 54 20
48 33 68
50 55 56
21 84 5
18 20 93
81 1 48
79 32 18
23 18 40
24 26 45
62 57 50
66 13 3
48 71 34
16 70 11
45 3 1
58 87 68
5 75 35
56 51 28
24 43 82
42 8 69
28 33 99
36 46 18
47 79 94
71 14 34
49 41 43
25 27 57
52 35 15
76 63 16
8 62 90
72 32 69
52 20 92
41 31 3
1 36 82
48 5 11
39 31 65
17 8 68
64 30 11
85 52 29
59 49 34
16 9 11
1 78 47
4 19 38
75 42 37
27 65 88
48 39 71
40 4 34
19 84 51
3 81 75
17 64 9
83 85 80
15 10 48
7 57 2
74 41 44
31 74 97
10 25 73
6 13 36
65 50 67
80 38 3
69 45 42
7 27 34
68 49 79
34 67 85
40 17 19
55 56 60
77 81 21
1 24 26
29 0 20
42 18 37
24 29 96
36 57 97
81 26 24
67 55 13
51 60 97
64 33 32
35 5 44
45 15 45
28 46 17
37 66 85
33 55 89
34 76 45
85 87 83
13 83 35
27 76 57
1 4 54
72 58 58
54 68 51
60 39 15
29 70 61
51 26 8
40 33 34
59 29 64
17 14 80
35 51 76
2 21 38
81 78 53
40 26 98
52 18 78
32 50 99
13 77 29
11 15 20
87 51 38
47 50 38
45 87 32
48 78 56
23 53 1
42 20 63
3 78 86
75 21 57
49 53 19
10 24 9
17 73 78
63 43 60
27 18 98
11 76 1
46 25 96
16 84 88
39 18 36
70 28 34
18 41 95
24 64 8
17 78 8
85 13 5
10 34 75
8 3 10
73 76 22
82 67 99
9 3 95
37 20 3
53 65 88
54 73 90
40 73 49
87 64 54
65 31 5
6 78 98
69 24 84
54 55 40
61 16 24
81 12 63
38 60 76
62 35 61
58 38 46
4 56 66
44 52 95
49 65 77
82 4 73
17 87 76
15 25 47
42 44 58
10 51 70
45 19 95
2 65 82
11 57 92
21 71 27
34 74 40
40 43 21
37 36 72
73 56 19
57 77 71
24 30 17
47 44 5
56 11 77
7 66 70
48 37 31
69 41 100
12 42 36
45 49 9
44 14 72
69 18 18
80 34 29
81 66 56
62 21 95
8 66 78
42 34 61
3 72 37
32 15 95
61 51 93
43 22 35
43 16 26
50 51 48
17 74 98
4 72 1
6 73 91
37 58 86
85 69 37
53 63 1
8 12 80
68 17 46
46 60 45
13 72 28
62 55 41
31 36 74
57 39 27
82 78 95
68 71 15
50 87 47
87 81 48
1 10 92
58 52 43
36 66 46
42 6 65
6 31 37
32 10 9
48 35 28
19 38 72
62 40 52
77 7 84
11 61 92
69 29 58
68 33 28
46 39 59
58 44 98
77 5 99
50 23 39
83 58 2
41 29 94
24 76 72
27 71 48
59 52 39
84 27 69
68 21 13
50 84 17
7 81 21
12 53 65
67 75 10
12 7 44
1 18 46
3 4 68
36 23 41
6 63 38
10 59 60
24 5 24
17 71 56
39 45 73
68 79 39
25 22 36
71 19 62
1 47 26
4 14 67
14 40 90
11 62 7
12 35 90
44 19 89
45 57 34
45 30 19
50 37 94
20 39 40
54 58 31
74 64 41
68 22 48
81 82 40
71 53 51
38 84 94
61 59 29
86 44 72
22 42 24
26 46 5
14 87 21
60 64 32
40 41 24
50 38 87
87 23 72
47 11 67
31 1 96
6 57 24
71 80 75
86 55 6
12 56 97
47 27 59
21 35 29
71 32 99
38 0 90
86 81 91
4 52 15
25 47 46
57 68 1
23 24 3
41 36 63
54 0 23
32 44 93
37 46 63
45 76 29
16 69 61
73 55 83
35 18 29
43 83 63
72 80 93
43 19 50
47 4 33
60 72 92
25 50 81
15 34 53
51 78 74
57 63 86
5 58 34
34 61 46
9 10 72
70 54 30
69 66 14
34 38 96
69 77 93
76 10 17
23 3 33
73 75 58
86 12 29
66 33 8
37 87 93
40 65 21
23 37 42
38 5 66
67 80 43
7 13 31
0 45 86
25 49 66
25 63 66
22 27 84
12 6 18
66 52 15
11 34 91
1 57 82
87 5 18
4 48 77
63 65 96
80 61 42
60 77 30
83 68 28
8 51 92
25 79 7
70 18 33
12 36 86
67 64 61
7 71 12
74 45 64
70 83 63
37 3 40
59 71 33
71 11 36
5 70 82
4 46 98
57 56 50
23 57 61
44 73 76
17 84 26
26 55 90
77 26 82
79 18 31
59 69 40
84 45 47
20 46 26
4 61 20
71 1 49
78 25 62
5 4 19
39 59 83
60 3 75
39 38 74
41 0 23
25 5 87
54 35 46
43 58 22
79 59 58
21 76 28
17 39 83
37 53 75
61 36 65
8 6 21
26 67 40
86 79 66
49 27 36
40 20 83
52 6 15
85 50 14
11 41 87
53 15 98
6 69 13
73 39 70
3 35 62
28 54 97
2 43 3
56 63 27
2 1 75
64 11 96
46 1 60
31 81 12
70 15 9
76 25 11
74 84 36
39 52 19
15 64 50
23 73 50
48 80 22
72 37 65
79 49 14
74 19 18
0 19 32
83 32 29
31 53 52
15 63 71
13 55 13
74 32 79
65 7 59
61 45 22
83 18 9
2 9 96
52 80 67
65 1 100
54 62 56
42 87 90
71 66 98
74 14 2
3 34 88
77 55 38
72 9 85
51 58 78
85 80 95
84 36 93
57 61 16
84 13 100
86 16 100
81 46 28
85 25 76
50 15 80
7 75 98
69 64 78
18 28 39
53 24 45
26 84 86
6 58 96
82 23 22
55 70 92
68 58 45
14 54 87
63 82 90
18 10 58
38 21 70
40 49 86
16 60 58
31 56 28
41 84 98
79 19 29
22 21 51
72 8 76
8 21 94
6 35 75
24 12 62
36 40 22
84 57 83
78 22 2
11 55 36
10 52 43
45 62 42
30 31 68
21 53 82
22 81 19
33 78 71
73 24 16
77 75 13
29 61 3
78 87 63
11 5 3
61 18 88
81 49 31
87 66 51
51 5 85
64 61 74
23 13 91
64 57 51
4 53 74
48 69 82
28 36 34
57 18 99
81 48 9
63 29 71
21 64 37
85 51 36
14 8 62
87 40 31
48 31 59
86 30 97
51 73 45
32 69 44
50 29 77
75 10 35
48 57 71
3 59 36
47 32 40
17 44 35
64 13 6
4 18 55
25 30 92
47 56 45
74 68 64
20 86 20
67 14 39
27 53 57
62 28 33
50 36 63
75 33 29
74 69 4
8 73 20
9 36 61
66 65 11
19 66 50
59 65 98
33 24 24
11 85 31
25 20 9
22 82 66
57 80 72
31 18 4
75 51 16
18 15 41
57 31 68
83 15 79
8 87 40
68 78 4
67 40 58
7 6 50
80 11 95
50 60 93
17 11 3
35 46 74
75 17 58
28 51 85
23 10 2
46 73 51
25 8 87
42 5 59
73 43 56
81 58 62
29 85 95
46 83 6
33 29 87
59 40 69
21 57 80
73 22 75
29 74 68
17 35 98
69 58 36
18 22 34
16 49 10
19 11 78
26 85 40
17 43 49
34 53 94
82 38 73
27 48 19
14 13 7
57 72 85
7 53 35
65 78 35
51 47 42
80 47 65
5 27 71
19 39 31
2 61 86
78 16 89
38 86 63
19 36 67
24 27 49
24 14 89
42 14 70
55 47 68
26 70 90
58 60 78
1 55 46
70 9 81
82 18 84
59 84 4
53 69 14
55 41 2
28 64 70
37 84 16
3 56 42
72 15 26
18 11 1
70 81 39
61 60 46
35 86 57
82 37 46
65 9 100
14 6 36
47 8 67
11 79 69
21 25 18
75 60 61
65 5 16
23 54 45
48 67 79
17 25 13
4 25 61
65 39 58
74 81 58
60 15 51
52 31 48
74 59 65
18 44 61
52 57 21
70 59 6
18 55 11
2 28 62
8 9 15
21 82 10
34 25 1
33 22 24
39 1 4
58 24 60
77 63 76
36 51 52
61 14 3
13 1 61
16 63 96
77 62 38
67 10 8
70 8 19
11 53 97
5 85 94
81 85 2
48 77 67
59 47 94
13 31 8
11 46 90
80 44 97
86 80 50
49 48 48
31 70 1
44 55 81
26 68 87
2 26 75
41 70 15
63 2 30
8 19 51
23 30 94
82 45 74
86 3 5
52 54 70
71 30 61
4 34 31
74 30 62
25 58 68
65 20 98
19 86 48
77 50 60
78 83 99
81 57 29
63 64 58
68 53 98
84 25 6
14 59 46
2 52 52
3 40 52
0 76 18
34 2 60
44 59 69
3 61 5
18 67 5
24 40 36
37 40 94
86 39 69
2 56 26
28 42 64
17 56 38
66 62 56
36 39 39
79 27 80
51 59 71
0 4 37
24 86 99
24 72 37
42 82 26
53 22 25
9 13 86
79 40 45
60 33 45
72 6 26
67 87 71
3 42 17
52 25 20
22 9 37
51 46 66
19 16 70
29 83 14
5 71 67
58 46 88
16 59 45
42 30 95
18 68 26
48 19 2
28 29 47
52 27 89
63 61 88
21 80 91
22 72 57
46 14 23
73 35 75
22 6 91
73 30 65
10 12 61
29 87 50
25 37 93
66 25 5
61 70 9
12 11 13
57 33 62
64 62 15
27 58 52
18 84 28
62 43 15
13 50 47
36 65 20
19 22 42
65 22 68
80 4 76
3 66 75
34 23 42
19 65 33
27 19 24
87 84 89
42 9 51
22 13 55
75 83 64
65 15 12
73 84 7
26 15 44
31 24 74
87 15 41
60 6 100
6 25 29
21 73 33
85 64 93
37 83 28
73 34 15
25 73 65
11 82 57
40 19 62
47 38 85
78 40 61
38 70 30
68 13 67
44 77 56
20 41 14
20 26 45
78 14 23
17 80 27
12 78 93
3 49 22
22 86 65
74 76 95
27 17 75
27 74 19
63 50 96
64 53 28
85 8 95
61 48 70
35 81 70
70 46 56
67 30 57
21 86 86
28 37 64
75 56 60
77 22 46
40 46 45
66 74 28
10 19 84
44 71 83
24 57 95
54 10 67
55 71 61
79 61 17
21 13 99
37 5 64
49 29 94
8 83 26
11 75 29
56 27 56
38 49 61
41 63 55
39 22 8
13 25 91
86 14 18
66 16 84
31 22 50
47 0 82
78 73 88
59 34 16
10 77 67
72 0 2
44 40 48
6 46 39
65 84 92
47 61 54
74 21 98
65 43 63
5 13 99
31 63 8
70 57 71
78 39 23
28 13 22
25 38 85
24 59 63
61 19 92
28 3 3
27 66 25
22 32 15
45 56 98
70 17 25
37 26 84
57 83 16
69 33 36
71 46 85
15 48 34
26 10 63
33 56 78
34 13 80
67 15 93
59 80 32
69 83 33
78 59 57
33 71 29
77 70 97
56 71 94
22 44 31
31 37 11
61 25 37
52 42 92
53 20 67
28 48 23
7 15 54
28 15 98
30 14 50
55 29 29
39 5 41
26 18 75
84 53 29
25 68 53
24 52 28
79 71 65
30 29 5
13 19 44
24 79 38
68 16 81
63 78 51
54 84 51
47 24 99
8 67 66
57 65 9
24 17 17
65 60 77
23 32 92
20 38 84
74 44 79
20 55 24
24 8 62
43 29 71
5 28 98
72 55 23
2 8 94
65 64 95
53 73 39
65 4 10
43 84 50
63 58 44
14 80 78
18 45 95
17 3 96
30 61 72
33 34 93
4 81 43
10 72 29
12 0 65
9 79 25
83 3 84
77 35 68
4 37 12
62 87 67
37 12 34
53 70 98
61 67 49
71 52 36
43 14 81
44 83 97
49 0 24
30 48 60
65 83 76
36 34 93
42 80 22
19 56 38
70 79 99
2 20 28
18 65 12
74 70 21
62 29 58
38 12 22
56 13 40
32 27 82
8 69 30
64 14 86
82 41 35
16 56 87
50 52 2
80 2 88
2 18 40
19 59 37
24 20 92
5 49 40
71 4 79
34 45 27
62 24 76
37 71 46
75 15 16
59 13 40
8 33 6
66 22 86
27 4 49
24 16 57
4 43 31
13 30 16
73 28 57
56 49 97
24 22 100
40 64 6
75 36 36
72 75 17
68 73 90
77 14 49
43 81 4
62 14 52
67 36 5
14 47 39
8 64 86
46 13 19
30 4 8
13 61 29
40 47 73
47 73 28
16 23 1
64 44 83
7 24 69
22 20 72
29 60 33
69 86 4
4 15 91
54 79 97
6 24 11
86 37 68
34 65 92
78 19 43
7 51 90
80 12 87
45 40 20
83 87 98
16 42 37
52 75 93
17 58 82
74 50 84
29 4 83
33 36 8
86 70 87
31 76 73
3 6 27
45 32 41
35 25 36
81 40 70
46 76 46
53 78 76
26 34 79
73 10 83
29 14 57
46 8 32
32 30 84
52 62 76
20 33 95
52 49 58
86 31 38
30 65 30
47 30 47
36 49 11
85 48 76
55 81 80
44 31 76
55 32 21
60 8 27
54 18 93
76 42 91
50 59 43
24 82 68
55 12 43
63 26 66
43 67 47
25 40 14
14 56 18
42 85 15
9 44 94
11 24 16
66 48 28
36 69 64
65 8 76
9 71 50
12 73 51
53 44 25
80 28 85
84 14 20
32 76 86
84 4 50
35 79 77
37 8 42
38 55 49
74 33 76
9 58 89
74 1 11
84 23 88
2 45 30
49 11 35
82 34 6
50 45 65
5 66 41
5 78 46
9 23 26
31 67 46
8 30 91
73 37 70
49 17 55
12 16 74
35 64 97
30 18 86
28 10 9
19 60 23
71 42 87
50 30 57
26 17 62
40 80 63
17 59 6
39 81 78
7 9 50
0 2 85
82 75 43
86 10 31
12 19 97
27 64 5
2 38 84
5 20 25
86 83 33
44 60 97
49 72 28
71 31 88
78 64 54
49 54 63
52 64 65
3 33 46
15 54 10
40 8 15
68 41 18
13 82 78
86 73 90
19 37 46
83 2 82
62 36 99
65 67 24
22 14 36
53 33 26
50 73 67
28 82 80
59 86 5
84 83 99
28 66 30
34 48 28
79 66 14
6 26 100
49 67 99
81 51 82
7 34 29
59 26 46
79 22 58
85 70 97
40 42 14
22 17 94
55 34 42
39 10 52
51 34 77
85 20 32
9 51 47
29 40 90
52 78 26
20 3 91
50 57 78
81 13 3
27 73 36
66 29 31
34 86 34
4 55 64
52 22 53
36 6 69
44 12 57
49 47 12
18 7 40
51 41 15
1 21 79
42 13 78
6 66 96
9 59 45
46 61 45
82 55 72
73 13 32
48 3 56
83 81 26
83 67 8
33 59 18
85 77 94
1 44 95
74 63 21
41 61 21
15 78 49
6 80 50
47 85 75
11 66 48
87 59 43
66 17 70
83 36 57
10 8 99
39 70 4
27 3 85
7 21 86
19 41 7
45 86 83
5 54 49
21 9 44
62 33 77
77 32 68
33 37 100
14 34 31
24 65 4
52 5 67
29 18 54
54 32 19
45 28 14
73 87 29
30 57 84
66 14 70
6 5 38
47 13 82
65 45 100
46 42 98
61 42 31
87 16 18
15 61 58
26 76 72
43 56 42
87 63 49
87 43 52
50 83 38
17 31 59
43 45 57
76 53 14
10 33 45
36 21 37
51 82 19
35 7 53
32 85 43
73 66 70
0 55 34
49 69 16
9 82 17
58 19 2
19 29 100
30 83 25
66 41 68
29 76 17
82 39 62
58 39 62
84 81 11
25 75 73
20 11 9
60 74 20
79 83 66
35 19 25
44 8 67
40 22 33
50 39 39
79 58 72
0 6 55
6 43 94
19 69 85
10 66 43
85 59 88
74 51 60
37 81 54
55 60 38
85 27 33
40 28 11
45 33 27
62 78 90
37 41 6
58 50 87
44 66 26
8 16 72
55 75 93
0 82 50
74 73 67
68 35 30
19 54 47
64 48 95
80 20 17
53 66 10
33 87 49
64 49 37
12 29 96
77 78 44
65 85 58
78 38 16
30 70 37
58 53 38
9 37 18
67 69 81
80 84 48
15 49 7
14 75 82
55 51 1
15 77 45
55 39 73
0 77 57
61 50 95
63 20 15
0 3 93
38 16 59
18 21 99
20 77 26
58 85 64
84 15 32
53 56 81
9 34 76
19 28 67
83 9 74
73 62 58
77 6 85
1 75 66
74 38 88
14 12 51
27 70 56
10 13 60
45 68 65
37 42 5
33 46 7
11 28 29
64 75 29
47 23 59
82 16 55
83 12 61
29 81 100
55 57 44
63 38 88
38 56 8
45 25 28
9 64 82
48 82 35
35 13 48
27 16 72
79 50 78
60 17 99
14 1 13
3 69 76
54 87 46
75 40 64
80 68 90
82 40 9
82 43 31
73 83 26
85 72 79
81 45 27
27 62 56
83 51 32
19 30 28
84 82 32
25 42 78
0 5 85
37 44 32
7 83 64
78 41 28
75 44 96
2 74 98
37 63 91
85 1 97
9 57 40
63 55 15
34 5 100
25 39 56
84 79 5
37 6 63
12 21 60
69 54 54
15 12 76
72 64 91
83 1 69
46 82 50
0 28 2
32 33 82
0 51 48
46 9 40
77 64 61
12 84 48
23 4 51
58 15 47
42 67 44
41 28 35
86 56 49
9 55 24
41 53 20
75 18 23
47 77 75
43 3 69
6 59 59
75 20 29
43 0 37
29 31 87
9 35 36
3 71 24
23 35 64
9 66 98
10 81 14
74 62 34
81 47 67
1 50 96
51 86 57
75 87 2
48 18 92
59 25 19
13 65 29
3 50 60
7 47 13
36 78 5
6 33 98
36 42 41
43 79 63
84 29 6
3 75 1
31 14 67
43 50 86
82 5 42
81 42 63
40 84 3
80 78 26
40 12 37
61 1 81
66 45 48
10 38 96
12 5 83
2 30 37
16 72 63
70 22 32
67 41 3
48 7 5
41 21 59
65 6 41
55 8 74
32 43 59
28 58 89
30 46 46
74 24 33
58 32 34
66 32 34
10 56 66
39 83 3
7 11 58
23 14 45
2 49 12
47 45 43
71 72 65
53 5 58
35 82 49
56 28 68
44 11 58
79 4 77
78 70 21
40 76 21
20 28 49
62 13 57
32 28 27
7 63 22
74 0 57
62 51 24
70 2 94
48 22 74
47 18 14
24 80 2
44 36 71
21 0 100
75 6 33
39 7 85
66 82 99
55 65 22
74 78 92
69 76 4
50 11 67
54 72 91
26 28 76
38 87 94
6 19 16
6 41 58
58 86 81
12 22 67
9 84 95
23 28 33
83 6 99
10 46 26
33 18 18
59 31 39
79 15 85
14 41 94
82 2 97
33 67 74
86 66 62
64 23 93
35 32 80
45 75 77
64 12 52
23 69 5
36 22 48
25 44 48
69 30 54
80 26 1
8 11 60
40 56 61
75 70 45
78 44 86
43 51 98
72 7 14
36 30 5
74 3 11
38 69 12
2 15 72
73 3 89
66 30 55
13 11 4
73 52 62
55 46 7
80 45 3
54 67 6
68 23 41
76 13 89
84 66 94
63 5 32
41 10 88
40 2 15
57 29 45
65 72 9
28 47 37
6 85 19
55 80 20
52 33 32
21 4 89
10 79 83
75 53 78
0 10 13
18 32 26
0 9 40
20 83 70
59 22 90
11 23 79
69 62 7
0 48 57
17 37 46
40 6 80
52 37 77
9 29 85
38 68 13
67 1 43
68 40 41
45 6 13
12 47 58
76 64 76
56 9 52
1 30 66
18 73 4
26 30 65
74 8 50
17 52 46
1 62 76
51 76 89
56 59 45
22 74 97
81 18 18
45 52 36
