64 1682
53 46 64
39 52 24
52 20 16
20 46 72
20 59 85
38 2 57
43 57 71
57 47 50
9 60 75
11 15 58
16 25 79
37 4 32
15 34 79
6 33 27
4 50 22
15 12 96
7 56 29
36 1 24
62 15 30
39 60 38
51 27 59
31 54 24
16 43 22
41 44 59
24 58 44
19 43 49
38 18 13
18 61 14
63 15 91
2 8 37
29 8 84
41 57 96
30 53 57
36 6 87
42 3 22
3 21 98
17 59 47
25 59 23
53 13 67
18 56 34
50 23 1
41 59 3
22 60 93
59 33 25
22 8 93
56 17 70
18 33 60
45 37 8
35 1 25
8 25 54
11 17 85
37 56 8
57 29 31
36 61 25
45 44 5
12 49 56
14 2 93
8 53 28
50 20 79
20 6 86
50 22 18
58 10 83
42 17 11
44 29 96
11 34 47
14 16 88
34 32 84
31 35 70
2 29 89
59 42 2
7 43 47
18 8 13
55 20 33
62 17 10
34 36 68
58 50 56
17 63 16
38 56 84
29 52 69
61 38 60
8 48 98
5 10 32
16 47 36
42 26 29
1 27 55
11 51 4
6 21 2
56 55 37
42 49 24
23 17 4
12 52 59
27 22 33
28 48 59
1 41 75
43 3 48
55 61 83
20 19 82
12 7 28
39 1 17
37 36 91
26 3 46
63 54 100
6 28 3
30 56 28
32 7 1
33 50 77
31 30 39
46 34 84
43 55 86
30 5 65
11 62 14
43 22 17
34 29 58
9 39 9
51 32 10
20 5 23
53 50 2
33 38 23
8 44 11
8 43 34
26 9 88
15 30 76
42 22 68
21 40 26
56 54 28
43 35 92
19 31 13
16 39 94
42 37 69
3 2 52
27 63 87
54 51 68
41 62 63
6 29 8
51 18 75
21 33 31
26 58 68
3 12 32
3 50 98
48 31 10
36 22 54
61 57 87
63 43 33
36 38 88
20 1 66
7 14 75
60 21 55
30 14 92
10 54 54
4 33 85
13 51 19
37 10 29
39 13 1
17 51 44
49 29 50
46 47 90
43 12 18
63 46 39
13 36 37
19 0 97
30 28 12
4 45 87
9 12 57
36 29 90
28 0 88
1 55 50
26 47 28
27 55 72
1 14 17
34 35 87
46 23 73
33 60 51
53 32 78
45 39 32
41 58 5
13 30 97
63 44 73
45 61 67
33 26 2
31 58 89
60 15 100
1 51 48
44 18 46
16 10 84
5 27 23
37 30 90
12 41 16
41 30 29
17 40 64
8 52 85
18 63 67
47 20 29
4 48 30
16 26 70
22 62 88
37 57 95
37 53 1
34 40 53
34 2 10
22 58 2
14 5 80
17 21 52
43 14 43
39 12 3
12 20 23
61 33 7
59 60 45
42 21 76
56 57 40
28 16 79
12 19 39
37 33 74
62 32 59
28 34 14
52 25 64
47 14 30
6 23 22
57 34 46
17 34 93
48 47 94
52 23 49
25 7 26
45 32 16
61 41 50
19 62 89
43 53 34
28 31 99
55 53 40
52 45 49
11 0 75
17 4 2
32 26 23
5 50 4
46 44 29
56 15 49
36 51 51
18 15 33
48 54 100
39 53 71
48 26 89
39 18 75
11 6 69
20 16 89
49 35 74
29 60 50
17 49 75
57 63 1
43 49 6
31 45 46
19 57 1
32 48 47
0 31 5
8 31 5
27 50 93
48 63 68
23 14 55
14 22 12
38 24 88
30 33 12
54 1 42
30 46 28
12 10 96
57 26 51
0 26 72
57 59 58
11 16 58
13 55 73
22 16 27
62 36 28
19 28 5
30 3 38
34 26 23
28 49 20
19 26 90
38 32 60
59 29 66
37 11 33
6 51 42
8 59 55
59 30 99
51 44 70
14 46 46
2 28 37
56 11 69
2 15 77
7 55 84
0 61 22
30 61 85
45 50 8
5 17 92
8 62 75
37 25 33
30 43 79
21 23 44
35 44 26
1 61 68
20 0 61
61 34 78
53 33 44
28 39 14
16 35 44
3 7 10
48 21 34
31 10 21
52 27 17
18 1 47
40 38 50
1 4 86
57 1 9
7 35 13
62 57 7
50 30 93
15 17 13
2 61 96
57 4 87
56 23 3
47 18 82
53 38 77
54 41 42
58 1 33
9 52 60
18 28 39
47 21 31
12 35 96
58 0 42
40 11 74
7 38 57
24 47 80
15 4 52
21 38 98
31 2 98
24 46 29
40 10 17
14 37 67
47 58 90
51 56 75
0 56 35
5 12 27
53 48 21
31 53 25
30 57 4
44 1 84
0 57 50
52 2 81
6 35 7
43 25 68
0 13 42
21 61 98
15 50 86
3 51 57
24 34 48
0 34 14
23 39 23
37 38 25
55 60 96
59 12 74
5 60 44
43 58 61
28 63 46
25 54 53
28 50 30
21 7 69
30 62 73
59 56 4
18 3 62
11 5 35
52 24 53
54 46 8
38 57 21
3 49 94
46 13 37
27 43 30
55 24 91
10 28 90
2 48 29
2 62 13
20 44 43
19 48 34
33 14 5
35 62 29
30 39 40
12 21 96
58 42 87
0 39 21
20 39 64
35 19 42
14 27 13
13 40 54
39 17 9
4 3 45
9 56 60
50 43 36
53 16 41
13 59 12
52 58 16
28 26 22
44 40 64
37 2 42
57 32 12
24 23 41
59 50 12
23 37 30
42 15 14
12 56 81
20 23 42
12 25 76
49 4 82
25 26 29
7 5 76
1 46 67
20 2 79
7 6 65
59 37 8
58 13 77
58 19 1
20 40 73
40 59 3
38 5 29
62 63 73
60 1 90
58 62 67
24 8 72
11 49 9
25 45 77
12 23 74
56 50 18
63 38 16
24 10 85
47 9 90
35 4 12
19 55 90
50 39 14
48 35 71
13 50 100
41 18 62
56 42 93
22 10 75
53 29 78
9 3 8
4 56 27
39 41 87
37 16 89
30 60 65
7 19 8
19 24 42
22 46 6
6 8 58
60 49 32
53 20 27
20 63 48
30 20 6
30 1 34
23 31 84
17 13 55
48 15 75
51 30 67
57 17 26
46 37 49
49 34 14
52 49 27
20 38 47
59 49 77
16 61 77
52 48 25
60 62 42
55 59 35
38 35 68
38 15 92
51 62 13
36 23 42
44 50 81
1 56 82
41 17 85
44 5 11
8 26 92
26 18 76
16 23 76
8 55 31
63 49 42
6 1 38
19 2 59
2 58 74
53 21 62
18 21 44
14 63 13
3 58 52
40 46 57
57 20 80
40 43 43
3 0 81
27 45 53
26 55 13
24 28 92
45 14 1
3 17 58
16 45 66
58 7 44
31 63 83
24 36 64
17 14 20
59 34 93
38 17 20
35 5 7
10 6 56
0 42 100
45 0 58
46 62 49
35 41 52
44 19 24
13 31 34
20 33 53
47 39 42
15 26 17
50 62 4
34 52 99
37 27 44
58 36 77
52 59 86
54 12 92
52 4 64
25 17 49
17 6 32
40 2 37
56 8 21
62 54 59
18 40 53
63 39 63
42 1 11
18 19 71
41 7 91
18 12 59
49 18 55
44 17 24
44 58 94
36 32 21
38 47 80
55 18 87
44 48 77
1 29 84
58 15 4
6 38 61
42 43 16
33 19 12
32 37 100
24 30 43
55 4 83
20 45 33
9 23 10
7 10 95
12 44 60
28 43 58
10 14 89
1 3 51
10 48 38
19 45 89
37 12 46
47 3 2
63 9 42
38 12 23
63 59 79
9 21 98
26 36 16
3 39 24
27 57 19
7 42 19
42 18 50
63 35 44
34 63 92
46 48 31
58 61 69
14 57 96
61 12 4
38 28 67
39 27 98
5 59 12
2 32 54
55 51 53
43 48 58
38 16 44
2 44 99
36 56 32
37 39 67
43 45 13
25 49 23
24 45 26
52 31 38
30 9 46
51 45 94
27 25 23
35 56 75
16 58 2
26 49 92
1 24 43
29 55 12
24 7 60
18 50 74
27 19 39
48 36 14
63 37 74
11 30 31
5 49 27
27 54 99
5 61 42
21 8 24
15 43 99
56 13 3
1 38 33
49 1 56
31 41 44
8 12 54
19 5 76
24 25 22
44 34 50
23 32 40
63 32 76
20 10 46
55 62 73
32 12 15
42 52 95
29 12 23
31 49 9
38 25 52
9 36 12
54 3 99
56 41 87
24 53 58
49 24 72
12 57 62
50 14 86
36 55 5
15 21 21
23 1 95
43 11 34
59 3 72
46 27 81
54 24 6
50 52 63
26 50 54
0 59 1
55 10 56
26 31 32
28 42 60
11 39 62
6 19 49
51 35 46
63 6 6
40 53 17
33 32 17
62 5 69
11 48 90
11 53 53
18 2 73
40 22 67
47 43 51
34 38 55
27 30 62
27 40 77
29 31 100
34 37 27
11 24 65
50 40 89
27 2 82
22 54 3
43 17 66
52 63 39
38 19 19
56 26 59
56 29 100
3 27 27
5 18 10
32 59 44
14 51 87
21 44 69
7 60 46
59 2 48
0 37 89
23 7 25
8 28 26
41 11 66
16 6 66
40 37 18
45 41 36
38 45 75
44 43 80
54 30 94
28 13 81
61 13 98
53 41 65
11 21 56
6 41 34
1 34 92
7 45 99
42 40 1
42 54 67
47 28 96
18 17 52
5 0 73
36 35 61
40 31 80
42 36 76
8 36 73
32 11 10
16 46 19
17 26 51
21 43 3
30 8 83
61 24 1
37 3 67
4 26 93
7 20 91
4 16 24
54 13 85
48 34 5
45 26 33
22 26 92
46 31 40
8 0 61
38 0 31
55 47 85
16 32 1
52 38 90
25 35 6
43 39 5
41 34 48
24 42 30
6 30 43
5 42 4
25 0 6
40 35 85
47 61 72
30 25 27
29 5 55
60 35 87
22 9 77
3 38 73
40 4 40
50 34 3
32 3 49
47 2 53
32 44 96
25 20 89
36 19 53
3 45 83
25 53 90
22 6 2
16 27 9
63 51 96
32 5 80
63 16 91
44 0 21
27 61 48
27 29 8
8 17 92
5 31 80
56 27 82
19 42 99
44 28 90
44 31 39
49 58 31
29 4 90
20 29 74
60 14 33
2 51 67
60 10 23
4 60 65
29 63 74
46 9 99
55 2 90
49 2 1
6 2 83
41 32 15
55 11 53
13 60 75
7 46 7
39 56 33
5 56 57
50 63 81
52 54 34
53 4 75
9 5 2
12 42 56
55 9 83
1 0 25
37 58 50
26 20 17
35 15 43
23 41 66
40 16 44
33 17 53
30 16 62
62 29 74
24 33 45
48 24 92
23 11 99
33 34 57
40 5 44
54 0 98
13 6 98
47 51 79
63 3 65
63 23 59
45 6 96
27 47 74
47 49 54
4 5 4
49 8 28
19 8 35
26 37 77
4 63 97
9 53 75
63 10 47
22 28 97
23 26 54
15 19 24
26 11 67
20 4 69
18 30 77
47 19 66
12 13 6
50 16 95
52 46 30
58 39 6
34 45 40
26 24 85
60 50 81
10 53 24
12 47 37
32 17 83
40 36 79
1 10 37
34 51 23
24 16 72
14 55 60
33 11 7
7 51 21
7 8 47
51 5 8
60 61 72
42 4 12
18 4 72
54 58 10
3 29 25
27 18 47
44 53 32
18 60 18
49 53 19
14 24 34
48 18 2
53 60 29
22 25 16
23 30 10
24 44 98
10 43 57
24 60 60
32 6 71
14 34 60
17 27 34
7 31 88
31 51 77
46 43 16
39 14 67
38 54 76
6 62 88
53 17 8
62 52 17
36 3 84
46 60 68
46 10 48
62 49 58
34 3 94
51 57 35
6 47 74
39 42 7
19 50 71
4 23 41
51 0 14
29 46 80
20 62 33
11 63 45
52 14 53
10 47 24
37 17 29
21 14 39
33 10 11
38 58 90
16 33 15
48 14 28
60 0 41
43 37 23
39 7 93
51 23 61
23 40 16
32 54 10
46 28 87
30 19 20
44 49 93
18 62 71
58 14 24
51 40 69
38 42 54
39 35 99
20 14 55
7 59 10
20 58 14
20 54 5
25 15 51
54 33 31
2 11 41
14 26 54
31 15 37
18 32 22
10 42 73
42 53 87
17 31 16
61 46 51
57 48 58
1 48 70
44 42 31
19 40 23
3 28 54
39 62 69
22 0 76
37 7 78
1 52 49
59 24 62
29 39 72
52 22 33
36 52 96
21 51 41
55 17 93
61 8 57
14 12 26
7 0 88
60 57 82
39 10 42
63 7 61
36 33 2
35 61 67
2 33 27
17 30 73
25 62 41
35 53 14
20 37 4
24 62 83
23 5 63
63 42 88
27 44 28
15 46 76
10 51 43
39 24 87
49 10 63
52 30 70
24 15 58
8 58 52
43 13 87
5 3 82
1 33 51
60 37 80
24 0 98
43 54 1
49 32 50
40 48 20
56 60 67
42 2 45
58 4 53
29 38 65
54 21 94
11 27 6
10 30 83
18 37 43
0 62 57
52 0 72
16 41 62
56 53 80
41 55 4
6 9 25
25 57 71
29 10 49
56 2 29
35 2 94
28 60 4
25 34 36
9 34 54
9 38 15
37 55 33
23 49 29
40 52 63
23 25 10
11 59 70
34 42 64
46 42 25
47 44 27
16 31 38
23 44 34
35 47 73
22 5 82
2 24 89
25 33 90
49 55 45
6 3 72
46 18 66
5 63 98
62 9 69
34 8 68
54 4 30
45 28 39
17 2 69
43 60 11
8 60 27
22 34 29
9 20 17
4 36 24
5 57 57
37 54 54
16 18 69
55 34 79
35 45 98
58 25 96
8 38 51
12 48 84
44 15 96
6 39 86
54 49 57
7 15 56
25 4 42
48 3 62
46 8 78
16 1 4
5 21 55
52 16 49
61 15 12
42 25 10
51 28 39
59 53 59
49 30 16
9 14 57
51 29 19
4 61 24
9 42 51
7 28 84
48 9 51
31 59 77
6 24 82
33 51 100
27 31 83
43 61 37
25 1 4
48 39 27
62 7 49
1 2 22
39 25 8
32 4 39
42 60 24
2 36 3
58 57 74
13 45 37
24 57 3
22 23 10
25 46 91
41 22 90
0 40 40
63 47 55
62 16 37
22 51 45
30 42 18
61 39 73
19 41 28
31 24 15
39 2 31
2 16 95
44 54 3
42 41 78
61 32 18
53 51 36
48 38 20
16 59 48
49 50 90
9 49 36
19 25 75
59 27 71
0 47 100
9 8 48
21 26 58
2 7 41
9 1 98
19 53 55
56 33 20
34 19 70
2 60 82
14 53 81
36 59 13
22 31 47
12 6 45
28 40 37
62 3 52
45 23 89
60 34 41
7 29 16
8 3 91
8 47 90
22 49 35
15 14 38
7 27 87
39 49 42
34 18 38
42 29 28
23 43 9
5 1 56
1 19 63
44 3 28
5 24 3
30 36 27
57 16 69
5 48 79
15 28 49
45 21 79
27 35 84
20 18 60
22 53 23
20 8 42
61 23 44
3 46 15
29 14 45
29 41 25
1 59 27
47 1 37
2 57 63
50 21 77
49 48 36
45 11 100
53 54 47
26 52 65
13 25 31
6 54 31
54 34 23
15 47 39
34 21 12
9 50 10
22 59 72
32 29 89
51 26 10
54 61 83
53 23 57
55 52 98
45 9 61
46 51 65
9 61 77
51 8 42
52 56 58
31 32 37
39 15 32
28 37 97
55 21 48
25 32 95
31 50 52
7 30 46
20 49 53
57 21 21
20 21 23
32 56 68
22 3 33
34 6 15
59 6 71
42 11 15
52 28 71
59 21 71
0 9 55
61 56 36
38 4 41
36 60 79
41 21 77
44 16 57
12 46 92
40 29 84
32 39 100
53 63 44
53 52 31
14 28 12
52 51 65
37 22 87
16 49 90
49 33 22
14 44 76
28 57 57
45 18 68
8 39 53
9 29 34
28 9 67
5 46 14
12 50 81
6 49 60
14 11 22
16 0 54
41 14 72
21 1 49
2 46 78
36 45 99
45 60 100
10 61 46
45 30 38
12 33 99
14 25 55
25 63 75
47 50 31
3 35 34
16 9 42
25 5 84
8 57 43
6 55 27
37 8 37
2 21 74
3 57 99
27 24 8
46 33 23
6 56 26
57 9 31
33 28 44
46 59 79
61 59 62
19 21 81
49 57 66
37 35 62
45 46 3
20 24 41
43 52 55
23 35 17
0 12 79
48 23 3
24 21 50
57 10 68
28 21 15
7 1 87
24 41 11
52 35 38
23 33 89
8 1 61
27 32 64
54 26 36
51 4 1
59 38 91
52 15 60
17 47 86
35 58 64
39 31 94
61 48 78
25 51 32
44 13 48
61 14 78
34 20 95
24 3 60
13 47 54
39 57 58
45 48 28
58 40 75
34 43 77
34 13 54
56 25 17
27 6 82
55 23 30
27 4 49
29 33 69
31 38 11
62 48 13
54 7 52
4 31 16
5 2 34
22 45 20
35 14 11
22 55 70
7 22 30
24 32 43
16 55 92
52 7 48
40 15 53
1 50 96
56 58 4
12 34 29
36 17 13
55 3 53
40 45 74
43 62 12
6 52 21
57 40 55
10 32 44
31 42 95
27 0 35
63 13 14
45 55 30
31 12 15
36 41 87
2 50 4
31 20 3
54 59 4
11 8 73
16 21 70
58 63 42
25 55 58
1 62 81
2 22 95
13 26 52
54 36 52
48 33 44
11 60 80
44 57 68
41 28 59
53 45 33
51 43 10
60 41 24
41 13 31
41 33 19
30 48 6
28 35 61
30 2 24
62 21 69
38 14 70
30 38 56
53 62 25
13 15 8
28 23 26
34 4 13
46 50 61
11 20 17
48 42 30
13 29 59
42 62 77
13 49 99
37 1 69
17 24 2
2 54 94
39 38 8
41 43 50
39 40 87
4 30 9
29 17 35
34 7 64
5 52 89
47 22 2
59 9 88
15 32 29
19 51 45
24 37 74
59 45 27
56 34 48
30 12 78
20 32 48
60 20 4
46 6 94
9 15 4
49 36 95
16 54 43
18 36 93
21 4 57
58 45 24
36 7 17
59 39 99
57 46 87
45 56 92
62 47 7
24 18 28
57 50 53
43 56 46
44 7 62
25 10 88
21 37 66
57 53 4
48 27 59
22 21 47
21 58 77
3 16 14
45 49 19
29 24 34
22 33 20
23 0 79
21 39 90
15 23 52
58 48 32
46 0 31
47 60 56
51 37 48
6 60 84
23 57 31
54 50 77
50 10 70
57 13 58
41 4 96
19 63 44
5 34 40
40 30 27
3 13 52
61 28 55
5 16 8
31 55 65
17 7 2
26 2 1
21 13 16
57 11 94
2 63 43
54 14 90
40 62 29
23 47 55
43 36 96
55 32 74
38 27 56
10 8 16
1 13 75
15 3 77
31 60 52
18 6 24
35 8 21
47 37 67
54 55 43
53 1 19
1 22 88
51 39 14
54 35 8
63 56 90
47 4 48
31 61 59
40 26 29
6 25 27
35 22 9
48 0 3
16 12 30
11 13 29
41 2 71
63 61 82
58 32 42
30 26 86
45 47 95
61 11 33
28 36 93
22 63 99
50 37 20
62 33 41
14 31 41
33 0 17
53 27 23
33 7 89
33 42 64
28 29 58
48 25 98
4 13 80
27 26 82
17 46 92
21 36 46
23 8 21
40 33 29
33 9 13
31 36 29
16 15 31
53 61 84
17 19 42
34 62 88
60 19 9
8 50 32
23 3 83
52 33 84
49 56 49
10 36 97
27 42 71
43 31 14
14 32 47
24 50 41
50 48 18
22 38 47
22 56 82
4 0 13
33 44 54
25 3 6
4 24 11
32 30 70
5 33 18
48 13 62
55 38 58
22 29 12
10 26 82
56 47 66
13 42 51
56 3 38
5 26 75
38 11 10
35 21 92
50 17 37
31 33 75
29 50 5
59 26 65
33 3 67
28 11 40
48 7 33
42 14 2
37 29 43
54 28 53
42 6 80
27 28 40
3 31 79
24 56 78
51 60 84
60 23 5
13 20 27
50 42 55
48 6 10
32 47 93
46 4 83
2 12 77
47 5 28
59 48 51
38 41 28
42 47 92
52 18 71
10 18 41
44 61 41
43 1 66
42 23 4
59 23 76
11 58 11
4 2 43
17 48 53
12 24 31
24 9 95
33 57 70
44 6 3
37 44 100
45 12 27
26 12 42
0 55 26
62 4 68
3 40 4
29 0 17
12 27 93
45 15 33
51 61 16
47 30 60
13 10 12
27 49 35
9 2 71
17 58 64
63 12 69
53 36 98
29 18 33
9 4 82
26 46 1
17 20 68
55 58 52
32 0 24
48 29 82
21 0 98
45 29 74
3 61 62
34 10 47
0 36 86
13 24 81
19 32 80
47 36 20
37 31 1
1 11 74
53 28 62
55 63 58
18 14 31
24 63 10
11 10 18
18 25 38
47 40 98
54 15 18
45 17 85
60 25 66
7 26 88
44 22 34
50 25 79
23 27 41
44 59 11
10 21 66
1 40 35
38 60 44
47 33 30
34 31 86
38 44 55
12 36 93
9 40 24
5 43 97
32 52 100
11 19 1
8 14 42
50 35 64
44 25 32
57 31 71
32 21 63
11 29 57
4 28 31
53 18 96
3 10 77
6 61 50
61 50 19
32 9 60
12 51 18
6 26 29
58 23 94
8 32 16
47 41 14
55 12 7
14 56 35
36 44 81
16 7 29
21 63 59
34 23 67
60 54 69
7 11 35
16 13 12
32 50 47
25 21 28
20 56 10
56 10 2
31 18 19
52 3 49
38 26 69
37 6 3
59 19 46
19 29 80
58 51 99
60 27 69
28 55 62
29 25 43
8 33 61
52 17 30
11 18 4
14 3 40
52 13 97
30 58 97
19 39 4
32 1 88
20 43 36
33 55 36
41 10 51
55 44 7
15 37 98
22 12 92
24 35 21
11 36 83
43 24 43
58 34 19
52 37 60
22 15 46
26 62 79
28 17 80
49 38 91
41 48 30
21 49 12
22 18 75
30 22 32
55 15 61
5 36 66
60 52 67
13 7 76
31 6 69
47 31 100
35 57 86
1 63 32
34 53 49
15 36 33
15 57 75
0 49 74
56 31 34
49 37 55
60 12 65
29 15 70
62 31 7
16 60 15
9 18 40
26 29 55
28 20 62
4 39 27
23 38 5
32 60 40
29 58 37
5 41 30
54 57 25
57 22 77
53 6 26
8 42 22
49 51 13
19 61 5
12 62 23
10 17 40
