50 3 10 3
4824  4020  4467 
4102  3452  4827 
2302  1676  2175 
3191  4412  131 
905  2336  6178 
6349  1632  6276 
6307  4237  4707 
4240  1367  2696 
4886  3859  2451 
815  3154  4621 
2796  5273  5184 
2563  2488  2874 
458  5502  4014 
4294  3928  6239 
3989  2173  3674 
335  6556  2162 
2765  3396  3874 
597  2797  2815 
4755  392  4423 
6124  4849  3859 
5988  3497  2927 
5498  2244  4672 
1204  5588  5123 
5322  5442  3294 
5212  1044  5999 
6274  6564  772 
334  883  2400 
2675  3808  3290 
343  4210  1207 
980  1893  5171 
5996  3796  4998 
4088  5120  1216 
5016  6397  6240 
127  2116  312 
3216  449  4685 
5988  2091  4551 
271  3270  2867 
2025  3098  6567 
6529  1834  246 
5494  5969  5414 
3449  1411  5629 
3479  4322  3647 
4720  2547  3611 
3388  3925  5197 
5599  2445  1689 
1738  5457  6267 
1065  202  4674 
1706  4424  1836 
2753  1140  6228 
5891  4313  726 
