150 27 10 27
109  10  85  186  193  222  74  141  207  14  9  21  74  32  87  157  59  143  76  92  183  211  189  196  90  15  34 
62  196  223  215  116  228  195  221  120  133  144  241  183  226  145  14  20  50  117  93  168  207  60  162  18  17  197 
96  155  44  225  138  9  150  116  202  124  140  24  117  168  22  46  174  19  204  116  114  58  118  15  66  49  28 
19  133  216  182  122  141  204  56  47  23  129  96  132  155  84  168  85  11  37  60  121  170  201  174  174  120  153 
184  86  70  74  180  83  241  153  97  215  168  135  146  62  229  53  46  84  100  215  85  214  98  112  234  114  16 
76  180  179  47  81  193  88  66  107  235  120  24  244  161  125  185  98  169  109  107  70  211  117  163  8  231  35 
148  141  64  121  190  44  54  204  203  191  130  31  135  245  42  153  55  188  26  235  176  243  56  66  149  40  242 
6  87  176  199  240  215  216  186  37  43  112  124  220  65  1  83  127  155  29  115  149  81  101  5  101  54  58 
103  10  69  17  121  16  246  38  77  139  202  9  66  242  119  218  232  115  64  104  84  179  165  222  109  49  114 
19  128  79  160  47  56  224  121  9  50  49  147  128  165  106  15  243  174  191  120  209  2  222  4  175  231  33 
111  221  228  180  44  11  166  7  71  126  235  176  164  12  236  39  236  175  63  123  67  132  72  204  204  179  144 
8  130  79  85  98  33  90  119  172  214  65  88  234  40  81  51  228  163  104  75  32  84  220  112  161  102  212 
100  76  208  71  2  186  136  223  122  32  11  42  125  51  105  156  47  144  224  89  62  168  72  186  193  12  57 
114  191  214  153  78  105  150  90  113  38  207  135  65  83  124  165  78  171  204  162  155  116  217  95  179  182  26 
227  3  155  68  208  115  56  235  170  189  126  224  40  147  119  73  120  118  91  6  145  66  75  217  27  226  45 
17  215  80  67  114  120  22  242  30  220  48  117  178  197  153  164  86  1  101  56  195  234  209  124  117  149  66 
173  210  12  63  142  107  205  242  177  23  210  222  87  232  224  92  215  7  79  99  99  171  117  49  229  162  148 
56  91  59  80  216  204  132  205  109  8  58  116  149  186  214  144  129  160  81  60  74  236  38  46  210  34  23 
74  12  172  114  43  201  36  8  24  227  208  136  77  204  21  187  182  203  127  152  174  115  18  11  62  159  145 
22  98  191  108  216  204  125  56  193  90  60  207  173  82  86  167  117  107  138  216  54  15  133  11  15  76  134 
194  92  145  106  79  186  33  168  133  1  139  49  161  63  45  142  23  37  60  189  145  70  223  186  86  205  144 
112  191  70  32  80  80  139  49  154  43  106  227  202  107  192  141  105  58  208  22  224  18  203  242  66  51  208 
47  27  246  162  130  99  41  50  211  78  140  78  207  99  29  239  50  133  119  92  95  213  150  174  188  103  34 
53  19  141  227  147  87  32  64  200  227  194  158  111  193  155  129  45  60  83  116  95  135  179  119  157  188  226 
177  74  82  59  194  214  79  202  39  190  57  100  198  222  182  170  60  153  26  27  159  56  124  80  105  149  43 
177  105  146  93  243  76  244  21  45  65  85  201  17  125  51  210  212  142  90  241  117  47  81  105  227  137  32 
246  144  229  153  14  197  101  49  106  36  88  107  149  63  188  9  124  236  218  208  67  89  75  5  101  62  123 
61  202  88  237  200  156  212  158  17  109  188  131  100  107  68  246  67  245  95  223  110  59  24  39  211  5  163 
155  103  234  199  28  110  25  187  65  206  6  146  181  177  155  59  217  110  132  110  92  182  178  171  60  97  177 
189  165  138  111  10  224  85  100  66  210  171  83  57  118  112  162  98  127  31  7  12  190  30  179  50  191  19 
139  80  2  243  6  118  159  207  171  177  95  162  154  164  98  212  171  204  43  48  202  115  69  38  241  134  124 
86  144  223  238  180  86  137  32  12  96  209  103  150  177  38  202  70  45  89  210  83  118  32  33  216  53  142 
246  143  71  1  95  85  102  187  169  138  177  246  66  213  62  197  133  24  135  99  16  114  231  153  168  63  100 
4  50  69  246  62  97  241  120  179  22  184  159  194  11  173  92  58  241  233  27  49  180  197  219  86  186  108 
142  125  81  115  169  53  98  198  15  115  208  200  96  111  48  107  107  150  57  36  30  211  21  110  77  91  133 
119  177  7  220  141  220  236  60  105  35  196  168  64  105  10  195  92  239  78  88  154  94  187  134  112  25  122 
88  236  100  163  221  163  188  83  224  202  78  123  87  25  127  204  193  114  73  112  81  166  193  116  24  235  181 
9  118  55  197  142  167  180  212  211  211  220  244  95  74  176  140  80  112  65  57  156  183  25  198  131  35  10 
112  132  80  75  239  191  70  168  45  219  188  196  87  139  198  186  93  43  191  215  68  232  192  187  213  79  153 
137  150  139  241  27  107  100  117  113  201  40  140  245  197  98  128  12  71  52  30  26  28  243  55  36  109  120 
165  198  147  69  146  145  83  182  221  30  114  188  149  164  160  45  35  198  184  104  119  55  159  176  70  192  178 
126  196  201  67  17  41  135  105  228  46  135  21  176  178  31  33  173  206  177  71  81  85  96  103  76  91  169 
29  142  107  150  96  224  81  214  244  246  87  69  147  153  45  34  239  94  213  197  169  55  71  69  142  170  51 
228  106  16  212  231  177  132  7  192  99  54  136  131  30  97  185  45  49  230  16  117  7  86  140  168  159  237 
144  36  63  4  209  118  57  23  208  200  227  198  133  54  31  179  28  106  61  106  89  187  31  5  213  212  48 
174  184  149  114  87  105  153  209  68  160  229  104  146  62  31  106  98  19  237  147  112  231  197  186  132  15  2 
141  161  200  193  74  155  187  117  245  120  3  20  20  101  109  156  134  35  181  56  16  142  217  203  218  116  130 
139  166  179  153  17  36  146  189  129  147  192  94  210  147  117  214  196  99  130  72  98  58  20  128  112  184  41 
178  190  105  129  63  8  165  34  119  122  56  106  166  182  228  220  137  163  72  244  131  90  205  218  238  80  135 
104  245  165  155  26  245  46  235  66  8  218  50  165  228  182  75  196  109  58  177  240  204  206  202  178  113  190 
196  127  136  65  178  145  59  245  167  169  80  41  154  194  33  146  96  245  89  108  240  242  196  66  217  20  81 
164  32  59  195  179  158  77  5  38  83  64  39  172  148  45  6  126  76  42  60  104  84  216  13  229  160  77 
124  19  128  129  80  240  186  148  25  65  110  104  112  126  36  126  93  10  150  244  213  177  129  164  41  141  85 
81  211  208  131  64  155  45  173  215  115  102  235  216  215  168  43  36  49  135  206  129  153  136  17  126  145  15 
197  81  197  245  75  197  3  94  216  9  136  26  139  111  121  45  11  79  135  100  91  114  132  16  77  142  99 
43  175  18  17  14  188  143  19  215  191  9  95  89  117  61  242  169  221  173  112  101  123  154  163  187  151  243 
175  108  80  61  206  147  137  6  39  243  99  89  21  210  5  224  245  197  97  42  150  5  82  45  162  113  170 
17  211  208  32  10  103  182  47  65  23  230  112  241  135  140  38  87  173  48  49  44  124  107  19  241  83  54 
118  178  15  195  212  88  234  159  5  145  205  139  59  222  218  146  173  147  1  104  141  36  77  22  166  198  127 
83  183  232  16  207  185  92  164  168  19  111  54  49  43  154  149  140  129  233  244  28  112  105  74  50  66  81 
91  15  172  61  27  3  89  7  201  236  106  79  17  142  15  138  19  63  205  150  214  12  1  38  73  123  113 
194  204  32  100  38  117  159  166  124  117  3  184  206  233  183  125  197  183  109  14  69  128  97  31  76  158  217 
124  36  193  146  246  138  227  87  136  165  44  27  194  93  170  110  80  25  32  125  91  128  157  115  241  169  102 
75  126  40  74  227  22  120  121  219  182  58  41  100  37  198  51  210  240  99  175  81  31  1  23  213  136  205 
225  220  189  66  64  19  109  16  71  132  90  92  162  68  178  116  102  133  60  160  152  164  189  180  53  55  40 
205  189  85  239  70  153  206  86  232  242  73  143  229  75  130  51  45  89  59  102  8  44  21  74  166  174  129 
96  46  210  146  36  20  224  157  81  159  39  131  50  20  202  6  98  99  211  63  159  238  172  211  59  128  146 
173  22  162  19  30  17  169  32  76  239  73  205  176  106  101  20  65  244  225  23  73  68  119  142  229  193  182 
241  57  122  126  239  144  246  220  158  130  186  45  134  70  243  213  232  123  43  241  30  177  234  133  5  232  12 
142  223  148  131  172  212  7  45  55  78  225  44  151  172  1  42  195  164  102  39  24  52  39  235  121  146  16 
118  74  190  18  65  207  228  75  178  155  23  207  184  52  177  53  206  114  246  157  73  212  163  235  221  219  56 
117  100  42  204  192  168  190  40  67  24  132  50  168  237  216  245  163  32  182  230  18  16  146  226  232  237  118 
230  220  104  34  208  156  203  49  91  36  117  122  129  118  11  103  225  64  86  35  218  142  53  108  163  202  245 
58  143  116  171  153  242  167  174  152  235  5  122  102  120  216  32  116  195  20  214  68  135  228  27  48  147  125 
139  114  185  207  31  75  33  188  82  100  105  229  171  47  188  74  44  119  104  17  53  132  204  159  197  154  150 
57  131  68  205  195  243  81  113  18  64  7  30  22  168  174  79  67  41  199  30  20  60  143  223  204  179  55 
197  206  105  143  56  237  152  240  137  65  64  239  73  78  112  20  203  12  214  192  21  173  142  64  147  163  102 
152  244  203  228  193  143  98  171  157  84  27  94  241  118  240  179  222  71  13  129  45  169  134  66  90  217  201 
212  59  108  16  209  84  137  11  182  35  54  40  228  235  54  220  83  78  74  239  37  33  162  68  204  10  73 
32  45  4  60  28  146  29  46  6  14  13  69  90  132  182  196  193  179  23  180  190  219  196  209  192  164  68 
124  37  175  209  167  147  239  183  185  57  229  110  67  220  166  243  121  184  51  117  125  232  181  27  98  109  175 
70  52  178  210  219  200  110  113  135  86  100  127  142  204  75  89  43  192  171  161  110  16  141  234  87  196  152 
145  148  11  185  121  216  145  19  32  76  95  155  120  189  211  17  26  102  21  100  174  78  235  195  108  218  214 
148  235  189  105  60  105  115  169  128  4  40  177  213  236  221  10  21  57  88  31  177  101  121  102  154  151  225 
244  228  232  224  68  190  101  61  3  10  126  99  135  226  47  187  176  179  32  178  189  41  138  57  67  95  15 
10  124  51  226  84  22  100  116  177  209  156  83  48  172  163  51  33  31  208  108  168  190  151  92  193  180  217 
244  22  83  184  146  219  216  8  13  52  177  79  234  237  30  119  120  232  69  53  206  115  172  205  229  147  57 
43  219  107  173  186  39  76  147  143  176  93  68  160  243  181  105  216  51  113  5  74  98  164  29  198  139  16 
120  109  55  202  65  232  33  40  165  157  150  225  25  47  7  39  206  117  218  55  105  208  190  88  241  242  220 
226  217  127  20  17  127  239  23  221  42  169  244  122  191  40  4  79  202  25  71  213  201  221  199  214  4  166 
126  212  143  165  104  106  126  117  217  205  87  94  184  192  209  51  69  71  170  57  157  142  102  241  160  124  154 
1  110  21  118  147  77  11  204  82  228  79  90  190  156  194  202  80  235  169  4  193  181  230  213  74  230  91 
210  89  150  176  188  34  112  29  130  188  78  187  170  35  45  144  12  205  173  26  194  218  191  200  18  232  87 
65  51  15  125  217  189  206  23  111  47  129  131  224  29  140  37  46  76  225  137  122  89  155  237  162  100  25 
67  119  110  197  27  68  4  79  152  239  82  243  134  193  76  117  126  243  236  107  241  211  130  64  41  19  90 
27  176  129  186  146  190  94  7  192  128  158  87  124  180  185  18  156  239  150  83  103  213  140  69  162  119  61 
168  89  53  173  33  14  15  23  214  138  222  161  193  232  80  54  223  158  81  46  108  156  136  88  71  89  135 
14  95  54  6  243  95  50  174  211  98  19  139  6  69  218  172  68  204  116  190  71  234  81  23  152  96  11 
158  10  8  151  15  5  65  171  217  5  44  186  87  230  86  17  114  176  156  142  203  11  118  8  159  15  190 
54  87  123  94  84  151  44  232  24  54  133  134  136  13  109  3  151  82  84  68  109  221  110  239  60  98  187 
194  129  190  211  215  183  111  156  77  26  57  235  69  34  52  237  213  188  128  234  153  110  37  153  224  162  228 
15  183  208  201  5  89  67  27  234  26  58  166  145  193  34  120  160  60  206  212  140  12  209  129  194  12  69 
116  53  126  32  126  103  7  232  34  138  23  199  244  204  116  66  188  54  205  112  228  42  88  6  136  11  9 
220  11  73  241  159  174  168  196  75  103  208  165  178  159  108  24  126  238  123  88  244  6  83  47  19  190  3 
198  220  94  37  171  50  60  198  235  137  224  30  143  140  162  186  135  231  71  116  67  116  27  94  38  15  232 
172  63  107  226  189  73  245  1  197  1  161  103  98  148  183  76  114  77  57  52  127  15  181  125  123  16  159 
129  15  88  139  198  71  180  150  209  9  20  157  99  149  207  14  177  87  185  207  66  133  57  111  72  131  111 
170  196  140  95  246  46  47  80  134  77  192  238  131  63  136  184  189  221  33  11  52  140  186  177  169  165  44 
64  32  44  103  42  233  184  156  187  195  156  22  136  157  225  156  29  101  83  162  71  94  207  127  37  96  67 
147  191  242  214  121  79  82  70  243  231  64  207  116  219  199  199  52  219  232  227  226  93  108  183  142  138  212 
92  145  188  119  109  16  241  216  169  175  213  177  190  139  60  68  27  104  190  151  119  74  185  154  189  1  137 
219  134  24  72  196  77  203  209  192  126  69  92  126  19  120  191  134  66  61  199  133  72  139  20  78  34  80 
110  51  218  136  155  218  136  209  85  82  143  181  206  235  43  94  27  106  134  91  66  128  156  229  32  44  98 
244  160  13  25  49  109  52  77  123  159  37  135  19  9  69  192  68  38  99  124  227  72  210  136  88  128  184 
199  102  117  200  110  126  28  54  237  61  167  149  126  136  162  123  192  46  57  67  73  95  79  40  211  6  184 
131  142  226  166  130  132  40  227  241  145  70  185  54  152  136  200  113  173  136  191  97  131  232  118  104  224  172 
56  60  25  213  60  132  182  95  126  161  169  96  46  32  222  17  196  160  6  191  211  156  123  226  16  205  85 
168  196  140  22  20  165  159  160  107  26  93  213  157  109  67  57  246  205  8  141  160  208  140  149  162  232  84 
211  221  16  246  165  113  246  213  212  179  133  230  129  169  64  81  152  225  52  68  104  21  179  73  164  218  206 
60  86  33  234  88  90  55  66  234  216  141  144  101  78  101  76  41  30  117  46  244  31  33  188  224  59  141 
128  112  84  81  179  47  177  148  107  231  174  179  187  202  177  132  103  60  186  164  72  117  61  238  70  110  135 
129  192  96  107  164  42  98  231  55  74  118  90  174  49  211  187  55  121  217  217  17  191  240  81  104  27  226 
132  207  41  193  38  118  88  112  69  92  49  55  136  183  100  13  210  231  168  121  167  19  224  170  4  203  30 
65  229  194  35  57  112  54  50  97  62  211  139  30  176  66  50  69  179  211  109  165  128  40  140  174  164  43 
97  207  153  148  30  230  28  2  102  60  199  242  158  133  223  54  129  27  2  133  164  25  100  156  44  125  139 
160  187  215  100  213  233  127  160  151  61  25  6  16  111  162  52  46  42  14  1  74  243  83  218  49  80  104 
100  110  171  139  91  39  26  36  18  158  223  173  89  99  12  144  171  164  231  118  122  72  119  178  171  181  184 
210  199  104  202  212  130  175  92  211  165  175  56  80  191  241  192  103  221  170  29  95  110  113  174  236  245  181 
133  154  180  193  139  230  211  66  7  23  105  173  191  27  145  64  233  24  146  193  217  131  71  138  134  156  12 
74  109  34  4  47  78  127  123  103  28  72  183  116  175  120  57  34  99  177  59  103  130  27  9  198  40  139 
164  6  76  206  122  132  225  109  26  115  86  12  99  197  15  90  8  199  159  240  246  35  179  239  165  68  205 
17  45  188  149  152  100  51  81  145  1  234  167  223  199  192  138  145  148  65  27  11  182  91  138  41  77  153 
115  210  43  172  84  19  5  79  155  219  196  233  233  17  140  43  130  230  205  217  126  95  22  73  75  216  212 
201  164  32  46  223  95  104  233  218  92  48  152  139  67  11  207  48  141  77  166  107  41  202  200  69  62  98 
188  65  99  170  133  169  2  149  202  152  20  209  163  235  156  141  169  203  236  194  99  209  141  146  232  120  78 
117  137  50  34  36  242  137  131  246  115  185  241  83  148  229  174  233  139  4  232  144  121  191  181  8  220  170 
54  127  147  210  2  133  37  6  195  75  233  65  14  66  229  202  195  134  108  73  56  134  224  225  212  237  27 
192  74  196  146  67  207  184  105  224  138  65  103  77  207  170  170  130  140  201  167  198  163  45  54  225  224  77 
124  50  31  242  129  13  242  122  6  223  97  56  93  156  96  26  199  161  212  103  83  178  106  244  84  225  205 
225  162  212  88  18  141  172  238  179  53  185  23  117  161  109  46  199  76  25  238  137  96  31  98  48  33  89 
135  173  88  113  68  43  195  30  87  238  58  61  19  83  193  203  166  219  231  69  147  182  235  1  231  96  58 
199  35  29  241  164  80  60  74  64  199  177  194  136  54  200  71  228  160  95  32  208  96  220  212  79  11  213 
210  101  90  96  150  53  242  210  213  1  48  61  109  143  136  2  240  183  79  130  181  230  164  18  211  66  193 
74  12  128  22  29  59  90  78  36  10  172  99  79  107  186  150  83  246  195  122  25  176  177  106  177  177  99 
159  17  45  217  183  5  62  189  105  154  224  106  72  210  213  5  46  48  125  98  139  201  1  246  1  224  153 
143  166  214  98  234  25  20  179  170  76  99  191  62  169  119  31  21  163  182  118  95  6  197  180  21  121  88 
68  152  229  45  93  233  58  151  137  238  204  226  58  113  50  23  230  128  69  97  39  198  97  219  14  234  111 
151  52  160  46  73  177  39  215  76  112  168  227  168  177  60  149  85  216  226  175  133  76  140  27  36  187  134 
101  152  89  238  16  160  245  112  28  60  74  204  140  18  179  92  37  98  62  175  54  151  76  195  124  47  22 
42  139  1  185  148  42  7  91  196  185  66  120  110  23  18  131  17  155  8  137  199  81  111  24  229  40  72 
