961 166
498 996
166 2656
3984 1660
1162 3652
332 3818
0 2324
2324 166
1494 830
4980 3652
1494 996
2158 3818
3320 1162
1162 2656
1992 2988
830 1826
1162 1494
3320 2656
4980 2656
2822 2490
332 4482
0 3984
1660 4150
1992 996
4980 2158
4814 2324
4150 1162
332 2822
2324 1992
332 4980
1992 3320
4482 1826
4150 4980
4482 2822
3652 4150
2158 0
1162 3154
4316 996
498 498
4482 4814
3818 996
2988 2490
4316 3818
2656 1992
4482 4980
4150 4482
2822 3154
498 2988
1494 3818
3818 3818
1494 0
1162 166
2490 4482
2158 1660
166 2158
3652 2822
3818 4150
4648 1494
332 2988
166 3486
332 4648
4814 1328
332 4316
1328 2656
1660 664
2158 4648
664 830
3486 3486
2822 1162
830 4316
2324 4316
3984 2158
3652 830
3984 1992
3652 664
3320 2822
3320 4482
1660 1328
1328 3652
2158 3154
4648 332
2656 166
3154 498
1660 1162
1660 3320
2822 2324
3154 1328
1494 2158
3154 3984
2988 3320
332 0
1992 4814
4980 996
2822 664
4482 1328
4980 1162
2490 996
498 3320
4648 498
0 332
1826 3320
0 4316
2822 2158
2324 0
996 1162
3984 830
4316 4316
3320 1328
2988 2822
3486 1328
664 4482
3320 4814
3154 4150
664 2324
2988 2988
4648 166
2822 1992
2158 4316
2324 3154
1494 1328
4648 3984
1826 1494
1494 4980
4482 1660
4648 4648
3486 996
3984 498
3818 3486
4980 332
1992 1992
3984 166
1826 4648
2822 4814
3984 3154
2324 1826
4482 2490
1992 4980
1162 4482
1826 332
3154 332
3486 332
1826 1660
332 1328
3652 498
4814 3652
3320 2490
4150 498
4980 3154
3818 1992
0 3818
3154 4482
2822 4648
1660 498
3154 664
1494 664
2822 1328
4316 4980
3154 2158
166 996
2490 3154
4980 1826
3652 166
3320 996
4316 1660
4316 2988
3486 664
2324 996
1162 2324
166 4980
830 1328
2490 4814
498 0
2158 1328
4150 996
4980 498
1992 332
996 4482
1992 4482
2324 498
1660 4814
830 2490
996 3486
3652 4648
1162 3486
1162 1660
664 664
2490 1992
2656 3818
166 2324
3652 1162
2490 2158
1826 3486
4980 3984
4814 1494
4316 4150
3320 1660
3818 1162
664 4316
1660 1660
2988 4150
2324 4814
4482 3818
3984 3818
1494 2656
4150 0
664 3818
166 166
4150 3154
1826 996
996 166
2158 664
4980 3320
0 4150
0 1826
3486 1992
3818 4814
830 664
4814 2158
1660 3984
3486 1162
2490 0
2490 3320
4316 1992
1992 3652
3984 2822
1660 2158
2822 4150
2158 2324
0 830
996 1826
1328 498
3984 1328
4980 664
1494 2490
4814 4814
3984 2324
830 4482
4316 0
1494 4814
4316 3486
2988 1328
830 4814
1162 332
1992 1826
1660 166
1826 3984
498 2490
4814 1660
332 3984
1162 3818
2988 4814
996 1992
4814 664
0 2490
3984 3984
0 2158
2988 830
4316 332
664 2988
4814 4648
4648 830
2158 4150
3486 2656
1162 2988
1826 3652
2988 4648
3818 3984
2656 830
0 4482
2988 2656
1494 1494
3320 830
996 2988
166 664
3652 0
2324 2988
1494 1826
2490 332
3486 498
3486 3320
0 4980
996 3652
3320 3818
1328 2490
3984 4316
2324 3984
4648 2656
3984 4980
3652 3486
2490 498
2656 4316
2988 1494
1328 4150
4316 3154
4814 0
332 1992
4482 3984
2490 1660
2656 332
2158 498
3818 664
2656 498
498 332
4150 3818
4150 1660
3154 830
1660 3486
996 332
2158 2656
3652 3818
2988 1660
1162 2822
1826 4980
1992 1660
2988 0
332 332
0 996
166 830
4482 2656
1660 3652
1992 4316
3652 1992
830 3154
166 1660
166 3818
0 1494
498 3652
4814 4482
1992 1162
4150 2656
3652 4980
4980 166
1992 4648
1826 2822
664 2158
3652 4316
3154 3486
996 3818
1162 4316
830 4648
4150 4316
498 3486
3486 1660
166 332
3984 2656
4150 332
2324 830
3818 0
498 4482
2656 996
3652 2988
4316 830
4814 830
2822 3984
2822 3486
0 2656
4814 2822
4316 1494
2324 3652
4316 498
4648 3652
3320 166
3984 2490
4980 4648
1660 2490
4150 2158
4482 4482
3818 1494
1494 3154
2988 2324
830 2158
332 3486
2490 1826
664 2822
4980 830
4316 2324
996 2822
3652 1328
4980 2324
996 664
2324 1660
830 3984
2988 498
4482 2324
3652 3984
1494 1660
4482 4150
1162 498
3818 1660
1992 3154
3154 3154
664 166
3320 2158
4980 0
332 1660
4150 3652
2324 4482
4648 1660
4482 1992
664 1494
166 0
498 1992
1328 2988
3984 2988
2324 1494
498 3154
166 4150
830 4980
1660 996
1494 4482
1826 1826
2490 2324
3486 2158
2988 4316
4648 3154
332 2656
3652 2656
2490 3652
0 4814
4980 1494
996 1660
2158 4482
498 4150
1162 2158
1328 2158
4980 2822
2158 4980
3320 4150
4980 3486
2656 1328
4482 2988
3818 830
4150 3320
2490 4980
996 4814
2158 3320
2988 166
996 4150
332 996
1826 2158
332 830
4482 4316
4150 830
3486 4482
3154 4316
0 3652
2822 4482
3486 4316
0 3320
2490 830
498 4648
1328 4814
1328 1162
1162 4150
2490 4648
332 2490
4814 1826
2822 2656
2822 3818
1826 1328
332 1162
4648 0
4316 664
3486 4814
4150 2988
166 1162
1328 1660
0 498
664 2656
4814 3486
996 2490
4316 3984
3818 3652
830 1162
0 1162
1162 664
2822 332
4150 4648
1328 1494
2822 3320
1328 4316
2324 4150
498 4316
996 4648
332 664
166 3320
1494 3984
2988 1162
498 664
830 4150
664 1328
1992 2324
3818 4482
1992 1494
830 3818
2822 4316
2822 166
4150 4150
3818 2324
996 2324
3154 4648
4316 166
1162 4980
498 1826
4482 3320
3818 498
3818 2158
3652 1660
3486 830
166 3652
2158 830
3154 4814
4980 4316
830 830
2158 1494
4648 4150
166 1992
3652 3320
4482 3652
1660 4482
4814 4150
2656 0
3818 4316
1992 3818
1328 4980
830 1660
332 1494
166 4316
664 3984
996 2656
2324 1328
166 2988
2158 2988
166 1494
2656 1826
3818 2822
1328 0
3486 2324
3486 3154
2656 3486
1328 2324
498 2324
2822 1826
4648 4814
1162 4814
3652 332
664 4814
2158 2490
3486 2988
166 3984
498 2158
0 2822
4150 1826
1660 1494
166 1826
830 3486
1660 1826
1660 4316
4648 664
1328 664
1494 1162
830 0
2158 2158
166 4648
3984 3486
332 2324
830 3320
1992 4150
2158 4814
3652 4482
2490 3984
3984 0
1826 166
4648 1328
4316 1328
2490 3818
3818 3320
498 3818
4980 1992
2324 2490
3984 1826
3320 4316
4980 2490
1328 3320
2822 1494
1826 2490
2490 2822
0 3486
1494 3652
1660 830
4980 4482
166 3154
4316 4648
996 1328
3652 4814
2490 166
1992 830
2324 3320
2822 498
3984 4150
3320 3486
1328 1826
664 3154
3154 3320
332 498
2656 3154
1162 996
3320 3320
4648 4980
0 0
2324 2822
2158 1162
4814 498
3154 2490
332 2158
498 1494
498 1162
332 3320
2822 830
4482 664
1992 2822
4814 3320
1826 0
1826 2988
498 3984
3984 996
4814 2988
0 166
1328 3486
1328 166
4648 2324
498 2656
0 1992
2822 1660
0 1328
3818 4648
2822 0
996 830
2988 332
3154 996
1494 498
1826 1162
3154 2324
4980 1660
4814 2490
3320 498
3154 1494
1660 4648
2324 2656
4814 166
3652 1494
0 1660
4482 996
830 2324
4316 4482
3154 0
4482 166
2988 4482
1660 2324
1660 2822
3818 166
4482 2158
664 2490
0 664
2656 1660
2324 3818
3984 664
2158 3984
3320 4980
4482 1162
1162 3320
1826 2656
1992 1328
2656 4648
1992 2490
2988 1826
2324 1162
4316 2490
4316 3320
2988 4980
0 2988
2822 4980
166 1328
830 1992
4980 3818
4648 3486
1494 3486
3154 3818
664 1660
3818 332
3486 3818
4980 4980
3818 4980
2490 2988
1494 2988
3984 4814
1494 1992
2490 1162
3154 1162
1660 332
1494 2822
3320 1992
4482 1494
4150 2324
664 498
3818 2988
3320 4648
1494 4648
830 2988
4648 2822
3154 1660
2822 3652
1660 3154
4150 1992
4150 2822
3320 3984
2490 3486
2324 664
2158 996
1660 2988
3486 1826
1328 332
3652 2490
2988 996
2822 996
4482 332
664 996
1826 498
332 4150
4648 1992
3154 4980
4814 1992
2822 2988
664 3652
3486 2490
2656 2988
2158 2822
498 830
2988 3486
4814 4980
4814 996
4814 4316
4482 4648
2490 1328
2490 4150
3486 4980
4814 1162
3154 2822
4648 2158
2490 2656
1992 664
3320 3652
1660 0
3652 3154
1328 3984
3652 2324
332 3154
2490 664
996 1494
3652 2158
4980 4814
2158 3652
3320 3154
2324 4648
4316 1162
1162 0
2988 3652
2158 3486
1992 2656
664 1162
1328 830
1826 664
4316 2656
1992 3984
664 3486
830 332
664 332
3486 166
2822 2822
1328 3154
1826 4150
4150 1328
1660 4980
1162 2490
3320 2988
1494 2324
2988 1992
2324 332
830 166
3984 3652
3154 1992
664 3320
0 3154
4150 4814
1162 1826
332 1826
166 4482
3818 2490
4648 3818
166 2822
1328 2822
2988 3154
498 1660
3818 1826
2656 1494
3320 664
4814 3818
4150 3984
3818 2656
4814 332
830 2822
3486 2822
996 4316
4814 3154
2490 1494
4648 2988
4316 2158
1328 1992
3818 1328
3984 4482
3486 0
1494 4316
1162 3984
1826 4814
3486 4648
498 4980
3154 166
2490 2490
2490 4316
4150 664
1826 3154
2656 2324
166 4814
664 4150
664 0
996 3984
2988 664
2656 2490
2656 3320
4482 3154
664 4980
1162 1992
1162 4648
2656 4980
830 996
2656 1162
0 4648
4648 4482
166 2490
1494 4150
1494 166
3486 4150
4316 4814
3486 3984
1826 2324
166 498
3154 1826
3818 3154
2656 664
996 4980
1992 166
3652 3652
4482 498
2656 4150
1162 1328
1992 0
4648 3320
3486 1494
3154 3652
1328 3818
4648 996
4482 3486
1162 830
4482 830
3154 2656
4648 1162
996 3320
3320 332
332 4814
498 2822
1328 4482
2324 2324
4980 1328
2656 4482
2656 2822
1494 332
3486 3652
3652 996
2324 4980
1826 3818
2988 2158
2324 2158
4648 2490
332 166
4648 1826
3320 1826
2656 3984
996 996
3652 1826
4648 4316
2324 3486
1992 2158
4980 4150
498 166
4150 1494
664 1992
498 1328
1328 1328
4814 2656
996 498
1328 996
4150 2490
3320 1494
2988 3984
3984 3320
2158 332
2158 166
498 4814
4316 1826
1328 4648
830 498
2158 1826
4814 3984
2656 2656
4150 3486
3984 332
1494 3320
1660 1992
996 2158
1162 1162
3984 4648
4150 166
4980 2988
3984 1162
996 0
3154 2988
996 3154
1660 2656
1826 830
3320 2324
830 3652
2988 3818
830 2656
1992 498
3984 1494
1826 1992
2158 1992
2656 3652
3320 0
2656 2158
664 1826
1992 3486
332 3652
1826 4482
830 1494
4316 2822
4316 3652
1826 4316
2656 4814
4482 0
1660 3818
664 4648
