1000 759
923 276
427 904
770 323
162 74
777 383
332 60
956 264
441 492
929 610
178 492
144 769
218 643
913 716
103 72
571 250
446 897
149 640
933 665
266 700
905 575
515 940
491 436
844 781
786 540
3 955
818 482
567 935
359 682
401 632
959 90
535 961
80 460
767 648
176 39
384 191
696 897
631 359
84 633
736 140
193 720
593 489
63 541
308 534
835 449
996 37
56 788
42 118
807 667
458 678
875 149
579 925
36 141
654 471
918 45
701 130
172 50
307 794
456 170
591 818
106 497
799 220
805 426
812 983
679 324
976 576
137 837
793 764
593 335
120 141
415 696
553 439
926 40
100 848
613 778
15 487
6 179
89 652
887 416
808 773
693 206
640 523
412 939
611 37
180 500
951 627
783 348
4 235
117 530
95 362
761 540
219 771
659 276
193 797
685 969
474 176
670 43
645 285
435 334
805 759
43 741
925 176
786 485
116 895
722 593
326 198
677 326
779 326
98 738
870 375
220 471
484 891
145 928
455 387
136 720
632 976
202 127
692 59
136 852
459 171
343 887
604 790
638 612
170 971
855 86
857 489
996 592
837 279
730 736
246 327
580 892
592 149
574 5
981 40
471 769
33 531
479 798
822 452
240 559
12 732
950 132
296 648
90 480
305 704
858 748
24 455
772 875
405 790
370 464
634 861
70 894
333 32
426 270
947 542
795 788
81 881
736 54
946 675
888 111
365 619
365 175
559 67
710 204
982 238
113 478
940 580
960 210
745 225
353 267
680 277
63 345
486 527
122 710
678 533
292 621
800 946
809 941
65 892
458 80
898 288
957 109
276 697
496 875
521 627
293 970
541 132
347 444
645 291
63 872
232 948
645 412
343 646
326 593
697 842
445 304
132 790
171 260
484 971
770 47
353 456
166 925
712 285
974 840
693 667
153 238
41 316
126 260
184 563
34 317
344 373
540 162
301 921
404 499
145 458
320 4
739 976
331 706
474 290
944 981
574 147
565 907
442 689
732 901
139 551
308 402
841 446
92 55
641 584
222 936
278 22
538 445
672 87
512 194
318 605
944 909
361 148
854 369
373 284
351 978
875 87
728 444
993 804
288 806
971 424
897 139
587 86
207 475
868 987
66 961
756 88
409 915
414 556
710 755
137 186
382 554
42 827
835 304
559 463
26 2
262 956
835 473
654 893
417 492
688 244
119 277
995 66
746 581
566 869
628 476
694 119
513 575
846 163
58 320
879 135
163 272
419 913
356 290
530 937
514 767
183 94
753 544
873 827
685 301
686 689
95 580
824 12
518 373
485 340
911 102
154 221
188 897
614 832
526 532
551 757
114 460
76 819
924 479
311 362
817 890
598 764
342 710
28 815
222 857
142 226
125 130
78 691
784 77
775 758
42 107
793 513
59 119
253 66
668 755
783 921
205 902
184 351
90 846
942 949
348 160
501 729
242 570
99 578
13 217
191 282
902 537
974 98
214 504
708 366
589 440
958 181
355 379
214 227
112 985
123 110
136 763
705 557
40 328
115 283
600 312
977 444
554 290
856 188
69 841
476 679
179 999
492 105
438 659
85 143
401 591
101 926
978 64
976 338
595 991
122 838
725 278
714 582
273 790
644 400
476 603
404 485
279 768
108 250
497 628
134 99
52 68
678 973
383 679
152 622
96 76
752 768
793 202
662 490
261 343
860 547
953 31
430 915
384 314
376 460
32 557
861 303
706 491
134 716
487 109
675 660
686 572
476 855
507 391
495 971
617 353
978 320
28 45
837 349
742 26
892 341
97 345
357 351
661 247
648 593
911 65
305 337
19 326
461 864
568 902
266 696
588 986
378 390
573 809
100 675
336 503
765 339
615 363
436 497
848 787
841 536
287 47
997 402
226 743
92 845
94 337
67 801
475 209
796 652
302 804
433 540
200 402
625 453
764 180
18 704
863 577
213 963
742 467
938 533
615 769
434 566
627 522
364 147
150 685
300 435
318 831
64 203
412 824
646 256
601 406
113 192
245 828
464 560
436 647
37 159
136 258
804 659
176 853
964 486
19 860
84 602
868 901
407 363
658 90
944 724
140 112
735 933
522 829
950 932
252 885
238 122
807 329
584 390
749 236
423 144
175 970
439 254
590 490
375 949
316 424
683 964
880 937
363 716
822 21
967 606
842 662
941 691
789 239
553 309
959 363
813 122
867 858
388 910
393 978
255 90
823 235
210 891
916 631
880 767
406 33
867 824
941 471
413 842
718 877
821 825
699 506
352 602
814 738
453 27
52 642
630 791
136 401
628 314
82 157
516 970
831 763
847 686
793 319
478 735
260 688
827 800
198 414
182 877
945 885
224 949
924 647
627 907
975 198
701 168
401 429
260 89
368 948
117 719
435 920
454 674
118 714
190 862
782 288
494 130
857 600
996 283
677 418
408 146
290 262
618 908
370 684
458 10
133 323
693 687
714 709
736 256
95 58
333 235
909 997
940 968
598 748
45 253
620 302
395 371
969 560
581 260
504 931
878 132
317 530
141 116
44 127
872 835
748 927
283 877
613 762
264 313
893 315
995 764
151 853
658 799
53 148
230 35
260 706
436 996
928 40
356 709
485 493
846 867
123 93
869 180
168 509
273 891
586 584
972 526
571 416
76 769
677 888
25 681
681 394
590 952
837 153
81 831
660 454
956 594
5 970
656 951
325 732
735 958
569 211
48 644
323 55
70 952
381 399
178 966
866 89
853 163
780 285
753 654
120 491
432 807
310 685
131 666
832 513
490 886
476 563
423 757
811 614
434 426
40 342
463 224
686 155
495 630
525 290
437 908
478 148
127 903
842 523
295 47
76 45
107 425
94 661
569 253
255 81
503 114
662 179
182 393
83 877
297 587
455 670
624 265
967 872
187 185
747 604
872 106
534 5
116 171
477 692
869 966
602 487
619 974
361 674
690 395
302 125
13 112
15 971
859 209
649 650
436 626
790 191
301 463
474 21
166 152
703 964
471 860
585 201
569 834
50 7
631 713
980 849
737 596
554 291
487 486
591 612
679 817
488 715
528 422
316 63
893 417
473 495
939 347
698 20
288 192
344 232
219 909
339 602
843 657
131 293
712 960
833 673
735 796
800 845
622 282
750 667
129 199
606 101
416 994
303 209
47 18
881 357
158 828
895 32
63 431
618 120
224 258
340 355
46 878
267 151
690 515
670 707
927 438
457 842
111 105
611 782
948 824
42 105
630 871
911 157
292 441
506 733
99 647
334 137
849 439
416 769
245 809
341 505
85 372
755 361
665 151
754 422
228 802
413 409
459 853
795 362
29 145
9 807
944 84
315 982
164 61
759 660
642 903
57 632
714 661
520 296
402 681
554 304
743 910
7 280
528 921
700 446
205 544
789 652
698 888
782 404
197 301
37 334
725 740
126 992
284 92
552 521
757 160
27 797
593 241
774 727
987 110
60 373
627 354
47 651
124 298
737 453
983 806
989 566
895 628
533 596
350 284
785 715
673 715
520 247
328 582
823 361
98 712
829 82
62 889
476 446
369 526
588 519
395 263
499 423
440 931
490 974
824 144
127 711
129 705
864 118
212 473
747 945
369 952
602 409
120 572
40 153
371 992
303 486
791 142
590 48
895 889
215 819
489 122
348 871
417 573
566 901
782 475
720 606
762 505
461 450
449 867
325 800
665 410
233 395
541 959
890 736
646 866
707 572
796 708
561 123
559 192
619 577
52 570
189 476
897 120
937 179
18 787
245 706
888 444
807 607
402 45
862 23
437 415
860 317
257 114
99 168
144 255
89 307
407 169
615 325
27 58
390 320
413 324
375 828
121 202
752 586
493 753
385 115
60 465
407 484
407 233
887 269
964 675
246 555
785 304
407 83
636 203
968 373
986 782
538 424
912 452
1 465
830 289
973 0
934 482
598 840
380 351
632 585
510 45
739 563
300 395
123 139
557 279
432 611
958 318
682 342
261 753
453 246
984 341
460 600
15 692
647 2
477 902
673 413
896 704
763 538
788 649
77 30
832 672
672 353
813 828
358 177
768 697
8 463
937 445
221 19
281 922
358 90
614 303
718 234
494 363
281 905
707 209
196 821
396 870
569 494
552 660
566 683
565 65
128 65
259 570
228 523
783 192
678 992
693 533
253 560
454 938
641 944
51 939
432 996
274 680
467 361
759 884
224 278
420 449
5 194
81 572
25 738
979 424
74 250
164 311
626 96
480 808
593 626
334 250
107 238
341 54
333 794
944 776
620 764
625 579
85 60
33 313
848 65
127 920
442 301
626 65
678 559
295 381
95 752
233 600
660 10
384 795
880 619
339 938
783 454
328 192
102 595
67 790
193 573
638 256
421 725
445 243
797 60
311 436
960 755
311 886
776 147
308 343
369 8
587 678
57 507
836 859
422 195
200 909
786 341
668 695
982 600
331 578
964 616
419 162
454 789
42 219
3 223
230 624
239 735
953 331
740 205
184 990
363 73
30 115
290 194
586 766
43 29
198 174
886 719
340 555
178 21
843 911
21 678
