717 40
1107 2500
2678 2322
4703 297
2025 2025
1782 1782
2500 2484
1053 2500
2500 4860
864 864
3564 2500
3807 2500
4433 567
2500 4293
221 4779
2500 2511
599 4401
4563 2500
1701 2500
4865 135
4806 4806
162 162
2500 4671
2500 1188
2500 756
2057 2943
1215 1215
275 4725
2500 2106
2500 270
977 4023
2500 3780
567 567
2322 2322
2500 3321
3942 3942
3510 2500
734 4266
2273 2727
1647 1647
788 4212
2500 2322
3240 3240
2500 4158
3375 3375
540 2500
2500 81
2538 2500
4698 2500
3051 3051
4212 4212
2500 2889
2700 2700
2500 729
2565 2500
2511 2500
2500 3402
3326 1674
2500 999
2500 1269
2500 4266
4325 675
2349 2500
3542 1458
2052 2500
4374 2500
3380 1620
2500 3132
4158 4158
2500 1782
1593 1593
1571 3429
3186 2500
3024 2500
135 135
1733 3267
4293 4293
486 2500
2781 2500
4428 2500
81 81
2500 1944
2500 1755
2500 4050
2500 4320
2651 2349
243 243
2187 2500
3650 1350
4104 4104
4158 2500
2673 2673
2106 2500
2500 2700
1085 3915
2565 2565
756 756
2500 4509
1134 2500
2500 2241
2500 3618
2597 2403
1188 2500
3029 1971
4401 2500
2079 2079
1868 3132
4622 378
1998 2500
2500 2673
1404 2500
4779 2500
1323 1323
3272 1728
3618 3618
297 297
2500 2808
2500 3915
1188 1188
2500 4617
594 594
3515 1485
2500 2214
1863 2500
2705 2295
2500 3024
3996 3996
1679 3321
2500 864
2894 2106
2889 2500
594 2500
378 2500
950 4050
2246 2754
2500 3348
2538 2538
1512 2500
0 2500
3213 3213
1112 3888
2500 2727
3456 3456
4536 4536
4590 2500
3299 1701
2700 2500
1247 3753
1836 1836
2500 1026
567 2500
945 945
4379 621
3110 1890
3245 1755
864 2500
4514 486
4730 270
2500 3888
54 2500
2500 1404
2500 4185
513 2500
842 4158
2500 3861
4595 405
2732 2268
2500 2538
324 324
3888 3888
2997 2500
3537 3537
4109 891
2025 2500
2500 4806
3677 1323
2500 1296
2500 3456
3942 2500
2500 4644
2408 2592
1566 2500
2500 2619
4568 432
216 216
4946 54
2500 3240
1620 1620
1166 3834
3645 3645
3294 2500
4860 4860
437 4563
2500 4752
2619 2500
3056 1944
891 2500
3726 3726
2808 2500
2759 2241
2754 2500
2500 2646
2500 1107
2322 2500
1890 1890
869 4131
464 4536
1706 3294
459 2500
189 2500
2133 2133
4617 2500
4320 4320
1728 2500
2500 3564
3321 3321
2500 3699
2500 1080
1377 1377
405 2500
1949 3051
3483 2500
3861 2500
702 702
2500 2943
3078 2500
3132 2500
1971 1971
2500 2187
4185 4185
972 2500
3812 1188
2500 4077
1755 2500
3969 3969
4023 4023
3699 2500
3596 1404
4509 4509
2500 324
648 2500
702 2500
2500 1053
2619 2619
1436 3564
1296 2500
1301 3699
1215 2500
3186 3186
3510 3510
4001 999
4212 2500
54 54
2484 2484
3429 3429
2500 3483
2500 1647
2500 2754
2500 2376
3704 1296
2500 4590
2786 2214
4779 4779
3407 1593
4082 918
1652 3348
2500 3996
2500 2500
1350 2500
2381 2619
1031 3969
2500 594
3429 2500
1863 1863
2160 2160
3456 2500
2500 1458
1080 1080
1566 1566
1539 1539
2484 2500
4266 2500
2500 3834
2500 675
2500 405
2241 2500
1350 1350
3078 3078
2592 2500
2214 2214
1242 2500
2500 2133
410 4590
2916 2500
2500 4779
270 2500
2500 1377
4752 2500
2500 621
2376 2376
1512 1512
810 2500
3137 1863
2500 2970
4347 4347
2727 2500
2592 2592
4460 540
1004 3996
302 4698
2862 2500
3083 1917
2084 2916
4131 2500
1917 1917
4028 972
4050 4050
1809 2500
2727 2727
2106 2106
2570 2430
2268 2500
162 2500
4482 4482
459 459
4725 4725
891 891
896 4104
3753 2500
4190 810
1431 1431
4244 756
2133 2500
4428 4428
2543 2457
4320 2500
2295 2500
1998 1998
2500 243
486 486
2500 918
1625 3375
4271 729
4811 189
1895 3105
1161 2500
3915 3915
4293 2500
2500 2592
999 999
351 2500
2500 1728
3267 2500
2500 648
626 4374
2835 2500
2500 3537
3402 3402
2462 2538
4784 216
837 2500
3132 3132
2500 1323
0 0
3537 2500
140 4860
1841 3159
2889 2889
2500 378
135 2500
2500 2916
2500 486
248 4752
3375 2500
4239 2500
4239 4239
2500 2430
518 4482
2500 3942
1463 3537
2500 1593
4347 2500
1274 3726
2500 0
2500 2268
2500 1836
783 2500
3321 2500
2500 1620
1814 3186
2500 135
4077 2500
2500 1512
243 2500
4671 2500
4406 594
2030 2970
3267 3267
1836 2500
2403 2403
2327 2673
2219 2781
2500 189
2781 2781
2500 4347
1593 2500
3834 3834
2500 1242
621 621
4725 2500
2489 2511
2500 1431
815 4185
1058 3942
2835 2835
378 378
2403 2500
2500 1161
3591 3591
3569 1431
1139 3861
707 4293
2646 2500
3920 1080
4298 702
4541 459
2003 2997
3461 1539
2673 2500
4757 243
2840 2160
3159 2500
2500 4104
4698 4698
2111 2889
3213 2500
4104 2500
1760 3240
675 675
4352 648
783 783
2500 4212
1458 2500
4374 4374
3888 2500
2624 2376
108 2500
2916 2916
4077 4077
2511 2511
3488 1512
1409 3591
1674 1674
1485 1485
2867 2133
2970 2500
2500 1539
4806 2500
2500 1134
572 4428
918 2500
491 4509
1598 3402
2500 2862
1890 2500
972 972
3758 1242
1377 2500
3294 3294
2500 4428
1269 2500
2500 945
513 513
2457 2457
648 648
2160 2500
2500 351
2500 108
4509 2500
3726 2500
1458 1458
1728 1728
810 810
1220 3780
2500 3213
1944 2500
3893 1107
329 4671
923 4077
432 2500
2500 2025
4536 2500
108 108
2500 2160
1404 1404
2500 3510
2500 4239
4860 2500
2500 2052
1647 2500
4919 81
1107 1107
2808 2808
1620 2500
383 4617
3353 1647
1242 1242
3785 1215
3218 1782
729 2500
3191 1809
2500 1701
1755 1755
2943 2943
4563 4563
2921 2079
2165 2835
1382 3618
2500 4482
2354 2646
2500 4536
5000 0
3645 2500
2500 1809
4892 108
2500 1350
3753 3753
3861 3861
4649 351
3915 2500
4752 4752
2500 1863
2516 2484
545 4455
4617 4617
675 2500
3866 1134
3699 3699
2500 3645
3434 1566
4644 4644
81 2500
4163 837
3105 2500
3164 1836
653 4347
2500 3159
2500 3969
2500 1485
2500 3186
4644 2500
761 4239
2500 3591
351 351
2500 3429
2187 2187
4217 783
2500 4725
3105 3105
2268 2268
4838 162
2500 3051
1539 2500
2500 432
1193 3807
2500 2457
2430 2430
2646 2646
2500 1998
356 4644
2500 2403
324 2500
2500 3375
2500 1971
2500 3672
3002 1998
2500 162
3996 2500
2430 2500
1355 3645
2500 4455
2500 3294
1922 3078
2500 3267
4455 2500
2862 2862
4266 4266
3348 3348
3780 3780
3672 2500
2500 3078
4401 4401
837 837
2500 540
1328 3672
1053 1053
2500 2781
1323 2500
2943 2500
1517 3483
2500 54
1809 1809
2970 2970
1544 3456
3051 2500
2500 513
4050 2500
1134 1134
2500 891
1971 2500
3780 2500
540 540
2948 2052
3839 1161
2500 837
2241 2241
3483 3483
2500 3105
1269 1269
3731 1269
4482 2500
2500 810
2500 297
918 918
2500 4023
2500 2997
2500 1566
2997 2997
3564 3564
2192 2808
1674 2500
194 4806
2457 2500
3623 1377
2500 2079
729 729
2500 2835
3969 2500
2214 2500
2500 1917
297 2500
2500 4698
432 432
189 189
4671 4671
4487 513
2500 1674
2500 2295
4590 4590
1976 3024
3402 2500
3974 1026
1080 2500
1782 2500
3024 3024
4023 2500
3834 2500
4131 4131
3947 1053
3672 3672
3348 2500
2300 2700
2349 2349
2813 2187
4185 2500
2295 2295
756 2500
1296 1296
1787 3213
3807 3807
2435 2565
1431 2500
680 4320
1917 2500
4676 324
2376 2500
1701 1701
1026 1026
2500 216
2500 783
3591 2500
3618 2500
2500 2349
621 2500
3240 2500
2500 4131
270 270
3159 3159
2975 2025
945 2500
2500 567
216 2500
2079 2500
1485 2500
2500 2565
1490 3510
2500 1215
2500 3726
4136 864
2500 4563
2500 3753
2052 2052
4055 945
1161 1161
1944 1944
2500 4401
2138 2862
2500 459
2500 1890
1026 2500
2500 972
2500 702
4455 4455
2500 3807
2500 4374
2754 2754
999 2500
405 405
