999 78
95 54
99 16
5 47
8 73
39 6
59 21
66 68
91 96
17 49
34 10
65 12
3 72
36 69
27 69
3 26
58 100
47 86
41 43
25 8
87 14
14 68
53 89
23 38
7 83
90 24
79 94
86 92
48 21
4 18
74 35
41 44
6 76
44 68
4 63
68 21
98 86
60 28
51 91
19 33
76 52
60 25
62 24
42 28
92 34
23 32
65 6
48 0
43 94
53 19
11 3
90 21
77 45
12 1
15 10
32 94
55 61
33 51
48 41
58 89
20 45
87 78
86 47
83 85
2 77
80 4
47 7
38 87
21 46
22 54
75 8
97 41
77 57
26 12
59 33
50 58
24 51
82 58
21 66
12 17
93 4
71 7
22 71
8 0
9 89
10 72
43 86
68 100
78 40
46 38
59 44
6 82
82 92
55 18
68 61
17 36
0 88
91 58
67 78
81 77
13 51
81 47
10 86
2 63
68 49
79 17
17 30
99 30
38 84
95 17
16 71
59 80
5 17
65 3
74 1
4 28
2 90
64 10
47 4
78 83
31 0
72 92
61 63
80 94
38 35
33 71
100 44
45 63
11 1
27 65
86 55
59 99
43 0
84 66
17 68
96 3
64 12
4 21
1 37
91 19
67 9
36 28
92 46
51 9
76 74
60 36
49 24
28 96
85 59
20 77
0 26
18 68
12 31
4 71
70 13
89 74
93 0
45 33
54 78
63 98
30 6
96 12
91 16
99 39
54 34
71 98
54 10
17 46
15 18
92 28
60 10
35 55
76 37
45 56
53 13
5 94
92 4
74 34
2 12
44 92
73 23
6 8
73 95
40 11
31 72
32 74
24 20
83 77
12 45
57 11
31 97
0 72
29 35
11 96
27 32
26 6
2 36
49 64
69 11
80 43
31 38
57 68
79 82
60 62
49 90
57 43
48 100
1 39
80 19
13 4
58 23
28 9
98 22
62 14
24 26
46 72
2 85
93 77
45 38
20 36
2 27
1 49
65 76
35 79
10 10
73 28
43 55
20 14
17 19
52 42
12 34
11 95
75 15
16 9
9 42
10 73
91 84
19 35
89 55
34 39
69 59
36 75
92 19
27 24
89 60
97 3
90 47
70 39
83 40
31 55
40 95
47 6
85 93
3 1
74 27
32 44
49 46
26 57
35 47
48 65
45 41
18 17
8 53
18 8
88 13
42 12
52 67
50 100
0 16
18 37
72 26
79 77
87 57
45 99
85 20
7 18
94 11
85 5
10 8
64 0
96 77
2 19
82 70
31 51
44 60
52 13
63 85
20 98
51 41
12 54
78 85
92 35
95 86
3 7
52 92
72 38
23 2
45 52
84 20
64 72
51 87
90 38
81 53
18 71
8 41
68 9
28 1
97 17
71 85
93 90
77 29
94 54
99 78
74 16
99 22
86 77
65 83
82 20
67 47
93 52
44 3
10 79
36 32
58 73
12 80
61 3
41 50
75 9
13 61
39 41
12 57
72 14
29 89
4 88
72 0
16 84
58 84
94 1
89 89
8 70
66 58
47 49
56 86
18 10
60 56
88 33
71 68
76 62
14 17
60 67
16 83
69 31
34 85
42 82
19 62
52 61
14 20
2 40
97 13
10 71
53 33
38 39
78 70
16 13
96 100
39 3
54 87
87 1
39 11
16 89
43 75
4 6
2 2
15 87
27 13
77 25
86 4
57 17
28 70
31 96
88 42
38 49
8 60
94 46
75 93
25 78
71 71
66 74
33 67
48 94
31 84
24 15
60 45
32 31
59 95
19 66
99 5
74 68
18 41
38 64
84 23
41 6
98 21
61 70
69 86
29 3
48 72
86 91
20 78
75 99
65 86
19 99
80 34
94 32
58 75
96 16
89 94
71 66
87 47
86 59
4 42
85 88
84 30
14 46
46 0
54 82
38 25
11 21
94 100
80 14
98 71
16 88
91 22
81 27
17 86
79 90
2 72
83 25
15 50
10 24
57 73
4 47
29 98
93 14
70 44
92 11
23 75
49 76
71 76
35 24
75 81
64 62
62 50
10 45
38 85
70 43
52 80
42 99
35 37
58 12
67 62
68 39
18 39
53 71
17 38
18 94
41 74
59 0
77 14
62 72
7 20
16 62
50 22
27 100
76 77
25 60
68 64
40 54
10 93
88 45
20 1
84 21
7 10
89 17
62 83
59 38
38 32
75 100
63 40
86 10
78 46
49 3
76 100
83 30
39 12
85 73
44 79
22 13
45 23
89 3
12 43
58 7
1 22
3 68
51 40
42 56
76 4
9 34
34 3
58 18
58 70
60 4
14 90
96 35
90 19
27 63
52 30
88 10
10 68
42 78
80 8
93 20
47 5
94 29
75 11
80 21
10 61
84 57
89 81
88 86
82 74
54 73
41 24
46 7
24 77
7 67
8 94
61 81
85 10
4 74
92 23
26 44
76 12
30 84
33 63
93 49
20 9
78 0
14 9
92 26
51 45
74 11
53 42
7 64
58 36
98 11
60 52
76 97
43 74
65 53
9 85
68 83
25 51
64 66
41 42
5 36
14 98
26 91
87 75
97 72
53 50
34 33
40 16
96 98
35 88
66 92
4 11
96 75
71 36
26 43
15 6
20 54
90 29
100 99
87 50
52 62
95 69
97 54
2 50
16 85
14 3
86 84
54 69
52 69
37 98
53 40
24 10
52 89
96 76
89 62
60 85
9 17
78 58
59 48
86 37
65 49
77 98
74 40
77 94
66 86
58 35
83 22
77 54
48 89
21 43
15 67
2 76
63 97
17 43
7 79
54 56
57 62
31 24
86 79
71 78
70 55
70 24
18 14
11 38
24 72
98 44
46 10
19 58
24 11
22 41
5 35
92 0
8 99
36 26
36 65
87 34
94 80
43 88
0 18
7 71
90 89
63 46
71 29
66 15
75 49
1 77
65 57
57 61
3 40
31 77
92 45
2 81
4 60
46 71
99 65
59 15
64 53
13 56
91 64
77 28
0 83
2 6
12 92
50 7
70 52
100 50
92 48
72 72
30 42
54 44
9 86
70 20
40 74
94 2
12 37
0 35
93 2
0 36
11 34
97 94
23 73
41 73
20 22
1 42
90 64
29 63
39 77
33 49
33 1
77 34
12 50
30 52
54 2
68 28
34 83
5 18
7 81
55 27
2 59
56 74
100 37
84 44
53 65
28 8
45 60
28 28
29 29
26 86
82 59
47 32
63 22
61 20
51 27
88 93
49 7
50 28
55 28
26 87
8 3
62 30
17 1
34 54
36 19
21 16
50 39
48 45
20 11
80 22
100 21
50 70
3 80
16 3
8 5
25 29
77 80
75 18
88 1
77 6
73 30
88 63
15 70
81 79
17 66
99 98
10 33
50 6
49 68
56 40
79 53
0 1
77 60
78 36
68 54
43 18
22 36
7 33
80 80
67 58
96 80
9 40
30 8
25 13
71 28
22 95
33 100
53 95
62 96
28 44
48 73
15 92
61 33
88 57
10 75
37 84
6 14
30 39
7 56
4 31
20 92
40 19
72 21
64 9
24 47
40 23
52 44
48 24
87 53
73 27
11 43
74 69
96 49
75 72
35 54
22 15
31 89
78 98
98 19
86 90
90 75
3 97
0 76
23 58
35 9
47 30
36 27
28 52
78 76
44 9
98 10
42 27
85 94
4 91
99 6
78 12
33 23
26 50
40 56
29 74
5 60
90 71
84 73
49 59
5 63
24 86
80 12
82 2
55 56
79 18
70 19
79 44
95 67
40 26
61 12
2 0
86 41
10 76
13 17
49 20
81 57
61 91
13 40
36 66
61 23
12 84
72 63
84 31
53 56
34 74
31 83
66 90
88 7
79 13
60 78
15 42
57 55
6 68
64 8
17 63
72 71
29 0
68 76
12 81
17 54
18 62
31 9
76 2
53 41
77 48
32 82
85 67
43 4
33 80
65 14
29 51
67 38
82 69
17 74
34 57
17 31
97 21
10 94
12 7
33 99
80 51
96 65
2 58
45 70
9 76
74 38
27 70
64 22
36 89
91 36
29 82
77 64
31 7
78 13
51 42
6 30
39 8
4 30
5 1
82 97
83 20
46 37
46 86
60 57
70 64
30 13
31 100
54 76
72 17
64 60
28 23
22 11
22 69
90 35
94 22
8 28
69 56
91 54
19 28
39 4
93 64
24 12
99 71
77 62
52 6
83 73
54 37
12 11
7 2
83 10
10 95
68 98
14 58
43 50
38 38
6 28
9 3
54 22
9 64
84 11
93 95
51 34
30 82
77 1
15 11
27 9
46 99
61 31
91 31
4 7
21 24
25 36
10 41
94 50
88 31
1 7
68 55
52 3
75 12
7 75
11 84
81 46
75 52
32 73
35 8
15 0
26 68
4 80
10 38
19 24
59 27
9 67
45 95
74 81
24 14
89 72
74 18
79 39
31 40
40 92
23 47
86 16
34 12
91 87
99 28
98 24
81 23
12 38
15 33
16 17
36 18
88 87
