997 92
91 2
97 13
2 55
3 61
4 83
40 53
60 0
44 50
3 36
61 72
67 20
30 37
59 17
18 86
7 26
65 18
82 61
66 31
35 79
96 46
29 56
29 95
86 8
68 48
41 25
36 1
21 39
45 3
71 90
30 27
51 67
53 61
100 2
43 31
67 96
72 8
18 55
57 67
7 28
12 77
63 53
96 93
87 56
93 45
92 64
68 94
62 47
67 14
3 80
86 98
30 60
64 82
68 82
31 77
25 49
89 2
96 39
29 27
29 60
24 72
60 85
63 82
28 96
32 72
48 33
68 62
67 84
91 15
90 78
81 65
50 13
40 13
14 70
74 45
35 0
63 78
30 84
89 19
89 81
80 16
100 57
13 29
64 76
100 61
56 83
98 88
33 74
86 32
41 62
60 1
21 38
55 80
25 92
3 24
61 70
12 98
14 98
88 2
86 72
18 9
40 22
5 40
78 85
25 64
14 32
16 59
31 91
87 43
4 86
48 47
85 81
20 75
62 63
66 92
61 3
73 2
39 50
31 82
45 21
77 11
63 79
29 6
30 74
62 87
22 15
71 3
26 0
78 46
88 76
37 16
30 14
81 50
74 19
77 77
62 46
36 95
63 52
54 15
89 9
60 57
42 50
12 56
4 31
29 61
94 32
81 13
38 20
59 96
27 59
4 50
3 62
79 79
58 4
14 36
91 33
24 97
10 39
10 96
62 2
73 46
15 26
7 42
94 87
25 83
94 20
24 12
57 37
70 60
99 38
6 83
63 89
17 60
28 64
97 97
77 0
33 33
68 41
68 97
6 81
97 17
88 79
93 4
82 68
98 49
51 21
2 77
63 34
42 93
19 18
12 7
70 89
89 92
83 97
23 52
94 48
23 30
66 18
70 78
29 43
12 28
2 81
49 42
67 83
22 5
38 68
28 14
53 82
69 3
78 26
94 10
76 9
92 60
88 87
84 15
40 11
68 22
64 96
26 76
18 39
83 45
46 79
79 14
99 64
81 51
90 61
25 32
97 75
37 4
0 58
48 79
14 18
81 92
30 56
91 8
92 12
65 20
45 50
5 65
33 45
90 31
52 7
29 1
70 29
70 12
11 2
2 38
0 16
19 83
46 12
55 32
98 89
57 12
90 70
10 71
6 55
13 52
13 87
20 41
54 72
70 49
80 38
0 21
45 77
88 15
84 99
32 1
21 30
39 29
85 16
12 38
84 81
31 41
67 100
87 97
39 98
83 26
27 3
80 87
33 30
74 5
52 32
61 77
57 43
80 51
79 73
18 17
21 26
55 18
47 32
59 62
100 81
4 88
73 54
7 89
95 79
10 53
54 99
72 44
42 34
95 52
39 1
20 0
25 30
95 88
99 37
79 99
49 46
76 73
66 57
45 73
46 96
15 19
70 69
100 95
57 79
22 97
63 0
38 22
6 22
49 83
49 33
34 98
24 22
85 91
11 25
56 55
14 24
43 48
92 10
39 36
2 15
39 51
75 37
56 17
86 37
95 46
9 63
47 35
56 5
5 90
75 98
64 80
94 76
2 95
7 96
56 27
60 34
15 83
86 51
41 93
60 100
65 1
64 13
37 48
21 60
82 13
56 69
16 85
74 47
33 78
4 4
59 37
64 37
17 13
15 57
49 70
38 27
65 72
49 93
1 61
24 77
10 55
25 74
9 1
79 78
5 13
23 55
35 99
32 92
41 40
45 16
13 5
69 65
79 30
79 74
46 61
46 25
31 79
21 86
53 87
49 76
6 49
41 30
13 2
71 57
36 36
74 17
96 36
14 37
1 52
86 56
37 87
35 14
41 6
8 70
76 26
82 93
23 6
73 22
88 97
50 6
22 2
40 47
3 83
12 55
88 99
60 79
17 78
49 34
33 61
62 56
49 88
3 87
34 58
50 65
34 91
71 66
90 95
79 60
56 15
72 66
68 57
22 31
0 49
44 29
51 54
14 3
82 14
83 13
100 88
56 82
8 61
8 51
59 90
60 81
20 30
98 43
55 75
74 65
97 58
99 93
24 78
23 48
53 76
76 79
94 40
99 3
71 45
75 10
42 100
64 38
8 36
88 64
69 54
4 39
34 11
88 61
64 33
63 4
98 56
3 74
91 20
42 35
93 75
15 17
36 99
74 76
8 21
41 14
34 4
61 13
90 8
9 86
40 69
59 79
52 0
80 91
80 5
61 1
0 83
22 93
33 47
13 72
70 88
66 41
91 97
12 61
60 74
11 19
81 85
11 18
3 98
14 92
2 80
53 6
28 38
27 56
34 45
82 66
33 58
92 68
39 28
51 13
7 67
6 62
58 88
71 72
82 77
62 85
90 88
33 69
6 30
84 6
10 91
55 9
15 100
87 39
35 31
85 64
67 67
43 62
37 69
41 55
44 56
85 55
99 23
86 24
68 10
10 99
91 67
9 79
37 28
54 100
14 80
7 13
7 45
76 78
73 9
74 15
59 60
10 93
24 58
8 57
88 59
56 21
1 55
100 52
94 43
52 13
54 79
29 35
99 17
20 5
82 46
89 52
35 93
46 92
83 95
72 78
25 50
55 53
73 12
46 86
48 4
0 87
96 19
6 79
92 80
87 18
31 97
49 31
18 42
17 30
93 33
71 95
76 55
51 100
31 8
67 9
42 92
40 0
94 47
88 54
24 46
60 50
88 7
82 32
36 37
84 52
94 11
5 97
82 96
95 65
69 98
2 64
22 85
57 41
19 91
17 58
35 68
30 55
95 7
73 7
49 100
91 73
80 35
65 34
47 69
90 51
62 97
24 10
45 33
70 51
66 69
56 26
41 72
67 45
25 87
16 54
58 18
64 94
45 70
41 31
92 15
93 84
60 13
61 74
35 63
43 56
97 41
30 10
89 31
20 70
80 18
85 94
22 56
28 100
67 34
74 18
80 69
80 13
30 38
56 31
16 20
76 14
13 25
86 45
6 21
42 2
23 36
96 6
83 71
94 9
57 49
13 30
78 29
32 65
77 23
18 77
75 77
17 9
61 63
44 95
3 22
92 69
57 48
65 74
66 35
70 39
42 1
84 95
100 70
37 18
18 40
12 53
2 9
78 51
61 99
97 14
82 73
7 78
22 36
87 2
36 85
35 45
100 5
19 64
56 28
24 63
34 9
77 25
95 16
59 10
78 99
1 31
98 84
79 31
5 37
64 36
99 66
34 16
22 98
50 4
80 74
5 48
50 51
22 63
28 26
83 2
18 97
16 30
22 33
33 53
99 13
26 66
63 7
11 96
24 99
90 46
80 46
47 65
37 92
2 85
44 62
54 20
2 24
66 22
83 11
68 99
15 20
86 55
68 80
0 95
49 18
17 6
55 34
65 71
47 48
43 38
87 92
47 30
15 53
75 33
54 24
52 10
46 62
3 60
22 40
20 100
6 82
66 26
71 32
83 81
99 19
88 94
57 22
6 15
15 73
16 2
92 77
99 90
48 64
31 39
18 29
80 39
13 34
32 46
74 44
16 53
35 81
35 5
55 29
65 95
97 53
92 48
83 82
74 32
2 66
7 6
87 36
88 58
49 68
29 19
8 73
17 12
74 87
30 40
17 73
97 86
28 18
93 42
27 80
66 48
66 90
73 28
77 15
69 11
43 92
54 94
86 16
38 4
14 17
7 44
90 72
92 11
88 30
65 15
78 52
65 100
72 76
66 98
9 75
66 21
56 3
58 39
6 2
91 43
54 77
29 26
88 8
21 51
12 83
68 29
57 33
33 15
27 74
67 91
94 26
95 38
85 39
5 99
28 75
9 56
85 78
88 3
32 18
15 59
11 3
97 25
78 75
64 75
99 68
74 49
79 42
90 23
64 29
42 0
64 22
5 91
66 65
95 57
9 10
84 74
78 1
17 83
93 37
38 11
79 11
18 56
68 81
44 93
44 12
30 76
89 65
18 41
86 61
64 63
84 62
9 22
36 73
51 91
73 64
1 47
88 73
80 71
63 68
73 93
86 2
96 31
60 35
73 98
78 73
10 9
87 70
82 23
38 47
11 4
33 72
5 20
75 22
47 80
59 47
60 19
43 2
96 4
35 19
72 33
17 39
8 69
29 77
74 64
83 91
75 56
86 40
3 11
53 34
26 19
16 3
81 69
94 69
84 71
67 15
77 28
88 82
66 59
97 20
45 75
64 73
53 98
65 98
15 0
94 78
33 87
65 77
2 23
43 5
36 93
8 14
57 70
39 30
13 26
75 75
63 95
19 62
19 5
13 64
68 92
24 56
67 82
43 23
48 38
23 57
70 10
15 52
65 64
98 42
60 64
92 21
48 69
95 41
63 99
67 97
19 52
21 85
98 24
18 43
44 69
81 93
94 82
69 12
24 16
44 79
63 23
79 22
90 93
69 83
32 83
27 36
61 34
52 69
3 84
96 100
98 95
20 68
37 13
62 9
75 65
89 82
82 36
9 34
8 64
32 32
41 82
70 59
44 30
9 48
85 59
