989 30
280 280
2500 1600
560 4440
2980 2020
240 240
2860 2140
4100 4100
500 500
2500 2140
4860 2500
1740 2500
2500 2000
2500 4920
2460 2460
1800 2500
1320 3680
4420 4420
2400 2400
2860 2500
460 2500
2500 4940
2500 1620
1340 1340
2500 1720
3420 2500
2440 2440
1660 1660
80 80
2500 3900
4460 4460
2500 4880
400 2500
2220 2500
3680 2500
1180 1180
4660 2500
2160 2500
2500 4500
2500 2460
2500 120
140 140
3040 3040
2500 2220
2500 3000
4220 2500
4160 4160
3000 2500
2500 3840
3840 1160
1540 1540
2500 1740
2560 2560
2880 2120
3460 1540
2940 2060
4520 4520
600 4400
1620 2500
3100 1900
3840 2500
2500 1200
1260 2500
2640 2500
2500 2300
4760 2500
260 260
1620 1620
1820 3180
2300 2700
4040 4040
3120 2500
1060 2500
1900 1900
2500 3780
2120 2880
2500 2720
1540 2500
4480 2500
1700 1700
940 4060
4000 2500
2140 2140
2500 3380
3640 1360
2480 2500
2280 2720
3940 2500
640 4360
3180 2500
2120 2500
2500 4840
4820 2500
2500 3020
540 540
340 4660
620 4380
2500 2660
1920 3080
3060 3060
2420 2500
120 2500
2500 3760
3180 1820
3360 1640
1440 3560
100 100
2500 4740
4280 4280
2260 2260
4780 4780
460 4540
4640 2500
900 4100
1000 2500
4620 380
2500 900
80 2500
3700 1300
2500 3320
1680 2500
3980 2500
2500 4580
2500 1080
2720 2500
660 660
140 4860
3860 2500
2500 4260
4640 4640
1380 3620
4220 4220
3860 3860
2500 360
680 2500
1360 1360
4980 4980
2500 3860
2500 4540
2140 2500
2500 4040
4760 4760
2320 2320
2500 2580
2500 4140
4300 4300
2500 2920
500 4500
4500 2500
2500 1240
1300 2500
2500 1180
2160 2160
3340 3340
1960 3040
2500 3160
880 880
2800 2800
3260 2500
1040 2500
4360 640
2020 2500
4360 2500
4000 1000
4520 2500
2500 2360
3360 2500
2640 2360
3820 2500
2500 2800
4280 2500
1220 3780
160 2500
4920 2500
2500 3300
1720 2500
2500 4600
2320 2500
2640 2640
2500 460
420 420
1900 2500
2540 2460
2840 2500
3760 1240
2500 800
3920 2500
3400 1600
4820 180
2500 2500
4680 320
4540 2500
3880 1120
460 460
2500 3540
2500 2100
600 2500
3500 1500
2500 3280
2500 2820
3620 1380
160 4840
2500 2060
2500 4060
2500 1660
2000 3000
2180 2500
2500 960
1640 3360
2500 2700
4080 920
4320 680
4400 2500
3000 3000
3480 3480
2020 2980
1420 2500
2500 1260
2800 2200
2500 3180
2500 400
2500 1140
3180 3180
1560 2500
3820 1180
4020 2500
2500 660
700 2500
1900 3100
2500 3140
2500 4660
1820 1820
3640 2500
1100 1100
2500 3820
1880 2500
2040 2040
1720 3280
2500 3880
2500 2040
4620 2500
3220 2500
2500 100
2500 1700
4540 4540
1080 2500
3140 3140
2500 480
2500 4020
2660 2500
3540 2500
4980 2500
1980 1980
2140 2860
2500 3340
2500 220
2500 4680
4700 2500
2740 2500
2500 1760
3840 3840
1340 3660
2060 2940
2360 2360
2600 2500
2500 4640
2500 4280
1940 1940
2500 2320
1860 1860
480 2500
1580 1580
4160 840
3580 2500
2500 3940
2720 2280
1680 1680
3800 3800
2320 2680
2500 880
1660 2500
3400 2500
2500 2380
160 160
4600 400
4200 2500
520 520
2660 2660
2500 1860
4580 2500
3720 2500
1360 3640
640 2500
4440 560
1840 1840
1040 1040
3100 3100
4740 2500
2500 2740
2940 2940
2500 560
4100 900
1840 3160
2500 80
3740 2500
4020 4020
2500 520
680 4320
2500 1800
3780 2500
1020 2500
2500 600
4260 740
3600 2500
580 4420
860 4140
2500 440
1440 1440
2500 2420
600 600
920 4080
2880 2500
4560 2500
2420 2420
2820 2820
2500 4100
1160 1160
980 2500
1400 1400
2500 2980
1680 3320
2500 4180
2760 2240
2500 4460
4920 4920
2500 1440
4140 4140
4640 360
1400 2500
3820 3820
3400 3400
1160 2500
740 2500
4880 120
220 2500
2500 2840
260 4740
1040 3960
3360 3360
2500 4380
3300 3300
920 920
580 2500
2500 680
120 4880
2500 2860
2500 1340
2500 540
2500 2020
560 2500
1020 1020
4620 4620
2500 4480
3380 3380
1520 1520
4900 100
2500 3440
1460 1460
4520 480
720 2500
2840 2840
4000 4000
440 4560
3040 2500
200 2500
4860 4860
3760 3760
2500 2340
2500 1360
420 2500
620 620
3600 1400
1200 1200
3480 1520
4680 4680
300 300
2500 1880
2500 2540
1920 1920
3200 1800
2500 720
2840 2160
4340 4340
2500 2900
1220 2500
2500 4760
2500 1920
2500 1940
1880 1880
2500 580
260 2500
2500 3480
2500 3560
3440 1560
4720 4720
1440 2500
3660 1340
2500 1020
2500 3700
2500 3920
2240 2240
2700 2300
3460 2500
300 2500
700 4300
4540 460
2500 1040
1940 3060
60 2500
4940 4940
540 4460
3980 3980
2620 2500
2500 1220
2500 1680
1520 3480
1080 1080
1780 1780
3440 2500
4400 4400
2500 3720
300 4700
3920 3920
780 780
800 2500
3580 3580
2100 2100
3260 1740
3080 1920
2500 40
2500 3980
4240 760
2500 3080
2500 820
3700 2500
3300 1700
820 820
2340 2660
3240 2500
3000 2000
900 2500
2500 3400
2500 1820
820 2500
340 2500
3160 3160
2500 3420
3200 3200
2160 2840
3680 1320
4420 2500
3560 3560
1300 1300
2920 2080
1160 3840
340 340
4900 4900
1800 3200
2340 2500
2500 740
2500 700
4460 540
2060 2060
2500 1120
2500 300
2780 2220
4060 4060
40 40
2580 2580
440 2500
2040 2960
1420 1420
1060 1060
2500 3260
1080 3920
1380 2500
1860 3140
1140 2500
2500 2780
3320 3320
4740 260
2820 2500
2500 940
2200 2200
2660 2340
2080 2080
60 4940
3680 3680
2760 2500
4940 60
3300 2500
3040 1960
240 2500
220 220
1760 1760
3220 1780
2500 4200
480 480
4660 4660
3900 1100
280 4720
2500 3120
640 640
3460 3460
1500 3500
4800 200
4960 40
2260 2500
3580 1420
2960 2040
4440 2500
4780 220
960 4040
3980 1020
3960 3960
3520 1480
3280 2500
2180 2180
2500 840
2500 4120
2240 2500
1760 2500
2820 2180
2380 2620
520 2500
2360 2640
760 760
4580 420
2380 2500
180 4820
4460 2500
3720 1280
2260 2740
1340 2500
1060 3940
2500 4000
3900 2500
1580 3420
2500 2160
3140 1860
2500 920
2500 1000
4480 520
380 380
5000 0
2500 1900
2500 1100
2500 3460
2500 1840
2500 0
2500 1460
880 4120
4180 4180
2240 2760
1640 2500
2520 2500
2500 4160
4600 2500
2500 3240
4500 500
2940 2500
4260 2500
2500 320
2900 2100
400 400
2500 4820
1740 1740
940 940
4380 620
4200 800
4880 4880
2500 260
2500 200
4720 280
2100 2900
4280 720
700 700
2500 1580
2700 2500
2680 2680
200 4800
4140 860
4800 2500
740 740
3100 2500
4880 2500
4120 2500
2500 4520
3260 3260
1100 2500
3520 2500
840 4160
4240 2500
4760 240
2300 2300
3020 3020
2500 180
2500 2480
4900 2500
2960 2960
1760 3240
1720 1720
2500 1160
2500 1500
2500 1560
3440 3440
3940 1060
2500 3800
4160 2500
560 560
2500 1300
980 980
860 860
3420 3420
2280 2500
2500 780
2000 2500
2500 1980
2500 3740
2500 160
2500 4440
4100 2500
3500 2500
2500 4720
2900 2900
2920 2920
2500 4860
2500 2600
2480 2480
1180 3820
1120 1120
3540 3540
200 200
2500 140
1240 2500
2480 2520
2500 1640
1200 2500
2500 760
4340 660
780 4220
4340 2500
4020 980
2980 2500
2900 2500
3720 3720
3600 3600
4300 2500
2500 2240
0 0
1460 3540
960 2500
1480 2500
1120 3880
3640 3640
1000 1000
800 4200
220 4780
3660 3660
2560 2440
120 120
2500 3580
2500 1280
3340 2500
760 2500
2500 4360
2500 4340
2520 2480
4400 600
4500 4500
1420 3580
100 4900
2460 2540
2500 3100
1120 2500
4060 2500
2180 2820
760 4240
3880 3880
3740 3740
3020 1980
2500 2960
3120 3120
2520 2520
2500 2520
4580 4580
2500 4560
3240 3240
3960 1040
2500 420
1240 1240
4180 2500
320 320
960 960
2500 340
3280 3280
4260 4260
4060 940
2760 2760
3420 1580
2060 2500
180 2500
3320 1680
2500 1540
1480 1480
520 4480
3880 2500
1540 3460
820 4180
2500 1480
2580 2500
2500 240
920 2500
3320 2500
280 2500
2500 2400
2500 280
2740 2740
1480 3520
1940 2500
2500 3620
3780 3780
1780 3220
3380 2500
1640 1640
320 4680
2500 2120
20 4980
400 4600
4300 700
2400 2500
2500 3220
40 2500
4600 4600
2500 4080
3620 3620
2500 1780
4740 4740
2500 60
3700 3700
2100 2500
3800 1200
2360 2500
3140 2500
380 2500
2500 2440
3860 1140
720 4280
4780 2500
2860 2860
2500 380
2500 2280
4320 4320
3280 1720
0 2500
2200 2500
4700 300
780 2500
2980 2980
3760 2500
1500 1500
1260 3740
3120 1880
1360 2500
4040 960
4800 4800
4840 160
2220 2780
740 4260
2420 2580
1780 2500
1700 2500
2620 2380
2500 4420
4380 4380
4560 440
2440 2560
2500 4240
4040 2500
2500 2620
2400 2600
980 4020
2500 3500
2540 2540
2500 2180
80 4920
2500 640
3940 3940
2500 3040
2500 4780
2780 2500
1960 2500
3160 1840
2560 2500
2500 2940
320 2500
1620 3380
2800 2500
2500 3680
1460 2500
720 720
2120 2120
360 360
360 2500
2500 2880
2500 2260
1880 3120
4360 4360
2200 2800
900 900
1600 1600
3160 2500
4920 80
1240 3760
2500 2560
2500 4320
660 2500
2500 2640
4440 4440
4080 4080
2220 2220
2500 3200
2500 3060
2880 2880
4820 4820
840 2500
540 2500
4680 2500
4380 2500
1560 1560
2500 4700
1400 3600
4840 4840
3380 1620
1280 3720
3340 1660
2440 2500
4480 4480
1660 3340
4220 780
3560 2500
2300 2500
2080 2500
1220 1220
2340 2340
2920 2500
1600 2500
360 4640
2500 1060
2500 2760
2780 2780
2500 4900
1380 1380
1500 2500
3060 2500
2500 980
1140 3860
3520 3520
800 800
2500 860
1840 2500
100 2500
2500 4220
2720 2720
3020 2500
4080 2500
1320 2500
2500 4980
2500 2200
880 2500
4240 4240
1180 2500
1260 1260
4120 4120
1000 4000
620 2500
860 2500
3620 2500
1200 3800
1100 3900
3560 1440
1140 1140
4140 2500
2500 500
2500 4620
4180 820
2000 2000
1920 2500
3220 3220
1800 1800
140 2500
1320 1320
2500 3600
3740 1260
2960 2500
1960 1960
1600 3400
3920 1080
3540 1460
3480 2500
2680 2500
1520 2500
2540 2500
1280 1280
500 2500
3800 2500
4720 2500
180 180
2740 2260
3780 1220
3080 2500
60 60
2600 2600
2500 3640
2020 2020
3240 1760
2080 2920
1300 3700
2500 1520
4420 580
3900 3900
1560 3440
3200 2500
4940 2500
240 4760
1980 3020
2500 4300
4700 4700
4660 340
480 4520
2680 2320
1700 3300
2500 3660
2280 2280
1580 2500
3960 2500
4860 140
840 840
3500 3500
2500 3960
2600 2400
2500 2080
4320 2500
2500 4800
580 580
2500 3520
680 680
2580 2420
1740 3260
940 2500
2460 2500
2500 1400
4200 4200
2500 4400
1980 2500
380 4620
1280 2500
4560 4560
1020 3980
1820 2500
3080 3080
2040 2500
2500 1380
2500 1960
3060 1940
2620 2620
4840 2500
2500 2680
2380 2380
2500 1320
2500 3360
440 440
2700 2700
4120 880
420 4580
1860 2500
3660 2500
2500 1420
660 4340
2500 620
