38 162 147 141 76 173 18 108 151 135 138 161 66 56 111 40 72 197 102 65 57 108 71 126 166 138 136 108 86 165 157 192 114 65 67 104 149 104 74 112 179 38 107 160 47 90 162 111 56 73 82 41 117 64 60 114 54 32 155 46 93 86 102 99 133 131 190 64 101 70 145 86 105 68 46 96 85 98 96 147 73 102 116 80 104 83 95 154 66 172 115 183 83 148 158 111 122 117 70 91 
91 61 177 144 92 167 98 60 65 5 73 133 31 85 116 98 99 50 158 88 97 107 148 109 52 84 60 102 101 186 109 144 51 44 86 172 96 152 83 98 159 125 93 113 113 105 46 176 68 42 82 104 94 109 177 57 162 130 43 115 62 127 110 32 127 136 21 40 87 32 101 135 76 30 135 83 118 123 171 39 133 101 79 85 150 148 186 36 130 159 24 81 69 92 121 121 101 124 108 108 
17 76 103 99 76 69 138 188 26 99 99 127 58 90 166 60 113 17 152 168 161 139 138 88 65 129 117 88 153 177 87 70 73 75 62 57 184 113 140 77 145 98 89 16 133 82 144 101 77 87 122 136 166 115 123 85 187 126 110 105 178 82 142 112 65 36 70 124 112 159 88 102 91 73 117 102 96 70 58 95 138 79 139 127 132 108 168 83 127 159 111 133 120 37 134 94 145 144 55 150 
161 24 111 93 46 185 108 181 147 144 46 39 136 143 108 114 74 135 171 93 10 93 109 90 102 66 75 118 114 100 106 75 130 142 80 163 27 137 134 134 52 9 25 60 97 74 143 107 133 149 89 102 50 53 177 65 104 82 133 165 47 77 142 32 34 83 84 117 181 134 166 51 98 64 93 56 120 90 170 138 0 90 79 118 86 96 98 106 67 72 78 101 35 84 73 127 136 163 142 164 
49 156 152 146 103 27 101 126 153 66 87 125 155 76 123 118 163 74 76 136 85 145 129 110 117 65 141 106 66 154 45 132 157 26 77 92 25 92 93 115 115 69 105 138 111 81 106 169 14 131 160 149 176 87 65 100 126 101 11 87 146 72 111 157 54 70 162 90 102 141 159 63 146 111 141 151 92 137 78 74 38 126 57 68 75 107 132 30 89 179 133 139 146 95 118 89 107 57 74 63 
76 67 129 114 45 67 113 52 119 92 152 108 115 42 101 135 123 91 119 157 109 56 83 96 99 79 162 38 94 138 126 125 108 101 83 81 136 86 55 124 89 41 45 162 47 80 84 92 85 156 141 113 36 132 70 28 132 94 128 58 137 106 77 87 113 145 69 43 86 26 95 139 143 138 101 43 121 36 88 50 140 168 175 82 176 115 96 158 91 108 152 81 80 124 174 170 83 47 73 117 
144 178 68 56 146 12 104 57 69 56 174 88 80 147 146 113 101 122 76 154 112 139 143 89 79 113 75 118 155 124 75 71 114 146 132 87 138 104 158 16 29 130 76 92 135 143 44 106 95 158 106 149 152 98 158 100 24 72 112 113 107 70 141 111 142 117 159 74 29 37 154 41 91 146 128 40 52 97 81 91 90 152 95 83 132 63 149 45 104 68 127 87 123 126 73 77 150 88 166 185 
120 69 60 108 104 103 121 128 123 81 145 143 33 97 130 107 110 100 94 33 97 169 106 105 83 51 150 14 25 54 28 152 92 104 124 120 141 114 125 115 46 75 136 95 91 88 197 55 91 93 54 134 147 114 129 102 102 115 11 77 80 71 94 150 119 65 115 7 113 170 143 146 132 112 83 126 166 101 123 146 109 99 72 153 16 113 106 74 41 84 66 48 167 99 100 75 130 108 38 56 
84 117 117 53 90 37 91 134 47 125 95 46 97 46 90 118 143 49 97 151 106 60 37 112 49 77 134 95 39 128 72 75 153 126 96 144 91 96 66 63 134 39 16 120 125 150 94 83 76 124 143 173 45 76 121 158 96 77 94 189 108 134 34 179 98 106 94 65 89 71 21 101 45 105 70 70 185 25 48 165 53 139 98 105 122 106 158 113 84 38 72 90 87 93 125 64 60 79 69 70 
95 113 163 61 82 147 21 54 158 140 42 191 135 56 122 131 166 108 72 165 106 34 117 56 97 80 62 90 155 114 153 101 53 173 146 50 16 40 146 88 108 121 81 54 111 121 171 56 113 104 93 31 84 80 142 62 141 56 194 56 119 38 107 51 85 89 27 13 137 156 31 70 98 59 80 56 136 81 17 101 76 57 77 123 129 99 113 93 10 70 64 101 73 51 71 88 15 93 127 52 
13 193 91 134 96 51 57 62 101 153 80 157 141 57 64 116 152 153 117 83 71 107 47 17 112 165 87 164 44 187 130 111 78 116 71 158 184 76 174 21 159 88 51 114 84 77 95 186 66 92 129 164 118 189 63 129 116 111 135 45 97 104 74 161 65 121 116 77 94 119 29 54 51 71 62 84 151 83 116 35 79 181 104 74 69 130 65 102 131 145 108 94 46 181 117 85 111 116 105 169 
10 138 167 137 29 90 118 46 40 71 127 44 122 59 131 86 108 76 134 96 110 157 124 87 75 58 111 14 49 51 183 74 38 21 74 135 126 146 144 151 136 95 65 140 152 92 84 122 87 43 49 121 133 86 70 74 98 79 120 129 164 129 134 151 140 52 164 104 115 176 165 74 158 15 17 114 122 149 89 63 94 85 73 116 127 84 116 124 82 28 56 83 95 122 23 100 149 128 69 83 
70 75 5 85 107 106 59 114 103 26 92 131 51 95 177 140 13 57 149 121 148 132 97 89 60 50 119 137 108 34 136 144 84 59 101 122 90 80 178 123 82 112 115 124 61 90 177 85 108 82 61 150 117 76 80 37 92 99 20 161 100 61 87 156 151 97 37 105 41 157 62 125 37 129 127 139 176 158 121 56 70 53 80 103 107 185 126 119 27 44 95 108 101 146 94 102 154 53 58 134 
63 19 114 92 88 82 32 118 163 85 81 102 58 31 89 65 94 113 172 92 112 129 84 55 92 54 104 91 83 102 109 60 63 134 124 97 156 114 80 109 60 115 84 74 95 181 19 86 85 174 169 73 154 161 101 124 195 177 119 119 30 39 150 161 126 161 103 82 36 147 84 105 49 118 181 81 70 79 134 145 57 53 157 114 53 50 133 32 88 13 168 126 95 168 91 109 110 44 111 83 
53 155 90 113 91 118 56 152 130 174 85 81 40 44 18 180 76 38 71 98 34 89 66 89 102 76 102 148 144 136 25 99 66 96 168 86 104 144 128 126 97 94 151 66 46 20 105 118 81 148 102 162 85 135 136 70 132 40 143 125 99 104 52 63 162 41 95 73 113 130 50 34 104 37 139 107 37 170 21 46 58 143 79 62 91 79 113 142 146 103 81 107 39 26 90 46 125 152 148 149 
47 45 48 122 99 150 176 105 33 71 182 59 62 102 57 20 65 118 135 66 121 52 124 117 26 83 148 15 34 106 155 140 121 62 103 107 90 123 122 137 143 53 171 127 161 125 59 125 125 38 147 132 1 17 101 18 169 99 28 123 88 108 98 120 160 111 106 28 81 111 84 104 90 165 139 59 39 105 139 41 67 153 79 141 132 118 26 116 177 85 87 146 185 125 83 40 89 76 136 80 
109 87 135 174 142 124 82 154 82 159 68 109 27 94 159 131 86 185 116 132 183 51 115 36 61 92 26 118 87 74 118 120 102 133 107 61 143 95 59 139 67 166 137 129 118 122 45 24 15 135 131 85 75 53 89 100 129 156 135 123 122 41 97 38 97 121 84 151 141 33 112 116 79 96 129 150 94 118 90 134 79 142 102 65 35 138 50 70 157 138 101 144 96 75 100 65 67 80 131 41 
121 94 150 62 57 124 52 41 111 93 108 152 128 72 109 112 42 75 118 141 84 6 75 184 86 50 24 88 68 168 49 174 91 94 102 81 112 104 66 81 45 90 56 129 102 136 110 68 77 167 91 74 56 115 123 150 158 31 147 84 87 49 15 102 123 190 87 70 49 128 126 93 60 84 84 159 154 66 72 45 136 13 110 168 90 16 124 144 59 104 113 72 139 99 18 112 88 43 51 112 
134 158 102 109 106 124 53 154 151 56 103 171 91 81 108 89 70 128 82 170 113 55 135 86 93 72 141 67 57 195 132 74 86 67 126 136 39 67 110 54 147 78 76 91 33 69 85 122 34 100 85 98 96 18 120 92 137 147 163 117 142 128 118 66 118 36 60 49 16 83 144 74 64 151 106 101 22 122 16 91 139 100 149 70 76 26 100 123 123 83 170 83 80 166 135 161 95 83 97 106 
94 108 100 68 82 102 67 70 131 181 101 98 50 88 42 64 141 119 62 172 36 56 159 115 177 38 62 123 137 167 113 121 120 35 37 98 154 64 94 100 111 94 101 26 89 138 104 65 77 83 119 76 89 77 15 99 106 138 110 98 116 73 143 74 134 81 53 88 170 108 87 140 114 108 174 76 123 112 65 105 125 28 143 100 48 128 61 70 134 82 79 114 43 113 57 191 105 109 41 64 
54 70 111 78 86 67 117 90 122 105 122 88 50 57 76 85 104 148 161 72 73 44 112 51 187 130 74 128 39 77 149 149 157 18 74 52 102 80 70 179 119 14 98 148 83 101 60 75 165 119 125 117 182 81 182 86 127 97 42 111 151 43 49 167 116 137 29 185 114 48 139 46 190 167 61 79 113 65 27 74 74 62 106 98 121 59 106 82 79 37 27 109 26 136 92 68 183 67 88 34 
91 26 41 76 113 92 163 112 124 9 153 122 84 145 61 42 65 111 129 146 129 61 92 86 160 116 49 102 69 18 87 127 97 43 16 97 42 134 149 96 146 122 100 141 89 136 78 117 124 75 106 80 83 93 38 152 106 177 108 105 171 78 28 106 132 69 132 47 97 107 134 77 85 69 115 171 73 46 80 110 75 122 89 95 163 154 94 68 113 156 52 99 131 147 193 146 80 139 115 105 
103 136 115 66 167 87 100 10 138 57 123 137 57 196 130 86 118 159 128 123 137 76 30 109 118 153 186 115 80 108 7 89 77 91 176 32 104 151 96 115 127 78 100 59 30 158 114 132 59 21 19 84 138 85 22 101 187 131 78 116 107 105 128 168 171 166 148 51 151 140 63 94 148 132 149 118 56 45 82 115 64 78 120 91 115 54 41 151 85 107 90 146 131 71 150 89 94 71 113 102 
118 107 120 83 150 104 95 103 4 100 49 128 33 37 72 55 177 69 148 45 108 45 129 173 110 110 110 137 110 91 122 77 71 31 70 123 123 34 121 171 26 58 69 99 77 172 104 114 90 147 69 167 150 176 69 159 83 78 33 37 84 171 125 107 48 30 81 132 108 106 84 78 111 80 180 136 56 117 74 108 126 46 49 94 118 95 116 68 164 49 139 61 22 99 79 150 60 29 158 156 
124 88 80 60 119 85 65 7 166 129 94 69 56 27 136 164 3 98 121 76 151 80 82 85 167 82 163 94 89 96 122 55 123 101 78 95 140 109 93 83 144 51 141 92 125 86 69 87 143 77 125 118 190 86 74 174 85 84 25 44 156 73 45 112 91 151 53 33 160 110 114 96 78 113 80 114 101 113 132 73 80 139 109 39 90 123 168 151 34 136 77 169 18 134 63 151 108 109 132 86 
119 26 98 148 72 117 84 93 6 55 91 115 97 78 163 113 195 83 29 144 35 171 122 65 193 102 162 137 169 88 110 53 86 100 87 61 110 78 94 98 97 76 29 76 132 57 93 83 159 110 139 119 46 155 92 71 46 42 93 143 73 81 127 133 162 136 190 111 67 81 38 72 109 176 35 66 76 109 196 92 63 130 164 64 124 59 37 112 113 117 90 141 139 129 87 123 48 59 153 120 
118 47 67 172 49 179 68 137 144 59 172 106 146 83 98 57 58 71 121 124 84 79 56 92 70 70 124 170 75 104 122 96 155 124 83 61 118 76 124 86 52 131 86 95 124 86 44 116 63 133 68 83 65 37 146 132 148 173 98 113 87 92 88 98 86 44 76 49 184 28 76 115 63 81 101 69 121 79 140 69 91 106 141 96 102 133 28 146 138 70 40 155 88 107 159 135 143 22 65 177 
56 24 88 156 137 96 122 112 90 157 116 99 86 110 186 160 136 150 54 20 66 158 55 157 124 141 123 118 112 111 144 125 117 111 133 85 97 95 191 64 134 110 158 51 95 73 30 172 114 92 127 162 114 35 104 125 71 159 55 120 52 98 105 61 96 70 102 121 46 58 115 85 11 22 112 114 129 120 99 101 78 61 125 53 73 77 116 34 87 131 130 123 128 80 103 107 14 107 39 70 
98 89 152 164 63 103 143 142 91 168 41 54 144 108 94 106 90 109 113 82 73 66 121 93 138 80 61 170 68 73 114 111 60 97 38 83 121 64 147 65 70 80 67 102 155 21 75 35 152 129 106 25 64 86 136 197 87 197 120 161 174 97 72 162 134 136 82 77 118 180 92 113 104 109 149 94 64 50 28 42 126 96 4 42 42 47 97 145 131 74 97 90 52 88 172 22 26 108 183 73 
151 36 112 99 21 114 140 109 139 65 148 135 99 124 97 57 138 151 98 76 99 92 128 97 115 165 150 56 80 108 90 87 110 29 45 38 74 166 76 109 85 68 85 163 91 52 94 174 158 180 178 43 88 50 106 191 158 160 145 90 70 99 91 117 112 128 55 112 111 94 62 109 39 74 56 133 101 123 70 115 180 114 81 39 73 100 55 113 156 157 100 35 124 111 18 138 114 94 127 92 
138 53 119 105 58 84 161 37 21 141 103 154 134 61 151 89 93 97 106 83 141 33 152 152 56 81 51 101 162 111 28 107 132 37 109 139 112 73 92 90 63 147 36 97 101 109 91 136 94 52 49 86 100 92 105 112 39 111 96 19 153 169 62 70 55 72 98 48 116 96 151 109 103 198 56 88 80 156 98 158 62 129 185 131 68 173 78 110 99 86 95 42 103 121 70 89 111 50 138 24 
101 81 79 133 72 147 127 98 123 7 139 136 103 100 97 101 40 28 136 83 108 139 130 67 93 179 102 121 150 106 87 72 129 92 62 72 4 152 87 101 51 37 55 154 72 110 3 61 59 75 148 102 102 121 175 134 147 133 110 91 84 139 61 64 125 162 55 120 125 123 103 132 105 134 126 52 11 109 68 94 57 35 49 168 106 137 109 37 133 82 119 64 71 44 63 18 102 134 51 156 
77 84 71 58 116 32 81 98 93 156 138 75 83 23 44 101 70 56 114 91 138 81 95 128 104 59 162 143 83 119 48 138 80 150 12 161 96 140 137 46 49 99 163 103 134 43 10 103 57 57 138 97 101 26 94 122 82 79 157 137 89 120 23 164 67 136 120 43 143 65 157 124 64 21 76 118 133 70 72 125 62 137 121 22 139 101 156 26 111 162 95 87 38 129 165 93 129 77 127 64 
135 153 153 70 25 120 170 168 183 116 84 16 93 46 127 68 54 74 101 133 34 40 99 38 96 135 60 82 99 103 160 100 132 122 186 108 110 104 100 141 70 127 54 94 127 141 85 83 95 133 32 97 58 116 66 81 75 82 136 88 41 86 59 60 74 117 92 64 43 99 135 76 54 129 97 141 134 71 139 108 22 126 163 164 111 116 115 140 119 50 59 177 31 124 22 141 123 50 146 49 
124 123 48 117 153 118 95 156 185 136 78 153 90 122 150 127 39 152 157 176 16 53 181 31 122 54 86 156 136 98 128 116 61 133 35 177 117 27 169 98 167 103 28 102 90 163 61 115 114 137 11 97 67 110 68 92 43 148 118 148 139 26 76 104 112 125 137 100 112 88 53 50 94 23 82 19 122 62 114 114 69 125 120 185 47 112 96 196 68 57 135 95 107 134 71 133 105 60 119 139 
112 137 177 53 123 107 77 64 135 176 105 129 138 35 54 158 124 138 95 109 93 132 22 166 141 76 103 91 180 166 46 71 111 134 143 92 100 121 90 120 127 46 129 32 62 81 103 104 105 135 100 93 97 125 81 47 72 97 160 100 66 79 63 181 90 41 34 82 80 152 153 97 118 103 128 156 55 159 96 84 51 50 57 84 107 86 86 56 80 126 18 103 83 152 68 61 113 99 106 70 
38 80 53 143 128 171 86 100 101 117 75 125 109 138 105 159 164 69 51 121 95 53 38 81 76 23 69 141 99 91 119 167 98 130 35 62 68 143 97 36 107 73 131 65 107 33 36 94 39 113 154 62 155 91 36 186 81 121 151 35 62 146 72 61 87 89 68 56 162 126 76 51 37 106 173 93 177 92 56 93 151 103 56 114 71 89 110 81 101 79 110 171 172 142 88 82 124 106 149 86 
143 143 175 50 80 58 84 121 79 72 178 117 113 139 86 131 117 110 156 33 91 130 89 104 168 139 137 143 93 57 176 94 103 156 147 93 109 123 107 55 67 137 170 124 181 105 111 83 47 48 124 169 137 148 151 0 115 86 124 161 111 98 89 66 68 137 80 132 115 123 121 117 67 81 101 115 69 35 37 55 128 136 63 90 55 79 112 140 116 89 80 109 73 132 99 107 18 75 68 151 
54 115 92 194 97 140 94 105 123 93 108 36 34 70 38 85 133 83 181 109 62 48 133 75 26 11 84 59 34 137 44 69 158 94 117 64 96 146 157 67 106 148 94 91 115 108 136 120 106 141 106 26 132 101 132 83 85 90 77 99 93 93 81 48 178 83 159 176 150 82 87 149 65 23 195 100 186 80 37 144 151 147 172 102 20 88 32 58 62 132 99 59 120 107 73 168 188 112 120 164 
37 143 123 122 176 102 97 147 132 58 68 129 75 135 52 91 158 75 133 165 117 20 98 124 14 44 140 155 79 119 88 89 55 153 172 155 98 143 178 140 165 64 50 63 77 58 176 169 16 79 41 138 55 50 121 94 158 140 58 68 131 116 99 26 56 109 70 181 102 180 73 92 78 50 69 65 174 67 79 174 100 117 133 99 51 114 25 76 156 43 106 60 134 44 102 72 120 99 143 124 
145 63 49 102 145 151 111 74 18 94 93 78 134 71 142 50 97 98 93 62 156 86 80 85 38 48 66 111 175 113 43 107 87 109 63 92 122 20 125 47 103 125 80 167 53 134 111 144 155 65 148 90 135 183 111 100 159 195 175 119 136 44 81 46 156 100 68 136 155 145 87 86 84 129 61 171 94 20 108 130 61 87 61 143 109 168 167 106 166 143 122 87 117 134 115 113 81 162 147 138 
130 126 76 95 50 150 108 26 82 86 91 122 57 27 19 65 147 35 31 182 115 9 141 165 23 121 146 71 175 131 92 164 38 150 28 88 50 106 88 114 116 64 141 118 30 92 116 153 40 55 56 123 53 80 112 87 121 41 82 51 75 107 110 66 122 102 92 44 109 129 97 35 126 111 76 83 86 57 133 34 77 79 110 114 162 129 87 93 125 99 154 133 51 67 165 137 52 79 70 94 
34 147 110 104 38 26 118 67 91 102 84 90 76 123 182 170 56 121 99 88 69 100 57 111 79 96 123 67 143 86 9 80 100 176 191 130 175 179 165 127 142 83 87 141 185 118 117 82 99 108 142 158 173 118 88 72 103 151 107 119 129 142 73 41 117 114 69 102 106 174 65 127 34 40 46 175 168 135 89 116 93 60 141 37 110 115 34 20 98 129 178 101 54 177 137 81 101 120 28 85 
62 143 109 84 104 180 123 102 76 53 139 119 138 145 95 141 200 87 117 73 130 59 108 157 117 37 105 39 95 54 95 92 140 125 134 67 75 177 101 92 89 56 100 79 153 134 139 37 175 146 180 167 18 115 113 39 108 130 91 130 42 122 62 67 92 141 112 61 117 74 92 46 138 135 141 70 99 144 141 136 193 83 66 36 77 109 63 151 147 59 105 45 31 102 117 137 58 128 200 107 
88 106 50 42 68 126 17 146 130 117 119 132 115 56 91 108 89 160 85 96 62 69 74 97 110 51 33 68 61 152 52 63 20 128 180 127 142 118 152 96 106 145 63 87 155 125 154 147 153 127 70 95 25 157 170 49 125 15 96 125 161 115 50 59 27 147 66 79 108 104 94 38 42 151 140 129 96 84 116 130 88 47 40 95 37 186 73 53 22 53 121 129 82 79 35 120 86 94 78 53 
81 125 124 172 108 90 90 131 103 101 154 84 111 50 59 166 174 85 165 142 104 50 137 96 106 120 88 59 110 153 126 56 40 107 140 163 118 88 158 61 49 164 125 96 105 149 92 168 126 30 39 54 114 105 70 110 99 160 151 111 18 162 103 135 60 145 15 128 137 68 51 131 135 120 117 57 134 117 100 144 22 47 80 131 125 131 120 31 173 141 147 62 149 19 142 40 120 106 102 65 
86 111 62 115 126 169 124 78 23 30 51 73 124 41 120 58 122 132 79 87 165 67 5 108 101 86 90 108 98 67 112 98 90 150 19 165 96 77 33 159 77 64 121 48 24 143 21 45 89 100 109 42 95 28 88 130 103 120 71 127 159 166 135 88 68 130 88 87 128 66 62 78 58 136 94 51 125 77 32 39 177 145 147 111 112 94 33 186 84 45 63 116 93 80 179 71 30 107 149 166 
128 58 103 98 125 68 69 134 178 158 129 170 39 107 139 133 59 60 96 103 58 12 100 83 75 81 80 115 115 163 80 65 139 99 139 143 149 105 92 131 144 26 100 174 28 104 160 130 152 82 131 76 101 83 86 161 97 90 93 80 29 120 83 59 90 134 68 77 66 41 61 92 121 41 60 35 42 78 68 27 78 143 103 108 52 108 146 119 70 45 47 64 151 166 56 107 160 90 100 172 
131 56 102 184 152 63 149 111 120 69 68 27 79 119 65 120 136 64 94 4 149 93 50 177 77 123 102 84 75 101 165 147 120 127 140 156 137 47 133 98 42 67 149 97 132 186 62 42 80 129 109 60 150 54 105 142 94 140 97 71 80 41 76 44 158 159 75 164 57 138 97 194 96 125 105 91 71 48 122 143 91 17 72 118 115 181 109 139 134 79 76 49 163 126 65 152 122 4 88 87 
142 23 104 124 163 48 148 107 144 79 143 110 90 105 88 140 111 125 21 110 58 153 105 159 135 133 136 69 68 48 85 141 131 89 31 100 82 47 78 124 178 76 57 150 19 39 115 128 125 57 103 131 29 102 58 55 24 111 29 112 89 142 95 141 40 52 94 136 118 52 101 45 78 35 87 144 89 117 114 109 117 57 128 105 136 107 101 179 143 130 72 95 54 176 156 31 154 90 174 125 
101 85 56 92 49 35 84 91 129 140 149 68 135 35 127 16 157 151 91 118 134 141 48 158 134 100 179 25 123 161 128 72 96 55 106 108 172 50 126 140 57 113 111 39 138 145 141 72 137 72 121 16 130 45 58 139 72 145 121 97 39 64 95 93 74 26 120 148 166 150 133 175 120 121 101 105 44 133 72 173 59 66 110 78 113 84 79 169 100 112 72 96 144 121 43 69 132 67 141 79 
70 59 94 170 45 106 127 134 143 84 10 94 80 101 98 106 113 60 74 165 156 75 114 42 122 124 170 104 96 114 142 102 58 22 160 169 169 98 35 90 102 77 147 98 160 73 87 166 99 61 123 102 91 124 23 66 159 121 73 46 80 126 7 108 89 85 66 175 96 109 143 117 116 96 81 75 94 24 154 82 77 149 144 161 32 81 96 17 123 8 133 42 76 178 155 68 75 179 10 36 
63 82 50 39 187 31 35 174 73 140 43 45 95 131 128 100 92 110 51 49 21 20 70 171 150 151 51 117 83 51 148 89 139 96 69 32 180 45 97 123 49 111 117 143 84 32 147 126 127 190 44 133 97 76 159 76 121 97 125 96 20 34 132 26 121 88 170 95 107 118 112 141 87 121 89 173 92 138 114 115 92 148 93 125 53 143 30 162 76 110 91 92 159 167 33 132 111 88 150 110 
157 184 29 53 40 64 38 96 71 89 80 79 69 182 100 167 109 146 194 160 25 168 92 139 105 131 125 140 15 138 17 77 153 134 51 112 139 80 69 68 129 106 124 115 104 69 85 89 75 145 163 29 121 170 62 123 132 117 113 37 132 100 46 99 40 147 76 126 146 174 99 106 74 117 91 130 94 35 73 123 80 73 113 101 164 34 128 71 121 153 120 26 76 158 148 79 38 144 111 72 
191 140 34 129 141 136 54 24 129 159 126 98 113 41 80 84 183 96 186 151 88 143 144 26 59 120 58 60 99 29 51 61 66 124 137 52 112 71 56 144 84 48 75 74 131 111 80 106 59 102 104 106 63 106 23 144 65 42 73 123 85 128 99 126 147 172 62 108 86 64 72 95 116 141 147 41 124 110 166 102 143 118 104 94 90 73 102 92 172 19 137 91 59 107 154 168 136 68 72 166 
15 145 123 41 90 157 99 54 107 30 111 91 100 63 111 65 125 42 96 137 193 94 8 83 95 176 99 130 58 135 73 125 37 52 137 62 80 63 140 86 54 28 100 134 105 66 42 142 65 158 117 183 61 69 137 117 139 15 88 106 38 160 67 176 133 138 79 163 142 58 76 111 57 63 91 110 47 23 126 74 65 154 171 85 40 113 89 96 150 43 124 61 100 23 122 70 55 66 72 166 
123 84 119 98 180 124 89 17 78 68 153 182 87 127 78 58 137 71 53 103 147 55 15 169 113 57 142 62 124 39 109 96 104 121 49 110 37 109 70 54 63 108 163 120 115 165 56 104 18 56 142 139 165 28 88 33 129 157 107 81 117 129 14 64 172 119 86 143 106 124 100 65 30 133 105 74 100 137 119 138 61 137 150 186 109 52 118 95 109 119 126 121 97 94 101 101 75 105 135 88 
136 132 30 55 75 140 64 77 105 111 148 93 94 52 105 150 128 151 56 18 160 96 95 109 157 178 71 42 132 182 100 73 140 72 124 105 92 31 86 87 92 18 127 149 100 90 116 49 41 44 103 36 103 99 106 127 82 112 126 94 126 139 180 75 110 170 51 146 103 96 88 190 131 122 119 76 108 77 57 117 33 167 158 103 122 72 182 106 139 136 46 137 47 97 148 106 72 58 57 116 
152 99 169 113 99 63 126 68 107 154 170 106 154 148 132 116 85 24 107 50 37 77 117 167 139 130 143 126 72 119 136 125 120 134 90 95 35 138 115 54 113 188 73 47 84 104 61 105 90 168 102 26 77 123 82 105 96 141 146 39 135 71 81 55 102 55 72 125 23 90 50 173 97 106 76 182 118 49 143 70 150 54 53 132 89 136 108 56 147 109 130 94 113 172 141 136 128 74 180 100 
91 88 179 137 40 106 74 110 131 90 110 33 104 59 143 26 17 103 87 134 90 179 80 128 45 46 124 103 5 102 60 110 43 22 162 89 65 80 57 27 102 13 94 109 33 114 82 118 45 95 102 155 80 87 104 93 105 142 118 13 90 35 92 97 61 31 94 141 69 115 55 139 178 115 156 47 100 72 163 120 25 15 106 85 69 83 48 93 127 96 91 56 88 162 63 75 104 83 27 92 
135 103 163 133 69 87 73 145 149 106 155 105 97 72 116 36 84 140 64 88 173 140 168 103 138 74 126 64 145 75 97 31 99 168 135 92 99 93 119 20 98 141 95 108 111 65 153 141 119 65 166 82 39 131 174 67 111 42 153 93 111 39 135 83 172 145 149 188 111 123 29 28 114 61 43 119 71 35 197 106 85 94 109 77 51 112 60 140 119 69 69 137 110 172 45 33 135 86 106 15 
32 85 166 112 59 125 117 123 161 85 125 102 109 97 142 88 84 104 59 95 131 109 124 84 117 151 65 75 167 82 110 164 91 81 90 79 49 111 30 74 136 157 159 76 60 21 104 122 34 119 76 44 72 149 154 75 123 46 134 138 61 143 118 119 99 171 151 95 12 172 8 51 168 107 82 84 30 93 134 132 112 55 26 146 131 121 186 8 69 69 70 70 67 55 126 38 75 102 32 102 
108 121 86 120 84 41 76 155 41 139 107 42 69 85 101 59 93 124 60 111 55 117 91 106 29 93 57 75 116 52 162 138 141 99 39 71 108 65 115 72 75 55 71 158 81 170 119 77 162 17 126 63 67 144 93 51 162 118 153 102 110 168 20 109 165 140 98 144 120 157 86 106 183 81 54 75 186 51 116 36 74 140 69 174 119 45 133 109 125 157 98 102 185 111 102 77 115 55 77 53 
91 94 80 105 34 124 138 154 45 46 179 119 42 93 99 141 52 68 161 36 102 30 113 81 70 105 57 110 139 134 39 143 167 112 125 98 100 79 128 101 99 77 90 131 104 163 65 99 121 58 120 38 114 86 18 75 105 99 97 120 52 139 83 88 48 108 124 152 128 118 14 79 179 92 139 42 89 57 141 58 13 58 96 40 140 137 129 42 69 57 47 113 123 76 84 86 169 103 87 137 
103 96 127 102 54 122 80 122 117 103 80 51 41 105 161 81 86 126 132 153 157 48 137 89 126 68 160 66 157 143 156 118 116 69 133 146 83 77 174 137 132 63 155 129 92 104 95 96 30 149 114 48 151 163 35 117 30 135 142 52 138 135 151 108 135 86 60 53 184 89 133 120 102 113 94 29 43 100 44 93 95 17 86 112 147 135 73 27 115 163 144 61 137 51 163 63 32 120 189 157 
112 56 154 115 64 85 159 133 140 33 136 166 176 150 114 112 163 161 24 109 148 128 50 71 98 123 71 89 104 106 95 152 89 97 97 123 67 39 56 145 112 39 59 119 123 95 126 4 167 109 116 96 179 67 116 111 59 109 113 99 86 88 60 98 187 77 85 88 104 137 149 84 151 139 63 35 114 82 178 76 38 62 115 78 112 37 154 27 117 77 50 78 135 107 23 121 127 79 121 97 
88 117 61 134 83 116 62 126 70 42 142 110 80 186 81 108 61 49 105 72 121 88 124 133 8 101 115 66 78 111 149 73 101 128 97 110 61 172 71 71 112 113 134 89 129 109 22 98 111 87 90 188 118 115 20 177 7 125 57 101 153 85 73 102 62 107 119 185 146 49 41 62 86 66 52 197 86 73 98 130 110 92 159 55 57 81 88 192 31 135 141 85 81 87 62 101 45 37 49 108 
150 35 94 62 61 102 81 101 122 199 30 39 128 143 47 152 145 184 142 47 52 55 142 86 26 91 129 112 127 108 86 143 41 138 61 58 120 62 70 95 75 118 89 116 106 21 122 184 129 171 72 165 142 145 168 164 25 130 90 96 160 67 150 183 113 126 160 112 50 144 118 109 38 78 93 63 64 100 163 166 69 126 112 182 98 116 107 75 154 81 78 35 74 164 121 80 33 96 118 90 
170 85 97 91 68 145 124 107 80 138 132 109 61 76 40 110 158 180 95 44 114 94 95 83 90 35 130 85 54 89 50 136 115 106 187 109 144 82 69 132 125 141 118 170 98 16 39 122 83 84 69 93 22 132 126 169 122 78 107 139 63 66 99 129 101 65 81 25 155 99 25 69 86 81 97 184 154 133 67 141 92 88 82 184 98 85 132 106 100 137 47 116 124 72 113 104 71 20 55 130 
84 104 60 31 42 103 101 80 193 130 12 44 151 134 127 36 85 11 69 107 13 43 126 107 128 68 82 45 107 104 130 106 30 137 43 84 93 108 168 155 140 120 157 117 54 76 113 68 114 35 45 152 95 102 64 68 58 126 87 133 77 88 173 130 65 86 119 118 156 107 92 52 146 123 42 155 107 173 80 97 103 169 39 77 91 71 80 66 58 75 33 72 145 118 145 152 139 75 132 135 
137 105 126 116 63 66 94 136 25 131 60 166 55 88 124 102 89 122 51 84 98 44 125 101 82 59 50 71 110 137 53 119 35 176 184 100 97 58 144 68 100 175 72 178 91 48 140 103 140 156 57 76 121 141 112 80 81 173 47 52 101 139 100 47 102 150 117 34 50 111 183 86 87 66 21 96 58 106 163 42 28 47 81 68 36 103 130 112 84 156 91 45 144 36 46 47 176 78 166 189 
99 116 128 39 138 106 42 82 26 81 59 124 79 132 31 188 102 104 97 95 124 89 136 186 153 137 142 113 98 19 131 43 112 91 137 146 104 142 118 56 164 73 82 120 156 125 69 135 81 112 47 50 21 85 39 101 120 53 118 136 42 85 25 52 156 125 152 107 129 143 107 104 156 63 123 112 15 119 47 114 85 89 115 136 76 108 120 152 126 52 80 51 90 102 34 45 91 125 26 125 
47 38 160 64 33 126 122 142 98 67 149 114 72 149 88 116 116 76 98 168 82 134 111 52 35 63 88 22 80 155 160 114 127 31 168 174 70 20 92 57 100 141 17 87 62 32 108 117 106 97 142 145 77 122 177 69 108 51 75 74 79 65 66 159 85 122 173 109 59 40 146 153 81 82 37 91 103 105 134 169 176 134 166 150 104 64 48 119 75 108 113 105 144 144 42 126 76 134 138 163 
112 182 125 131 114 122 72 50 62 140 112 94 141 106 86 84 124 53 90 132 129 144 122 180 50 51 40 26 152 99 169 54 108 38 128 86 103 149 20 116 111 83 65 103 172 77 60 196 113 110 103 94 27 39 98 98 109 104 157 149 164 120 32 56 149 87 164 30 42 111 66 135 95 44 86 99 102 69 89 109 169 52 179 146 84 35 149 120 105 78 156 91 161 85 93 103 153 116 96 77 
33 142 107 122 38 9 119 100 16 43 53 162 105 109 80 88 119 97 112 144 42 84 191 165 87 116 123 106 79 106 105 111 86 92 107 104 88 78 53 156 23 24 96 101 113 100 102 70 77 111 92 175 103 96 119 147 140 65 69 60 83 148 105 44 84 81 79 82 133 77 149 160 18 65 141 105 102 178 151 31 60 108 108 98 54 83 74 134 37 80 165 67 137 178 100 97 123 155 145 97 
80 116 73 71 113 120 143 97 149 178 82 110 28 72 74 90 101 119 152 120 64 140 27 51 75 105 127 103 46 95 34 70 28 102 67 116 80 62 97 74 100 58 36 98 91 48 79 161 158 91 171 134 96 83 49 140 160 48 103 53 116 80 70 85 162 163 152 37 74 134 176 130 142 77 88 74 6 182 139 9 127 52 68 86 63 116 113 62 127 76 78 144 98 111 58 82 139 74 115 104 
64 126 81 36 86 60 50 44 109 165 81 177 129 96 138 102 168 141 173 101 117 125 127 106 169 101 99 167 134 156 41 135 39 40 55 98 142 45 66 51 115 70 109 102 117 166 92 17 176 92 126 149 61 44 112 122 131 191 32 50 154 140 76 54 108 76 51 51 61 119 177 111 172 111 174 29 106 84 187 168 165 170 90 174 80 36 24 149 173 92 99 54 66 119 43 126 87 170 79 10 
87 42 132 183 105 110 129 102 116 101 120 168 119 48 152 116 106 166 153 68 32 138 96 99 129 175 132 190 93 39 106 112 116 110 149 143 103 72 44 167 75 102 65 138 130 49 112 120 156 98 112 173 100 50 92 147 91 156 32 60 94 166 50 158 10 140 102 107 136 60 178 170 43 29 130 104 85 148 168 148 72 69 60 166 108 114 71 122 134 112 136 116 56 38 120 97 74 40 108 58 
146 123 12 71 44 132 135 101 63 181 92 124 119 137 51 15 90 133 21 67 84 27 73 107 66 195 32 57 64 121 61 48 118 113 66 104 114 104 118 138 76 50 39 143 53 57 78 55 139 74 60 150 111 73 41 143 84 57 90 61 62 17 150 170 124 17 14 127 117 63 96 129 71 120 98 9 129 152 105 169 115 79 102 90 100 98 54 61 70 123 139 78 140 127 112 87 98 106 67 129 
60 106 79 185 161 77 62 132 76 147 46 119 118 111 114 56 53 142 68 83 167 73 47 28 85 135 53 73 82 50 84 152 103 97 96 54 140 112 4 76 170 19 135 108 81 98 143 107 114 149 138 149 104 141 71 189 104 147 110 110 121 104 123 66 78 39 65 101 100 71 56 97 126 67 99 144 108 99 56 110 103 161 106 47 67 115 135 62 21 38 100 48 180 82 36 36 24 132 51 97 
71 114 169 76 79 150 92 46 107 93 137 167 105 175 167 136 78 51 103 105 64 100 105 134 26 121 128 112 50 134 87 143 63 25 78 66 122 98 80 32 107 123 155 166 116 114 140 93 66 124 95 123 161 135 138 143 82 162 182 127 150 91 77 109 163 29 95 115 15 42 85 73 117 147 129 20 164 106 132 108 74 114 155 74 159 119 77 88 121 99 184 124 31 116 75 49 97 67 66 91 
106 191 82 94 103 100 33 108 123 60 132 55 169 138 90 120 129 158 48 75 142 143 83 78 104 76 79 98 96 136 122 139 56 78 56 122 120 157 13 108 68 126 146 83 63 43 39 149 141 51 75 81 89 66 185 112 64 76 48 54 68 38 120 96 151 94 163 66 157 119 154 10 129 79 15 62 58 109 123 154 143 129 144 166 97 89 61 88 105 53 3 184 136 75 72 67 134 121 63 95 
100 115 103 89 55 49 183 87 142 132 23 119 68 85 169 52 79 99 152 170 96 172 100 174 167 120 100 127 100 89 106 47 50 24 109 69 127 91 42 60 102 54 110 131 183 44 156 128 136 98 94 36 131 57 170 85 168 50 98 155 121 62 144 129 27 120 92 48 31 87 42 170 90 104 106 38 89 170 167 82 78 145 117 129 81 165 137 129 147 135 26 46 117 162 111 99 77 125 90 58 
40 178 111 165 165 115 108 79 92 42 81 51 130 54 151 152 193 59 90 129 75 118 63 70 27 70 120 166 122 67 163 124 97 100 83 105 60 159 161 60 18 34 41 117 27 102 94 102 36 88 141 2 80 190 70 35 172 101 31 111 127 154 34 41 104 129 22 80 164 50 51 122 113 124 129 106 110 81 45 51 147 122 163 40 100 95 59 91 119 109 74 106 51 140 97 132 46 108 58 162 
177 130 124 11 132 74 69 150 156 138 53 21 55 56 158 84 118 80 169 143 115 95 171 83 130 139 164 145 189 146 187 139 74 123 71 179 46 64 176 120 115 122 53 120 75 89 112 52 43 91 73 85 156 109 108 52 74 128 97 112 43 116 25 98 43 47 111 143 41 108 161 123 122 131 56 116 173 101 112 99 109 65 111 64 83 174 128 79 46 93 38 73 161 179 75 161 145 89 47 113 
96 109 36 16 90 39 52 93 59 154 8 94 112 139 116 45 47 93 83 95 100 134 2 184 134 67 94 145 71 138 109 30 159 92 35 60 113 73 139 137 104 28 96 66 125 84 169 131 130 175 25 74 189 36 26 153 36 97 46 78 57 75 112 117 59 139 61 43 85 65 62 152 117 35 19 83 52 48 97 94 60 45 88 97 176 95 104 143 96 70 81 110 80 88 131 98 104 130 50 112 
59 59 165 87 182 162 101 61 140 136 152 127 58 109 121 39 142 113 123 164 98 134 78 91 72 115 130 41 47 165 17 64 120 101 125 149 34 37 42 155 145 171 105 140 66 115 109 92 92 107 143 98 166 99 80 105 67 33 40 115 112 163 103 149 110 22 88 88 104 40 136 83 26 58 65 72 103 108 119 113 100 62 167 182 192 152 112 81 118 94 81 118 57 127 81 22 99 68 58 45 
97 137 62 59 92 59 21 25 49 21 120 21 185 61 101 99 160 89 86 112 91 96 117 139 180 130 100 97 47 53 63 54 21 83 107 31 92 157 51 175 103 151 124 117 134 136 125 46 127 76 150 68 107 6 91 87 3 77 62 153 106 79 59 90 24 98 140 130 135 131 37 82 81 69 57 67 149 77 53 66 93 45 77 61 117 57 94 18 140 100 75 61 39 88 112 94 105 32 91 132 
48 35 123 34 134 129 73 160 7 108 145 81 37 100 80 47 180 23 94 83 87 122 108 124 184 150 148 66 172 159 64 85 21 173 138 96 15 62 125 88 63 140 59 94 70 94 27 107 94 97 156 66 95 114 143 113 139 70 38 95 111 150 44 160 161 85 117 148 34 30 138 141 120 86 160 152 154 93 57 113 119 103 31 56 52 31 59 83 112 117 156 128 110 130 38 36 99 44 106 70 
88 49 100 79 97 93 88 103 76 103 166 31 57 113 78 158 95 183 39 91 111 99 118 138 164 49 57 82 99 174 142 98 97 130 37 180 88 55 147 144 174 108 124 73 89 101 145 187 172 94 72 77 115 120 184 62 113 103 47 115 93 173 103 104 133 129 133 26 168 63 170 159 153 106 125 74 86 160 94 6 61 33 134 80 101 112 148 27 172 101 81 117 54 114 95 132 33 26 191 190 
59 113 58 43 52 155 63 146 163 141 168 168 66 150 52 159 107 77 155 158 83 76 117 75 169 22 14 119 89 86 89 127 72 100 61 63 86 154 144 61 145 141 134 69 104 68 130 142 98 34 155 100 117 98 153 58 53 72 68 133 140 79 105 118 109 63 168 121 77 68 154 142 178 98 109 41 44 105 116 157 97 170 41 131 128 63 162 114 131 170 90 121 74 195 136 120 57 134 107 60 
113 65 120 65 163 155 85 180 134 160 178 82 62 53 2 83 158 99 106 108 118 126 99 70 110 68 122 74 147 58 93 70 166 114 117 48 35 141 176 167 55 124 57 50 35 140 175 139 79 130 150 118 4 103 83 54 79 54 57 122 105 133 159 137 97 111 125 175 86 63 96 101 37 115 47 124 119 109 71 153 82 80 80 52 71 113 129 118 43 149 61 139 101 54 120 94 98 150 74 126 
38 95 27 79 153 110 136 79 17 161 38 76 46 86 18 86 104 90 101 44 38 54 172 56 73 157 124 80 134 124 161 62 80 150 117 77 74 82 96 137 155 99 87 101 99 58 124 81 133 16 110 59 141 10 149 175 65 130 115 118 174 137 17 90 88 81 132 57 105 100 106 177 105 54 66 120 36 24 94 91 97 74 105 42 134 131 23 103 40 75 80 159 93 85 114 77 52 112 133 122 
108 196 42 27 32 104 105 50 34 56 122 118 54 116 98 93 127 93 64 47 49 114 104 93 80 117 38 69 76 120 45 103 129 60 83 139 65 80 145 95 125 124 71 94 175 67 100 95 105 119 137 129 58 106 169 55 101 144 89 61 129 122 71 70 112 180 56 92 110 74 85 147 160 123 112 171 72 97 112 154 111 32 144 102 119 182 194 39 59 172 3 143 65 153 23 140 107 89 26 166 
103 87 135 66 45 56 171 131 81 117 21 154 85 68 105 100 47 83 155 51 73 91 131 21 146 79 17 172 149 90 83 156 75 115 155 63 59 123 106 107 23 62 167 123 33 73 91 83 143 137 134 143 181 101 73 193 54 34 69 65 129 141 83 58 132 54 113 145 111 155 107 139 138 143 80 8 145 47 78 162 128 135 103 133 115 155 23 147 102 172 35 76 84 62 142 165 59 42 141 54 
133 193 147 130 19 130 71 158 73 41 104 161 43 13 40 58 103 97 124 74 91 116 122 121 5 166 96 56 96 117 25 109 59 136 123 124 62 112 103 132 121 100 77 186 98 151 157 140 136 153 72 107 60 172 117 116 130 119 50 56 106 151 49 92 110 100 80 96 28 69 91 48 94 136 68 188 94 121 125 136 10 114 21 103 93 20 134 151 131 14 107 130 148 117 103 87 105 140 29 100 
134 77 107 92 96 143 77 103 166 52 169 91 85 79 92 113 88 133 54 91 44 46 66 5 132 129 148 135 51 124 111 129 160 46 101 144 102 43 112 45 150 152 120 134 120 21 91 49 97 103 150 72 114 103 180 31 123 88 16 72 126 44 36 144 34 186 191 88 71 118 94 58 93 84 94 17 31 114 71 142 20 112 98 90 143 75 168 64 88 102 118 129 126 156 134 50 76 83 152 125 
122 160 56 33 91 91 104 124 172 170 186 103 48 58 88 173 47 122 129 126 102 129 85 116 108 121 147 157 93 83 101 94 93 78 103 88 169 171 89 70 93 63 103 62 62 82 102 183 107 76 99 103 190 176 131 102 77 188 123 84 65 127 55 76 54 141 166 100 26 55 96 90 34 116 140 162 113 106 109 111 107 67 113 118 111 48 76 78 84 146 124 121 80 74 166 71 33 56 52 10 
138 143 84 136 39 74 69 161 30 163 84 120 63 105 112 172 83 96 112 164 67 61 102 103 45 111 139 161 80 73 38 191 30 143 130 109 94 84 104 164 82 93 107 96 101 92 115 113 148 110 158 57 48 113 34 109 99 133 39 107 61 62 62 45 171 140 58 113 83 54 39 53 14 110 42 107 158 24 62 170 70 169 105 160 101 172 58 102 116 102 19 124 41 93 3 55 127 121 98 100 
134 125 75 26 154 126 85 154 170 118 29 129 101 97 83 157 56 123 31 157 154 46 171 127 68 132 98 138 67 113 160 107 103 107 119 13 160 130 151 186 132 137 121 119 113 65 142 151 174 191 118 44 51 93 157 20 131 104 60 169 69 79 59 85 164 141 110 77 43 54 65 83 44 97 112 69 102 76 38 66 164 115 12 134 164 134 94 134 40 15 55 172 95 155 43 123 127 71 42 55 
