48 95 176 95 132 109 40 118 65 78 130 142 91 62 154 86 74 84 39 104 65 107 61 99 121 76 112 156 167 95 132 74 151 94 57 46 139 67 132 162 117 190 106 91 24 106 112 136 31 110 194 41 37 123 121 54 49 34 179 103 41 98 136 36 53 100 158 100 185 84 16 56 170 120 98 110 158 173 54 115 92 75 166 58 7 129 94 139 178 105 74 93 118 58 75 156 81 137 163 78 
56 152 150 48 49 23 62 72 78 103 94 167 43 49 107 118 93 88 93 116 69 162 85 86 162 49 150 90 139 112 18 2 101 169 118 111 112 126 41 39 108 117 117 108 45 108 189 117 119 80 132 101 198 97 109 137 163 104 181 47 84 164 44 129 112 163 124 68 136 78 58 102 127 89 126 42 121 146 72 115 55 79 122 138 65 86 83 41 53 11 32 102 83 30 114 157 126 106 36 105 
152 88 4 101 161 82 116 114 50 98 28 195 115 149 97 115 115 62 153 110 192 124 105 56 99 194 76 67 36 155 96 60 89 91 128 126 129 40 115 113 104 119 140 142 129 154 181 96 115 122 118 133 155 5 117 112 154 93 100 116 56 169 122 89 168 128 56 61 74 127 100 114 98 160 42 79 103 90 161 87 29 105 144 136 77 151 44 105 83 91 99 100 171 25 160 109 38 146 110 40 
130 35 120 164 58 134 76 126 97 17 187 87 160 137 56 143 71 175 114 144 198 171 103 26 89 89 44 96 64 125 133 89 36 44 68 128 107 35 99 80 76 145 144 19 151 169 91 79 103 40 147 67 54 129 90 88 87 6 174 99 46 95 93 151 135 160 9 74 42 50 116 59 101 53 69 142 147 79 127 75 39 122 147 150 76 138 129 57 70 60 63 117 58 149 153 117 145 78 60 78 
121 85 86 92 95 101 90 192 92 104 105 99 116 79 42 26 106 114 134 111 104 100 115 105 127 108 114 48 133 115 118 23 120 79 131 131 115 67 102 86 104 50 118 26 123 158 72 77 73 45 61 66 114 165 77 72 94 113 78 57 46 169 149 97 87 67 93 100 171 102 43 74 98 121 188 174 81 89 86 135 94 65 165 143 51 110 103 106 132 141 77 27 22 190 44 120 50 81 48 81 
161 108 94 102 107 47 67 100 149 102 77 91 158 103 167 83 115 102 94 16 137 100 182 52 84 116 62 46 123 86 114 62 109 139 74 116 98 94 86 112 136 124 93 127 143 78 87 139 164 119 126 57 83 141 85 142 169 42 66 67 73 88 134 86 135 140 108 95 29 175 100 95 27 44 138 82 87 70 97 89 105 69 154 126 73 69 147 61 50 80 146 70 131 115 118 119 138 78 126 28 
140 101 137 88 157 156 162 104 118 39 104 121 63 110 30 65 82 155 157 96 69 79 105 97 58 170 152 83 26 65 75 103 111 106 84 144 11 65 127 70 135 118 64 93 72 83 111 51 75 39 83 91 79 101 58 45 106 150 43 45 55 153 130 143 130 72 101 90 70 127 84 181 93 52 121 53 143 69 66 75 82 170 125 79 169 42 166 116 123 182 112 97 106 60 111 99 85 109 108 103 
99 107 133 171 117 94 63 68 76 159 29 65 87 136 76 74 113 106 73 5 82 178 85 46 93 144 116 74 28 114 140 80 75 141 26 45 71 111 72 39 152 37 74 131 168 39 7 143 195 195 91 111 110 79 41 112 57 65 104 112 31 130 112 145 140 29 142 95 181 165 8 96 115 40 144 119 82 87 82 99 86 101 58 79 120 111 56 90 86 62 118 53 103 151 66 35 82 98 108 106 
124 70 38 152 179 73 130 105 25 148 98 152 148 84 44 50 51 74 57 30 142 174 35 109 82 28 140 121 101 52 24 60 91 49 68 137 70 54 39 52 35 129 88 17 71 89 106 166 104 77 66 108 45 99 66 131 73 194 48 78 50 114 106 144 52 103 89 85 112 154 174 133 109 101 43 130 133 50 160 50 69 69 19 150 168 50 84 64 65 164 99 39 171 95 11 171 116 50 64 106 
29 131 66 129 82 81 152 134 64 91 46 72 82 119 101 87 158 40 132 100 96 105 115 174 147 156 70 61 120 88 120 90 163 90 117 124 38 99 111 106 90 82 119 139 63 81 124 44 60 121 117 141 40 62 66 46 93 79 133 73 146 122 81 153 84 98 64 69 113 134 104 194 128 51 143 88 10 124 70 46 104 58 93 144 161 99 126 85 97 82 51 72 41 21 108 124 89 33 142 108 
100 38 132 83 37 55 134 69 80 31 31 102 129 109 105 61 160 20 132 171 90 113 111 50 43 96 78 87 43 175 86 106 28 110 72 131 70 131 76 69 88 85 61 82 109 172 80 119 101 72 75 94 91 75 159 55 58 182 60 90 120 159 134 126 193 134 118 33 71 182 29 123 73 98 137 35 137 80 173 80 62 76 90 147 46 134 108 145 165 91 57 55 18 90 128 165 76 34 141 147 
45 145 66 81 77 69 111 22 150 41 71 127 88 52 124 80 143 156 147 50 166 78 143 102 139 52 148 73 101 162 100 110 97 100 157 54 66 15 111 107 142 63 103 55 109 47 44 172 132 106 91 135 42 161 58 101 170 69 38 158 146 78 120 75 80 108 83 87 103 45 114 96 131 86 145 100 24 41 119 134 77 156 90 103 103 9 46 27 17 101 79 59 36 45 106 186 62 115 72 133 
147 89 94 140 17 56 93 46 51 85 139 138 42 94 144 94 107 190 119 122 117 127 61 75 86 64 90 161 156 119 56 80 117 61 111 42 111 144 148 13 63 153 72 105 142 115 100 140 22 109 101 21 95 90 53 123 108 156 64 85 185 77 52 107 39 150 23 98 81 116 169 100 94 26 91 93 135 99 71 108 76 169 82 85 67 169 103 37 116 102 183 110 117 146 150 107 97 77 72 138 
51 102 120 72 138 30 104 112 81 174 190 84 25 102 126 108 162 103 162 141 85 175 52 42 163 31 159 57 14 151 111 28 108 125 12 10 15 177 105 109 133 130 149 200 99 115 84 106 121 151 91 87 85 112 146 80 144 89 124 131 110 135 111 109 130 129 105 128 92 115 98 108 47 70 186 81 123 170 114 61 97 120 102 79 80 68 76 30 30 106 106 146 80 78 48 139 87 30 123 189 
155 110 158 100 100 175 68 178 111 118 158 109 90 171 104 102 42 187 196 55 153 114 107 82 15 182 68 90 52 80 94 87 95 81 53 77 109 86 170 41 47 85 88 122 130 154 32 152 50 92 101 138 1 74 166 23 197 146 120 14 9 99 38 168 120 79 109 160 109 121 72 70 8 111 40 111 117 11 29 123 74 129 37 96 109 111 136 82 87 120 163 32 133 106 105 156 43 124 161 153 
95 149 65 87 163 141 117 11 103 111 131 64 45 99 48 106 34 115 23 162 102 78 107 112 103 91 113 114 138 81 86 24 74 151 146 173 128 175 143 46 147 67 47 69 88 27 124 63 38 41 27 76 124 97 23 160 158 51 98 62 124 171 111 99 148 130 95 89 65 67 81 121 74 79 92 163 37 73 141 73 94 164 42 76 68 90 115 106 164 105 46 38 89 134 99 128 166 121 78 64 
47 104 34 143 64 99 123 123 79 45 99 95 106 104 104 136 62 68 83 146 198 73 107 163 111 106 163 180 123 124 117 63 93 152 74 66 120 138 178 177 151 100 110 120 106 88 170 62 129 128 71 173 126 59 87 88 96 163 82 72 116 159 91 53 168 20 30 146 107 79 53 69 79 104 44 89 81 46 14 107 169 156 42 13 119 41 178 129 25 121 161 164 82 146 58 121 94 89 133 102 
51 111 67 12 76 128 44 123 104 106 112 33 34 112 71 94 158 153 111 132 164 8 42 102 119 66 104 58 122 90 176 36 177 80 135 176 74 106 92 104 90 107 125 124 145 49 95 136 34 180 51 126 100 110 54 142 72 99 183 139 52 93 20 177 14 118 35 132 89 36 47 70 17 80 161 122 179 66 35 48 130 108 131 36 76 124 53 87 89 55 75 130 106 68 122 71 89 173 107 92 
89 44 102 134 116 26 105 29 127 111 71 64 71 73 99 112 140 148 169 102 175 120 22 127 194 142 28 92 67 113 110 64 82 149 148 109 61 108 26 36 21 97 77 108 84 141 161 88 126 150 23 47 69 50 62 75 55 108 123 140 99 176 171 86 91 82 110 74 119 100 22 123 144 86 179 35 65 135 78 53 65 149 115 129 62 74 96 52 61 15 80 167 140 63 19 126 152 9 66 12 
160 56 82 134 34 89 167 135 136 169 88 146 73 15 118 80 63 78 53 143 177 86 91 109 152 100 68 111 81 111 62 64 89 99 94 125 107 143 155 156 41 118 110 155 93 109 53 131 100 56 89 110 149 65 132 152 47 125 92 135 40 50 100 110 125 124 68 165 103 66 98 66 131 62 127 118 118 21 62 147 61 44 69 102 194 87 77 88 98 158 51 147 108 61 28 121 141 117 38 165 
59 119 125 114 120 122 40 68 97 123 42 192 71 70 123 156 151 110 13 100 111 160 144 142 107 80 102 45 15 115 138 128 46 96 104 141 79 136 59 88 134 132 51 51 37 37 59 120 65 145 124 115 159 74 97 141 166 168 135 136 19 90 71 110 109 66 145 46 106 45 132 161 129 117 172 160 106 31 133 124 120 138 72 80 173 178 112 84 118 65 64 67 169 53 96 70 127 138 117 182 
96 138 104 55 141 119 139 99 81 88 88 142 49 58 108 16 90 152 170 131 44 60 135 120 22 98 103 129 89 134 174 97 114 41 119 135 17 125 96 91 43 116 147 132 135 81 151 114 131 84 102 53 125 145 129 136 168 63 108 122 147 110 25 174 97 106 114 111 54 99 155 9 105 162 148 107 77 53 155 79 97 129 87 122 176 148 92 68 153 98 82 129 150 20 89 162 96 134 114 110 
70 122 98 97 138 157 7 60 110 167 80 146 105 87 36 176 85 78 136 102 52 72 108 188 102 131 124 120 120 33 79 61 148 135 45 95 99 87 121 87 40 149 142 81 113 136 74 96 160 67 75 128 163 74 58 119 63 127 89 116 79 94 139 147 101 66 154 116 95 72 120 124 81 105 133 90 193 67 72 95 89 58 80 132 52 188 166 12 126 81 105 102 132 92 86 117 22 137 139 75 
143 119 77 62 7 115 34 128 107 87 150 158 134 90 87 132 22 86 3 84 42 134 110 33 107 90 67 161 95 17 164 75 104 79 114 62 178 49 92 163 69 119 183 129 66 86 121 60 55 48 128 92 71 84 125 72 46 99 38 139 73 105 179 48 36 92 188 182 16 126 19 95 109 163 103 123 90 54 106 87 109 105 35 149 53 123 171 65 168 104 66 130 40 122 108 155 113 23 144 128 
93 99 73 181 102 175 69 83 137 98 48 28 37 110 102 38 101 53 48 98 72 124 88 147 99 106 180 26 55 101 35 24 101 104 131 86 36 93 141 155 125 17 94 80 77 109 97 79 93 103 107 111 159 91 42 124 110 87 98 151 52 8 71 41 180 114 74 57 84 133 90 12 102 90 31 90 114 189 26 40 95 132 145 74 115 34 130 12 27 34 95 94 156 80 45 152 152 159 57 167 
94 183 161 85 107 165 105 103 84 24 105 107 94 132 171 42 57 56 77 103 64 98 86 106 107 16 46 23 195 93 97 134 135 39 50 81 79 147 104 110 44 43 171 139 61 84 143 98 65 103 96 42 98 88 35 138 137 73 50 46 168 129 149 92 163 74 167 59 86 141 111 113 125 155 194 127 89 142 144 79 24 181 108 130 79 19 121 91 89 61 146 92 106 53 134 140 85 180 145 97 
120 67 163 108 20 49 175 23 111 74 135 160 96 15 75 62 85 99 35 89 85 38 147 95 62 154 159 150 86 122 72 70 195 144 88 109 98 167 91 113 4 67 100 162 64 114 138 67 106 109 28 42 93 112 76 107 103 134 85 133 155 89 86 184 78 188 56 183 36 126 118 151 59 61 69 92 116 154 69 98 122 164 167 76 58 11 154 40 104 133 83 128 45 61 140 36 88 54 163 96 
161 89 45 105 45 78 44 149 99 65 71 35 160 106 25 185 121 100 68 126 66 40 129 95 39 124 66 83 141 18 93 88 48 131 84 119 62 121 102 90 114 139 122 169 136 112 90 89 90 56 119 179 148 48 79 89 150 80 101 65 95 70 150 51 148 157 100 74 5 174 140 39 29 21 87 85 61 105 65 71 120 92 42 88 115 107 56 90 141 99 112 179 63 98 127 75 138 49 61 101 
88 89 33 37 112 173 151 68 37 84 50 63 163 88 14 83 102 88 22 71 145 70 126 100 156 68 135 100 155 135 105 74 101 78 134 165 69 31 165 89 96 127 27 95 51 121 93 102 49 49 103 135 76 117 97 97 110 90 19 105 52 86 44 79 82 114 155 104 113 74 119 70 185 56 115 76 71 89 93 110 64 91 139 125 121 66 39 92 24 43 103 148 39 123 137 175 48 102 40 76 
110 119 131 145 85 37 56 107 171 63 91 79 127 105 98 67 57 139 92 50 138 184 103 96 7 138 92 84 106 162 99 74 123 97 109 11 93 89 119 83 57 85 81 55 85 141 137 81 41 176 127 194 121 140 177 88 60 64 34 70 155 88 161 124 86 56 108 152 82 95 92 97 137 148 124 68 176 72 122 172 142 122 149 98 88 129 93 49 61 75 154 138 92 131 71 66 42 118 171 72 
85 121 173 80 109 109 146 125 79 44 90 181 89 74 54 70 48 16 115 135 106 140 103 96 86 105 105 124 89 71 69 146 54 75 97 55 120 71 89 86 90 100 114 164 172 72 43 187 40 44 62 148 51 48 53 167 132 85 120 88 149 60 62 167 148 159 161 86 93 103 113 185 92 108 88 93 98 105 42 90 79 138 74 49 133 111 166 103 46 85 131 71 77 123 44 163 57 89 33 77 
79 104 130 68 9 155 169 155 94 96 85 151 23 167 166 130 97 179 30 74 173 163 44 111 57 106 95 17 177 90 88 73 98 135 90 81 56 140 78 47 118 140 39 61 155 187 114 68 76 39 78 195 119 170 68 107 119 162 170 103 182 110 89 136 133 88 87 114 91 52 190 101 62 65 55 94 80 69 109 68 99 167 105 173 98 79 87 37 129 31 70 155 161 88 77 154 90 85 91 44 
124 156 121 36 91 140 171 23 106 56 78 121 100 140 76 154 122 101 91 64 97 186 113 53 79 104 138 141 67 52 109 100 100 52 126 103 73 106 112 145 107 21 142 6 68 36 118 116 119 160 111 86 86 152 80 68 138 12 86 105 32 76 131 112 89 156 34 26 85 145 84 134 130 162 115 133 108 129 129 43 61 41 56 66 103 106 150 104 112 57 52 96 124 22 79 64 129 17 90 58 
73 194 79 96 122 144 10 105 55 173 124 75 6 159 158 18 155 91 85 97 108 42 163 102 102 85 144 114 103 177 107 84 121 121 90 66 178 54 130 92 90 72 133 156 118 70 147 100 128 145 153 65 153 35 180 28 116 94 110 17 73 85 49 174 31 26 32 97 96 96 47 102 79 60 55 67 87 136 105 67 47 116 97 106 93 10 86 162 21 96 40 75 34 61 156 98 38 190 85 80 
68 152 82 143 95 99 119 168 117 164 105 156 107 126 79 57 102 89 115 125 141 99 152 85 163 92 60 168 166 143 27 109 106 137 101 27 93 83 96 112 101 43 159 99 58 61 156 80 136 66 152 178 37 90 46 140 148 92 94 152 128 116 85 109 79 74 85 120 110 127 111 88 33 26 133 129 109 157 146 139 147 92 154 157 127 106 51 120 39 88 174 95 47 16 95 152 173 157 179 102 
125 103 116 147 100 65 43 142 16 95 63 196 105 122 156 83 14 142 81 33 164 87 102 48 88 128 163 74 135 158 106 129 152 25 107 137 110 70 105 194 38 57 111 37 168 43 93 150 120 95 195 118 119 76 92 99 31 146 130 104 182 95 73 109 162 82 28 51 129 53 99 163 32 71 67 62 86 56 117 89 159 190 144 59 99 94 152 70 41 59 113 84 134 156 63 47 38 150 59 142 
132 147 101 67 184 140 104 51 98 54 189 76 111 97 162 133 112 142 149 67 28 159 57 165 136 141 118 84 166 136 133 65 100 87 142 46 89 186 97 155 95 95 153 88 58 35 35 65 150 189 87 40 179 38 101 49 77 97 95 189 57 98 28 133 95 78 88 75 75 109 158 196 133 28 150 64 44 91 157 135 100 104 87 105 122 147 150 129 145 44 92 120 75 41 117 123 62 101 100 123 
181 108 24 64 8 11 109 139 118 136 148 150 44 110 164 86 158 107 26 44 110 74 51 78 129 131 16 97 62 122 73 150 61 109 91 56 113 8 112 124 113 90 130 144 169 135 145 128 44 130 130 115 157 74 63 66 81 50 147 138 142 71 65 146 61 81 184 42 75 39 111 160 21 130 128 129 125 74 133 183 86 92 112 76 96 69 140 35 150 99 25 98 93 171 144 100 149 88 144 95 
84 125 92 188 100 59 87 53 103 157 149 79 94 89 99 123 64 55 51 98 117 36 155 33 142 123 92 76 89 111 92 166 127 99 55 72 88 121 161 145 102 99 72 81 49 103 66 71 112 77 124 84 188 172 156 112 77 55 113 22 53 165 102 114 167 31 128 172 39 85 181 87 71 117 155 139 178 100 100 49 68 129 106 89 115 171 50 128 73 124 98 66 37 151 137 153 108 91 146 103 
165 44 127 128 150 58 89 114 80 132 150 167 99 173 91 132 61 63 119 82 49 164 122 53 127 131 151 125 55 78 128 135 53 90 81 67 107 173 73 128 101 120 99 157 87 92 54 37 65 119 38 84 181 82 113 130 91 188 26 111 124 81 103 90 27 131 72 20 130 152 108 194 91 54 90 121 141 127 127 119 134 34 97 113 26 40 87 84 114 174 58 51 27 44 138 79 176 131 152 51 
143 37 9 34 1 70 152 20 84 158 68 95 63 135 98 62 97 144 129 124 92 81 81 67 135 113 87 64 108 70 126 160 25 68 56 91 113 35 168 73 120 100 73 114 167 108 129 154 124 128 110 105 97 172 166 17 33 112 96 99 88 18 61 100 44 30 100 121 136 122 149 78 64 96 143 124 190 89 69 163 130 121 98 125 60 43 107 191 118 30 110 145 85 96 50 131 141 195 11 87 
66 114 106 123 107 110 34 121 97 107 167 27 133 149 87 114 61 138 87 59 92 35 51 27 173 105 62 64 31 104 128 55 77 67 41 156 113 77 66 71 74 127 82 142 85 131 116 139 56 95 115 163 97 43 58 50 84 137 40 117 99 111 69 105 64 41 70 51 140 112 83 150 106 77 68 48 62 78 175 170 100 130 83 142 91 48 125 51 113 114 55 87 62 64 120 156 76 106 96 161 
105 16 124 98 80 131 109 36 159 66 139 161 49 113 138 119 28 162 55 179 90 145 162 123 134 138 114 26 163 148 134 144 112 137 111 126 86 103 134 174 102 41 127 161 17 112 91 96 31 26 129 93 92 137 142 104 89 156 161 40 142 104 122 112 45 65 151 132 124 117 162 186 100 85 42 86 91 80 112 104 41 97 117 77 81 59 53 32 82 67 59 86 75 146 65 28 78 116 90 54 
147 114 120 84 84 151 143 122 147 153 56 117 116 68 127 87 40 94 100 14 124 192 72 46 77 59 48 127 118 55 40 153 9 102 49 154 139 74 102 166 142 132 68 116 107 152 144 101 13 175 115 160 73 16 157 96 49 141 99 78 79 45 139 103 129 50 167 65 60 148 99 94 68 116 104 151 147 131 44 69 121 113 142 134 87 81 128 22 60 32 108 153 110 96 78 97 72 90 141 108 
58 160 109 120 142 124 106 129 110 158 104 113 81 77 181 90 99 185 88 124 58 171 103 48 46 30 110 131 159 88 28 40 158 79 34 36 105 138 131 169 117 118 95 130 129 97 137 163 73 141 80 61 120 113 152 144 124 103 93 110 179 58 151 153 30 127 113 152 143 80 85 100 157 48 36 121 40 104 65 76 134 156 53 120 86 103 160 24 36 75 38 30 58 191 175 103 149 113 87 109 
128 80 77 61 98 141 126 117 129 96 130 93 91 92 144 42 35 56 78 76 167 39 90 79 95 116 151 105 132 57 121 131 99 131 78 105 133 88 47 70 104 124 119 136 127 104 54 158 141 115 123 173 77 79 101 77 114 123 173 17 94 121 76 92 94 83 72 152 77 88 85 72 17 72 76 109 83 59 47 75 48 85 96 65 192 146 143 37 47 113 123 68 127 96 155 97 127 134 117 141 
119 168 106 132 152 147 182 87 90 73 135 127 70 80 40 61 99 130 99 17 168 68 158 128 50 118 69 136 94 68 73 107 154 106 40 124 40 165 86 98 36 160 78 79 135 158 147 135 108 137 101 104 111 84 156 112 88 81 103 112 90 133 115 141 134 79 169 65 148 148 140 160 123 164 78 26 83 72 128 61 140 109 63 21 123 48 108 169 123 21 127 119 95 109 166 108 72 106 167 69 
53 67 135 108 37 109 125 70 67 31 83 117 152 143 69 144 148 101 107 182 96 106 118 157 170 170 90 69 93 155 168 50 36 115 98 162 147 104 172 116 127 125 144 94 16 123 116 130 122 116 132 146 121 30 103 75 66 172 74 112 85 87 44 85 118 143 170 109 81 42 129 108 123 79 179 71 63 81 85 20 133 118 142 157 127 135 106 70 106 98 141 150 131 136 100 57 159 129 186 59 
54 40 142 76 59 56 128 133 44 89 52 109 80 98 18 120 171 120 55 129 90 58 115 107 114 105 162 153 96 147 68 148 67 86 122 196 182 28 42 122 90 88 127 164 75 88 127 18 108 41 136 53 92 82 96 100 143 116 24 43 81 79 92 48 81 122 86 175 108 77 72 124 102 148 104 74 172 121 63 86 147 136 46 88 137 99 141 115 190 110 121 154 109 97 65 118 65 53 186 109 
123 38 148 161 77 160 110 103 83 111 60 57 60 32 140 124 89 172 54 159 101 106 99 124 82 35 90 100 66 96 64 117 80 92 126 110 77 177 6 90 138 106 83 84 99 89 66 162 74 57 116 89 123 99 119 71 120 70 139 103 38 109 96 174 36 94 129 139 32 59 172 145 143 66 68 99 153 17 147 141 82 107 95 58 111 110 119 98 84 102 127 35 136 102 69 169 103 164 158 85 
186 134 30 127 116 81 107 71 90 118 68 108 149 46 165 96 79 165 47 140 105 115 101 158 149 17 165 63 121 72 117 153 139 112 127 92 49 56 88 68 162 87 130 106 117 154 119 106 134 32 107 166 81 118 57 129 145 113 78 99 159 173 31 62 36 99 114 79 88 162 94 109 117 193 126 86 84 39 149 105 106 95 120 123 71 138 29 128 135 159 100 133 113 125 74 148 87 188 96 133 
85 160 72 131 112 40 134 55 97 150 171 79 13 84 71 161 89 137 50 70 164 150 111 97 84 138 135 43 125 80 102 91 87 123 96 58 27 124 103 186 69 156 74 131 92 46 164 135 62 125 33 59 76 75 96 72 118 49 70 109 180 86 110 117 145 17 51 64 119 78 139 78 37 100 105 138 74 90 141 158 98 115 131 175 117 102 63 121 122 60 106 34 144 172 174 71 74 101 102 79 
82 66 63 114 104 98 154 96 103 121 63 47 137 75 79 59 68 103 131 115 115 44 113 147 78 56 30 142 88 93 30 140 121 104 95 86 133 175 122 149 151 172 23 56 104 167 86 128 81 60 146 112 31 125 107 21 158 50 101 23 95 103 90 36 86 97 48 2 83 138 105 90 49 57 33 165 22 89 18 163 68 42 16 89 137 84 22 53 101 143 72 106 151 51 108 68 98 96 121 90 
42 87 56 33 95 26 163 112 76 80 115 84 87 112 130 135 165 153 155 137 109 144 94 144 165 161 191 123 131 76 68 82 45 48 149 115 86 98 132 115 171 159 94 169 108 102 105 140 104 66 25 101 112 2 106 98 135 112 95 123 121 62 128 7 65 134 158 127 168 102 69 86 183 147 122 158 20 82 54 64 64 166 121 158 98 118 141 138 80 153 90 97 72 90 104 101 66 154 55 36 
68 145 89 90 169 146 96 67 50 119 72 77 77 81 136 120 79 90 131 91 73 100 80 77 190 117 37 63 15 32 117 166 64 64 125 75 167 87 139 89 105 121 77 40 34 137 79 156 120 131 151 126 48 133 119 59 81 145 127 150 132 109 178 115 157 142 99 67 149 75 54 136 174 195 159 109 130 112 108 124 63 190 53 89 142 135 129 102 92 157 151 50 61 142 49 63 103 45 127 119 
110 163 71 65 156 113 138 94 115 157 85 103 73 34 112 68 134 47 172 97 72 101 159 67 138 58 82 148 120 115 150 37 173 155 144 113 99 89 116 92 129 135 53 164 117 44 76 170 75 119 157 100 112 84 98 23 93 79 144 128 122 51 127 115 84 22 41 93 131 169 80 178 117 75 93 116 173 96 131 165 85 109 187 84 72 147 125 70 171 56 157 105 141 65 113 45 61 66 92 124 
22 111 167 78 132 137 113 30 52 108 155 118 39 168 81 81 57 98 115 115 25 101 190 76 94 85 120 143 56 66 140 93 177 141 40 166 116 122 55 102 143 100 58 84 146 143 93 98 184 161 95 81 126 42 80 58 105 90 134 91 60 109 83 187 123 36 131 79 126 154 161 88 53 27 142 111 113 101 142 142 133 76 77 120 129 140 71 126 94 86 179 106 72 150 110 88 131 114 106 72 
152 114 69 110 120 114 65 85 90 130 138 95 139 168 88 83 134 83 130 67 79 127 59 84 154 94 185 112 70 114 90 77 161 69 21 88 132 67 84 121 57 139 168 67 142 75 101 43 52 148 44 152 19 6 91 183 77 107 72 113 98 107 52 69 144 136 93 128 102 42 47 99 169 177 126 94 109 103 116 127 129 98 95 123 100 150 93 156 77 113 28 132 109 145 99 186 87 129 139 78 
7 21 180 112 95 22 171 78 68 75 175 68 171 187 33 75 46 166 86 70 95 180 118 137 90 33 154 118 100 55 84 154 52 145 115 116 90 95 59 108 109 88 163 126 30 91 61 181 125 137 159 142 128 151 123 102 83 128 141 90 90 129 22 12 143 176 84 108 78 178 146 101 93 79 124 83 68 43 89 140 127 35 95 144 167 136 151 82 97 119 136 193 120 80 98 85 59 152 85 104 
82 54 132 121 89 58 170 122 132 181 98 75 161 153 25 108 122 81 86 104 151 35 133 158 107 142 161 141 76 47 70 82 45 134 156 92 69 140 29 53 161 153 104 34 63 116 91 97 106 127 31 93 47 89 42 127 101 107 78 120 59 134 148 53 76 114 128 139 96 77 32 127 116 143 155 175 137 91 121 124 23 92 109 126 125 76 128 44 97 103 89 106 106 129 16 103 61 132 105 10 
73 107 110 90 91 78 70 174 105 129 157 71 58 42 132 165 46 137 53 110 95 96 110 134 130 123 167 116 89 93 76 143 48 54 144 167 141 134 98 138 95 120 112 136 131 67 54 146 90 93 14 125 34 78 114 176 144 61 88 75 70 111 119 39 171 11 161 120 61 113 176 167 66 83 40 69 96 66 96 110 63 70 69 115 108 61 59 75 52 78 148 139 20 14 69 79 172 136 97 73 
72 91 96 82 147 8 117 110 128 79 115 126 127 58 66 96 105 163 181 54 62 134 28 140 107 101 138 126 47 102 50 141 104 45 102 90 168 103 42 162 136 88 175 92 26 92 176 97 180 70 143 104 35 25 106 47 150 104 150 59 73 59 71 88 174 79 67 164 118 109 108 118 4 134 61 136 31 114 56 159 136 137 50 145 42 163 70 110 175 134 30 120 83 92 93 84 161 139 94 55 
106 84 89 104 149 52 152 67 102 125 54 164 27 130 134 112 127 28 81 129 70 122 86 103 102 159 78 109 88 149 88 88 63 83 74 105 87 69 112 157 120 164 127 148 101 139 48 90 46 166 40 76 105 190 100 121 126 135 138 139 119 152 45 76 89 70 148 92 156 28 20 49 68 143 111 159 35 173 79 36 183 102 91 62 150 102 108 129 61 140 126 50 117 149 9 77 77 147 87 111 
111 49 132 47 83 31 38 56 67 88 157 48 90 82 84 123 56 94 105 159 134 92 117 72 95 88 90 47 100 80 118 90 57 106 116 159 89 121 126 43 115 101 66 103 102 39 114 81 91 114 91 98 126 145 182 66 75 32 108 184 114 127 117 140 38 113 174 146 69 148 78 15 138 158 54 56 125 120 12 126 92 150 148 66 19 52 32 122 58 101 30 72 99 119 145 100 68 136 121 71 
115 109 136 60 127 88 14 130 99 81 167 134 112 186 122 94 151 77 87 116 23 158 148 160 97 135 122 63 118 199 142 142 100 145 138 137 145 139 147 50 67 51 178 69 54 84 61 154 55 92 91 69 48 166 99 46 95 77 101 101 140 125 100 34 16 73 109 94 35 61 88 27 146 29 135 115 137 24 57 76 107 49 80 154 125 164 166 184 134 61 63 119 81 134 15 116 126 39 112 114 
24 99 109 144 116 192 123 116 52 100 138 153 104 170 103 30 47 35 97 93 55 42 40 102 138 97 104 128 78 90 27 77 54 77 73 138 67 118 97 173 93 71 91 116 89 110 122 80 86 125 168 166 158 103 80 65 80 151 73 125 123 171 78 86 136 106 124 45 177 120 157 58 192 140 104 82 53 157 142 155 91 27 53 149 115 50 97 164 42 21 123 107 133 107 57 30 163 135 105 159 
142 44 119 85 142 52 111 35 82 163 37 87 82 136 82 97 174 154 158 137 115 103 102 46 98 133 99 166 126 113 127 20 154 62 55 124 129 144 120 123 90 75 111 146 84 136 191 126 121 138 170 130 129 35 66 122 111 33 185 121 131 141 33 105 79 38 102 39 78 84 58 123 78 102 181 132 184 143 45 79 101 135 104 125 137 49 110 34 30 106 163 106 144 101 72 156 41 148 8 115 
112 127 137 136 80 79 92 93 88 138 59 89 100 98 105 143 149 126 109 133 75 49 157 104 100 108 38 55 55 85 128 173 100 152 134 146 67 151 19 150 72 154 121 115 86 112 120 162 53 102 90 115 57 153 67 2 65 99 131 123 35 110 55 87 87 37 153 48 163 115 136 30 85 72 21 110 27 127 7 167 89 165 70 35 94 97 121 105 110 121 93 159 112 76 95 195 84 91 142 37 
120 99 108 35 145 133 95 160 41 130 163 66 116 99 154 161 95 118 127 97 139 140 50 78 118 87 81 139 163 52 142 115 152 119 49 63 120 63 106 116 171 56 137 112 176 71 91 140 16 49 146 80 106 14 104 169 124 53 106 168 166 56 33 105 124 53 144 98 109 17 171 93 137 110 100 131 93 99 129 145 163 40 116 76 60 148 108 145 109 70 160 93 61 83 163 73 49 124 107 19 
64 92 165 140 136 86 126 136 180 102 96 103 172 84 74 158 73 115 124 113 47 125 97 133 148 81 148 97 124 152 176 120 57 132 135 71 140 114 192 94 100 115 62 58 24 75 116 34 76 80 78 106 86 117 106 45 99 22 182 99 48 75 100 103 19 83 75 148 89 63 55 119 139 77 108 69 105 171 120 106 59 92 77 88 101 52 99 88 94 128 96 56 108 109 121 63 99 126 131 83 
143 103 97 102 105 166 163 31 53 24 114 131 125 54 129 136 62 97 177 37 63 62 141 114 183 163 133 56 104 23 96 46 78 114 73 124 81 124 111 80 170 34 89 105 92 115 78 116 127 96 156 83 77 119 136 68 142 49 97 111 79 85 51 97 16 69 48 166 141 163 169 68 69 149 93 87 5 173 3 74 122 112 106 49 55 125 168 94 17 97 82 143 118 122 97 124 147 113 157 168 
113 136 73 136 127 160 82 161 126 90 101 135 21 110 129 137 100 96 136 151 92 142 57 87 63 156 57 119 57 50 142 57 157 134 148 111 126 48 88 130 68 143 149 85 132 118 181 142 45 190 128 129 82 95 121 145 108 43 75 126 161 188 136 133 98 85 110 108 143 157 162 83 104 36 134 123 78 131 56 130 70 25 105 129 152 66 93 82 104 120 147 89 66 107 106 81 64 69 64 140 
100 78 113 36 78 132 40 126 110 77 127 41 101 159 35 92 76 84 13 38 95 140 180 125 54 90 124 159 102 30 73 173 128 102 125 132 30 71 137 148 32 35 140 114 87 97 20 18 136 39 166 92 131 85 176 61 91 161 133 116 72 61 179 65 56 148 15 105 144 150 14 161 64 103 169 142 135 137 124 76 162 38 91 148 67 165 112 44 107 69 92 107 48 59 75 13 142 129 97 101 
122 153 49 33 93 172 131 120 117 103 49 62 130 111 71 144 75 98 86 118 127 62 82 115 156 145 122 97 67 126 157 22 81 112 24 39 54 142 7 132 117 164 55 83 97 54 38 166 26 59 121 157 54 79 106 118 36 133 152 68 80 28 129 108 49 63 37 99 119 108 122 74 146 121 79 121 53 100 143 137 24 49 144 147 83 109 121 36 147 76 18 148 91 84 146 149 48 64 116 64 
124 173 71 60 146 135 40 102 188 38 97 157 169 146 95 23 107 102 98 143 134 101 153 64 171 118 155 65 45 40 137 112 116 72 77 129 116 105 54 43 106 87 32 151 76 39 152 118 91 164 125 114 166 72 118 22 38 110 112 78 74 14 105 127 151 12 104 77 136 97 109 115 109 38 171 47 99 89 181 106 27 133 51 73 54 101 42 96 108 46 42 131 88 95 179 116 92 40 79 98 
65 71 153 125 88 34 102 104 98 94 56 73 164 31 41 61 111 127 52 123 130 151 138 33 177 173 177 102 49 104 146 69 32 38 91 122 104 130 69 114 68 116 149 121 34 11 109 100 161 18 92 145 115 104 113 133 151 146 92 64 84 87 53 186 128 146 57 107 171 184 91 163 116 83 149 52 56 137 75 136 151 89 112 157 86 115 67 53 77 76 83 145 44 72 42 124 37 115 49 86 
84 86 113 68 61 159 98 92 76 116 65 100 154 57 174 94 29 40 84 105 146 111 109 58 72 46 99 70 175 141 64 86 108 40 153 96 122 152 86 146 163 161 54 95 87 96 176 104 133 108 72 54 93 162 111 55 121 105 49 73 61 5 39 103 133 30 99 132 170 158 34 155 102 51 156 53 159 78 127 46 101 93 111 42 144 59 119 72 33 94 63 101 93 43 113 176 54 101 85 182 
108 92 122 97 63 102 125 104 92 102 13 127 123 123 53 46 80 55 94 14 48 171 110 149 169 101 100 95 103 106 67 110 111 157 70 137 120 39 86 27 15 93 177 91 87 115 92 74 182 110 74 133 126 111 82 85 40 94 42 58 21 149 35 64 134 128 102 24 149 94 136 91 102 95 42 82 102 48 143 74 122 66 69 158 78 75 64 47 149 86 160 148 87 65 85 174 135 136 146 64 
37 114 28 114 113 64 65 188 75 100 155 68 103 103 74 101 149 154 81 69 61 119 86 135 93 42 78 52 122 68 149 104 113 88 97 38 98 100 89 61 30 143 67 152 29 98 73 77 98 34 97 56 163 31 82 71 99 102 98 162 105 79 113 38 103 113 54 71 105 169 66 140 129 105 67 94 76 162 113 60 111 86 86 132 84 90 18 96 98 60 100 148 86 116 86 142 94 101 92 159 
51 90 40 50 116 75 144 91 118 5 141 54 85 74 115 72 80 90 93 57 84 141 80 17 110 169 142 78 86 124 108 145 79 88 31 115 88 86 54 45 69 101 50 123 60 130 25 47 21 81 80 68 52 106 20 118 34 135 85 120 57 50 122 97 79 139 66 165 59 93 42 153 119 160 113 17 40 16 126 83 109 96 97 48 51 82 63 110 81 165 66 42 181 111 89 99 87 40 98 67 
72 63 115 29 98 61 106 93 99 106 58 98 55 112 46 55 76 79 64 78 52 68 138 136 129 112 26 135 74 75 168 75 71 55 106 58 56 95 108 149 89 128 93 100 87 84 104 150 90 84 71 83 117 118 121 60 116 188 62 115 82 72 54 91 44 66 91 89 126 167 104 92 65 80 85 183 107 62 34 44 33 92 103 161 148 75 70 102 31 93 121 118 106 67 111 99 42 73 149 163 
39 100 104 120 3 94 160 4 149 66 140 187 39 37 161 119 66 124 107 123 147 134 102 157 36 96 46 108 123 146 133 126 157 76 66 64 94 84 149 86 111 62 128 112 80 100 70 137 98 188 128 101 108 123 45 102 94 142 105 158 42 168 88 141 100 146 149 156 135 77 136 134 63 71 142 134 125 83 104 48 139 86 92 48 95 141 79 88 46 38 92 85 82 157 117 144 67 60 99 96 
135 90 54 105 65 70 79 71 158 118 80 83 126 112 73 178 126 9 123 97 87 136 86 123 68 43 66 170 84 86 117 85 189 40 146 126 77 155 86 77 136 113 92 102 143 73 148 161 105 47 125 87 134 113 67 116 111 121 140 112 72 36 153 113 144 150 29 65 56 114 102 78 140 165 126 130 84 136 146 95 164 148 191 86 152 165 136 92 127 90 50 160 56 146 63 12 118 121 95 114 
114 155 113 86 114 37 102 103 46 71 78 104 87 88 100 142 81 76 94 87 88 84 80 81 72 102 61 99 91 114 84 110 52 151 53 54 113 93 157 62 124 96 95 105 43 173 36 118 141 85 118 36 42 120 28 164 73 102 163 80 143 66 78 149 172 73 56 36 121 76 84 62 144 152 94 37 126 161 95 117 57 86 13 84 76 163 80 112 68 137 57 155 49 105 78 155 131 101 113 89 
120 49 173 64 123 25 109 21 92 96 132 71 138 97 115 32 90 112 112 144 108 149 78 152 105 93 139 154 90 94 91 78 122 110 163 86 30 95 88 50 40 111 95 187 26 171 180 108 109 31 47 145 90 140 120 114 44 185 62 101 157 175 190 113 170 123 103 76 129 48 173 62 138 122 149 132 132 92 156 113 120 31 13 96 116 114 75 144 76 14 91 94 137 154 129 22 69 67 178 120 
109 98 109 125 90 150 33 60 120 191 104 70 178 138 142 99 89 92 141 86 147 101 115 44 97 94 76 109 108 127 79 94 138 156 122 54 83 88 125 166 131 147 103 142 173 154 45 125 42 40 105 103 74 166 46 50 154 86 100 107 112 110 114 117 114 118 115 119 71 82 82 41 120 80 139 49 42 65 150 102 118 105 16 28 116 121 50 55 115 151 156 123 116 9 23 77 88 89 140 179 
167 65 61 180 191 83 142 91 91 105 142 128 83 104 84 89 98 65 69 150 123 38 126 107 29 75 126 195 88 89 99 96 113 40 120 86 116 180 136 171 167 123 84 138 162 75 85 47 120 138 96 68 124 115 91 113 60 121 145 95 109 136 85 140 59 17 134 185 121 9 125 57 26 31 95 117 91 86 148 106 104 80 111 118 63 70 100 101 102 92 110 37 95 77 70 143 117 79 145 14 
1 62 112 95 56 88 90 86 182 69 73 119 54 78 105 102 30 149 103 70 186 125 58 88 134 78 106 130 103 152 98 86 106 76 87 70 72 148 91 76 106 94 70 107 95 152 160 165 81 95 42 95 166 61 105 66 74 126 108 40 63 139 94 54 100 128 15 93 120 121 60 174 68 146 74 109 152 183 91 110 83 81 84 153 92 85 24 116 113 97 112 106 77 90 45 99 85 128 120 73 
119 34 55 64 67 55 132 110 156 108 81 96 100 134 99 127 121 75 135 103 80 80 162 12 57 122 111 47 146 56 92 106 68 86 152 115 63 103 160 127 106 127 133 13 134 103 121 90 74 72 147 129 77 80 167 65 156 184 100 129 43 33 76 96 140 99 174 138 78 96 117 132 106 146 103 128 126 85 134 66 31 142 141 31 73 102 159 147 36 124 20 56 83 60 38 102 86 108 98 134 
64 105 44 66 167 87 153 93 65 65 30 126 91 146 51 22 115 96 27 9 22 26 92 40 162 139 53 125 89 116 71 92 82 105 134 76 119 167 46 149 120 115 61 55 131 19 117 116 113 110 76 121 105 43 20 80 85 73 149 44 129 177 152 88 57 117 147 41 71 73 125 177 108 58 146 26 141 86 161 80 61 91 64 75 173 147 64 141 94 98 82 124 129 57 157 130 57 178 72 106 
38 117 121 153 69 128 64 95 178 43 168 179 168 27 127 80 20 43 80 27 25 126 153 129 187 89 113 108 119 148 66 72 149 106 89 149 88 166 87 149 139 116 159 82 90 61 172 47 56 56 114 138 64 48 23 66 132 94 162 65 52 59 70 70 72 111 106 85 94 151 116 196 52 161 130 84 80 163 126 81 52 108 28 104 119 128 69 106 148 74 62 116 106 147 81 69 73 155 82 96 
63 149 138 19 149 106 89 136 149 186 159 64 131 99 47 82 81 144 87 146 48 108 84 103 39 101 90 158 100 129 123 178 69 125 11 81 63 119 42 107 104 171 106 85 34 184 35 70 108 156 58 120 151 107 111 82 98 103 35 174 100 152 86 69 87 96 151 83 67 72 141 105 57 140 75 56 58 105 64 113 165 129 91 102 119 87 123 149 172 105 147 136 53 104 74 89 81 186 136 90 
111 55 191 75 108 94 89 144 63 133 49 184 60 91 65 93 106 83 138 174 140 38 90 105 67 131 126 96 74 132 160 45 110 136 130 86 67 28 124 133 144 125 135 162 86 96 27 123 167 36 160 96 70 166 85 74 90 62 131 157 84 146 102 162 119 103 106 131 191 87 164 87 91 96 106 101 109 75 100 114 60 59 160 190 40 164 37 75 125 116 131 46 134 91 131 73 93 30 62 147 
25 109 78 95 138 53 165 100 45 103 115 154 151 135 70 93 87 17 46 161 122 109 161 108 90 112 36 179 113 43 68 48 138 63 131 70 143 62 115 62 129 70 98 96 166 79 152 111 114 60 110 127 61 121 118 63 79 95 65 143 34 156 157 150 53 120 107 144 168 8 67 107 111 4 121 98 194 117 187 168 118 198 127 106 87 80 110 50 13 191 112 169 184 72 30 114 72 17 88 115 
135 62 39 162 72 31 59 82 100 139 36 164 107 73 74 91 96 99 79 24 15 105 144 142 74 131 113 86 65 18 45 69 138 101 38 122 48 84 147 29 133 113 142 97 61 58 159 85 47 8 46 123 110 133 150 112 71 163 71 101 93 157 144 112 149 166 23 112 167 191 68 101 166 80 107 130 87 132 103 175 73 24 171 128 65 138 105 116 152 48 149 98 116 94 81 109 111 65 159 90 
90 155 110 121 93 70 133 80 65 112 90 36 102 29 115 39 31 159 86 65 100 163 5 167 84 101 115 78 168 161 100 98 141 102 64 130 114 78 194 73 86 78 125 161 82 70 42 97 86 112 150 151 102 126 108 149 53 156 121 164 81 35 149 83 127 121 63 57 37 179 121 81 65 112 40 36 172 178 116 116 84 119 144 158 178 168 96 90 54 89 134 174 111 142 82 179 161 143 106 58 
140 84 81 97 162 122 161 93 124 18 81 125 87 82 62 91 114 107 104 121 146 133 152 15 40 99 99 173 154 84 188 53 142 162 106 44 102 50 41 98 111 117 145 116 169 103 139 59 90 109 89 49 151 110 87 82 92 26 72 60 111 61 172 107 77 123 91 119 112 23 114 152 119 136 115 194 115 58 167 44 87 98 58 62 71 49 149 43 132 175 120 90 141 99 163 14 97 92 79 80 
92 146 143 9 161 11 39 82 55 112 123 107 158 81 19 95 93 100 99 84 66 99 122 154 67 102 111 161 132 61 88 7 83 84 130 53 116 59 111 73 62 156 87 89 26 23 53 41 134 98 157 29 146 148 105 136 105 153 69 138 55 152 120 163 111 67 83 123 74 55 7 93 71 105 23 108 144 88 70 92 43 125 77 104 192 88 71 141 109 69 75 98 70 71 150 26 53 21 155 91 
42 136 140 65 87 159 23 118 24 107 60 127 88 123 167 13 157 47 65 116 138 81 88 88 81 81 182 169 108 173 130 77 131 13 110 105 98 30 81 69 121 20 37 52 25 136 69 82 32 129 83 117 138 62 66 143 64 76 176 65 104 85 171 98 126 130 130 160 89 178 148 159 36 46 112 67 95 110 153 115 128 143 116 157 50 114 187 114 152 76 57 175 73 44 68 115 118 42 95 62 
151 165 173 41 70 98 125 115 75 151 105 134 172 74 85 188 155 166 78 131 150 92 48 166 122 129 119 88 153 141 100 101 49 85 107 88 106 120 158 107 40 110 72 173 124 105 105 77 41 112 75 115 52 76 195 162 39 112 163 39 105 85 141 124 39 86 143 134 84 42 96 42 102 98 19 161 91 40 80 81 100 114 72 70 84 53 137 110 101 98 33 134 39 39 102 143 109 189 107 155 
