29 107 83 92 123 105 155 93 119 33 14 149 104 148 192 126 7 105 100 148 130 143 125 65 179 61 39 36 114 125 81 81 67 75 92 69 122 134 100 144 96 154 97 106 88 71 41 105 116 98 118 33 52 125 95 116 87 28 69 156 97 160 99 106 63 119 166 101 75 96 78 110 63 127 137 41 18 37 93 87 120 102 70 107 89 110 184 39 88 70 71 137 108 99 116 86 87 44 156 
180 45 148 109 87 112 110 168 103 104 81 103 110 156 95 79 171 86 96 131 46 163 21 97 58 164 134 158 34 102 41 51 53 79 95 71 70 36 122 14 38 9 68 179 30 172 39 123 111 59 104 121 100 107 117 42 75 25 90 141 106 79 127 46 50 105 16 106 123 87 126 30 55 125 140 68 39 125 52 115 143 118 100 28 73 120 96 165 181 122 85 87 61 97 119 97 87 144 95 
163 158 45 67 46 139 120 75 86 66 51 73 122 68 49 133 101 74 192 70 100 123 92 88 127 27 72 57 85 127 20 74 129 48 103 117 170 108 56 24 160 111 80 35 121 142 135 73 70 19 115 104 90 33 53 103 100 29 109 89 59 148 66 110 150 91 98 145 71 155 116 152 60 100 40 86 138 37 97 64 124 24 133 109 88 73 69 72 103 43 134 129 114 83 88 70 136 138 118 
107 95 129 35 158 110 89 114 60 48 42 100 146 57 80 142 6 93 73 102 112 130 119 3 87 71 20 100 134 118 52 142 93 119 97 166 166 39 111 154 118 18 56 104 100 121 47 174 95 106 177 85 153 87 122 89 64 93 81 145 119 161 177 76 104 65 125 72 107 168 114 127 96 23 83 92 124 177 178 70 109 43 152 65 85 159 105 61 148 36 138 133 178 71 112 78 59 159 174 
115 154 92 84 89 93 24 100 140 149 190 134 112 106 24 49 134 89 36 24 80 159 176 86 107 59 123 96 120 137 100 89 89 94 143 120 138 17 107 123 51 98 85 75 156 39 76 172 53 165 69 147 55 133 130 94 108 90 181 36 131 152 62 103 58 53 107 38 87 102 167 174 22 82 106 135 125 112 88 123 136 131 65 89 94 92 146 13 118 83 92 72 177 114 102 99 58 110 122 
134 128 88 81 49 153 85 104 87 114 129 122 79 44 113 122 132 113 39 94 110 86 80 40 75 88 60 103 77 43 89 37 168 36 113 180 53 114 96 49 107 97 107 170 101 71 110 53 122 89 90 116 92 118 122 101 118 91 88 89 72 156 124 13 79 194 108 67 143 14 126 50 84 81 89 104 94 137 41 20 111 58 55 59 82 78 129 38 154 28 140 57 91 34 105 83 42 156 54 
115 113 140 89 143 131 141 43 59 51 85 60 171 107 61 123 151 128 95 45 143 108 99 85 81 133 58 155 151 174 53 171 175 108 113 53 136 160 143 133 110 90 64 61 153 158 84 138 73 104 87 93 20 163 67 114 74 161 69 122 100 111 144 26 56 23 93 122 153 105 135 80 91 156 63 66 93 109 15 127 96 62 139 159 32 122 66 143 172 105 113 90 142 118 71 142 74 166 51 
122 92 80 70 123 55 103 96 80 136 93 91 65 91 161 139 73 91 127 139 81 160 129 84 28 128 29 119 91 137 135 108 138 176 124 135 126 101 141 115 57 114 99 81 76 118 179 66 40 103 121 164 84 20 150 101 103 26 63 165 93 4 95 53 107 143 29 31 91 51 50 31 87 57 80 143 106 101 141 80 13 76 101 112 39 93 42 138 121 122 33 161 95 122 125 146 12 85 51 
65 59 89 86 119 33 148 150 64 122 93 70 152 90 88 151 125 125 133 78 115 60 138 98 130 87 146 153 116 112 139 54 73 164 177 53 31 110 65 163 82 113 129 149 92 58 105 151 128 179 118 44 184 179 106 61 113 75 163 156 89 47 97 93 113 120 169 92 64 108 134 126 124 51 56 158 35 53 116 106 108 31 165 83 116 81 105 116 189 44 103 176 114 37 132 148 66 104 81 
99 144 129 184 96 163 102 81 87 26 123 82 77 157 135 147 123 127 94 112 120 94 155 83 93 76 89 103 121 79 52 108 145 98 162 76 111 60 106 187 117 158 132 175 123 126 131 157 119 129 162 152 105 132 154 157 108 92 120 16 90 130 88 71 42 86 90 65 100 42 111 85 116 114 167 37 59 29 150 180 37 59 179 108 110 91 97 161 48 172 124 37 161 59 104 104 125 164 84 
81 106 57 47 149 118 119 149 183 86 101 73 75 92 142 120 158 119 165 124 136 177 74 16 102 101 81 147 73 99 142 132 99 122 45 126 155 87 107 168 145 138 82 42 106 53 101 93 158 154 170 150 108 143 97 139 75 124 72 152 149 72 109 92 123 100 42 21 29 133 18 91 113 131 155 97 65 53 82 41 89 47 180 10 41 72 39 149 121 109 76 117 111 144 37 102 127 53 56 
143 155 40 8 49 100 107 62 59 22 74 54 93 127 101 127 33 31 140 139 150 113 98 57 65 146 74 43 52 138 44 121 61 146 38 8 79 171 124 87 97 102 146 137 77 29 159 123 76 85 113 48 96 116 56 73 96 110 85 174 95 149 136 55 75 110 60 108 111 43 93 35 127 73 102 62 95 92 26 87 81 170 125 166 60 160 127 64 127 180 92 138 52 106 107 113 113 70 77 
166 128 47 137 70 129 79 89 142 173 74 142 96 92 34 98 162 156 91 101 126 142 127 83 124 60 92 181 104 158 62 73 54 141 53 133 135 87 132 122 133 179 105 91 101 121 136 105 175 23 85 95 92 103 101 84 143 124 168 135 120 35 19 54 100 178 139 72 152 185 103 138 187 79 95 87 59 85 126 120 68 162 44 139 70 150 54 48 64 96 159 75 125 55 99 62 150 169 62 
102 161 57 19 34 159 136 91 19 138 113 162 116 91 82 154 63 158 42 103 120 99 48 72 137 85 124 81 56 117 134 65 119 81 150 59 98 79 47 110 90 104 13 95 104 89 111 81 110 30 72 69 83 38 99 166 80 83 113 71 116 39 70 72 96 99 51 72 39 170 75 60 102 141 66 91 58 152 61 163 86 100 103 87 120 138 174 127 138 73 133 108 66 66 137 108 50 129 108 
90 21 130 108 118 53 178 100 80 67 27 129 77 145 142 83 70 127 130 149 82 127 118 162 160 67 164 61 86 107 104 98 160 24 172 133 124 76 141 54 118 86 56 80 135 112 110 88 38 18 52 90 98 82 95 157 57 14 108 117 75 133 176 84 8 134 78 143 42 77 92 142 37 32 178 105 75 46 103 87 55 68 108 136 52 130 191 71 43 96 111 159 166 51 17 117 141 26 27 
36 133 120 143 145 115 139 90 29 153 78 49 81 114 67 116 98 135 120 92 119 111 53 80 94 30 163 92 156 86 161 125 103 87 99 119 26 95 70 143 102 122 24 156 136 133 162 110 48 91 95 118 96 111 151 111 89 147 93 128 149 52 62 109 106 98 105 91 67 53 98 132 113 112 109 100 46 74 160 132 134 166 105 49 45 143 61 40 96 71 174 88 62 33 107 98 67 163 61 
109 51 62 161 114 193 126 64 74 5 67 40 100 146 98 100 138 82 102 95 22 138 143 96 111 53 83 112 59 74 22 86 87 125 123 115 121 108 179 107 62 158 61 102 48 90 43 180 84 45 144 42 155 52 55 178 15 130 146 117 162 109 22 86 94 124 112 102 181 156 155 75 129 112 65 160 119 105 114 80 32 22 131 68 65 49 79 89 94 167 92 76 58 145 98 43 165 123 69 
145 141 1 81 131 122 103 105 140 112 72 61 97 155 76 134 148 101 117 145 101 107 67 183 125 116 125 95 148 170 82 164 98 135 78 91 160 184 111 118 116 61 142 55 81 72 147 94 97 89 101 145 123 151 75 98 56 33 151 68 110 167 159 113 103 123 73 107 107 32 46 61 7 71 132 147 33 122 69 123 196 76 18 106 64 84 98 62 22 86 134 173 16 146 112 106 192 83 147 
110 129 115 154 25 61 102 77 95 97 151 51 158 112 28 77 149 113 125 80 61 85 32 17 111 110 120 94 87 178 112 82 169 91 75 35 88 91 153 99 89 70 71 111 47 134 147 93 78 150 106 54 41 148 131 72 150 120 69 69 82 139 110 64 83 126 77 99 163 112 158 34 28 164 132 131 32 92 79 104 88 80 150 172 68 66 82 140 80 172 93 131 136 142 142 117 31 74 176 
72 77 74 108 89 27 150 45 93 105 95 71 148 46 137 169 119 65 118 88 104 26 36 106 105 16 104 56 149 96 132 83 25 107 122 93 148 99 71 24 94 32 184 86 188 128 72 122 10 168 48 34 162 89 94 170 169 126 149 111 159 121 141 41 74 174 85 141 135 118 118 72 73 39 174 117 170 136 152 68 134 130 101 65 118 86 126 13 124 152 192 124 137 91 68 140 114 67 117 
122 29 100 90 103 33 70 112 144 138 101 101 157 27 91 112 98 91 140 86 71 132 15 102 93 67 174 151 56 81 95 115 42 105 161 17 89 135 20 157 40 114 93 104 99 91 121 196 48 95 47 110 117 95 147 38 152 89 116 180 33 104 57 102 100 163 40 38 112 57 135 137 129 112 68 55 147 141 114 138 98 100 108 88 145 51 43 74 87 120 52 140 88 177 166 157 156 161 77 
75 91 95 171 69 103 52 136 128 61 129 88 133 21 79 48 95 138 96 126 85 62 55 184 11 23 158 153 118 90 87 51 49 109 72 74 112 153 95 43 37 115 128 58 136 170 106 172 113 146 107 162 124 125 107 70 92 94 98 153 96 25 51 97 30 89 102 93 156 74 112 70 94 79 44 181 174 123 78 137 17 95 34 128 36 106 24 73 66 91 103 175 23 50 67 177 85 109 103 
80 109 60 87 70 151 112 48 48 146 140 17 121 143 59 154 153 85 71 98 93 141 170 51 64 62 179 121 104 110 133 32 105 163 124 115 143 39 108 42 76 96 32 128 143 114 45 104 110 146 155 80 93 63 135 88 14 140 45 110 138 58 74 116 112 58 108 194 55 72 88 112 129 17 92 81 122 90 33 113 92 87 124 7 129 87 46 91 94 126 80 48 129 89 163 144 131 96 124 
132 45 73 160 78 178 43 83 88 73 95 132 92 75 141 107 68 61 40 169 58 117 81 95 54 128 133 181 89 119 118 74 23 109 134 153 100 49 114 160 122 97 70 130 129 90 67 79 122 127 80 182 105 87 106 20 110 127 50 36 73 94 62 82 29 80 98 103 25 161 181 98 71 6 141 96 167 101 94 66 62 122 105 115 99 110 98 156 121 122 133 123 107 100 97 105 96 139 63 
151 170 105 56 150 154 124 72 47 57 83 88 84 37 92 42 138 41 68 114 178 68 57 126 36 88 49 73 127 20 187 17 91 130 154 108 132 149 67 116 89 137 61 49 28 114 48 179 31 137 71 122 119 80 58 137 98 39 114 140 84 90 91 113 142 100 125 71 28 136 47 107 111 79 90 94 98 92 127 104 57 96 171 116 102 133 23 96 173 120 133 138 83 150 167 59 64 118 129 
125 139 117 91 141 41 65 169 143 101 126 193 44 31 104 159 92 126 108 32 53 44 79 186 69 88 59 73 98 95 107 105 41 91 102 21 129 118 93 113 152 112 118 92 178 31 109 96 85 48 63 156 45 39 65 179 110 124 37 48 179 74 166 166 88 144 132 102 134 91 85 103 63 57 73 89 22 163 96 77 110 117 87 31 64 109 73 115 54 96 73 24 58 125 122 106 102 111 113 
134 118 60 36 112 99 76 114 161 83 89 179 115 88 133 60 56 147 59 101 132 94 113 89 158 87 47 45 27 145 141 100 119 111 111 175 93 116 124 90 94 54 188 103 41 78 38 133 76 83 134 33 105 64 62 79 174 115 41 114 146 101 75 57 91 86 35 192 53 58 130 103 55 165 89 142 75 58 133 118 145 84 120 149 79 53 68 166 95 188 89 114 163 147 117 167 106 70 67 
173 46 69 115 144 44 131 115 63 88 112 157 147 94 122 69 50 59 158 187 164 116 122 138 47 138 125 73 97 100 106 72 153 40 125 152 140 7 68 149 102 50 158 93 88 122 119 76 70 134 186 162 52 158 117 91 169 113 134 150 82 159 139 127 104 57 129 56 68 130 85 75 74 151 54 88 155 99 94 120 101 158 93 107 127 40 116 176 195 19 79 81 94 109 69 134 123 163 65 
74 164 122 73 160 127 77 133 159 79 102 120 70 199 104 107 72 57 168 120 33 161 113 79 108 68 116 137 112 98 171 85 103 156 157 183 85 131 62 99 147 73 54 82 92 125 111 86 176 87 158 11 112 117 77 63 105 78 84 120 57 98 141 113 60 86 50 90 114 79 110 112 144 53 37 167 80 91 120 44 76 117 153 98 86 71 47 124 137 181 134 77 113 197 95 153 102 114 169 
118 82 77 92 85 78 81 54 37 79 77 90 73 85 162 147 132 174 53 100 99 43 77 61 112 144 136 9 65 115 59 50 154 102 30 149 98 74 37 81 168 80 59 91 95 63 117 43 41 162 73 144 64 45 108 143 21 89 187 31 77 155 112 130 120 31 108 84 100 25 137 90 117 120 28 165 153 53 113 191 144 86 146 78 106 96 111 130 86 69 121 159 160 54 63 152 40 80 164 
65 102 133 110 186 161 45 148 189 74 123 163 62 44 115 87 115 80 184 154 77 37 107 43 86 125 97 79 80 13 108 14 55 47 169 51 109 66 132 105 138 72 104 63 88 111 37 24 86 105 100 159 93 126 152 139 134 104 70 42 99 97 103 121 94 47 117 48 85 137 78 62 93 116 105 131 141 103 30 141 55 68 73 108 46 67 168 102 147 161 35 99 119 103 121 59 39 63 129 
37 105 107 120 31 143 95 180 83 134 79 130 172 159 24 102 69 143 37 114 119 84 75 117 54 119 35 69 89 30 107 103 137 54 165 41 57 101 121 155 76 123 92 112 87 22 120 105 100 151 103 98 145 142 91 73 163 162 63 114 130 150 129 57 105 42 61 111 102 102 44 26 89 114 106 59 151 51 64 104 112 111 32 186 30 132 103 119 52 166 49 60 106 140 66 48 130 50 165 
116 109 123 121 30 118 178 104 111 106 71 188 72 113 69 84 67 19 89 115 89 71 117 167 79 130 91 141 51 73 122 134 67 164 71 83 43 64 104 47 68 33 128 48 56 134 107 56 121 125 14 111 105 106 108 76 14 118 116 119 88 173 87 117 64 95 163 111 86 97 123 149 54 34 6 155 177 72 150 85 107 62 179 83 43 20 104 117 25 154 19 8 177 42 24 94 161 65 104 
101 160 96 83 118 81 125 71 93 109 151 113 184 123 106 123 81 115 158 193 113 98 65 91 88 58 80 99 161 111 107 44 56 116 107 166 76 112 150 86 58 129 90 126 80 196 24 63 131 35 178 81 65 64 155 81 150 39 58 97 135 38 125 97 124 90 92 31 23 108 165 4 45 82 113 48 104 133 112 102 169 152 160 78 100 137 117 121 124 119 139 15 107 86 100 87 103 19 155 
162 111 84 64 133 70 59 80 44 147 50 120 124 54 179 92 94 113 63 44 113 94 80 14 94 83 66 181 147 52 87 107 156 96 154 130 151 126 86 102 33 131 98 82 139 53 123 63 104 114 56 115 73 143 45 108 67 49 129 53 23 130 132 53 172 24 9 41 36 97 92 133 104 85 61 29 8 35 49 145 57 108 140 127 73 49 51 11 74 21 107 110 68 88 140 120 74 168 32 
119 75 129 43 94 35 57 136 56 132 95 184 81 70 51 34 157 101 71 56 8 124 69 91 158 56 72 126 64 61 92 145 62 54 100 83 59 181 90 95 153 72 121 64 91 69 122 64 135 134 100 139 44 90 174 28 52 92 72 24 76 169 52 49 70 121 103 101 58 47 91 123 107 48 24 43 113 194 141 38 96 120 21 160 125 131 43 74 88 151 11 84 69 122 117 146 103 171 155 
186 73 86 65 122 98 182 65 99 105 14 71 70 104 97 57 78 92 91 43 52 96 94 97 138 126 11 104 67 103 86 75 114 92 13 122 154 138 27 108 64 106 113 131 97 31 151 52 49 38 66 37 141 134 57 69 77 142 22 140 127 93 156 124 61 105 139 3 108 102 122 87 136 134 50 132 159 51 42 105 48 153 22 100 53 107 55 137 123 90 65 134 80 161 170 107 82 88 16 
192 119 116 169 141 79 74 109 104 128 93 87 145 71 107 163 73 50 169 145 89 188 99 92 99 139 121 120 124 79 123 118 96 155 72 51 93 107 163 77 93 90 167 97 127 103 98 94 132 110 178 136 85 155 93 126 59 70 62 78 39 68 72 135 127 149 51 70 166 160 104 77 132 125 139 81 151 87 75 87 54 82 70 29 91 87 97 28 19 80 138 111 43 173 147 50 52 64 80 
20 67 71 71 78 62 106 146 144 24 160 86 112 49 185 91 93 60 119 121 22 98 124 115 93 136 63 89 74 69 73 144 173 110 111 124 81 78 29 4 26 164 132 102 39 124 142 53 56 166 131 107 30 114 194 156 116 89 124 183 86 68 44 40 79 100 92 111 35 25 105 74 102 110 62 80 45 122 140 105 110 189 133 16 104 47 119 97 93 124 86 148 94 84 115 31 131 59 69 
24 123 77 124 98 109 109 67 133 13 142 99 118 4 79 105 158 94 168 187 64 130 43 105 147 61 21 127 92 119 130 96 74 130 25 64 51 87 87 92 143 166 33 55 74 123 66 126 42 163 65 59 45 84 136 134 65 92 126 114 111 85 180 12 142 95 23 47 40 111 115 98 123 75 142 127 72 106 111 141 38 128 115 128 76 29 155 88 72 56 61 82 89 181 122 85 106 74 65 
152 102 121 105 30 115 116 66 36 134 29 68 87 125 145 21 110 129 103 146 49 109 36 26 51 81 93 148 119 106 73 112 68 136 69 155 24 25 96 10 101 72 33 190 84 37 150 72 139 106 56 77 63 74 43 51 148 103 106 112 131 33 68 125 85 125 73 100 90 40 168 20 131 139 71 80 65 78 133 179 159 122 97 112 98 142 27 98 81 96 69 108 81 87 94 124 136 67 73 
149 144 141 88 107 68 133 73 91 71 134 74 66 112 150 177 60 121 100 167 92 98 93 44 70 83 146 125 156 49 151 38 59 141 131 64 79 116 113 49 32 107 49 101 60 68 88 9 97 145 51 38 46 119 53 165 85 143 60 60 86 135 147 26 102 64 148 161 30 178 79 153 84 57 36 151 155 74 99 184 50 85 131 84 95 111 115 88 90 132 135 197 123 64 71 86 72 132 99 
175 124 31 6 133 112 135 77 15 83 182 151 137 70 133 86 175 104 105 91 65 128 68 52 83 177 32 123 107 110 73 56 35 89 96 29 134 78 140 39 16 188 91 64 49 92 80 76 123 167 196 129 169 170 97 125 151 77 149 86 106 112 69 193 90 134 172 107 117 48 170 156 55 99 84 56 55 140 69 197 22 145 38 90 35 11 62 123 80 32 103 130 74 62 98 69 102 167 139 
130 53 80 179 83 156 165 67 67 114 32 101 135 98 73 155 30 70 112 134 57 128 110 99 37 131 99 54 165 137 131 107 87 37 109 122 84 75 141 178 139 104 55 196 84 101 132 153 94 94 174 111 130 113 79 32 32 59 122 168 96 102 85 148 15 149 182 45 96 166 68 14 100 98 82 41 79 63 125 127 169 128 170 109 31 138 161 144 100 177 49 41 75 73 177 73 175 67 87 
91 74 36 77 82 72 95 75 124 139 135 95 155 130 104 102 141 120 118 110 106 114 38 125 53 182 125 114 73 95 7 109 158 146 98 192 60 112 111 108 82 88 119 129 110 165 50 82 107 65 34 71 100 86 115 50 99 121 70 82 26 106 131 150 37 152 76 79 86 137 96 130 127 85 32 123 185 89 72 69 43 163 77 97 150 24 93 121 163 114 20 57 60 95 114 66 93 131 65 
94 100 64 67 34 45 79 162 55 108 69 101 122 103 70 140 81 97 48 138 93 42 26 89 165 148 88 105 131 43 128 102 84 102 92 156 70 128 80 32 140 152 51 148 138 182 153 132 72 102 59 141 28 162 132 128 122 164 124 113 83 64 78 139 72 131 51 133 42 112 122 110 49 48 69 92 109 87 113 103 91 118 113 99 192 72 55 123 99 123 135 113 122 23 168 155 91 147 83 
172 32 137 113 180 105 82 137 67 62 152 65 148 23 100 32 91 121 147 106 183 89 152 27 123 152 113 161 104 107 106 88 112 103 5 110 60 53 143 93 97 97 176 104 143 104 144 64 60 20 121 88 127 125 96 117 136 117 136 108 102 96 119 173 155 138 123 131 80 58 159 53 41 82 156 151 50 122 97 115 28 81 38 177 142 15 126 88 94 127 118 122 91 29 92 80 114 83 140 
42 130 69 37 122 110 153 154 54 96 67 92 131 124 150 147 105 92 116 100 95 86 181 44 155 139 145 91 100 101 72 180 13 49 37 148 13 76 58 150 81 124 99 141 82 142 101 95 126 133 91 90 102 84 96 44 75 96 126 171 79 163 164 53 102 133 121 74 122 85 82 52 125 41 59 87 153 51 71 122 133 105 60 106 142 99 126 115 87 80 86 89 70 95 42 125 79 55 99 
145 79 96 136 74 33 46 55 127 40 38 40 102 157 51 108 116 100 78 70 101 80 166 28 118 147 104 26 162 119 100 60 154 118 59 31 99 20 86 100 22 106 64 114 98 90 104 117 162 172 180 105 109 98 51 103 11 96 103 22 139 161 119 90 52 89 120 118 129 183 124 83 121 88 86 28 25 110 48 81 174 121 172 82 125 117 151 93 190 102 90 111 154 89 66 55 146 128 79 
39 156 93 105 154 29 57 163 112 68 156 84 61 111 110 100 96 108 35 74 127 122 115 117 31 70 94 29 67 36 130 110 88 123 72 84 151 99 91 159 61 39 102 74 48 46 170 78 133 70 78 131 43 125 147 129 172 68 109 164 116 115 107 119 125 123 105 62 157 103 88 160 64 65 84 137 133 40 39 161 42 66 74 46 96 72 76 39 105 62 93 77 139 137 76 34 157 48 181 
74 97 70 195 24 102 49 114 70 114 58 148 117 118 129 145 72 65 80 17 95 92 163 120 171 70 106 93 193 104 153 104 52 139 125 151 68 86 20 128 71 123 131 134 58 135 80 72 15 134 57 118 156 97 139 24 161 89 103 154 118 121 50 90 119 155 155 82 54 103 75 45 68 109 55 94 98 162 144 127 113 162 84 105 112 147 124 71 166 185 84 144 95 174 78 136 25 79 137 
94 134 189 10 90 79 34 90 167 29 118 178 128 77 132 66 122 114 184 149 86 149 24 86 81 164 120 24 171 130 49 88 83 103 31 58 90 48 54 144 79 86 95 86 161 63 183 76 69 135 66 122 116 32 131 106 118 102 122 96 118 141 63 93 144 105 136 124 151 56 125 105 56 116 36 80 37 89 138 103 186 32 197 34 68 52 81 85 104 151 38 67 83 118 142 92 68 27 43 
23 134 136 98 13 118 125 99 100 91 108 145 118 44 44 126 123 96 118 131 158 145 55 84 76 117 121 18 133 82 104 119 28 113 151 20 105 110 111 66 118 113 89 196 22 28 65 154 184 118 116 157 107 94 57 148 121 54 103 95 126 63 35 100 97 133 103 149 166 114 132 111 27 95 114 38 85 88 47 21 176 49 65 184 43 96 92 137 65 142 168 86 79 69 97 110 164 60 8 
115 112 94 99 129 150 126 97 8 89 155 56 76 27 8 100 126 101 157 63 36 48 50 88 150 85 145 83 71 175 54 106 59 33 176 95 171 131 110 71 129 148 106 155 74 120 16 182 77 126 162 132 101 40 86 143 48 92 96 99 60 94 112 22 182 86 69 103 115 115 124 84 98 168 104 119 162 179 141 136 89 112 66 78 78 55 112 133 55 116 113 120 80 161 115 111 160 99 95 
58 136 127 46 54 122 131 83 113 128 73 82 159 57 146 110 71 130 145 93 122 73 88 106 75 121 79 122 157 42 140 39 184 151 152 136 73 81 118 98 79 43 89 76 47 23 130 92 62 94 89 89 95 71 127 82 109 120 124 138 122 116 55 142 130 174 65 15 107 111 113 109 34 14 148 72 77 43 83 34 93 35 45 108 36 149 54 80 33 84 130 107 90 133 85 96 8 153 76 
83 104 45 100 72 171 77 183 69 174 109 96 140 88 87 88 97 162 16 117 41 110 92 98 68 54 103 95 53 114 125 108 107 150 164 170 113 88 61 78 142 179 111 104 167 26 81 153 105 93 115 109 41 189 111 132 103 110 25 118 74 84 51 80 77 108 134 51 92 99 101 116 113 97 153 94 149 73 121 123 87 114 108 146 148 138 77 135 104 116 105 100 93 150 101 87 139 81 91 
77 120 79 83 80 28 78 80 133 54 168 44 177 95 107 123 124 129 125 108 89 100 93 102 113 162 94 20 37 128 6 39 102 142 118 47 10 113 117 80 50 141 115 99 146 108 24 139 130 154 65 144 32 66 102 104 81 119 96 55 109 102 103 169 95 41 24 135 127 130 83 114 114 17 33 96 98 66 103 123 79 68 97 182 115 79 119 58 141 145 136 70 92 73 133 152 36 105 111 
113 83 120 51 81 152 79 106 126 45 102 39 74 49 150 92 110 63 70 85 108 151 53 39 98 139 36 15 115 53 90 71 95 95 109 112 54 140 25 71 114 126 111 133 84 81 168 101 49 118 66 70 103 60 101 186 152 139 53 102 140 96 99 111 160 17 50 140 167 164 63 146 66 139 34 102 51 142 57 103 82 103 38 194 33 109 83 67 74 102 81 115 84 188 148 62 85 161 146 
119 124 128 10 123 122 38 100 190 25 148 133 77 166 32 91 150 97 73 33 129 86 101 87 54 121 127 132 76 42 111 170 140 117 136 109 154 121 140 92 156 163 62 167 61 78 63 101 99 96 93 133 146 127 93 67 103 122 151 95 32 71 71 58 187 38 41 23 164 158 118 52 91 167 83 89 92 76 49 175 81 102 128 95 157 122 93 66 32 123 135 171 94 97 118 74 80 123 109 
26 103 131 116 79 52 91 161 81 94 136 145 72 114 140 94 127 71 77 64 89 115 123 103 72 91 57 129 120 93 78 86 186 74 120 86 121 129 101 13 107 87 60 30 127 129 61 149 44 135 179 64 110 113 124 121 122 154 85 87 103 85 122 61 16 60 179 77 145 53 154 118 36 115 122 51 18 145 76 56 37 59 90 70 102 132 92 98 91 127 150 100 68 151 119 54 124 105 45 
51 85 108 134 77 73 91 178 96 123 82 80 65 95 109 65 156 85 68 85 85 129 102 121 161 82 161 98 31 19 98 169 117 77 70 38 148 120 78 105 53 59 104 173 132 126 83 130 87 100 73 100 179 90 159 135 63 160 99 123 158 92 23 98 60 148 154 99 82 85 173 73 74 101 27 44 70 29 60 98 162 120 103 89 24 128 123 89 42 93 53 171 123 161 93 143 196 146 93 
110 161 52 152 155 50 158 63 78 64 26 119 66 94 107 117 40 100 133 83 88 71 115 28 182 49 105 96 67 88 34 100 49 143 132 51 97 135 105 170 169 128 34 135 127 85 105 156 71 119 1 61 146 107 165 93 190 136 135 12 36 140 131 49 26 115 162 138 167 183 74 136 113 101 119 114 147 68 89 164 20 109 120 116 107 114 94 85 102 142 171 128 93 160 50 117 96 155 82 
98 111 120 89 43 112 59 117 45 96 73 94 108 141 187 22 110 38 54 105 98 92 31 53 138 147 80 70 93 46 81 129 84 86 49 168 188 160 146 115 179 37 65 128 151 110 90 40 157 69 61 120 92 86 78 110 135 57 105 120 69 151 69 147 140 142 147 144 43 71 122 24 104 68 64 74 79 57 71 99 62 108 155 116 80 109 84 107 139 195 79 97 96 73 100 153 85 56 81 
119 165 123 99 110 98 32 167 98 79 110 54 54 65 80 130 162 108 166 146 95 69 127 69 95 28 132 147 138 74 117 129 150 60 145 83 97 100 127 68 71 40 151 104 88 91 75 177 98 58 163 106 73 144 144 72 120 82 70 61 10 129 132 66 130 22 64 141 92 87 141 89 130 81 39 178 24 103 158 96 118 91 130 121 92 120 165 50 123 122 98 115 67 181 31 132 81 113 72 
110 93 61 111 12 149 82 31 70 143 152 71 79 62 92 20 105 157 134 176 101 117 106 117 125 171 66 85 160 90 84 88 99 149 138 154 33 39 147 139 182 105 98 76 100 79 116 93 112 44 148 57 77 61 92 158 126 89 86 96 170 136 135 91 91 121 69 109 73 179 85 92 145 92 110 132 108 147 159 144 99 128 134 74 122 128 96 34 60 99 122 87 146 48 86 46 52 108 35 
155 24 169 67 103 18 100 52 70 99 171 67 137 131 149 144 100 87 111 56 97 56 87 111 80 112 10 120 110 100 110 151 48 91 65 195 75 72 116 85 52 118 55 67 51 65 105 89 42 140 152 171 191 77 103 117 65 78 157 99 163 99 129 123 41 9 134 147 149 79 24 96 115 150 108 96 146 109 81 85 81 81 84 66 69 117 124 114 98 176 122 64 67 73 106 50 137 115 102 
121 154 180 94 117 168 76 93 21 15 180 109 141 155 56 109 88 91 83 136 89 65 53 135 135 41 110 142 66 90 173 147 109 49 150 175 127 69 187 125 76 86 92 194 110 53 78 112 144 127 68 30 114 129 122 149 83 101 152 172 84 30 65 86 160 72 53 147 107 82 14 80 185 161 104 127 112 159 98 131 104 45 99 135 57 158 110 131 82 169 48 117 130 115 66 80 83 176 107 
88 44 37 113 97 130 144 149 101 131 98 155 122 103 117 73 128 65 106 140 61 107 53 77 3 41 133 22 108 100 182 118 41 76 128 42 81 115 87 99 96 47 65 67 89 82 131 102 138 128 39 78 106 146 29 110 124 78 38 81 113 57 64 150 92 103 44 176 103 133 119 98 68 139 180 99 184 28 122 135 10 61 73 180 8 74 185 154 60 107 104 26 113 128 129 101 69 127 110 
75 83 107 134 98 57 46 132 148 185 107 76 96 19 131 122 131 56 24 37 133 79 65 137 81 86 111 167 150 2 80 181 166 129 84 163 172 132 90 52 124 99 62 24 67 24 141 68 56 102 156 20 132 95 126 102 145 74 98 30 148 121 100 183 64 109 142 149 7 85 138 92 105 116 95 90 135 149 126 154 100 55 16 99 115 138 146 17 60 76 114 50 182 120 181 115 23 119 111 
75 115 131 31 164 67 146 131 69 84 133 121 82 107 127 74 102 88 149 103 81 53 63 72 125 103 165 51 92 37 129 109 69 125 177 36 122 123 117 44 111 106 71 149 160 113 48 133 128 142 35 99 136 85 90 168 101 129 82 51 100 17 167 87 173 79 124 30 116 55 174 76 56 153 172 30 119 68 54 149 87 128 25 80 63 86 53 141 109 132 91 16 59 109 90 143 41 69 74 
164 74 70 24 138 139 65 58 66 110 89 102 47 78 170 16 109 94 95 74 98 109 131 3 70 66 69 72 87 147 133 89 107 110 128 120 114 125 138 86 154 31 43 141 68 99 22 132 146 86 98 33 107 162 136 45 118 149 60 140 72 149 153 91 101 73 91 30 74 100 135 67 104 102 76 97 98 90 97 133 127 116 112 58 150 65 32 147 65 109 96 111 71 107 57 17 107 66 98 
119 24 64 2 121 89 136 82 124 110 93 109 166 76 167 102 113 145 34 60 106 100 166 167 12 78 34 136 111 161 159 85 101 91 125 137 140 90 137 100 128 58 135 73 50 96 129 100 112 82 89 28 103 155 92 113 27 139 42 106 79 75 140 94 52 121 127 56 36 134 144 93 145 85 79 110 20 133 80 58 146 111 99 16 80 155 36 103 76 147 154 133 60 63 156 91 112 68 64 
169 96 95 71 132 134 97 61 98 86 179 68 54 125 150 48 101 70 21 125 133 48 186 105 157 50 69 168 67 84 117 107 128 166 165 119 81 90 108 84 169 111 67 97 53 140 105 76 163 160 77 83 114 76 97 165 140 64 78 108 86 119 161 104 125 95 10 118 120 63 96 115 150 82 152 32 188 105 110 132 157 102 173 172 114 97 124 47 84 120 22 118 77 91 45 61 39 143 81 
85 133 159 101 75 117 111 39 91 134 155 73 135 94 126 97 96 178 53 172 12 132 128 100 98 91 151 70 137 105 90 105 50 152 165 133 53 163 84 35 49 186 67 16 174 117 143 106 55 107 135 70 88 53 63 94 103 76 59 42 41 22 111 119 112 180 131 118 139 139 90 169 66 22 121 78 72 70 153 133 117 31 173 127 93 68 131 34 82 72 74 40 44 120 113 24 48 181 88 
96 57 111 120 52 63 47 40 89 70 80 96 95 60 27 18 75 105 88 108 131 176 40 151 96 102 68 118 59 77 70 76 23 67 125 178 44 55 121 8 103 125 61 27 69 191 111 126 128 164 104 101 137 115 167 104 79 40 99 86 117 105 52 93 100 130 189 132 112 105 140 131 113 109 41 41 136 71 158 68 44 124 44 138 111 171 61 168 123 184 88 167 173 105 129 60 11 130 196 
147 175 131 30 68 69 162 53 172 120 143 90 104 74 81 146 162 106 117 146 138 180 53 184 114 28 60 35 133 30 20 10 75 103 82 157 167 98 168 23 42 106 129 23 115 99 43 101 120 84 133 104 81 31 139 68 145 144 159 43 95 80 48 125 175 151 39 120 181 74 117 36 107 127 108 119 97 96 100 177 88 128 22 115 82 86 106 67 87 100 148 132 116 62 141 109 90 141 144 
44 60 87 67 144 147 112 61 104 115 107 89 139 95 113 154 112 121 143 73 101 97 89 128 132 52 101 31 30 89 93 114 165 105 97 85 76 108 18 13 78 131 45 56 158 94 92 86 118 177 113 180 68 83 163 103 147 34 119 142 112 106 77 83 62 140 111 150 52 107 178 137 84 44 53 109 101 152 5 92 29 53 90 102 45 59 67 93 164 105 26 105 181 44 153 70 117 166 150 
79 127 33 145 56 84 82 133 76 52 18 81 111 40 122 115 36 53 81 89 139 146 149 122 59 68 47 75 148 79 128 80 75 168 119 122 113 166 2 94 32 79 180 42 131 56 83 135 151 172 161 151 161 92 30 44 90 114 146 116 150 114 170 52 79 61 120 76 90 109 81 64 57 62 180 166 53 82 128 173 19 119 49 104 121 75 69 55 97 57 53 125 95 130 105 152 110 63 19 
104 183 116 114 104 139 109 143 103 26 172 170 65 136 120 100 110 130 16 155 91 113 125 149 152 112 152 90 131 57 22 23 169 98 48 78 60 72 75 116 102 142 105 130 197 152 85 89 129 102 56 151 79 103 88 115 103 162 103 125 129 168 168 164 56 169 102 196 153 132 146 62 153 74 32 133 127 83 90 117 14 105 69 61 77 166 175 81 103 114 116 83 22 132 112 62 100 148 131 
141 101 116 80 72 111 156 98 142 42 171 99 131 115 105 63 95 61 108 65 21 70 146 119 117 157 70 50 65 24 113 128 81 192 127 108 95 80 85 141 17 130 13 109 172 114 165 118 132 168 105 28 92 78 113 110 30 129 135 126 113 152 132 148 110 48 114 45 57 42 90 96 28 160 120 96 27 115 81 65 93 63 42 83 10 101 90 117 47 89 66 164 149 83 111 128 96 34 17 
87 161 50 91 69 78 91 119 153 110 161 141 155 71 126 108 71 155 125 156 97 113 129 154 75 133 103 169 51 105 71 88 36 166 161 130 34 61 190 94 119 103 130 107 157 146 60 164 178 188 47 95 145 40 116 41 162 133 22 174 50 51 140 122 22 82 69 156 38 67 79 120 96 101 74 168 118 72 76 29 70 70 65 105 78 21 95 35 118 91 95 102 55 74 25 75 173 137 70 
124 149 123 154 87 75 72 58 98 154 168 119 124 25 113 25 107 77 62 76 109 78 103 74 96 150 77 149 163 98 99 110 160 88 139 92 89 96 104 57 92 130 165 120 147 183 89 186 56 134 159 117 110 148 173 112 158 59 88 37 107 58 114 48 84 159 122 6 120 174 144 115 153 141 69 109 84 66 113 80 138 42 112 123 116 129 20 160 119 116 67 145 98 11 70 51 44 118 89 
40 55 142 82 167 127 104 102 129 155 147 124 155 130 84 59 131 83 101 146 10 48 106 93 98 5 161 174 135 155 140 164 70 104 66 133 166 108 102 34 163 81 128 119 89 103 179 59 30 27 113 93 87 46 78 70 155 63 38 38 139 14 132 172 164 128 25 114 68 63 139 63 93 132 152 66 89 30 105 123 125 55 92 80 85 142 35 112 101 55 129 31 92 7 172 140 97 116 72 
126 81 155 194 146 58 113 179 16 38 107 173 165 103 80 115 68 70 122 60 90 101 68 102 161 108 115 33 149 21 148 110 56 87 72 89 23 194 83 133 144 174 125 56 47 114 110 41 124 107 152 91 105 106 81 146 168 94 121 60 135 82 39 141 25 148 104 105 102 166 118 193 118 170 44 92 35 141 179 114 129 64 80 110 186 122 116 108 154 29 65 107 17 42 129 83 64 93 22 
98 31 75 89 79 138 9 101 183 92 174 95 97 97 103 125 117 131 33 166 73 24 71 58 52 52 174 24 33 78 54 131 77 103 161 85 55 133 49 86 108 51 54 91 150 156 148 41 169 164 121 93 106 38 164 86 125 71 153 167 115 108 178 103 120 78 118 144 83 99 67 177 90 31 126 121 108 178 102 121 89 59 55 160 141 77 56 95 100 42 142 110 112 31 3 101 139 108 62 
67 125 144 163 165 149 167 55 92 47 130 170 127 76 60 85 97 156 108 53 104 118 63 92 82 68 148 145 79 72 117 103 123 28 40 106 121 147 40 73 95 105 47 38 76 118 159 127 44 87 45 105 96 99 51 65 49 83 130 131 87 115 18 90 130 53 120 91 133 93 175 85 124 32 133 73 94 123 75 51 123 145 105 144 139 109 115 128 149 141 78 90 134 106 93 115 131 96 8 
70 100 71 63 123 127 148 106 188 171 81 73 116 34 88 74 118 160 120 115 126 119 55 84 184 46 91 86 124 119 63 140 89 163 151 30 90 89 163 79 76 117 95 101 105 171 48 131 194 113 42 122 181 109 89 63 43 124 43 164 87 169 124 158 128 87 122 174 153 154 150 72 91 146 94 58 132 127 62 161 77 171 88 123 99 195 116 75 95 72 120 56 41 126 127 95 153 66 70 
194 112 135 185 103 95 96 64 104 185 156 161 169 105 128 121 158 58 121 128 145 158 90 120 72 122 162 58 69 64 128 95 57 12 80 49 21 83 78 18 75 130 92 149 32 128 57 120 131 181 107 58 120 63 74 97 70 28 42 88 165 151 90 101 30 132 114 143 117 98 101 59 131 181 42 52 133 161 41 134 189 158 179 49 101 144 87 66 145 122 186 63 106 123 160 128 186 65 139 
102 168 86 104 101 115 96 106 92 151 83 130 159 26 100 169 118 144 151 141 102 85 63 45 113 125 184 160 63 136 143 55 96 162 39 129 113 104 127 172 101 126 109 80 95 162 148 118 122 35 141 37 142 130 121 97 86 139 69 137 108 46 97 137 89 73 98 33 41 145 159 54 80 21 155 123 98 160 131 51 144 161 74 63 22 110 51 1 121 38 154 53 96 173 93 9 84 152 69 
19 42 163 93 164 35 91 53 123 87 67 135 152 155 114 144 89 183 163 140 116 80 76 58 102 143 32 74 161 75 76 138 85 96 159 144 151 178 127 77 41 120 132 153 114 140 132 113 78 136 109 61 52 136 159 90 105 38 97 85 128 112 62 77 93 56 160 128 98 9 119 148 89 31 93 99 113 94 66 184 80 91 142 83 80 81 39 41 103 96 157 147 112 154 63 134 103 76 133 
168 162 44 46 197 103 52 135 48 65 106 112 178 75 16 175 146 48 55 101 64 70 97 92 133 110 161 94 67 119 126 148 68 46 123 42 80 64 122 42 142 63 101 109 103 164 103 19 112 75 40 52 58 30 24 74 104 135 112 154 143 107 33 76 114 92 89 55 148 18 113 63 78 103 76 45 137 56 89 119 109 123 118 104 127 62 95 147 120 132 105 51 185 112 103 102 18 135 63 
159 83 31 181 178 152 81 62 161 48 70 126 97 130 95 142 189 79 67 76 54 55 93 99 120 107 121 128 191 78 114 62 88 94 125 82 144 124 47 150 151 115 60 96 100 60 89 6 115 83 91 106 76 119 49 53 64 104 56 77 179 179 117 125 98 52 97 39 42 101 74 174 116 108 157 43 74 114 151 126 17 120 135 77 88 35 91 55 81 112 172 105 128 127 89 165 159 121 61 
99 168 167 103 142 141 111 171 144 162 112 103 83 65 35 98 133 84 71 61 11 61 163 146 136 100 69 82 55 182 101 80 131 78 107 65 43 77 139 156 58 81 129 70 56 126 134 110 117 110 75 141 80 90 78 83 146 21 28 38 104 107 135 146 36 84 86 18 167 153 181 95 60 90 52 123 132 88 111 94 86 166 34 105 187 125 25 178 106 63 117 80 41 85 108 38 21 105 71 
82 166 124 67 56 158 46 50 99 128 39 102 149 99 129 32 131 135 60 68 145 124 62 70 68 149 87 92 158 84 132 86 110 112 153 44 106 115 49 101 78 103 96 137 40 59 162 109 122 50 21 71 186 105 48 46 66 91 109 81 150 182 151 58 134 49 82 188 164 74 107 106 8 112 103 111 173 153 135 138 94 84 109 140 20 165 130 129 97 97 83 91 120 67 68 50 111 100 112 
112 135 93 73 9 90 147 154 37 84 44 92 56 103 108 67 58 54 102 87 151 146 117 16 174 162 86 181 142 98 111 117 73 88 84 82 120 178 149 151 173 28 113 92 154 39 93 27 84 70 51 107 89 106 134 65 137 15 93 82 85 75 124 93 88 147 107 101 38 88 125 52 188 95 4 45 190 66 137 112 91 111 147 117 85 103 124 39 132 125 157 74 94 122 94 60 97 115 123 
145 166 71 92 159 166 70 16 84 109 46 102 117 97 64 65 46 67 31 55 135 160 137 50 146 197 62 93 168 181 101 68 66 168 124 122 156 93 96 42 109 114 70 116 84 43 40 80 188 92 130 32 78 129 76 113 98 65 65 35 116 137 79 119 186 99 124 55 140 164 98 62 103 73 178 88 42 90 69 91 161 61 56 123 98 131 19 73 152 102 61 109 30 136 89 28 94 79 112 
65 97 23 104 157 18 75 84 50 170 61 111 33 156 122 102 83 126 39 130 57 117 15 34 146 103 96 71 127 96 34 102 112 150 109 114 23 108 75 79 104 24 59 70 109 102 114 64 69 126 94 123 128 170 143 92 96 129 151 154 114 165 39 35 96 116 45 129 118 91 22 183 68 101 84 104 100 113 148 27 54 57 187 112 134 119 27 63 47 33 85 153 110 92 137 130 41 47 47 
138 76 124 41 117 35 90 102 27 13 90 55 130 126 143 70 84 164 51 138 155 140 122 44 91 73 125 112 88 144 60 124 109 103 105 131 110 184 83 55 69 77 102 58 164 109 89 102 94 26 112 166 92 76 116 61 92 86 60 105 60 74 125 68 82 113 127 157 70 65 165 122 150 62 185 145 72 138 126 15 140 69 115 107 132 40 139 114 101 158 100 164 50 103 44 69 138 149 50 
107 34 84 102 31 90 112 130 132 87 68 51 157 104 155 100 58 69 60 59 165 104 162 7 190 68 56 112 111 132 101 105 106 100 100 55 92 66 52 133 58 139 156 108 96 91 119 92 134 127 111 144 151 60 84 119 116 21 64 105 84 91 88 135 105 153 94 98 71 145 124 116 115 104 100 27 171 74 147 154 141 65 106 149 54 128 105 158 73 132 89 97 126 73 101 48 172 68 186 
