107 153 122 133 136 155 143 26 70 32 150 78 120 165 91 54 148 193 110 133 88 76 52 41 163 72 65 166 132 139 195 116 28 155 71 139 95 98 137 96 144 111 42 143 96 124 134 143 109 109 124 96 107 151 144 144 54 15 158 52 153 96 164 99 94 99 140 175 104 137 170 54 182 120 178 70 111 20 41 135 101 134 139 129 189 99 44 24 111 83 120 125 124 118 93 25 123 104 106 23 
125 71 99 160 137 82 127 88 69 127 180 101 28 84 85 76 70 47 140 99 49 129 190 101 125 37 33 76 61 144 112 151 53 55 128 92 182 113 56 99 69 78 107 92 51 74 92 142 95 131 105 96 111 160 45 110 153 102 62 136 135 113 85 163 42 116 164 102 98 190 129 71 120 191 143 95 113 128 62 47 93 119 138 89 96 85 74 67 75 96 21 131 144 108 65 143 176 150 157 119 
23 148 50 15 39 57 109 46 32 145 98 24 68 103 81 103 50 56 81 77 85 30 57 109 163 115 58 43 117 85 69 112 140 9 127 125 31 94 112 137 21 99 107 69 57 39 87 49 91 80 105 150 63 114 148 110 41 111 161 54 65 86 34 105 53 94 42 72 91 144 132 110 106 51 100 159 83 118 105 51 44 132 43 58 169 42 54 184 121 135 135 60 119 54 155 134 167 110 75 71 
87 117 195 162 95 109 76 96 85 151 97 147 108 96 24 124 59 61 128 84 173 91 69 87 104 20 22 47 44 134 104 107 90 5 180 152 29 70 136 93 109 193 80 11 164 67 113 64 96 90 58 88 81 107 110 134 88 107 132 198 149 73 161 78 136 68 72 31 155 139 135 66 84 77 91 102 109 51 126 99 137 67 170 156 179 106 183 93 55 113 94 100 109 101 71 128 56 170 128 126 
96 95 95 98 125 107 94 128 184 151 42 83 118 46 143 139 143 75 39 126 185 108 15 89 103 85 135 152 110 64 62 112 128 81 95 178 143 98 130 153 75 125 152 148 79 60 34 46 45 115 197 45 108 25 126 157 105 146 75 68 93 194 90 34 108 85 44 56 182 81 148 164 75 45 92 101 53 198 108 130 156 43 136 122 90 117 39 111 162 144 52 147 176 64 135 124 136 18 106 95 
144 151 130 86 92 53 108 94 145 67 121 167 90 36 134 105 66 171 63 120 93 138 36 81 162 85 89 106 107 139 109 87 100 159 111 38 90 76 125 154 20 93 76 78 116 131 117 127 114 103 111 50 121 12 91 114 42 147 122 113 95 37 95 146 131 179 152 66 124 101 160 46 71 146 27 41 67 73 108 101 19 47 59 123 81 69 135 99 119 94 47 84 127 64 139 28 139 88 176 139 
60 117 73 50 84 132 152 81 56 125 157 117 35 66 124 80 102 106 57 139 150 151 100 79 99 146 161 83 65 154 106 125 163 6 89 167 101 105 83 120 82 97 77 77 88 134 67 84 158 123 130 60 161 55 23 167 135 102 107 125 67 91 91 77 145 133 171 74 128 174 104 28 39 175 93 101 9 172 62 137 146 37 101 112 19 130 16 103 131 64 153 83 16 41 95 97 161 80 66 137 
127 61 155 31 166 123 61 49 57 68 78 95 152 133 81 181 146 79 126 74 72 57 138 114 68 103 106 102 54 103 90 69 149 177 46 160 99 180 119 102 139 167 61 78 84 97 140 55 81 49 148 42 128 133 68 67 116 148 99 102 122 93 101 42 172 90 132 103 91 100 105 126 96 107 67 108 55 108 130 119 70 53 98 141 116 42 29 179 55 20 94 102 127 139 104 83 100 156 158 127 
115 85 165 96 121 127 87 63 95 183 85 41 159 175 142 129 120 118 84 112 50 14 60 135 113 110 88 123 125 124 36 78 124 49 99 165 28 111 40 58 29 104 146 91 93 91 89 11 147 125 102 110 119 84 16 2 86 44 22 97 46 61 38 130 72 97 95 114 68 28 196 75 29 55 91 108 64 87 189 149 104 151 181 66 96 129 141 95 142 143 195 116 133 104 77 135 180 138 87 59 
44 53 125 67 149 63 68 49 132 200 72 136 150 161 133 76 129 70 117 153 162 124 127 107 164 78 91 35 10 138 118 75 58 133 66 51 17 101 88 114 166 108 95 127 115 78 111 171 92 117 118 61 32 154 93 76 152 1 95 172 114 108 40 136 92 114 21 149 119 160 97 124 167 81 115 76 93 107 111 121 73 67 82 124 12 121 69 127 121 57 169 89 190 121 163 86 99 68 130 120 
103 114 132 155 168 97 39 112 104 103 102 52 85 94 157 25 24 46 117 124 158 92 54 48 67 160 103 75 177 68 74 181 126 93 50 61 72 131 65 58 58 110 103 82 128 126 66 100 146 41 114 27 107 129 116 166 100 111 54 109 159 117 55 77 95 49 118 121 113 139 190 114 128 110 108 129 110 58 123 54 38 87 108 87 77 121 125 88 69 169 77 49 89 179 147 117 58 44 85 55 
27 158 125 143 111 143 159 76 79 87 65 134 123 148 4 61 103 23 146 24 131 86 55 116 95 140 132 127 21 54 118 39 160 145 146 50 32 112 95 63 152 20 150 76 64 149 156 128 41 77 63 114 130 110 95 141 163 88 74 36 98 13 100 187 90 123 17 70 83 103 132 112 87 189 102 86 94 133 107 55 30 126 62 49 128 195 133 74 156 92 58 47 107 138 64 69 168 51 26 95 
141 137 52 154 77 145 92 84 88 51 74 75 33 76 96 119 66 166 68 18 150 151 100 131 82 100 182 107 90 17 84 84 66 110 82 56 163 72 36 78 113 93 73 44 90 110 176 156 119 65 100 124 112 111 124 55 60 81 79 154 84 64 90 9 114 52 120 26 128 9 79 44 127 100 109 144 81 57 80 101 62 177 52 65 129 93 97 128 137 36 89 112 171 107 37 107 108 37 86 107 
87 93 106 25 82 119 51 98 79 119 108 88 84 130 105 126 35 79 156 119 54 128 166 190 97 92 68 80 92 115 42 97 148 187 38 46 81 98 83 91 101 34 118 91 97 129 121 42 95 101 115 110 129 70 54 107 151 128 92 112 131 120 139 125 99 122 84 144 145 123 92 144 191 39 138 102 125 121 107 130 74 105 89 98 81 101 112 79 37 100 80 141 48 145 50 101 64 69 165 58 
52 63 67 126 134 35 17 65 134 93 86 133 34 57 143 129 95 93 143 116 117 167 126 61 116 59 96 106 73 107 133 142 139 71 52 14 109 94 80 136 126 102 123 9 69 108 64 67 118 85 71 50 162 113 56 165 92 84 172 32 117 132 46 151 103 74 58 148 103 101 63 145 69 165 132 69 66 95 123 116 101 98 158 107 98 56 168 153 123 125 181 47 82 13 134 82 72 68 93 88 
125 58 191 66 161 23 174 69 98 108 173 104 70 28 59 110 25 52 58 157 91 105 178 71 107 106 86 94 180 175 89 191 123 86 39 133 118 162 132 71 98 101 187 141 33 190 97 9 63 53 85 65 44 163 98 119 58 116 157 115 96 185 63 61 65 143 158 60 55 124 151 184 114 98 90 59 141 71 86 86 103 96 50 185 31 146 53 106 35 89 153 112 66 82 43 142 79 121 72 119 
84 27 147 59 51 59 105 61 132 175 85 137 125 98 107 37 110 50 128 73 120 90 87 156 178 105 162 131 28 104 121 95 104 118 52 137 73 102 95 103 62 73 21 37 104 113 113 109 98 96 173 108 124 121 131 106 48 42 39 90 152 57 99 119 71 24 74 50 13 76 167 132 84 89 123 132 138 36 27 112 24 58 76 112 52 165 129 34 27 142 80 59 29 8 161 52 126 60 174 63 
50 85 43 103 23 43 54 75 86 127 7 102 85 75 89 30 74 52 102 15 100 83 34 74 131 114 149 75 121 103 91 64 148 128 79 118 39 108 128 146 63 152 140 61 84 115 128 187 60 131 126 90 127 158 115 139 161 145 36 127 100 190 112 144 100 112 123 98 96 36 113 120 175 31 172 158 123 158 165 96 181 134 60 114 112 121 84 93 80 120 123 56 172 132 162 86 123 30 118 109 
92 103 91 173 145 48 95 106 79 117 152 44 91 80 138 124 80 96 109 111 56 161 126 43 135 123 88 27 79 128 156 44 123 98 34 140 163 142 50 3 123 120 163 82 74 59 121 69 103 141 108 183 147 52 60 173 91 157 109 93 136 126 20 172 129 123 103 59 103 86 138 185 183 104 111 169 82 136 105 185 73 92 146 80 116 88 75 32 145 83 131 27 105 117 126 132 102 107 59 53 
75 124 162 83 108 122 96 127 31 102 169 101 75 36 196 153 125 111 43 123 151 99 86 120 95 57 60 111 161 158 4 32 108 69 15 74 98 154 92 89 85 103 81 61 104 134 47 128 185 147 142 118 78 111 43 68 77 171 143 110 118 137 17 71 53 84 114 67 113 139 75 109 168 95 148 161 23 74 109 150 168 130 64 121 124 80 111 164 35 70 132 130 124 122 148 100 78 109 117 118 
59 133 117 53 48 157 84 110 67 38 99 117 37 136 162 138 125 106 139 118 105 181 81 65 77 145 150 101 119 73 64 19 158 78 68 119 113 74 158 95 100 92 132 49 138 82 192 71 141 94 107 128 156 175 121 114 164 147 52 163 64 95 86 96 163 79 117 73 127 116 90 107 104 84 106 110 62 82 114 46 58 139 127 138 102 66 69 63 58 38 61 92 13 64 154 96 52 107 48 109 
153 185 115 24 93 132 43 187 32 49 96 67 56 29 120 163 105 50 115 86 98 113 28 88 126 101 66 115 81 98 110 142 126 98 18 183 80 95 22 140 124 96 116 68 119 64 26 147 95 144 143 17 71 93 96 102 77 40 62 91 105 180 50 173 11 78 43 79 93 9 81 79 114 82 119 180 63 178 93 131 137 80 109 125 123 154 123 78 114 90 143 153 44 45 109 81 20 116 33 92 
124 44 149 34 86 164 46 127 96 89 145 26 132 39 94 74 97 93 116 93 128 163 159 124 80 4 124 115 35 52 91 21 130 17 94 137 118 92 128 61 112 131 129 10 94 157 84 116 66 30 169 62 81 82 61 186 121 39 140 63 152 106 41 56 150 86 97 182 83 176 118 115 171 106 146 65 150 82 139 77 48 107 127 48 78 82 116 171 54 149 190 95 138 15 30 109 50 72 96 84 
121 96 98 161 94 90 59 105 149 84 38 110 118 70 104 111 88 102 159 50 35 151 12 174 5 145 53 160 115 82 136 90 57 109 117 120 107 136 130 141 75 92 77 64 182 152 58 57 120 25 100 67 25 95 132 109 108 173 114 106 119 151 67 150 87 36 121 40 114 119 64 21 176 105 144 140 139 124 45 48 16 145 55 79 56 43 91 164 45 98 115 109 51 101 142 79 31 99 100 108 
164 111 146 111 103 82 55 92 92 144 102 170 120 96 102 67 32 132 46 169 105 120 145 112 92 83 16 125 6 114 114 57 136 79 73 94 74 157 120 92 115 42 93 51 83 73 81 131 130 82 69 147 51 84 50 101 98 173 96 106 78 83 36 72 139 125 109 139 96 47 117 28 103 181 78 66 54 112 48 102 107 74 138 141 58 40 123 91 83 109 88 45 74 170 72 104 155 175 142 51 
127 156 60 54 146 164 46 67 94 126 139 12 76 96 137 85 75 177 86 90 48 92 87 55 89 175 134 28 143 181 156 113 99 87 91 160 144 70 109 126 123 106 160 85 95 31 102 30 92 74 76 172 78 84 193 159 69 79 55 88 55 146 107 116 173 148 77 57 138 183 72 24 120 76 103 26 102 110 136 180 75 61 116 123 39 63 98 63 110 186 121 129 77 103 173 77 69 87 151 178 
66 133 96 68 80 98 75 185 81 65 127 85 101 100 132 134 107 107 170 65 115 107 100 130 112 53 166 118 118 87 88 90 135 151 55 129 91 112 107 183 95 180 111 84 34 71 138 67 100 53 134 162 129 93 74 121 112 55 67 97 56 92 119 24 157 58 101 112 58 94 93 135 176 162 112 82 110 106 109 144 181 130 142 104 28 136 92 22 71 88 146 137 155 52 111 160 107 106 66 89 
105 88 152 100 88 114 78 124 90 122 143 166 116 125 125 43 164 145 100 192 51 170 121 140 77 103 111 73 64 109 103 122 171 116 62 109 75 139 108 152 118 116 129 129 107 88 33 92 153 115 70 41 87 68 151 36 177 77 83 86 127 174 127 130 65 94 134 115 142 16 147 73 81 179 108 146 128 120 58 150 98 180 42 79 149 146 64 44 106 24 150 136 92 167 122 42 53 72 168 88 
2 68 95 86 62 84 138 98 115 120 18 174 85 76 125 89 139 57 122 45 95 171 44 71 166 148 91 28 106 133 51 110 101 137 107 64 132 185 139 152 91 114 101 99 117 144 41 63 171 150 60 59 124 100 113 46 164 156 133 98 86 99 156 145 108 106 120 43 99 121 119 147 48 76 145 144 174 59 62 47 65 31 126 117 68 145 24 90 48 87 149 153 61 90 55 105 47 31 110 129 
32 137 82 77 137 123 103 68 134 64 150 63 166 67 148 110 148 126 94 157 28 89 170 84 46 195 48 37 102 67 21 130 144 95 79 153 77 104 123 125 183 148 45 74 68 126 73 169 181 125 114 78 124 91 64 84 103 143 116 134 122 111 100 85 91 166 74 162 76 72 78 91 124 168 118 141 134 79 115 166 40 106 134 83 47 90 133 99 65 24 112 98 161 56 113 128 80 48 118 46 
97 85 95 175 97 116 92 156 141 137 90 77 157 77 30 119 151 97 121 154 152 80 158 96 175 64 120 115 84 117 156 23 64 87 49 140 152 108 177 125 53 81 1 128 25 60 98 136 67 142 125 121 74 95 85 115 37 17 70 70 26 85 54 51 92 101 100 108 17 165 163 112 111 114 101 162 99 27 54 45 121 164 68 125 145 61 37 83 146 118 167 102 134 56 139 81 59 78 139 180 
139 40 53 43 69 107 26 107 97 167 74 170 44 91 12 162 93 91 80 100 160 27 99 99 32 136 130 122 63 106 106 38 104 7 94 85 54 101 133 85 112 174 96 117 137 69 150 112 103 33 116 90 95 131 150 73 82 150 86 139 64 98 116 150 171 135 160 8 116 111 79 57 38 117 134 125 166 96 55 22 112 82 140 50 156 83 103 124 164 132 132 127 114 63 82 41 115 103 61 161 
199 100 44 129 134 108 29 124 110 57 114 82 106 132 85 163 69 145 49 96 16 14 123 45 92 77 143 97 116 153 103 141 81 119 42 86 116 88 68 24 178 63 90 87 161 95 105 75 160 91 119 35 83 86 64 179 90 102 107 89 51 169 91 140 72 155 46 100 140 53 78 125 141 124 141 144 108 117 54 116 79 57 162 77 103 116 35 113 113 93 57 140 126 86 106 110 114 116 73 88 
112 103 85 118 112 123 80 97 77 46 100 65 135 95 57 132 107 93 147 55 80 10 160 102 63 115 46 175 124 152 14 72 124 37 94 139 70 132 63 103 106 107 110 98 96 160 73 57 171 167 58 9 178 118 199 57 130 95 59 83 104 185 127 94 89 79 92 115 97 91 80 134 197 105 115 63 132 98 78 142 94 101 113 85 107 16 105 67 108 59 87 58 79 115 39 106 89 105 160 105 
86 87 143 101 67 177 155 111 127 67 79 146 97 58 133 135 141 124 46 127 59 75 100 123 32 115 115 125 134 55 52 147 129 48 143 68 74 121 24 114 92 103 142 102 91 98 91 70 39 90 130 118 62 122 179 114 87 75 97 70 95 107 125 54 125 106 29 133 108 10 115 65 127 44 90 40 100 57 76 83 119 55 87 131 107 151 152 145 171 120 109 113 177 167 81 104 69 2 69 130 
130 97 25 41 67 125 41 90 107 176 45 103 101 103 118 53 70 97 95 137 90 169 68 111 114 75 187 128 58 146 119 141 146 74 145 192 192 116 16 89 113 99 91 38 86 138 132 85 59 153 29 105 37 129 94 140 50 152 129 130 169 143 66 49 75 96 11 157 64 87 149 162 86 109 77 107 96 55 124 75 77 176 129 118 37 75 135 124 53 47 34 174 138 123 72 60 131 90 165 115 
90 142 178 153 103 128 59 74 117 101 78 68 85 130 64 29 55 20 56 67 41 168 136 50 145 78 145 100 49 146 121 96 115 76 134 161 91 67 123 64 35 38 98 187 90 94 46 37 96 112 87 165 67 86 71 123 156 79 105 108 111 174 144 60 59 73 153 79 145 126 142 46 187 121 53 174 28 50 112 58 152 111 22 166 124 93 140 69 62 121 88 41 82 14 22 142 145 101 136 60 
118 113 141 87 109 175 31 76 93 41 110 173 25 93 91 48 68 130 167 16 138 107 101 38 104 103 105 133 64 102 139 94 128 87 18 76 63 167 125 126 71 121 73 131 62 132 110 105 34 127 94 191 177 106 22 114 85 117 92 89 86 61 48 79 109 109 164 121 12 139 66 105 116 177 91 50 133 127 119 182 123 143 134 113 106 122 98 85 100 129 58 77 54 104 100 110 81 127 80 171 
114 69 172 26 157 109 104 105 83 68 66 95 123 47 56 94 59 172 106 43 110 97 160 155 16 157 41 110 116 105 74 30 124 164 90 40 80 52 80 85 136 99 92 108 92 63 112 119 106 122 44 130 85 153 127 39 152 98 76 144 112 92 163 175 145 155 72 86 50 98 96 64 91 166 109 46 54 171 117 20 107 86 15 142 124 95 161 16 112 104 70 83 70 119 168 56 38 55 46 98 
80 146 71 99 103 70 94 55 40 75 75 89 95 86 97 70 6 199 122 143 113 77 144 86 73 90 74 55 96 79 67 95 25 131 43 178 105 112 57 112 176 43 81 165 40 93 80 170 131 130 90 24 89 31 88 144 140 68 133 66 68 28 7 25 113 96 98 131 107 85 100 23 127 40 94 40 180 122 66 88 106 169 75 89 95 54 51 119 160 165 108 46 113 63 150 147 95 124 72 89 
59 62 56 101 57 44 173 145 117 93 110 72 42 122 132 51 116 79 113 136 120 10 28 73 60 137 93 71 70 145 70 129 63 139 56 160 123 110 42 109 58 42 108 108 8 91 65 85 139 89 47 86 62 39 97 37 180 137 154 81 47 101 134 56 150 57 90 70 36 81 106 63 68 165 142 96 67 104 123 135 106 118 97 76 20 190 113 155 98 148 128 137 138 142 82 132 149 110 117 45 
112 108 182 149 18 176 143 73 99 87 122 75 12 172 104 26 95 160 126 135 98 69 133 166 81 137 93 99 137 77 135 131 179 68 109 143 139 145 44 131 88 133 125 85 88 75 58 148 103 107 163 108 54 163 150 10 78 56 86 148 136 136 58 94 155 105 76 87 171 109 177 66 38 67 113 106 69 126 53 86 165 101 115 86 87 76 82 107 60 32 52 148 57 86 62 40 163 34 72 133 
150 187 67 86 58 141 151 83 62 117 170 56 66 152 78 166 167 143 145 37 104 133 63 105 86 64 139 107 109 96 108 43 108 125 80 94 61 158 149 103 68 95 64 62 158 138 125 105 88 68 64 88 76 82 145 119 118 75 93 105 72 107 156 68 70 127 98 103 37 55 162 66 47 101 92 28 99 49 88 119 3 26 104 91 134 28 108 63 65 179 92 52 63 136 113 148 120 167 159 115 
58 129 121 145 59 69 171 110 73 112 30 104 163 72 91 61 95 129 54 131 45 105 106 138 151 132 56 95 40 167 155 160 74 148 111 117 18 96 124 47 94 135 173 176 182 125 109 72 81 126 172 196 62 4 94 51 105 97 54 147 87 106 104 94 157 40 130 129 131 105 81 62 86 170 107 86 151 113 87 130 96 149 88 58 41 160 38 134 77 52 131 128 92 158 128 80 94 109 130 62 
129 196 90 88 148 103 7 163 81 135 167 90 67 58 46 140 70 109 69 144 149 102 42 127 63 64 113 122 69 107 92 56 145 44 64 152 145 90 93 52 116 92 145 71 48 54 60 10 98 138 76 84 44 101 124 60 64 104 82 46 123 78 159 67 59 66 39 64 90 74 107 92 123 101 152 140 82 106 46 111 124 77 91 90 51 141 125 86 85 62 113 147 108 130 38 139 66 93 99 141 
142 95 118 40 152 85 112 76 100 122 102 63 105 97 55 54 132 118 122 159 131 174 122 121 32 106 103 35 82 145 95 141 93 142 88 106 156 30 99 83 17 107 53 57 84 155 171 154 127 77 136 114 86 87 32 121 166 113 100 42 123 145 5 64 70 160 85 117 125 87 92 92 113 40 75 66 78 82 144 160 69 77 133 117 48 113 39 41 161 98 108 73 71 77 82 65 107 29 71 51 
74 35 53 71 66 117 67 80 138 85 144 160 121 17 150 53 112 62 74 124 142 137 65 159 115 99 117 76 100 110 13 113 91 43 21 69 183 71 149 112 114 113 168 76 144 47 92 87 80 136 91 91 62 92 112 138 120 128 62 70 80 121 165 186 93 106 69 37 151 153 155 134 72 175 181 97 137 77 140 155 101 109 78 153 56 108 123 126 146 184 124 144 75 72 134 44 106 65 113 138 
91 112 99 98 52 145 34 116 91 108 174 78 85 141 99 119 15 114 55 54 152 90 181 29 134 39 105 93 181 73 59 107 87 123 101 99 89 99 134 109 79 31 61 38 113 169 109 96 127 76 115 143 39 39 147 143 110 84 110 132 103 22 73 72 89 88 141 77 64 61 135 133 82 89 70 99 166 101 186 155 47 21 123 117 77 96 130 84 131 32 103 123 44 86 65 85 100 90 117 80 
65 82 94 59 81 148 125 83 150 59 123 126 173 52 66 83 117 23 110 35 113 136 115 41 9 97 150 170 139 88 62 96 47 83 64 79 35 118 23 90 120 42 117 22 104 147 135 109 23 102 117 72 139 52 14 75 134 53 106 59 155 38 110 114 83 63 145 128 112 186 80 129 142 127 80 122 122 163 84 61 97 124 105 127 155 119 108 116 82 160 98 16 38 132 88 96 106 53 59 121 
76 114 64 171 136 49 126 88 86 139 122 111 89 28 70 125 131 118 36 124 105 140 77 90 146 50 51 84 88 15 133 161 113 21 62 83 58 185 95 101 111 136 135 120 21 6 129 8 21 68 123 73 92 66 93 126 91 25 79 56 127 154 94 107 101 120 143 149 62 93 31 91 156 181 70 81 41 101 58 38 129 145 111 98 128 67 32 173 168 115 100 39 103 93 83 87 112 95 119 89 
149 128 145 159 115 153 62 89 110 165 171 36 111 114 86 89 110 29 116 50 50 95 46 110 67 97 69 142 80 91 130 103 86 138 142 105 120 81 137 115 163 44 117 111 146 120 157 117 133 39 148 118 173 69 81 77 33 51 44 122 89 148 150 79 50 85 177 103 167 163 101 48 98 101 71 150 106 42 108 138 60 191 73 94 76 100 80 6 110 109 69 138 157 84 67 37 109 101 129 102 
15 42 71 70 78 149 77 159 123 110 76 109 80 165 127 125 112 27 124 64 87 158 105 70 152 111 138 157 59 58 59 125 74 96 178 107 133 139 27 86 155 135 112 127 158 79 92 127 113 69 89 144 43 185 69 111 64 73 64 75 70 37 142 159 64 130 70 86 82 96 98 97 112 62 30 74 89 156 139 62 69 72 152 72 57 121 57 112 151 48 80 99 52 75 72 191 117 148 94 102 
160 150 100 136 15 94 103 118 144 53 124 109 173 151 103 158 197 78 85 46 79 128 83 85 147 91 49 63 61 41 27 114 54 94 91 11 107 108 104 82 126 135 39 108 103 127 90 152 90 41 75 166 90 44 85 102 147 70 84 147 123 43 102 169 107 155 155 25 83 106 51 64 11 126 137 93 51 117 48 127 110 53 58 194 28 84 182 48 86 111 100 152 29 82 79 94 113 72 86 173 
132 126 135 53 140 88 128 108 109 106 160 170 164 86 42 84 125 41 91 148 101 55 88 149 109 108 41 77 154 79 122 93 101 179 188 94 158 107 91 19 65 107 57 41 12 145 123 103 142 142 66 102 114 74 96 102 49 95 146 98 40 112 151 104 152 115 111 99 77 35 83 71 155 89 102 142 59 86 51 65 98 96 83 170 110 141 110 162 106 97 172 137 97 42 28 91 76 165 177 95 
60 107 87 70 129 15 100 108 83 83 101 64 106 165 95 74 121 143 74 144 85 95 184 105 186 134 126 14 118 44 72 111 61 104 87 128 98 107 152 104 105 62 67 129 113 86 75 117 67 107 34 170 85 94 134 25 53 153 78 130 127 92 119 118 103 71 169 132 109 41 98 151 85 94 137 90 92 67 126 140 115 164 123 135 83 86 29 74 40 112 42 126 137 49 92 149 124 97 113 23 
23 68 54 106 168 125 106 181 114 76 114 118 141 113 50 104 129 75 141 92 33 23 122 118 125 132 165 98 114 141 113 81 79 17 77 159 97 34 96 161 76 74 104 136 99 54 65 125 74 116 69 159 85 50 158 109 123 105 118 100 97 71 51 122 2 60 185 97 159 152 181 120 101 87 124 155 187 169 103 107 122 92 82 101 20 98 184 119 123 70 80 123 64 123 117 121 133 108 116 66 
86 30 89 14 64 65 98 47 17 80 119 182 181 103 83 128 93 126 103 52 163 141 140 47 104 97 146 66 112 119 57 106 45 32 60 144 123 152 162 81 94 128 131 115 94 123 83 133 40 73 95 88 31 76 118 189 53 30 26 153 55 98 124 32 75 80 109 183 85 151 165 82 134 43 115 185 115 149 93 125 81 21 102 78 146 115 103 70 41 84 80 111 101 185 149 135 39 120 48 86 
165 187 98 166 27 167 97 125 90 64 45 66 21 86 77 107 177 122 14 123 53 38 88 107 97 60 79 97 88 73 101 147 146 93 167 31 148 69 162 95 133 138 119 101 122 142 106 66 54 22 76 142 155 64 121 40 174 78 68 76 170 68 133 55 169 59 83 77 127 76 175 78 165 96 66 106 178 91 66 131 81 118 108 167 80 180 66 99 48 74 120 110 83 14 72 156 115 171 74 90 
27 150 98 114 152 140 35 136 116 112 79 98 120 69 89 85 118 154 77 74 70 145 170 7 116 104 117 137 77 55 73 94 175 93 159 78 182 151 99 167 56 51 102 179 91 43 191 70 64 183 151 127 59 166 40 96 77 83 150 122 32 32 67 45 102 179 85 105 174 157 113 55 133 122 108 34 109 77 114 29 86 137 108 68 103 52 68 74 87 68 70 176 91 50 111 87 97 77 89 110 
106 111 150 75 134 143 127 48 156 81 147 105 67 104 147 70 61 24 100 124 144 86 120 133 102 144 86 87 79 96 141 46 45 97 106 100 101 144 118 44 60 119 174 128 103 75 90 66 131 170 102 68 73 38 158 129 79 36 174 185 106 94 89 97 85 39 117 46 58 40 135 46 89 31 114 35 108 82 39 55 116 109 62 77 119 50 136 86 112 127 88 40 126 67 107 103 126 63 22 90 
116 107 51 143 49 53 99 110 16 80 56 83 32 93 111 68 105 110 59 80 47 149 16 87 42 94 29 96 77 45 59 178 102 71 95 140 155 137 92 126 159 25 92 94 60 49 52 98 174 76 105 88 73 33 124 68 82 47 47 130 94 136 72 108 88 60 126 131 31 35 114 134 102 92 121 174 28 117 80 110 162 154 113 34 130 61 91 77 75 68 106 149 71 77 89 70 165 26 76 105 
135 102 77 34 31 77 100 81 130 155 142 90 67 133 89 73 35 93 110 108 75 55 30 90 44 62 101 90 118 144 94 43 139 80 53 65 145 129 137 71 104 48 108 117 170 11 145 69 121 75 140 74 107 59 128 113 122 127 81 17 57 89 21 113 122 167 90 5 105 84 88 143 59 117 62 97 54 163 74 154 73 149 72 121 83 84 68 124 105 53 50 83 79 60 155 140 146 186 101 75 
113 110 60 123 85 59 140 114 55 59 80 103 23 78 88 136 95 50 180 82 132 143 106 161 136 104 85 73 99 153 134 88 111 48 41 76 70 75 156 87 136 79 131 32 146 58 129 22 71 52 126 132 88 131 78 148 135 111 118 72 111 171 112 112 157 99 169 46 98 94 37 95 81 66 128 101 137 75 167 97 101 6 100 112 115 121 61 136 127 113 119 36 108 132 72 95 103 134 57 53 
41 70 184 167 107 167 92 155 125 135 158 54 145 122 165 103 110 78 120 80 64 122 56 161 58 41 85 133 147 89 137 14 47 156 70 125 124 132 49 77 100 44 95 67 53 67 158 54 167 71 100 114 105 157 62 84 15 58 96 47 94 15 24 112 148 122 137 38 143 80 87 134 176 148 82 64 136 109 104 97 80 102 148 137 117 48 66 110 175 110 63 93 96 72 78 143 27 158 132 36 
68 74 156 95 122 117 165 66 91 144 181 195 86 136 48 125 118 113 183 69 103 89 65 110 79 102 95 98 67 147 94 152 84 71 122 139 163 83 67 81 167 138 89 52 94 117 76 43 184 147 40 33 147 87 50 104 177 82 120 41 106 128 72 86 136 151 96 72 156 126 75 74 156 31 93 150 76 72 29 65 133 87 85 58 103 84 61 50 94 50 17 88 186 133 112 132 31 105 83 94 
156 44 176 92 113 133 67 124 59 80 184 79 118 84 64 100 160 21 68 139 190 124 112 103 95 93 195 168 123 100 73 95 91 123 94 36 84 79 126 38 169 114 155 155 103 98 118 88 33 140 114 139 123 118 176 85 52 158 106 67 63 100 150 73 80 72 49 54 175 118 100 185 53 90 95 73 135 164 131 151 72 31 32 79 152 63 89 145 122 155 33 135 122 137 123 113 32 73 93 123 
35 134 120 99 110 73 104 105 106 166 77 58 103 65 178 149 91 128 120 48 46 34 157 84 137 140 91 96 68 132 122 137 122 92 81 156 30 190 109 180 89 69 114 75 90 125 89 97 149 84 163 121 147 93 76 89 84 42 57 39 122 90 142 105 106 108 60 101 4 128 98 92 96 147 152 136 64 158 155 26 82 132 41 58 78 87 76 93 98 140 131 128 178 132 59 120 35 68 97 68 
192 116 81 27 89 45 61 41 64 150 141 94 33 68 66 109 87 132 79 95 36 180 78 123 82 69 128 17 72 42 82 97 138 118 69 46 73 54 106 107 49 115 147 74 14 158 111 130 187 53 98 100 41 45 121 93 136 80 63 85 88 148 114 98 128 28 105 82 60 74 79 135 91 74 157 115 113 91 168 115 88 99 102 101 78 150 62 107 91 160 97 14 157 161 78 132 23 171 128 89 
178 86 19 46 190 89 36 197 130 63 118 61 28 90 54 134 194 126 160 84 68 53 123 91 97 144 136 31 111 118 113 59 120 105 53 133 111 187 123 157 176 42 158 132 92 142 53 78 139 34 76 91 44 130 80 103 120 81 33 82 75 103 52 179 40 114 55 77 130 150 176 104 13 63 99 93 101 121 115 75 53 82 166 120 112 81 93 104 123 28 88 157 82 68 153 118 34 73 107 146 
108 85 144 125 137 138 124 73 99 137 165 27 130 152 107 68 80 15 96 163 110 127 129 32 111 157 136 142 99 157 103 105 74 133 124 117 83 105 72 133 77 156 130 124 138 71 94 87 80 136 136 71 56 157 133 173 125 87 102 116 124 79 73 171 91 121 93 75 36 183 96 70 134 94 158 154 142 120 101 80 88 125 105 159 104 80 85 148 79 39 102 111 36 75 123 59 88 83 123 62 
62 184 73 96 71 105 29 85 49 90 139 154 77 161 81 18 116 145 111 13 99 70 157 120 167 95 101 141 143 37 60 176 174 89 134 6 135 66 124 70 73 174 145 96 112 108 70 132 130 70 149 130 123 141 140 133 28 127 145 155 105 105 107 67 120 156 106 168 86 49 60 53 96 105 89 112 150 130 72 149 140 111 92 64 77 36 82 119 72 43 36 112 23 91 92 7 103 69 109 18 
121 70 65 110 71 65 133 95 9 146 138 107 137 48 103 107 62 165 102 111 51 171 10 36 162 97 196 98 117 75 142 100 70 109 27 93 165 56 160 111 93 102 154 107 53 146 121 53 50 143 32 96 113 15 144 138 89 81 140 77 126 116 71 155 107 102 73 50 81 95 103 89 34 152 114 79 102 163 123 12 12 187 53 182 165 157 163 83 74 178 93 90 162 99 35 87 123 97 28 77 
116 94 109 89 87 143 9 64 130 117 130 132 25 143 132 161 192 48 136 129 65 147 139 99 156 127 16 57 23 30 5 91 127 105 124 70 114 135 46 184 57 187 119 130 134 142 47 121 59 20 114 145 91 82 119 109 128 140 94 65 145 114 172 44 91 54 107 98 154 38 143 15 23 78 96 103 119 94 64 36 77 126 47 63 55 47 164 93 67 126 94 111 150 159 130 191 98 109 81 102 
80 137 111 98 185 147 23 127 137 25 45 119 48 49 109 153 88 90 132 43 45 69 80 143 44 122 60 149 187 134 52 42 105 175 107 25 128 55 62 135 161 118 117 76 113 144 105 144 88 99 139 67 96 142 172 45 38 109 103 56 140 154 85 50 79 120 87 166 84 80 22 126 173 131 80 178 160 93 153 138 96 39 25 155 129 184 116 164 68 136 122 60 169 57 137 113 47 102 111 91 
111 43 68 99 73 96 115 123 104 69 105 48 129 91 50 149 128 112 120 108 56 170 82 133 106 67 57 84 101 149 119 24 47 59 68 106 57 133 59 149 134 95 92 165 40 86 64 57 90 153 69 115 102 39 133 159 172 56 154 51 110 146 103 72 72 118 31 144 92 109 131 104 173 58 66 78 122 119 76 85 163 82 145 124 118 75 146 60 109 49 101 143 51 30 102 82 148 153 139 64 
71 126 74 63 164 101 85 161 84 138 101 74 47 164 69 140 113 57 68 56 182 76 125 82 119 124 106 55 127 106 60 160 118 73 40 121 55 107 132 131 61 90 59 136 63 83 92 57 134 134 160 72 80 166 128 58 70 40 133 54 62 169 98 162 45 160 52 188 80 94 109 112 115 18 65 96 173 126 128 82 101 30 136 192 129 142 35 88 142 122 148 104 57 107 64 97 96 107 127 113 
154 73 73 144 93 136 102 146 42 99 54 52 147 57 35 54 61 172 68 79 65 73 31 190 104 109 69 180 59 123 153 97 107 108 64 167 64 86 131 158 71 125 26 80 161 102 133 58 75 148 80 93 106 105 24 92 118 114 102 112 111 117 88 130 128 114 73 29 122 5 139 127 128 139 83 149 82 121 12 108 104 69 119 104 73 54 18 113 132 182 114 65 100 95 97 20 54 109 179 144 
74 127 42 161 131 78 140 95 95 110 32 26 63 86 66 138 61 130 92 118 140 104 82 45 96 48 146 96 108 25 114 86 127 168 104 176 41 81 40 94 70 170 83 99 165 139 94 30 113 109 80 139 78 142 88 38 84 154 82 93 116 73 74 130 92 109 83 66 154 58 102 43 92 22 106 28 49 117 54 101 96 81 190 150 107 155 72 129 152 111 119 79 106 143 50 17 125 128 57 58 
159 139 112 167 48 98 101 92 103 150 168 158 16 92 163 55 140 104 100 76 89 81 90 183 132 83 63 96 185 109 41 76 59 66 92 127 90 113 80 86 104 33 153 120 50 50 10 149 32 123 64 14 52 118 195 84 86 42 97 146 175 94 51 135 174 168 133 83 87 162 125 145 9 112 103 142 89 59 140 80 52 60 44 73 160 144 98 110 126 142 28 28 103 93 119 117 21 110 135 20 
159 95 98 69 32 79 187 85 187 98 172 94 67 49 132 36 142 155 102 24 105 55 145 24 161 88 51 66 105 62 100 117 66 119 56 153 105 50 87 169 90 139 128 174 83 36 121 72 66 33 149 78 128 150 130 96 75 112 89 107 95 43 114 106 130 63 149 28 107 112 36 144 9 107 104 58 141 91 110 36 88 71 118 119 88 99 78 52 106 129 112 122 152 103 105 147 178 58 101 139 
114 91 128 140 150 136 81 156 160 22 146 111 122 159 128 103 84 102 94 182 128 73 149 151 85 94 72 136 147 0 129 184 93 97 122 109 129 64 137 48 9 58 64 107 155 25 58 65 23 156 87 50 115 134 73 36 137 61 94 79 61 91 72 87 87 191 118 81 90 31 97 32 91 118 25 110 131 70 117 128 83 171 78 20 41 189 103 57 120 45 84 119 125 165 126 129 71 111 95 86 
58 111 137 86 70 70 92 70 114 152 43 62 98 79 155 134 90 60 111 145 20 76 113 76 54 157 119 58 85 128 28 98 130 158 118 152 137 34 80 104 103 99 80 117 80 14 91 120 95 63 106 157 145 55 130 87 123 131 112 92 149 114 13 148 160 135 100 72 193 146 47 88 131 98 150 45 97 57 164 138 54 144 113 125 118 80 150 58 57 79 87 67 76 116 87 48 72 56 154 87 
151 26 130 162 117 119 102 84 110 100 108 120 150 130 53 87 52 146 136 46 127 36 127 118 24 175 161 33 113 104 168 78 82 177 144 139 192 178 88 154 120 94 39 99 102 126 43 149 23 71 82 86 61 154 109 128 81 109 143 78 91 14 171 174 11 133 135 8 103 74 126 126 99 54 135 129 140 161 75 86 72 166 72 96 93 121 126 89 125 67 78 70 173 140 91 103 65 166 90 67 
103 154 154 91 137 116 61 88 96 116 161 81 42 60 34 157 98 115 109 79 107 111 133 108 78 83 69 131 122 148 75 33 142 131 107 158 88 72 104 50 95 168 101 65 165 145 51 115 82 38 88 92 33 92 90 152 111 92 60 30 146 79 16 53 75 131 109 38 159 66 69 126 121 63 67 72 117 76 58 58 103 127 162 64 113 100 160 95 89 139 60 106 133 113 92 84 81 57 89 60 
102 117 80 30 119 74 61 35 111 121 59 73 123 18 106 97 61 83 87 49 6 83 107 139 66 72 119 19 76 78 95 141 97 110 150 26 39 74 116 111 77 113 62 127 164 187 65 137 162 32 153 79 136 13 179 93 100 64 171 132 85 134 135 13 76 163 90 171 102 41 144 149 61 150 59 117 108 106 87 172 147 65 176 81 82 52 106 72 102 15 78 34 40 98 131 150 43 110 173 84 
111 57 159 109 120 56 48 157 77 30 98 42 57 18 31 8 101 66 131 101 73 60 43 164 106 27 93 34 169 40 75 101 94 36 135 127 51 51 44 89 138 106 108 91 109 106 107 135 115 78 163 73 141 74 76 93 29 120 58 75 87 20 71 154 176 120 19 16 80 37 72 91 116 118 74 15 128 112 166 98 160 177 138 86 42 122 33 94 86 140 70 48 52 95 137 139 68 76 81 133 
117 127 79 58 104 120 103 31 195 94 159 49 17 102 98 173 62 123 152 23 114 144 72 59 62 132 140 72 41 155 39 38 79 92 72 22 164 173 95 85 97 101 36 141 127 76 135 118 85 162 111 90 29 103 70 113 117 88 101 165 93 93 135 47 195 38 117 50 118 47 173 101 64 56 177 70 129 82 119 142 189 52 149 48 58 163 41 59 53 160 200 180 41 117 127 127 84 94 149 123 
90 107 120 53 181 32 39 123 69 139 93 103 121 160 47 97 103 146 141 78 103 85 90 120 137 14 131 81 19 123 81 142 76 123 51 104 171 90 103 181 113 106 77 86 139 134 60 64 152 77 48 78 141 128 94 162 23 90 84 77 115 17 108 114 63 87 67 163 48 167 141 90 154 88 153 119 61 171 129 86 18 190 146 102 35 110 54 180 126 59 102 118 87 121 100 155 13 165 88 166 
116 34 33 178 165 45 134 129 30 77 67 18 103 160 100 53 79 73 76 106 141 71 102 36 101 96 123 121 106 38 131 101 68 90 80 75 103 45 82 75 55 92 156 38 150 120 181 104 141 104 43 32 114 134 33 73 158 186 26 99 66 25 87 94 162 101 137 167 139 41 85 116 128 29 177 131 47 44 173 92 78 75 120 29 162 28 100 80 71 94 121 69 16 65 123 184 126 5 134 42 
63 88 19 88 136 76 77 95 36 98 46 149 112 65 155 72 78 116 22 121 91 83 125 14 79 117 83 98 148 61 134 104 84 112 172 31 73 106 96 144 133 26 119 59 48 62 69 28 97 115 90 65 47 153 21 72 145 159 137 33 109 182 69 53 151 67 60 152 129 157 131 49 107 85 81 181 67 21 92 175 53 145 149 55 92 80 77 77 176 165 171 90 152 109 130 88 73 54 27 58 
115 155 95 128 115 96 105 54 56 91 26 114 110 124 73 55 124 47 168 151 179 101 92 95 92 74 103 85 157 139 68 56 77 77 151 74 26 121 93 98 55 90 86 110 54 112 112 10 164 145 80 178 124 93 59 62 125 120 37 157 97 117 51 159 80 68 115 174 72 53 162 167 97 105 68 55 66 86 110 29 151 151 97 126 120 117 172 107 80 58 95 49 140 99 52 109 184 156 93 91 
85 95 10 39 77 83 75 168 110 72 73 161 162 169 100 61 114 51 119 145 95 175 60 89 154 16 148 147 62 138 95 95 126 63 143 71 98 96 135 99 118 102 52 174 146 140 106 66 168 166 170 78 56 174 95 18 67 56 101 74 69 49 145 75 40 78 169 67 89 164 94 168 77 102 114 67 76 116 31 121 86 77 188 183 99 108 159 73 155 84 87 90 51 116 139 80 35 160 125 25 
119 99 110 126 31 130 59 88 84 39 106 93 11 98 79 129 185 96 158 31 112 104 130 162 67 39 48 111 158 145 129 76 50 103 65 164 157 25 117 49 74 115 89 40 108 106 93 126 91 26 84 132 41 41 129 150 4 32 148 139 154 128 126 69 115 49 137 57 181 87 91 33 36 69 84 85 110 106 75 124 118 126 78 180 142 135 102 59 127 102 180 66 98 106 103 79 171 99 119 127 
46 114 168 113 90 87 49 94 142 144 52 139 40 140 66 133 110 40 42 76 127 128 126 94 105 87 129 88 155 124 145 137 78 153 116 83 76 57 48 57 129 88 95 145 88 101 115 84 124 62 96 147 154 64 18 143 133 98 164 51 81 114 153 129 40 51 92 85 20 114 33 87 99 105 3 106 150 150 120 100 64 64 158 187 18 111 108 33 132 80 49 133 106 124 94 68 91 34 100 118 
141 137 86 128 79 30 105 57 155 60 28 118 152 101 73 98 30 19 84 45 150 93 72 97 79 75 65 130 141 82 59 78 113 181 146 118 183 27 80 141 51 45 113 114 85 70 176 160 93 164 86 150 15 128 19 43 103 88 63 20 101 132 103 85 99 54 83 26 115 78 58 118 125 141 155 98 117 160 22 185 149 97 160 77 95 113 106 66 97 127 117 96 50 110 94 129 170 76 154 158 
165 64 103 72 147 47 183 84 130 67 125 81 33 55 148 94 95 102 192 65 134 129 100 74 98 8 88 178 133 77 169 170 154 126 106 50 74 121 125 103 130 132 118 69 157 71 83 27 134 2 135 43 82 57 43 114 165 76 169 114 183 40 117 125 149 118 92 107 130 73 64 86 177 55 115 150 58 113 67 125 48 128 103 9 151 155 56 142 191 95 112 198 50 104 150 109 136 94 68 100 
43 85 143 38 84 75 129 132 94 109 110 64 95 159 145 139 138 21 100 112 133 118 110 143 64 91 37 114 108 131 90 51 149 106 140 178 106 144 143 160 64 108 73 98 38 183 81 40 22 120 77 72 44 107 67 130 73 134 75 89 111 82 159 110 142 114 83 183 102 94 72 106 57 105 174 109 80 119 133 132 116 106 69 71 158 62 128 129 102 23 22 184 99 121 40 85 93 104 154 62 
133 76 134 136 133 129 73 66 100 119 116 127 68 31 72 65 128 113 22 106 116 101 62 96 22 153 53 117 103 137 170 67 113 72 129 58 105 151 83 117 95 89 100 121 124 96 117 93 127 115 64 127 133 128 129 119 41 109 33 92 50 57 19 26 79 113 103 116 160 39 66 44 102 122 138 74 67 77 81 43 85 143 112 87 71 136 79 75 51 46 47 78 94 109 109 118 122 111 107 124 
40 160 130 60 57 29 53 42 43 192 78 79 90 11 131 62 109 116 182 59 25 85 119 43 48 62 133 95 51 71 106 163 149 115 78 132 182 82 102 111 51 68 79 142 112 99 128 68 22 53 53 59 127 64 72 145 120 144 122 96 92 152 138 144 65 129 149 155 90 136 127 105 86 160 60 86 58 74 168 100 32 113 93 46 174 76 114 73 93 147 140 142 58 27 148 93 130 91 101 181 
147 105 96 81 88 178 103 157 77 152 79 109 152 110 63 146 44 71 101 53 173 125 70 140 36 127 104 168 157 66 51 157 51 145 78 79 97 154 94 91 97 17 161 93 149 41 85 123 23 113 32 121 78 100 38 48 93 137 48 128 79 60 103 77 113 33 111 43 128 149 104 111 132 109 124 80 175 34 149 46 123 131 109 79 10 36 136 35 108 65 159 105 43 61 97 67 19 71 166 38 
