1000
1 2 0
2 3 0
1 4 0
3 5 1
5 6 0
2 7 1
1 8 0
8 9 0
6 10 0
10 11 0
4 12 0
1 13 1
5 14 0
7 15 0
5 16 0
15 17 0
8 18 0
7 19 0
3 20 0
14 21 1
19 22 0
4 23 0
5 24 0
8 25 0
24 26 0
10 27 0
27 28 0
7 29 0
8 30 0
24 31 0
16 32 0
1 33 1
33 34 1
24 35 0
14 36 0
36 37 0
37 38 0
28 39 1
8 40 0
19 41 0
25 42 0
25 43 0
3 44 0
34 45 0
32 46 0
29 47 0
46 48 0
39 49 0
49 50 0
39 51 0
32 52 0
52 53 0
18 54 0
19 55 0
55 56 1
19 57 0
12 58 0
38 59 0
53 60 0
30 61 1
61 62 0
16 63 0
26 64 0
42 65 0
14 66 0
44 67 0
18 68 0
68 69 0
39 70 0
23 71 0
68 72 0
58 73 1
73 74 0
72 75 0
23 76 0
15 77 1
62 78 0
7 79 0
13 80 0
14 81 0
4 82 0
73 83 0
39 84 0
52 85 0
17 86 0
54 87 1
70 88 0
74 89 0
6 90 0
55 91 0
86 92 0
47 93 0
68 94 0
20 95 1
32 96 0
17 97 0
97 98 0
98 99 0
41 100 0
27 101 0
46 102 0
53 103 1
92 104 0
16 105 0
33 106 0
25 107 1
21 108 0
12 109 0
50 110 0
48 111 0
111 112 0
97 113 1
97 114 0
38 115 0
46 116 0
113 117 0
14 118 0
30 119 0
27 120 0
85 121 0
66 122 0
46 123 0
43 124 0
87 125 0
48 126 1
79 127 0
102 128 0
89 129 0
96 130 0
34 131 0
45 132 0
67 133 0
101 134 0
80 135 0
97 136 0
80 137 0
8 138 0
27 139 0
75 140 0
136 141 0
98 142 0
142 143 0
22 144 1
101 145 0
76 146 0
120 147 0
20 148 0
27 149 0
137 150 0
41 151 0
90 152 1
129 153 0
78 154 0
18 155 0
70 156 0
138 157 0
138 158 0
152 159 1
10 160 0
90 161 0
37 162 0
162 163 0
152 164 0
69 165 0
24 166 0
14 167 0
105 168 0
22 169 0
12 170 0
154 171 0
41 172 0
89 173 0
158 174 0
134 175 0
101 176 0
144 177 0
11 178 0
125 179 0
42 180 0
138 181 0
1 182 0
49 183 1
128 184 1
104 185 0
21 186 0
90 187 0
187 188 0
142 189 0
189 190 0
34 191 0
19 192 0
87 193 0
88 194 0
104 195 0
2 196 0
114 197 1
193 198 0
198 199 0
199 200 1
86 201 0
158 202 0
202 203 0
43 204 0
18 205 0
205 206 0
83 207 0
15 208 0
58 209 0
83 210 0
183 211 0
211 212 0
13 213 0
96 214 1
87 215 0
70 216 0
152 217 0
83 218 0
145 219 0
36 220 0
79 221 0
221 222 0
89 223 0
73 224 0
176 225 0
158 226 0
83 227 0
16 228 0
104 229 0
42 230 0
150 231 0
164 232 0
88 233 0
25 234 1
56 235 0
20 236 0
145 237 0
15 238 0
17 239 0
128 240 0
157 241 1
45 242 1
163 243 0
39 244 0
227 245 0
45 246 0
131 247 1
247 248 0
248 249 0
119 250 0
250 251 0
95 252 0
252 253 0
225 254 0
69 255 0
7 256 0
234 257 0
231 258 0
21 259 1
259 260 1
67 261 0
261 262 0
171 263 0
133 264 0
127 265 0
146 266 0
155 267 1
267 268 0
268 269 0
23 270 0
51 271 0
16 272 0
272 273 0
273 274 0
274 275 0
171 276 0
261 277 0
198 278 0
72 279 0
182 280 0
64 281 0
18 282 0
145 283 0
283 284 1
25 285 0
210 286 0
234 287 0
111 288 0
120 289 0
39 290 0
170 291 0
290 292 0
164 293 0
230 294 0
276 295 0
154 296 0
120 297 0
53 298 0
18 299 0
266 300 0
300 301 0
301 302 0
146 303 0
248 304 0
188 305 1
56 306 0
106 307 0
218 308 0
198 309 0
271 310 0
31 311 1
73 312 0
219 313 0
78 314 0
314 315 0
115 316 0
66 317 0
295 318 0
135 319 0
82 320 1
167 321 0
128 322 0
289 323 0
251 324 0
296 325 0
119 326 0
189 327 0
327 328 1
49 329 0
104 330 0
289 331 0
244 332 0
286 333 0
237 334 0
54 335 0
175 336 0
162 337 0
337 338 0
13 339 0
54 340 0
63 341 0
60 342 0
144 343 0
38 344 0
311 345 0
90 346 0
107 347 0
299 348 0
348 349 1
349 350 0
171 351 0
113 352 1
40 353 1
88 354 1
111 355 1
150 356 0
101 357 0
174 358 0
183 359 0
301 360 0
28 361 0
361 362 0
340 363 0
243 364 0
289 365 1
184 366 0
366 367 1
304 368 0
368 369 1
205 370 0
122 371 0
228 372 0
36 373 0
328 374 0
326 375 0
295 376 0
285 377 0
125 378 0
64 379 0
84 380 0
293 381 0
220 382 0
60 383 1
40 384 0
160 385 1
191 386 0
84 387 0
10 388 0
336 389 0
291 390 0
123 391 0
391 392 1
190 393 0
73 394 0
294 395 1
299 396 0
307 397 0
262 398 1
243 399 0
200 400 0
366 401 0
84 402 0
54 403 0
240 404 0
42 405 0
129 406 0
108 407 0
101 408 0
119 409 0
221 410 0
83 411 0
411 412 1
21 413 1
165 414 0
92 415 1
336 416 0
387 417 0
392 418 0
135 419 0
419 420 0
198 421 0
118 422 0
402 423 0
262 424 0
373 425 0
9 426 0
289 427 0
427 428 0
134 429 0
94 430 1
148 431 0
130 432 0
397 433 0
234 434 0
347 435 0
14 436 0
84 437 0
251 438 0
400 439 0
66 440 0
7 441 0
183 442 0
86 443 0
7 444 1
393 445 0
418 446 0
254 447 0
126 448 0
12 449 1
195 450 0
161 451 0
219 452 0
295 453 0
26 454 0
319 455 0
407 456 0
238 457 1
104 458 0
437 459 0
25 460 1
460 461 0
124 462 1
425 463 0
390 464 0
197 465 1
222 466 0
341 467 0
245 468 0
96 469 0
184 470 0
470 471 1
471 472 0
209 473 0
243 474 0
55 475 0
448 476 0
105 477 1
49 478 1
43 479 0
438 480 0
74 481 0
357 482 0
424 483 0
344 484 0
484 485 0
245 486 0
312 487 0
71 488 0
366 489 0
350 490 0
421 491 0
250 492 0
217 493 0
45 494 0
494 495 0
215 496 0
105 497 1
459 498 1
197 499 0
425 500 0
111 501 0
487 502 0
487 503 0
283 504 0
320 505 0
438 506 0
75 507 1
56 508 0
301 509 0
257 510 0
494 511 0
370 512 0
88 513 0
251 514 0
249 515 0
433 516 1
516 517 0
111 518 0
240 519 0
163 520 0
290 521 0
521 522 0
309 523 0
437 524 0
491 525 0
98 526 0
241 527 0
322 528 0
479 529 0
510 530 0
121 531 0
23 532 0
501 533 0
235 534 0
38 535 0
202 536 0
451 537 0
87 538 0
55 539 0
446 540 0
409 541 0
288 542 0
344 543 0
389 544 0
544 545 0
183 546 1
438 547 0
63 548 0
486 549 0
549 550 0
170 551 0
516 552 0
205 553 1
288 554 0
325 555 0
493 556 0
427 557 0
252 558 0
558 559 0
552 560 0
539 561 0
75 562 0
523 563 0
563 564 0
448 565 0
36 566 0
481 567 0
236 568 0
291 569 0
569 570 0
570 571 0
571 572 0
28 573 0
254 574 0
168 575 0
85 576 0
441 577 0
302 578 1
145 579 0
302 580 0
132 581 0
16 582 0
471 583 0
342 584 0
584 585 0
69 586 0
84 587 0
3 588 0
553 589 0
121 590 0
590 591 1
6 592 1
431 593 0
139 594 0
284 595 0
3 596 0
484 597 0
69 598 0
177 599 0
157 600 0
440 601 0
601 602 1
602 603 0
376 604 0
507 605 0
157 606 0
393 607 0
295 608 0
277 609 0
609 610 0
192 611 0
362 612 0
213 613 0
93 614 0
232 615 0
296 616 0
469 617 0
617 618 0
618 619 0
166 620 1
620 621 0
147 622 0
622 623 0
623 624 0
284 625 0
431 626 0
348 627 0
459 628 0
278 629 0
629 630 0
135 631 0
457 632 0
202 633 0
289 634 0
50 635 0
311 636 0
303 637 0
637 638 0
504 639 0
150 640 0
157 641 0
557 642 0
107 643 0
220 644 0
290 645 0
304 646 0
646 647 0
157 648 0
473 649 0
342 650 1
463 651 0
57 652 0
122 653 0
8 654 0
654 655 0
10 656 0
356 657 0
116 658 0
475 659 0
431 660 1
170 661 0
431 662 0
216 663 0
401 664 0
23 665 0
631 666 0
627 667 0
173 668 0
181 669 0
99 670 1
283 671 0
511 672 0
171 673 0
236 674 0
55 675 0
609 676 0
26 677 0
570 678 0
637 679 0
255 680 1
418 681 0
127 682 0
428 683 0
282 684 0
359 685 1
469 686 1
78 687 0
81 688 0
688 689 0
659 690 0
175 691 0
393 692 0
421 693 1
693 694 0
567 695 0
195 696 0
443 697 0
686 698 0
552 699 0
163 700 1
424 701 1
91 702 0
479 703 0
382 704 0
341 705 1
290 706 0
296 707 0
55 708 0
650 709 0
650 710 0
474 711 0
323 712 0
479 713 0
41 714 0
570 715 0
389 716 0
253 717 0
8 718 0
250 719 0
505 720 1
720 721 1
304 722 0
722 723 0
103 724 0
232 725 0
604 726 0
611 727 0
367 728 0
728 729 0
365 730 0
209 731 0
238 732 0
556 733 0
325 734 0
329 735 0
596 736 0
736 737 0
589 738 0
359 739 0
456 740 1
115 741 0
646 742 0
148 743 0
514 744 0
221 745 0
541 746 0
662 747 0
703 748 0
662 749 0
217 750 0
750 751 0
751 752 0
116 753 0
112 754 0
658 755 0
38 756 1
401 757 0
274 758 0
608 759 0
414 760 0
592 761 0
484 762 0
322 763 0
246 764 0
144 765 0
765 766 0
437 767 1
632 768 1
513 769 0
129 770 0
670 771 0
33 772 0
43 773 0
81 774 0
706 775 0
600 776 0
776 777 0
76 778 0
778 779 0
151 780 0
780 781 0
557 782 0
317 783 0
39 784 0
733 785 0
332 786 0
632 787 0
603 788 0
52 789 0
789 790 0
639 791 0
292 792 0
775 793 0
566 794 0
373 795 1
775 796 1
214 797 0
499 798 0
103 799 0
26 800 0
545 801 0
250 802 1
456 803 0
515 804 0
439 805 0
300 806 0
455 807 0
768 808 1
268 809 0
71 810 0
308 811 0
811 812 0
323 813 0
41 814 0
804 815 0
765 816 0
197 817 0
621 818 0
502 819 0
185 820 0
167 821 0
821 822 0
783 823 0
232 824 0
310 825 0
695 826 0
11 827 0
137 828 0
169 829 1
223 830 0
74 831 0
721 832 0
409 833 1
390 834 0
92 835 0
496 836 0
646 837 0
705 838 0
831 839 0
839 840 0
680 841 0
609 842 0
543 843 0
233 844 0
134 845 0
568 846 0
527 847 0
427 848 0
848 849 1
291 850 0
592 851 0
851 852 0
336 853 0
172 854 0
432 855 0
552 856 0
262 857 0
773 858 0
327 859 0
610 860 0
412 861 0
518 862 0
515 863 0
245 864 1
390 865 1
865 866 1
289 867 0
464 868 0
446 869 0
869 870 0
414 871 0
84 872 0
103 873 0
148 874 0
106 875 0
236 876 0
472 877 0
208 878 1
522 879 1
659 880 0
676 881 0
77 882 0
33 883 0
328 884 0
535 885 0
22 886 0
150 887 0
439 888 0
718 889 0
504 890 0
43 891 0
656 892 1
817 893 0
796 894 0
100 895 0
895 896 0
69 897 0
258 898 0
286 899 0
464 900 0
795 901 0
825 902 0
8 903 0
106 904 0
880 905 0
876 906 0
906 907 0
690 908 0
269 909 0
908 910 0
440 911 0
446 912 0
912 913 0
396 914 0
545 915 0
915 916 0
499 917 0
181 918 0
444 919 0
813 920 0
873 921 0
492 922 0
895 923 0
179 924 0
917 925 0
775 926 0
69 927 0
676 928 0
441 929 1
344 930 0
375 931 0
917 932 0
932 933 1
519 934 0
583 935 0
211 936 0
792 937 0
358 938 0
745 939 0
863 940 0
158 941 0
714 942 1
805 943 0
536 944 1
545 945 0
945 946 0
453 947 1
71 948 0
880 949 0
573 950 0
21 951 0
137 952 0
278 953 0
134 954 1
698 955 0
635 956 0
836 957 0
442 958 0
301 959 0
827 960 0
308 961 1
170 962 0
252 963 0
22 964 0
158 965 1
56 966 0
465 967 0
14 968 0
685 969 0
349 970 0
37 971 0
846 972 0
972 973 0
406 974 0
315 975 0
682 976 0
92 977 0
526 978 0
472 979 0
647 980 0
941 981 0
959 982 0
417 983 0
626 984 0
144 985 1
213 986 0
403 987 0
882 988 0
691 989 0
886 990 1
701 991 0
953 992 0
262 993 0
503 994 0
784 995 0
105 996 0
996 997 1
563 998 0
64 999 0
849 1000 0
