1000
1 2 0
1 3 0
3 4 0
4 5 0
4 6 1
6 7 0
5 8 0
8 9 0
9 10 1
2 11 0
11 12 0
8 13 0
13 14 1
13 15 0
7 16 0
16 17 0
17 18 0
18 19 0
19 20 0
20 21 0
21 22 0
19 23 0
23 24 0
24 25 0
9 26 0
26 27 0
25 28 0
27 29 0
29 30 0
25 31 0
31 32 0
32 33 0
33 34 0
22 35 0
35 36 0
22 37 1
3 38 0
38 39 0
2 40 0
26 41 0
41 42 0
42 43 1
41 44 0
44 45 1
45 46 0
17 47 0
47 48 0
1 49 0
26 50 0
50 51 0
49 52 0
40 53 0
53 54 0
34 55 1
55 56 0
56 57 0
57 58 0
14 59 0
59 60 0
1 61 1
61 62 0
62 63 0
63 64 0
10 65 0
65 66 0
66 67 0
55 68 0
68 69 0
69 70 0
17 71 0
45 72 1
13 73 0
42 74 0
74 75 0
75 76 0
76 77 0
34 78 0
78 79 0
2 80 0
2 81 1
81 82 0
82 83 0
48 84 0
84 85 0
85 86 0
30 87 0
40 88 0
39 89 0
89 90 0
90 91 0
3 92 0
92 93 0
93 94 0
15 95 0
22 96 0
94 97 0
6 98 0
98 99 0
99 100 0
100 101 0
90 102 1
102 103 0
73 104 0
98 105 1
105 106 0
106 107 0
68 108 0
88 109 0
73 110 0
110 111 0
111 112 0
112 113 0
113 114 0
114 115 0
66 116 0
116 117 0
111 118 0
118 119 0
78 120 1
120 121 0
34 122 0
122 123 0
123 124 0
21 125 1
68 126 0
126 127 1
85 128 0
73 129 0
129 130 0
130 131 0
131 132 1
80 133 0
133 134 0
121 135 0
97 136 0
9 137 0
137 138 0
138 139 0
56 140 0
140 141 0
33 142 0
20 143 0
143 144 0
135 145 0
145 146 0
70 147 0
147 148 0
148 149 0
120 150 0
64 151 0
151 152 0
152 153 1
138 154 0
154 155 0
155 156 0
108 157 0
157 158 0
101 159 0
159 160 0
160 161 0
161 162 0
60 163 0
17 164 0
164 165 0
165 166 0
116 167 0
144 168 0
168 169 0
162 170 0
169 171 0
171 172 1
23 173 0
173 174 0
173 175 0
98 176 0
55 177 0
177 178 0
178 179 0
43 180 0
59 181 0
107 182 0
182 183 0
183 184 0
184 185 0
112 186 0
19 187 0
187 188 0
188 189 0
189 190 0
190 191 0
191 192 0
50 193 0
59 194 0
43 195 0
195 196 0
196 197 0
82 198 0
122 199 0
113 200 0
134 201 0
201 202 0
172 203 0
143 204 0
118 205 0
205 206 1
34 207 0
207 208 0
142 209 1
59 210 0
210 211 0
211 212 0
54 213 0
213 214 0
66 215 1
51 216 0
194 217 0
217 218 0
218 219 0
93 220 0
124 221 0
111 222 0
42 223 0
223 224 0
224 225 0
132 226 0
208 227 0
227 228 0
226 229 0
183 230 0
230 231 0
196 232 1
154 233 0
172 234 0
1 235 0
235 236 0
236 237 0
212 238 0
238 239 0
212 240 0
194 241 0
227 242 0
205 243 0
243 244 0
244 245 0
245 246 0
246 247 0
25 248 0
9 249 0
249 250 0
19 251 1
160 252 0
247 253 1
51 254 0
254 255 1
255 256 0
256 257 0
257 258 0
258 259 0
259 260 0
260 261 0
141 262 1
112 263 0
135 264 0
193 265 0
61 266 0
266 267 1
267 268 0
124 269 0
208 270 0
270 271 1
152 272 0
198 273 0
44 274 0
274 275 0
75 276 0
276 277 0
212 278 1
278 279 0
279 280 0
280 281 0
123 282 0
230 283 0
283 284 0
114 285 0
186 286 0
105 287 0
287 288 0
108 289 0
225 290 0
290 291 0
27 292 0
292 293 1
239 294 1
294 295 0
43 296 0
296 297 0
297 298 0
298 299 0
38 300 0
300 301 1
172 302 0
302 303 0
303 304 0
33 305 0
305 306 0
306 307 0
23 308 0
278 309 1
309 310 0
113 311 0
61 312 0
138 313 0
313 314 0
314 315 0
315 316 0
316 317 1
317 318 1
318 319 0
12 320 0
320 321 1
141 322 0
322 323 0
323 324 0
202 325 0
325 326 0
326 327 0
327 328 0
328 329 0
329 330 0
330 331 0
187 332 0
332 333 0
230 334 0
195 335 0
61 336 0
328 337 1
337 338 0
222 339 0
339 340 0
340 341 0
65 342 0
342 343 0
187 344 0
344 345 0
135 346 0
163 347 0
347 348 0
348 349 0
285 350 0
62 351 0
351 352 0
352 353 1
251 354 0
102 355 0
355 356 1
302 357 0
357 358 0
358 359 0
101 360 0
230 361 0
24 362 0
117 363 0
363 364 0
364 365 0
159 366 0
102 367 0
42 368 0
205 369 0
369 370 0
370 371 0
371 372 0
372 373 0
373 374 0
374 375 0
375 376 0
131 377 0
377 378 0
378 379 0
379 380 0
299 381 0
381 382 0
382 383 0
383 384 0
384 385 0
385 386 0
386 387 0
387 388 0
388 389 0
389 390 0
390 391 0
220 392 0
53 393 0
393 394 0
262 395 1
395 396 0
396 397 0
397 398 0
48 399 0
1 400 0
83 401 0
401 402 0
402 403 0
84 404 0
404 405 1
405 406 0
406 407 0
407 408 0
408 409 0
409 410 0
110 411 0
279 412 0
391 413 0
242 414 0
414 415 0
87 416 0
242 417 0
260 418 0
121 419 1
419 420 0
420 421 0
421 422 0
240 423 0
423 424 0
242 425 0
376 426 0
426 427 0
361 428 0
16 429 0
429 430 1
430 431 1
431 432 1
277 433 0
433 434 0
434 435 0
209 436 1
198 437 0
437 438 1
368 439 0
439 440 0
440 441 0
441 442 0
237 443 0
443 444 0
444 445 0
445 446 1
426 447 0
447 448 0
448 449 0
160 450 0
450 451 1
392 452 0
410 453 0
453 454 0
454 455 1
455 456 0
456 457 0
457 458 0
458 459 0
7 460 0
287 461 0
361 462 0
462 463 0
463 464 0
464 465 0
347 466 0
156 467 0
106 468 0
25 469 0
469 470 0
470 471 0
25 472 0
206 473 0
473 474 0
474 475 0
475 476 0
476 477 0
477 478 0
478 479 0
329 480 0
480 481 0
481 482 0
157 483 0
462 484 0
435 485 0
148 486 0
486 487 0
487 488 0
488 489 0
73 490 0
490 491 0
60 492 0
414 493 1
109 494 0
494 495 0
142 496 0
496 497 0
497 498 1
498 499 0
238 500 1
492 501 0
501 502 0
502 503 0
503 504 0
63 505 0
505 506 0
2 507 0
507 508 1
508 509 0
389 510 0
140 511 1
265 512 0
512 513 0
513 514 0
446 515 0
515 516 1
482 517 1
517 518 0
200 519 0
519 520 0
419 521 0
521 522 0
123 523 0
523 524 0
524 525 0
525 526 0
526 527 0
346 528 0
528 529 0
529 530 0
167 531 0
406 532 1
532 533 1
533 534 0
484 535 0
69 536 0
536 537 0
427 538 0
538 539 0
36 540 0
540 541 0
541 542 0
542 543 0
543 544 0
544 545 0
545 546 0
546 547 0
547 548 0
548 549 1
549 550 0
66 551 0
551 552 0
515 553 0
553 554 0
554 555 0
555 556 0
556 557 1
557 558 1
150 559 0
456 560 0
560 561 0
96 562 0
562 563 0
281 564 0
564 565 0
291 566 0
566 567 0
87 568 0
484 569 0
249 570 0
203 571 0
224 572 1
572 573 0
351 574 0
574 575 0
575 576 0
140 577 0
577 578 0
18 579 0
579 580 0
132 581 0
85 582 0
582 583 1
162 584 0
510 585 0
585 586 0
586 587 0
587 588 0
366 589 0
589 590 0
121 591 0
187 592 0
15 593 0
305 594 0
421 595 0
35 596 0
596 597 0
266 598 0
376 599 0
599 600 0
305 601 0
212 602 0
602 603 0
207 604 1
604 605 0
605 606 0
265 607 0
349 608 0
100 609 0
609 610 0
610 611 0
611 612 0
408 613 1
205 614 0
587 615 0
611 616 0
415 617 0
617 618 0
65 619 1
619 620 0
3 621 0
373 622 0
622 623 0
623 624 0
596 625 0
625 626 0
626 627 0
601 628 0
628 629 0
554 630 0
630 631 0
101 632 0
632 633 0
633 634 1
380 635 1
131 636 0
636 637 0
637 638 0
638 639 0
639 640 0
538 641 0
641 642 0
539 643 0
643 644 0
644 645 0
645 646 0
630 647 0
647 648 1
648 649 0
68 650 1
8 651 0
651 652 0
652 653 0
653 654 0
649 655 0
179 656 0
78 657 0
657 658 0
658 659 0
452 660 0
660 661 0
661 662 1
662 663 1
663 664 0
664 665 0
665 666 0
666 667 0
397 668 1
509 669 0
469 670 0
495 671 1
111 672 0
64 673 0
673 674 0
674 675 0
355 676 0
676 677 0
622 678 1
385 679 1
221 680 1
680 681 0
681 682 0
71 683 0
683 684 0
684 685 0
606 686 0
97 687 0
428 688 0
599 689 0
689 690 0
385 691 0
691 692 0
692 693 0
693 694 0
502 695 0
95 696 0
176 697 0
648 698 0
698 699 0
699 700 0
700 701 0
701 702 0
702 703 0
369 704 0
215 705 0
152 706 1
706 707 0
686 708 0
708 709 0
44 710 0
710 711 0
696 712 0
245 713 0
713 714 1
714 715 0
715 716 0
716 717 0
348 718 0
718 719 0
18 720 0
34 721 0
721 722 0
722 723 1
723 724 0
98 725 1
256 726 0
470 727 0
358 728 0
78 729 0
729 730 0
730 731 0
731 732 0
732 733 0
733 734 0
734 735 0
735 736 0
14 737 0
634 738 0
738 739 0
35 740 0
401 741 0
553 742 0
164 743 0
158 744 0
744 745 0
428 746 0
197 747 0
633 748 0
748 749 0
749 750 0
750 751 0
54 752 0
136 753 0
144 754 0
382 755 0
329 756 0
756 757 0
431 758 1
498 759 0
176 760 0
760 761 1
761 762 0
762 763 0
266 764 0
285 765 0
765 766 1
36 767 0
733 768 0
209 769 0
769 770 0
770 771 0
425 772 0
711 773 0
773 774 0
678 775 0
775 776 0
776 777 0
777 778 0
778 779 0
779 780 0
780 781 0
614 782 0
782 783 0
515 784 0
523 785 0
307 786 0
786 787 0
787 788 0
788 789 0
408 790 0
790 791 0
791 792 0
792 793 0
793 794 0
794 795 1
795 796 0
535 797 0
797 798 0
479 799 0
677 800 0
97 801 0
153 802 0
802 803 0
803 804 0
804 805 0
805 806 0
806 807 0
418 808 0
808 809 0
809 810 0
140 811 0
811 812 0
812 813 0
813 814 0
31 815 0
815 816 0
816 817 0
103 818 0
818 819 0
136 820 0
631 821 0
684 822 1
822 823 0
823 824 0
289 825 0
735 826 0
826 827 0
827 828 0
216 829 0
829 830 0
830 831 0
134 832 0
261 833 0
833 834 0
578 835 0
835 836 0
836 837 0
837 838 0
838 839 0
839 840 0
190 841 0
841 842 0
64 843 0
634 844 1
844 845 0
845 846 1
450 847 0
847 848 0
848 849 0
849 850 0
138 851 0
851 852 0
852 853 0
833 854 0
854 855 0
855 856 0
217 857 0
857 858 0
858 859 0
859 860 0
313 861 0
67 862 0
862 863 0
429 864 0
864 865 0
265 866 0
272 867 0
133 868 0
58 869 0
869 870 0
870 871 1
871 872 0
872 873 0
559 874 1
874 875 1
875 876 0
876 877 0
171 878 0
878 879 0
156 880 0
880 881 0
436 882 0
790 883 0
847 884 0
372 885 0
885 886 0
724 887 0
887 888 0
313 889 0
889 890 0
890 891 0
529 892 0
712 893 0
893 894 1
894 895 0
895 896 0
893 897 0
897 898 0
315 899 0
899 900 0
900 901 0
64 902 0
902 903 0
737 904 0
904 905 0
606 906 0
706 907 0
907 908 1
91 909 0
44 910 0
910 911 0
353 912 0
641 913 0
732 914 0
387 915 0
721 916 0
916 917 0
212 918 0
918 919 0
919 920 0
920 921 0
886 922 0
922 923 0
164 924 1
924 925 0
925 926 0
926 927 0
927 928 0
546 929 0
883 930 0
930 931 0
229 932 0
932 933 1
596 934 0
934 935 0
935 936 0
922 937 0
283 938 0
938 939 0
939 940 0
940 941 0
941 942 0
30 943 0
871 944 0
944 945 0
945 946 0
946 947 1
947 948 1
948 949 0
949 950 0
950 951 0
951 952 0
879 953 0
392 954 0
954 955 0
28 956 1
956 957 0
870 958 0
958 959 0
734 960 0
960 961 0
961 962 0
308 963 0
963 964 0
964 965 0
965 966 1
966 967 0
469 968 0
18 969 0
674 970 0
612 971 0
971 972 0
972 973 0
973 974 0
451 975 0
975 976 0
169 977 0
764 978 0
177 979 0
95 980 0
980 981 1
362 982 0
982 983 0
350 984 0
984 985 0
88 986 0
918 987 0
643 988 0
988 989 0
726 990 0
990 991 0
245 992 0
79 993 0
309 994 0
994 995 1
925 996 0
778 997 1
997 998 0
998 999 1
321 1000 0
