1000
1 2 0
2 3 0
3 4 0
4 5 0
5 6 0
6 7 0
7 8 0
6 9 0
6 10 0
10 11 0
11 12 0
12 13 0
13 14 1
14 15 0
15 16 0
11 17 1
17 18 0
18 19 0
19 20 0
20 21 0
5 22 1
22 23 0
23 24 0
24 25 1
25 26 1
26 27 0
25 28 0
26 29 0
29 30 0
9 31 1
31 32 0
29 33 0
33 34 0
14 35 0
22 36 1
36 37 0
37 38 0
38 39 0
39 40 0
40 41 0
41 42 0
20 43 0
43 44 0
31 45 0
10 46 0
30 47 0
47 48 0
48 49 0
49 50 1
45 51 0
51 52 0
7 53 0
53 54 0
54 55 1
45 56 0
14 57 1
57 58 1
58 59 1
59 60 1
60 61 0
61 62 1
62 63 0
63 64 0
64 65 0
65 66 1
66 67 1
67 68 0
68 69 1
69 70 0
70 71 0
71 72 0
72 73 0
73 74 1
27 75 0
75 76 1
76 77 1
47 78 1
20 79 1
71 80 0
80 81 0
46 82 0
82 83 0
83 84 1
84 85 0
45 86 0
71 87 0
87 88 0
88 89 0
89 90 0
90 91 0
91 92 1
15 93 0
93 94 0
94 95 0
95 96 0
96 97 0
97 98 0
73 99 0
99 100 0
35 101 1
77 102 1
102 103 1
13 104 0
62 105 1
52 106 0
106 107 0
107 108 1
108 109 0
34 110 0
110 111 1
111 112 0
112 113 0
113 114 0
114 115 1
115 116 0
116 117 1
117 118 1
118 119 0
119 120 0
66 121 0
121 122 0
9 123 1
123 124 1
9 125 0
125 126 0
126 127 0
127 128 0
128 129 1
129 130 0
130 131 0
131 132 1
132 133 0
4 134 0
134 135 0
135 136 0
136 137 0
137 138 1
138 139 1
139 140 0
140 141 1
141 142 0
142 143 0
143 144 1
34 145 0
27 146 0
90 147 0
147 148 1
148 149 0
149 150 1
150 151 0
140 152 0
152 153 0
153 154 0
154 155 0
155 156 0
156 157 0
157 158 0
158 159 1
159 160 0
160 161 0
161 162 0
162 163 0
163 164 0
164 165 0
165 166 0
166 167 0
167 168 0
168 169 1
169 170 1
170 171 0
171 172 0
172 173 1
81 174 0
174 175 0
175 176 0
176 177 0
103 178 0
178 179 0
179 180 1
180 181 0
181 182 0
182 183 0
63 184 0
145 185 1
63 186 0
186 187 0
187 188 0
188 189 0
13 190 1
190 191 0
191 192 0
65 193 0
72 194 1
194 195 1
195 196 0
89 197 0
111 198 0
198 199 1
197 200 0
200 201 1
201 202 1
202 203 1
203 204 0
204 205 1
6 206 1
206 207 0
49 208 0
183 209 0
89 210 0
152 211 0
211 212 0
212 213 0
213 214 0
214 215 0
215 216 0
216 217 1
217 218 0
218 219 0
219 220 1
220 221 0
221 222 0
18 223 0
223 224 0
224 225 1
225 226 0
226 227 1
227 228 0
177 229 0
229 230 0
230 231 0
231 232 0
232 233 1
233 234 1
89 235 0
235 236 0
236 237 0
72 238 0
238 239 0
239 240 0
200 241 0
241 242 0
242 243 0
243 244 0
244 245 0
73 246 1
246 247 0
247 248 0
106 249 1
249 250 0
250 251 0
251 252 0
252 253 1
41 254 0
254 255 0
249 256 0
180 257 0
257 258 0
150 259 0
259 260 0
56 261 0
261 262 0
262 263 0
263 264 0
264 265 0
265 266 0
266 267 0
249 268 0
268 269 0
233 270 0
21 271 0
271 272 0
272 273 0
273 274 0
140 275 0
117 276 0
276 277 0
277 278 0
278 279 0
153 280 0
8 281 0
281 282 0
282 283 0
283 284 0
284 285 0
285 286 0
286 287 0
287 288 1
288 289 0
289 290 0
283 291 0
291 292 0
292 293 0
191 294 0
294 295 0
255 296 0
296 297 0
297 298 1
298 299 0
133 300 0
300 301 0
301 302 0
302 303 0
303 304 1
304 305 0
305 306 1
53 307 1
307 308 1
47 309 1
171 310 0
310 311 0
311 312 0
312 313 0
109 314 0
314 315 0
315 316 1
54 317 0
317 318 0
318 319 0
319 320 0
303 321 0
321 322 0
322 323 1
323 324 0
174 325 0
325 326 0
102 327 0
327 328 0
328 329 1
293 330 1
330 331 0
260 332 0
332 333 0
172 334 1
334 335 0
335 336 0
101 337 0
201 338 0
338 339 0
339 340 0
340 341 1
341 342 0
342 343 0
343 344 0
344 345 0
345 346 0
346 347 0
347 348 1
348 349 0
349 350 0
157 351 1
351 352 0
352 353 0
353 354 0
316 355 1
355 356 0
28 357 0
357 358 0
260 359 0
201 360 1
301 361 0
361 362 0
362 363 0
363 364 0
364 365 1
365 366 0
366 367 0
203 368 1
362 369 0
369 370 0
370 371 0
371 372 0
372 373 0
229 374 0
374 375 0
74 376 0
376 377 0
377 378 0
378 379 1
379 380 1
380 381 1
381 382 0
382 383 1
383 384 0
209 385 0
69 386 0
185 387 0
387 388 0
388 389 0
56 390 0
390 391 1
177 392 0
168 393 0
192 394 0
394 395 0
395 396 1
127 397 1
261 398 0
58 399 0
399 400 0
279 401 1
24 402 0
402 403 0
328 404 0
404 405 0
405 406 0
406 407 0
407 408 0
408 409 0
409 410 0
410 411 1
411 412 0
347 413 0
413 414 0
84 415 0
415 416 0
318 417 0
417 418 0
418 419 0
419 420 0
365 421 1
39 422 0
422 423 0
423 424 0
424 425 0
425 426 1
343 427 1
427 428 0
428 429 0
101 430 1
430 431 0
431 432 0
432 433 0
433 434 0
262 435 0
405 436 0
309 437 1
437 438 0
438 439 0
99 440 0
440 441 1
441 442 0
442 443 1
34 444 0
444 445 1
7 446 0
252 447 0
447 448 1
407 449 0
449 450 0
310 451 0
451 452 0
81 453 0
453 454 0
454 455 0
90 456 0
456 457 0
457 458 1
86 459 0
459 460 1
460 461 0
461 462 0
462 463 0
11 464 0
347 465 0
465 466 0
466 467 0
289 468 0
248 469 0
20 470 0
91 471 0
471 472 0
472 473 1
473 474 0
474 475 0
475 476 0
476 477 0
303 478 0
478 479 0
181 480 0
480 481 0
481 482 1
437 483 1
483 484 1
484 485 0
485 486 0
168 487 0
471 488 1
488 489 0
216 490 1
277 491 0
296 492 0
457 493 0
493 494 0
315 495 0
495 496 1
496 497 1
497 498 0
498 499 0
499 500 1
500 501 0
501 502 0
502 503 0
503 504 1
211 505 1
420 506 0
506 507 0
507 508 0
508 509 0
139 510 1
510 511 1
468 512 0
512 513 0
84 514 0
414 515 0
315 516 0
516 517 0
517 518 0
373 519 0
519 520 0
520 521 0
521 522 0
522 523 0
523 524 0
524 525 1
525 526 0
330 527 0
527 528 0
528 529 0
11 530 1
530 531 0
531 532 0
532 533 0
533 534 1
534 535 0
535 536 0
536 537 0
537 538 0
538 539 0
539 540 1
84 541 0
541 542 0
542 543 0
543 544 0
378 545 1
545 546 0
546 547 1
547 548 0
548 549 0
549 550 0
376 551 1
551 552 0
552 553 0
399 554 0
554 555 0
555 556 0
287 557 0
156 558 0
500 559 1
519 560 0
560 561 0
561 562 0
562 563 0
563 564 1
433 565 0
70 566 0
566 567 0
567 568 0
568 569 0
556 570 0
570 571 0
571 572 0
478 573 0
475 574 0
66 575 1
32 576 0
576 577 0
577 578 0
578 579 1
579 580 0
64 581 0
581 582 0
582 583 0
583 584 0
584 585 1
585 586 1
24 587 0
587 588 1
298 589 0
589 590 0
590 591 0
591 592 0
592 593 0
593 594 0
216 595 0
383 596 0
61 597 0
597 598 0
598 599 1
29 600 1
600 601 1
92 602 0
602 603 1
439 604 0
604 605 0
605 606 0
434 607 0
607 608 0
586 609 0
609 610 0
286 611 0
611 612 0
612 613 0
613 614 0
614 615 1
615 616 1
329 617 0
617 618 0
618 619 0
619 620 1
620 621 1
87 622 0
622 623 0
623 624 0
624 625 0
597 626 1
626 627 0
627 628 0
628 629 0
629 630 0
630 631 0
631 632 0
632 633 0
633 634 0
634 635 0
635 636 0
636 637 0
637 638 1
638 639 0
639 640 0
640 641 0
52 642 0
642 643 0
413 644 0
644 645 0
603 646 0
497 647 0
647 648 0
648 649 0
649 650 0
650 651 0
651 652 0
489 653 0
653 654 0
571 655 0
240 656 0
656 657 0
92 658 0
658 659 0
659 660 1
660 661 0
661 662 0
662 663 0
663 664 0
664 665 0
665 666 0
514 667 0
667 668 0
668 669 0
669 670 0
670 671 0
671 672 0
158 673 0
225 674 0
92 675 0
675 676 0
676 677 1
599 678 0
468 679 1
679 680 0
680 681 1
681 682 0
459 683 0
683 684 0
360 685 0
685 686 0
686 687 0
118 688 0
688 689 0
689 690 0
599 691 0
311 692 0
131 693 0
583 694 0
694 695 1
695 696 0
329 697 0
697 698 0
698 699 0
699 700 0
700 701 0
12 702 0
702 703 0
703 704 0
704 705 0
705 706 0
706 707 0
707 708 0
435 709 0
709 710 0
710 711 0
711 712 0
712 713 0
593 714 0
714 715 0
715 716 0
716 717 0
717 718 0
498 719 0
719 720 0
720 721 0
721 722 0
722 723 0
723 724 0
724 725 0
515 726 0
726 727 0
286 728 0
728 729 0
729 730 0
730 731 0
731 732 0
732 733 0
250 734 0
734 735 0
735 736 0
736 737 1
737 738 0
738 739 0
739 740 0
740 741 1
741 742 0
493 743 0
743 744 0
330 745 1
557 746 1
746 747 0
747 748 0
748 749 0
749 750 0
750 751 0
751 752 0
752 753 0
140 754 0
754 755 0
755 756 0
756 757 0
757 758 0
249 759 0
759 760 0
760 761 1
761 762 1
762 763 1
154 764 0
344 765 0
402 766 1
766 767 0
767 768 1
768 769 0
769 770 0
770 771 0
771 772 0
772 773 0
107 774 1
61 775 0
775 776 1
776 777 0
777 778 0
778 779 0
779 780 0
780 781 0
781 782 0
782 783 1
783 784 0
334 785 0
785 786 0
609 787 0
15 788 0
788 789 1
789 790 0
790 791 1
791 792 1
792 793 0
642 794 0
794 795 0
795 796 0
796 797 0
797 798 0
798 799 1
569 800 0
800 801 0
801 802 0
802 803 0
803 804 1
804 805 1
805 806 0
100 807 0
807 808 0
808 809 1
170 810 1
684 811 0
704 812 0
812 813 1
248 814 0
814 815 1
815 816 1
816 817 0
817 818 0
818 819 0
373 820 0
464 821 0
821 822 0
822 823 0
823 824 0
274 825 1
825 826 0
826 827 0
343 828 0
828 829 1
829 830 0
830 831 0
460 832 0
523 833 0
833 834 0
834 835 0
835 836 0
836 837 0
837 838 1
838 839 0
839 840 0
175 841 0
311 842 0
842 843 0
843 844 1
844 845 1
845 846 0
846 847 0
847 848 0
848 849 1
849 850 0
779 851 1
851 852 0
852 853 0
704 854 0
854 855 1
855 856 0
856 857 0
58 858 1
858 859 0
859 860 0
860 861 1
861 862 0
862 863 0
863 864 0
230 865 0
865 866 0
866 867 0
867 868 0
487 869 0
869 870 0
656 871 0
454 872 0
872 873 1
831 874 0
874 875 0
875 876 1
245 877 0
397 878 0
878 879 0
353 880 0
880 881 1
590 882 0
318 883 1
790 884 0
884 885 0
885 886 0
886 887 1
887 888 0
888 889 0
889 890 1
890 891 0
582 892 0
892 893 1
757 894 1
445 895 0
648 896 0
896 897 0
897 898 0
898 899 0
899 900 1
900 901 1
901 902 0
902 903 0
903 904 0
904 905 0
905 906 0
510 907 0
907 908 1
908 909 0
552 910 0
910 911 0
313 912 0
912 913 0
913 914 1
182 915 1
915 916 0
97 917 0
917 918 0
918 919 0
919 920 1
920 921 0
921 922 0
922 923 1
474 924 1
606 925 0
13 926 0
926 927 1
927 928 0
11 929 0
929 930 0
930 931 0
416 932 0
932 933 0
933 934 0
543 935 0
488 936 0
315 937 0
937 938 0
938 939 0
251 940 1
940 941 0
941 942 1
581 943 0
943 944 0
850 945 0
740 946 0
946 947 0
947 948 0
948 949 0
606 950 0
950 951 0
951 952 1
952 953 0
953 954 0
954 955 0
955 956 0
657 957 0
6 958 0
6 959 0
959 960 0
150 961 0
961 962 1
962 963 0
963 964 1
964 965 0
423 966 0
716 967 0
477 968 0
968 969 0
969 970 0
970 971 0
936 972 1
972 973 1
872 974 1
974 975 1
975 976 0
976 977 0
977 978 0
978 979 1
979 980 0
980 981 1
981 982 0
982 983 0
983 984 0
19 985 1
985 986 0
448 987 0
987 988 0
956 989 0
439 990 0
509 991 0
991 992 0
492 993 0
993 994 0
994 995 1
995 996 1
642 997 0
997 998 0
998 999 0
312 1000 0
