5000
1 2 0
2 3 0
3 4 0
1 5 0
4 6 0
5 7 1
6 8 0
7 9 0
9 10 1
10 11 0
10 12 0
12 13 0
7 14 1
9 15 1
15 16 1
16 17 0
8 18 0
18 19 0
9 20 0
12 21 0
17 22 0
20 23 0
23 24 1
1 25 0
25 26 0
4 27 0
27 28 0
28 29 0
25 30 0
7 31 1
24 32 0
19 33 1
13 34 0
13 35 0
29 36 0
36 37 1
5 38 0
28 39 0
9 40 0
32 41 0
7 42 1
42 43 0
34 44 0
27 45 0
30 46 0
46 47 1
36 48 0
19 49 0
43 50 1
44 51 0
51 52 0
36 53 0
24 54 0
17 55 0
55 56 0
6 57 0
5 58 1
4 59 0
47 60 0
9 61 0
16 62 0
39 63 0
34 64 0
61 65 1
6 66 0
28 67 0
49 68 0
55 69 1
19 70 0
42 71 1
71 72 1
12 73 0
13 74 1
62 75 0
37 76 0
47 77 0
55 78 0
78 79 1
45 80 1
43 81 0
38 82 1
27 83 0
83 84 1
30 85 0
71 86 0
59 87 0
87 88 0
45 89 0
88 90 1
41 91 0
5 92 0
47 93 1
36 94 0
9 95 1
93 96 0
53 97 0
73 98 0
84 99 0
86 100 1
100 101 0
4 102 0
18 103 1
101 104 0
104 105 0
9 106 0
106 107 0
107 108 0
76 109 0
109 110 1
110 111 1
21 112 0
112 113 0
113 114 0
38 115 1
101 116 1
79 117 0
20 118 0
94 119 1
72 120 1
92 121 0
121 122 0
49 123 0
12 124 1
124 125 0
108 126 0
58 127 0
92 128 0
128 129 0
22 130 0
25 131 0
131 132 0
38 133 0
133 134 0
28 135 0
132 136 0
63 137 0
136 138 0
138 139 0
139 140 0
140 141 0
8 142 0
142 143 0
100 144 0
131 145 0
38 146 0
62 147 0
15 148 0
104 149 0
58 150 0
78 151 0
63 152 0
98 153 1
58 154 0
154 155 0
155 156 1
156 157 0
157 158 0
101 159 1
159 160 0
156 161 0
20 162 1
13 163 0
131 164 1
45 165 0
22 166 0
6 167 0
156 168 0
168 169 0
20 170 0
170 171 0
102 172 0
23 173 1
165 174 0
174 175 0
175 176 0
88 177 0
177 178 0
64 179 0
126 180 0
65 181 0
152 182 0
75 183 0
183 184 0
184 185 0
47 186 0
157 187 1
31 188 0
110 189 0
90 190 0
156 191 0
95 192 0
192 193 0
66 194 0
3 195 0
65 196 0
128 197 0
126 198 0
194 199 1
77 200 0
171 201 1
139 202 0
45 203 0
14 204 0
171 205 0
38 206 0
99 207 0
45 208 0
6 209 0
22 210 0
126 211 1
211 212 0
155 213 0
153 214 1
97 215 0
215 216 0
141 217 0
217 218 0
218 219 1
194 220 0
2 221 1
221 222 1
208 223 0
166 224 1
101 225 0
81 226 0
89 227 1
227 228 1
228 229 0
175 230 0
230 231 1
55 232 1
35 233 0
28 234 0
234 235 0
235 236 0
151 237 0
72 238 1
233 239 0
72 240 0
240 241 0
128 242 0
165 243 0
243 244 1
215 245 0
8 246 0
246 247 1
73 248 0
63 249 0
238 250 1
248 251 0
102 252 0
119 253 0
222 254 0
189 255 1
212 256 1
256 257 0
257 258 0
8 259 1
145 260 0
260 261 1
55 262 0
7 263 0
99 264 1
231 265 0
36 266 0
122 267 0
263 268 0
268 269 0
32 270 0
269 271 0
271 272 0
68 273 0
159 274 0
249 275 0
27 276 0
216 277 1
151 278 0
278 279 0
179 280 0
134 281 0
137 282 0
98 283 0
283 284 0
284 285 0
102 286 0
219 287 0
151 288 0
75 289 0
49 290 0
126 291 0
16 292 0
292 293 1
118 294 0
242 295 0
182 296 0
7 297 0
163 298 0
148 299 1
151 300 1
44 301 0
301 302 1
143 303 0
14 304 0
81 305 0
109 306 0
69 307 0
72 308 0
308 309 0
140 310 0
294 311 0
275 312 0
171 313 1
262 314 1
212 315 1
297 316 0
63 317 0
247 318 0
156 319 1
23 320 0
34 321 0
72 322 0
149 323 0
114 324 1
7 325 0
325 326 0
196 327 0
327 328 0
166 329 0
7 330 0
330 331 1
19 332 1
311 333 0
267 334 0
43 335 0
48 336 0
336 337 1
141 338 0
288 339 1
70 340 0
340 341 1
1 342 1
342 343 0
266 344 0
222 345 0
137 346 0
346 347 1
226 348 1
333 349 1
17 350 0
111 351 1
351 352 0
35 353 0
313 354 0
354 355 0
8 356 0
104 357 1
306 358 0
192 359 0
233 360 1
164 361 0
75 362 1
330 363 0
363 364 0
301 365 0
365 366 0
186 367 0
115 368 1
225 369 0
48 370 0
115 371 0
301 372 0
372 373 0
373 374 1
221 375 0
375 376 1
92 377 0
377 378 0
32 379 0
240 380 0
337 381 0
199 382 0
45 383 1
102 384 0
384 385 0
304 386 1
27 387 0
387 388 1
2 389 0
295 390 0
390 391 1
391 392 0
30 393 0
200 394 0
173 395 0
395 396 0
175 397 0
155 398 1
172 399 1
399 400 0
257 401 0
401 402 0
158 403 0
58 404 0
364 405 0
234 406 0
230 407 0
196 408 1
408 409 0
137 410 0
253 411 0
203 412 0
175 413 0
58 414 0
333 415 0
22 416 1
163 417 0
344 418 0
297 419 0
307 420 1
374 421 1
255 422 1
94 423 0
43 424 0
188 425 1
164 426 0
176 427 1
107 428 1
25 429 0
262 430 1
346 431 0
185 432 0
109 433 0
433 434 1
373 435 0
163 436 0
436 437 0
415 438 1
98 439 0
34 440 0
94 441 0
441 442 0
286 443 0
344 444 0
352 445 0
28 446 0
446 447 0
160 448 0
403 449 0
178 450 0
21 451 1
306 452 0
3 453 0
39 454 0
253 455 1
455 456 0
374 457 0
103 458 0
312 459 0
186 460 1
17 461 1
171 462 0
122 463 0
463 464 1
464 465 0
313 466 0
331 467 0
92 468 0
31 469 0
333 470 0
79 471 0
65 472 0
269 473 0
389 474 1
216 475 0
66 476 0
476 477 0
374 478 0
339 479 1
479 480 1
250 481 0
152 482 0
3 483 0
357 484 0
232 485 0
485 486 0
326 487 0
487 488 0
289 489 1
489 490 1
490 491 0
491 492 1
492 493 0
233 494 0
317 495 0
158 496 0
435 497 0
264 498 0
108 499 0
8 500 0
57 501 0
501 502 0
502 503 0
503 504 0
133 505 0
505 506 0
57 507 0
161 508 0
425 509 0
437 510 0
84 511 0
337 512 1
72 513 1
513 514 1
126 515 0
509 516 0
161 517 0
17 518 0
154 519 0
199 520 0
520 521 0
343 522 0
486 523 0
394 524 0
77 525 0
518 526 0
526 527 0
280 528 0
523 529 0
529 530 0
330 531 0
132 532 0
224 533 0
533 534 0
510 535 0
535 536 0
450 537 0
537 538 0
442 539 0
41 540 0
113 541 0
336 542 0
264 543 0
17 544 0
544 545 0
545 546 0
331 547 1
42 548 1
548 549 0
105 550 0
501 551 0
43 552 0
209 553 0
553 554 0
285 555 0
430 556 0
189 557 0
522 558 0
448 559 0
158 560 0
494 561 1
171 562 0
245 563 1
79 564 0
220 565 0
565 566 0
149 567 0
509 568 0
155 569 0
569 570 1
543 571 1
442 572 0
389 573 0
100 574 0
557 575 0
343 576 0
390 577 0
491 578 0
391 579 0
579 580 0
483 581 0
498 582 0
582 583 0
303 584 1
257 585 0
585 586 1
116 587 0
485 588 0
588 589 1
420 590 1
590 591 1
354 592 0
252 593 0
16 594 0
368 595 0
516 596 0
71 597 0
282 598 0
177 599 1
346 600 0
600 601 0
601 602 0
602 603 1
382 604 0
294 605 0
71 606 0
606 607 0
607 608 0
248 609 0
5 610 0
330 611 0
142 612 0
104 613 0
77 614 0
614 615 0
381 616 0
67 617 0
240 618 1
469 619 1
619 620 1
492 621 0
176 622 0
233 623 0
242 624 0
424 625 0
625 626 0
544 627 0
39 628 1
13 629 0
629 630 0
583 631 0
318 632 0
480 633 0
478 634 1
55 635 1
271 636 0
531 637 0
95 638 0
585 639 0
395 640 0
95 641 0
294 642 0
394 643 0
401 644 0
557 645 0
354 646 0
21 647 0
647 648 1
262 649 1
533 650 0
422 651 0
358 652 1
467 653 0
653 654 0
501 655 0
526 656 0
42 657 0
37 658 0
31 659 0
192 660 0
660 661 0
473 662 0
447 663 0
142 664 0
6 665 0
420 666 0
666 667 0
645 668 0
332 669 0
236 670 0
154 671 1
11 672 0
672 673 1
673 674 0
594 675 0
102 676 0
403 677 0
398 678 0
245 679 0
338 680 1
512 681 0
659 682 0
133 683 0
90 684 0
444 685 0
203 686 0
142 687 0
687 688 1
281 689 0
643 690 1
690 691 1
599 692 1
692 693 0
679 694 1
24 695 0
695 696 0
56 697 1
635 698 0
232 699 0
154 700 1
496 701 1
701 702 1
280 703 0
77 704 0
577 705 0
304 706 0
132 707 1
159 708 1
482 709 0
709 710 0
478 711 1
171 712 0
712 713 0
713 714 0
355 715 0
466 716 0
716 717 1
242 718 0
36 719 0
719 720 0
720 721 1
721 722 1
453 723 0
523 724 0
724 725 0
725 726 0
726 727 0
350 728 0
401 729 1
365 730 1
59 731 0
494 732 0
254 733 0
144 734 1
208 735 0
306 736 0
736 737 0
702 738 0
507 739 0
699 740 1
740 741 1
741 742 0
742 743 0
608 744 0
741 745 0
745 746 0
84 747 0
55 748 1
256 749 0
749 750 0
27 751 0
407 752 0
415 753 0
353 754 1
251 755 0
160 756 1
622 757 0
354 758 0
475 759 0
655 760 0
82 761 0
662 762 0
234 763 0
178 764 0
84 765 0
652 766 0
426 767 0
358 768 0
599 769 0
769 770 0
51 771 0
458 772 0
66 773 0
591 774 1
598 775 0
502 776 0
776 777 0
408 778 1
168 779 0
734 780 0
351 781 0
599 782 0
163 783 0
783 784 0
472 785 0
132 786 1
103 787 1
780 788 0
590 789 1
138 790 0
159 791 0
351 792 0
792 793 0
516 794 0
794 795 0
46 796 0
210 797 0
178 798 0
794 799 0
799 800 0
667 801 1
467 802 0
657 803 1
174 804 0
102 805 1
426 806 0
293 807 0
807 808 0
808 809 0
755 810 0
766 811 0
189 812 0
419 813 0
705 814 0
441 815 0
651 816 0
652 817 0
759 818 0
441 819 0
819 820 1
188 821 0
325 822 0
370 823 0
222 824 0
824 825 0
71 826 0
411 827 0
495 828 1
677 829 1
36 830 0
14 831 0
428 832 0
832 833 1
74 834 1
9 835 1
303 836 1
836 837 0
23 838 0
570 839 0
541 840 0
763 841 0
642 842 0
842 843 0
465 844 0
480 845 0
770 846 0
846 847 0
610 848 0
307 849 1
482 850 0
399 851 0
388 852 0
228 853 0
500 854 0
318 855 0
634 856 0
690 857 0
376 858 0
204 859 0
859 860 0
364 861 1
861 862 0
32 863 0
482 864 0
163 865 1
531 866 0
153 867 0
867 868 0
467 869 0
602 870 0
168 871 0
26 872 0
742 873 0
680 874 0
213 875 0
496 876 1
714 877 1
441 878 0
456 879 0
879 880 1
86 881 1
881 882 0
539 883 1
499 884 0
326 885 0
885 886 0
861 887 0
444 888 0
701 889 0
709 890 0
295 891 0
891 892 0
733 893 0
412 894 0
514 895 0
895 896 0
896 897 0
769 898 0
898 899 0
547 900 0
900 901 0
684 902 0
648 903 0
903 904 0
109 905 0
650 906 0
906 907 1
907 908 0
908 909 0
786 910 0
9 911 0
911 912 0
132 913 0
913 914 0
399 915 0
401 916 0
916 917 1
649 918 0
104 919 0
53 920 0
92 921 0
288 922 1
851 923 1
848 924 0
128 925 0
760 926 1
24 927 0
854 928 0
509 929 0
800 930 0
930 931 0
931 932 0
157 933 1
565 934 1
546 935 0
935 936 0
329 937 0
575 938 1
360 939 1
939 940 0
923 941 0
500 942 0
159 943 1
618 944 0
375 945 0
733 946 1
946 947 0
215 948 0
948 949 0
570 950 0
506 951 0
217 952 0
557 953 0
953 954 0
954 955 0
458 956 1
288 957 0
296 958 0
47 959 0
774 960 0
748 961 0
180 962 0
723 963 0
855 964 0
711 965 0
54 966 0
653 967 0
967 968 1
234 969 0
274 970 0
390 971 0
838 972 0
443 973 0
402 974 1
286 975 0
194 976 0
797 977 0
891 978 1
777 979 0
339 980 0
726 981 1
981 982 0
982 983 0
417 984 0
285 985 0
222 986 0
833 987 0
441 988 0
958 989 0
512 990 0
938 991 0
947 992 0
256 993 0
723 994 0
994 995 0
995 996 1
996 997 1
997 998 1
815 999 0
323 1000 0
341 1001 0
580 1002 0
425 1003 0
110 1004 0
275 1005 0
279 1006 0
645 1007 1
1007 1008 0
398 1009 0
51 1010 0
696 1011 0
514 1012 0
881 1013 0
702 1014 0
247 1015 0
56 1016 0
1016 1017 1
133 1018 0
864 1019 1
994 1020 0
190 1021 1
929 1022 0
927 1023 1
227 1024 0
375 1025 0
758 1026 1
1026 1027 0
833 1028 0
1028 1029 0
1029 1030 1
1030 1031 0
742 1032 1
683 1033 0
416 1034 0
706 1035 1
364 1036 0
1036 1037 0
166 1038 0
305 1039 1
1039 1040 0
463 1041 0
726 1042 0
1042 1043 1
8 1044 0
979 1045 0
66 1046 1
1046 1047 0
224 1048 0
416 1049 0
784 1050 0
1050 1051 0
975 1052 0
1039 1053 0
1053 1054 0
553 1055 0
157 1056 0
536 1057 0
1057 1058 1
1058 1059 1
93 1060 0
300 1061 1
248 1062 0
1062 1063 0
333 1064 0
514 1065 0
1065 1066 0
1066 1067 0
1017 1068 0
1068 1069 0
13 1070 0
196 1071 1
1071 1072 0
1072 1073 0
629 1074 0
458 1075 0
1075 1076 0
375 1077 1
695 1078 1
480 1079 1
821 1080 0
326 1081 0
1081 1082 0
208 1083 0
1083 1084 0
1084 1085 0
977 1086 0
85 1087 0
1087 1088 0
1088 1089 0
829 1090 0
210 1091 0
145 1092 0
177 1093 0
304 1094 0
643 1095 0
812 1096 1
1096 1097 0
681 1098 1
690 1099 1
1099 1100 0
1100 1101 0
157 1102 1
460 1103 1
583 1104 0
338 1105 0
793 1106 0
758 1107 0
1107 1108 0
62 1109 0
358 1110 1
1110 1111 0
765 1112 0
264 1113 1
1051 1114 0
1114 1115 0
406 1116 0
993 1117 0
398 1118 0
1114 1119 1
473 1120 0
455 1121 0
292 1122 1
235 1123 1
359 1124 0
947 1125 0
916 1126 1
165 1127 0
275 1128 0
838 1129 0
759 1130 1
538 1131 0
844 1132 0
1132 1133 0
129 1134 0
708 1135 0
1135 1136 0
753 1137 0
984 1138 0
1138 1139 0
345 1140 0
1067 1141 0
142 1142 0
1142 1143 0
24 1144 0
110 1145 0
1145 1146 0
395 1147 0
119 1148 0
567 1149 1
667 1150 1
1150 1151 0
361 1152 1
1152 1153 0
396 1154 1
835 1155 0
1155 1156 0
1011 1157 0
1157 1158 0
347 1159 1
1159 1160 0
1160 1161 0
1097 1162 0
399 1163 0
758 1164 1
234 1165 0
1013 1166 0
1166 1167 1
19 1168 0
767 1169 0
1128 1170 1
433 1171 0
858 1172 0
519 1173 0
1173 1174 1
530 1175 1
963 1176 1
715 1177 0
519 1178 0
1178 1179 0
1179 1180 0
147 1181 0
1 1182 0
428 1183 0
1183 1184 0
709 1185 1
1104 1186 0
1186 1187 0
499 1188 1
677 1189 0
1090 1190 0
1021 1191 1
660 1192 0
145 1193 0
684 1194 0
826 1195 0
120 1196 0
996 1197 0
669 1198 0
494 1199 0
3 1200 0
96 1201 0
865 1202 0
363 1203 0
359 1204 0
862 1205 0
823 1206 0
153 1207 0
748 1208 0
181 1209 0
1012 1210 0
1210 1211 0
759 1212 0
1187 1213 1
395 1214 0
169 1215 0
498 1216 0
327 1217 0
1185 1218 0
1133 1219 0
944 1220 0
887 1221 0
947 1222 0
844 1223 0
1143 1224 0
1224 1225 0
120 1226 0
272 1227 1
1160 1228 0
260 1229 0
1077 1230 0
1031 1231 1
164 1232 1
1163 1233 0
659 1234 0
862 1235 1
656 1236 1
561 1237 1
142 1238 0
944 1239 0
883 1240 0
941 1241 0
1146 1242 0
419 1243 0
1175 1244 0
1123 1245 0
1088 1246 0
997 1247 0
1247 1248 0
1248 1249 0
1113 1250 0
1087 1251 0
1140 1252 0
1252 1253 0
1071 1254 1
1254 1255 0
225 1256 0
78 1257 0
531 1258 0
706 1259 0
2 1260 0
1260 1261 0
282 1262 1
42 1263 0
1263 1264 0
1264 1265 0
280 1266 1
819 1267 1
676 1268 1
221 1269 0
746 1270 0
770 1271 0
780 1272 1
659 1273 0
136 1274 1
498 1275 0
311 1276 0
1118 1277 0
1277 1278 0
1278 1279 0
1279 1280 0
543 1281 0
502 1282 1
376 1283 0
76 1284 0
1284 1285 0
1041 1286 1
241 1287 1
927 1288 0
350 1289 0
578 1290 0
1290 1291 0
60 1292 0
1013 1293 0
1266 1294 0
1058 1295 0
88 1296 0
44 1297 0
165 1298 0
199 1299 0
964 1300 0
775 1301 0
837 1302 0
1302 1303 0
1153 1304 0
1304 1305 0
721 1306 0
1271 1307 1
10 1308 0
128 1309 0
289 1310 0
990 1311 0
963 1312 1
455 1313 0
16 1314 1
64 1315 0
1315 1316 0
1316 1317 1
1317 1318 0
1318 1319 0
974 1320 0
300 1321 0
396 1322 1
288 1323 0
1260 1324 0
276 1325 0
1142 1326 0
653 1327 0
908 1328 0
388 1329 0
156 1330 0
813 1331 0
208 1332 0
908 1333 0
1333 1334 0
794 1335 0
1325 1336 1
362 1337 0
896 1338 0
1338 1339 0
1339 1340 0
156 1341 0
280 1342 0
923 1343 0
78 1344 0
658 1345 0
1345 1346 0
806 1347 0
1008 1348 0
867 1349 0
1064 1350 0
666 1351 0
949 1352 0
1352 1353 0
463 1354 0
897 1355 0
1355 1356 0
790 1357 0
2 1358 0
238 1359 1
1359 1360 0
27 1361 1
1202 1362 0
1362 1363 0
923 1364 0
1251 1365 0
924 1366 0
898 1367 1
786 1368 0
1299 1369 0
744 1370 0
202 1371 0
301 1372 1
629 1373 0
957 1374 0
1374 1375 0
1107 1376 0
622 1377 0
696 1378 0
879 1379 0
236 1380 1
1162 1381 0
866 1382 0
886 1383 0
1383 1384 0
1290 1385 1
1385 1386 0
870 1387 0
549 1388 0
911 1389 0
1310 1390 0
1080 1391 0
389 1392 0
1338 1393 0
872 1394 0
259 1395 0
879 1396 0
956 1397 0
1397 1398 0
722 1399 0
318 1400 0
4 1401 0
1024 1402 0
1402 1403 0
522 1404 0
653 1405 0
1101 1406 0
1406 1407 0
1088 1408 0
1408 1409 1
1028 1410 0
1172 1411 0
299 1412 0
1296 1413 0
902 1414 0
391 1415 0
1415 1416 0
1393 1417 0
356 1418 0
1418 1419 0
213 1420 0
1128 1421 0
754 1422 0
1241 1423 1
805 1424 0
1424 1425 0
27 1426 0
401 1427 0
65 1428 0
25 1429 1
110 1430 0
1137 1431 0
476 1432 0
419 1433 0
207 1434 1
183 1435 0
1156 1436 0
934 1437 1
912 1438 0
87 1439 1
723 1440 0
706 1441 0
1441 1442 0
1442 1443 1
670 1444 0
1444 1445 0
1445 1446 0
371 1447 0
270 1448 1
996 1449 0
1449 1450 0
1270 1451 0
79 1452 0
630 1453 1
1314 1454 0
1454 1455 1
1248 1456 0
1322 1457 0
740 1458 0
116 1459 0
1459 1460 1
1460 1461 0
1102 1462 0
1042 1463 0
122 1464 0
326 1465 0
679 1466 0
514 1467 0
1467 1468 0
518 1469 0
768 1470 1
1470 1471 0
541 1472 0
1472 1473 0
31 1474 0
25 1475 0
1429 1476 0
3 1477 0
831 1478 0
11 1479 0
76 1480 0
1322 1481 0
504 1482 0
156 1483 0
262 1484 1
596 1485 0
981 1486 0
712 1487 1
1029 1488 0
806 1489 0
1489 1490 0
1490 1491 0
1491 1492 0
256 1493 0
88 1494 1
1250 1495 1
338 1496 0
1346 1497 0
355 1498 1
809 1499 0
929 1500 0
1441 1501 0
348 1502 0
1502 1503 0
194 1504 1
541 1505 0
1450 1506 0
1250 1507 0
652 1508 0
1508 1509 0
1387 1510 0
1349 1511 0
1144 1512 0
549 1513 0
1106 1514 0
841 1515 0
197 1516 0
816 1517 0
1517 1518 0
918 1519 0
1519 1520 0
1520 1521 0
666 1522 0
704 1523 1
1331 1524 0
1003 1525 1
171 1526 1
1526 1527 0
88 1528 0
1302 1529 0
1529 1530 1
1097 1531 1
786 1532 0
1532 1533 0
173 1534 1
1510 1535 1
1535 1536 1
844 1537 0
1537 1538 0
1538 1539 0
606 1540 0
180 1541 0
1383 1542 0
923 1543 0
335 1544 0
1335 1545 0
1069 1546 1
1167 1547 0
428 1548 0
271 1549 1
1131 1550 0
831 1551 0
1551 1552 0
510 1553 0
529 1554 0
966 1555 1
1555 1556 0
954 1557 0
1557 1558 0
1062 1559 0
671 1560 1
438 1561 0
364 1562 0
1023 1563 0
140 1564 0
196 1565 0
1225 1566 0
521 1567 1
1370 1568 0
934 1569 0
1082 1570 0
493 1571 0
904 1572 0
561 1573 0
1468 1574 1
747 1575 0
1388 1576 0
438 1577 0
857 1578 1
886 1579 0
1579 1580 1
1564 1581 0
1581 1582 0
405 1583 0
1324 1584 0
1584 1585 1
1585 1586 0
900 1587 0
960 1588 1
823 1589 0
331 1590 0
1590 1591 0
249 1592 0
930 1593 0
856 1594 1
1594 1595 0
1595 1596 1
832 1597 0
242 1598 0
681 1599 0
73 1600 0
1297 1601 0
1324 1602 0
41 1603 0
799 1604 0
3 1605 0
486 1606 0
411 1607 1
304 1608 0
1437 1609 0
13 1610 0
536 1611 1
851 1612 0
1033 1613 0
370 1614 0
59 1615 0
340 1616 0
1077 1617 0
1617 1618 1
1264 1619 1
777 1620 0
414 1621 0
927 1622 0
741 1623 0
255 1624 0
1229 1625 0
349 1626 0
66 1627 0
1252 1628 1
1628 1629 0
1266 1630 0
814 1631 0
656 1632 0
243 1633 0
1633 1634 0
1634 1635 0
432 1636 0
276 1637 0
1182 1638 0
834 1639 0
1049 1640 0
1330 1641 0
1108 1642 0
541 1643 0
1374 1644 0
743 1645 0
1645 1646 0
1141 1647 0
1647 1648 0
534 1649 0
1064 1650 0
1650 1651 0
1287 1652 1
349 1653 0
348 1654 0
89 1655 0
1631 1656 0
1656 1657 0
773 1658 0
563 1659 0
725 1660 0
309 1661 0
1661 1662 0
655 1663 0
705 1664 0
608 1665 0
531 1666 0
967 1667 0
991 1668 0
502 1669 0
1602 1670 0
1165 1671 0
829 1672 0
606 1673 0
1673 1674 0
1022 1675 0
1302 1676 1
1676 1677 0
1677 1678 1
528 1679 0
291 1680 0
1117 1681 0
1681 1682 1
662 1683 0
1683 1684 0
1652 1685 0
1685 1686 0
253 1687 1
586 1688 0
1301 1689 0
415 1690 0
1268 1691 0
1028 1692 0
1692 1693 0
1120 1694 0
1418 1695 0
594 1696 0
629 1697 0
588 1698 0
63 1699 0
1699 1700 0
1700 1701 0
494 1702 0
647 1703 1
561 1704 0
1704 1705 0
1705 1706 1
132 1707 0
1707 1708 1
384 1709 0
1709 1710 0
1710 1711 1
960 1712 0
10 1713 0
1713 1714 0
1064 1715 0
1715 1716 0
892 1717 1
92 1718 1
185 1719 0
978 1720 0
165 1721 0
1721 1722 0
223 1723 0
452 1724 0
1592 1725 0
100 1726 0
1726 1727 0
88 1728 1
1418 1729 0
1125 1730 0
1319 1731 0
1731 1732 0
924 1733 1
113 1734 0
1497 1735 0
1278 1736 0
942 1737 0
799 1738 0
433 1739 0
124 1740 1
1349 1741 0
1187 1742 0
474 1743 1
846 1744 0
1703 1745 0
229 1746 0
1232 1747 0
1403 1748 0
1748 1749 0
872 1750 0
1640 1751 0
1289 1752 0
544 1753 1
795 1754 0
279 1755 0
1755 1756 0
1756 1757 1
8 1758 0
479 1759 0
18 1760 1
1380 1761 0
527 1762 0
1762 1763 0
698 1764 0
1617 1765 0
1247 1766 0
1163 1767 0
1553 1768 0
459 1769 1
596 1770 0
818 1771 1
280 1772 0
901 1773 0
1147 1774 1
592 1775 0
186 1776 0
513 1777 0
51 1778 0
1 1779 0
1779 1780 1
386 1781 0
1781 1782 0
586 1783 0
1554 1784 0
209 1785 0
371 1786 0
1243 1787 1
1787 1788 0
1756 1789 0
1456 1790 0
157 1791 0
620 1792 0
1792 1793 1
438 1794 0
8 1795 0
824 1796 0
1319 1797 0
771 1798 0
816 1799 0
1562 1800 0
1559 1801 0
861 1802 0
429 1803 0
1032 1804 0
247 1805 1
665 1806 0
1806 1807 0
520 1808 1
495 1809 0
1054 1810 0
807 1811 1
567 1812 0
1812 1813 0
617 1814 0
446 1815 1
1302 1816 1
1805 1817 0
1221 1818 1
419 1819 1
1336 1820 0
83 1821 0
1778 1822 0
1716 1823 0
301 1824 0
1824 1825 0
908 1826 0
148 1827 0
803 1828 1
1066 1829 0
1315 1830 0
697 1831 0
1327 1832 0
1832 1833 0
1659 1834 1
1834 1835 0
1744 1836 0
1836 1837 0
400 1838 0
1597 1839 0
58 1840 0
319 1841 0
992 1842 0
482 1843 0
1843 1844 1
1390 1845 0
1160 1846 1
1846 1847 1
1847 1848 1
88 1849 0
870 1850 0
1758 1851 0
1082 1852 0
1852 1853 1
1853 1854 0
1854 1855 1
417 1856 0
1856 1857 0
1528 1858 0
1281 1859 0
1796 1860 0
1365 1861 0
1861 1862 0
1592 1863 0
295 1864 0
468 1865 0
1807 1866 0
296 1867 0
1534 1868 0
670 1869 0
383 1870 0
500 1871 0
1211 1872 0
343 1873 0
1369 1874 1
1137 1875 1
1393 1876 0
209 1877 1
1877 1878 0
21 1879 0
61 1880 0
267 1881 0
1569 1882 0
1882 1883 0
392 1884 0
1640 1885 0
642 1886 0
1886 1887 0
1005 1888 0
1888 1889 1
1091 1890 0
1890 1891 0
1722 1892 0
1007 1893 0
1893 1894 0
1332 1895 1
1086 1896 0
1896 1897 0
721 1898 0
1898 1899 0
976 1900 0
1900 1901 0
1126 1902 0
506 1903 0
168 1904 0
1904 1905 1
1685 1906 0
100 1907 0
1907 1908 1
1908 1909 0
16 1910 0
42 1911 0
1789 1912 0
1889 1913 0
189 1914 0
703 1915 0
1027 1916 0
181 1917 0
1016 1918 0
1083 1919 0
744 1920 0
1920 1921 0
1898 1922 0
594 1923 0
1863 1924 0
851 1925 1
1925 1926 0
1926 1927 0
480 1928 0
1835 1929 0
1332 1930 1
40 1931 0
1443 1932 0
617 1933 0
1071 1934 0
1818 1935 0
1935 1936 1
1013 1937 0
660 1938 0
1626 1939 0
1558 1940 1
66 1941 0
778 1942 1
1373 1943 0
710 1944 0
1624 1945 1
1945 1946 0
1365 1947 1
1947 1948 0
148 1949 0
1949 1950 0
1915 1951 0
1951 1952 0
394 1953 0
983 1954 0
1340 1955 0
389 1956 0
61 1957 0
1957 1958 1
1895 1959 0
1840 1960 0
1960 1961 0
596 1962 0
518 1963 0
849 1964 0
1085 1965 0
885 1966 1
419 1967 1
1967 1968 0
1968 1969 0
497 1970 1
1841 1971 1
386 1972 0
1297 1973 1
392 1974 0
951 1975 1
1975 1976 0
1310 1977 0
135 1978 0
268 1979 0
684 1980 0
1980 1981 0
316 1982 0
466 1983 1
566 1984 1
1385 1985 0
246 1986 1
1654 1987 0
1087 1988 1
1396 1989 0
1989 1990 1
1990 1991 0
227 1992 0
1992 1993 0
1993 1994 1
1467 1995 1
443 1996 0
581 1997 0
739 1998 0
882 1999 0
742 2000 0
1355 2001 0
2001 2002 0
915 2003 0
2003 2004 0
2004 2005 0
1036 2006 0
184 2007 1
2007 2008 0
642 2009 0
1230 2010 0
1478 2011 0
354 2012 0
1350 2013 0
731 2014 0
2014 2015 0
496 2016 1
487 2017 1
2017 2018 0
584 2019 0
518 2020 0
2020 2021 0
510 2022 0
2022 2023 0
894 2024 0
2024 2025 1
2025 2026 1
1070 2027 1
1045 2028 0
1542 2029 0
252 2030 0
668 2031 0
173 2032 1
1686 2033 1
129 2034 1
1004 2035 0
321 2036 0
2036 2037 0
127 2038 1
2038 2039 0
694 2040 0
2040 2041 0
1965 2042 1
245 2043 0
1117 2044 0
2044 2045 0
2045 2046 0
2046 2047 1
1709 2048 0
2048 2049 0
194 2050 0
1514 2051 0
1345 2052 0
1888 2053 0
912 2054 1
2054 2055 0
2055 2056 0
473 2057 0
1667 2058 0
2058 2059 1
836 2060 1
17 2061 0
723 2062 0
935 2063 0
1208 2064 1
2064 2065 0
410 2066 1
1529 2067 0
39 2068 0
1144 2069 1
1669 2070 1
2070 2071 0
2071 2072 1
914 2073 0
1382 2074 1
576 2075 0
2075 2076 0
293 2077 0
1974 2078 0
1922 2079 0
1311 2080 1
1538 2081 0
2081 2082 0
2074 2083 1
493 2084 0
619 2085 0
300 2086 0
180 2087 0
1183 2088 0
1277 2089 0
54 2090 0
1890 2091 0
1954 2092 0
2092 2093 0
1305 2094 0
951 2095 0
2095 2096 0
2096 2097 0
1514 2098 1
671 2099 0
1159 2100 0
1484 2101 0
72 2102 0
2102 2103 0
993 2104 0
2104 2105 0
2105 2106 0
1626 2107 0
722 2108 0
686 2109 0
1160 2110 0
1662 2111 1
1508 2112 0
2112 2113 0
1860 2114 0
2114 2115 0
174 2116 1
2116 2117 1
1004 2118 0
860 2119 0
1439 2120 0
900 2121 0
478 2122 1
1510 2123 1
401 2124 1
1486 2125 1
2125 2126 0
952 2127 0
1926 2128 1
1900 2129 0
1364 2130 0
2130 2131 0
2131 2132 0
2093 2133 1
1893 2134 0
1487 2135 0
563 2136 0
1517 2137 0
1768 2138 1
572 2139 1
168 2140 1
943 2141 0
483 2142 0
1594 2143 0
2143 2144 0
1907 2145 0
759 2146 0
2004 2147 0
930 2148 0
1339 2149 0
2149 2150 0
228 2151 0
2151 2152 0
1341 2153 0
1135 2154 0
2154 2155 0
156 2156 0
70 2157 0
1567 2158 0
625 2159 0
879 2160 1
1628 2161 0
935 2162 0
2162 2163 1
1874 2164 0
457 2165 0
72 2166 1
1498 2167 0
1133 2168 0
1476 2169 0
1003 2170 0
431 2171 0
521 2172 0
195 2173 0
2173 2174 0
660 2175 1
166 2176 1
2023 2177 1
1059 2178 0
1119 2179 0
2029 2180 1
1907 2181 0
969 2182 0
730 2183 0
639 2184 0
1292 2185 0
2050 2186 0
2186 2187 0
256 2188 0
2188 2189 0
1893 2190 1
2190 2191 0
1357 2192 1
512 2193 1
329 2194 1
1378 2195 0
328 2196 0
965 2197 0
2197 2198 0
398 2199 0
1560 2200 0
73 2201 0
1786 2202 0
893 2203 1
249 2204 0
477 2205 0
679 2206 0
2206 2207 0
773 2208 1
1078 2209 0
950 2210 1
1693 2211 0
1452 2212 0
776 2213 1
1439 2214 0
660 2215 1
666 2216 0
789 2217 0
745 2218 0
2218 2219 0
1512 2220 0
1875 2221 0
569 2222 0
767 2223 0
2132 2224 0
1035 2225 1
289 2226 0
1440 2227 1
912 2228 0
2056 2229 0
2182 2230 0
2230 2231 1
725 2232 0
1531 2233 1
560 2234 0
1324 2235 0
801 2236 0
1835 2237 0
1332 2238 0
718 2239 0
1868 2240 0
1158 2241 0
1266 2242 0
1625 2243 1
1298 2244 0
474 2245 0
2148 2246 1
2169 2247 0
889 2248 0
2248 2249 0
189 2250 0
2018 2251 0
1246 2252 0
65 2253 0
485 2254 0
1224 2255 0
527 2256 0
1210 2257 0
863 2258 0
2187 2259 0
1105 2260 0
2034 2261 1
901 2262 0
1692 2263 0
1303 2264 0
503 2265 0
2265 2266 0
2266 2267 0
1128 2268 0
1668 2269 1
1180 2270 0
78 2271 0
2271 2272 0
2272 2273 0
2273 2274 0
1012 2275 0
824 2276 0
1468 2277 0
1161 2278 0
2278 2279 0
589 2280 0
2280 2281 0
503 2282 0
1466 2283 0
1351 2284 0
343 2285 0
1956 2286 0
329 2287 0
2287 2288 0
660 2289 1
1930 2290 1
2130 2291 1
179 2292 0
245 2293 0
1896 2294 0
603 2295 0
54 2296 0
1504 2297 0
960 2298 0
857 2299 0
2299 2300 0
533 2301 0
1943 2302 0
113 2303 0
1916 2304 1
2228 2305 0
1708 2306 0
1545 2307 0
1621 2308 1
2308 2309 0
1459 2310 0
794 2311 0
1298 2312 0
719 2313 0
1562 2314 0
250 2315 0
2006 2316 1
610 2317 0
368 2318 0
1871 2319 0
1477 2320 1
535 2321 1
6 2322 0
635 2323 0
2323 2324 0
1940 2325 0
1513 2326 0
1609 2327 1
682 2328 0
2297 2329 0
1857 2330 1
586 2331 0
364 2332 0
1684 2333 0
838 2334 0
1992 2335 0
1553 2336 0
1654 2337 0
1991 2338 0
2338 2339 1
1277 2340 0
1943 2341 0
1379 2342 0
2342 2343 0
1483 2344 0
915 2345 0
1116 2346 0
1453 2347 0
2347 2348 0
1380 2349 1
1040 2350 0
1663 2351 0
1518 2352 0
2283 2353 1
2324 2354 0
119 2355 0
461 2356 1
2356 2357 1
1309 2358 0
2358 2359 0
2359 2360 0
2049 2361 0
570 2362 1
1336 2363 0
939 2364 0
516 2365 0
2098 2366 0
1893 2367 1
270 2368 1
2368 2369 0
269 2370 0
2246 2371 1
792 2372 1
2249 2373 1
335 2374 0
2374 2375 0
27 2376 0
2097 2377 0
1366 2378 1
611 2379 0
941 2380 1
341 2381 0
2381 2382 1
569 2383 0
2117 2384 0
2247 2385 0
974 2386 0
227 2387 1
178 2388 0
2388 2389 1
1024 2390 0
1620 2391 0
596 2392 0
520 2393 0
2393 2394 0
1625 2395 0
947 2396 0
2396 2397 1
1716 2398 0
623 2399 0
1424 2400 0
913 2401 1
1451 2402 0
1476 2403 0
2403 2404 0
44 2405 0
52 2406 1
268 2407 0
525 2408 1
2408 2409 1
1703 2410 0
887 2411 0
2411 2412 0
2412 2413 0
710 2414 0
2414 2415 0
2415 2416 0
332 2417 0
2030 2418 0
1275 2419 0
2240 2420 0
1630 2421 0
2421 2422 0
917 2423 1
2319 2424 0
1986 2425 0
1050 2426 1
2426 2427 0
2196 2428 0
2386 2429 0
2429 2430 0
903 2431 1
811 2432 0
1196 2433 0
2224 2434 0
205 2435 1
1172 2436 1
2436 2437 1
2000 2438 0
680 2439 1
44 2440 0
2440 2441 0
1717 2442 0
1283 2443 0
2443 2444 0
940 2445 0
1103 2446 0
1790 2447 1
2447 2448 0
2448 2449 1
1903 2450 0
415 2451 0
2281 2452 0
1464 2453 1
2453 2454 0
2454 2455 0
971 2456 1
422 2457 0
473 2458 1
1270 2459 1
1967 2460 0
252 2461 0
273 2462 0
340 2463 0
1512 2464 0
1189 2465 0
1615 2466 1
1131 2467 0
2146 2468 0
2468 2469 0
1771 2470 0
2470 2471 0
1281 2472 0
2055 2473 0
1622 2474 1
2474 2475 0
2314 2476 0
1201 2477 1
1455 2478 0
2478 2479 0
754 2480 0
2480 2481 0
1813 2482 0
2482 2483 0
1717 2484 0
2405 2485 0
2485 2486 0
739 2487 0
2326 2488 1
2488 2489 0
1061 2490 0
2490 2491 1
2064 2492 0
362 2493 0
554 2494 1
2494 2495 0
1132 2496 0
616 2497 0
2151 2498 0
1340 2499 0
1593 2500 0
2071 2501 0
2501 2502 0
533 2503 1
1913 2504 0
2504 2505 0
1363 2506 1
2301 2507 0
826 2508 0
739 2509 0
1665 2510 0
2261 2511 0
1279 2512 0
347 2513 0
2062 2514 1
2229 2515 0
1017 2516 0
2516 2517 0
2517 2518 0
2518 2519 0
1680 2520 1
376 2521 1
2219 2522 0
309 2523 0
1352 2524 0
1930 2525 0
2525 2526 0
2396 2527 0
2527 2528 0
2528 2529 0
1373 2530 0
1476 2531 0
1672 2532 0
1672 2533 0
1303 2534 0
275 2535 0
1019 2536 1
48 2537 0
2537 2538 0
324 2539 0
531 2540 1
1927 2541 0
1480 2542 0
2155 2543 0
825 2544 0
1365 2545 0
477 2546 0
2404 2547 0
2317 2548 0
2199 2549 1
1870 2550 0
1969 2551 0
778 2552 0
1163 2553 0
1654 2554 1
1948 2555 1
1753 2556 1
1658 2557 1
2557 2558 0
2558 2559 0
402 2560 0
94 2561 1
723 2562 1
1750 2563 0
2004 2564 0
438 2565 0
2255 2566 1
333 2567 0
1662 2568 0
2568 2569 1
2569 2570 0
2570 2571 0
2514 2572 0
2127 2573 1
1412 2574 1
1986 2575 0
2462 2576 0
2201 2577 0
1386 2578 0
2476 2579 0
169 2580 1
101 2581 0
2033 2582 0
2544 2583 1
2187 2584 0
2074 2585 0
2585 2586 0
1293 2587 0
975 2588 0
1943 2589 0
2589 2590 0
1079 2591 1
1650 2592 0
2592 2593 1
965 2594 0
482 2595 1
2595 2596 1
764 2597 1
204 2598 0
2325 2599 1
1469 2600 1
154 2601 0
1968 2602 0
1485 2603 0
1367 2604 0
2037 2605 0
1834 2606 1
2606 2607 1
581 2608 0
903 2609 1
2609 2610 0
596 2611 0
493 2612 0
2612 2613 0
2613 2614 0
892 2615 0
2615 2616 0
2616 2617 0
103 2618 0
432 2619 0
1532 2620 0
1997 2621 1
2621 2622 0
742 2623 0
2032 2624 0
2624 2625 0
2378 2626 0
1234 2627 0
953 2628 0
428 2629 0
1991 2630 0
1432 2631 0
2631 2632 0
2632 2633 0
245 2634 0
1883 2635 0
1697 2636 0
588 2637 0
594 2638 0
2491 2639 0
1731 2640 0
505 2641 0
2571 2642 1
2546 2643 0
2643 2644 0
1257 2645 0
2012 2646 0
90 2647 0
1191 2648 0
1777 2649 0
2112 2650 0
2650 2651 0
939 2652 0
951 2653 1
1076 2654 0
2351 2655 1
2655 2656 0
2656 2657 0
1453 2658 0
1163 2659 0
1913 2660 1
1446 2661 1
1121 2662 0
2662 2663 0
1889 2664 1
978 2665 0
2554 2666 0
1090 2667 0
759 2668 0
1222 2669 0
248 2670 0
2670 2671 0
946 2672 0
2350 2673 0
2446 2674 0
2674 2675 0
2268 2676 1
2294 2677 0
354 2678 0
2678 2679 0
2679 2680 0
2389 2681 0
2681 2682 0
652 2683 1
2683 2684 0
352 2685 0
2685 2686 0
1071 2687 0
1796 2688 0
1377 2689 0
2364 2690 0
1664 2691 0
1914 2692 0
16 2693 0
1066 2694 0
1507 2695 1
2695 2696 1
2567 2697 1
1621 2698 0
2378 2699 0
340 2700 0
1787 2701 0
1953 2702 1
725 2703 0
2703 2704 0
1278 2705 0
2705 2706 0
1105 2707 0
641 2708 0
1802 2709 0
1311 2710 0
2052 2711 0
1350 2712 1
1675 2713 0
2713 2714 0
2714 2715 0
541 2716 0
551 2717 1
2293 2718 0
2434 2719 0
1762 2720 0
2651 2721 0
1272 2722 0
2052 2723 0
1299 2724 1
1293 2725 0
414 2726 0
1483 2727 0
2148 2728 0
2514 2729 0
1318 2730 1
1530 2731 1
719 2732 0
2324 2733 0
662 2734 1
2137 2735 0
1603 2736 0
194 2737 1
2737 2738 0
965 2739 1
241 2740 0
109 2741 0
1103 2742 0
1212 2743 0
1701 2744 0
903 2745 0
2492 2746 1
2746 2747 0
2747 2748 0
2748 2749 0
380 2750 1
1377 2751 0
2751 2752 0
2364 2753 1
693 2754 0
2754 2755 0
211 2756 0
1832 2757 0
929 2758 0
2758 2759 0
2759 2760 0
2377 2761 1
2498 2762 1
1200 2763 0
621 2764 0
1675 2765 0
1513 2766 0
2178 2767 0
1642 2768 0
2408 2769 0
283 2770 0
2262 2771 0
2500 2772 1
2772 2773 0
1600 2774 0
2774 2775 0
1767 2776 0
2776 2777 0
2777 2778 0
1770 2779 0
1064 2780 0
2405 2781 0
1764 2782 1
2750 2783 0
2307 2784 0
2618 2785 0
1301 2786 1
2786 2787 0
849 2788 0
2788 2789 0
2318 2790 0
1145 2791 0
2243 2792 0
2792 2793 0
2379 2794 0
31 2795 1
396 2796 0
2467 2797 0
2626 2798 1
1489 2799 0
2799 2800 0
2800 2801 0
2801 2802 0
2330 2803 1
201 2804 0
601 2805 0
2112 2806 0
1335 2807 1
2413 2808 0
2808 2809 0
72 2810 0
2810 2811 1
2811 2812 0
1755 2813 1
2787 2814 1
68 2815 0
2815 2816 0
687 2817 0
1426 2818 0
2818 2819 1
768 2820 0
2820 2821 0
2543 2822 0
2269 2823 0
2196 2824 1
1541 2825 0
826 2826 1
2260 2827 1
2827 2828 0
2155 2829 0
1794 2830 0
30 2831 0
1693 2832 1
1087 2833 1
1500 2834 0
724 2835 0
2394 2836 0
959 2837 0
2453 2838 0
2838 2839 0
2240 2840 0
2840 2841 1
2841 2842 0
2543 2843 0
1904 2844 1
1775 2845 0
2845 2846 1
2357 2847 0
2481 2848 0
2848 2849 1
2849 2850 0
2189 2851 1
395 2852 0
1098 2853 1
15 2854 1
2854 2855 0
716 2856 0
2795 2857 0
943 2858 0
2858 2859 1
1223 2860 0
1519 2861 0
2861 2862 0
498 2863 0
121 2864 0
116 2865 0
2865 2866 1
2087 2867 0
65 2868 0
2169 2869 0
2858 2870 0
2793 2871 0
699 2872 0
2872 2873 0
2346 2874 0
645 2875 0
142 2876 0
2250 2877 0
2671 2878 0
921 2879 0
1107 2880 0
2880 2881 0
1441 2882 1
714 2883 0
1019 2884 1
2658 2885 0
1867 2886 0
2886 2887 0
2566 2888 0
2064 2889 0
888 2890 0
2890 2891 0
457 2892 0
2508 2893 0
2893 2894 0
1599 2895 0
2583 2896 0
180 2897 1
541 2898 1
964 2899 0
2807 2900 1
771 2901 0
1887 2902 1
8 2903 0
2103 2904 0
1883 2905 1
2905 2906 0
2771 2907 0
992 2908 0
2387 2909 0
352 2910 0
2910 2911 0
2907 2912 0
2837 2913 0
2913 2914 0
598 2915 0
2208 2916 1
1894 2917 0
2917 2918 0
2918 2919 0
99 2920 1
1825 2921 0
2324 2922 0
2270 2923 0
463 2924 0
2924 2925 1
760 2926 0
1058 2927 0
307 2928 0
2848 2929 0
2759 2930 0
531 2931 0
2546 2932 0
2932 2933 1
1360 2934 0
1473 2935 0
2451 2936 0
1249 2937 1
2937 2938 0
2938 2939 0
2929 2940 1
1128 2941 0
2941 2942 0
859 2943 0
2943 2944 0
503 2945 0
1510 2946 0
968 2947 0
976 2948 0
1856 2949 1
2220 2950 0
330 2951 0
2951 2952 0
2952 2953 0
279 2954 1
947 2955 1
519 2956 0
341 2957 0
150 2958 0
2958 2959 0
1928 2960 0
1377 2961 0
699 2962 0
1757 2963 0
2963 2964 0
1766 2965 1
1620 2966 0
216 2967 0
2967 2968 0
2591 2969 0
2969 2970 0
1272 2971 0
622 2972 0
2276 2973 0
2844 2974 0
2489 2975 0
152 2976 0
1353 2977 0
2977 2978 0
1693 2979 0
2893 2980 0
788 2981 0
2817 2982 0
2982 2983 0
2860 2984 0
1211 2985 0
49 2986 0
2986 2987 0
2826 2988 0
2988 2989 0
2989 2990 1
2832 2991 0
2731 2992 0
1036 2993 0
2993 2994 0
1631 2995 0
2995 2996 0
240 2997 0
2997 2998 1
2998 2999 1
882 3000 0
3000 3001 1
502 3002 0
3002 3003 0
450 3004 0
3004 3005 0
1984 3006 0
1530 3007 0
1278 3008 1
1289 3009 1
2629 3010 1
2783 3011 0
3011 3012 0
824 3013 0
2757 3014 0
1769 3015 0
2565 3016 0
30 3017 1
2020 3018 0
2549 3019 0
3019 3020 1
1200 3021 0
308 3022 0
869 3023 1
3023 3024 1
592 3025 0
2485 3026 1
748 3027 0
3027 3028 0
698 3029 0
181 3030 1
427 3031 1
3031 3032 1
2669 3033 0
759 3034 0
1324 3035 0
106 3036 0
1481 3037 0
2720 3038 0
3038 3039 0
1824 3040 0
1349 3041 0
3011 3042 0
2214 3043 0
2387 3044 0
2809 3045 0
1099 3046 0
2968 3047 1
2871 3048 0
1452 3049 1
3049 3050 0
2226 3051 0
1865 3052 0
3052 3053 1
2782 3054 1
3054 3055 0
94 3056 0
3056 3057 0
2903 3058 0
3058 3059 0
3059 3060 0
2390 3061 0
1495 3062 1
2378 3063 1
3063 3064 1
424 3065 1
2833 3066 0
2935 3067 0
1817 3068 0
1235 3069 0
1645 3070 1
2284 3071 0
1002 3072 0
1933 3073 0
1527 3074 0
1605 3075 0
2913 3076 0
1448 3077 0
2515 3078 0
503 3079 0
2901 3080 1
1115 3081 0
1931 3082 0
2682 3083 0
721 3084 0
3084 3085 1
239 3086 0
96 3087 0
229 3088 0
1674 3089 0
1903 3090 0
549 3091 0
2613 3092 1
3092 3093 0
1546 3094 0
3094 3095 0
789 3096 0
204 3097 0
2745 3098 0
2168 3099 0
1420 3100 0
59 3101 0
866 3102 0
2876 3103 1
1583 3104 0
1468 3105 1
1025 3106 0
2617 3107 0
661 3108 1
3108 3109 0
773 3110 1
1176 3111 0
2876 3112 0
1069 3113 0
3113 3114 1
282 3115 0
2062 3116 0
1683 3117 0
104 3118 1
3118 3119 0
2316 3120 0
2909 3121 0
985 3122 0
2960 3123 0
1580 3124 1
1416 3125 1
3125 3126 0
1270 3127 0
1308 3128 0
2287 3129 0
1235 3130 0
3130 3131 0
1502 3132 1
1256 3133 0
905 3134 0
3134 3135 0
117 3136 0
3136 3137 0
390 3138 0
3017 3139 0
1055 3140 0
1070 3141 1
1617 3142 0
2633 3143 0
3143 3144 1
2506 3145 0
2694 3146 0
96 3147 0
2009 3148 0
2305 3149 0
3149 3150 0
1406 3151 0
1332 3152 0
1317 3153 0
1027 3154 0
1990 3155 0
1970 3156 0
626 3157 0
761 3158 0
3158 3159 0
3159 3160 0
3160 3161 0
2968 3162 0
1615 3163 0
385 3164 0
3084 3165 0
2634 3166 0
98 3167 0
2621 3168 0
1616 3169 0
457 3170 0
1470 3171 0
3171 3172 0
1708 3173 1
1815 3174 0
1936 3175 0
3175 3176 0
2559 3177 0
387 3178 0
2511 3179 1
3179 3180 0
331 3181 1
1584 3182 0
1132 3183 1
128 3184 0
414 3185 0
1970 3186 0
650 3187 0
3187 3188 0
2390 3189 1
3189 3190 0
1111 3191 0
152 3192 1
1909 3193 0
3193 3194 0
3077 3195 1
2820 3196 0
181 3197 1
1286 3198 0
1376 3199 0
502 3200 0
3200 3201 0
3201 3202 0
2397 3203 0
3203 3204 0
1907 3205 0
3205 3206 0
2103 3207 0
3207 3208 0
1483 3209 1
3209 3210 0
1309 3211 0
126 3212 0
1005 3213 1
3213 3214 0
2249 3215 1
3211 3216 0
83 3217 0
1837 3218 1
485 3219 0
1016 3220 0
3033 3221 1
3172 3222 0
3222 3223 0
3223 3224 1
61 3225 0
3225 3226 0
48 3227 0
3227 3228 0
1609 3229 0
3018 3230 1
1791 3231 0
2376 3232 0
442 3233 0
3233 3234 0
2534 3235 0
1082 3236 0
88 3237 1
3237 3238 0
2560 3239 1
3239 3240 0
2658 3241 0
1697 3242 0
2910 3243 1
2507 3244 0
2054 3245 0
800 3246 0
3246 3247 1
2369 3248 0
1601 3249 0
1612 3250 1
1175 3251 0
1091 3252 0
2737 3253 0
2232 3254 0
2855 3255 0
276 3256 0
1632 3257 1
838 3258 0
1326 3259 0
409 3260 0
672 3261 0
3261 3262 0
1620 3263 0
529 3264 0
2514 3265 0
3265 3266 0
3266 3267 0
3064 3268 0
2232 3269 0
3257 3270 0
2849 3271 0
2013 3272 1
3272 3273 0
3273 3274 0
1407 3275 0
2001 3276 0
2522 3277 0
2617 3278 0
255 3279 1
2302 3280 0
599 3281 1
2285 3282 0
645 3283 0
3204 3284 1
1846 3285 0
2246 3286 0
3286 3287 1
3287 3288 0
3288 3289 0
226 3290 0
603 3291 0
3291 3292 0
2036 3293 0
2973 3294 0
2923 3295 1
271 3296 0
2662 3297 0
3049 3298 0
1087 3299 0
743 3300 0
39 3301 1
1881 3302 0
3302 3303 0
3303 3304 0
3304 3305 0
397 3306 0
1537 3307 0
3307 3308 0
3308 3309 1
701 3310 0
2718 3311 0
3311 3312 0
490 3313 0
3313 3314 0
3146 3315 0
2546 3316 0
2146 3317 1
1349 3318 0
3318 3319 1
697 3320 0
2790 3321 1
3321 3322 0
3111 3323 0
2463 3324 0
1863 3325 0
1161 3326 0
3326 3327 0
3263 3328 0
1125 3329 1
1723 3330 1
217 3331 0
3050 3332 0
3332 3333 0
872 3334 0
1839 3335 0
3335 3336 0
3336 3337 0
1297 3338 1
989 3339 0
653 3340 1
671 3341 0
182 3342 0
1225 3343 0
1736 3344 0
3344 3345 0
1053 3346 0
679 3347 0
3347 3348 0
727 3349 0
3349 3350 1
143 3351 0
3351 3352 0
2288 3353 0
392 3354 0
1836 3355 0
2661 3356 1
718 3357 0
2535 3358 0
2514 3359 0
2693 3360 0
3360 3361 0
1645 3362 0
1103 3363 1
477 3364 0
2538 3365 0
2159 3366 1
3188 3367 1
1190 3368 0
3272 3369 0
3369 3370 0
2990 3371 0
1561 3372 0
397 3373 0
2052 3374 0
3148 3375 1
3375 3376 0
3376 3377 0
3377 3378 0
2614 3379 1
104 3380 0
3380 3381 1
416 3382 1
2972 3383 0
1569 3384 0
2647 3385 0
1868 3386 0
1297 3387 1
1221 3388 0
809 3389 1
2139 3390 0
1448 3391 0
1108 3392 1
1370 3393 0
3393 3394 0
521 3395 0
377 3396 0
8 3397 0
2671 3398 0
1297 3399 0
629 3400 0
3400 3401 0
1416 3402 0
1378 3403 0
548 3404 0
1501 3405 0
1814 3406 0
1293 3407 0
617 3408 0
432 3409 0
3409 3410 0
135 3411 0
2234 3412 1
3412 3413 0
3413 3414 1
290 3415 0
2204 3416 0
2939 3417 0
3417 3418 0
1061 3419 0
2797 3420 0
1476 3421 0
2918 3422 0
2621 3423 1
875 3424 0
3424 3425 0
3425 3426 1
2616 3427 0
3427 3428 0
65 3429 1
3429 3430 0
2168 3431 0
3378 3432 0
196 3433 0
1060 3434 0
335 3435 0
1672 3436 0
957 3437 0
2020 3438 1
453 3439 0
3439 3440 1
3440 3441 0
2015 3442 0
2553 3443 1
2193 3444 0
2053 3445 0
3445 3446 0
3446 3447 0
220 3448 0
808 3449 0
1304 3450 0
1535 3451 1
1841 3452 0
1195 3453 0
3453 3454 0
1799 3455 0
1386 3456 0
2929 3457 0
1900 3458 0
2900 3459 0
2278 3460 0
477 3461 0
2597 3462 0
3462 3463 0
141 3464 1
1459 3465 0
3465 3466 0
618 3467 0
3467 3468 1
1047 3469 0
3469 3470 1
1505 3471 0
1053 3472 1
1251 3473 0
2231 3474 0
658 3475 0
1846 3476 0
2350 3477 0
2065 3478 0
3478 3479 0
1511 3480 0
3480 3481 0
112 3482 0
1888 3483 0
2415 3484 1
2334 3485 0
3485 3486 0
3163 3487 0
1305 3488 0
549 3489 0
1163 3490 0
3490 3491 0
3491 3492 0
1704 3493 0
1407 3494 1
1645 3495 0
3495 3496 0
2683 3497 0
745 3498 0
3498 3499 0
3499 3500 1
32 3501 0
2497 3502 1
3038 3503 1
2858 3504 1
3504 3505 0
3505 3506 0
994 3507 0
3272 3508 0
3508 3509 0
1943 3510 0
1295 3511 1
3511 3512 0
501 3513 0
3028 3514 0
3514 3515 0
1851 3516 0
3356 3517 1
2902 3518 0
1430 3519 0
3519 3520 0
2111 3521 0
869 3522 0
3522 3523 0
2838 3524 0
1947 3525 0
2357 3526 0
2377 3527 0
2603 3528 0
3345 3529 0
315 3530 0
2977 3531 0
356 3532 0
3532 3533 0
2589 3534 0
3534 3535 0
3170 3536 0
3530 3537 0
2147 3538 1
2516 3539 0
746 3540 0
3540 3541 0
1552 3542 0
3212 3543 0
3543 3544 1
6 3545 0
591 3546 0
1731 3547 0
865 3548 0
1234 3549 0
1582 3550 0
3052 3551 1
3551 3552 0
3201 3553 0
2489 3554 0
3169 3555 1
1965 3556 0
1808 3557 1
1039 3558 0
3403 3559 1
521 3560 0
1589 3561 0
311 3562 0
3179 3563 0
256 3564 0
3564 3565 0
461 3566 1
3566 3567 1
3567 3568 0
2407 3569 0
1801 3570 0
514 3571 0
2154 3572 0
2558 3573 0
2510 3574 0
97 3575 0
2266 3576 1
3576 3577 0
3446 3578 0
2663 3579 0
2392 3580 0
3580 3581 0
201 3582 0
3204 3583 0
3583 3584 0
1666 3585 0
220 3586 1
3074 3587 0
805 3588 0
151 3589 1
2368 3590 1
1129 3591 0
1157 3592 0
3592 3593 0
3522 3594 1
3594 3595 1
3175 3596 0
3567 3597 0
3597 3598 0
2586 3599 0
291 3600 0
327 3601 0
1781 3602 1
3602 3603 1
3353 3604 0
1669 3605 0
2012 3606 1
2800 3607 0
2954 3608 0
594 3609 1
1319 3610 0
3335 3611 0
1440 3612 0
3612 3613 1
2301 3614 1
3614 3615 0
3615 3616 0
2606 3617 0
3617 3618 0
1003 3619 0
1090 3620 0
1900 3621 0
1716 3622 0
77 3623 0
55 3624 0
777 3625 0
1935 3626 0
2508 3627 0
2043 3628 1
1533 3629 0
423 3630 0
3441 3631 1
2936 3632 0
3523 3633 0
728 3634 0
296 3635 0
2329 3636 1
1671 3637 0
94 3638 0
3148 3639 0
2613 3640 0
2204 3641 0
2634 3642 0
3572 3643 1
21 3644 0
505 3645 0
3645 3646 0
2290 3647 0
1110 3648 0
954 3649 1
937 3650 0
2349 3651 0
1213 3652 0
3554 3653 0
3077 3654 0
2341 3655 0
1207 3656 0
350 3657 0
1098 3658 0
2435 3659 0
1268 3660 0
1845 3661 0
3661 3662 0
1620 3663 0
964 3664 0
1736 3665 0
3665 3666 0
2463 3667 0
2179 3668 1
3668 3669 0
3164 3670 0
1012 3671 0
3464 3672 1
3567 3673 0
890 3674 0
3674 3675 0
1736 3676 0
3676 3677 1
1811 3678 0
3019 3679 0
3679 3680 0
673 3681 0
1743 3682 1
2288 3683 0
3683 3684 1
2626 3685 1
3685 3686 0
3686 3687 0
1999 3688 0
2392 3689 0
1653 3690 0
446 3691 0
1627 3692 0
876 3693 0
1374 3694 0
1542 3695 0
3227 3696 0
623 3697 0
2766 3698 0
1932 3699 1
989 3700 0
421 3701 0
1027 3702 0
1953 3703 0
97 3704 0
3683 3705 1
911 3706 1
3706 3707 0
2932 3708 0
3708 3709 0
1755 3710 1
2103 3711 0
1926 3712 0
3712 3713 1
887 3714 1
3714 3715 0
2416 3716 0
2763 3717 0
3343 3718 0
192 3719 0
15 3720 0
3720 3721 0
3721 3722 1
271 3723 0
3723 3724 0
171 3725 0
458 3726 1
96 3727 0
3500 3728 1
1056 3729 1
3694 3730 1
1228 3731 1
1881 3732 0
100 3733 0
1162 3734 0
2928 3735 0
48 3736 0
3736 3737 0
3090 3738 0
886 3739 0
2956 3740 1
1337 3741 0
1399 3742 1
1182 3743 0
3743 3744 0
3147 3745 1
1157 3746 1
1308 3747 0
3543 3748 0
1994 3749 0
1774 3750 0
3750 3751 0
1359 3752 0
3752 3753 1
1860 3754 0
3715 3755 0
2557 3756 1
3756 3757 0
622 3758 0
3102 3759 0
346 3760 0
3760 3761 1
1233 3762 1
1297 3763 1
3169 3764 0
548 3765 1
384 3766 1
496 3767 0
2753 3768 0
2179 3769 0
1540 3770 0
143 3771 0
1144 3772 0
2225 3773 1
2282 3774 0
2161 3775 1
3176 3776 0
3302 3777 1
3777 3778 0
3679 3779 0
2702 3780 0
1138 3781 1
1593 3782 0
2387 3783 1
3783 3784 0
3477 3785 1
136 3786 0
1972 3787 0
2742 3788 0
2233 3789 0
3789 3790 1
518 3791 0
317 3792 0
2080 3793 0
2297 3794 0
1560 3795 0
2526 3796 0
1042 3797 0
474 3798 0
1727 3799 0
869 3800 0
3800 3801 1
3801 3802 0
2145 3803 0
3803 3804 0
2718 3805 0
702 3806 1
1838 3807 0
2308 3808 0
3703 3809 0
2334 3810 1
1918 3811 0
3779 3812 0
3477 3813 1
69 3814 0
1815 3815 0
3690 3816 0
759 3817 0
445 3818 1
3165 3819 0
1021 3820 0
3715 3821 0
494 3822 0
3309 3823 0
2966 3824 0
321 3825 0
963 3826 0
903 3827 0
1866 3828 0
3828 3829 0
3829 3830 1
3830 3831 0
1659 3832 0
2252 3833 1
2635 3834 0
996 3835 0
2983 3836 0
958 3837 0
3767 3838 0
1981 3839 0
3839 3840 0
965 3841 0
2781 3842 0
2974 3843 0
1497 3844 0
3844 3845 0
3845 3846 0
1840 3847 0
1712 3848 1
251 3849 1
1324 3850 1
3255 3851 0
1911 3852 0
3852 3853 1
569 3854 0
22 3855 0
3855 3856 1
1654 3857 0
208 3858 0
1838 3859 0
2859 3860 1
3860 3861 0
518 3862 1
3003 3863 0
1197 3864 0
2350 3865 0
1539 3866 0
3168 3867 1
659 3868 1
2448 3869 0
2488 3870 1
1969 3871 0
3641 3872 0
596 3873 1
3873 3874 1
3826 3875 0
3221 3876 0
1367 3877 1
729 3878 0
1658 3879 0
2103 3880 0
387 3881 1
3168 3882 0
3882 3883 0
2465 3884 0
1300 3885 0
2996 3886 0
2868 3887 1
291 3888 1
2797 3889 0
1347 3890 0
3890 3891 0
1030 3892 0
803 3893 0
3668 3894 0
1950 3895 1
846 3896 0
318 3897 0
3897 3898 0
3898 3899 0
3899 3900 0
2105 3901 1
1203 3902 0
3636 3903 0
2816 3904 0
1157 3905 0
3905 3906 1
3906 3907 0
2302 3908 0
2473 3909 1
3909 3910 0
1568 3911 0
3911 3912 1
3912 3913 0
1107 3914 0
2098 3915 0
2930 3916 0
844 3917 0
2400 3918 0
1257 3919 0
208 3920 0
3336 3921 0
3737 3922 1
2193 3923 1
3923 3924 0
167 3925 0
1397 3926 1
3053 3927 0
2449 3928 0
3418 3929 0
915 3930 1
3930 3931 0
525 3932 0
3929 3933 0
443 3934 0
3934 3935 1
3200 3936 1
1527 3937 1
3687 3938 0
2409 3939 0
1296 3940 0
2265 3941 0
2829 3942 0
561 3943 0
1443 3944 0
2124 3945 0
3041 3946 0
3829 3947 0
3164 3948 0
1923 3949 0
37 3950 0
2141 3951 0
885 3952 0
725 3953 1
1477 3954 0
923 3955 0
3104 3956 0
3169 3957 0
2139 3958 0
3958 3959 1
2493 3960 0
3960 3961 0
3153 3962 0
2729 3963 0
2368 3964 0
3530 3965 1
943 3966 0
3944 3967 0
2561 3968 0
3387 3969 0
2181 3970 0
3252 3971 0
2200 3972 0
300 3973 0
3973 3974 0
224 3975 0
652 3976 1
2410 3977 0
2801 3978 0
2062 3979 1
1484 3980 0
3762 3981 1
2463 3982 0
3982 3983 0
92 3984 1
1373 3985 0
3677 3986 0
3048 3987 0
2235 3988 0
1999 3989 1
3909 3990 0
3990 3991 0
801 3992 1
3655 3993 0
3993 3994 0
3054 3995 0
3976 3996 0
3996 3997 0
3905 3998 0
224 3999 0
3999 4000 0
4000 4001 0
2011 4002 0
974 4003 0
4003 4004 0
459 4005 0
2334 4006 1
3532 4007 0
2947 4008 0
688 4009 1
1259 4010 1
4010 4011 0
3162 4012 0
2287 4013 0
4013 4014 0
3338 4015 0
4015 4016 0
4016 4017 1
3603 4018 1
4018 4019 0
2279 4020 0
2585 4021 0
3802 4022 0
2855 4023 0
1657 4024 0
955 4025 0
2596 4026 0
3812 4027 0
3643 4028 0
3080 4029 0
3808 4030 1
4030 4031 0
4031 4032 0
2860 4033 0
2139 4034 0
3307 4035 0
2085 4036 1
4036 4037 0
913 4038 1
1933 4039 0
853 4040 0
3063 4041 0
4041 4042 1
460 4043 0
4019 4044 0
756 4045 0
103 4046 0
1104 4047 1
4047 4048 1
4048 4049 1
1119 4050 0
2387 4051 0
3306 4052 1
2368 4053 0
41 4054 0
4054 4055 0
2896 4056 0
4056 4057 0
1871 4058 0
894 4059 0
2412 4060 0
3500 4061 0
2966 4062 0
3460 4063 0
3126 4064 1
4064 4065 0
23 4066 0
4066 4067 0
622 4068 0
3542 4069 1
4069 4070 0
4070 4071 0
1766 4072 0
2333 4073 0
4073 4074 0
2881 4075 0
334 4076 0
528 4077 0
384 4078 0
3840 4079 0
1867 4080 0
4080 4081 1
3941 4082 0
2767 4083 0
1843 4084 0
3728 4085 0
4066 4086 0
3889 4087 0
3005 4088 0
21 4089 0
1074 4090 0
2289 4091 1
4091 4092 0
240 4093 0
2958 4094 0
2754 4095 1
3951 4096 0
1493 4097 0
3382 4098 0
656 4099 0
3011 4100 0
4100 4101 1
3911 4102 0
2689 4103 0
3047 4104 0
4104 4105 0
3343 4106 1
1246 4107 0
1702 4108 0
756 4109 0
2548 4110 0
2626 4111 0
611 4112 1
1682 4113 0
291 4114 0
4114 4115 0
869 4116 0
2014 4117 1
1882 4118 0
177 4119 1
2218 4120 0
2634 4121 1
3193 4122 0
4122 4123 0
1585 4124 0
577 4125 0
1110 4126 0
4126 4127 0
4127 4128 1
1643 4129 0
581 4130 0
4130 4131 0
2921 4132 0
4132 4133 0
1346 4134 0
1805 4135 0
38 4136 0
4034 4137 0
845 4138 1
2258 4139 0
2426 4140 0
3114 4141 0
4141 4142 0
305 4143 0
345 4144 0
344 4145 0
732 4146 1
255 4147 1
4147 4148 0
1645 4149 0
1874 4150 0
4150 4151 0
2338 4152 0
4152 4153 0
2867 4154 0
1073 4155 0
4155 4156 0
1790 4157 0
2398 4158 0
1196 4159 1
3845 4160 0
1061 4161 0
1997 4162 0
616 4163 0
4163 4164 0
4164 4165 0
3047 4166 0
1606 4167 0
2361 4168 1
2528 4169 0
2515 4170 0
2118 4171 0
3899 4172 1
1913 4173 0
1809 4174 1
1252 4175 0
2789 4176 0
2375 4177 0
2276 4178 0
3001 4179 1
2986 4180 0
2471 4181 0
436 4182 0
4182 4183 0
3024 4184 0
1208 4185 0
930 4186 0
472 4187 1
4187 4188 1
1969 4189 1
3447 4190 0
4190 4191 0
1328 4192 1
3371 4193 0
2280 4194 0
4016 4195 0
4195 4196 1
4133 4197 0
154 4198 1
2437 4199 0
3998 4200 0
3006 4201 0
3588 4202 0
887 4203 0
3550 4204 1
169 4205 0
3617 4206 1
2261 4207 1
1133 4208 0
4208 4209 1
2231 4210 1
4210 4211 0
1393 4212 0
2159 4213 0
715 4214 0
4214 4215 0
4215 4216 0
3904 4217 1
3448 4218 0
2003 4219 0
39 4220 0
4220 4221 0
2246 4222 0
1822 4223 1
2401 4224 0
836 4225 0
4225 4226 1
4017 4227 0
3396 4228 0
2339 4229 0
2594 4230 0
2579 4231 0
1244 4232 0
4232 4233 0
3291 4234 0
4234 4235 0
1852 4236 1
2783 4237 1
3935 4238 0
3524 4239 0
4064 4240 0
1108 4241 1
1432 4242 0
4242 4243 1
2945 4244 0
3643 4245 0
2853 4246 0
1601 4247 0
2040 4248 0
3083 4249 0
233 4250 0
564 4251 0
141 4252 0
2331 4253 0
1804 4254 0
4254 4255 1
1137 4256 0
729 4257 0
4257 4258 1
4 4259 0
4259 4260 0
1589 4261 0
2762 4262 1
4262 4263 0
1188 4264 0
1574 4265 0
1269 4266 0
2892 4267 0
4201 4268 0
4192 4269 0
1509 4270 0
682 4271 0
3459 4272 1
4272 4273 0
4273 4274 0
2728 4275 0
3855 4276 0
3615 4277 0
4088 4278 0
3055 4279 0
1765 4280 0
1833 4281 0
3924 4282 0
849 4283 0
2404 4284 0
4052 4285 0
203 4286 0
3330 4287 0
3044 4288 0
4288 4289 0
2481 4290 1
2063 4291 0
4291 4292 0
2979 4293 0
4197 4294 1
1057 4295 1
3653 4296 0
4158 4297 0
4129 4298 0
4298 4299 1
1169 4300 1
160 4301 1
3542 4302 0
3452 4303 0
3910 4304 1
2095 4305 0
266 4306 1
90 4307 0
2882 4308 0
4308 4309 0
1808 4310 0
1019 4311 0
2227 4312 0
3335 4313 0
862 4314 0
221 4315 0
98 4316 0
2903 4317 1
4317 4318 1
2584 4319 1
624 4320 0
45 4321 1
2572 4322 0
1215 4323 0
4323 4324 0
2147 4325 0
1962 4326 0
312 4327 0
4327 4328 0
373 4329 1
3724 4330 0
3104 4331 0
4331 4332 0
2358 4333 0
3658 4334 0
4334 4335 0
1849 4336 0
4336 4337 0
1781 4338 0
3144 4339 0
1528 4340 0
1487 4341 1
288 4342 0
6 4343 0
80 4344 0
3450 4345 0
4345 4346 0
3721 4347 1
4347 4348 0
629 4349 0
570 4350 0
2150 4351 0
4351 4352 0
171 4353 1
655 4354 0
982 4355 0
4191 4356 0
3429 4357 0
2269 4358 0
3658 4359 0
713 4360 0
4360 4361 0
3451 4362 0
745 4363 0
1750 4364 0
4241 4365 0
2123 4366 0
4366 4367 0
661 4368 0
4368 4369 1
4369 4370 0
3882 4371 1
4098 4372 0
1247 4373 0
3848 4374 0
4242 4375 0
3252 4376 0
1013 4377 0
1286 4378 0
453 4379 0
1664 4380 0
3305 4381 1
23 4382 1
3614 4383 0
17 4384 1
3040 4385 0
1359 4386 1
3667 4387 1
4387 4388 0
4005 4389 0
2024 4390 0
3407 4391 0
4391 4392 0
2367 4393 0
3427 4394 0
2488 4395 0
2174 4396 1
1548 4397 1
1749 4398 1
4398 4399 0
406 4400 0
4400 4401 0
4401 4402 0
669 4403 0
1252 4404 0
1193 4405 0
4405 4406 0
165 4407 0
2995 4408 0
4408 4409 0
1074 4410 1
3656 4411 0
4411 4412 0
44 4413 0
90 4414 1
1486 4415 0
177 4416 0
56 4417 0
1360 4418 0
3261 4419 0
2265 4420 0
3728 4421 1
4080 4422 0
241 4423 0
1954 4424 0
635 4425 0
754 4426 1
2402 4427 0
2483 4428 0
4198 4429 0
2132 4430 0
1372 4431 0
759 4432 0
2628 4433 0
1120 4434 0
989 4435 0
1246 4436 0
1829 4437 0
1622 4438 0
1598 4439 0
4439 4440 0
3244 4441 0
508 4442 0
2385 4443 0
256 4444 0
3141 4445 0
2333 4446 0
1697 4447 1
4447 4448 1
959 4449 0
2125 4450 0
105 4451 0
2840 4452 0
3415 4453 0
512 4454 0
2061 4455 1
2681 4456 0
1112 4457 0
999 4458 0
1379 4459 0
2476 4460 0
1698 4461 0
4461 4462 0
185 4463 0
4463 4464 1
3332 4465 0
4233 4466 0
4340 4467 0
1458 4468 0
3779 4469 0
4350 4470 0
2178 4471 1
974 4472 0
3760 4473 1
2781 4474 0
4474 4475 0
2921 4476 0
630 4477 0
744 4478 0
4446 4479 0
4121 4480 0
166 4481 0
4475 4482 0
1938 4483 0
2982 4484 0
1180 4485 0
498 4486 0
1531 4487 0
1838 4488 1
676 4489 0
2329 4490 0
3953 4491 0
710 4492 0
4199 4493 0
2249 4494 0
2656 4495 0
4495 4496 1
2105 4497 0
3999 4498 0
4498 4499 0
1369 4500 0
4188 4501 0
4133 4502 1
2786 4503 0
744 4504 0
509 4505 0
3955 4506 0
239 4507 0
2387 4508 0
597 4509 0
3570 4510 0
2852 4511 0
4511 4512 0
2499 4513 0
1622 4514 0
4514 4515 0
1429 4516 0
683 4517 0
362 4518 0
1133 4519 1
2033 4520 0
171 4521 0
1541 4522 0
550 4523 0
1596 4524 0
4524 4525 0
985 4526 0
4163 4527 0
2418 4528 0
3821 4529 0
2759 4530 0
3222 4531 0
1514 4532 0
2380 4533 0
1132 4534 0
1206 4535 0
4535 4536 0
2226 4537 1
4537 4538 1
3452 4539 0
2335 4540 0
4540 4541 1
3812 4542 0
1577 4543 0
4543 4544 0
4532 4545 1
4221 4546 0
1449 4547 1
4130 4548 1
4159 4549 1
2325 4550 0
2790 4551 0
4300 4552 0
3456 4553 0
4553 4554 0
4554 4555 0
1659 4556 0
2747 4557 0
2360 4558 0
1064 4559 0
299 4560 0
4422 4561 0
3091 4562 0
142 4563 0
4112 4564 0
4516 4565 0
4565 4566 0
4566 4567 0
803 4568 0
2258 4569 1
2139 4570 0
4570 4571 0
1911 4572 0
437 4573 0
4573 4574 1
1884 4575 0
4188 4576 0
4576 4577 0
4457 4578 0
4578 4579 0
3182 4580 0
541 4581 1
1032 4582 0
1170 4583 0
3120 4584 0
3117 4585 1
4585 4586 0
4586 4587 1
1403 4588 1
2267 4589 0
3762 4590 0
2191 4591 0
2256 4592 1
2963 4593 1
29 4594 1
4033 4595 0
3271 4596 0
2124 4597 0
4383 4598 0
1728 4599 0
4204 4600 1
2296 4601 0
1472 4602 1
3364 4603 0
3749 4604 1
1946 4605 1
4367 4606 1
4606 4607 0
2184 4608 1
685 4609 0
4301 4610 0
2871 4611 0
4611 4612 0
11 4613 1
2640 4614 0
2717 4615 0
2787 4616 1
3311 4617 0
4516 4618 1
1049 4619 0
3694 4620 0
2384 4621 0
135 4622 0
4622 4623 0
4623 4624 0
4254 4625 0
2898 4626 0
4626 4627 1
4551 4628 0
2608 4629 0
2932 4630 0
1319 4631 0
2114 4632 0
4632 4633 1
604 4634 0
475 4635 0
3498 4636 0
2288 4637 0
1566 4638 0
3707 4639 0
4639 4640 1
2338 4641 0
4116 4642 0
3768 4643 0
1822 4644 0
1118 4645 0
4645 4646 1
114 4647 0
2882 4648 0
973 4649 0
1605 4650 0
4650 4651 0
4651 4652 0
2197 4653 0
2708 4654 0
4654 4655 0
3772 4656 0
906 4657 0
4348 4658 1
4311 4659 0
4659 4660 0
2009 4661 0
4267 4662 0
3270 4663 0
4663 4664 0
2513 4665 0
4532 4666 1
3827 4667 0
3348 4668 0
2067 4669 0
4024 4670 0
2984 4671 0
815 4672 1
3802 4673 0
2978 4674 0
4674 4675 0
4312 4676 1
4676 4677 0
470 4678 0
3977 4679 0
2451 4680 1
3830 4681 0
175 4682 0
4682 4683 0
2006 4684 1
2791 4685 1
4685 4686 0
4686 4687 0
3051 4688 0
2374 4689 0
1901 4690 0
3869 4691 1
4691 4692 1
4692 4693 1
247 4694 0
3865 4695 0
1597 4696 0
3147 4697 0
4697 4698 1
1103 4699 0
3079 4700 1
4700 4701 0
1487 4702 0
4702 4703 0
1888 4704 0
4097 4705 1
328 4706 0
1086 4707 0
3529 4708 0
2668 4709 1
842 4710 1
3030 4711 0
805 4712 0
1218 4713 0
81 4714 0
4527 4715 0
2486 4716 1
4440 4717 0
735 4718 1
4718 4719 0
986 4720 0
4720 4721 0
4721 4722 0
2745 4723 1
4123 4724 0
165 4725 0
4725 4726 0
1274 4727 0
3283 4728 0
1768 4729 0
1518 4730 0
2833 4731 0
2377 4732 1
3414 4733 0
2736 4734 1
597 4735 0
1448 4736 0
4736 4737 1
3456 4738 0
2241 4739 0
2295 4740 0
1353 4741 0
4292 4742 0
315 4743 0
1006 4744 0
148 4745 1
4745 4746 0
2303 4747 0
1901 4748 0
4748 4749 0
1154 4750 0
2555 4751 1
4751 4752 0
799 4753 1
3808 4754 1
4754 4755 0
3406 4756 1
4756 4757 0
3615 4758 0
3080 4759 0
4554 4760 0
3073 4761 0
4570 4762 0
1757 4763 0
4472 4764 0
130 4765 0
4270 4766 1
1068 4767 0
3186 4768 0
4768 4769 0
4769 4770 0
3522 4771 0
4547 4772 0
2142 4773 0
4773 4774 0
854 4775 1
4775 4776 0
945 4777 0
2732 4778 1
1027 4779 0
1307 4780 0
502 4781 0
504 4782 1
3887 4783 0
4429 4784 0
2907 4785 0
4785 4786 0
2719 4787 0
1473 4788 0
435 4789 0
4789 4790 1
4790 4791 0
506 4792 0
1410 4793 1
1715 4794 0
4794 4795 0
4795 4796 0
3553 4797 0
4797 4798 0
4798 4799 1
4799 4800 0
3191 4801 0
2776 4802 0
1558 4803 1
1744 4804 0
4804 4805 1
827 4806 0
2862 4807 0
1349 4808 0
1051 4809 0
3364 4810 0
2704 4811 0
4811 4812 0
1797 4813 0
550 4814 0
4184 4815 0
4815 4816 0
2845 4817 0
3917 4818 0
2921 4819 0
491 4820 0
4820 4821 1
4821 4822 0
3416 4823 0
797 4824 0
1879 4825 1
4825 4826 0
4826 4827 0
622 4828 1
2431 4829 0
3420 4830 0
3480 4831 1
332 4832 0
4832 4833 0
3697 4834 0
4344 4835 0
1614 4836 0
2290 4837 0
2544 4838 0
3221 4839 1
4839 4840 1
4840 4841 0
1152 4842 0
4842 4843 0
13 4844 1
4553 4845 0
4500 4846 1
2683 4847 0
4847 4848 0
4423 4849 1
3758 4850 0
269 4851 1
1865 4852 0
4670 4853 1
4675 4854 1
4854 4855 0
2348 4856 0
2227 4857 0
4857 4858 0
2083 4859 0
338 4860 0
3649 4861 1
2630 4862 0
596 4863 0
3573 4864 0
2866 4865 0
2850 4866 0
3569 4867 0
435 4868 0
415 4869 1
3610 4870 1
3884 4871 0
2686 4872 1
3164 4873 1
2109 4874 0
1222 4875 0
4424 4876 1
4876 4877 0
663 4878 0
4685 4879 0
1465 4880 0
3118 4881 0
1386 4882 0
2363 4883 1
4883 4884 0
1956 4885 1
1486 4886 1
4886 4887 0
3035 4888 0
4888 4889 0
144 4890 1
4890 4891 0
4891 4892 0
4645 4893 0
2678 4894 1
4894 4895 1
2501 4896 1
4896 4897 0
4897 4898 1
2285 4899 0
1911 4900 0
4900 4901 0
1153 4902 1
411 4903 0
1420 4904 1
4904 4905 0
1449 4906 0
218 4907 0
4907 4908 0
1733 4909 0
3581 4910 1
2070 4911 0
2478 4912 0
2874 4913 0
3205 4914 1
2394 4915 0
4915 4916 0
4916 4917 1
4365 4918 0
815 4919 0
4919 4920 0
4920 4921 0
4714 4922 0
464 4923 1
4923 4924 0
4924 4925 1
3136 4926 0
1101 4927 0
2821 4928 0
3453 4929 0
2076 4930 0
2348 4931 0
2 4932 0
4932 4933 0
3435 4934 0
3386 4935 0
1143 4936 0
2090 4937 1
922 4938 1
4938 4939 0
4804 4940 1
3785 4941 1
4941 4942 0
4942 4943 0
1621 4944 0
3148 4945 0
1543 4946 0
3163 4947 0
4947 4948 1
447 4949 0
4949 4950 0
2508 4951 1
4681 4952 0
4952 4953 0
4953 4954 0
4735 4955 0
3901 4956 0
4138 4957 0
4622 4958 0
4958 4959 0
1189 4960 1
4960 4961 1
93 4962 0
4962 4963 0
2195 4964 0
4558 4965 1
4965 4966 0
2276 4967 0
4747 4968 0
2183 4969 0
4969 4970 1
2335 4971 0
4971 4972 0
3944 4973 0
3719 4974 1
4974 4975 1
3025 4976 0
4976 4977 0
4977 4978 0
4737 4979 0
1717 4980 0
872 4981 0
4981 4982 0
199 4983 0
4245 4984 0
1676 4985 0
4148 4986 0
1736 4987 0
573 4988 0
4224 4989 0
4989 4990 0
4990 4991 0
725 4992 0
35 4993 0
2850 4994 0
4356 4995 0
4995 4996 1
3920 4997 0
2632 4998 0
266 4999 0
1002 5000 0
