50 634
2 1 8
3 2 83
4 1 99
4 2 1
5 1 28
5 2 23
5 3 54
5 4 37
6 1 8
6 2 97
6 3 41
6 4 5
6 5 61
7 1 27
7 2 25
7 5 21
8 1 72
8 4 77
8 5 24
8 7 79
9 3 12
9 4 60
9 8 85
10 1 49
10 3 28
10 4 62
10 6 66
10 7 10
11 6 99
11 8 23
11 10 29
12 2 70
12 4 6
12 7 24
12 8 72
12 9 75
12 10 29
12 11 47
13 1 13
13 3 41
13 5 50
13 7 45
13 10 100
13 11 82
14 2 81
14 8 47
14 12 100
15 4 14
15 5 77
15 7 59
15 8 24
15 9 60
15 10 31
15 11 35
15 12 19
15 13 40
16 5 100
16 7 30
16 9 11
16 10 45
16 11 8
16 14 90
16 15 81
17 2 63
17 3 88
17 5 45
17 7 93
17 9 77
17 11 96
17 13 6
17 15 15
17 16 27
18 5 5
18 6 92
18 7 81
18 9 1
18 13 37
18 14 9
18 15 28
18 16 20
19 1 9
19 3 33
19 4 21
19 5 97
19 7 32
19 8 5
19 9 12
19 11 87
19 13 100
19 14 85
19 18 42
20 7 26
20 8 93
20 9 77
20 10 83
20 12 44
20 14 92
20 19 42
21 3 55
21 4 39
21 5 49
21 7 81
21 8 61
21 9 36
21 14 1
21 16 29
21 17 81
21 20 21
22 6 5
22 7 40
22 10 13
22 11 94
22 15 64
22 17 55
22 20 50
23 1 22
23 3 94
23 7 86
23 8 17
23 9 36
23 13 33
23 22 94
24 2 44
24 4 64
24 9 10
24 10 65
24 11 42
24 13 93
24 14 4
24 15 68
24 18 37
24 19 88
24 20 64
24 22 54
25 10 18
25 11 23
25 12 45
25 13 64
25 14 75
25 16 67
25 19 57
25 20 4
25 22 96
25 24 9
26 1 78
26 2 74
26 4 64
26 5 26
26 6 27
26 7 98
26 10 53
26 14 52
26 15 76
26 16 46
26 17 21
26 19 32
26 20 79
26 21 71
26 25 99
27 1 76
27 2 14
27 3 93
27 6 32
27 7 85
27 10 76
27 11 51
27 13 59
27 14 58
27 15 87
27 16 98
27 21 28
27 22 95
27 23 25
27 24 5
27 26 17
28 1 48
28 2 99
28 3 88
28 6 2
28 7 70
28 8 26
28 9 33
28 10 4
28 12 7
28 13 47
28 14 83
28 15 91
28 16 97
28 17 7
28 18 86
28 26 25
28 27 95
29 6 91
29 7 51
29 8 55
29 9 54
29 11 83
29 14 31
29 15 51
29 18 54
29 20 86
29 23 53
29 25 51
29 26 89
29 27 97
30 1 88
30 4 82
30 5 77
30 8 50
30 9 55
30 10 16
30 11 73
30 12 86
30 14 56
30 15 27
30 16 92
30 19 11
30 20 7
30 22 97
30 23 29
30 26 32
30 27 70
30 29 32
31 1 74
31 4 47
31 5 21
31 6 71
31 10 47
31 11 39
31 12 62
31 13 67
31 14 42
31 15 74
31 20 7
31 22 76
31 25 64
31 29 89
32 1 96
32 4 38
32 6 74
32 7 97
32 8 54
32 10 15
32 11 57
32 13 57
32 14 69
32 15 77
32 16 76
32 17 40
32 18 4
32 19 60
32 21 90
32 24 49
32 25 55
32 26 61
32 28 83
32 29 35
32 31 79
33 1 59
33 2 47
33 3 26
33 5 17
33 8 46
33 12 64
33 13 62
33 17 91
33 20 52
33 22 65
33 23 8
33 24 16
33 27 26
33 30 96
33 31 83
34 2 17
34 6 90
34 7 68
34 8 17
34 10 82
34 11 43
34 12 7
34 13 83
34 15 52
34 18 55
34 20 72
34 21 45
34 24 50
34 25 92
34 27 68
34 28 53
34 31 17
34 32 19
35 1 3
35 2 50
35 3 38
35 4 28
35 5 77
35 6 4
35 8 25
35 11 79
35 13 67
35 14 92
35 16 42
35 20 24
35 22 14
35 28 23
35 29 33
35 30 14
35 31 86
35 32 35
35 33 6
36 1 84
36 2 48
36 3 30
36 7 15
36 9 7
36 10 69
36 14 70
36 19 61
36 21 67
36 23 57
36 24 38
36 25 20
36 27 36
36 28 90
36 29 44
36 30 43
36 32 22
36 34 81
36 35 62
37 2 53
37 4 39
37 7 11
37 9 99
37 13 2
37 14 12
37 15 17
37 17 47
37 19 12
37 20 82
37 25 85
37 26 44
37 31 62
37 33 57
37 35 44
38 2 81
38 4 79
38 5 58
38 9 99
38 11 31
38 12 74
38 13 69
38 14 96
38 15 74
38 17 90
38 21 14
38 22 85
38 23 69
38 24 19
38 25 3
38 27 95
38 28 42
38 29 72
38 33 71
38 34 97
38 35 51
38 36 62
39 2 37
39 3 69
39 4 57
39 8 88
39 9 3
39 10 7
39 11 30
39 14 36
39 18 21
39 20 83
39 21 14
39 23 22
39 24 72
39 25 14
39 26 23
39 27 40
39 29 75
39 32 3
39 33 52
39 34 57
39 35 67
40 3 56
40 6 43
40 8 58
40 9 48
40 10 48
40 15 90
40 16 100
40 17 24
40 18 93
40 19 90
40 21 32
40 23 11
40 24 81
40 27 34
40 29 48
40 30 72
40 31 85
40 32 74
40 34 62
40 35 4
40 36 100
40 38 16
40 39 38
41 3 23
41 7 96
41 8 43
41 9 87
41 14 72
41 15 51
41 19 6
41 22 100
41 26 70
41 28 7
41 30 75
41 32 92
41 35 69
41 36 52
41 37 100
41 39 15
41 40 4
42 2 94
42 4 26
42 5 55
42 7 87
42 8 15
42 11 99
42 13 100
42 14 69
42 18 54
42 19 52
42 23 71
42 24 3
42 25 16
42 27 47
42 28 49
42 29 78
42 31 87
42 32 8
42 33 48
42 34 37
42 37 87
42 39 79
42 41 59
43 2 40
43 9 33
43 12 73
43 13 57
43 14 8
43 17 95
43 20 34
43 21 12
43 22 35
43 23 93
43 26 21
43 27 14
43 28 44
43 29 8
43 32 50
43 36 77
43 37 23
43 39 43
43 40 32
44 2 3
44 3 46
44 6 27
44 7 11
44 8 26
44 9 83
44 15 32
44 17 96
44 20 21
44 21 56
44 22 9
44 23 59
44 24 91
44 25 56
44 27 31
44 30 97
44 32 98
44 33 83
44 34 48
44 35 5
44 36 11
44 40 52
44 41 82
44 43 100
45 3 36
45 5 71
45 6 83
45 9 28
45 10 65
45 11 17
45 12 80
45 13 38
45 14 2
45 19 96
45 20 8
45 21 91
45 23 70
45 24 34
45 25 66
45 26 76
45 27 52
45 29 49
45 34 58
45 37 5
45 39 42
45 40 35
45 41 93
45 44 71
46 5 26
46 6 38
46 7 96
46 11 97
46 12 17
46 18 47
46 19 12
46 22 79
46 23 78
46 25 15
46 27 38
46 30 85
46 33 6
46 35 16
46 38 20
46 39 58
46 41 84
46 44 17
47 2 52
47 5 9
47 10 27
47 11 15
47 14 94
47 16 80
47 17 20
47 20 66
47 21 93
47 22 91
47 26 86
47 29 87
47 30 6
47 32 79
47 33 93
47 34 24
47 35 2
47 36 6
47 38 60
47 40 97
47 42 68
47 44 2
47 45 74
47 46 1
48 4 86
48 5 77
48 7 63
48 9 35
48 12 85
48 16 36
48 17 74
48 19 10
48 20 63
48 22 99
48 23 75
48 24 27
48 30 80
48 31 28
48 32 9
48 34 30
48 36 84
48 37 31
48 38 10
48 39 39
48 42 91
48 43 93
48 45 91
49 2 89
49 3 11
49 7 36
49 10 58
49 11 25
49 14 30
49 18 37
49 19 94
49 21 12
49 23 55
49 24 44
49 25 88
49 26 79
49 27 25
49 29 76
49 31 95
49 33 42
49 34 93
49 35 3
49 36 73
49 37 22
49 39 20
49 42 4
49 43 12
49 44 58
49 45 48
49 47 83
50 1 62
50 6 100
50 7 64
50 8 48
50 9 48
50 11 18
50 12 83
50 13 99
50 15 50
50 17 76
50 19 77
50 20 12
50 22 16
50 23 4
50 26 20
50 28 94
50 30 57
50 32 63
50 33 88
50 34 10
50 35 47
50 37 45
50 38 73
50 39 3
50 49 5
50 658
2 1 63
3 2 97
5 2 98
5 3 14
5 4 4
6 2 29
6 3 1
6 5 79
7 2 72
7 5 82
7 6 91
8 2 61
8 3 83
8 4 97
9 1 47
9 3 83
9 4 8
9 7 16
9 8 65
10 2 35
10 3 79
10 4 76
10 5 29
10 7 25
10 8 96
11 1 95
11 2 92
11 3 69
11 4 71
12 2 13
12 3 26
12 4 46
12 5 58
12 7 47
12 8 60
12 10 87
12 11 51
13 1 24
13 2 91
13 4 87
13 6 71
13 8 47
13 9 69
13 10 28
13 11 7
14 1 77
14 2 57
14 3 81
14 6 64
14 7 19
14 8 77
14 11 79
14 12 76
14 13 68
15 1 87
15 2 61
15 3 47
15 4 35
15 5 35
15 7 46
15 8 44
15 9 39
15 12 95
15 13 26
16 2 84
16 6 48
16 7 36
16 11 33
16 12 36
17 5 38
17 8 35
17 12 60
17 14 39
17 15 32
18 1 68
18 3 86
18 4 27
18 5 69
18 6 62
18 8 37
18 9 75
18 11 33
18 12 68
18 13 40
18 15 100
18 16 34
19 1 31
19 2 16
19 3 50
19 4 45
19 6 7
19 10 10
19 11 73
19 12 59
19 13 99
19 14 24
19 15 66
19 16 33
19 18 99
20 2 51
20 3 68
20 8 2
20 10 65
20 11 88
20 12 60
20 13 92
20 14 59
20 15 14
20 16 34
20 17 65
20 18 83
21 1 59
21 2 97
21 4 38
21 6 13
21 8 22
21 11 69
21 14 34
21 15 77
21 16 59
21 19 43
22 1 76
22 2 35
22 4 65
22 5 78
22 6 6
22 7 23
22 11 44
22 12 95
22 13 37
22 14 32
22 15 15
22 16 74
22 20 4
23 4 77
23 5 84
23 6 26
23 8 48
23 9 59
23 12 38
23 14 11
23 17 74
23 18 36
23 22 15
24 1 62
24 2 87
24 5 41
24 8 5
24 9 21
24 10 45
24 12 100
24 13 18
24 15 37
24 16 20
24 17 29
24 18 55
24 19 99
25 1 66
25 2 46
25 3 82
25 4 3
25 5 92
25 8 69
25 11 79
25 14 38
25 17 45
25 21 30
25 22 92
25 24 66
26 1 91
26 3 31
26 4 88
26 8 91
26 9 91
26 10 64
26 11 64
26 12 71
26 13 99
26 14 87
26 21 45
26 23 87
26 25 94
27 2 77
27 3 81
27 6 12
27 11 30
27 12 7
27 15 100
27 16 33
27 18 75
27 19 81
27 20 61
27 24 94
27 25 3
27 26 20
28 1 68
28 3 64
28 9 13
28 10 45
28 12 44
28 13 47
28 17 42
28 19 89
28 20 9
28 22 64
28 23 29
28 25 80
29 1 60
29 2 62
29 3 91
29 7 5
29 8 41
29 11 48
29 12 61
29 13 44
29 14 27
29 16 56
29 17 34
29 19 37
29 21 100
29 22 62
29 26 88
30 1 36
30 2 67
30 5 44
30 8 6
30 10 9
30 11 23
30 12 49
30 13 43
30 14 46
30 17 67
30 19 41
30 20 59
30 22 87
30 25 54
30 27 40
30 28 83
31 1 56
31 6 82
31 7 81
31 11 86
31 12 24
31 14 3
31 15 74
31 16 75
31 17 37
31 18 30
31 19 62
31 22 86
31 23 69
31 24 58
31 26 28
31 27 77
31 28 15
31 29 39
32 1 2
32 2 4
32 3 45
32 5 86
32 6 7
32 7 27
32 8 12
32 9 15
32 11 96
32 12 2
32 14 65
32 16 13
32 17 25
32 26 2
32 27 96
32 28 69
32 29 80
32 30 37
33 3 27
33 4 14
33 6 63
33 7 52
33 11 87
33 12 57
33 13 25
33 14 49
33 17 97
33 18 60
33 19 58
33 22 31
33 25 53
33 26 12
33 28 18
33 31 37
34 1 44
34 9 14
34 11 76
34 12 1
34 16 92
34 17 67
34 20 92
34 24 62
34 26 9
34 27 27
34 28 70
34 30 49
35 3 31
35 4 50
35 6 77
35 8 35
35 9 4
35 10 33
35 11 94
35 12 23
35 14 23
35 17 32
35 19 48
35 21 12
35 22 61
35 24 97
35 25 36
35 28 57
35 29 15
35 30 15
35 31 86
35 33 78
35 34 74
36 1 7
36 3 51
36 4 95
36 5 62
36 7 59
36 9 85
36 11 3
36 12 49
36 13 8
36 14 56
36 17 8
36 18 94
36 19 86
36 20 69
36 21 68
36 22 96
36 23 66
36 29 71
36 31 4
36 32 68
36 34 38
36 35 42
37 2 41
37 4 19
37 5 68
37 9 35
37 16 48
37 19 33
37 20 1
37 21 1
37 24 66
37 25 46
37 29 5
37 31 44
37 33 46
38 2 97
38 3 90
38 4 4
38 7 50
38 9 98
38 10 12
38 11 13
38 12 80
38 13 76
38 14 23
38 15 89
38 16 29
38 17 55
38 18 24
38 19 54
38 20 96
38 24 15
38 25 89
38 27 84
38 28 64
38 29 5
38 32 19
38 36 13
39 1 79
39 4 94
39 6 48
39 7 32
39 8 46
39 9 21
39 10 60
39 11 28
39 12 48
39 15 66
39 16 50
39 17 12
39 18 2
39 19 47
39 20 39
39 21 31
39 22 85
39 23 38
39 25 6
39 28 72
39 30 78
39 33 12
39 34 62
39 36 24
40 1 86
40 2 48
40 4 19
40 5 91
40 7 76
40 8 68
40 9 36
40 12 88
40 13 11
40 14 91
40 17 97
40 19 85
40 20 25
40 22 39
40 23 96
40 24 25
40 27 81
40 28 5
40 31 21
40 32 81
40 33 56
40 35 69
40 36 29
40 38 53
40 39 21
41 1 32
41 3 36
41 5 98
41 6 5
41 9 84
41 12 45
41 13 51
41 14 75
41 16 83
41 17 58
41 18 56
41 19 77
41 20 3
41 21 16
41 22 63
41 23 23
41 26 44
41 28 80
41 30 42
41 34 15
41 35 20
41 39 17
41 40 85
42 2 72
42 6 45
42 8 80
42 11 87
42 12 43
42 13 84
42 16 66
42 17 11
42 23 79
42 26 10
42 27 75
42 29 11
42 32 9
42 34 63
42 35 14
42 36 93
42 37 50
42 40 99
42 41 28
43 1 6
43 4 64
43 6 87
43 9 32
43 11 98
43 13 75
43 20 33
43 21 86
43 23 50
43 24 61
43 25 63
43 27 35
43 31 11
43 35 65
43 39 79
43 40 96
43 42 78
44 1 96
44 3 92
44 4 9
44 6 25
44 7 28
44 9 87
44 12 8
44 15 68
44 16 47
44 17 89
44 23 51
44 24 97
44 25 51
44 26 73
44 28 10
44 29 41
44 30 72
44 31 44
44 32 30
44 33 41
44 37 84
44 39 73
44 40 33
44 43 1
45 1 75
45 2 16
45 3 37
45 4 91
45 7 61
45 9 35
45 10 95
45 11 75
45 13 82
45 16 72
45 17 64
45 18 3
45 19 26
45 20 40
45 21 19
45 22 91
45 23 53
45 24 49
45 27 49
45 30 63
45 32 67
45 34 45
45 37 13
45 38 1
45 41 2
45 43 42
45 44 35
46 1 29
46 2 46
46 3 41
46 4 98
46 7 87
46 8 71
46 9 73
46 10 89
46 11 73
46 14 39
46 16 65
46 17 98
46 19 33
46 20 69
46 21 49
46 22 42
46 26 46
46 28 45
46 30 13
46 31 44
46 32 14
46 35 91
46 36 44
46 42 12
46 45 52
47 1 38
47 2 86
47 6 35
47 8 30
47 10 53
47 11 32
47 13 47
47 15 53
47 17 43
47 19 8
47 20 48
47 22 76
47 23 64
47 25 8
47 26 98
47 27 26
47 29 31
47 30 56
47 31 85
47 33 52
47 34 94
47 35 98
47 36 98
47 39 37
47 40 44
47 43 9
48 2 51
48 3 36
48 5 92
48 6 89
48 7 16
48 9 38
48 11 55
48 12 29
48 13 69
48 14 45
48 15 66
48 19 11
48 24 42
48 27 93
48 29 10
48 31 15
48 32 81
48 35 73
48 39 3
48 40 10
48 41 43
48 42 4
48 43 90
48 44 89
49 1 29
49 2 32
49 5 92
49 10 41
49 11 62
49 13 84
49 14 63
49 17 65
49 22 95
49 24 33
49 26 88
49 30 45
49 31 17
49 32 59
49 33 62
49 34 38
49 35 3
49 36 32
49 38 8
49 41 22
49 44 8
49 47 85
50 2 96
50 3 26
50 5 16
50 7 89
50 8 38
50 11 46
50 14 54
50 17 21
50 18 16
50 19 11
50 25 28
50 26 81
50 27 36
50 28 75
50 31 8
50 35 83
50 36 99
50 41 13
50 44 98
50 46 18
50 49 80
0
