50 1225
2 1 8
3 1 73
3 2 81
4 1 12
4 2 56
4 3 28
5 1 34
5 2 61
5 3 33
5 4 14
6 1 14
6 2 38
6 3 51
6 4 98
6 5 38
7 1 6
7 2 57
7 3 39
7 4 2
7 5 12
7 6 11
8 1 84
8 2 66
8 3 44
8 4 57
8 5 4
8 6 57
8 7 51
9 1 69
9 2 62
9 3 23
9 4 32
9 5 7
9 6 90
9 7 80
9 8 56
10 1 28
10 2 11
10 3 38
10 4 40
10 5 45
10 6 52
10 7 24
10 8 46
10 9 94
11 1 38
11 2 56
11 3 9
11 4 25
11 5 57
11 6 54
11 7 73
11 8 56
11 9 54
11 10 13
12 1 40
12 2 85
12 3 2
12 4 18
12 5 71
12 6 32
12 7 79
12 8 64
12 9 20
12 10 78
12 11 66
13 1 90
13 2 12
13 3 100
13 4 61
13 5 31
13 6 48
13 7 83
13 8 1
13 9 74
13 10 91
13 11 6
13 12 55
14 1 13
14 2 52
14 3 38
14 4 22
14 5 27
14 6 33
14 7 77
14 8 78
14 9 6
14 10 3
14 11 99
14 12 51
14 13 35
15 1 43
15 2 32
15 3 5
15 4 52
15 5 20
15 6 46
15 7 3
15 8 9
15 9 94
15 10 8
15 11 98
15 12 69
15 13 27
15 14 20
16 1 71
16 2 12
16 3 90
16 4 48
16 5 100
16 6 78
16 7 55
16 8 95
16 9 35
16 10 55
16 11 12
16 12 97
16 13 49
16 14 4
16 15 84
17 1 96
17 2 44
17 3 100
17 4 5
17 5 62
17 6 84
17 7 78
17 8 84
17 9 86
17 10 31
17 11 99
17 12 100
17 13 26
17 14 54
17 15 84
17 16 100
18 1 47
18 2 42
18 3 73
18 4 97
18 5 79
18 6 38
18 7 65
18 8 30
18 9 12
18 10 28
18 11 60
18 12 38
18 13 4
18 14 7
18 15 10
18 16 19
18 17 28
19 1 76
19 2 64
19 3 64
19 4 17
19 5 35
19 6 12
19 7 84
19 8 55
19 9 82
19 10 14
19 11 89
19 12 29
19 13 40
19 14 16
19 15 51
19 16 73
19 17 88
19 18 91
20 1 42
20 2 64
20 3 17
20 4 63
20 5 9
20 6 90
20 7 25
20 8 28
20 9 80
20 10 59
20 11 4
20 12 6
20 13 100
20 14 93
20 15 1
20 16 5
20 17 32
20 18 93
20 19 27
21 1 96
21 2 81
21 3 28
21 4 46
21 5 99
21 6 98
21 7 90
21 8 53
21 9 85
21 10 49
21 11 57
21 12 11
21 13 88
21 14 87
21 15 62
21 16 93
21 17 36
21 18 49
21 19 80
21 20 85
22 1 65
22 2 5
22 3 53
22 4 39
22 5 10
22 6 44
22 7 46
22 8 4
22 9 93
22 10 30
22 11 19
22 12 44
22 13 52
22 14 90
22 15 2
22 16 13
22 17 63
22 18 65
22 19 87
22 20 29
22 21 15
23 1 52
23 2 43
23 3 80
23 4 14
23 5 6
23 6 6
23 7 73
23 8 27
23 9 25
23 10 87
23 11 29
23 12 8
23 13 25
23 14 79
23 15 94
23 16 55
23 17 17
23 18 88
23 19 69
23 20 90
23 21 12
23 22 95
24 1 82
24 2 6
24 3 14
24 4 52
24 5 4
24 6 32
24 7 72
24 8 64
24 9 92
24 10 42
24 11 42
24 12 60
24 13 58
24 14 43
24 15 75
24 16 27
24 17 10
24 18 54
24 19 37
24 20 95
24 21 8
24 22 85
24 23 88
25 1 32
25 2 26
25 3 82
25 4 13
25 5 73
25 6 75
25 7 18
25 8 8
25 9 51
25 10 16
25 11 67
25 12 16
25 13 42
25 14 98
25 15 35
25 16 2
25 17 100
25 18 37
25 19 46
25 20 54
25 21 87
25 22 42
25 23 81
25 24 72
26 1 26
26 2 35
26 3 76
26 4 37
26 5 10
26 6 4
26 7 16
26 8 79
26 9 9
26 10 46
26 11 41
26 12 79
26 13 41
26 14 99
26 15 26
26 16 85
26 17 22
26 18 35
26 19 16
26 20 73
26 21 85
26 22 12
26 23 88
26 24 43
26 25 71
27 1 48
27 2 14
27 3 80
27 4 89
27 5 56
27 6 50
27 7 19
27 8 34
27 9 29
27 10 97
27 11 2
27 12 54
27 13 95
27 14 81
27 15 92
27 16 37
27 17 72
27 18 57
27 19 15
27 20 79
27 21 80
27 22 87
27 23 47
27 24 41
27 25 42
27 26 43
28 1 58
28 2 81
28 3 22
28 4 67
28 5 91
28 6 62
28 7 87
28 8 44
28 9 64
28 10 13
28 11 87
28 12 75
28 13 6
28 14 87
28 15 20
28 16 60
28 17 94
28 18 3
28 19 21
28 20 88
28 21 89
28 22 49
28 23 5
28 24 66
28 25 46
28 26 95
28 27 24
29 1 35
29 2 75
29 3 79
29 4 22
29 5 81
29 6 28
29 7 76
29 8 99
29 9 40
29 10 78
29 11 84
29 12 92
29 13 43
29 14 43
29 15 60
29 16 57
29 17 100
29 18 67
29 19 22
29 20 80
29 21 91
29 22 35
29 23 44
29 24 92
29 25 1
29 26 73
29 27 76
29 28 60
30 1 80
30 2 18
30 3 14
30 4 29
30 5 63
30 6 83
30 7 1
30 8 39
30 9 74
30 10 98
30 11 73
30 12 17
30 13 71
30 14 9
30 15 22
30 16 52
30 17 58
30 18 39
30 19 45
30 20 11
30 21 33
30 22 33
30 23 42
30 24 28
30 25 16
30 26 64
30 27 89
30 28 6
30 29 44
31 1 52
31 2 50
31 3 98
31 4 87
31 5 65
31 6 79
31 7 59
31 8 55
31 9 25
31 10 49
31 11 69
31 12 74
31 13 68
31 14 21
31 15 41
31 16 79
31 17 63
31 18 91
31 19 2
31 20 19
31 21 98
31 22 36
31 23 64
31 24 70
31 25 81
31 26 84
31 27 33
31 28 13
31 29 13
31 30 31
32 1 95
32 2 37
32 3 7
32 4 8
32 5 95
32 6 15
32 7 42
32 8 51
32 9 76
32 10 59
32 11 96
32 12 27
32 13 35
32 14 77
32 15 98
32 16 22
32 17 70
32 18 14
32 19 52
32 20 44
32 21 24
32 22 56
32 23 19
32 24 54
32 25 90
32 26 71
32 27 21
32 28 55
32 29 43
32 30 28
32 31 66
33 1 45
33 2 93
33 3 87
33 4 84
33 5 49
33 6 71
33 7 72
33 8 61
33 9 5
33 10 70
33 11 43
33 12 92
33 13 74
33 14 42
33 15 19
33 16 65
33 17 32
33 18 98
33 19 47
33 20 32
33 21 32
33 22 44
33 23 18
33 24 27
33 25 35
33 26 98
33 27 20
33 28 7
33 29 60
33 30 17
33 31 91
33 32 96
34 1 64
34 2 22
34 3 68
34 4 45
34 5 78
34 6 61
34 7 74
34 8 91
34 9 74
34 10 30
34 11 39
34 12 53
34 13 30
34 14 42
34 15 15
34 16 71
34 17 86
34 18 82
34 19 45
34 20 27
34 21 75
34 22 6
34 23 22
34 24 96
34 25 66
34 26 88
34 27 25
34 28 26
34 29 42
34 30 32
34 31 32
34 32 66
34 33 31
35 1 7
35 2 38
35 3 49
35 4 98
35 5 82
35 6 45
35 7 82
35 8 1
35 9 7
35 10 2
35 11 52
35 12 72
35 13 98
35 14 87
35 15 74
35 16 72
35 17 46
35 18 34
35 19 38
35 20 94
35 21 31
35 22 66
35 23 28
35 24 19
35 25 95
35 26 58
35 27 74
35 28 10
35 29 40
35 30 100
35 31 60
35 32 79
35 33 67
35 34 55
36 1 64
36 2 14
36 3 62
36 4 52
36 5 48
36 6 18
36 7 82
36 8 50
36 9 71
36 10 7
36 11 23
36 12 70
36 13 49
36 14 99
36 15 5
36 16 64
36 17 31
36 18 12
36 19 23
36 20 87
36 21 9
36 22 19
36 23 48
36 24 79
36 25 83
36 26 39
36 27 44
36 28 47
36 29 50
36 30 55
36 31 19
36 32 65
36 33 94
36 34 97
36 35 76
37 1 73
37 2 20
37 3 42
37 4 35
37 5 90
37 6 28
37 7 80
37 8 9
37 9 71
37 10 32
37 11 22
37 12 76
37 13 13
37 14 48
37 15 86
37 16 98
37 17 69
37 18 49
37 19 73
37 20 43
37 21 43
37 22 94
37 23 73
37 24 93
37 25 37
37 26 96
37 27 60
37 28 11
37 29 78
37 30 84
37 31 55
37 32 81
37 33 63
37 34 86
37 35 5
37 36 42
38 1 89
38 2 50
38 3 34
38 4 59
38 5 8
38 6 12
38 7 18
38 8 39
38 9 19
38 10 4
38 11 71
38 12 83
38 13 36
38 14 16
38 15 5
38 16 67
38 17 100
38 18 81
38 19 25
38 20 15
38 21 42
38 22 83
38 23 8
38 24 19
38 25 56
38 26 17
38 27 97
38 28 80
38 29 81
38 30 54
38 31 57
38 32 38
38 33 9
38 34 98
38 35 17
38 36 95
38 37 7
39 1 63
39 2 78
39 3 1
39 4 75
39 5 84
39 6 28
39 7 23
39 8 88
39 9 92
39 10 60
39 11 77
39 12 20
39 13 62
39 14 6
39 15 85
39 16 78
39 17 13
39 18 6
39 19 18
39 20 96
39 21 13
39 22 99
39 23 23
39 24 1
39 25 88
39 26 69
39 27 64
39 28 37
39 29 6
39 30 42
39 31 46
39 32 74
39 33 87
39 34 47
39 35 35
39 36 42
39 37 10
39 38 16
40 1 74
40 2 69
40 3 22
40 4 30
40 5 89
40 6 5
40 7 56
40 8 1
40 9 60
40 10 69
40 11 16
40 12 36
40 13 45
40 14 15
40 15 100
40 16 35
40 17 40
40 18 37
40 19 77
40 20 90
40 21 15
40 22 84
40 23 84
40 24 57
40 25 27
40 26 87
40 27 3
40 28 20
40 29 45
40 30 30
40 31 12
40 32 28
40 33 39
40 34 31
40 35 3
40 36 62
40 37 18
40 38 13
40 39 91
41 1 21
41 2 76
41 3 83
41 4 39
41 5 2
41 6 35
41 7 23
41 8 6
41 9 20
41 10 40
41 11 46
41 12 28
41 13 62
41 14 57
41 15 23
41 16 6
41 17 8
41 18 96
41 19 35
41 20 23
41 21 41
41 22 30
41 23 16
41 24 57
41 25 27
41 26 4
41 27 70
41 28 86
41 29 84
41 30 9
41 31 97
41 32 64
41 33 82
41 34 81
41 35 96
41 36 86
41 37 93
41 38 54
41 39 25
41 40 71
42 1 95
42 2 14
42 3 28
42 4 37
42 5 37
42 6 48
42 7 19
42 8 26
42 9 50
42 10 26
42 11 51
42 12 75
42 13 43
42 14 20
42 15 32
42 16 17
42 17 73
42 18 62
42 19 89
42 20 47
42 21 45
42 22 38
42 23 34
42 24 77
42 25 5
42 26 6
42 27 95
42 28 82
42 29 48
42 30 28
42 31 85
42 32 36
42 33 10
42 34 67
42 35 28
42 36 56
42 37 22
42 38 44
42 39 94
42 40 100
42 41 64
43 1 4
43 2 73
43 3 16
43 4 5
43 5 40
43 6 6
43 7 4
43 8 67
43 9 28
43 10 70
43 11 83
43 12 8
43 13 41
43 14 26
43 15 40
43 16 38
43 17 28
43 18 42
43 19 41
43 20 91
43 21 81
43 22 59
43 23 48
43 24 45
43 25 15
43 26 28
43 27 26
43 28 41
43 29 35
43 30 1
43 31 54
43 32 69
43 33 64
43 34 86
43 35 85
43 36 28
43 37 17
43 38 90
43 39 34
43 40 36
43 41 24
43 42 4
44 1 76
44 2 58
44 3 21
44 4 6
44 5 32
44 6 68
44 7 2
44 8 44
44 9 33
44 10 95
44 11 7
44 12 95
44 13 59
44 14 83
44 15 58
44 16 25
44 17 41
44 18 67
44 19 3
44 20 48
44 21 53
44 22 18
44 23 51
44 24 50
44 25 14
44 26 27
44 27 1
44 28 28
44 29 96
44 30 17
44 31 87
44 32 22
44 33 100
44 34 26
44 35 11
44 36 94
44 37 5
44 38 15
44 39 66
44 40 44
44 41 17
44 42 88
44 43 20
45 1 68
45 2 93
45 3 4
45 4 71
45 5 23
45 6 55
45 7 96
45 8 60
45 9 71
45 10 38
45 11 33
45 12 28
45 13 1
45 14 87
45 15 71
45 16 45
45 17 59
45 18 17
45 19 41
45 20 36
45 21 34
45 22 86
45 23 64
45 24 38
45 25 6
45 26 52
45 27 68
45 28 38
45 29 4
45 30 37
45 31 45
45 32 4
45 33 80
45 34 46
45 35 61
45 36 79
45 37 2
45 38 71
45 39 2
45 40 88
45 41 98
45 42 16
45 43 2
45 44 33
46 1 83
46 2 44
46 3 79
46 4 97
46 5 81
46 6 61
46 7 77
46 8 5
46 9 90
46 10 14
46 11 9
46 12 63
46 13 18
46 14 31
46 15 14
46 16 14
46 17 86
46 18 30
46 19 26
46 20 41
46 21 58
46 22 55
46 23 74
46 24 89
46 25 50
46 26 53
46 27 79
46 28 57
46 29 17
46 30 71
46 31 80
46 32 23
46 33 84
46 34 17
46 35 20
46 36 100
46 37 17
46 38 32
46 39 92
46 40 67
46 41 19
46 42 92
46 43 12
46 44 10
46 45 62
47 1 48
47 2 77
47 3 40
47 4 35
47 5 18
47 6 12
47 7 69
47 8 53
47 9 91
47 10 25
47 11 18
47 12 34
47 13 81
47 14 43
47 15 7
47 16 8
47 17 24
47 18 59
47 19 30
47 20 68
47 21 23
47 22 81
47 23 95
47 24 82
47 25 74
47 26 58
47 27 53
47 28 94
47 29 12
47 30 82
47 31 63
47 32 66
47 33 6
47 34 51
47 35 6
47 36 4
47 37 15
47 38 98
47 39 65
47 40 47
47 41 97
47 42 4
47 43 66
47 44 64
47 45 64
47 46 21
48 1 40
48 2 11
48 3 29
48 4 96
48 5 37
48 6 74
48 7 1
48 8 2
48 9 89
48 10 86
48 11 100
48 12 12
48 13 97
48 14 89
48 15 27
48 16 71
48 17 5
48 18 82
48 19 49
48 20 57
48 21 16
48 22 19
48 23 88
48 24 32
48 25 96
48 26 75
48 27 28
48 28 99
48 29 45
48 30 55
48 31 93
48 32 62
48 33 86
48 34 57
48 35 56
48 36 18
48 37 37
48 38 88
48 39 79
48 40 72
48 41 16
48 42 95
48 43 96
48 44 25
48 45 88
48 46 97
48 47 72
49 1 85
49 2 85
49 3 89
49 4 97
49 5 57
49 6 24
49 7 17
49 8 57
49 9 79
49 10 31
49 11 4
49 12 37
49 13 65
49 14 46
49 15 2
49 16 83
49 17 96
49 18 42
49 19 40
49 20 4
49 21 85
49 22 74
49 23 65
49 24 73
49 25 98
49 26 74
49 27 39
49 28 88
49 29 6
49 30 58
49 31 82
49 32 7
49 33 50
49 34 79
49 35 25
49 36 2
49 37 46
49 38 92
49 39 78
49 40 2
49 41 55
49 42 34
49 43 23
49 44 49
49 45 27
49 46 10
49 47 75
49 48 41
50 1 42
50 2 31
50 3 11
50 4 81
50 5 59
50 6 36
50 7 72
50 8 91
50 9 73
50 10 91
50 11 36
50 12 71
50 13 94
50 14 86
50 15 84
50 16 48
50 17 42
50 18 94
50 19 89
50 20 61
50 21 85
50 22 69
50 23 26
50 24 56
50 25 95
50 26 97
50 27 85
50 28 1
50 29 8
50 30 89
50 31 85
50 32 56
50 33 34
50 34 79
50 35 45
50 36 67
50 37 1
50 38 22
50 39 91
50 40 58
50 41 4
50 42 29
50 43 36
50 44 82
50 45 98
50 46 97
50 47 23
50 48 31
50 49 20
0
