300 50 108 8
56  34  18  32  28  12  42  24  43  52  24  34  38  35  8  37  13  19  17  36  5  49  49  9  19  49  37  30  47  40  24  4  19  61  5  16  10  19  11  21  54  51  7  49  46  51  34  56  54  31 
47  36  21  50  32  41  54  21  22  41  16  42  14  29  28  55  38  65  55  43  32  33  35  25  42  39  13  8  51  53  12  61  34  18  41  53  60  56  54  46  50  27  65  25  49  2  4  2  3  63 
65  6  43  2  26  9  63  61  43  2  29  5  32  54  27  43  2  29  55  37  66  32  51  66  66  58  39  59  17  66  47  45  61  41  22  20  13  23  34  49  6  10  14  43  47  4  39  12  43  32 
15  24  17  23  48  5  23  2  37  24  51  34  50  24  32  57  23  61  17  24  38  1  35  1  30  53  20  13  10  38  7  2  25  66  62  5  50  51  10  15  57  9  1  59  40  9  20  20  10  44 
59  31  12  16  35  39  30  18  62  61  15  1  11  30  17  31  31  43  54  29  46  20  48  14  56  7  48  45  33  42  25  25  46  10  64  11  52  37  11  27  27  17  31  56  27  53  15  51  36  63 
46  5  59  54  45  21  17  6  50  15  35  41  37  64  13  44  63  35  34  65  9  18  35  42  60  31  23  12  64  52  10  58  58  10  45  46  56  4  10  2  1  7  24  53  26  35  47  30  51  26 
37  22  55  19  8  39  6  31  17  28  49  32  53  10  32  43  58  12  38  3  2  53  9  44  24  38  57  7  29  30  24  20  25  38  58  13  15  65  65  29  19  39  14  50  30  44  7  11  9  59 
66  32  12  61  30  39  43  55  62  44  65  42  43  44  59  63  22  59  38  33  56  19  55  30  46  10  47  49  41  10  59  4  31  45  3  1  32  47  19  32  13  20  54  12  24  59  27  46  13  2 
45  7  12  64  29  54  25  55  27  65  53  18  36  24  54  50  61  49  45  49  57  53  45  62  2  28  18  54  29  42  29  20  10  45  44  54  64  8  54  48  12  17  24  27  38  49  39  9  6  60 
11  47  34  65  26  38  7  46  16  10  20  59  27  38  56  38  47  61  53  49  20  31  13  41  48  62  15  41  1  52  49  42  4  27  16  49  47  55  56  21  55  36  46  60  5  31  65  47  26  7 
14  57  48  53  54  45  59  9  60  26  48  40  33  53  49  2  64  3  38  6  59  17  65  9  62  55  25  52  65  1  25  61  11  61  44  28  6  24  36  32  49  32  24  36  39  23  40  43  17  20 
3  35  57  5  51  46  29  3  45  15  52  10  44  13  38  42  29  17  62  4  36  14  57  47  11  7  26  4  41  12  63  60  42  30  16  60  5  12  11  58  15  1  41  50  51  46  6  60  21  7 
15  65  63  52  66  22  7  39  4  18  57  59  49  23  56  59  61  18  32  60  29  28  60  22  54  19  63  37  25  32  40  2  35  7  47  55  9  16  7  56  30  31  16  19  12  56  32  39  12  32 
31  55  25  34  49  66  35  33  22  19  1  60  55  49  49  56  60  29  20  41  55  52  39  62  57  47  17  31  6  48  28  16  54  55  53  27  3  37  8  55  48  33  20  47  59  58  49  58  49  20 
65  28  39  22  13  15  9  50  22  60  58  56  46  52  15  60  65  51  54  3  8  38  31  65  23  47  40  65  23  37  42  12  38  66  41  5  41  56  9  57  6  14  33  54  3  13  4  26  6  52 
49  48  47  38  16  11  36  40  45  20  37  57  18  58  44  1  63  20  6  37  57  11  47  40  61  2  57  29  34  14  58  29  19  10  18  44  57  56  41  32  26  2  61  55  29  61  57  11  36  65 
66  17  21  18  18  19  52  6  25  19  51  3  7  7  48  35  10  32  3  33  62  21  49  36  12  9  3  22  4  52  28  63  61  56  5  64  57  26  29  53  48  51  66  37  18  56  1  8  41  4 
52  56  36  24  51  23  24  63  3  19  16  42  28  29  6  53  33  44  6  47  64  46  59  20  32  31  10  7  65  11  20  55  52  59  19  3  18  7  22  22  39  39  16  45  25  6  35  55  23  29 
9  49  51  9  42  38  5  53  9  63  23  20  49  7  64  53  19  9  51  26  12  18  7  42  20  29  30  51  7  62  47  26  59  59  58  49  11  12  20  9  16  14  11  38  3  20  24  9  60  52 
50  15  1  62  34  21  22  32  5  39  32  65  14  30  50  43  6  30  44  32  30  55  45  21  51  33  21  62  7  56  23  51  27  22  63  57  39  55  54  26  33  28  36  19  5  47  57  26  15  1 
26  32  7  19  11  59  19  30  56  6  1  60  51  29  2  51  65  45  42  49  39  42  54  49  4  53  65  18  32  32  63  12  48  50  29  23  37  2  43  60  40  43  48  17  2  48  24  41  66  1 
58  62  62  61  21  5  17  62  35  43  60  24  20  42  16  3  46  4  66  26  35  9  31  41  19  60  34  62  14  51  33  61  41  61  18  49  6  35  20  2  8  37  20  4  59  54  32  3  32  46 
63  54  43  12  27  1  15  29  25  65  63  50  10  9  35  1  10  64  42  5  8  29  28  8  2  64  52  7  8  24  31  23  33  19  57  15  22  53  7  41  15  27  24  18  3  3  39  16  33  7 
12  26  34  17  25  64  36  56  3  17  59  7  60  61  12  42  61  40  14  17  6  3  60  51  49  62  25  13  5  61  19  20  1  48  33  58  30  43  54  29  26  63  45  8  11  31  53  32  47  11 
30  45  35  13  15  51  43  38  12  59  31  51  62  22  29  43  41  28  20  17  9  43  31  51  13  26  39  12  13  57  61  30  63  33  62  64  57  59  30  56  20  49  66  26  45  28  53  65  56  2 
50  48  22  64  35  1  45  34  8  35  39  54  36  27  16  32  2  45  48  30  32  57  29  6  31  30  15  42  26  33  47  45  10  24  34  25  2  4  34  59  66  47  60  45  29  66  34  34  31  36 
60  10  8  28  28  22  36  48  54  43  40  62  66  50  46  40  21  5  42  53  44  42  6  24  46  5  52  35  10  56  13  39  32  57  4  14  41  32  14  40  50  63  20  55  7  12  2  40  30  34 
9  46  24  30  37  12  8  28  50  41  48  6  63  59  57  65  54  7  52  53  32  46  3  39  12  26  2  25  6  25  64  39  40  63  9  57  21  3  59  27  30  62  6  52  44  27  65  35  20  16 
16  14  44  39  6  63  31  22  16  40  4  9  18  29  63  1  14  31  60  60  6  20  65  59  36  62  49  37  29  6  25  25  52  62  22  12  60  27  48  45  19  38  46  47  27  61  32  33  10  29 
66  30  8  60  15  31  9  33  10  66  40  3  58  64  4  33  41  36  16  37  23  31  60  17  6  44  47  56  40  41  30  21  31  62  11  45  58  9  24  13  61  12  38  25  62  28  10  42  36  40 
52  35  17  22  7  45  3  57  32  38  37  48  59  3  48  65  57  64  39  28  35  16  37  4  23  7  36  48  40  14  12  28  10  8  57  13  58  3  54  25  36  17  48  43  38  60  24  45  15  54 
3  49  30  22  51  28  9  49  23  22  2  18  31  29  48  39  55  18  30  61  13  56  47  18  1  14  60  57  25  64  6  3  17  14  28  60  4  47  5  28  58  47  17  25  60  16  61  16  42  43 
18  29  54  22  2  57  33  19  1  15  15  3  65  25  21  24  49  65  27  55  65  20  42  4  18  57  63  6  25  57  65  46  46  52  22  11  42  19  27  13  24  35  28  66  48  40  51  35  16  22 
47  63  27  50  63  64  25  33  26  44  14  53  6  5  9  60  36  14  56  52  51  12  10  31  42  4  45  5  32  9  47  10  33  29  8  30  55  60  56  4  38  64  65  30  47  27  20  48  50  19 
59  38  45  9  48  38  50  36  11  23  20  16  54  49  35  23  30  4  15  14  4  29  53  51  5  3  20  57  55  36  39  38  65  9  26  41  33  17  34  21  25  56  61  21  20  29  45  47  20  59 
66  47  6  17  49  7  25  27  24  63  53  21  41  37  11  6  14  62  30  43  7  52  2  25  57  19  52  64  26  46  9  38  40  64  25  20  11  65  5  20  20  54  26  38  63  58  24  8  61  20 
4  55  37  12  29  24  37  50  16  48  61  50  47  12  34  31  46  17  18  58  52  14  54  26  41  59  50  61  49  17  62  5  61  61  1  60  5  42  66  25  10  45  9  50  36  44  8  14  61  24 
26  66  36  58  47  38  64  30  32  45  36  38  53  37  39  51  25  21  63  30  10  19  47  29  6  32  54  39  12  5  12  52  65  14  32  58  5  52  2  3  12  13  30  48  17  36  66  59  7  37 
44  44  12  58  20  16  7  32  48  44  63  41  25  21  25  4  22  19  60  62  11  60  27  13  29  28  21  23  22  19  8  18  56  18  7  23  34  28  15  24  18  37  29  30  38  43  35  30  15  3 
66  6  46  22  14  2  55  11  34  6  13  33  13  22  9  21  33  3  54  18  24  51  23  36  2  33  51  42  41  49  52  11  63  66  55  56  25  26  9  4  47  17  23  33  55  26  46  37  38  6 
9  47  47  18  63  45  35  20  54  12  61  55  31  4  25  48  16  23  30  24  52  14  56  29  13  40  30  1  3  15  5  5  27  1  1  26  65  46  8  15  50  22  56  42  9  56  9  37  12  51 
11  36  9  28  54  13  1  48  11  49  60  60  64  28  59  14  23  8  53  29  45  52  30  28  54  44  62  52  15  52  43  14  18  44  55  26  17  49  13  62  51  7  2  64  15  50  19  55  5  35 
12  39  2  23  8  2  10  14  9  15  4  56  9  58  42  65  33  39  32  57  54  5  58  18  44  42  39  65  6  57  56  65  28  22  60  37  36  12  30  8  44  41  3  6  2  11  28  56  17  43 
45  31  57  65  38  15  30  45  59  32  63  44  49  3  52  50  28  37  42  15  57  60  58  51  5  45  37  2  1  31  54  45  58  40  10  15  14  32  19  29  9  5  31  17  40  55  49  63  5  29 
52  38  48  2  64  35  28  58  5  1  59  37  2  42  27  45  64  37  55  51  9  48  33  39  43  39  10  1  35  59  12  23  8  6  14  48  38  60  47  56  38  59  42  33  59  25  61  59  66  19 
39  37  57  36  15  20  21  45  35  62  28  20  48  45  55  50  6  42  66  2  36  55  1  32  37  43  61  10  6  53  28  49  20  41  13  51  3  28  63  28  61  48  38  56  28  29  14  55  28  19 
19  52  1  58  47  25  45  60  22  14  29  4  54  54  29  59  6  36  58  39  15  47  60  45  11  54  34  49  3  19  5  15  53  62  60  66  18  49  49  29  44  62  56  50  53  46  43  16  41  22 
9  18  21  61  21  33  41  7  57  62  3  39  18  10  38  56  48  37  47  35  25  6  17  59  22  38  8  56  23  30  16  36  65  52  37  7  61  58  63  58  17  4  34  43  15  36  2  60  24  48 
34  48  14  47  65  42  59  36  8  17  54  52  38  6  50  34  13  9  26  34  64  18  61  42  12  34  7  58  24  21  25  48  52  57  3  21  19  62  36  2  6  41  42  25  54  3  41  39  45  23 
57  13  60  43  16  57  15  14  31  12  57  26  2  26  9  25  62  66  49  45  52  16  32  52  49  29  66  25  55  38  2  53  43  4  53  12  62  5  4  27  1  23  9  61  40  28  13  14  37  63 
5  45  62  27  23  18  10  4  4  18  5  48  23  22  35  35  38  26  65  11  50  3  56  65  64  20  42  63  41  9  29  33  60  51  58  56  14  30  28  22  38  33  14  9  32  58  8  5  58  3 
34  30  5  59  6  59  22  39  32  53  13  21  52  37  10  63  20  26  8  26  57  39  4  12  37  46  8  48  60  42  16  37  3  10  47  19  14  42  63  35  51  16  11  65  63  44  1  21  44  34 
12  66  22  8  6  63  13  26  14  53  60  13  6  26  5  31  65  59  55  5  9  58  24  48  31  4  52  50  30  28  40  55  65  54  23  23  30  60  8  53  59  49  25  57  4  43  17  4  9  4 
54  60  10  13  3  53  20  37  59  31  27  17  51  44  16  2  2  18  62  61  66  66  61  18  64  17  47  9  7  51  4  22  12  10  59  12  26  41  20  48  55  1  32  53  20  63  66  28  32  31 
57  1  16  56  41  56  51  5  37  14  54  5  29  25  37  6  11  4  44  11  66  24  16  47  65  60  6  52  60  22  44  45  11  59  16  21  37  45  26  49  39  32  51  8  25  58  64  22  4  7 
51  52  64  28  66  25  55  32  60  26  57  55  46  9  39  36  27  36  15  43  47  28  14  5  23  52  10  39  54  8  17  12  25  12  24  24  41  9  48  45  3  52  21  27  37  11  24  33  6  61 
62  57  33  50  58  19  53  14  52  32  65  36  58  16  21  66  48  64  63  28  51  32  3  9  39  53  18  41  65  60  25  51  7  17  34  13  19  23  57  28  5  2  19  56  40  59  63  42  14  45 
28  58  28  45  6  56  12  66  47  33  51  17  59  18  23  53  47  31  54  29  54  41  59  47  62  33  23  11  39  3  35  9  9  29  56  64  29  19  53  47  37  62  34  22  50  35  63  64  55  29 
34  39  20  24  37  55  26  45  23  49  40  34  1  62  61  52  41  57  40  1  37  51  23  59  48  60  33  64  32  66  49  62  63  14  30  59  4  31  36  31  46  47  38  62  40  59  55  9  64  6 
24  41  66  6  59  64  13  30  12  36  12  51  45  42  10  56  65  63  51  52  11  45  48  12  16  43  6  41  53  39  23  3  13  40  37  18  56  53  25  44  60  50  37  49  66  54  19  63  7  59 
57  19  6  26  12  48  54  13  60  63  31  44  61  53  65  49  64  65  66  57  58  64  21  66  16  55  23  49  38  35  10  39  37  28  38  30  15  35  7  33  63  52  39  34  45  44  42  63  40  14 
2  34  7  44  38  26  11  2  57  28  22  3  1  14  40  48  19  50  42  26  62  57  49  65  66  24  9  36  60  62  54  61  29  55  63  19  53  3  19  21  7  38  1  9  63  16  58  29  35  10 
65  7  35  26  4  63  26  43  58  35  59  19  52  21  32  54  52  10  7  42  17  31  45  52  12  64  26  58  37  10  53  21  47  42  33  48  42  42  11  21  61  36  51  34  18  13  64  65  28  16 
35  21  31  25  14  38  52  33  56  45  42  66  50  29  31  4  59  55  53  65  25  30  47  55  17  55  20  57  49  63  38  61  16  66  58  60  63  42  28  7  50  41  10  49  13  13  49  14  25  34 
40  17  33  9  48  55  25  36  33  46  35  23  37  47  54  7  31  27  60  38  22  60  28  38  49  29  24  56  1  63  51  36  29  10  48  23  8  59  12  32  50  63  59  2  5  17  65  28  1  5 
33  15  13  20  51  16  29  22  53  45  49  43  14  41  43  23  10  24  5  38  7  19  26  30  36  4  43  50  18  11  49  17  7  20  55  11  54  26  66  25  1  51  55  54  18  56  12  43  57  52 
4  23  45  12  19  41  53  25  20  13  13  27  53  12  31  14  21  57  23  58  44  22  36  12  35  53  14  32  22  16  12  23  10  28  66  12  35  35  10  66  44  44  17  43  7  22  47  50  43  52 
23  41  16  24  40  57  54  22  27  3  4  42  36  64  57  6  54  37  28  49  59  54  26  27  26  32  61  30  6  64  30  59  37  30  64  47  26  57  39  7  42  43  54  47  41  56  18  29  23  53 
7  49  8  60  43  31  21  28  2  4  15  12  10  12  8  9  34  38  55  65  34  8  18  17  13  58  59  18  41  39  36  56  30  23  38  35  54  39  26  28  14  21  36  32  5  16  2  36  53  32 
34  31  50  54  6  15  18  54  53  19  16  9  66  14  26  3  45  15  59  28  29  7  10  23  20  41  49  59  53  17  7  25  51  30  28  24  15  35  42  62  32  55  64  62  22  14  51  35  34  44 
41  54  42  32  15  11  27  20  41  30  20  26  32  18  34  3  60  16  3  57  41  45  18  2  54  22  10  39  25  63  30  24  66  7  7  30  61  30  51  50  47  5  57  43  53  33  15  50  11  11 
15  24  19  65  42  14  15  35  19  53  44  27  38  3  12  29  24  54  45  26  38  36  16  13  8  60  2  56  38  15  24  46  16  3  21  61  57  1  47  16  38  41  40  38  59  11  30  21  3  8 
30  64  23  33  51  31  63  35  4  37  61  12  36  8  1  42  63  34  5  55  50  3  66  39  43  56  29  11  16  40  62  25  22  27  37  1  15  26  63  1  32  40  58  3  47  12  65  1  13  60 
21  1  62  57  8  54  6  19  39  7  59  36  56  8  24  58  37  65  35  10  9  25  59  18  30  38  56  42  44  5  44  1  6  64  6  12  63  46  60  57  4  55  38  57  15  7  56  38  24  27 
25  29  24  4  5  66  50  66  58  43  22  11  20  19  36  37  8  18  56  28  13  36  13  31  7  3  19  48  20  26  8  27  34  63  8  9  61  33  27  13  56  63  7  10  1  64  27  36  3  11 
12  4  27  45  21  53  17  56  65  51  50  39  57  12  52  39  29  61  22  49  32  50  10  64  18  18  15  62  44  11  53  22  26  59  11  63  39  12  13  47  5  54  59  47  19  59  38  39  1  15 
29  7  11  35  21  18  53  14  56  58  49  56  51  15  7  24  3  20  15  34  58  17  60  27  32  22  60  30  16  19  47  43  27  8  60  32  47  18  25  7  43  1  10  21  59  4  61  31  19  65 
23  12  46  52  6  21  47  56  14  14  42  46  50  2  52  6  57  37  29  49  22  53  23  34  34  39  35  63  61  49  41  9  44  58  27  27  56  62  37  28  44  25  36  7  4  34  24  28  7  61 
22  35  45  48  35  62  54  52  2  34  4  40  49  44  44  60  36  9  24  31  40  26  44  57  21  33  1  7  28  65  38  40  54  16  34  22  39  9  51  39  59  53  66  40  3  16  25  22  43  66 
56  22  26  53  36  26  38  61  26  46  23  26  38  23  59  39  18  16  24  30  42  34  12  59  18  16  31  62  44  41  32  47  51  57  37  37  54  10  12  51  65  3  3  28  17  31  66  4  65  61 
24  4  30  25  43  51  41  7  9  8  27  61  25  16  1  22  33  11  14  15  17  7  18  54  65  2  29  36  8  43  17  61  47  4  19  10  4  12  12  21  60  2  52  8  49  60  14  62  11  61 
10  64  66  57  22  17  7  28  16  65  50  66  27  10  36  4  18  9  22  57  62  5  46  36  63  37  57  43  16  49  47  20  44  50  54  22  20  40  30  3  33  40  8  6  11  48  20  58  33  22 
48  54  42  30  49  31  18  59  29  10  30  4  58  20  4  55  21  40  18  24  44  27  1  32  36  61  37  41  17  41  38  63  25  64  38  48  20  9  50  53  23  24  14  23  19  14  44  66  8  5 
4  62  2  15  12  55  11  66  49  42  2  37  37  52  20  10  2  26  21  53  17  33  66  19  2  7  16  43  43  27  46  48  43  14  23  64  34  54  29  19  37  53  54  3  40  23  60  59  58  19 
14  52  25  28  24  39  11  34  33  27  17  52  56  63  1  35  30  57  7  21  29  56  6  8  24  46  44  28  1  12  55  21  47  3  27  1  34  52  63  8  62  12  33  12  65  24  42  54  14  17 
16  28  47  36  10  61  2  39  43  48  28  24  14  20  59  53  54  45  50  65  52  42  54  21  42  46  38  20  26  37  51  60  37  28  23  6  7  26  51  11  50  48  30  1  60  63  64  3  40  49 
21  13  38  58  24  3  3  29  39  46  20  44  40  52  25  22  16  4  38  41  37  41  34  3  28  22  4  66  36  13  66  5  20  36  12  66  17  59  23  34  12  53  45  47  33  4  36  61  5  13 
31  41  27  28  16  46  18  57  33  45  37  8  58  66  50  10  64  42  20  46  33  23  20  42  16  31  29  13  7  63  15  6  23  4  15  41  6  14  28  17  18  19  61  22  48  5  27  35  9  41 
43  57  56  63  47  40  16  41  66  5  28  17  36  12  9  6  64  65  53  42  26  28  27  16  35  2  43  60  22  38  10  12  29  10  50  5  41  38  54  12  13  65  9  46  59  23  60  58  3  53 
66  55  42  1  66  26  5  30  54  9  50  46  2  28  29  44  7  37  52  28  64  10  47  20  28  53  60  55  57  64  37  31  25  1  27  55  23  41  21  51  8  17  62  42  58  48  39  64  63  43 
16  45  59  47  62  57  22  51  30  65  36  62  12  25  11  50  30  56  18  10  17  52  19  2  9  57  46  37  28  43  46  15  41  16  14  49  65  16  31  66  39  36  49  9  13  7  12  31  26  30 
30  3  46  29  18  46  61  61  15  66  66  48  30  55  14  25  46  17  45  36  61  47  54  38  34  23  59  5  40  57  20  28  34  51  66  51  38  40  20  9  40  11  22  58  31  51  54  6  16  13 
54  35  52  54  28  24  58  49  33  22  52  32  49  49  30  61  39  8  10  27  34  64  49  37  48  12  23  59  8  34  53  1  41  58  22  44  50  45  22  30  19  7  42  32  3  59  10  35  19  23 
27  34  11  8  30  45  44  56  7  3  3  50  19  14  39  64  3  6  14  23  21  48  4  14  12  32  65  40  38  47  16  28  19  1  60  50  37  24  3  56  44  64  63  34  11  61  40  36  8  15 
48  17  55  63  56  62  32  25  46  30  29  45  8  61  15  43  64  60  47  38  32  54  22  41  43  26  53  9  20  43  19  46  23  24  65  39  33  37  17  9  43  40  54  45  51  43  26  41  58  39 
59  40  40  49  9  16  39  61  64  47  41  54  61  7  55  41  59  9  49  35  26  12  45  18  7  37  63  62  1  65  43  53  54  60  66  6  57  51  35  30  3  20  35  37  29  58  16  59  26  3 
10  55  47  48  2  47  45  20  23  3  42  26  27  27  47  56  7  18  18  11  41  50  45  54  7  12  33  43  66  66  60  24  46  16  4  45  19  4  5  27  28  29  33  42  58  64  36  4  7  25 
22  55  16  61  50  8  47  5  34  19  1  24  6  23  44  33  59  53  11  44  6  8  48  12  16  42  18  13  62  34  1  24  6  48  37  26  33  59  30  36  55  11  65  15  59  54  18  15  49  41 
64  42  49  4  19  43  58  3  2  3  10  5  51  18  47  61  35  18  45  6  21  27  34  58  53  66  44  12  35  66  6  26  4  54  6  48  59  15  59  34  41  19  29  33  12  13  20  61  24  54 
34  14  64  64  29  30  38  14  33  66  32  62  64  53  15  51  66  44  46  30  14  51  6  41  27  21  39  53  38  61  54  49  26  45  36  26  28  34  44  55  24  37  19  37  62  46  62  22  59  9 
56  40  11  64  55  42  63  32  38  15  26  16  18  65  50  57  24  37  3  37  48  59  48  21  33  32  11  8  57  10  2  35  21  55  61  61  66  4  37  19  59  35  17  38  52  25  49  13  36  48 
34  57  58  44  59  6  24  31  6  48  35  41  43  2  15  22  39  10  38  23  10  29  9  11  57  24  53  49  61  16  24  61  17  28  34  46  32  65  5  22  18  60  11  55  50  53  49  7  62  55 
36  13  17  51  20  41  66  47  66  64  18  35  41  57  48  34  44  36  65  53  18  4  31  57  23  39  23  49  55  5  41  50  44  62  44  28  27  54  55  65  13  19  50  14  59  57  18  16  2  46 
19  47  26  34  1  56  61  65  23  53  15  38  46  50  40  19  24  62  57  21  56  37  27  21  7  39  54  11  37  20  37  4  46  5  21  12  37  50  44  7  25  32  18  34  8  33  43  66  12  19 
48  30  64  25  44  7  62  38  19  3  59  51  54  40  1  39  31  49  24  63  7  5  54  26  29  52  33  12  49  56  64  7  35  33  63  53  35  59  61  29  13  58  28  63  42  40  33  59  31  57 
5  32  7  63  38  29  36  59  36  1  15  60  26  21  2  52  26  64  1  40  42  10  26  46  57  53  40  23  62  20  3  37  26  65  10  6  55  62  2  54  54  48  26  11  41  61  31  51  42  54 
42  62  44  54  22  18  50  24  55  5  37  12  36  66  2  24  1  52  29  22  33  15  54  54  50  23  36  11  63  10  1  53  14  15  55  10  12  26  24  20  58  43  34  23  55  32  36  10  25  20 
25  62  61  27  63  61  65  56  42  57  50  20  34  42  27  16  22  43  62  41  21  11  64  43  50  48  30  48  25  6  21  25  66  27  28  32  14  41  23  39  22  11  23  56  47  27  4  45  21  62 
55  37  24  13  64  43  14  6  7  49  32  62  33  24  2  63  32  45  56  15  25  33  61  8  33  25  25  28  52  30  55  32  16  27  49  30  5  66  49  55  51  22  8  12  4  37  45  55  61  65 
48  20  59  35  62  18  50  40  4  66  36  23  57  41  24  14  28  32  59  54  11  35  13  62  20  10  22  23  37  54  32  65  16  65  52  40  65  26  27  40  64  31  8  6  20  8  36  43  6  57 
62  55  55  26  8  64  46  11  32  41  21  21  24  36  17  23  10  35  1  45  14  58  32  47  47  58  26  50  47  3  18  23  16  3  18  3  49  43  64  16  10  21  4  25  36  53  58  34  1  59 
46  48  49  1  22  3  33  13  55  40  7  50  26  10  35  15  30  62  2  7  4  45  26  61  24  20  32  50  37  17  50  27  4  47  6  44  64  36  35  6  20  32  39  6  45  23  65  40  30  62 
35  65  51  16  7  58  51  57  13  17  48  46  49  19  26  35  40  61  59  6  13  40  33  31  4  10  37  66  31  56  43  29  19  26  24  66  41  43  39  11  64  24  40  10  36  37  66  33  46  65 
32  53  22  51  62  59  16  7  27  10  35  27  53  9  21  11  65  38  8  54  3  38  18  18  55  49  48  2  29  15  26  42  38  23  20  58  60  42  37  34  11  35  54  5  53  13  37  64  15  61 
33  65  65  35  33  66  8  41  66  46  55  34  39  17  54  4  54  50  17  13  64  24  2  9  11  63  33  1  52  7  46  58  15  12  3  5  21  5  12  47  37  47  5  16  6  34  49  41  4  29 
57  21  58  26  43  16  40  18  6  23  62  13  23  64  6  5  47  49  45  46  6  14  45  29  13  10  48  58  4  12  40  65  28  29  6  23  32  64  19  11  40  51  15  2  35  14  29  56  51  20 
49  23  64  20  60  47  33  66  55  41  40  29  53  42  52  45  1  3  19  13  24  61  17  34  42  48  17  60  60  61  30  9  14  47  40  10  30  13  26  47  53  33  59  39  10  32  41  59  20  19 
62  63  47  41  54  43  36  56  45  56  54  41  51  62  2  22  10  65  39  45  43  19  33  10  55  58  2  21  5  30  38  26  32  27  25  54  17  20  19  9  32  47  47  24  33  42  33  65  45  51 
16  49  47  7  17  59  41  30  56  48  10  54  60  24  12  44  49  66  30  53  16  36  32  45  37  9  59  15  63  61  17  4  57  26  28  25  26  37  63  49  23  37  14  65  66  28  42  59  12  64 
27  16  19  30  27  50  23  52  4  24  54  10  53  55  43  57  52  33  10  14  57  55  8  62  29  63  31  13  13  28  4  50  3  3  38  7  12  57  45  22  12  3  2  28  47  27  26  6  48  42 
34  50  48  2  10  14  39  16  21  33  32  2  39  5  41  55  34  29  53  45  1  42  3  22  43  21  12  43  47  64  24  25  26  40  60  30  9  63  23  61  42  66  24  15  1  13  9  44  5  28 
2  1  1  37  28  45  5  65  51  36  5  44  16  60  23  25  1  54  56  61  14  43  49  38  44  34  62  8  3  4  34  7  28  46  59  49  6  55  40  14  62  52  46  24  33  36  63  56  2  18 
34  20  46  50  48  16  47  11  42  7  39  21  7  28  5  50  11  6  4  18  55  39  57  47  42  15  40  5  60  18  9  5  24  40  24  36  29  23  53  3  13  66  5  45  65  59  10  8  45  54 
58  45  65  39  35  47  47  32  42  21  34  13  58  32  60  23  50  19  4  5  23  28  53  28  60  37  7  60  56  24  8  9  13  41  43  29  55  27  41  53  25  28  37  25  17  3  7  13  54  53 
5  66  8  55  62  27  47  54  8  27  24  12  28  11  5  50  35  25  47  54  17  36  45  20  51  30  5  6  51  24  8  57  9  60  35  19  3  26  60  14  27  45  62  46  40  21  32  25  15  59 
33  66  53  2  18  30  35  42  45  37  63  56  1  66  32  38  24  18  17  21  22  45  15  9  20  2  7  17  31  20  18  12  28  8  64  45  31  9  53  42  31  31  49  40  2  46  61  27  10  66 
18  3  42  61  61  64  35  20  44  48  24  30  23  3  10  46  47  3  10  35  44  20  46  39  43  36  14  20  6  22  18  60  23  14  10  42  4  23  20  23  14  52  6  66  8  1  48  7  36  27 
25  31  2  47  63  54  63  44  31  24  60  60  5  7  36  48  22  50  39  6  23  4  36  54  29  36  42  43  12  10  14  6  6  55  62  32  17  13  14  38  5  7  7  12  18  43  54  61  66  61 
64  34  54  33  48  17  33  14  38  28  56  4  56  47  39  26  41  65  6  22  31  41  22  24  51  47  43  15  5  38  24  16  8  4  51  55  9  63  26  5  20  40  47  40  53  10  45  48  63  45 
16  65  21  1  57  15  53  16  54  10  49  24  11  39  53  22  8  57  48  49  41  16  40  64  43  23  30  27  36  65  36  11  59  43  21  38  12  17  34  62  43  66  46  10  2  22  41  36  45  40 
41  41  53  30  26  55  23  1  38  33  61  22  14  64  3  56  7  44  61  29  11  46  54  5  10  24  48  40  26  33  63  24  44  10  7  4  23  66  57  22  60  30  48  19  28  42  28  39  22  32 
51  57  52  52  13  20  10  1  29  37  30  26  11  18  35  18  20  57  1  49  51  28  26  20  47  43  48  1  12  5  53  10  37  54  17  2  30  20  57  46  1  4  24  30  49  42  12  17  59  30 
27  53  10  64  58  2  50  30  35  14  8  33  56  2  24  31  41  51  7  10  55  32  37  54  44  53  20  36  11  59  39  20  6  63  11  34  58  19  27  45  59  6  66  25  35  51  49  58  30  30 
65  45  54  14  18  55  51  8  30  58  19  54  66  65  61  9  21  48  53  26  9  34  4  55  43  66  21  44  36  10  43  10  10  30  2  20  7  13  44  49  9  12  57  43  62  31  40  7  9  33 
46  3  28  3  34  7  52  15  2  19  16  33  10  30  32  37  55  31  23  30  18  65  15  42  24  38  11  30  1  11  49  52  29  26  28  40  19  41  24  59  4  17  31  54  2  53  45  50  60  60 
16  30  44  8  19  54  33  32  50  39  21  23  62  39  29  28  26  42  27  49  44  1  25  60  46  36  39  61  27  17  28  31  44  24  18  30  26  25  66  17  34  53  16  44  20  22  35  8  45  34 
44  1  43  63  31  29  6  33  22  49  43  42  14  6  8  36  35  53  28  12  16  11  22  2  57  59  6  28  51  18  2  51  43  59  56  31  55  23  27  9  33  35  12  8  7  63  21  57  40  3 
37  16  66  65  35  27  35  40  16  17  43  35  29  38  64  20  43  7  51  13  62  13  56  46  34  37  30  5  2  11  16  20  26  29  26  10  62  13  62  30  16  39  7  54  37  64  25  23  32  2 
65  17  3  47  10  22  31  20  13  52  26  28  46  11  40  33  35  50  17  64  56  39  1  30  22  21  5  36  49  23  27  46  60  4  42  13  29  44  41  58  2  3  49  3  59  39  43  32  64  51 
19  32  24  51  12  12  54  26  8  22  18  17  44  26  15  43  64  32  60  66  21  9  38  36  7  9  41  5  22  18  47  28  17  46  10  25  61  37  32  34  2  11  19  64  31  20  53  33  38  10 
49  65  54  23  34  20  15  29  65  6  29  65  8  4  11  15  13  13  64  40  9  9  57  27  60  60  47  23  10  63  8  24  3  37  36  34  56  6  2  13  3  51  2  57  4  32  36  15  22  27 
46  23  41  58  40  58  58  50  28  31  36  62  41  60  39  19  14  50  38  14  25  13  43  52  15  36  9  40  10  20  4  17  19  41  64  16  39  40  28  18  43  4  62  55  6  50  7  18  35  27 
5  3  9  11  28  25  4  25  37  27  5  29  1  24  61  30  10  21  50  4  24  46  64  20  30  63  53  7  42  29  5  37  6  34  29  64  21  55  23  10  11  33  41  53  53  34  9  53  12  11 
29  38  16  12  57  44  28  54  25  9  63  38  10  32  46  6  32  37  4  29  64  53  63  8  66  65  54  44  1  2  51  30  39  55  48  45  38  37  58  42  10  58  60  46  58  10  65  5  6  2 
1  28  17  32  44  43  53  27  19  66  42  6  45  50  57  10  8  37  14  15  40  38  39  66  37  60  19  58  58  60  27  9  37  30  30  5  7  49  65  14  43  11  28  19  14  54  22  39  26  22 
10  32  22  53  19  53  33  63  40  59  23  48  47  43  44  58  23  56  23  51  29  41  25  4  16  8  7  59  11  49  44  50  8  45  2  26  17  41  55  8  48  29  63  22  7  21  32  26  55  13 
5  52  19  13  3  13  56  63  19  27  33  9  47  49  20  61  28  53  1  17  2  35  51  8  36  66  37  10  45  15  29  26  40  45  38  3  24  15  21  39  35  12  25  44  57  48  42  15  64  61 
64  51  62  63  27  11  54  8  42  13  30  47  11  35  51  55  48  63  4  11  42  18  61  34  28  11  9  16  21  54  60  39  56  38  38  63  11  7  38  33  9  9  45  17  40  38  32  35  59  58 
9  45  52  42  58  11  54  1  55  2  56  31  5  10  47  23  37  12  42  6  18  28  3  31  63  8  60  62  42  44  45  39  33  64  38  7  40  26  32  29  18  61  37  58  17  65  62  58  11  34 
21  9  45  11  33  29  53  3  50  19  45  42  54  18  44  33  8  34  46  42  19  24  32  14  51  27  10  56  50  23  21  45  66  45  66  36  20  61  63  3  39  13  13  30  15  20  50  47  42  12 
53  62  45  39  57  51  49  53  39  27  33  17  63  54  56  38  65  19  55  47  6  9  35  48  54  61  49  26  51  57  2  40  3  47  21  44  9  20  24  34  36  34  1  49  47  11  5  11  16  20 
66  33  9  58  7  1  62  66  27  9  58  46  6  13  30  5  44  1  41  1  46  59  19  43  49  22  41  62  61  26  26  56  18  3  29  27  47  40  20  37  48  19  39  52  2  1  14  7  56  23 
10  48  5  62  10  23  26  27  60  34  21  44  55  36  45  35  58  17  54  27  31  42  26  35  13  27  41  44  27  57  20  62  23  22  51  15  65  50  51  26  20  35  36  41  18  35  54  7  51  26 
58  14  57  18  10  35  33  47  10  10  35  11  16  43  27  65  4  22  21  57  14  58  24  32  51  39  1  56  55  38  53  43  2  38  55  34  25  59  52  40  37  42  46  41  17  15  8  17  40  60 
54  53  46  11  29  27  56  2  14  40  23  17  26  27  24  4  5  49  38  54  36  55  49  20  12  39  40  36  9  52  38  7  14  32  21  13  43  56  33  21  18  64  66  40  20  6  22  57  42  37 
60  17  25  36  38  47  14  36  63  11  60  66  18  5  54  12  4  64  2  12  40  19  58  44  49  62  58  62  16  18  6  43  29  14  10  36  23  7  7  2  25  49  29  65  27  45  40  16  39  28 
2  55  14  63  65  13  54  25  6  38  50  1  7  5  51  10  47  26  9  1  32  9  57  48  26  30  22  54  12  55  18  27  11  66  16  39  32  12  45  65  7  21  19  29  40  47  15  13  34  56 
29  55  50  19  43  58  10  8  2  41  1  34  43  34  37  24  28  60  31  25  57  40  18  9  7  1  25  6  59  26  27  15  27  61  26  59  37  64  2  2  58  55  37  9  47  43  45  42  3  35 
33  57  52  17  60  51  6  13  62  55  25  55  21  42  42  59  43  62  58  36  52  45  59  46  63  38  19  8  31  65  19  45  28  15  64  1  42  17  36  40  37  40  44  48  1  8  28  29  63  5 
53  30  63  43  8  47  12  66  50  9  47  46  37  20  59  29  60  63  24  17  17  2  25  21  53  17  59  24  30  12  10  1  9  24  40  24  51  32  10  53  35  54  48  64  55  17  62  36  24  21 
42  39  62  27  43  2  5  45  21  61  58  33  27  41  58  20  43  10  33  57  27  6  21  41  32  28  50  6  3  3  16  32  60  58  4  15  8  66  44  25  30  51  42  21  30  8  35  18  43  39 
4  45  16  66  29  61  52  37  60  3  32  54  66  56  28  16  30  25  23  11  35  44  14  3  37  21  10  56  39  1  30  17  27  61  58  52  21  41  61  49  33  47  4  3  42  14  63  18  46  34 
42  3  50  8  32  24  32  1  54  49  18  12  2  34  22  34  53  5  28  39  24  46  43  22  61  21  37  18  21  33  21  2  51  35  9  43  34  60  53  59  53  60  20  60  55  24  42  50  34  42 
58  51  42  63  45  19  10  47  47  9  42  5  13  30  27  15  66  33  40  25  50  26  60  41  18  17  13  64  46  53  45  61  46  56  16  57  54  23  20  65  62  59  66  25  52  45  51  32  18  62 
14  23  36  15  22  30  40  51  48  37  56  44  17  64  38  6  21  18  66  19  13  51  40  29  13  40  20  39  30  54  23  10  36  43  25  34  63  53  25  29  52  49  56  43  38  3  48  39  19  20 
63  35  35  58  25  32  33  30  41  46  65  16  51  61  55  66  38  54  6  9  64  20  12  9  20  26  26  23  14  24  38  54  4  50  32  36  57  55  63  51  2  54  20  28  38  10  40  19  58  65 
16  24  8  18  25  37  5  13  52  55  27  11  11  37  25  23  32  35  12  33  22  21  13  30  37  58  7  6  61  16  50  36  60  53  5  31  6  45  34  2  38  19  22  37  34  40  36  14  33  7 
25  20  62  64  58  2  42  42  37  60  31  50  56  10  9  50  54  45  24  19  49  60  19  31  63  45  9  28  30  47  30  48  36  8  25  8  49  51  13  26  66  11  29  7  39  29  51  31  19  14 
46  42  29  62  27  16  57  36  24  60  30  35  54  64  24  22  17  57  3  34  48  35  43  9  41  35  65  32  19  46  24  20  43  22  11  7  9  4  4  58  47  7  10  30  39  5  9  23  32  47 
21  25  22  37  42  12  63  23  53  40  8  28  63  64  13  64  38  30  24  57  41  35  46  24  36  61  38  65  29  25  49  41  10  42  46  8  36  59  6  59  11  50  31  32  65  35  37  27  56  58 
44  2  38  58  41  47  13  52  45  58  12  29  32  25  23  24  5  66  41  31  43  3  48  36  37  24  58  6  11  5  65  7  58  10  22  29  25  45  25  63  65  53  45  13  48  65  41  55  61  34 
39  37  55  58  24  33  66  12  11  33  55  58  53  37  43  36  46  26  65  34  50  46  33  5  4  3  65  29  50  32  44  44  33  6  38  44  33  55  31  65  53  66  38  20  60  9  40  65  61  64 
7  50  19  6  44  16  59  4  25  18  20  8  28  28  46  29  41  6  38  46  34  56  56  54  35  19  65  7  52  16  31  33  17  35  17  59  32  14  19  31  2  66  38  10  57  26  34  20  38  30 
38  66  36  63  15  54  37  16  39  61  20  35  43  3  3  21  28  10  33  40  7  12  28  60  26  8  21  35  63  39  6  39  2  38  12  43  2  32  51  25  59  17  16  60  23  18  11  40  12  46 
11  43  52  33  5  17  34  19  66  29  46  1  43  7  25  30  50  50  26  5  34  16  15  56  26  16  55  40  62  52  62  15  47  12  40  3  23  29  3  29  33  36  30  11  3  57  10  63  9  29 
50  58  35  30  60  7  34  31  40  33  33  54  22  58  59  27  11  13  60  65  22  13  28  12  45  53  1  10  37  11  58  53  19  55  35  13  2  66  31  43  27  39  1  10  41  10  19  4  38  14 
21  29  49  14  55  44  23  20  56  51  45  47  48  52  39  52  50  61  53  66  66  33  9  64  64  15  64  33  4  21  14  60  59  23  46  32  53  22  33  22  50  2  39  46  47  8  7  42  61  55 
43  32  36  25  61  5  40  43  29  58  65  48  21  12  56  53  34  34  13  10  64  45  4  28  55  42  36  63  9  27  51  45  18  26  64  23  4  31  17  16  39  29  29  24  3  43  28  1  45  55 
9  26  25  62  6  39  66  45  9  2  14  31  4  16  17  26  43  15  56  50  31  29  62  55  31  16  65  13  64  59  36  42  7  53  65  32  10  30  49  9  25  18  3  29  15  3  20  38  57  52 
54  15  11  42  47  5  16  48  3  39  11  52  46  39  19  9  62  45  24  45  57  38  47  54  31  1  21  28  65  41  2  66  62  40  18  43  18  25  28  4  51  13  58  42  64  55  22  18  27  11 
64  48  19  4  24  42  60  43  29  43  42  26  44  22  10  18  56  22  39  39  12  33  3  4  35  6  12  21  22  12  4  8  46  53  22  36  13  15  19  14  10  7  47  56  62  38  10  44  32  21 
56  32  8  53  44  44  24  26  63  10  56  14  32  37  25  53  16  16  44  1  17  53  55  37  39  49  46  23  66  66  51  13  46  46  31  27  52  54  63  55  32  35  25  12  64  42  66  65  43  6 
44  26  16  9  27  6  52  59  52  41  7  53  55  8  53  47  64  34  24  15  17  38  51  43  62  19  4  54  45  7  38  32  16  2  23  5  35  57  61  55  14  59  2  32  62  28  6  31  56  55 
4  35  62  44  19  14  26  59  60  46  32  50  32  64  8  18  27  47  48  46  58  31  36  61  11  27  7  5  24  47  34  36  10  8  19  50  28  14  16  57  22  31  1  49  39  63  2  13  38  48 
48  19  28  34  38  11  37  17  5  13  19  5  9  61  22  38  56  65  25  29  1  58  55  38  57  49  62  33  34  16  14  61  5  3  36  29  62  49  45  44  44  31  59  28  55  20  60  5  24  30 
51  40  52  22  61  36  5  61  18  13  55  11  51  32  10  18  34  34  59  24  57  27  21  65  48  29  26  40  42  4  37  36  39  2  38  45  4  45  60  65  4  13  52  43  16  8  55  24  35  5 
26  3  11  31  38  23  3  51  42  49  30  42  62  65  6  11  41  23  50  3  52  4  51  40  31  4  6  44  51  63  10  2  37  5  46  51  40  16  13  61  36  42  44  41  14  63  23  62  35  11 
16  27  19  1  11  1  61  57  15  60  60  23  14  32  35  2  37  25  24  12  41  60  63  42  30  42  32  5  55  39  40  51  54  31  25  59  34  52  29  38  29  54  4  17  51  57  40  51  29  28 
1  51  43  18  20  52  43  51  21  7  15  31  31  60  9  15  4  41  52  8  43  27  54  19  62  15  37  23  2  24  40  4  5  38  44  13  24  36  14  29  66  9  28  29  51  38  51  60  55  47 
24  32  4  27  34  40  11  40  63  3  17  49  61  64  19  21  57  51  4  40  22  47  21  39  27  38  2  47  37  41  30  23  57  19  53  53  56  26  59  59  37  10  21  48  16  38  19  10  4  34 
1  39  8  64  9  45  39  62  19  9  17  10  6  7  50  57  28  51  6  63  46  42  49  24  25  35  63  5  36  47  15  63  56  62  34  26  53  63  45  66  13  30  55  51  63  65  46  60  19  21 
46  2  54  17  3  22  33  27  8  5  51  66  37  59  33  7  22  36  45  33  14  13  1  43  25  59  13  13  28  64  41  34  60  11  7  38  45  40  38  57  53  52  23  62  4  20  46  63  1  39 
16  14  34  6  2  41  39  10  35  14  58  15  18  56  16  32  33  6  63  23  18  31  13  64  32  17  22  11  54  17  66  66  33  39  19  44  53  10  11  15  55  23  24  27  27  56  19  22  30  2 
42  41  50  60  12  19  53  51  55  38  39  4  44  65  12  66  53  2  18  5  17  47  33  65  6  17  50  16  49  45  13  47  37  55  36  21  66  58  4  12  54  42  18  17  52  62  28  47  34  18 
61  17  11  12  16  27  16  3  47  11  6  21  54  44  30  9  14  32  48  41  29  57  60  24  41  11  24  55  14  44  44  31  48  22  52  15  66  60  21  28  54  12  60  40  59  23  30  28  52  28 
37  19  26  27  25  26  39  42  48  23  4  41  40  62  2  47  40  64  63  60  43  5  65  57  9  63  62  2  57  17  61  13  58  65  59  20  42  39  8  34  35  20  16  7  5  42  15  20  66  60 
58  34  41  54  50  51  37  42  31  21  22  36  12  5  63  60  53  50  25  28  28  55  45  60  21  51  15  28  10  16  34  25  9  38  44  35  18  49  2  46  18  25  65  23  40  24  51  26  15  10 
13  27  56  54  28  34  44  38  65  63  27  24  8  64  45  39  26  25  38  56  55  19  5  36  16  6  56  56  33  51  64  8  44  47  7  51  28  27  35  57  5  11  25  55  32  4  17  19  36  10 
15  42  29  15  48  52  55  11  41  64  31  31  33  52  27  60  25  57  27  51  22  47  47  38  49  25  2  20  22  26  35  41  27  46  24  34  15  6  38  19  66  36  52  31  32  54  22  4  60  49 
28  59  38  5  66  49  42  11  51  49  6  29  39  13  42  16  34  33  1  44  43  61  58  12  43  47  58  4  9  34  37  33  44  40  57  22  28  43  53  25  44  14  25  47  60  65  48  12  1  23 
17  52  26  45  58  34  11  25  7  25  28  41  8  64  41  57  48  18  66  21  61  30  37  37  20  20  2  15  32  45  1  28  54  38  18  13  18  32  18  14  5  13  52  45  59  63  38  5  43  33 
66  45  63  60  49  39  15  4  23  51  15  9  1  3  41  31  51  37  55  18  2  21  16  50  4  47  22  27  51  31  54  59  6  11  54  29  48  13  40  51  30  61  34  32  36  47  62  29  43  33 
17  12  17  25  1  37  18  65  65  14  32  54  28  35  28  4  39  57  17  62  11  30  34  41  27  22  9  65  15  28  20  54  13  23  38  15  9  21  46  37  25  23  15  9  59  30  56  58  16  19 
40  61  45  41  19  31  35  12  29  12  61  16  19  24  14  6  41  10  59  26  17  1  61  18  31  6  35  1  11  39  46  62  59  25  21  56  13  33  3  13  48  26  54  2  28  50  61  57  15  33 
31  55  54  3  9  3  12  53  42  10  8  40  3  56  24  9  65  62  9  28  28  62  45  66  21  17  20  1  13  53  51  66  54  25  3  7  24  44  41  56  66  48  31  66  33  39  56  5  51  19 
36  3  21  44  4  50  37  36  42  12  3  41  26  6  26  64  30  52  16  12  1  34  9  42  5  44  35  27  47  29  39  41  25  11  15  3  59  50  8  6  20  18  54  36  57  29  18  56  53  26 
48  40  5  3  2  66  23  38  16  38  35  1  7  63  2  22  51  20  59  2  10  35  41  2  59  19  1  15  2  36  36  34  42  65  42  38  58  55  13  10  52  59  24  27  63  60  55  20  47  20 
45  30  35  62  45  22  14  44  55  21  56  55  16  6  49  49  65  12  26  25  17  49  6  4  12  30  57  9  65  66  2  25  36  44  51  32  46  15  9  46  11  50  4  52  55  33  5  9  5  20 
12  34  45  39  49  26  11  4  16  42  14  9  26  50  48  12  31  58  45  34  45  41  7  60  34  19  2  9  64  34  13  26  27  66  3  49  62  17  39  2  62  56  28  32  16  44  62  29  22  4 
21  8  32  29  45  14  57  24  31  38  57  4  59  62  23  36  8  31  11  38  8  38  7  15  52  35  38  9  17  14  1  53  51  60  49  41  61  40  24  16  6  59  66  13  2  36  50  39  65  26 
44  31  43  4  46  63  16  59  43  13  10  55  12  10  32  7  60  7  65  26  40  13  23  49  32  64  44  16  60  55  36  58  42  53  24  17  52  38  61  58  30  15  10  51  6  37  35  62  64  51 
62  46  41  4  30  10  35  14  30  24  56  26  34  51  51  53  15  39  30  66  53  62  7  6  23  32  66  47  42  35  43  57  55  9  17  54  25  57  59  62  8  2  15  19  11  19  61  27  52  16 
31  37  15  9  34  55  61  59  4  3  45  16  16  37  12  53  55  26  21  36  46  5  57  46  49  41  23  22  9  59  16  28  25  39  55  24  8  4  15  28  20  22  64  47  14  8  12  11  14  54 
54  62  66  20  30  4  35  45  66  60  10  4  32  58  21  2  50  60  5  8  37  46  43  59  6  42  13  30  39  10  18  39  45  11  25  56  27  36  44  35  15  47  9  17  46  40  14  23  59  20 
4  53  30  16  60  32  23  43  57  13  50  44  14  12  21  5  13  59  3  60  29  20  52  7  8  65  13  48  55  61  15  34  62  21  61  28  45  40  21  18  29  38  32  18  57  36  23  11  49  4 
10  14  36  62  44  53  6  51  32  7  25  36  40  55  37  23  52  32  51  49  8  37  14  8  10  35  31  29  24  19  39  39  62  27  4  2  52  65  3  25  47  27  64  60  34  14  64  41  1  44 
38  3  57  2  11  26  9  22  45  38  63  26  28  28  39  64  26  4  10  65  41  20  9  65  13  54  40  21  61  42  28  24  52  29  57  28  17  29  36  49  35  65  23  37  43  45  43  18  39  33 
47  6  40  58  2  11  7  49  57  37  45  11  41  28  45  57  41  13  17  48  27  59  2  45  64  34  30  32  60  56  49  59  63  50  36  54  28  28  31  15  37  36  2  36  5  43  9  20  16  4 
28  58  45  22  33  29  3  16  63  13  26  29  19  9  21  11  34  38  9  46  48  43  20  28  49  16  13  57  50  23  62  46  27  32  33  29  28  44  8  32  8  49  59  47  18  1  62  25  60  28 
3  44  12  59  6  58  2  50  1  56  29  49  15  64  24  5  65  21  3  49  21  37  44  46  7  13  57  16  27  62  7  31  30  44  13  18  23  61  60  30  10  52  40  29  23  25  60  35  16  52 
2  21  24  54  59  39  33  7  19  30  41  66  24  8  18  39  3  16  28  41  2  23  31  3  2  39  52  39  18  14  64  30  56  7  38  44  66  31  58  4  48  33  31  13  32  30  9  56  54  37 
42  32  52  10  56  66  47  42  33  42  60  5  1  30  18  31  53  7  35  15  32  54  63  7  65  45  51  12  32  14  7  31  59  26  46  54  31  35  17  22  52  14  53  16  33  21  60  61  34  64 
6  64  18  33  60  49  47  23  38  49  61  6  39  63  9  55  16  35  11  52  47  47  38  29  65  51  9  5  32  34  7  20  22  62  24  26  65  8  47  28  56  36  26  44  35  42  8  8  56  46 
57  17  43  55  10  30  9  19  40  49  40  48  54  29  43  18  32  49  60  63  25  15  32  61  23  24  18  56  62  13  31  35  20  60  66  13  45  13  22  54  13  51  32  43  55  16  33  40  64  63 
37  1  65  53  19  31  43  4  10  53  63  47  31  18  24  42  13  16  11  24  41  13  48  30  19  5  1  58  12  54  37  16  24  35  30  52  46  29  29  1  23  48  30  27  66  17  29  10  21  35 
59  17  3  4  5  54  13  57  24  38  33  65  9  55  17  38  3  59  1  47  63  1  54  12  40  34  64  14  38  53  27  28  7  65  9  39  36  9  6  44  43  31  56  43  4  29  4  60  45  36 
62  53  65  35  9  26  35  2  40  40  39  44  46  23  43  14  3  55  56  54  31  49  20  58  36  44  14  52  40  22  46  43  57  12  37  49  35  56  41  13  27  56  10  43  54  33  20  3  18  63 
33  37  1  21  5  51  46  44  40  65  30  49  13  20  23  45  58  61  33  9  56  31  14  66  60  42  37  42  64  43  27  7  40  26  2  11  35  55  61  2  34  36  41  60  59  1  56  41  28  21 
55  7  46  61  59  46  46  7  53  65  9  66  52  48  66  44  50  1  54  17  59  8  51  51  56  36  34  6  37  13  21  21  41  4  30  8  3  3  11  66  16  34  30  51  11  59  5  14  18  20 
53  16  53  10  10  23  39  49  21  32  4  34  21  31  16  30  60  24  54  35  34  38  50  58  12  41  21  54  14  33  6  51  39  30  45  15  41  14  23  51  54  66  26  47  37  63  4  43  61  27 
61  53  65  25  57  38  55  65  35  35  32  59  13  57  23  7  46  32  11  13  6  42  32  42  36  65  48  25  65  7  18  22  14  16  29  18  61  64  50  19  15  39  34  30  1  16  56  54  63  13 
4  26  10  18  7  45  10  38  6  20  3  11  6  27  22  39  15  65  55  9  36  7  6  37  9  10  10  34  45  58  37  56  63  60  22  33  30  34  8  14  34  53  65  1  30  54  31  11  29  20 
8  41  62  41  21  1  35  36  26  17  17  24  61  58  36  30  35  66  54  45  50  44  9  62  11  53  49  11  61  2  16  55  33  66  46  65  58  13  52  15  20  40  26  57  11  31  18  23  35  12 
49  15  1  63  31  40  43  10  50  45  4  18  60  18  10  28  28  5  14  4  40  10  15  15  24  28  21  60  25  62  36  60  15  15  41  48  39  24  20  13  24  9  38  33  35  1  63  33  20  33 
34  7  21  2  66  15  9  50  62  15  21  2  16  26  16  57  31  37  9  23  47  43  19  17  65  33  42  7  46  37  41  18  20  40  10  28  23  50  64  34  17  62  33  45  33  50  53  10  6  50 
46  62  21  31  21  66  40  15  20  25  63  36  8  63  65  19  48  49  1  45  47  26  47  29  22  19  20  15  38  13  19  42  36  11  36  17  49  53  30  37  52  44  33  17  66  27  20  50  41  63 
26  4  27  2  22  16  27  9  5  30  26  42  51  47  20  52  66  58  18  17  58  41  63  65  38  43  29  51  18  19  27  41  23  5  11  11  27  17  23  7  37  47  47  21  20  15  38  40  51  66 
13  62  53  66  34  65  27  45  29  55  48  54  61  26  37  2  45  2  17  42  40  2  1  44  21  31  19  57  53  50  4  19  17  37  66  45  28  43  58  66  47  42  14  61  59  41  18  26  26  6 
61  47  1  34  56  10  61  66  49  21  16  33  31  58  41  5  29  53  44  28  35  11  26  60  39  55  6  41  41  63  3  42  52  12  26  1  32  26  61  36  36  18  41  58  22  58  36  39  57  46 
15  13  1  55  8  21  3  16  47  9  26  12  49  18  59  23  39  55  47  40  34  12  44  56  39  48  51  37  15  23  52  10  52  63  23  33  57  17  43  17  48  32  55  33  20  36  58  39  32  6 
49  12  29  53  57  8  16  30  13  27  51  13  16  6  56  63  38  32  36  35  17  59  25  62  60  2  14  61  53  40  61  65  6  45  41  21  59  17  65  50  32  51  33  20  41  50  60  27  42  17 
57  61  2  4  4  65  41  1  62  55  43  17  61  7  5  7  40  8  42  66  7  42  47  20  25  36  37  60  13  2  53  62  31  35  7  8  61  14  50  17  9  5  61  51  13  16  58  12  36  34 
56  65  1  45  65  23  22  60  46  6  21  1  16  48  51  18  31  48  32  61  54  55  65  4  13  56  47  26  23  1  3  8  9  60  49  2  44  10  45  51  36  20  35  3  56  42  16  57  9  1 
17  8  49  45  47  66  56  24  29  41  34  54  58  19  13  56  12  19  43  64  9  61  11  50  24  65  31  4  15  32  22  5  42  5  12  58  5  20  22  34  40  9  18  53  58  17  56  42  66  22 
38  12  15  39  2  25  5  56  61  58  34  2  60  23  6  13  18  57  11  60  8  29  22  50  30  37  11  57  61  49  44  52  50  46  22  66  53  11  15  57  46  38  38  44  40  51  53  49  55  60 
44  30  63  7  48  24  50  53  38  16  31  45  43  62  53  48  40  49  27  43  49  23  47  65  21  35  30  38  41  15  17  39  17  24  50  56  30  9  25  64  19  58  5  25  21  35  26  34  39  42 
62  12  51  20  64  15  20  22  55  8  17  44  55  11  15  35  38  44  10  62  57  33  9  14  62  42  64  43  20  30  39  64  22  55  20  53  11  36  55  49  15  28  39  30  18  15  6  57  30  23 
16  24  65  6  38  52  56  54  40  1  60  53  64  5  33  45  10  34  46  18  8  48  39  22  3  1  4  31  19  18  5  60  27  52  53  59  64  57  34  27  55  28  58  39  55  1  18  53  1  7 
43  41  23  54  5  23  9  9  36  59  43  19  36  34  39  12  46  64  65  46  28  23  21  9  59  36  44  6  33  24  63  30  7  46  37  26  53  27  44  32  22  61  25  4  52  40  65  7  22  48 
27  14  42  59  62  11  50  36  12  21  37  48  50  65  47  56  55  59  8  51  43  52  63  63  40  37  22  39  28  66  49  9  63  8  50  32  22  60  59  25  40  6  47  14  36  14  64  11  24  60 
36  10  14  32  57  52  57  28  11  12  38  66  33  40  2  28  16  23  61  47  45  31  38  16  42  57  24  61  12  27  43  6  18  19  50  4  13  61  62  8  37  28  40  5  2  53  16  54  4  29 
32  18  34  25  51  37  26  52  12  53  60  37  2  14  19  50  46  53  30  28  61  18  50  55  48  64  5  11  8  33  56  14  29  45  1  37  64  42  51  36  34  53  6  17  9  62  46  64  36  14 
39  3  65  52  41  21  66  49  24  10  33  47  32  11  56  33  21  58  30  42  45  31  54  29  62  39  12  59  33  6  53  3  63  24  44  60  55  1  2  37  52  61  26  56  26  66  10  40  55  43 
12  1  51  23  31  38  62  41  19  8  53  55  66  11  6  14  21  50  6  17  36  6  7  31  50  41  51  9  8  1  30  17  9  13  44  6  1  39  5  39  59  47  54  42  22  42  6  60  15  39 
56  7  1  48  13  5  41  37  32  56  22  18  51  25  29  48  26  4  37  57  52  19  29  57  12  8  12  36  54  45  11  17  8  5  31  26  60  28  51  44  61  47  6  61  4  14  8  59  6  51 
37  40  17  16  44  43  4  14  27  15  58  56  27  2  59  32  56  26  55  52  47  5  60  52  6  5  20  42  12  44  9  16  63  42  26  3  23  54  50  11  38  17  6  6  26  1  57  49  64  54 
54  49  50  31  34  42  5  6  56  11  37  16  51  47  29  53  54  62  55  35  22  15  66  36  31  50  51  2  21  60  49  60  51  25  54  37  33  64  50  9  42  57  50  66  3  42  49  51  21  29 
63  54  19  37  45  52  62  59  31  29  5  11  30  35  66  46  40  59  25  28  48  7  35  32  13  8  41  6  31  38  59  11  31  54  37  62  56  58  7  35  25  22  38  28  49  47  22  38  9  7 
65  25  54  50  39  37  66  35  23  3  63  38  25  52  6  8  49  57  25  14  25  58  12  60  32  13  19  54  28  21  33  55  13  15  23  60  46  16  41  12  64  33  22  48  6  20  10  9  5  49 
12  14  27  29  6  66  40  40  42  46  2  45  62  57  45  20  43  48  63  14  34  66  30  50  47  45  58  41  30  6  58  40  17  42  27  53  7  25  44  47  60  48  28  46  24  56  32  24  58  53 
59  17  18  29  53  50  23  37  4  35  42  54  22  2  29  54  49  49  3  37  61  36  5  50  32  58  56  39  9  18  28  52  3  49  50  35  45  60  37  4  5  54  39  41  23  50  54  43  42  63 
63  9  60  24  34  5  20  51  2  50  5  26  20  17  39  43  48  34  39  30  7  10  60  19  5  59  58  65  61  13  38  3  50  66  5  4  22  53  5  56  44  29  11  36  43  61  6  7  44  10 
56  54  20  53  50  51  1  51  56  21  13  36  63  36  47  13  2  56  31  20  25  45  34  24  44  9  58  25  54  26  44  44  27  62  58  26  15  50  44  4  37  66  9  41  32  28  14  9  18  16 
23  31  48  18  4  56  4  53  62  17  31  3  38  26  33  65  6  64  64  1  61  6  64  17  43  65  17  34  26  14  62  65  18  42  40  44  49  55  35  32  10  62  31  8  25  60  16  48  19  22 
51  54  49  27  18  2  29  28  33  4  55  35  55  32  11  35  46  32  7  34  53  16  2  29  10  22  9  55  65  55  46  53  29  32  37  10  29  30  8  4  35  37  5  32  8  20  36  22  21  15 
20  8  60  20  14  59  48  48  45  43  38  35  47  38  37  54  44  39  27  55  50  35  58  24  9  25  10  44  46  36  23  34  34  39  31  5  45  18  35  14  22  39  42  45  39  66  11  54  21  53 
46  66  20  25  29  28  15  6  43  2  19  20  40  52  50  2  25  46  13  61  6  30  31  15  44  66  9  2  40  15  43  53  45  50  4  56  23  34  54  2  36  65  30  39  38  30  22  16  41  16 
29  52  10  14  60  42  43  59  37  21  46  49  41  62  7  54  48  51  62  46  3  20  61  25  26  38  33  60  10  53  13  2  55  62  29  53  52  14  29  11  48  46  30  43  8  52  16  31  29  53 
11  13  40  22  9  5  9  66  61  2  39  45  48  65  49  57  43  26  43  46  32  8  62  40  37  62  20  12  47  52  4  30  34  22  44  53  17  36  64  18  17  10  59  32  66  33  36  28  39  58 
44  42  12  46  26  22  31  43  11  56  33  40  60  13  41  9  31  61  32  38  15  2  34  4  41  20  59  53  66  14  41  57  43  29  21  34  55  33  37  12  19  32  11  35  34  56  21  60  33  53 
37  57  49  66  22  22  3  34  49  62  41  3  8  55  19  8  1  64  7  62  11  11  9  39  35  4  65  17  34  19  25  18  12  46  28  51  5  12  50  5  10  57  16  64  43  34  56  37  12  24 
39  45  62  60  48  6  12  66  32  8  33  20  56  18  52  20  25  35  7  43  50  24  50  11  65  63  37  5  19  4  9  22  50  46  31  20  23  5  10  32  34  51  53  50  28  2  65  12  4  13 
8  43  57  51  26  20  59  55  28  57  56  8  43  17  10  23  65  54  1  51  51  48  44  19  34  46  14  48  24  62  10  37  45  18  53  3  40  39  39  22  29  41  25  39  39  2  59  11  25  24 
54  16  34  40  23  65  46  34  66  34  40  49  25  54  29  31  58  10  3  19  29  14  43  54  42  38  59  11  35  32  49  37  48  6  1  5  9  61  6  45  50  9  4  63  53  61  7  39  65  50 
66  30  28  21  57  3  50  43  15  60  29  23  22  30  57  48  18  51  30  6  56  10  31  55  30  20  5  28  59  42  17  64  58  14  16  22  50  60  22  45  34  30  48  25  61  15  9  12  61  52 
40  66  47  56  6  39  64  11  30  9  53  63  27  66  11  44  48  65  26  57  66  37  37  59  65  53  51  38  38  52  16  57  51  47  65  44  15  29  41  47  2  39  37  10  14  49  38  49  36  53 
43  20  22  54  44  8  65  35  30  33  7  63  51  3  13  41  57  48  9  34  8  45  38  4  26  29  44  3  22  51  23  25  1  49  32  7  58  12  50  43  40  6  32  50  7  7  66  64  6  3 
7  38  38  46  8  28  1  7  44  49  38  24  16  13  36  25  32  13  21  3  21  9  12  11  39  10  63  20  49  20  59  11  10  51  50  26  10  24  52  65  56  59  59  30  44  5  57  24  29  3 
26  21  44  15  40  4  5  50  44  29  18  14  33  45  14  53  46  35  30  11  21  33  26  36  50  41  19  32  3  60  35  3  46  38  45  44  62  51  14  29  26  8  52  7  20  44  28  22  42  61 
43  49  53  55  28  60  52  51  23  50  15  40  11  33  5  10  9  35  5  36  28  3  55  8  14  19  6  57  53  62  4  56  47  39  46  13  28  31  30  63  28  50  41  46  22  46  23  62  17  17 
48  44  5  52  13  17  16  60  28  39  45  2  36  48  16  47  20  50  5  20  55  37  27  12  27  9  65  28  62  66  59  43  38  12  37  33  47  16  53  55  23  42  45  54  37  33  61  23  31  21 
29  34  18  41  51  29  8  62  22  20  7  13  26  66  43  38  42  63  2  6  32  9  10  7  65  30  36  37  52  53  64  43  42  15  47  3  45  44  39  56  8  40  2  14  60  5  63  2  11  57 
53  49  17  54  19  18  65  22  21  20  51  31  5  7  13  52  47  3  43  15  24  53  11  58  63  15  54  2  2  23  55  57  40  44  62  62  42  9  65  63  34  9  64  7  9  63  65  6  21  17 
27  19  52  7  14  64  29  56  20  13  4  19  43  19  48  1  8  38  50  34  66  4  46  10  9  19  49  15  29  52  38  1  66  1  12  64  14  27  9  1  4  23  3  54  22  44  52  15  16  41 
9  59  45  44  28  40  40  47  39  34  47  5  39  20  38  37  24  51  47  19  16  11  22  24  43  40  36  7  2  18  64  8  5  23  5  45  49  20  8  26  65  45  19  32  39  4  42  25  1  53 
59  45  41  51  28  66  45  25  3  16  30  27  13  39  26  10  39  39  27  49  45  65  29  12  42  8  44  36  48  47  60  66  56  11  22  5  59  2  62  53  18  21  26  10  18  46  45  62  28  25 
17  42  35  6  56  55  9  5  30  53  63  48  19  7  26  5  31  54  3  17  47  65  24  35  52  5  49  47  32  64  48  61  10  25  59  29  38  10  24  64  6  47  20  32  37  33  15  57  62  39 
11  53  42  15  33  9  64  35  59  16  49  16  62  48  64  1  28  23  27  59  65  4  11  62  57  6  4  48  39  35  52  61  7  19  47  58  20  18  56  34  2  4  19  1  8  7  49  8  29  12 
37  52  51  61  28  25  63  22  8  47  29  65  32  2  23  32  44  7  36  11  22  45  16  4  24  3  7  56  7  23  43  23  32  51  29  36  10  30  13  57  17  6  53  47  55  39  23  49  4  21 
44  32  56  14  5  17  10  37  15  30  43  56  11  25  1  43  7  47  23  36  37  62  37  63  20  60  52  60  40  49  51  60  38  28  40  22  13  52  28  55  45  18  14  53  38  10  2  13  28  47 
22  23  42  30  56  49  55  62  64  63  3  52  60  15  26  43  47  47  51  4  11  36  20  61  28  59  64  41  26  36  36  3  9  53  22  14  46  26  2  2  41  38  28  4  60  18  30  62  55  29 
22  39  60  52  24  40  16  1  20  29  3  14  17  40  63  38  2  33  32  2  11  16  66  53  42  54  47  31  57  38  11  26  44  33  4  5  52  57  55  11  46  65  64  7  29  43  64  66  18  3 
3  34  10  40  58  5  26  39  32  25  39  1  22  64  63  15  17  19  27  11  51  17  48  29  29  37  29  37  40  36  65  30  30  54  44  39  30  47  38  51  55  62  47  14  40  4  47  42  54  54 
56  43  58  53  29  28  35  26  54  6  33  1  50  17  33  38  6  6  23  3  46  47  19  49  19  60  17  1  15  32  15  3  16  9  47  18  65  24  13  50  43  4  25  58  25  8  38  46  58  20 
16  51  14  17  17  15  49  44  42  61  66  40  46  41  35  34  6  11  56  36  17  16  4  15  11  42  52  22  50  12  10  17  64  3  9  3  63  34  51  35  42  64  59  10  4  48  28  27  1  26 
21  64  53  2  6  48  14  49  49  47  31  45  3  50  23  58  8  65  42  40  64  62  16  23  58  48  40  62  20  8  55  54  60  4  2  26  32  11  60  7  63  7  47  41  23  50  17  62  27  57 
3  39  2  11  3  63  40  22  59  50  25  35  18  23  16  8  53  49  41  16  58  10  6  52  26  24  11  11  3  35  24  55  12  11  48  55  46  6  60  8  60  16  32  44  9  6  50  33  25  41 
46  44  4  35  53  40  15  6  53  1  49  30  22  10  65  44  39  22  1  33  14  28  22  61  52  10  1  57  34  13  15  63  31  18  62  48  50  43  16  31  45  48  48  13  24  16  49  12  47  54 
59  62  27  1  38  34  24  47  48  10  31  15  52  64  61  22  46  46  24  22  36  33  7  40  51  22  33  3  20  24  7  14  42  9  49  52  29  52  46  30  56  2  9  9  7  20  9  51  13  54 
48  64  65  25  60  13  25  43  36  32  19  37  64  38  8  10  46  11  5  45  31  16  66  21  4  59  12  45  66  36  22  12  63  14  6  26  25  52  33  49  36  44  11  20  66  56  55  10  58  42 
