30 4 29 2
4097  3658  3201  5324 
2072  5534  4141  7354 
3074  7518  7190  50 
8026  1800  2616  235 
1783  6225  3671  6603 
5735  4999  1804  5283 
2287  3815  1608  3604 
3569  4057  5298  7253 
5571  4150  5953  5804 
2667  4889  3933  6278 
7150  1243  2066  249 
6189  2949  5350  5761 
6979  3093  5852  4632 
5733  1187  1337  655 
7695  6252  793  5642 
1301  6223  357  6337 
1752  4594  6214  5622 
1439  6705  3281  1371 
2823  6676  1516  2980 
7850  944  7079  3688 
6580  675  5307  2886 
2507  4083  7867  2693 
3913  1397  6829  5534 
5533  3719  8290  4289 
5898  2736  3830  6993 
8242  3810  2926  5018 
5727  5895  2366  3832 
8222  7073  7721  5474 
4412  2766  5374  7761 
5254  3480  3054  1326 
