10 40 3 31
1764  238  1795  2212  1224  94  1378  2015  675  975  1748  413  240  1950  65  1936  2440  1969  1431  2027  2426  408  1959  1900  397  844  1232  1375  1137  423  1075  98  533  1394  1738  951  1980  32  879  542 
1410  1181  522  667  728  1963  964  323  1715  682  976  945  1917  2138  1211  2206  227  1917  465  1903  1302  1490  1612  1431  462  304  1703  739  1399  2353  2021  2284  1456  1092  1397  616  270  996  2444  2450 
2445  1984  1567  2455  1003  1666  166  1645  1419  351  1220  215  1949  1050  730  284  2121  1405  1871  108  1334  125  350  1378  478  1553  1823  639  715  1086  1149  1236  1399  2297  60  1989  1626  1078  146  28 
538  321  1455  203  823  652  1850  1090  2407  1506  2117  1359  981  1676  2433  2360  2366  777  415  748  1178  722  1539  2380  2187  1872  1427  2360  1353  2468  1911  325  659  171  1094  2040  1297  2386  2286  443 
2447  224  750  2382  910  218  758  1027  1264  2182  760  562  28  179  449  1885  1766  1532  1038  1525  229  1572  682  537  2371  1152  1698  1131  106  259  1654  1260  1623  1305  1866  954  2175  1328  1954  2200 
75  93  1116  29  1688  1117  669  1141  654  1975  1743  614  307  926  1580  498  1928  428  1996  1860  1268  1403  1988  223  503  1413  447  577  2047  1924  1653  1030  1448  1674  526  647  2464  740  508  750 
779  432  2359  2367  245  1582  776  2377  882  1023  1765  77  1595  1329  376  265  2063  1791  215  48  2377  137  1712  1200  510  326  487  86  1460  1307  1241  488  484  931  2232  1879  770  139  808  1349 
1555  1714  1874  1066  2407  1853  1165  2096  78  1538  1028  196  2103  172  246  1162  73  1994  712  2337  1411  1604  45  298  144  2101  1677  1282  52  1153  1212  17  2112  766  533  28  353  952  1258  570 
2073  795  129  250  2171  2245  1226  793  2465  465  2441  54  149  1683  857  1416  1747  2375  2458  1999  1621  2466  165  1819  749  2025  1928  232  2473  140  1272  1912  2128  1933  1845  2300  879  960  982  2235 
991  1831  2053  144  36  1524  1964  2442  1736  110  164  1556  2477  859  294  1171  1636  1338  27  1188  1638  456  244  288  2487  1837  1732  1580  1845  698  343  1155  96  439  573  99  2006  2176  1631  1535 
