12 40 8 17
573  989  1083  134  1943  488  915  1795  1612  1099  1298  685  98  1647  1577  392  280  519  225  1703  1475  886  410  1166  328  1906  225  1586  220  213  294  1255  609  54  189  897  778  1655  336  501 
1869  638  595  598  168  1088  1012  184  1826  2060  2031  1788  1941  1311  2016  1131  385  309  1755  950  65  2059  633  1726  1420  1740  301  937  776  1697  804  1320  1684  1567  1488  848  1838  798  1534  79 
651  562  766  72  132  117  1041  1836  1595  1188  1337  1896  1306  814  2082  209  1213  1458  1360  344  774  1006  403  219  332  354  669  2081  788  33  1195  1665  941  1068  1260  2072  261  817  548  276 
1280  658  498  1708  2044  814  1377  723  1552  1588  1824  1523  1113  1237  1711  191  343  78  403  1692  1954  900  1092  1243  1531  1348  80  1869  1536  1109  1766  1315  1975  1432  527  1007  1175  1332  1518  741 
10  1268  857  1246  1145  678  452  125  1433  545  1237  1715  772  383  603  1456  299  1665  1609  204  1196  777  1304  229  1688  1689  1989  1673  939  837  1291  1998  640  1268  1764  694  1233  699  1663  1111 
1118  1374  1851  1625  66  1486  1441  1120  1532  991  977  1235  1605  3  735  874  672  624  417  1717  378  330  1849  148  861  920  602  324  6  1730  1440  410  1100  1898  893  119  86  2017  151  1508 
1366  1330  536  203  1127  1178  16  718  831  330  569  1558  1555  1988  767  224  370  1716  486  713  517  1324  1229  513  919  1774  1990  241  645  1501  156  1658  131  418  538  1416  154  917  1931  1287 
672  1000  570  1817  450  2078  1871  1950  2052  1566  1083  1176  594  1861  1565  82  374  1720  1687  827  893  761  1043  1046  1991  2014  1022  1168  1335  593  1423  162  224  1249  1192  807  597  2054  1030  259 
421  1220  282  501  580  79  454  584  537  1919  14  1011  499  169  394  1667  19  1604  1831  90  659  1806  1435  1965  733  1493  1904  401  1703  130  1351  1276  71  778  33  173  536  1655  1088  402 
1478  1617  1783  513  55  1114  966  1265  621  1250  364  1917  992  1808  1074  502  689  1865  932  1110  341  2054  1292  1455  732  2038  331  1861  2037  1653  278  1914  574  517  1654  1194  1817  294  1571  193 
441  267  1653  1489  1483  2040  1465  149  903  1911  1299  1260  274  827  2079  1191  395  1739  841  1102  1221  1933  1015  652  739  1181  1439  1807  405  1545  2024  410  1770  1988  487  1639  2013  253  1560  1814 
1798  1741  771  1260  278  1746  833  1479  349  739  1766  35  556  13  182  1562  453  346  1568  174  1507  1584  750  467  1507  1316  1878  1799  546  1942  216  39  915  406  1272  684  848  1187  715  1811 
