60 21 28 17
369  618  204  781  432  548  138  707  587  268  412  273  787  480  773  150  643  15  177  76  323 
552  611  452  128  641  297  657  427  561  530  453  791  474  268  516  191  308  388  345  187  652 
413  402  381  741  193  774  189  134  745  288  516  362  425  321  518  589  367  705  77  411  113 
717  354  560  156  301  458  431  296  79  452  567  251  240  285  744  713  645  549  4  584  139 
338  310  97  782  693  396  303  722  145  473  657  438  415  12  215  628  735  38  562  635  743 
539  242  588  734  110  113  544  258  777  490  653  635  489  228  444  273  77  287  382  4  661 
353  259  226  215  527  712  543  542  697  604  485  530  657  44  191  546  269  197  405  598  689 
25  499  456  114  154  428  114  714  302  29  514  739  740  373  330  617  132  538  663  712  347 
213  52  700  269  444  664  786  430  417  264  328  715  505  593  253  163  229  481  423  249  259 
595  287  187  469  387  197  408  236  75  132  20  463  237  542  489  600  350  569  87  303  715 
240  176  272  655  128  57  9  320  159  652  483  561  112  600  700  206  552  117  572  581  517 
329  305  265  181  62  136  64  738  204  106  292  653  403  329  768  116  65  2  95  590  465 
615  716  41  100  737  454  10  164  281  602  186  570  541  132  182  184  460  458  325  303  300 
97  587  290  507  399  120  770  771  78  203  137  429  88  528  252  278  439  502  117  769  20 
636  335  99  354  717  335  456  224  438  308  186  42  719  302  166  508  101  313  186  619  379 
361  105  598  182  486  81  228  505  777  298  607  488  411  532  85  179  26  605  190  625  439 
605  436  466  785  116  202  616  617  622  46  516  550  159  691  665  216  657  354  564  466  102 
23  45  581  471  115  11  297  625  121  770  411  167  635  11  304  640  728  216  357  17  302 
536  256  362  96  532  782  655  315  302  14  726  635  123  31  576  681  708  238  369  433  761 
506  372  460  275  646  282  283  291  758  603  166  123  467  724  723  589  749  74  572  776  93 
614  714  416  674  256  132  247  330  48  714  358  132  194  406  390  507  741  561  684  716  399 
412  605  599  138  372  181  102  41  341  617  7  186  167  149  495  617  20  632  228  432  108 
595  491  123  213  459  291  13  630  509  705  439  759  791  766  383  768  63  271  206  194  339 
692  551  174  605  72  551  614  725  274  224  212  725  197  698  323  765  163  524  20  102  564 
137  759  89  405  22  394  129  132  276  614  89  202  377  715  187  672  509  357  715  34  83 
787  595  376  184  398  552  739  67  191  90  448  760  707  80  347  590  464  305  476  75  545 
71  490  423  690  188  121  742  164  471  117  241  644  635  303  316  243  88  323  572  491  721 
147  232  13  261  395  333  311  459  198  498  249  360  166  639  424  23  277  503  534  37  713 
71  712  144  160  11  198  275  311  589  555  692  712  640  685  762  245  185  418  386  495  417 
559  73  87  108  712  662  607  419  753  646  109  126  657  358  473  129  186  332  632  282  527 
263  170  125  324  644  416  321  438  428  250  48  254  180  579  678  685  459  660  282  368  158 
250  609  488  467  687  241  505  558  424  621  212  335  671  213  170  722  563  224  220  684  367 
420  563  779  340  252  207  560  733  221  128  259  538  736  263  9  28  95  529  530  393  490 
560  337  154  38  675  524  119  474  124  103  16  193  505  161  196  384  741  259  103  754  687 
45  736  1  82  267  668  326  426  556  650  336  558  667  176  334  181  787  82  574  64  229 
139  690  223  544  214  585  417  252  25  693  120  9  493  36  289  781  138  646  237  99  119 
555  88  173  618  784  675  99  271  722  244  585  529  719  105  114  154  531  99  646  8  763 
680  775  701  652  400  646  389  192  740  38  263  144  642  664  513  202  740  503  595  231  302 
330  585  708  153  764  641  611  694  426  352  69  207  446  229  523  566  430  516  7  577  3 
332  218  100  18  460  672  676  569  582  335  144  543  277  339  593  105  80  480  649  393  567 
474  317  590  200  458  74  786  445  120  18  28  23  571  45  381  750  784  691  355  105  125 
569  76  167  752  707  335  86  401  168  180  151  502  451  683  399  382  543  107  145  312  299 
534  439  683  652  159  696  302  308  306  511  538  111  118  7  556  381  448  739  585  536  626 
729  715  53  406  575  249  173  167  106  613  770  676  391  273  334  239  596  726  249  218  699 
167  84  665  696  341  655  698  760  528  666  275  446  567  517  9  168  763  244  66  556  537 
379  622  277  498  628  253  249  26  83  631  26  438  194  42  588  433  157  52  390  650  604 
223  452  25  341  77  299  381  281  785  598  441  427  316  398  418  179  264  233  23  556  188 
46  606  658  694  657  107  442  636  673  402  678  352  583  610  526  399  41  490  656  357  629 
332  54  643  748  214  453  614  376  326  415  100  753  424  491  563  635  594  211  195  714  165 
366  787  257  423  767  492  752  744  546  569  660  559  508  279  727  706  298  591  27  377  447 
729  227  249  283  460  662  621  491  529  69  97  663  758  673  451  125  781  605  310  362  658 
643  318  660  374  714  617  502  533  395  165  562  50  605  532  95  549  542  236  575  394  583 
710  739  75  267  791  275  314  197  209  146  441  600  78  499  511  469  251  703  1  686  565 
556  765  251  614  71  512  726  23  75  521  516  655  752  775  197  183  584  155  562  775  454 
721  682  676  569  289  75  558  702  294  140  684  772  202  327  775  248  481  109  81  740  224 
375  531  66  154  214  702  418  694  25  526  577  441  55  479  382  67  309  500  776  765  659 
375  559  668  14  75  711  121  521  671  112  100  468  602  336  385  290  137  668  605  107  636 
527  664  565  791  55  409  339  37  717  545  412  374  304  285  23  535  127  526  455  274  144 
650  641  626  554  355  243  551  277  491  183  768  502  96  790  213  365  270  694  715  332  15 
133  348  286  544  378  305  105  580  204  424  595  343  98  327  12  309  370  163  394  31  206 
