100 16 67 14
310  516  72  39  426  511  579  582  354  285  113  89  350  554  26  287 
397  466  494  78  621  287  379  378  42  561  243  156  222  57  563  47 
348  597  89  540  114  452  157  80  230  166  102  459  284  285  62  487 
517  30  122  28  233  84  124  592  501  451  318  328  41  464  183  608 
572  373  398  103  564  432  476  352  179  340  303  129  131  81  419  553 
497  195  163  435  103  313  309  284  101  495  90  463  119  320  57  145 
484  292  82  309  29  550  259  461  380  597  144  370  252  344  498  603 
224  60  280  621  157  617  604  397  279  442  298  545  187  267  364  166 
285  540  47  103  36  147  494  173  604  18  94  242  401  156  326  62 
74  551  275  90  565  373  29  168  170  62  565  355  41  562  568  381 
139  541  147  149  269  359  92  81  109  231  81  444  385  269  356  400 
609  598  377  58  240  135  618  428  220  363  573  425  474  54  8  433 
240  568  95  495  186  515  10  102  389  549  347  417  592  571  85  185 
592  446  488  438  33  357  44  299  90  554  452  39  410  513  414  180 
458  244  164  538  511  347  297  234  67  489  327  49  618  316  317  465 
514  151  468  513  195  517  68  213  200  603  528  203  419  273  625  259 
229  325  478  368  542  241  379  266  4  139  134  5  308  59  219  123 
23  195  10  384  45  609  606  167  507  188  113  41  255  545  419  274 
457  249  622  95  318  226  115  339  146  142  91  584  81  489  621  241 
609  81  77  365  295  317  465  295  299  605  48  132  377  560  63  530 
237  90  206  175  353  483  346  105  423  546  622  507  559  277  49  574 
152  163  346  440  146  173  580  216  579  452  187  443  14  571  272  150 
179  159  581  285  502  375  262  424  62  580  482  189  11  240  298  237 
28  249  193  29  509  328  458  562  259  130  395  346  311  231  175  182 
33  366  112  607  555  497  578  313  451  359  93  497  263  236  594  433 
73  256  361  546  171  178  301  512  270  30  582  255  559  420  328  506 
442  420  234  222  256  492  324  134  209  232  340  112  315  351  443  532 
368  442  558  229  158  419  249  250  205  393  57  1  436  172  552  419 
58  559  611  216  325  403  166  54  485  117  438  512  57  366  252  554 
522  271  58  156  179  404  347  41  453  60  179  392  51  475  46  508 
147  186  310  230  212  308  20  64  434  42  206  55  471  276  166  356 
49  527  61  567  105  425  287  240  510  559  51  594  6  507  327  192 
413  37  90  89  462  551  432  376  613  459  78  377  335  528  196  389 
48  253  220  274  69  24  103  471  84  331  335  406  234  189  566  3 
423  273  607  324  229  165  289  251  552  330  307  418  435  413  513  10 
455  281  326  200  277  481  571  557  79  314  306  85  387  321  599  81 
591  139  581  378  605  230  612  199  557  137  499  490  352  136  479  539 
481  370  446  232  398  342  379  446  382  324  426  420  552  100  506  80 
236  111  527  583  230  21  296  446  336  589  102  327  381  35  495  307 
2  267  446  284  63  18  344  64  594  122  364  400  20  492  453  283 
547  579  294  115  496  240  108  248  156  519  250  384  140  283  546  547 
453  304  532  146  429  220  166  2  371  371  577  348  599  7  471  475 
144  137  109  7  524  381  231  394  182  39  216  205  328  83  269  250 
565  624  474  470  58  50  218  478  569  533  353  196  160  42  514  622 
39  405  51  447  237  191  41  125  487  6  319  225  558  245  546  366 
526  34  202  200  583  599  498  386  143  243  594  247  11  242  3  11 
380  58  297  46  586  607  613  267  64  51  404  522  226  435  508  193 
284  578  19  341  13  255  59  24  327  581  94  477  572  355  187  483 
469  27  235  334  476  377  54  68  311  439  595  288  560  294  41  17 
544  53  423  588  402  623  93  108  64  291  2  31  291  235  27  320 
166  518  214  386  607  52  179  260  620  586  423  432  267  148  202  198 
610  386  512  47  140  412  266  394  575  190  88  16  410  523  484  458 
121  207  367  127  355  133  49  270  101  257  32  94  598  268  4  499 
404  455  196  553  132  238  240  542  334  460  567  258  90  552  521  554 
491  389  196  354  96  598  594  263  101  175  620  350  302  102  149  200 
205  455  239  398  67  250  290  623  532  288  567  586  110  210  491  364 
532  220  179  526  369  216  396  292  336  455  590  585  199  67  448  447 
227  475  345  130  327  474  54  85  76  241  221  477  15  614  220  529 
345  26  401  390  286  106  179  511  65  465  535  512  252  539  482  567 
249  127  462  350  335  429  247  591  314  47  433  184  23  402  5  168 
361  490  330  121  234  418  313  592  123  142  409  9  517  479  122  563 
50  425  533  473  467  109  411  539  267  509  297  115  63  140  342  76 
339  415  370  264  239  469  596  270  20  435  579  424  218  127  315  15 
537  159  348  593  407  316  206  625  443  269  248  528  573  477  67  374 
355  287  119  50  543  455  370  603  431  373  490  89  396  320  220  121 
59  151  599  97  540  296  535  481  350  168  118  208  622  558  114  582 
286  470  261  22  203  372  241  598  469  318  142  575  200  46  427  181 
147  63  435  621  149  118  262  432  517  368  388  113  140  591  338  11 
197  551  403  423  390  183  514  446  357  180  336  201  411  266  312  302 
589  84  271  118  530  547  347  175  28  593  284  178  25  510  242  498 
433  393  275  218  106  523  270  260  18  34  534  101  514  237  114  364 
431  154  216  467  612  117  552  443  168  98  624  617  527  338  399  430 
149  362  606  609  330  47  562  530  597  235  550  205  528  371  323  230 
383  266  555  553  104  525  619  73  325  453  616  475  251  104  113  614 
167  295  59  204  410  380  130  36  198  436  59  440  607  10  526  477 
557  545  530  100  378  240  537  114  219  617  515  436  502  596  311  349 
183  545  106  341  467  263  186  298  335  537  618  565  568  484  148  64 
406  255  546  142  184  21  247  104  172  354  103  228  237  25  258  459 
574  68  76  216  129  515  262  437  129  560  34  14  551  188  409  522 
430  507  271  59  316  617  563  17  403  451  31  462  76  48  330  616 
32  96  209  587  344  407  57  474  538  523  27  275  179  570  486  565 
140  14  406  444  584  118  389  129  12  270  160  374  516  463  99  444 
280  117  406  517  69  607  116  332  401  533  223  169  323  436  91  492 
345  493  110  323  470  210  160  198  477  277  71  425  23  404  415  98 
617  529  318  373  358  607  132  212  291  91  208  259  262  336  89  100 
236  551  421  2  51  357  579  415  441  29  124  552  29  370  589  35 
99  584  142  302  546  449  521  191  373  28  463  198  543  548  562  525 
542  618  611  597  412  127  607  377  273  337  267  225  31  445  110  91 
276  61  459  68  283  61  551  115  256  373  549  334  621  527  193  300 
341  588  51  148  609  402  284  450  35  78  44  200  236  565  114  340 
529  522  530  536  214  98  561  549  356  189  72  190  401  124  187  523 
34  591  422  231  400  596  113  65  164  613  348  603  132  49  176  558 
199  455  497  418  184  449  510  74  279  141  557  231  269  535  375  381 
426  90  594  303  339  340  154  14  132  390  559  117  151  582  64  199 
17  407  134  421  95  258  588  366  359  537  415  33  604  233  3  485 
512  100  535  163  70  326  162  354  121  24  599  63  552  436  458  386 
329  24  613  365  592  227  176  77  412  394  155  374  570  38  382  545 
7  395  96  351  545  28  374  136  300  325  502  239  586  86  155  204 
561  584  180  398  185  475  553  66  398  104  328  185  334  381  19  354 
377  597  101  539  226  404  416  462  589  228  444  579  226  287  360  85 
