27 100 7 63
131  191  119  7  302  222  138  340  282  112  191  55  184  28  85  201  78  34  272  125  64  319  254  353  193  197  219  277  168  353  167  140  293  324  166  354  226  348  128  64  55  304  241  146  245  30  41  38  74  327  133  94  119  282  35  361  312  184  288  243  330  157  343  105  166  209  121  18  364  317  170  25  218  260  238  23  365  229  155  117  89  370  253  323  274  337  279  261  37  241  222  144  308  369  193  58  60  188  1  299 
275  109  201  45  146  179  241  286  261  307  232  262  262  236  143  1  286  146  220  11  184  365  323  215  38  70  355  176  190  356  32  334  224  103  264  17  16  307  270  317  55  302  27  268  67  267  182  45  305  221  159  205  154  141  214  214  158  119  307  201  162  344  312  243  66  272  214  346  179  52  368  274  310  98  140  251  220  129  135  235  112  312  330  163  204  307  313  247  343  260  154  146  89  62  308  174  186  154  126  100 
164  225  47  103  291  314  183  223  68  99  348  110  329  308  136  81  146  107  107  336  239  134  250  342  216  116  77  101  18  36  264  303  118  148  293  321  159  305  83  34  250  194  258  130  38  46  88  152  263  266  192  253  113  125  256  149  220  80  13  307  19  201  38  226  175  98  49  123  7  25  161  125  297  157  10  353  285  169  252  39  91  181  127  341  109  204  346  309  304  167  238  221  265  356  20  162  184  337  203  347 
303  172  2  334  362  337  305  57  255  257  300  307  117  297  97  231  133  298  127  23  137  301  201  110  361  98  347  304  68  77  246  90  216  270  134  370  74  219  68  50  180  72  137  37  119  64  30  322  95  164  244  312  105  4  196  33  49  241  292  331  255  35  271  153  177  318  345  238  314  364  162  279  66  339  133  39  35  31  114  176  264  292  45  324  325  35  22  337  74  1  202  83  122  347  128  54  302  215  331  302 
127  278  292  88  41  41  170  150  73  313  175  230  284  153  46  297  47  86  101  355  194  241  117  147  3  91  128  316  7  16  94  327  125  308  199  111  90  249  111  307  351  52  203  363  161  23  91  328  221  342  328  290  105  368  153  125  187  59  352  276  344  217  38  97  195  284  19  257  181  224  369  293  320  68  39  338  344  197  300  153  111  79  296  168  369  181  185  330  283  72  174  334  192  370  262  135  369  109  284  220 
148  297  74  93  1  364  298  149  356  246  370  320  239  68  221  152  351  36  331  217  320  236  207  187  182  3  160  184  108  229  215  141  247  148  141  143  59  323  263  352  108  106  94  268  32  148  158  26  227  295  348  112  15  99  329  263  49  222  12  342  313  143  46  141  233  182  22  290  289  370  251  311  153  195  32  278  18  99  294  148  123  16  104  323  61  103  354  145  98  299  233  259  111  239  90  198  344  255  186  228 
350  232  55  220  258  47  279  321  162  111  202  193  363  38  218  237  46  346  206  62  118  63  154  214  66  326  159  25  45  341  361  211  142  177  257  136  240  157  25  277  303  260  124  110  202  365  30  54  180  329  323  239  339  151  278  295  338  336  364  27  75  222  247  228  133  352  184  296  343  62  119  82  35  167  302  244  305  292  108  31  171  6  300  317  216  315  320  164  14  214  325  51  162  123  366  3  330  357  251  92 
325  72  184  204  212  59  105  259  28  229  124  354  44  58  35  222  98  197  328  288  256  242  232  118  210  361  312  354  312  177  349  222  53  257  322  349  93  256  79  268  268  315  173  164  360  260  10  64  107  325  139  330  186  336  22  238  31  168  118  93  199  317  206  79  142  279  184  202  67  150  322  258  307  312  361  366  209  151  340  351  353  312  140  175  5  53  368  79  328  350  36  162  44  268  41  211  184  327  106  155 
231  303  302  266  343  83  226  135  224  112  203  54  247  289  221  287  143  201  327  189  324  137  83  187  64  354  258  221  186  272  35  138  145  265  306  230  271  210  229  8  42  97  201  369  54  16  196  352  261  58  121  97  243  171  320  93  298  109  135  35  28  62  341  120  282  10  150  101  133  194  11  169  258  133  325  70  351  73  367  362  128  17  238  6  332  87  181  348  301  7  129  369  366  60  143  76  305  91  49  124 
64  368  123  197  354  276  360  301  31  130  133  264  161  48  285  350  273  358  50  98  325  224  343  301  297  185  300  101  113  274  128  290  360  26  101  311  238  14  267  96  225  272  242  293  187  185  25  136  368  195  343  231  197  2  367  280  160  89  155  360  248  223  231  210  218  78  27  184  330  248  28  291  191  68  259  74  28  57  100  112  365  85  335  130  52  309  313  179  324  297  283  281  64  174  335  73  110  81  326  146 
186  167  243  176  166  56  308  301  145  34  364  301  247  158  79  280  206  85  220  5  276  15  293  171  272  59  12  241  243  345  214  329  73  14  221  139  162  84  5  141  19  306  350  197  72  273  54  284  195  128  221  66  208  351  149  322  120  99  174  370  274  101  47  142  330  265  304  311  250  131  167  179  69  139  290  360  356  28  8  203  276  292  168  323  135  200  254  249  343  117  89  303  87  19  294  361  271  158  351  254 
294  44  22  354  214  331  39  304  329  29  137  108  352  367  351  364  122  340  318  297  115  47  170  136  249  40  194  302  43  3  272  112  189  240  163  59  29  272  135  233  97  322  62  225  293  361  199  78  100  130  100  261  230  138  239  124  49  37  72  331  152  102  318  318  6  9  162  293  233  20  192  305  158  358  287  354  117  148  163  188  173  147  160  58  146  138  139  277  145  207  150  133  306  335  292  261  184  36  301  40 
223  324  197  122  113  196  44  173  351  83  124  179  4  363  364  91  217  79  196  177  328  334  121  138  327  255  92  44  28  201  354  103  137  113  118  335  186  296  176  155  297  338  51  18  60  218  314  107  307  33  205  281  355  60  115  124  184  171  16  295  296  279  336  16  139  338  68  106  30  35  129  289  264  275  8  262  81  3  273  15  311  235  150  41  276  83  294  46  343  136  111  248  7  264  326  1  359  54  94  206 
103  294  296  90  16  89  319  320  105  302  270  185  322  333  137  13  352  202  63  204  164  279  134  198  215  126  62  109  61  53  207  5  309  253  247  305  4  145  272  156  144  187  272  329  317  73  166  168  328  252  234  275  136  329  218  137  129  146  238  227  348  343  293  81  144  43  283  278  338  224  359  221  168  181  68  277  113  302  185  42  171  174  307  151  230  126  252  246  226  65  274  319  177  237  90  278  254  227  22  237 
174  109  111  226  51  127  315  118  223  301  335  337  302  349  202  220  27  166  105  188  259  208  70  106  128  176  101  291  165  161  308  335  118  173  98  72  82  73  268  332  360  329  370  125  352  263  332  123  137  137  69  39  251  11  304  99  66  1  4  58  200  231  58  363  137  336  365  315  290  280  120  175  86  186  5  281  318  210  283  265  213  203  126  61  295  165  369  327  140  136  247  28  215  190  257  72  98  364  75  350 
121  167  33  177  15  239  244  164  21  351  20  91  361  264  49  320  177  74  365  278  268  278  152  174  171  280  130  219  181  249  142  177  181  336  283  20  216  167  266  142  83  167  13  271  206  361  24  258  3  142  69  310  292  123  115  34  179  333  235  84  297  181  289  242  237  124  168  246  304  12  106  128  304  258  53  47  133  128  241  135  288  94  235  21  18  247  224  239  65  328  60  232  180  77  35  22  134  248  279  179 
116  173  176  156  144  123  126  277  219  344  346  95  362  239  334  69  312  123  298  330  56  279  73  118  311  152  350  188  338  94  27  110  355  13  28  142  302  102  203  236  152  134  104  72  369  358  197  113  261  368  5  357  243  61  26  102  67  181  302  249  176  239  213  258  256  301  213  90  279  155  325  174  158  249  163  28  229  221  322  369  134  331  328  279  249  51  215  145  26  296  296  88  17  107  160  152  145  284  262  6 
70  165  71  284  71  73  121  35  56  115  124  90  188  19  351  359  170  254  95  218  189  272  341  302  258  5  153  290  223  58  309  198  120  95  332  194  171  250  82  297  366  315  180  182  187  136  83  10  299  168  5  273  252  161  266  326  358  149  252  223  292  142  108  71  79  222  338  121  293  218  196  92  215  284  325  93  71  44  93  226  273  281  73  311  223  22  55  304  181  139  164  358  25  205  252  159  287  51  80  111 
362  206  125  125  362  355  254  203  299  144  359  220  283  286  176  189  321  64  136  17  343  318  305  211  55  143  42  59  57  350  127  176  262  291  123  23  201  135  47  134  310  152  366  321  127  191  125  366  146  180  238  141  120  177  173  247  24  33  59  350  288  278  85  318  79  48  173  160  223  21  319  74  180  238  349  101  286  10  166  279  288  102  179  298  177  7  368  241  290  158  117  118  18  368  309  161  332  101  181  179 
337  311  144  202  280  96  327  112  237  29  323  44  189  182  315  197  159  204  97  269  323  259  118  25  67  205  256  202  319  344  149  274  121  199  287  211  32  223  197  270  12  351  180  134  16  68  83  336  13  85  117  103  314  273  197  70  46  204  174  327  257  223  331  9  281  112  90  138  302  69  231  290  217  199  101  12  270  332  29  83  29  83  180  66  142  205  152  94  8  172  212  68  105  234  244  178  8  158  266  48 
110  260  125  56  181  76  45  129  240  289  1  343  127  126  116  259  176  230  271  358  57  313  39  327  49  147  332  237  282  115  220  211  179  300  231  83  139  235  166  64  342  200  154  353  283  33  83  231  29  38  104  295  232  61  58  234  255  104  314  338  363  353  269  34  113  367  271  320  54  102  56  255  11  334  20  334  136  303  8  360  154  278  239  280  194  131  16  146  295  268  258  187  354  101  115  195  63  351  234  316 
281  105  333  158  262  186  337  271  138  79  361  366  260  36  185  67  259  78  188  261  157  198  284  275  288  190  42  342  132  201  39  314  300  369  124  268  349  59  347  5  5  218  238  230  154  237  341  16  114  251  352  250  176  170  341  21  269  65  191  162  276  271  328  231  34  217  137  278  331  309  173  151  123  272  366  255  203  237  160  81  122  61  341  313  310  177  273  115  25  92  134  102  158  27  178  48  217  96  304  358 
170  129  136  272  287  83  342  151  136  138  52  258  26  163  53  268  138  127  185  130  352  56  89  212  121  309  144  355  224  75  285  315  277  270  218  171  216  333  73  332  142  158  193  62  295  231  148  222  259  164  223  143  255  304  330  98  329  105  224  314  145  182  229  129  9  337  317  166  333  28  347  118  95  137  88  127  137  123  225  87  276  93  175  138  69  231  287  294  267  270  178  157  160  201  97  327  152  345  250  13 
142  313  241  71  197  250  149  170  330  311  187  207  86  179  50  97  312  53  359  264  265  224  13  330  219  159  65  21  79  281  303  133  17  52  332  317  326  83  280  46  167  365  54  69  240  228  237  129  261  60  281  69  335  283  343  5  158  297  291  120  84  279  312  264  186  250  157  23  3  358  24  137  22  26  153  314  299  108  46  326  134  358  132  189  337  350  88  360  12  176  162  78  24  216  258  213  244  218  27  280 
182  72  309  264  263  271  76  275  194  299  53  151  196  139  312  64  39  323  289  85  130  96  288  310  65  242  162  64  244  107  79  131  35  360  227  200  353  152  340  60  354  109  35  127  164  252  79  189  45  48  14  312  65  197  93  125  83  149  4  150  226  120  284  318  169  169  42  127  204  321  355  321  364  35  21  92  295  165  322  193  367  83  137  270  113  203  216  58  347  236  164  9  343  366  212  241  3  43  353  286 
156  270  169  9  194  53  66  181  101  115  214  257  219  358  14  42  345  329  242  63  55  341  139  147  338  319  87  126  173  174  257  358  169  168  359  128  328  236  120  331  34  293  133  331  332  336  117  186  334  71  37  167  1  280  305  137  70  298  322  228  223  133  190  36  15  70  334  309  259  114  126  87  264  202  146  109  190  201  245  236  221  162  92  209  183  311  249  161  41  81  193  78  316  285  5  106  1  322  287  213 
283  354  86  229  359  259  61  218  209  160  160  304  286  256  147  361  148  275  238  162  220  324  120  279  366  250  281  88  33  266  355  173  356  333  35  121  49  225  116  313  63  19  79  10  342  95  105  249  125  190  355  146  280  44  51  221  134  219  362  79  369  303  226  310  357  34  22  211  151  308  335  2  140  110  361  320  203  354  348  262  120  74  98  263  139  162  237  354  121  39  260  127  174  225  298  214  333  201  30  192 
