200 14 19 5
15  58  100  61  6  41  226  193  146  206  273  154  335  315 
105  157  208  346  80  336  72  128  90  356  142  205  286  309 
2  49  251  139  176  4  196  3  108  7  177  62  343  342 
15  21  320  202  297  69  61  211  166  40  281  228  184  51 
190  210  188  211  163  255  298  231  184  116  347  235  225  179 
324  308  146  155  86  187  54  304  197  142  180  226  165  209 
233  102  171  252  74  131  56  62  222  16  34  210  258  67 
201  66  268  261  288  167  231  113  165  171  167  98  138  47 
210  339  304  125  131  129  12  296  244  8  206  141  342  172 
197  181  290  23  126  133  230  229  117  31  183  202  30  97 
305  135  236  267  140  218  47  342  291  308  85  186  286  48 
106  252  287  310  308  166  177  188  350  287  229  255  62  9 
106  171  340  221  159  187  258  60  352  58  337  81  188  148 
54  346  262  10  334  173  117  77  197  127  119  146  270  161 
182  209  17  260  4  11  141  356  307  78  309  125  168  325 
327  125  173  35  155  231  348  173  309  191  303  96  255  196 
19  127  131  14  131  262  213  61  14  221  247  55  267  140 
180  121  199  130  218  131  322  225  244  219  41  343  169  247 
234  83  327  309  33  127  336  348  301  226  153  82  190  254 
342  200  133  3  14  304  354  223  73  204  71  172  208  131 
18  250  323  261  140  319  283  87  59  329  324  352  148  265 
145  190  230  37  329  93  256  296  205  355  196  29  335  25 
182  300  317  189  268  74  79  300  127  346  281  153  15  79 
117  114  114  329  136  219  317  164  61  146  270  347  176  315 
302  197  220  182  312  108  214  156  285  221  171  163  330  96 
355  277  192  320  65  298  332  292  156  138  195  66  334  334 
239  242  286  59  272  247  220  241  90  6  275  56  61  240 
188  288  29  127  296  59  106  190  339  266  357  11  142  220 
167  219  134  254  208  228  326  22  256  158  61  52  162  161 
205  228  212  199  241  140  279  13  127  216  314  282  94  345 
22  34  281  220  351  219  338  253  321  87  344  89  265  90 
276  15  162  290  132  266  324  147  227  269  187  268  167  4 
7  224  294  254  173  239  148  254  348  257  152  182  234  116 
214  250  160  43  335  147  105  311  12  306  32  252  61  13 
285  328  241  62  346  187  224  128  177  111  40  328  7  6 
199  128  174  336  343  228  178  90  318  123  73  253  270  284 
294  183  4  282  9  31  291  238  212  85  253  160  49  194 
56  276  355  81  351  293  142  196  337  33  131  226  191  211 
209  59  282  207  174  235  320  173  174  72  61  327  172  149 
83  80  14  315  166  68  340  10  147  271  294  71  6  46 
134  270  118  300  330  164  163  200  273  256  172  62  323  31 
262  17  243  244  41  335  58  226  166  68  212  181  25  43 
117  206  33  197  292  10  276  93  169  260  164  335  81  14 
220  34  227  1  183  211  327  337  139  217  306  75  89  211 
298  104  70  166  300  142  112  121  46  58  33  71  117  31 
326  32  208  308  123  125  230  212  19  245  291  329  263  120 
353  83  268  91  324  307  167  168  246  157  211  5  336  44 
302  132  262  256  8  170  330  147  92  191  153  315  312  238 
301  215  177  288  350  297  336  89  203  297  337  94  347  49 
74  152  25  204  242  220  252  123  5  211  264  81  225  252 
164  206  244  265  165  258  229  287  245  12  315  147  288  267 
2  279  73  188  29  230  126  54  101  306  337  44  319  267 
175  321  103  162  164  190  52  344  126  74  249  83  261  306 
163  255  68  151  183  254  214  193  51  65  355  306  70  86 
105  162  6  312  198  57  131  137  293  174  157  269  323  240 
71  174  309  263  326  353  352  208  237  139  148  9  42  226 
144  220  241  213  27  17  72  265  296  24  189  121  183  119 
184  305  76  139  335  75  215  276  319  95  153  56  195  11 
45  49  343  220  137  154  224  281  191  332  110  40  121  251 
93  145  1  202  328  153  193  22  260  301  97  221  2  292 
128  151  158  235  164  212  54  113  19  57  99  161  276  164 
219  122  9  223  105  149  331  319  115  120  214  183  62  214 
73  142  41  347  2  161  8  185  137  26  234  301  196  239 
174  348  16  329  46  215  306  64  231  79  70  281  11  313 
256  145  83  194  18  70  249  170  55  243  147  177  291  179 
120  161  280  256  37  123  107  265  204  162  310  200  44  99 
203  250  34  271  198  69  179  129  142  155  334  202  70  62 
115  73  286  213  164  270  185  137  271  298  302  109  12  332 
95  339  230  71  288  12  210  347  204  316  79  115  300  230 
309  337  223  90  53  158  107  248  350  238  151  70  72  181 
25  236  331  253  336  3  2  342  297  118  181  206  329  353 
291  110  228  186  357  214  260  240  216  321  279  185  291  345 
135  230  316  114  72  356  350  198  53  256  34  229  335  146 
228  203  315  246  329  26  225  224  162  193  238  14  164  34 
342  136  177  51  47  164  207  230  282  70  292  292  85  352 
296  189  6  8  126  75  90  249  83  6  70  206  158  57 
353  241  78  23  84  296  257  63  212  34  23  17  311  297 
257  257  237  56  351  167  308  65  292  73  117  15  166  149 
334  42  56  288  91  277  164  250  153  299  111  58  51  324 
216  186  267  16  168  175  143  23  66  53  112  262  156  345 
316  153  130  315  172  133  115  256  75  16  343  9  304  102 
233  271  243  208  250  156  146  88  126  84  18  21  17  145 
161  178  59  284  245  277  78  230  150  244  170  160  220  33 
88  199  234  92  326  157  127  103  146  90  304  277  342  254 
89  122  312  279  283  11  280  262  281  63  47  264  111  247 
77  163  209  152  22  257  105  187  131  86  68  168  160  340 
71  117  111  149  78  204  35  130  205  166  55  255  323  293 
227  321  16  64  79  345  82  10  89  223  143  284  61  282 
274  115  179  48  117  1  110  17  166  116  158  80  89  261 
274  346  264  120  204  72  357  50  138  9  216  329  46  346 
6  137  242  63  160  267  253  268  47  325  182  21  161  279 
326  3  57  64  38  105  330  124  51  33  186  19  146  161 
198  38  262  17  124  79  313  245  161  8  43  342  291  197 
303  291  57  48  354  253  132  245  297  353  147  194  200  313 
159  75  270  61  356  316  96  270  65  159  290  217  223  49 
57  318  244  20  23  10  17  281  140  63  26  84  46  223 
100  191  191  67  285  53  350  203  140  54  300  16  152  66 
178  46  48  28  333  87  350  196  77  223  62  199  114  304 
236  33  225  203  147  192  278  215  289  227  94  322  305  342 
180  259  313  216  204  152  68  283  333  58  209  322  178  142 
171  354  297  299  146  128  182  2  273  106  218  343  172  101 
113  58  84  176  256  212  84  296  174  123  14  52  347  85 
342  107  64  285  226  295  218  15  341  331  260  55  11  333 
267  295  237  197  232  158  112  102  68  143  219  63  279  278 
10  101  201  1  120  67  254  189  60  48  142  356  322  4 
112  119  142  286  303  252  139  202  316  35  208  140  80  262 
301  41  195  226  169  71  34  231  278  210  150  344  276  125 
267  269  124  202  294  88  158  259  125  180  162  57  52  247 
186  68  111  271  90  276  205  11  187  34  207  23  52  219 
217  192  148  83  264  211  79  54  171  251  108  187  69  115 
247  192  180  36  310  274  42  105  10  157  312  40  159  274 
269  114  156  210  296  316  137  46  292  79  156  298  107  121 
241  36  131  256  293  26  300  186  110  234  79  129  282  98 
225  111  130  14  292  160  121  278  216  190  225  35  276  324 
288  174  140  49  281  220  66  233  290  176  337  3  104  330 
220  199  304  126  93  124  181  31  130  7  39  134  165  11 
221  136  287  69  236  83  173  173  294  124  233  66  353  215 
315  35  239  2  252  354  159  156  47  262  234  274  341  159 
261  212  262  261  250  218  33  187  238  165  85  13  221  108 
328  218  52  158  212  272  93  21  319  204  125  351  13  346 
128  287  290  2  32  216  95  113  203  76  95  230  345  283 
301  319  74  91  325  331  26  227  66  160  22  198  102  343 
172  262  268  98  82  190  41  66  212  130  93  241  351  158 
67  99  274  37  315  305  223  208  3  247  345  115  334  200 
47  57  209  40  242  262  319  201  296  8  203  295  47  224 
301  345  35  92  285  214  326  48  7  230  196  355  94  345 
149  209  167  4  121  78  132  267  262  112  82  271  81  152 
95  315  64  317  343  352  223  177  240  336  116  42  323  57 
64  19  210  141  263  332  218  199  12  201  51  6  300  35 
225  316  294  278  319  49  229  221  89  189  351  118  195  323 
275  52  175  308  294  38  290  188  213  27  127  2  55  8 
196  166  63  355  125  161  34  256  157  216  264  115  262  21 
50  105  167  152  136  307  268  196  126  20  76  354  112  187 
38  269  72  357  25  140  306  225  150  246  48  216  252  159 
56  262  4  196  269  186  60  255  237  253  306  139  179  132 
98  291  141  161  332  334  289  24  127  99  147  195  69  17 
357  312  172  356  311  164  244  98  356  22  27  8  35  92 
87  2  260  91  206  196  71  68  190  113  226  21  105  72 
3  262  177  39  80  179  6  296  131  135  287  92  1  333 
175  83  336  168  314  320  118  215  91  236  17  357  49  353 
94  293  116  160  4  277  316  237  144  134  289  186  313  300 
135  176  203  159  220  334  65  20  272  59  6  314  225  86 
272  319  87  220  192  161  284  12  148  259  342  165  295  312 
47  300  331  306  74  175  258  357  142  333  205  119  285  352 
220  206  355  238  328  10  357  261  87  157  77  140  104  269 
316  275  22  209  161  6  13  325  263  320  138  137  286  1 
122  213  247  281  298  287  75  71  208  36  32  235  50  337 
237  223  154  320  42  222  225  14  230  219  7  295  281  240 
126  222  189  101  332  243  335  128  213  160  329  148  333  225 
79  106  96  203  45  167  167  162  39  317  107  305  207  241 
179  281  183  252  326  127  133  260  347  23  160  236  288  212 
123  1  130  338  54  5  180  357  147  177  297  329  226  312 
261  352  284  180  215  185  29  104  94  135  171  282  187  61 
198  147  305  129  66  191  107  130  165  236  341  313  289  195 
65  296  191  48  178  188  111  131  227  285  301  224  277  303 
184  151  15  127  204  349  192  111  318  22  201  172  26  30 
72  181  65  353  331  40  312  152  189  75  175  297  179  289 
154  177  113  308  12  164  26  303  198  263  333  197  292  205 
41  327  69  114  281  219  345  26  164  288  267  11  179  146 
67  94  89  138  191  291  187  7  250  149  262  131  214  190 
59  54  276  13  232  198  331  279  132  24  141  290  60  273 
86  300  20  247  104  321  338  175  353  31  285  138  348  110 
301  355  34  205  329  47  101  183  162  50  222  345  37  297 
88  137  62  131  216  254  41  197  337  44  48  79  115  56 
78  129  151  127  159  252  218  322  28  8  184  22  235  321 
186  77  119  92  281  188  7  6  169  312  83  301  46  285 
337  119  186  124  232  14  177  224  280  84  91  179  113  212 
252  6  254  345  62  110  233  232  126  28  254  77  51  343 
203  123  131  322  167  246  179  325  110  128  149  21  105  350 
50  89  160  185  115  342  128  271  161  16  326  234  349  74 
73  25  339  26  84  18  194  339  175  261  255  114  203  274 
103  214  286  168  314  90  109  354  239  241  94  234  125  62 
215  78  144  147  224  323  222  36  200  338  6  58  30  340 
44  74  243  148  117  186  9  50  254  211  186  226  168  268 
65  7  44  296  137  57  108  14  14  334  276  144  3  249 
234  137  185  174  16  91  173  179  326  347  60  10  239  201 
231  134  83  104  267  96  293  127  98  213  29  189  185  18 
110  212  248  104  346  254  32  13  257  344  24  158  244  2 
286  304  320  262  65  15  224  187  93  263  158  323  109  190 
115  70  85  62  302  353  116  132  311  66  18  349  7  176 
348  56  294  58  28  186  150  9  213  42  57  226  7  56 
135  353  238  13  7  329  129  60  186  153  142  355  268  200 
177  240  191  76  52  197  143  347  87  330  150  196  284  232 
162  145  232  241  65  232  210  279  89  207  194  178  7  168 
272  241  36  160  142  100  357  253  42  264  106  307  220  169 
305  332  225  306  8  168  340  301  44  251  161  47  274  258 
195  123  150  85  352  70  55  192  225  173  17  58  85  338 
46  157  26  46  106  324  340  251  263  73  326  326  216  85 
333  82  217  203  34  54  57  97  183  15  101  20  232  11 
146  29  308  349  61  133  37  154  58  235  273  55  125  196 
6  162  103  322  83  131  179  280  298  41  355  124  282  216 
273  193  303  57  46  84  227  257  40  82  330  48  79  260 
274  302  307  335  1  22  215  45  128  291  153  95  81  68 
74  85  249  165  282  97  320  175  345  204  312  265  108  134 
142  208  112  94  164  64  229  44  61  89  155  208  304  91 
288  348  239  47  117  119  27  165  211  105  203  209  191  101 
14  212  279  2  130  101  111  102  182  95  71  292  92  75 
28  273  54  313  123  243  284  85  261  296  241  309  328  146 
55  343  69  14  219  158  99  254  58  289  60  136  332  43 
154  170  313  339  56  129  193  94  182  312  228  355  96  306 
