200 200 75 179 3986
1 6
1 20
1 45
1 53
1 60
1 62
1 65
1 72
1 78
1 101
1 112
1 123
1 125
1 141
1 152
1 154
1 156
1 157
1 166
1 176
1 183
1 189
1 194
2 4
2 5
2 9
2 15
2 50
2 57
2 68
2 73
2 89
2 90
2 96
2 98
2 119
2 138
2 158
2 162
2 174
2 175
2 176
2 186
2 187
2 198
3 6
3 9
3 10
3 20
3 30
3 32
3 34
3 37
3 41
3 53
3 72
3 73
3 75
3 77
3 84
3 89
3 104
3 107
3 114
3 134
3 149
3 153
3 167
3 183
3 194
3 196
3 197
4 40
4 43
4 51
4 52
4 55
4 62
4 65
4 76
4 93
4 97
4 109
4 119
4 126
4 141
4 147
4 149
4 157
4 162
4 170
4 171
4 185
5 12
5 13
5 39
5 40
5 48
5 58
5 65
5 67
5 77
5 106
5 112
5 131
5 139
5 142
5 167
5 168
5 183
5 189
6 10
6 45
6 46
6 51
6 64
6 71
6 105
6 115
6 120
6 122
6 136
6 146
6 163
6 171
6 181
6 191
6 194
7 4
7 10
7 12
7 25
7 39
7 44
7 64
7 72
7 86
7 96
7 97
7 99
7 101
7 111
7 120
7 123
7 129
7 145
7 154
7 197
8 7
8 16
8 31
8 36
8 37
8 39
8 41
8 60
8 63
8 76
8 92
8 96
8 110
8 117
8 132
8 135
8 147
8 148
8 151
8 155
8 160
8 161
8 166
8 179
8 186
9 9
9 12
9 23
9 24
9 25
9 28
9 36
9 37
9 53
9 57
9 61
9 67
9 72
9 74
9 79
9 83
9 84
9 97
9 114
9 118
9 126
9 137
9 146
9 150
9 152
9 158
9 170
9 173
9 174
9 195
9 197
10 1
10 22
10 25
10 37
10 47
10 88
10 92
10 101
10 107
10 109
10 114
10 119
10 126
10 134
10 153
10 168
10 174
10 179
11 12
11 24
11 32
11 42
11 54
11 64
11 70
11 82
11 84
11 94
11 120
11 125
11 126
11 144
11 145
11 169
11 179
11 186
11 187
11 191
11 196
12 32
12 42
12 48
12 54
12 67
12 81
12 91
12 95
12 112
12 119
12 146
12 149
12 156
12 177
12 181
12 185
12 188
13 4
13 18
13 60
13 67
13 78
13 81
13 94
13 95
13 109
13 125
13 135
13 141
13 143
13 145
13 146
13 150
13 183
13 190
13 192
13 193
14 1
14 7
14 28
14 33
14 57
14 63
14 66
14 84
14 86
14 132
14 135
14 145
14 150
14 182
14 184
14 187
14 193
14 197
15 20
15 26
15 45
15 46
15 47
15 50
15 67
15 72
15 73
15 81
15 82
15 100
15 102
15 107
15 116
15 124
15 169
15 178
15 181
15 182
15 195
15 196
16 22
16 28
16 32
16 38
16 73
16 111
16 115
16 116
16 131
16 133
16 146
16 158
16 192
17 9
17 30
17 36
17 40
17 45
17 46
17 47
17 52
17 57
17 69
17 100
17 103
17 119
17 120
17 137
17 153
17 162
17 182
18 3
18 6
18 13
18 28
18 70
18 75
18 107
18 111
18 121
18 143
18 150
18 164
18 188
18 196
19 6
19 17
19 25
19 32
19 67
19 69
19 70
19 80
19 92
19 100
19 106
19 115
19 136
19 160
19 176
19 183
19 185
19 192
20 18
20 19
20 24
20 45
20 58
20 62
20 71
20 77
20 78
20 79
20 81
20 86
20 90
20 96
20 118
20 121
20 123
20 139
20 154
20 179
20 187
21 9
21 13
21 25
21 30
21 48
21 69
21 89
21 115
21 147
21 153
21 166
21 169
21 172
21 187
21 190
22 3
22 6
22 27
22 31
22 33
22 39
22 42
22 44
22 45
22 58
22 59
22 63
22 66
22 72
22 73
22 75
22 82
22 97
22 114
22 128
22 134
22 148
22 149
22 162
22 175
22 182
22 187
22 196
22 198
23 15
23 19
23 20
23 25
23 28
23 30
23 36
23 38
23 47
23 49
23 57
23 70
23 82
23 88
23 91
23 92
23 101
23 108
23 127
23 138
23 152
23 170
23 188
23 198
24 1
24 4
24 28
24 30
24 38
24 71
24 80
24 100
24 105
24 109
24 119
24 124
24 126
24 130
24 131
24 138
24 160
24 178
24 196
25 15
25 36
25 37
25 44
25 45
25 53
25 68
25 69
25 86
25 92
25 99
25 127
25 142
25 173
25 187
26 4
26 13
26 23
26 24
26 30
26 39
26 53
26 60
26 65
26 76
26 81
26 93
26 110
26 114
26 146
26 167
26 185
26 193
27 6
27 12
27 41
27 43
27 48
27 53
27 58
27 71
27 91
27 101
27 105
27 106
27 134
27 137
27 153
27 163
27 171
27 185
27 192
28 14
28 16
28 24
28 26
28 51
28 52
28 53
28 54
28 55
28 61
28 66
28 68
28 74
28 75
28 81
28 99
28 100
28 120
28 124
28 136
28 140
28 142
28 162
28 167
28 172
28 177
28 181
28 187
29 10
29 17
29 49
29 57
29 72
29 74
29 77
29 80
29 90
29 91
29 109
29 120
29 134
29 144
29 169
29 181
29 189
29 191
29 197
29 200
30 2
30 9
30 10
30 19
30 40
30 46
30 55
30 68
30 70
30 99
30 102
30 111
30 120
30 121
30 124
30 128
30 136
30 139
30 147
30 155
30 161
30 165
30 174
30 175
30 181
30 191
30 194
30 197
31 2
31 5
31 13
31 58
31 62
31 68
31 81
31 85
31 88
31 93
31 99
31 104
31 106
31 122
31 131
31 137
31 138
31 146
31 149
31 161
31 169
31 170
31 173
31 197
32 3
32 32
32 40
32 57
32 61
32 76
32 79
32 89
32 92
32 93
32 123
32 124
32 128
32 132
32 134
32 144
32 148
32 151
32 172
32 182
33 3
33 6
33 7
33 22
33 27
33 28
33 50
33 55
33 75
33 77
33 79
33 93
33 118
33 139
33 143
33 148
33 165
33 182
33 192
33 193
33 194
33 197
34 3
34 10
34 18
34 21
34 32
34 33
34 46
34 48
34 60
34 73
34 75
34 85
34 90
34 101
34 102
34 121
34 129
34 142
34 154
34 157
35 1
35 23
35 26
35 35
35 37
35 50
35 63
35 64
35 88
35 104
35 114
35 116
35 138
35 146
35 147
35 162
35 174
35 177
35 178
35 184
35 197
35 200
36 10
36 13
36 19
36 26
36 45
36 55
36 56
36 75
36 77
36 84
36 94
36 97
36 135
36 137
36 162
36 169
36 173
36 181
37 2
37 6
37 9
37 10
37 18
37 23
37 26
37 32
37 35
37 54
37 58
37 63
37 83
37 89
37 92
37 101
37 104
37 113
37 116
37 132
37 154
37 161
37 162
37 164
37 178
37 179
37 180
37 182
37 191
38 8
38 20
38 21
38 22
38 29
38 34
38 52
38 56
38 73
38 79
38 81
38 93
38 94
38 106
38 109
38 133
38 135
38 143
38 152
38 164
38 172
38 174
38 192
38 194
39 10
39 15
39 16
39 18
39 21
39 23
39 36
39 42
39 70
39 72
39 76
39 88
39 94
39 104
39 149
39 154
39 191
40 14
40 15
40 19
40 27
40 30
40 59
40 62
40 69
40 83
40 99
40 115
40 134
40 175
40 183
40 187
41 3
41 19
41 20
41 27
41 30
41 36
41 38
41 61
41 65
41 67
41 76
41 98
41 116
41 119
41 139
41 145
41 147
41 151
41 182
41 183
41 191
41 193
42 6
42 28
42 35
42 87
42 89
42 93
42 112
42 126
42 128
42 140
42 146
42 162
42 168
42 169
42 170
42 174
42 200
43 2
43 14
43 21
43 29
43 49
43 50
43 70
43 73
43 100
43 104
43 109
43 127
43 131
43 143
43 176
43 189
44 2
44 23
44 43
44 55
44 63
44 72
44 85
44 93
44 109
44 112
44 126
44 132
44 138
44 139
44 161
44 174
44 186
45 10
45 24
45 31
45 40
45 41
45 42
45 60
45 66
45 77
45 109
45 147
45 168
45 173
45 178
45 196
45 199
46 3
46 20
46 32
46 46
46 47
46 53
46 58
46 83
46 86
46 89
46 94
46 105
46 108
46 119
46 129
46 141
46 164
46 174
46 178
47 20
47 21
47 28
47 29
47 42
47 46
47 54
47 72
47 73
47 74
47 88
47 104
47 114
47 115
47 116
47 117
47 124
47 135
47 170
47 191
48 5
48 9
48 10
48 24
48 27
48 31
48 35
48 47
48 49
48 77
48 102
48 115
48 136
48 140
48 142
48 153
48 167
48 170
48 175
48 181
48 191
49 16
49 27
49 29
49 58
49 69
49 81
49 105
49 116
49 143
49 163
49 167
49 177
49 197
50 4
50 5
50 9
50 19
50 35
50 36
50 50
50 54
50 60
50 75
50 81
50 97
50 99
50 115
50 127
50 129
50 154
50 164
50 167
50 174
50 177
50 190
50 193
51 9
51 17
51 24
51 28
51 36
51 37
51 39
51 58
51 62
51 76
51 84
51 87
51 88
51 159
51 167
51 181
51 183
51 191
51 194
52 8
52 14
52 20
52 21
52 23
52 52
52 60
52 71
52 86
52 88
52 89
52 97
52 102
52 104
52 112
52 116
52 118
52 134
52 150
52 157
52 162
52 180
52 187
52 196
53 5
53 10
53 22
53 24
53 25
53 36
53 40
53 44
53 56
53 73
53 94
53 98
53 128
53 132
53 135
53 139
53 144
53 153
53 157
53 160
53 161
53 170
53 173
53 193
53 196
54 9
54 29
54 57
54 69
54 108
54 109
54 118
54 127
54 130
54 142
54 147
54 151
54 153
54 161
54 165
54 172
54 177
54 178
54 179
54 184
54 190
54 192
54 195
54 197
55 13
55 16
55 19
55 39
55 43
55 44
55 49
55 68
55 73
55 80
55 83
55 86
55 93
55 96
55 97
55 104
55 115
55 119
55 127
55 130
55 141
55 165
55 184
55 194
56 4
56 12
56 14
56 16
56 19
56 38
56 51
56 77
56 82
56 101
56 102
56 104
56 115
56 120
56 121
56 143
56 179
56 184
56 199
56 200
57 2
57 27
57 31
57 67
57 68
57 70
57 88
57 96
57 103
57 106
57 111
57 124
57 145
57 146
57 166
57 168
57 180
57 186
58 4
58 27
58 37
58 53
58 60
58 82
58 93
58 97
58 111
58 120
58 124
58 134
58 137
58 149
58 155
58 162
58 163
58 199
59 10
59 15
59 29
59 31
59 36
59 48
59 51
59 54
59 66
59 71
59 83
59 84
59 91
59 96
59 103
59 105
59 111
59 113
59 116
59 127
59 128
59 129
59 146
59 147
59 157
59 172
59 179
59 180
59 193
59 197
59 200
60 13
60 24
60 55
60 60
60 80
60 84
60 102
60 106
60 116
60 121
60 122
60 123
60 126
60 133
60 138
60 166
60 168
60 171
60 180
60 195
60 199
61 7
61 14
61 15
61 24
61 32
61 34
61 52
61 62
61 64
61 69
61 71
61 79
61 89
61 90
61 98
61 113
61 127
61 138
61 145
61 147
61 186
61 191
61 195
62 3
62 6
62 14
62 21
62 34
62 58
62 67
62 93
62 103
62 106
62 115
62 127
62 133
62 156
62 189
62 191
63 3
63 31
63 37
63 80
63 81
63 147
63 152
63 166
63 169
63 172
63 180
64 3
64 18
64 40
64 48
64 55
64 57
64 58
64 62
64 85
64 93
64 95
64 100
64 107
64 111
64 138
64 156
64 174
64 177
64 196
65 10
65 29
65 34
65 38
65 50
65 59
65 63
65 78
65 96
65 97
65 100
65 107
65 121
65 139
65 158
65 166
65 171
65 172
65 173
65 176
65 177
65 189
66 11
66 17
66 28
66 30
66 72
66 74
66 83
66 92
66 97
66 104
66 140
66 182
66 184
66 189
66 195
66 197
66 198
66 200
67 5
67 7
67 16
67 36
67 48
67 62
67 79
67 85
67 89
67 99
67 100
67 106
67 132
67 134
67 140
67 155
67 182
67 186
68 5
68 20
68 24
68 43
68 57
68 58
68 64
68 76
68 85
68 88
68 90
68 97
68 107
68 108
68 117
68 126
68 140
68 159
68 178
68 180
68 182
68 187
68 189
68 193
68 194
69 19
69 41
69 47
69 50
69 69
69 71
69 83
69 91
69 92
69 98
69 100
69 102
69 107
69 115
69 119
69 130
69 131
69 138
69 192
70 22
70 27
70 28
70 30
70 41
70 42
70 49
70 56
70 67
70 106
70 122
70 127
70 151
70 172
70 196
71 6
71 9
71 15
71 25
71 42
71 49
71 52
71 62
71 78
71 84
71 99
71 107
71 146
71 155
71 157
71 160
72 4
72 26
72 55
72 68
72 81
72 83
72 85
72 95
72 122
72 139
72 161
72 171
72 173
72 174
72 188
72 189
73 10
73 27
73 29
73 50
73 62
73 101
73 109
73 114
73 120
73 129
73 143
73 161
73 172
73 173
73 196
74 4
74 32
74 33
74 48
74 84
74 88
74 89
74 94
74 110
74 118
74 119
74 127
74 134
74 139
74 149
74 155
74 162
74 166
74 171
74 172
74 173
74 182
74 195
74 199
76 10
76 14
76 27
76 33
76 44
76 68
76 79
76 122
76 130
76 145
76 168
76 178
76 183
76 185
76 190
76 192
76 197
77 7
77 16
77 17
77 21
77 23
77 26
77 34
77 45
77 55
77 62
77 68
77 103
77 113
77 141
77 144
77 145
77 156
77 158
77 176
77 190
77 196
78 2
78 4
78 19
78 31
78 33
78 56
78 62
78 93
78 116
78 118
78 120
78 122
78 125
78 145
78 147
78 154
78 157
78 159
78 160
78 163
78 165
78 166
78 168
78 175
78 180
78 190
78 195
78 197
79 16
79 24
79 45
79 48
79 49
79 91
79 99
79 132
79 134
79 167
79 171
80 9
80 17
80 34
80 49
80 54
80 76
80 80
80 85
80 100
80 127
80 133
80 134
80 143
80 153
80 155
80 161
80 163
80 184
80 189
81 2
81 7
81 11
81 25
81 31
81 34
81 46
81 55
81 72
81 74
81 80
81 87
81 88
81 98
81 110
81 114
81 115
81 134
81 152
81 165
81 167
81 170
81 174
81 175
81 199
81 200
82 19
82 22
82 45
82 79
82 83
82 112
82 114
82 116
82 126
82 142
82 145
82 171
82 188
82 189
82 191
82 192
82 193
82 194
83 2
83 9
83 14
83 16
83 19
83 22
83 25
83 44
83 48
83 52
83 58
83 69
83 80
83 102
83 142
83 144
83 173
84 34
84 36
84 50
84 67
84 87
84 97
84 99
84 103
84 129
84 143
84 148
84 153
84 156
84 163
84 178
84 181
84 182
84 186
84 188
84 192
84 198
85 1
85 35
85 39
85 53
85 54
85 55
85 62
85 71
85 76
85 99
85 101
85 109
85 125
85 128
85 129
85 173
85 181
85 190
85 194
86 2
86 30
86 34
86 41
86 53
86 54
86 59
86 63
86 66
86 67
86 68
86 77
86 81
86 109
86 128
86 142
86 147
86 169
86 175
86 183
87 14
87 18
87 54
87 56
87 61
87 68
87 80
87 81
87 83
87 91
87 107
87 113
87 114
87 125
87 126
87 135
87 160
87 162
87 164
87 172
87 173
87 177
87 182
87 191
87 192
87 198
88 1
88 7
88 10
88 35
88 37
88 41
88 47
88 56
88 60
88 71
88 76
88 83
88 92
88 93
88 104
88 109
88 116
88 188
89 9
89 35
89 38
89 41
89 46
89 56
89 58
89 61
89 62
89 65
89 74
89 104
89 106
89 109
89 110
89 114
89 116
89 117
89 137
89 151
89 154
89 158
89 182
89 185
89 190
89 191
90 4
90 14
90 17
90 34
90 35
90 42
90 56
90 62
90 70
90 74
90 78
90 79
90 85
90 87
90 96
90 97
90 103
90 123
90 133
90 150
90 156
90 157
90 193
91 3
91 9
91 11
91 50
91 70
91 80
91 81
91 83
91 88
91 96
91 115
91 126
91 135
91 137
91 146
91 152
91 185
91 195
92 1
92 11
92 29
92 33
92 39
92 68
92 80
92 91
92 104
92 111
92 116
92 132
92 145
92 146
92 149
92 152
92 166
92 174
92 175
92 182
92 193
92 199
93 2
93 8
93 18
93 60
93 71
93 98
93 105
93 130
93 131
93 135
93 142
93 151
93 177
93 189
93 197
94 8
94 9
94 13
94 15
94 28
94 32
94 33
94 61
94 120
94 125
94 128
94 156
94 164
94 175
94 187
94 191
95 30
95 40
95 43
95 47
95 56
95 63
95 74
95 81
95 89
95 117
95 151
95 158
95 165
95 172
95 173
95 179
95 190
95 197
96 27
96 35
96 36
96 37
96 51
96 66
96 73
96 78
96 88
96 89
96 97
96 105
96 111
96 114
96 143
96 165
97 3
97 16
97 24
97 37
97 44
97 46
97 48
97 66
97 80
97 83
97 100
97 101
97 110
97 135
97 157
97 161
97 164
97 166
97 167
97 178
97 182
97 190
97 192
97 195
97 200
98 15
98 19
98 29
98 33
98 35
98 36
98 46
98 57
98 64
98 67
98 71
98 85
98 86
98 88
98 89
98 93
98 114
98 121
98 125
98 128
98 129
98 135
98 153
98 158
98 170
98 175
98 193
98 194
99 8
99 26
99 38
99 45
99 49
99 55
99 58
99 74
99 93
99 114
99 116
99 119
99 125
99 150
99 156
100 1
100 3
100 4
100 17
100 22
100 41
100 43
100 45
100 55
100 56
100 62
100 87
100 97
100 103
100 135
100 140
100 149
100 162
100 174
100 185
100 191
100 192
101 8
101 49
101 57
101 60
101 61
101 71
101 77
101 80
101 91
101 98
101 112
101 132
101 139
101 157
101 166
101 168
101 171
101 177
101 194
101 196
102 2
102 25
102 38
102 39
102 43
102 45
102 48
102 49
102 74
102 92
102 97
102 101
102 153
102 164
102 166
102 169
102 171
102 179
102 182
102 185
102 188
102 196
103 10
103 11
103 18
103 21
103 32
103 41
103 42
103 55
103 58
103 61
103 83
103 94
103 95
103 98
103 102
103 109
103 120
103 167
103 189
103 192
104 13
104 26
104 32
104 33
104 40
104 55
104 69
104 85
104 103
104 105
104 123
104 127
104 130
104 135
104 148
104 150
104 152
104 198
105 20
105 23
105 26
105 28
105 44
105 49
105 73
105 99
105 127
105 131
105 135
105 143
105 145
105 163
105 174
105 182
105 185
106 8
106 11
106 54
106 60
106 66
106 75
106 76
106 77
106 99
106 123
106 133
106 146
106 165
106 168
106 171
106 178
106 179
106 198
107 17
107 20
107 25
107 33
107 41
107 60
107 69
107 76
107 87
107 92
107 115
107 135
107 154
107 157
107 163
108 28
108 31
108 37
108 55
108 56
108 64
108 68
108 70
108 73
108 78
108 88
108 94
108 115
108 116
108 123
108 129
108 138
108 142
108 145
108 149
108 163
108 174
108 181
108 183
108 198
108 199
109 7
109 35
109 81
109 99
109 101
109 118
109 146
109 179
109 193
109 196
110 6
110 19
110 21
110 23
110 26
110 41
110 63
110 66
110 69
110 82
110 92
110 94
110 114
110 125
110 157
110 159
110 160
110 164
110 169
110 179
110 182
110 188
111 18
111 33
111 37
111 45
111 78
111 79
111 82
111 88
111 89
111 103
111 105
111 113
111 122
111 124
111 136
111 148
111 167
111 183
111 198
112 19
112 33
112 41
112 47
112 59
112 60
112 65
112 76
112 77
112 98
112 130
112 136
112 149
112 151
112 160
112 169
112 177
112 181
112 184
112 192
113 2
113 6
113 11
113 16
113 17
113 32
113 38
113 60
113 66
113 74
113 97
113 120
113 134
113 142
113 146
113 151
113 153
113 156
113 167
113 175
113 183
113 190
114 4
114 6
114 19
114 24
114 27
114 31
114 55
114 73
114 101
114 112
114 120
114 147
114 152
114 181
114 185
114 194
115 14
115 25
115 40
115 72
115 73
115 87
115 105
115 119
115 120
115 128
115 147
115 149
115 150
115 165
115 166
115 173
115 177
115 180
115 181
115 184
115 200
116 12
116 21
116 25
116 39
116 53
116 60
116 69
116 79
116 80
116 82
116 83
116 105
116 136
116 140
116 146
116 149
116 150
116 153
116 154
116 158
116 166
116 168
116 173
116 176
116 180
116 192
116 198
117 21
117 23
117 27
117 66
117 69
117 76
117 84
117 98
117 103
117 106
117 112
117 114
117 134
117 142
117 144
117 146
117 154
117 157
117 160
117 165
117 179
118 3
118 8
118 16
118 25
118 28
118 34
118 37
118 44
118 74
118 128
118 151
118 163
118 178
119 3
119 4
119 5
119 21
119 27
119 29
119 31
119 42
119 48
119 50
119 53
119 60
119 61
119 66
119 73
119 76
119 84
119 88
119 93
119 97
119 107
119 113
119 127
119 136
119 143
119 170
119 197
120 6
120 8
120 11
120 30
120 33
120 62
120 104
120 108
120 131
120 142
120 160
120 178
120 179
120 184
120 191
120 194
120 198
121 4
121 6
121 47
121 55
121 83
121 98
121 100
121 110
121 124
121 131
121 144
121 149
121 152
121 157
121 158
121 161
121 164
121 175
121 182
122 13
122 17
122 18
122 19
122 24
122 34
122 39
122 42
122 66
122 76
122 82
122 89
122 101
122 103
122 106
122 107
122 114
122 133
122 143
122 157
122 169
122 170
122 195
123 8
123 15
123 21
123 25
123 33
123 38
123 53
123 55
123 56
123 68
123 74
123 81
123 102
123 104
123 108
123 112
123 114
123 115
123 119
123 123
123 126
123 159
123 182
123 184
123 185
123 186
124 7
124 12
124 19
124 22
124 27
124 28
124 30
124 58
124 60
124 72
124 100
124 102
124 106
124 114
124 133
124 155
124 161
124 166
124 184
124 192
125 1
125 13
125 18
125 28
125 30
125 33
125 47
125 86
125 102
125 129
125 139
125 151
125 169
125 175
125 192
126 1
126 4
126 5
126 23
126 41
126 66
126 70
126 84
126 85
126 91
126 106
126 107
126 115
126 119
126 127
126 129
126 160
126 162
126 164
126 174
126 193
127 22
127 37
127 41
127 46
127 72
127 74
127 100
127 102
127 115
127 124
127 126
127 129
127 139
127 144
127 178
127 183
127 192
128 5
128 7
128 11
128 14
128 19
128 25
128 29
128 33
128 35
128 45
128 56
128 72
128 73
128 86
128 88
128 90
128 104
128 112
128 124
128 128
128 141
128 152
128 186
128 191
128 199
129 3
129 7
129 10
129 24
129 84
129 99
129 105
129 113
129 116
129 135
129 140
129 166
129 178
129 181
129 200
130 4
130 17
130 24
130 30
130 40
130 52
130 53
130 57
130 58
130 79
130 82
130 83
130 87
130 90
130 93
130 95
130 100
130 111
130 115
130 129
130 145
130 152
130 154
130 157
130 170
130 175
130 186
130 194
131 2
131 5
131 32
131 45
131 49
131 50
131 65
131 71
131 96
131 98
131 106
131 140
131 166
131 169
131 170
132 21
132 42
132 48
132 49
132 51
132 55
132 73
132 74
132 75
132 86
132 90
132 93
132 117
132 125
132 143
132 163
132 165
132 166
132 177
132 182
132 191
132 196
133 9
133 20
133 24
133 25
133 59
133 66
133 70
133 74
133 99
133 104
133 113
133 115
133 136
133 161
133 170
133 172
133 173
133 185
133 187
133 194
133 200
134 3
134 16
134 30
134 32
134 53
134 54
134 71
134 82
134 88
134 92
134 97
134 98
134 99
134 104
134 111
134 121
134 129
134 131
134 137
134 138
134 153
134 154
134 160
134 177
134 199
135 3
135 17
135 25
135 33
135 41
135 60
135 85
135 91
135 95
135 101
135 110
135 112
135 113
135 131
135 143
135 154
135 171
135 178
135 180
135 186
135 199
136 20
136 23
136 24
136 32
136 33
136 39
136 42
136 55
136 63
136 80
136 89
136 90
136 103
136 104
136 123
136 134
136 140
136 162
136 191
137 1
137 27
137 29
137 30
137 33
137 45
137 55
137 67
137 68
137 91
137 118
137 125
137 139
137 140
137 141
137 150
137 166
137 168
137 171
137 174
137 179
137 180
137 186
138 51
138 52
138 53
138 64
138 70
138 79
138 87
138 101
138 121
138 142
138 160
138 165
138 183
139 15
139 32
139 36
139 50
139 58
139 69
139 71
139 76
139 101
139 129
139 145
139 149
139 154
139 167
139 190
140 1
140 11
140 26
140 30
140 66
140 67
140 70
140 83
140 99
140 109
140 112
140 131
140 134
140 152
140 180
140 183
140 184
141 7
141 54
141 61
141 65
141 79
141 86
141 88
141 97
141 121
141 125
141 131
141 136
141 144
141 151
141 156
141 175
141 183
141 196
142 2
142 7
142 56
142 73
142 74
142 99
142 110
142 120
142 131
142 143
142 145
142 152
142 157
142 161
142 165
142 173
142 186
142 188
142 197
142 198
143 3
143 7
143 23
143 32
143 38
143 46
143 49
143 74
143 79
143 85
143 98
143 104
143 117
143 121
143 127
143 134
143 147
143 150
143 155
143 159
143 169
143 173
143 188
143 189
144 14
144 24
144 46
144 52
144 75
144 76
144 102
144 108
144 122
144 150
144 152
144 153
144 154
144 157
144 188
144 200
145 2
145 35
145 40
145 41
145 51
145 72
145 77
145 88
145 90
145 94
145 96
145 97
145 106
145 127
145 129
145 130
145 133
145 139
145 190
146 4
146 7
146 10
146 11
146 25
146 32
146 34
146 35
146 44
146 50
146 60
146 61
146 67
146 69
146 103
146 112
146 120
146 122
146 150
146 154
146 155
146 160
146 165
146 176
147 10
147 12
147 59
147 84
147 85
147 88
147 91
147 115
147 124
147 131
147 146
147 150
147 159
147 175
147 179
147 188
147 198
148 11
148 28
148 32
148 33
148 50
148 63
148 76
148 81
148 89
148 92
148 94
148 96
148 101
148 105
148 106
148 136
148 152
148 154
148 161
148 170
148 182
148 185
149 2
149 57
149 63
149 67
149 72
149 75
149 87
149 91
149 103
149 119
149 124
149 127
149 143
149 183
149 194
150 21
150 39
150 40
150 42
150 51
150 63
150 76
150 77
150 88
150 95
150 108
150 115
150 121
150 128
150 138
150 145
150 158
150 165
150 166
150 177
150 195
151 14
151 20
151 21
151 26
151 40
151 58
151 61
151 84
151 94
151 99
151 112
151 115
151 119
151 126
151 130
151 132
151 134
151 141
151 145
151 167
152 1
152 12
152 27
152 34
152 42
152 49
152 59
152 60
152 70
152 73
152 76
152 89
152 92
152 113
152 114
152 122
152 124
152 127
152 153
152 174
152 176
152 186
153 1
153 19
153 25
153 42
153 57
153 58
153 59
153 70
153 73
153 107
153 112
153 114
153 118
153 122
153 136
153 148
153 150
153 153
153 173
153 177
153 178
153 179
154 23
154 24
154 38
154 45
154 66
154 67
154 78
154 89
154 112
154 115
154 121
154 142
154 178
154 188
154 192
155 1
155 6
155 15
155 18
155 20
155 43
155 47
155 51
155 67
155 73
155 74
155 79
155 81
155 90
155 93
155 112
155 121
155 122
155 130
155 137
155 146
155 164
155 194
155 198
155 199
156 4
156 12
156 32
156 39
156 44
156 54
156 57
156 66
156 71
156 78
156 115
156 122
156 123
156 130
156 134
156 140
156 172
156 177
156 196
157 1
157 5
157 6
157 15
157 41
157 72
157 76
157 80
157 81
157 91
157 95
157 101
157 105
157 108
157 123
157 139
157 142
157 156
157 166
157 173
157 184
157 195
157 196
157 198
158 41
158 46
158 52
158 55
158 94
158 105
158 106
158 112
158 147
158 168
158 185
158 191
159 1
159 16
159 18
159 38
159 56
159 58
159 91
159 113
159 116
159 118
159 123
159 125
159 134
159 139
159 160
159 173
159 176
159 178
159 180
159 186
160 11
160 18
160 20
160 27
160 29
160 36
160 37
160 42
160 44
160 88
160 92
160 112
160 118
160 123
160 138
160 145
160 158
160 161
160 162
160 170
160 172
160 176
160 193
160 197
160 199
160 200
161 26
161 28
161 36
161 51
161 63
161 68
161 71
161 86
161 97
161 99
161 110
161 130
161 138
161 148
161 155
161 156
161 168
161 174
161 186
161 187
161 190
161 200
162 1
162 2
162 3
162 12
162 17
162 27
162 35
162 37
162 47
162 55
162 61
162 71
162 74
162 77
162 99
162 104
162 115
162 131
162 133
162 144
162 145
162 157
162 168
162 198
163 3
163 23
163 55
163 58
163 73
163 89
163 97
163 104
163 108
163 134
163 140
163 169
163 176
163 179
163 180
163 181
163 191
163 192
163 194
164 36
164 41
164 42
164 43
164 49
164 54
164 60
164 61
164 76
164 80
164 91
164 97
164 107
164 127
164 165
164 183
164 194
164 198
165 2
165 4
165 15
165 20
165 28
165 38
165 58
165 61
165 82
165 84
165 85
165 89
165 91
165 121
165 127
165 131
165 132
165 143
165 144
165 148
165 150
165 153
165 159
165 200
166 26
166 36
166 64
166 68
166 74
166 143
166 147
166 150
166 156
166 158
166 161
166 167
166 169
166 182
166 183
166 195
167 9
167 12
167 13
167 24
167 25
167 35
167 42
167 56
167 58
167 64
167 69
167 76
167 91
167 93
167 115
167 123
167 126
167 133
167 153
167 165
167 170
167 174
167 175
167 180
167 183
167 190
168 4
168 7
168 22
168 36
168 39
168 41
168 44
168 46
168 48
168 54
168 71
168 80
168 98
168 99
168 109
168 110
168 141
168 143
168 172
168 191
168 193
169 33
169 45
169 52
169 53
169 54
169 55
169 68
169 102
169 104
169 107
169 111
169 119
169 134
169 137
169 148
169 153
169 156
169 162
169 188
169 190
169 200
170 14
170 21
170 25
170 39
170 44
170 56
170 80
170 101
170 105
170 109
170 123
170 138
170 139
170 147
170 151
170 152
170 154
170 178
170 179
170 181
171 8
171 12
171 17
171 35
171 36
171 43
171 54
171 55
171 62
171 71
171 72
171 98
171 104
171 112
171 118
171 124
171 127
171 142
171 169
171 176
171 183
172 3
172 7
172 27
172 30
172 31
172 36
172 37
172 52
172 73
172 75
172 82
172 102
172 110
172 125
172 132
172 134
172 142
172 161
172 163
172 166
172 171
172 179
172 180
173 49
173 67
173 69
173 105
173 128
173 154
173 161
173 166
173 198
174 7
174 12
174 13
174 30
174 36
174 44
174 46
174 47
174 58
174 60
174 81
174 98
174 100
174 105
174 129
174 132
174 138
174 151
174 175
174 185
174 193
174 197
175 35
175 36
175 44
175 49
175 51
175 55
175 57
175 68
175 74
175 78
175 81
175 85
175 99
175 106
175 110
175 119
175 124
175 136
175 151
175 152
175 160
175 168
175 188
176 11
176 14
176 22
176 34
176 45
176 65
176 75
176 77
176 85
176 91
176 111
176 121
176 122
176 160
176 186
176 194
176 200
177 5
177 12
177 17
177 28
177 31
177 47
177 55
177 56
177 58
177 62
177 79
177 91
177 100
177 101
177 107
177 111
177 121
177 133
177 137
177 150
177 164
177 165
177 179
177 186
177 193
177 199
178 2
178 71
178 72
178 73
178 80
178 86
178 87
178 96
178 98
178 113
178 124
178 198
179 12
179 29
179 45
179 47
179 67
179 73
179 75
179 77
179 99
179 100
179 110
179 134
179 136
179 142
179 153
179 164
179 165
179 181
179 190
180 35
180 52
180 60
180 63
180 68
180 78
180 106
180 115
180 116
180 117
180 184
180 195
180 196
180 200
181 12
181 16
181 27
181 29
181 42
181 44
181 46
181 58
181 64
181 67
181 74
181 76
181 81
181 98
181 132
181 137
181 149
181 173
181 185
182 14
182 24
182 25
182 65
182 85
182 92
182 102
182 106
182 107
182 110
182 130
182 134
182 146
182 149
182 155
182 187
182 198
183 20
183 36
183 46
183 59
183 66
183 72
183 87
183 97
183 99
183 102
183 103
183 109
183 121
183 124
183 128
183 139
183 141
183 156
183 157
183 181
183 183
183 188
184 8
184 29
184 41
184 42
184 44
184 50
184 61
184 66
184 70
184 80
184 87
184 92
184 104
184 132
184 156
184 160
184 162
184 166
184 173
184 178
184 181
185 7
185 20
185 28
185 33
185 35
185 39
185 40
185 41
185 46
185 50
185 56
185 61
185 75
185 79
185 84
185 88
185 97
185 98
185 109
185 110
185 125
185 131
185 135
185 136
185 151
185 184
185 189
186 14
186 40
186 44
186 45
186 47
186 50
186 53
186 56
186 58
186 59
186 81
186 84
186 93
186 114
186 119
186 120
186 134
186 144
186 146
186 185
186 187
186 199
187 34
187 46
187 51
187 62
187 77
187 87
187 92
187 159
187 164
187 170
187 173
187 194
188 4
188 22
188 28
188 39
188 40
188 94
188 103
188 113
188 114
188 115
188 135
188 147
188 171
188 173
188 200
189 10
189 22
189 74
189 86
189 93
189 103
189 114
189 118
189 119
189 130
189 145
189 146
189 152
189 161
189 170
189 171
189 182
189 188
189 193
190 2
190 7
190 30
190 35
190 39
190 50
190 68
190 74
190 91
190 106
190 116
190 137
190 147
190 150
190 180
190 186
190 191
190 194
190 195
191 6
191 7
191 16
191 56
191 58
191 73
191 76
191 106
191 129
191 131
191 132
191 138
191 141
191 155
191 157
191 172
191 180
191 181
191 185
191 188
192 26
192 32
192 38
192 62
192 63
192 107
192 109
192 113
192 130
192 131
192 139
192 144
192 150
192 169
192 171
192 174
192 177
192 191
192 193
193 9
193 10
193 30
193 33
193 41
193 43
193 61
193 62
193 76
193 82
193 83
193 90
193 112
193 149
193 153
193 158
193 174
193 175
193 196
193 199
193 200
194 8
194 33
194 43
194 55
194 67
194 94
194 97
194 107
194 113
194 117
194 118
194 126
194 134
194 142
194 148
194 151
194 158
194 177
194 190
194 198
194 200
195 1
195 17
195 20
195 43
195 45
195 47
195 49
195 60
195 73
195 81
195 87
195 97
195 113
195 122
195 123
195 137
195 138
195 146
195 151
195 163
195 178
195 182
195 187
196 10
196 15
196 30
196 32
196 39
196 63
196 90
196 96
196 117
196 137
196 145
196 156
196 166
196 172
196 181
196 186
196 197
196 198
197 10
197 39
197 56
197 57
197 62
197 71
197 73
197 80
197 92
197 119
197 125
197 130
197 136
197 138
197 142
197 144
197 146
197 161
197 166
197 177
197 179
198 1
198 7
198 13
198 27
198 37
198 59
198 60
198 62
198 65
198 74
198 85
198 86
198 87
198 93
198 97
198 100
198 122
198 145
198 148
198 162
198 174
198 183
198 197
199 20
199 24
199 27
199 34
199 38
199 72
199 78
199 82
199 87
199 113
199 125
199 138
199 166
199 168
199 170
199 174
199 177
199 179
199 180
199 197
200 20
200 28
200 34
200 46
200 63
200 69
200 82
200 102
200 106
200 107
200 126
200 129
200 143
200 146
200 160
200 171
200 175
200 196
