200 200 115 106 541
53 155
53 156
53 157
53 158
53 159
53 160
53 161
53 162
53 163
53 164
53 165
53 166
53 167
53 168
53 169
53 170
53 171
53 172
53 173
53 174
53 175
53 176
53 177
53 178
53 179
53 180
53 181
53 182
53 183
54 154
54 155
54 183
54 184
55 153
55 154
55 184
55 185
56 152
56 153
56 185
56 186
57 151
57 152
57 186
57 187
58 150
58 151
58 187
58 188
59 149
59 150
59 188
59 189
60 148
60 149
60 189
60 190
61 147
61 148
61 190
61 191
62 146
62 147
62 191
62 192
63 145
63 146
63 192
63 193
64 144
64 145
64 193
64 194
65 143
65 144
65 194
65 195
66 142
66 143
66 195
67 141
67 142
67 195
68 140
68 141
68 195
69 139
69 140
69 195
70 138
70 139
70 195
71 137
71 138
71 195
72 136
72 137
72 195
73 135
73 136
73 195
74 134
74 135
74 195
75 133
75 134
75 195
76 132
76 133
76 195
77 131
77 132
77 195
78 130
78 131
78 195
79 129
79 130
79 195
80 128
80 129
80 195
81 127
81 128
81 195
82 126
82 127
82 195
83 125
83 126
83 194
83 195
84 124
84 125
84 193
84 194
85 123
85 124
85 192
85 193
86 122
86 123
86 192
87 121
87 122
87 192
88 120
88 121
88 192
89 119
89 120
89 192
90 118
90 119
90 192
91 117
91 118
91 192
92 116
92 117
92 192
93 115
93 116
93 192
94 114
94 115
94 192
95 113
95 114
95 192
96 112
96 113
96 192
97 111
97 112
97 192
98 110
98 111
98 192
99 109
99 110
99 192
100 108
100 109
100 192
101 107
101 108
101 192
102 106
102 107
102 192
103 105
103 106
103 192
104 104
104 105
104 192
105 103
105 104
105 192
106 102
106 103
106 192
107 101
107 102
107 192
108 100
108 101
108 192
109 99
109 100
109 192
110 98
110 99
110 192
111 97
111 98
111 192
112 96
112 97
112 192
113 95
113 96
113 192
114 94
114 95
114 192
115 93
115 94
115 192
116 92
116 93
116 192
117 91
117 92
117 192
118 90
118 91
118 192
119 89
119 90
119 192
120 88
120 89
120 192
121 87
121 88
121 192
122 86
122 87
122 192
123 85
123 86
123 192
124 84
124 85
124 192
125 83
125 84
125 192
126 82
126 83
126 192
127 81
127 82
127 192
128 80
128 81
128 192
129 79
129 80
129 192
130 78
130 79
130 192
131 77
131 78
131 192
132 76
132 77
132 192
133 75
133 76
133 192
134 74
134 75
134 192
135 73
135 74
135 192
136 72
136 73
136 192
137 71
137 72
137 192
138 70
138 71
138 192
139 69
139 70
139 192
140 68
140 69
140 191
140 192
141 67
141 68
141 190
141 191
142 66
142 67
142 189
142 190
143 65
143 66
143 188
143 189
144 64
144 65
144 187
144 188
145 63
145 64
145 186
145 187
146 62
146 63
146 185
146 186
147 61
147 62
147 184
147 185
148 60
148 61
148 62
148 63
148 64
148 65
148 66
148 67
148 68
148 183
148 184
149 68
149 69
149 182
149 183
150 69
150 70
150 181
150 182
151 70
151 71
151 180
151 181
152 71
152 72
152 179
152 180
153 72
153 73
153 178
153 179
154 73
154 74
154 177
154 178
155 74
155 75
155 176
155 177
156 75
156 76
156 175
156 176
157 76
157 77
157 174
157 175
158 77
158 78
158 173
158 174
159 78
159 79
159 172
159 173
160 79
160 80
160 171
160 172
161 80
161 81
161 170
161 171
162 81
162 82
162 169
162 170
163 82
163 83
163 168
163 169
164 83
164 84
164 167
164 168
165 84
165 85
165 166
165 167
166 85
166 86
166 165
166 166
167 86
167 87
167 164
167 165
168 87
168 88
168 163
168 164
169 88
169 89
169 162
169 163
170 89
170 90
170 161
170 162
171 90
171 91
171 160
171 161
172 91
172 92
172 159
172 160
173 92
173 93
173 158
173 159
174 93
174 94
174 157
174 158
175 94
175 95
175 156
175 157
176 95
176 96
176 155
176 156
177 96
177 97
177 154
177 155
178 97
178 98
178 153
178 154
179 98
179 99
179 152
179 153
180 99
180 100
180 151
180 152
181 100
181 101
181 150
181 151
182 101
182 102
182 149
182 150
183 102
183 103
183 148
183 149
184 103
184 104
184 147
184 148
185 104
185 105
185 146
185 147
186 105
186 106
186 145
186 146
187 106
187 107
187 144
187 145
188 107
188 108
188 143
188 144
189 108
189 109
189 110
189 111
189 112
189 113
189 114
189 115
189 116
189 117
189 118
189 119
189 120
189 121
189 122
189 123
189 124
189 125
189 126
189 127
189 128
189 129
189 130
189 131
189 132
189 133
189 134
189 135
189 136
189 137
189 138
189 139
189 140
189 141
189 142
189 143
