200 200 182 101 3998
1 3
1 15
1 31
1 35
1 48
1 62
1 96
1 98
1 101
1 103
1 107
1 113
1 121
1 130
1 154
1 175
1 181
1 182
1 185
2 3
2 4
2 10
2 15
2 22
2 37
2 56
2 77
2 83
2 88
2 106
2 109
2 122
2 124
2 127
2 149
2 151
2 160
2 164
2 186
2 194
2 200
3 17
3 28
3 31
3 33
3 56
3 66
3 68
3 89
3 94
3 103
3 128
3 130
3 131
3 136
3 143
3 155
3 162
3 166
3 172
3 179
3 182
4 6
4 58
4 74
4 76
4 81
4 88
4 100
4 106
4 119
4 153
4 164
4 181
5 7
5 23
5 33
5 38
5 40
5 43
5 54
5 59
5 73
5 89
5 94
5 101
5 104
5 106
5 117
5 136
5 146
5 147
5 166
5 194
5 195
6 6
6 19
6 36
6 43
6 49
6 62
6 68
6 81
6 83
6 87
6 130
6 155
6 170
6 182
6 184
6 193
6 198
7 15
7 16
7 22
7 28
7 40
7 44
7 52
7 72
7 73
7 86
7 117
7 120
7 121
7 125
7 130
7 133
7 140
7 155
7 156
7 165
7 168
7 176
8 5
8 17
8 18
8 50
8 64
8 88
8 99
8 121
8 122
8 123
8 125
8 152
8 166
8 167
8 170
8 174
8 181
8 197
9 29
9 40
9 47
9 49
9 64
9 73
9 77
9 84
9 89
9 93
9 117
9 125
9 129
9 137
9 138
9 143
9 144
9 175
9 178
9 185
9 197
10 15
10 23
10 29
10 30
10 41
10 42
10 52
10 53
10 94
10 107
10 141
10 168
11 3
11 10
11 19
11 38
11 47
11 51
11 52
11 68
11 72
11 75
11 80
11 86
11 91
11 113
11 117
11 123
11 130
11 132
11 141
11 165
11 166
11 169
11 185
11 197
11 200
12 13
12 20
12 45
12 54
12 58
12 63
12 70
12 72
12 77
12 79
12 90
12 123
12 134
12 141
12 143
12 152
12 156
12 163
12 177
12 190
12 200
13 2
13 8
13 16
13 27
13 36
13 43
13 54
13 60
13 67
13 99
13 114
13 122
13 145
13 148
13 177
13 187
13 190
14 11
14 18
14 25
14 26
14 27
14 32
14 60
14 76
14 86
14 93
14 124
14 132
14 143
14 148
14 149
14 158
14 161
14 166
14 170
14 174
14 196
15 6
15 23
15 33
15 34
15 38
15 70
15 76
15 77
15 90
15 92
15 109
15 117
15 119
15 123
15 131
15 133
15 137
15 183
16 1
16 2
16 5
16 17
16 19
16 38
16 41
16 45
16 48
16 57
16 62
16 79
16 98
16 100
16 103
16 112
16 117
16 143
16 145
16 159
16 164
16 165
16 166
16 177
16 186
16 189
16 195
16 196
17 19
17 20
17 39
17 44
17 45
17 70
17 77
17 101
17 103
17 104
17 130
17 132
17 150
17 166
17 175
17 184
17 189
17 194
18 8
18 29
18 30
18 38
18 62
18 63
18 84
18 85
18 107
18 117
18 129
18 161
18 169
18 175
18 180
18 188
19 40
19 43
19 51
19 53
19 54
19 62
19 65
19 93
19 99
19 104
19 109
19 119
19 125
19 127
19 138
19 142
19 147
19 156
19 158
19 165
19 167
19 168
19 192
19 198
19 200
20 32
20 33
20 34
20 44
20 63
20 65
20 88
20 91
20 94
20 107
20 113
20 119
20 136
20 141
20 165
20 171
20 182
20 192
21 4
21 7
21 29
21 31
21 36
21 51
21 52
21 60
21 62
21 83
21 115
21 126
21 151
21 152
21 162
21 167
21 168
21 172
21 186
22 2
22 5
22 24
22 28
22 36
22 41
22 62
22 63
22 73
22 76
22 77
22 85
22 95
22 133
22 138
22 155
22 163
22 176
22 195
22 196
23 5
23 11
23 29
23 63
23 64
23 118
23 120
23 124
23 128
23 133
23 152
23 159
23 165
23 181
23 183
23 191
23 192
23 196
24 6
24 12
24 16
24 34
24 36
24 38
24 55
24 103
24 112
24 136
24 138
24 141
24 177
24 185
24 190
24 196
25 30
25 40
25 43
25 44
25 45
25 63
25 79
25 108
25 112
25 114
25 123
25 128
25 133
25 139
25 140
25 156
25 169
25 171
25 175
25 186
26 3
26 8
26 11
26 14
26 28
26 33
26 95
26 112
26 124
26 128
26 135
26 140
26 141
26 148
26 152
26 189
26 190
27 12
27 16
27 19
27 22
27 35
27 38
27 46
27 53
27 69
27 89
27 121
27 141
27 144
27 148
27 170
27 181
27 190
27 197
28 5
28 28
28 36
28 42
28 43
28 44
28 46
28 55
28 65
28 75
28 80
28 107
28 110
28 111
28 136
28 141
28 146
28 147
28 150
28 178
28 195
29 12
29 24
29 25
29 29
29 42
29 51
29 62
29 65
29 67
29 70
29 99
29 121
29 133
29 138
29 140
29 156
29 166
29 167
29 169
29 192
29 196
30 12
30 22
30 26
30 28
30 33
30 52
30 54
30 59
30 61
30 71
30 75
30 76
30 90
30 119
30 148
30 153
30 162
30 167
30 168
30 176
30 178
30 179
30 191
30 199
31 9
31 28
31 47
31 54
31 60
31 75
31 101
31 110
31 117
31 121
31 124
31 133
31 144
31 168
31 200
32 12
32 22
32 33
32 45
32 61
32 66
32 69
32 74
32 78
32 84
32 112
32 129
32 133
32 138
32 144
32 170
32 173
32 174
32 190
32 195
32 197
32 199
33 14
33 16
33 22
33 25
33 38
33 43
33 51
33 61
33 70
33 91
33 114
33 128
33 129
33 136
33 138
33 154
33 187
33 190
33 191
34 38
34 73
34 90
34 109
34 111
34 139
34 151
34 163
34 167
34 170
34 180
34 191
34 192
34 193
34 198
35 21
35 32
35 49
35 57
35 58
35 74
35 105
35 151
35 161
35 175
35 184
35 199
36 26
36 27
36 33
36 34
36 55
36 65
36 66
36 77
36 81
36 91
36 97
36 102
36 136
36 141
36 148
36 150
36 178
36 183
36 193
37 28
37 39
37 46
37 48
37 51
37 58
37 62
37 97
37 108
37 121
37 122
37 142
37 149
37 162
37 163
37 164
37 183
37 185
37 191
37 192
38 19
38 32
38 48
38 52
38 77
38 83
38 88
38 89
38 113
38 148
38 160
38 162
38 165
38 166
38 170
38 180
38 184
39 2
39 26
39 52
39 60
39 63
39 77
39 104
39 109
39 110
39 126
39 138
39 145
39 151
39 169
39 195
40 9
40 11
40 19
40 21
40 23
40 42
40 45
40 53
40 54
40 68
40 78
40 80
40 81
40 84
40 103
40 108
40 110
40 115
40 116
40 131
40 137
40 148
40 151
40 160
40 165
40 166
40 171
40 180
40 184
41 12
41 18
41 33
41 35
41 38
41 51
41 70
41 76
41 94
41 111
41 125
41 149
41 153
41 156
41 182
41 187
41 199
42 13
42 25
42 30
42 38
42 39
42 54
42 68
42 84
42 88
42 98
42 106
42 115
42 130
42 132
42 137
42 141
42 143
42 146
42 162
42 165
42 167
42 170
42 175
42 177
42 184
42 185
42 195
42 198
42 199
43 2
43 19
43 20
43 26
43 42
43 48
43 54
43 59
43 65
43 66
43 85
43 93
43 113
43 119
43 125
43 151
43 152
43 165
43 173
43 174
43 186
43 199
44 5
44 9
44 28
44 58
44 63
44 64
44 77
44 79
44 84
44 98
44 107
44 123
44 140
44 143
44 146
44 147
44 158
44 161
44 174
44 178
44 188
44 199
45 4
45 24
45 32
45 39
45 47
45 50
45 75
45 93
45 105
45 111
45 115
45 123
45 155
45 156
45 161
45 164
45 180
45 186
46 4
46 24
46 38
46 49
46 51
46 61
46 66
46 74
46 82
46 86
46 87
46 92
46 100
46 122
46 129
46 150
46 157
46 187
46 193
46 195
47 9
47 11
47 22
47 31
47 57
47 66
47 90
47 141
47 149
47 172
47 175
47 190
47 196
48 20
48 24
48 26
48 28
48 32
48 47
48 48
48 65
48 66
48 72
48 82
48 84
48 113
48 122
48 125
48 146
48 148
48 152
48 153
48 156
48 161
48 172
48 173
48 194
49 9
49 16
49 21
49 27
49 34
49 39
49 40
49 76
49 80
49 86
49 95
49 96
49 104
49 114
49 120
49 122
49 123
49 126
49 148
50 1
50 3
50 5
50 17
50 20
50 24
50 25
50 31
50 43
50 60
50 66
50 74
50 103
50 114
50 139
50 140
50 145
50 161
50 164
50 166
50 169
50 184
50 190
50 191
50 193
51 3
51 5
51 7
51 9
51 17
51 33
51 39
51 51
51 64
51 71
51 91
51 146
51 152
51 156
51 165
51 179
52 3
52 7
52 10
52 23
52 29
52 38
52 56
52 69
52 86
52 87
52 90
52 104
52 109
52 112
52 133
52 158
52 171
52 177
52 195
52 198
53 9
53 31
53 32
53 45
53 51
53 72
53 82
53 84
53 101
53 111
53 116
53 118
53 130
53 132
53 152
53 173
53 196
54 3
54 9
54 16
54 40
54 41
54 43
54 45
54 51
54 57
54 73
54 74
54 75
54 96
54 98
54 99
54 116
54 122
54 126
54 127
54 131
54 154
54 171
54 184
54 189
55 49
55 51
55 69
55 70
55 116
55 154
55 164
55 177
55 200
56 6
56 12
56 17
56 22
56 27
56 41
56 51
56 53
56 58
56 65
56 86
56 103
56 105
56 110
56 112
56 113
56 115
56 117
56 129
56 158
56 172
56 181
56 191
56 196
57 16
57 28
57 39
57 41
57 45
57 59
57 62
57 63
57 69
57 74
57 85
57 91
57 108
57 145
57 150
57 153
57 156
57 164
58 9
58 47
58 50
58 62
58 75
58 82
58 103
58 104
58 111
58 120
58 155
58 166
58 168
58 169
58 189
58 191
59 1
59 3
59 15
59 17
59 53
59 61
59 70
59 75
59 95
59 102
59 128
59 152
59 167
59 180
59 193
59 196
60 4
60 5
60 7
60 12
60 19
60 20
60 36
60 42
60 48
60 74
60 80
60 82
60 107
60 115
60 129
60 152
60 153
60 160
60 171
60 197
61 11
61 48
61 58
61 84
61 87
61 88
61 93
61 114
61 116
61 136
61 155
61 175
61 183
61 188
61 189
61 192
62 27
62 42
62 49
62 54
62 79
62 83
62 97
62 100
62 110
62 118
62 128
62 142
62 154
62 157
62 162
62 166
62 168
62 176
62 184
62 190
63 7
63 20
63 22
63 23
63 25
63 33
63 57
63 62
63 79
63 82
63 85
63 86
63 97
63 103
63 123
63 134
63 178
63 179
64 5
64 38
64 43
64 66
64 75
64 111
64 123
64 138
64 149
64 160
64 171
64 182
64 187
64 194
64 195
64 197
64 200
65 6
65 37
65 60
65 63
65 74
65 99
65 114
65 123
65 134
65 135
65 137
65 156
65 168
65 186
65 194
66 17
66 24
66 34
66 38
66 78
66 80
66 95
66 98
66 99
66 123
66 129
66 141
66 143
66 164
66 166
66 171
66 191
67 2
67 3
67 11
67 29
67 38
67 45
67 54
67 57
67 67
67 76
67 90
67 93
67 100
67 106
67 114
67 124
67 136
67 140
67 150
67 160
67 177
67 182
67 189
67 191
68 5
68 17
68 19
68 24
68 25
68 44
68 62
68 63
68 72
68 81
68 100
68 106
68 116
68 121
68 125
68 127
68 155
68 164
68 179
68 200
69 15
69 21
69 23
69 24
69 25
69 29
69 37
69 45
69 52
69 56
69 74
69 79
69 81
69 116
69 126
69 138
69 158
69 163
69 164
69 176
69 186
69 191
69 198
70 11
70 20
70 21
70 26
70 31
70 36
70 46
70 49
70 68
70 72
70 82
70 91
70 97
70 119
70 127
70 128
70 138
70 154
70 157
70 171
70 197
71 5
71 8
71 27
71 31
71 44
71 64
71 65
71 78
71 84
71 108
71 112
71 125
71 127
71 172
71 175
71 185
72 20
72 35
72 50
72 51
72 71
72 82
72 98
72 103
72 104
72 111
72 124
72 136
72 155
72 157
72 174
72 176
72 196
73 25
73 32
73 35
73 38
73 40
73 46
73 66
73 75
73 80
73 89
73 95
73 101
73 118
73 133
73 160
73 173
73 178
73 183
73 191
73 194
73 196
74 12
74 31
74 32
74 33
74 41
74 42
74 52
74 73
74 79
74 92
74 101
74 105
74 110
74 113
74 143
74 149
74 151
74 156
74 157
74 159
74 162
74 172
74 186
74 188
74 189
74 192
75 3
75 25
75 28
75 61
75 64
75 73
75 76
75 78
75 80
75 100
75 103
75 105
75 122
75 140
75 146
75 151
75 153
75 180
75 195
75 197
75 200
76 6
76 12
76 46
76 50
76 56
76 61
76 98
76 99
76 103
76 110
76 117
76 118
76 126
76 128
76 130
76 142
76 145
76 161
76 173
76 176
76 184
77 2
77 7
77 16
77 21
77 24
77 36
77 39
77 74
77 88
77 89
77 98
77 102
77 114
77 126
77 131
77 144
77 162
77 165
77 177
77 187
77 188
77 197
78 6
78 12
78 25
78 45
78 48
78 68
78 77
78 95
78 99
78 119
78 130
78 160
78 162
78 187
78 190
79 13
79 26
79 32
79 43
79 50
79 65
79 77
79 81
79 93
79 105
79 108
79 129
79 166
79 168
79 177
79 180
79 184
79 186
79 193
80 39
80 49
80 60
80 86
80 87
80 90
80 101
80 103
80 104
80 135
80 136
80 152
80 161
80 169
80 174
80 195
80 197
81 3
81 5
81 12
81 17
81 35
81 50
81 60
81 62
81 119
81 134
81 138
81 188
82 2
82 6
82 8
82 17
82 26
82 27
82 34
82 42
82 46
82 64
82 67
82 85
82 108
82 140
82 145
82 154
82 167
82 174
82 182
82 188
82 195
83 9
83 18
83 20
83 27
83 42
83 53
83 64
83 65
83 78
83 89
83 90
83 95
83 101
83 123
83 124
83 128
83 144
83 153
83 154
83 165
83 189
83 194
83 197
84 4
84 9
84 19
84 27
84 32
84 45
84 59
84 81
84 91
84 92
84 94
84 95
84 131
84 132
84 138
84 145
84 149
84 169
84 177
84 181
84 196
85 1
85 2
85 9
85 35
85 59
85 60
85 61
85 74
85 85
85 121
85 128
85 129
85 157
85 158
85 180
85 182
85 188
85 190
86 6
86 10
86 11
86 12
86 17
86 40
86 51
86 66
86 87
86 102
86 108
86 110
86 117
86 120
86 121
86 135
86 142
86 152
86 157
86 158
86 169
87 16
87 20
87 21
87 38
87 41
87 44
87 46
87 72
87 83
87 89
87 103
87 107
87 125
87 129
87 132
87 137
87 146
87 150
87 152
87 156
87 163
87 180
87 181
87 183
87 196
88 3
88 11
88 28
88 39
88 45
88 46
88 87
88 90
88 94
88 104
88 128
88 136
88 142
88 145
88 158
88 161
88 162
88 164
88 167
88 173
88 193
89 9
89 14
89 15
89 18
89 20
89 28
89 30
89 33
89 65
89 73
89 81
89 84
89 86
89 91
89 100
89 101
89 117
89 122
89 152
89 155
89 156
89 178
89 183
89 198
89 199
89 200
90 1
90 9
90 15
90 22
90 47
90 52
90 57
90 71
90 73
90 87
90 95
90 98
90 105
90 110
90 112
90 114
90 129
90 143
90 151
90 155
90 157
90 171
90 174
90 184
90 189
90 196
91 26
91 27
91 34
91 52
91 59
91 66
91 80
91 82
91 91
91 104
91 109
91 122
91 132
91 136
91 138
91 146
91 154
91 161
91 185
91 187
91 189
91 198
91 199
92 1
92 16
92 19
92 31
92 32
92 37
92 50
92 55
92 66
92 70
92 98
92 114
92 115
92 144
92 150
92 151
92 156
92 162
92 176
92 181
92 185
92 187
92 200
93 28
93 31
93 50
93 51
93 61
93 62
93 80
93 82
93 94
93 107
93 110
93 135
93 166
93 184
94 3
94 4
94 9
94 15
94 17
94 39
94 44
94 59
94 66
94 74
94 80
94 83
94 96
94 112
94 121
94 123
94 131
94 135
94 145
94 154
94 165
94 171
94 172
94 178
94 195
94 196
95 8
95 24
95 30
95 34
95 43
95 44
95 57
95 73
95 81
95 83
95 86
95 91
95 98
95 149
95 150
95 167
95 168
95 169
95 181
95 183
96 18
96 40
96 76
96 79
96 99
96 101
96 117
96 148
96 151
96 152
96 155
96 159
96 160
96 164
96 170
96 176
96 179
96 188
96 200
97 1
97 4
97 9
97 25
97 28
97 32
97 36
97 44
97 57
97 60
97 94
97 100
97 103
97 104
97 112
97 119
97 126
97 139
97 140
97 142
97 162
97 172
97 174
97 178
97 185
97 191
97 198
98 32
98 54
98 90
98 128
98 135
98 170
98 175
98 178
98 179
98 192
99 6
99 27
99 33
99 48
99 55
99 59
99 70
99 79
99 95
99 103
99 114
99 122
99 125
99 129
99 132
99 140
99 170
99 174
99 175
99 197
100 3
100 11
100 36
100 37
100 38
100 46
100 52
100 59
100 61
100 62
100 65
100 82
100 102
100 119
100 134
100 150
100 158
100 159
100 164
100 165
100 184
100 188
100 191
101 11
101 12
101 13
101 21
101 32
101 40
101 43
101 44
101 65
101 80
101 82
101 94
101 103
101 104
101 108
101 113
101 135
101 148
101 159
101 169
101 172
101 190
102 5
102 18
102 20
102 34
102 52
102 59
102 89
102 93
102 107
102 115
102 132
102 135
102 138
102 141
102 157
102 170
102 172
102 191
103 17
103 24
103 27
103 31
103 49
103 71
103 82
103 87
103 89
103 92
103 103
103 105
103 120
103 179
103 181
103 182
103 185
103 198
104 5
104 15
104 55
104 65
104 71
104 93
104 105
104 106
104 111
104 121
104 131
104 140
104 148
104 156
104 169
104 182
104 188
104 196
104 197
105 15
105 19
105 21
105 25
105 29
105 69
105 77
105 78
105 92
105 96
105 101
105 103
105 106
105 109
105 115
105 118
105 121
105 138
105 160
105 173
105 177
105 185
105 190
106 7
106 11
106 18
106 32
106 54
106 57
106 63
106 69
106 73
106 79
106 84
106 90
106 103
106 113
106 115
106 121
106 131
106 137
106 148
106 155
106 156
106 170
106 171
106 174
106 182
106 186
106 194
106 195
106 196
107 2
107 18
107 19
107 28
107 30
107 32
107 37
107 53
107 57
107 67
107 75
107 82
107 91
107 92
107 95
107 97
107 104
107 128
107 130
107 138
107 143
107 154
107 159
107 170
107 179
107 191
107 195
107 196
108 3
108 5
108 10
108 38
108 41
108 59
108 61
108 84
108 89
108 98
108 106
108 109
108 128
108 141
108 142
108 143
108 147
108 149
108 172
108 181
108 183
108 187
108 188
109 5
109 8
109 20
109 32
109 33
109 43
109 50
109 52
109 55
109 60
109 68
109 87
109 93
109 98
109 112
109 113
109 114
109 115
109 131
109 161
109 176
109 180
110 7
110 19
110 23
110 25
110 28
110 38
110 39
110 43
110 44
110 46
110 53
110 59
110 69
110 84
110 87
110 95
110 98
110 100
110 110
110 124
110 126
110 144
110 150
110 152
110 162
110 172
110 188
110 190
110 193
110 196
110 199
111 1
111 2
111 16
111 36
111 43
111 64
111 69
111 71
111 99
111 103
111 108
111 117
111 127
111 156
111 164
111 185
111 191
111 198
112 2
112 15
112 21
112 22
112 31
112 73
112 83
112 105
112 116
112 129
112 137
112 140
112 143
112 145
112 151
112 156
112 165
112 171
112 175
112 185
112 200
113 19
113 26
113 31
113 34
113 44
113 47
113 49
113 63
113 64
113 89
113 96
113 97
113 99
113 100
113 105
113 112
113 116
113 141
113 146
113 147
113 151
113 153
113 162
113 175
113 193
114 8
114 24
114 30
114 55
114 65
114 72
114 95
114 98
114 105
114 112
114 115
114 120
114 123
114 141
114 147
114 150
114 153
114 159
114 164
114 167
114 191
115 10
115 18
115 31
115 69
115 70
115 76
115 79
115 80
115 84
115 94
115 109
115 115
115 143
115 146
115 147
115 154
115 165
115 167
115 169
115 175
115 178
115 197
115 198
116 5
116 6
116 12
116 36
116 50
116 63
116 72
116 75
116 85
116 87
116 88
116 103
116 124
116 128
116 141
116 157
116 159
116 173
116 179
116 183
116 194
117 33
117 36
117 37
117 41
117 49
117 52
117 81
117 87
117 97
117 100
117 104
117 105
117 114
117 122
117 129
117 146
117 151
117 154
117 158
117 162
117 166
117 199
118 20
118 31
118 34
118 44
118 52
118 57
118 62
118 91
118 105
118 113
118 124
118 134
118 136
118 155
118 158
118 163
118 168
118 169
118 171
118 200
119 5
119 15
119 18
119 30
119 33
119 44
119 45
119 46
119 70
119 76
119 92
119 109
119 110
119 122
119 132
119 139
119 155
119 184
119 192
119 195
120 2
120 15
120 21
120 31
120 37
120 41
120 42
120 45
120 51
120 65
120 72
120 74
120 80
120 88
120 91
120 93
120 107
120 108
120 112
120 118
120 127
120 131
120 149
120 154
120 161
120 168
120 169
120 181
120 184
121 10
121 14
121 29
121 39
121 49
121 54
121 60
121 66
121 76
121 88
121 109
121 112
121 113
121 127
121 130
121 147
121 157
121 169
121 178
121 179
121 190
122 15
122 19
122 24
122 35
122 40
122 70
122 92
122 98
122 112
122 122
122 131
122 153
122 160
122 170
122 182
122 191
122 192
122 200
123 22
123 27
123 28
123 30
123 32
123 37
123 48
123 67
123 76
123 98
123 101
123 126
123 128
123 135
123 144
123 146
123 154
123 157
123 158
123 170
123 186
123 188
124 27
124 39
124 40
124 42
124 45
124 69
124 77
124 104
124 113
124 143
124 145
124 172
124 174
124 182
124 185
125 30
125 33
125 41
125 75
125 87
125 99
125 102
125 104
125 109
125 111
125 133
125 137
125 146
125 154
125 161
125 179
125 187
125 194
125 198
126 1
126 3
126 19
126 20
126 22
126 33
126 50
126 55
126 72
126 73
126 77
126 85
126 102
126 103
126 108
126 114
126 115
126 120
126 126
126 139
126 147
126 153
126 173
126 183
126 186
126 196
126 199
126 200
127 1
127 6
127 9
127 16
127 18
127 41
127 59
127 71
127 84
127 88
127 92
127 93
127 117
127 119
127 121
127 134
127 140
127 142
127 143
127 151
127 156
127 158
127 160
127 163
127 168
127 174
127 179
128 14
128 20
128 22
128 39
128 56
128 57
128 62
128 81
128 84
128 95
128 102
128 104
128 129
128 133
128 135
129 8
129 19
129 41
129 57
129 64
129 67
129 74
129 100
129 101
129 104
129 113
129 154
129 176
129 194
130 6
130 12
130 35
130 39
130 40
130 50
130 60
130 66
130 69
130 74
130 106
130 114
130 121
130 147
130 155
130 171
130 184
130 186
130 193
131 1
131 6
131 15
131 20
131 28
131 39
131 57
131 74
131 84
131 95
131 103
131 113
131 120
131 152
131 159
131 163
131 168
131 176
131 185
131 190
131 192
131 199
132 11
132 26
132 28
132 33
132 35
132 36
132 42
132 44
132 55
132 71
132 72
132 78
132 81
132 85
132 98
132 104
132 149
132 176
133 5
133 27
133 28
133 29
133 34
133 42
133 54
133 58
133 71
133 74
133 80
133 81
133 85
133 86
133 89
133 90
133 95
133 129
133 134
133 136
133 141
133 151
133 154
133 170
133 181
133 199
134 6
134 12
134 16
134 24
134 78
134 80
134 86
134 96
134 106
134 110
134 119
134 131
134 138
134 141
134 155
134 161
134 173
134 180
134 187
134 194
135 5
135 12
135 18
135 27
135 29
135 32
135 33
135 53
135 55
135 64
135 69
135 72
135 78
135 80
135 106
135 123
135 134
135 136
135 154
135 164
135 177
135 187
135 196
136 8
136 13
136 14
136 16
136 22
136 25
136 46
136 50
136 58
136 60
136 67
136 71
136 107
136 113
136 117
136 126
136 153
136 160
136 162
136 179
136 191
136 197
137 2
137 7
137 9
137 11
137 50
137 58
137 63
137 67
137 70
137 71
137 91
137 96
137 97
137 98
137 106
137 112
137 113
137 122
137 131
137 138
137 142
137 162
137 165
137 166
137 174
137 175
137 177
137 193
137 194
137 195
137 197
138 15
138 29
138 36
138 41
138 43
138 78
138 88
138 92
138 96
138 107
138 119
138 127
138 139
138 177
138 183
138 190
138 198
139 16
139 42
139 55
139 58
139 63
139 68
139 71
139 97
139 98
139 102
139 105
139 112
139 138
139 140
139 164
139 167
139 174
139 186
139 190
139 192
139 200
140 7
140 8
140 20
140 29
140 35
140 40
140 50
140 52
140 60
140 63
140 66
140 88
140 97
140 102
140 119
140 130
140 157
140 163
140 164
140 166
140 170
140 179
141 4
141 18
141 20
141 31
141 52
141 57
141 92
141 103
141 108
141 118
141 126
141 127
141 128
141 130
141 132
141 141
141 193
142 6
142 44
142 55
142 63
142 73
142 86
142 95
142 101
142 131
142 136
142 137
142 151
142 165
142 168
142 173
143 20
143 27
143 45
143 57
143 64
143 87
143 89
143 91
143 99
143 128
143 131
143 136
143 137
143 161
143 172
143 178
143 182
143 183
143 189
143 190
143 192
143 194
144 13
144 18
144 24
144 26
144 36
144 41
144 62
144 77
144 89
144 90
144 121
144 122
144 138
144 146
144 151
144 153
144 161
144 164
144 173
144 184
144 196
144 197
144 199
145 9
145 11
145 22
145 79
145 143
145 169
145 173
146 29
146 30
146 46
146 66
146 70
146 74
146 83
146 93
146 98
146 116
146 120
146 122
146 129
146 158
146 163
146 167
147 3
147 5
147 8
147 19
147 40
147 47
147 53
147 58
147 73
147 86
147 97
147 103
147 105
147 117
147 131
147 139
147 140
147 141
147 146
147 154
147 163
147 171
147 172
147 175
147 191
147 200
148 4
148 13
148 15
148 16
148 22
148 23
148 34
148 40
148 47
148 54
148 55
148 73
148 84
148 114
148 122
148 138
148 139
148 144
148 167
148 174
148 196
149 13
149 19
149 31
149 39
149 54
149 60
149 62
149 94
149 99
149 101
149 105
149 140
149 148
149 153
149 162
149 165
149 171
150 7
150 10
150 11
150 21
150 23
150 27
150 29
150 34
150 36
150 88
150 97
150 98
150 104
150 113
150 115
150 119
150 140
150 141
150 170
150 181
150 184
150 197
151 5
151 12
151 14
151 19
151 43
151 78
151 86
151 93
151 141
151 147
151 161
151 163
151 180
151 186
151 192
151 200
152 19
152 32
152 39
152 57
152 58
152 71
152 89
152 95
152 110
152 124
152 139
152 140
152 144
152 161
153 3
153 7
153 28
153 29
153 36
153 46
153 48
153 74
153 91
153 95
153 103
153 105
153 110
153 118
153 153
153 160
153 164
153 189
153 192
153 198
154 7
154 8
154 30
154 54
154 61
154 72
154 105
154 126
154 130
154 143
154 152
154 165
154 167
154 182
154 195
155 3
155 15
155 20
155 22
155 25
155 27
155 34
155 40
155 53
155 58
155 80
155 96
155 97
155 101
155 119
155 121
155 132
155 148
155 159
155 179
155 183
155 195
156 2
156 46
156 68
156 73
156 113
156 117
156 127
156 140
156 142
156 160
156 167
156 200
157 15
157 47
157 58
157 59
157 60
157 103
157 120
157 123
157 137
157 139
157 156
157 173
157 184
157 193
158 25
158 34
158 48
158 56
158 59
158 74
158 82
158 105
158 108
158 113
158 114
158 117
158 134
158 135
158 148
158 157
159 3
159 13
159 27
159 39
159 40
159 73
159 81
159 89
159 104
159 116
159 124
159 128
159 135
159 149
159 178
159 181
159 185
160 6
160 12
160 15
160 17
160 30
160 31
160 42
160 57
160 64
160 87
160 93
160 98
160 105
160 126
160 134
160 138
160 163
160 164
160 175
160 191
161 19
161 24
161 45
161 48
161 68
161 92
161 93
161 114
161 120
161 124
161 129
161 133
161 136
161 150
161 159
161 160
161 166
161 179
161 184
161 195
162 2
162 14
162 22
162 29
162 40
162 47
162 50
162 51
162 53
162 67
162 89
162 96
162 103
162 106
162 131
162 135
162 165
162 171
162 174
162 175
162 183
162 200
163 19
163 22
163 28
163 39
163 54
163 55
163 77
163 80
163 81
163 96
163 99
163 112
163 138
163 151
163 158
163 161
163 166
163 179
163 183
163 192
163 195
163 199
164 1
164 19
164 24
164 32
164 44
164 48
164 65
164 83
164 87
164 89
164 91
164 96
164 98
164 103
164 112
164 121
164 126
164 136
164 139
164 140
164 151
164 156
164 177
164 183
164 197
165 6
165 22
165 23
165 42
165 53
165 65
165 76
165 78
165 101
165 104
165 107
165 117
165 120
165 121
165 134
165 175
165 196
166 36
166 44
166 55
166 65
166 67
166 85
166 97
166 101
166 103
166 109
166 119
166 131
166 138
166 147
166 150
166 154
166 155
166 161
166 167
166 181
166 195
167 12
167 22
167 26
167 32
167 43
167 52
167 53
167 64
167 65
167 73
167 74
167 88
167 98
167 99
167 108
167 123
167 130
167 131
167 148
167 151
167 152
167 154
167 190
167 198
168 6
168 14
168 24
168 31
168 45
168 89
168 99
168 104
168 128
168 134
168 142
168 143
168 158
168 169
168 170
168 180
168 185
168 192
168 194
169 4
169 7
169 27
169 61
169 62
169 71
169 82
169 87
169 90
169 99
169 105
169 123
169 135
169 137
169 140
169 143
169 147
169 153
169 161
169 165
169 174
169 182
169 184
169 186
170 5
170 22
170 41
170 42
170 66
170 70
170 90
170 102
170 124
170 135
170 144
170 150
170 163
170 172
170 174
170 179
170 182
170 183
170 192
170 195
170 196
170 200
171 6
171 19
171 25
171 27
171 75
171 76
171 86
171 87
171 90
171 99
171 106
171 109
171 125
171 127
171 129
171 156
171 165
171 173
171 174
171 188
171 190
172 6
172 14
172 34
172 35
172 38
172 46
172 64
172 76
172 84
172 87
172 89
172 100
172 107
172 109
172 110
172 118
172 123
172 151
172 155
172 160
172 169
172 180
172 184
172 188
172 197
173 10
173 16
173 22
173 29
173 30
173 37
173 47
173 51
173 58
173 60
173 68
173 69
173 76
173 85
173 90
173 91
173 104
173 113
173 123
173 146
173 156
173 161
173 168
173 184
173 186
173 198
174 6
174 20
174 27
174 38
174 71
174 77
174 79
174 95
174 112
174 128
174 133
174 148
174 154
174 172
174 173
174 181
174 189
174 193
175 6
175 19
175 41
175 43
175 55
175 68
175 75
175 81
175 96
175 119
175 120
175 146
175 153
175 156
175 170
175 186
175 197
175 200
176 7
176 19
176 24
176 31
176 43
176 69
176 84
176 89
176 91
176 98
176 104
176 110
176 117
176 121
176 127
176 130
176 155
176 160
176 165
176 171
176 180
176 188
176 190
176 194
176 195
176 196
176 198
177 27
177 32
177 35
177 38
177 46
177 49
177 60
177 63
177 90
177 102
177 108
177 114
177 118
177 122
177 128
177 129
177 131
177 162
177 163
177 174
177 175
177 178
177 182
177 194
177 196
178 18
178 26
178 45
178 93
178 99
178 105
178 116
178 135
178 138
178 149
178 150
178 155
178 159
178 161
178 184
178 199
179 4
179 21
179 48
179 61
179 71
179 77
179 99
179 122
179 125
179 130
179 160
179 165
179 167
179 181
179 199
180 36
180 44
180 78
180 85
180 94
180 95
180 125
180 130
180 141
180 146
180 159
180 169
180 170
180 181
180 195
181 2
181 41
181 49
181 77
181 94
181 95
181 105
181 110
181 123
181 135
181 149
181 156
181 175
181 183
183 7
183 38
183 51
183 70
183 72
183 76
183 77
183 82
183 85
183 91
183 93
183 102
183 103
183 114
183 117
183 124
183 128
183 146
183 166
183 187
183 188
183 197
184 10
184 32
184 33
184 38
184 46
184 47
184 58
184 63
184 67
184 84
184 94
184 109
184 116
184 122
184 130
184 153
184 179
185 4
185 31
185 33
185 34
185 41
185 42
185 75
185 76
185 78
185 83
185 86
185 89
185 113
185 117
185 134
185 144
185 150
185 156
185 160
185 165
185 195
185 199
186 7
186 12
186 19
186 21
186 22
186 27
186 40
186 91
186 103
186 105
186 127
186 129
186 144
186 173
186 179
186 181
186 196
187 12
187 19
187 25
187 41
187 42
187 44
187 50
187 66
187 79
187 88
187 94
187 116
187 124
187 132
187 140
187 144
187 147
187 150
187 166
187 173
187 197
188 4
188 13
188 15
188 18
188 44
188 60
188 66
188 80
188 84
188 89
188 96
188 105
188 123
188 138
188 139
188 148
188 168
188 186
188 195
189 9
189 14
189 51
189 65
189 95
189 100
189 109
189 129
189 143
189 147
189 148
189 156
189 157
189 189
189 191
189 193
189 198
190 3
190 11
190 19
190 32
190 37
190 47
190 56
190 57
190 77
190 105
190 131
190 134
190 153
190 171
190 173
190 177
190 181
190 200
191 4
191 15
191 19
191 20
191 23
191 33
191 36
191 43
191 51
191 65
191 87
191 104
191 112
191 115
191 130
191 133
191 137
191 150
191 152
191 156
191 164
191 173
191 198
192 8
192 12
192 41
192 45
192 49
192 56
192 61
192 98
192 119
192 133
192 146
192 160
192 167
192 168
192 170
192 172
192 176
192 178
192 188
193 4
193 38
193 49
193 60
193 64
193 76
193 77
193 79
193 85
193 103
193 107
193 114
193 117
193 121
193 122
193 128
193 129
193 146
193 175
193 184
193 188
193 190
193 200
194 6
194 7
194 9
194 42
194 47
194 51
194 71
194 80
194 87
194 104
194 109
194 128
194 131
194 135
194 136
194 140
194 177
194 187
194 192
194 196
195 37
195 38
195 43
195 68
195 70
195 87
195 91
195 95
195 100
195 102
195 117
195 128
195 140
195 143
195 147
195 151
195 156
195 157
195 165
195 169
195 172
195 186
196 3
196 16
196 23
196 36
196 45
196 55
196 67
196 73
196 75
196 76
196 77
196 107
196 116
196 121
196 125
196 135
196 149
196 150
196 151
196 152
196 153
196 165
196 167
196 174
197 4
197 29
197 36
197 46
197 50
197 53
197 64
197 70
197 77
197 105
197 111
197 122
197 125
197 130
197 133
197 140
197 157
197 158
197 162
197 169
197 190
197 191
197 196
197 197
197 200
198 1
198 14
198 23
198 25
198 33
198 63
198 65
198 68
198 74
198 77
198 83
198 105
198 112
198 117
198 125
198 163
198 177
198 181
198 194
198 197
199 17
199 20
199 24
199 39
199 47
199 63
199 67
199 72
199 73
199 74
199 81
199 85
199 91
199 97
199 107
199 108
199 110
199 119
199 152
199 153
199 163
199 178
199 197
200 1
200 2
200 6
200 18
200 19
200 49
200 73
200 77
200 83
200 96
200 101
200 117
200 130
200 132
200 137
200 144
200 145
200 149
200 166
200 175
200 180
200 184
