50 100 50 76 270
1 25
1 26
2 25
2 26
2 27
3 25
3 27
3 28
4 25
4 28
4 29
5 25
5 29
5 30
6 25
6 30
6 31
7 25
7 31
7 32
8 25
8 32
8 33
9 25
9 33
9 34
10 25
10 34
10 35
11 25
11 35
11 36
12 25
12 36
12 37
12 38
12 39
12 40
12 41
12 42
12 43
12 44
12 45
12 46
12 47
12 48
12 49
12 50
12 51
12 52
12 53
12 54
12 55
12 56
12 57
12 58
12 59
12 60
12 61
12 62
12 63
12 64
12 65
12 66
12 67
12 68
12 69
12 70
12 71
12 72
12 73
12 74
12 75
12 76
12 77
12 78
12 79
12 80
12 81
12 82
12 83
12 84
12 85
12 86
12 87
12 88
12 89
12 90
12 91
12 92
12 93
12 94
12 95
12 96
12 97
12 98
13 25
13 96
13 97
14 25
14 96
15 25
15 96
16 25
16 96
17 25
17 96
18 25
18 96
19 25
19 96
20 25
20 96
21 25
21 96
22 25
22 96
23 24
23 25
23 96
24 23
24 24
24 96
25 22
25 23
25 96
26 21
26 22
26 96
27 20
27 21
27 96
28 19
28 20
28 96
29 18
29 19
29 96
30 17
30 18
30 96
31 16
31 17
31 96
32 15
32 16
32 96
33 14
33 15
33 95
33 96
34 13
34 14
34 94
34 95
35 12
35 13
35 93
35 94
36 11
36 12
36 92
36 93
37 10
37 11
37 91
37 92
38 9
38 10
38 90
38 91
39 8
39 9
39 10
39 11
39 12
39 13
39 14
39 15
39 16
39 17
39 18
39 19
39 20
39 21
39 22
39 23
39 24
39 25
39 26
39 27
39 28
39 29
39 30
39 31
39 32
39 33
39 34
39 35
39 36
39 37
39 38
39 39
39 40
39 41
39 42
39 43
39 44
39 45
39 89
39 90
40 45
40 46
40 88
40 89
41 46
41 47
41 87
41 88
42 47
42 48
42 86
42 87
43 48
43 49
43 85
43 86
44 49
44 50
44 84
44 85
45 50
45 51
45 83
45 84
46 51
46 52
46 82
46 83
47 52
47 53
47 54
47 55
47 56
47 57
47 58
47 59
47 60
47 61
47 62
47 63
47 64
47 65
47 66
47 67
47 68
47 69
47 70
47 71
47 72
47 73
47 74
47 75
47 76
47 77
47 78
47 79
47 80
47 81
47 82
