50 100 24 14 257
2 12
2 13
2 14
2 15
2 16
2 17
2 18
2 19
2 20
2 21
2 22
2 23
2 24
2 25
2 26
2 27
2 28
2 29
2 30
2 31
2 32
2 33
2 34
2 35
2 36
2 37
2 38
2 39
2 40
2 41
2 42
2 43
2 44
2 45
2 46
2 47
2 48
2 49
2 50
2 51
2 52
2 53
2 54
2 55
2 56
2 57
2 58
2 59
2 60
2 61
2 62
2 63
2 64
2 65
2 66
2 67
2 68
2 69
2 70
2 71
2 72
2 73
2 74
2 75
2 76
2 77
2 78
2 79
2 80
2 81
2 82
2 83
2 84
2 85
2 86
2 87
2 88
2 89
3 11
3 12
3 88
3 89
4 10
4 11
4 87
4 88
5 9
5 10
5 86
5 87
6 8
6 9
6 85
6 86
7 7
7 8
7 84
7 85
8 6
8 7
8 83
8 84
9 5
9 6
9 82
9 83
10 4
10 5
10 81
10 82
11 3
11 4
11 80
11 81
12 2
12 3
12 4
12 5
12 6
12 7
12 8
12 9
12 10
12 11
12 12
12 13
12 14
12 15
12 16
12 17
12 18
12 19
12 20
12 21
12 22
12 23
12 79
12 80
13 23
13 24
13 78
13 79
14 24
14 25
14 77
14 78
15 25
15 26
15 77
16 26
16 27
16 77
17 27
17 28
17 77
18 28
18 29
18 77
19 29
19 30
19 77
20 30
20 31
20 77
21 31
21 32
21 77
22 32
22 33
22 77
23 33
23 34
23 77
24 34
24 35
24 77
25 35
25 36
25 77
26 36
26 37
26 77
27 37
27 38
27 77
28 38
28 39
28 77
29 39
29 40
29 77
30 40
30 41
30 77
31 41
31 42
31 43
31 44
31 45
31 46
31 47
31 48
31 49
31 50
31 51
31 52
31 53
31 54
31 55
31 56
31 57
31 58
31 59
31 60
31 61
31 62
31 63
31 64
31 77
32 64
32 65
32 77
33 65
33 66
33 77
34 66
34 67
34 77
35 67
35 68
35 77
36 68
36 69
36 77
37 69
37 70
37 77
38 70
38 71
38 77
39 71
39 72
39 77
40 72
40 73
40 77
41 73
41 74
41 77
42 74
42 75
42 77
43 75
43 76
43 77
44 76
44 77
