100 150 98 101 8956
1 3
1 4
1 5
1 8
1 10
1 13
1 17
1 18
1 19
1 20
1 23
1 24
1 25
1 26
1 28
1 29
1 32
1 34
1 35
1 38
1 42
1 43
1 45
1 46
1 47
1 49
1 50
1 51
1 52
1 53
1 54
1 56
1 58
1 59
1 61
1 62
1 64
1 65
1 66
1 67
1 68
1 69
1 71
1 72
1 73
1 74
1 75
1 78
1 79
1 81
1 82
1 84
1 85
1 87
1 89
1 90
1 92
1 93
1 96
1 99
1 100
1 101
1 102
1 106
1 107
1 110
1 111
1 112
1 113
1 114
1 117
1 119
1 120
1 121
1 124
1 126
1 127
1 129
1 131
1 132
1 133
1 134
1 137
1 138
1 140
1 141
1 144
1 145
1 146
1 147
1 149
1 150
2 1
2 3
2 6
2 7
2 8
2 13
2 14
2 15
2 16
2 17
2 18
2 19
2 21
2 22
2 24
2 25
2 26
2 31
2 33
2 37
2 38
2 39
2 42
2 43
2 44
2 45
2 47
2 50
2 51
2 53
2 54
2 58
2 60
2 61
2 67
2 70
2 72
2 75
2 76
2 77
2 81
2 82
2 83
2 84
2 85
2 86
2 90
2 91
2 92
2 93
2 94
2 95
2 97
2 98
2 102
2 103
2 106
2 108
2 109
2 111
2 112
2 113
2 114
2 115
2 116
2 117
2 118
2 119
2 120
2 122
2 123
2 126
2 127
2 129
2 131
2 133
2 135
2 136
2 137
2 138
2 139
2 140
2 141
2 142
2 143
2 144
2 145
2 147
2 149
2 150
3 1
3 3
3 4
3 5
3 6
3 7
3 8
3 9
3 11
3 13
3 14
3 15
3 16
3 19
3 22
3 23
3 32
3 33
3 34
3 37
3 39
3 41
3 42
3 43
3 44
3 45
3 47
3 48
3 50
3 51
3 52
3 53
3 54
3 56
3 57
3 60
3 61
3 62
3 63
3 64
3 65
3 66
3 67
3 68
3 69
3 70
3 71
3 72
3 75
3 76
3 77
3 79
3 80
3 81
3 82
3 86
3 87
3 90
3 93
3 94
3 95
3 97
3 98
3 99
3 100
3 101
3 103
3 105
3 107
3 108
3 109
3 110
3 111
3 113
3 114
3 115
3 117
3 121
3 122
3 123
3 127
3 129
3 131
3 132
3 134
3 137
3 139
3 140
3 143
3 144
3 145
3 146
3 147
3 148
3 150
4 1
4 3
4 5
4 6
4 7
4 8
4 10
4 11
4 13
4 14
4 15
4 16
4 18
4 19
4 20
4 27
4 28
4 29
4 34
4 35
4 36
4 37
4 40
4 45
4 46
4 47
4 48
4 50
4 51
4 52
4 57
4 59
4 60
4 61
4 63
4 66
4 67
4 69
4 74
4 75
4 76
4 77
4 80
4 82
4 84
4 86
4 87
4 89
4 90
4 91
4 93
4 94
4 95
4 97
4 99
4 100
4 101
4 102
4 103
4 104
4 105
4 106
4 108
4 109
4 111
4 118
4 119
4 122
4 125
4 126
4 131
4 132
4 133
4 135
4 137
4 138
4 139
4 140
4 141
4 142
4 143
4 145
4 146
4 148
4 149
5 2
5 4
5 6
5 7
5 8
5 9
5 10
5 11
5 12
5 15
5 20
5 23
5 24
5 25
5 26
5 27
5 28
5 29
5 30
5 31
5 32
5 33
5 35
5 36
5 38
5 39
5 40
5 42
5 43
5 47
5 48
5 51
5 52
5 54
5 56
5 58
5 59
5 60
5 61
5 62
5 63
5 64
5 66
5 67
5 70
5 71
5 72
5 74
5 76
5 77
5 78
5 79
5 80
5 83
5 84
5 87
5 88
5 92
5 93
5 94
5 95
5 97
5 98
5 101
5 104
5 107
5 108
5 109
5 110
5 118
5 119
5 121
5 122
5 123
5 124
5 125
5 128
5 129
5 130
5 131
5 132
5 134
5 135
5 137
5 138
5 139
5 140
5 146
5 147
5 148
5 149
5 150
6 4
6 5
6 7
6 10
6 12
6 15
6 19
6 20
6 23
6 24
6 29
6 31
6 35
6 36
6 38
6 39
6 40
6 41
6 42
6 45
6 48
6 50
6 52
6 53
6 56
6 57
6 60
6 64
6 65
6 66
6 67
6 68
6 69
6 71
6 73
6 75
6 79
6 80
6 82
6 83
6 84
6 86
6 87
6 88
6 90
6 91
6 92
6 93
6 94
6 95
6 96
6 97
6 98
6 100
6 101
6 103
6 106
6 107
6 108
6 109
6 112
6 113
6 115
6 119
6 120
6 121
6 122
6 124
6 125
6 126
6 131
6 132
6 134
6 135
6 136
6 137
6 143
6 147
6 149
7 5
7 6
7 7
7 9
7 10
7 11
7 13
7 14
7 15
7 16
7 18
7 20
7 21
7 22
7 23
7 24
7 26
7 31
7 32
7 34
7 35
7 36
7 40
7 43
7 45
7 46
7 47
7 48
7 49
7 50
7 56
7 57
7 58
7 60
7 61
7 63
7 66
7 67
7 68
7 69
7 72
7 73
7 75
7 79
7 80
7 83
7 85
7 87
7 89
7 94
7 95
7 97
7 99
7 100
7 103
7 106
7 108
7 109
7 110
7 111
7 112
7 113
7 114
7 115
7 117
7 118
7 119
7 123
7 125
7 126
7 127
7 128
7 129
7 130
7 131
7 133
7 134
7 135
7 137
7 139
7 140
7 142
7 143
7 147
7 148
7 149
7 150
8 2
8 3
8 7
8 8
8 9
8 10
8 12
8 13
8 14
8 18
8 20
8 21
8 22
8 23
8 24
8 25
8 27
8 29
8 30
8 32
8 34
8 36
8 38
8 39
8 41
8 44
8 45
8 49
8 50
8 52
8 54
8 55
8 56
8 58
8 59
8 60
8 65
8 67
8 69
8 71
8 72
8 73
8 74
8 75
8 76
8 77
8 78
8 79
8 80
8 81
8 84
8 85
8 87
8 89
8 90
8 91
8 92
8 93
8 96
8 97
8 98
8 100
8 102
8 105
8 106
8 107
8 108
8 109
8 111
8 113
8 114
8 116
8 120
8 121
8 122
8 124
8 125
8 126
8 127
8 128
8 129
8 130
8 131
8 133
8 136
8 138
8 140
8 141
8 142
8 143
8 144
8 146
8 149
9 4
9 6
9 8
9 9
9 10
9 11
9 12
9 13
9 14
9 15
9 18
9 21
9 22
9 23
9 26
9 27
9 28
9 29
9 30
9 31
9 34
9 36
9 38
9 41
9 42
9 44
9 46
9 47
9 51
9 52
9 55
9 57
9 62
9 63
9 64
9 67
9 68
9 70
9 72
9 73
9 77
9 78
9 79
9 80
9 82
9 84
9 85
9 86
9 89
9 90
9 91
9 93
9 94
9 95
9 96
9 99
9 101
9 104
9 105
9 106
9 107
9 109
9 114
9 115
9 116
9 118
9 119
9 120
9 122
9 124
9 126
9 130
9 131
9 132
9 133
9 134
9 135
9 137
9 138
9 139
9 141
9 142
9 143
9 144
9 145
9 148
9 150
10 1
10 2
10 3
10 5
10 6
10 7
10 9
10 10
10 13
10 14
10 15
10 16
10 18
10 19
10 20
10 21
10 22
10 27
10 29
10 31
10 33
10 35
10 36
10 37
10 38
10 39
10 41
10 42
10 43
10 45
10 46
10 48
10 49
10 51
10 52
10 53
10 54
10 55
10 56
10 59
10 60
10 63
10 64
10 65
10 68
10 71
10 74
10 75
10 78
10 79
10 81
10 82
10 83
10 84
10 87
10 88
10 89
10 93
10 94
10 95
10 96
10 97
10 98
10 99
10 100
10 101
10 102
10 103
10 104
10 105
10 106
10 107
10 109
10 111
10 113
10 114
10 116
10 117
10 118
10 119
10 120
10 123
10 126
10 128
10 129
10 130
10 131
10 133
10 134
10 135
10 136
10 139
10 140
10 141
10 143
10 146
11 1
11 2
11 3
11 5
11 8
11 9
11 10
11 11
11 12
11 14
11 15
11 17
11 20
11 21
11 22
11 25
11 26
11 27
11 28
11 29
11 30
11 31
11 35
11 37
11 38
11 39
11 42
11 47
11 48
11 49
11 50
11 51
11 53
11 54
11 57
11 58
11 60
11 62
11 63
11 64
11 65
11 67
11 68
11 69
11 70
11 71
11 72
11 73
11 74
11 75
11 77
11 78
11 82
11 83
11 84
11 86
11 87
11 88
11 90
11 92
11 94
11 96
11 97
11 99
11 100
11 101
11 103
11 104
11 107
11 109
11 112
11 113
11 114
11 115
11 118
11 121
11 123
11 124
11 125
11 128
11 130
11 134
11 135
11 138
11 139
11 140
11 146
11 148
12 1
12 2
12 3
12 4
12 5
12 8
12 9
12 10
12 11
12 14
12 16
12 17
12 18
12 19
12 20
12 21
12 23
12 24
12 25
12 26
12 27
12 29
12 31
12 33
12 35
12 36
12 37
12 39
12 40
12 41
12 42
12 43
12 44
12 45
12 47
12 48
12 52
12 55
12 58
12 59
12 62
12 63
12 65
12 66
12 69
12 71
12 72
12 73
12 74
12 77
12 80
12 81
12 85
12 86
12 87
12 89
12 91
12 92
12 93
12 94
12 95
12 96
12 97
12 98
12 102
12 103
12 104
12 106
12 107
12 108
12 110
12 111
12 112
12 113
12 114
12 116
12 118
12 119
12 120
12 122
12 125
12 127
12 128
12 130
12 132
12 134
12 135
12 137
12 141
12 142
12 143
12 144
12 145
12 146
12 147
12 149
13 2
13 3
13 4
13 5
13 7
13 8
13 9
13 13
13 14
13 17
13 19
13 20
13 21
13 22
13 26
13 28
13 29
13 31
13 32
13 33
13 34
13 35
13 37
13 39
13 41
13 44
13 45
13 46
13 49
13 50
13 51
13 52
13 54
13 55
13 56
13 57
13 58
13 62
13 63
13 64
13 66
13 69
13 70
13 71
13 73
13 74
13 75
13 77
13 78
13 80
13 81
13 82
13 83
13 84
13 85
13 87
13 89
13 90
13 91
13 92
13 93
13 94
13 95
13 97
13 98
13 100
13 102
13 103
13 104
13 105
13 106
13 107
13 108
13 112
13 113
13 114
13 115
13 116
13 117
13 122
13 124
13 125
13 126
13 127
13 130
13 131
13 132
13 133
13 134
13 135
13 136
13 137
13 140
13 141
13 142
13 143
13 144
13 145
13 147
13 148
14 3
14 6
14 7
14 9
14 10
14 11
14 12
14 13
14 14
14 15
14 16
14 18
14 19
14 20
14 22
14 25
14 26
14 28
14 29
14 30
14 34
14 35
14 37
14 39
14 42
14 45
14 46
14 47
14 51
14 52
14 53
14 55
14 56
14 60
14 61
14 62
14 63
14 64
14 65
14 66
14 67
14 69
14 70
14 72
14 73
14 75
14 76
14 77
14 78
14 79
14 81
14 82
14 85
14 88
14 91
14 92
14 94
14 95
14 96
14 97
14 98
14 100
14 101
14 104
14 105
14 107
14 109
14 111
14 112
14 114
14 117
14 118
14 119
14 121
14 125
14 126
14 127
14 128
14 129
14 130
14 131
14 132
14 133
14 134
14 135
14 137
14 138
14 140
14 141
14 142
14 143
14 144
14 145
14 146
14 147
15 1
15 2
15 5
15 9
15 10
15 11
15 12
15 13
15 14
15 15
15 20
15 23
15 24
15 26
15 27
15 29
15 32
15 33
15 34
15 36
15 37
15 39
15 41
15 42
15 43
15 44
15 46
15 47
15 48
15 49
15 51
15 53
15 54
15 56
15 58
15 60
15 61
15 62
15 64
15 66
15 70
15 71
15 72
15 73
15 74
15 75
15 76
15 77
15 78
15 81
15 82
15 83
15 84
15 85
15 86
15 88
15 89
15 90
15 91
15 92
15 93
15 94
15 99
15 101
15 102
15 103
15 104
15 105
15 106
15 107
15 111
15 113
15 114
15 116
15 117
15 118
15 120
15 121
15 122
15 125
15 128
15 131
15 132
15 134
15 135
15 138
15 139
15 140
15 142
15 146
15 148
15 150
16 2
16 3
16 7
16 9
16 10
16 12
16 14
16 15
16 16
16 17
16 18
16 21
16 22
16 24
16 25
16 27
16 28
16 29
16 30
16 32
16 33
16 34
16 35
16 37
16 40
16 41
16 42
16 43
16 45
16 50
16 51
16 52
16 56
16 58
16 60
16 64
16 66
16 70
16 73
16 74
16 76
16 77
16 78
16 79
16 83
16 85
16 86
16 88
16 89
16 90
16 91
16 92
16 94
16 98
16 99
16 101
16 102
16 103
16 104
16 105
16 107
16 108
16 109
16 110
16 111
16 112
16 113
16 114
16 115
16 116
16 117
16 118
16 120
16 121
16 123
16 124
16 125
16 126
16 127
16 128
16 130
16 132
16 134
16 135
16 136
16 137
16 138
16 139
16 140
16 141
16 147
16 148
16 149
16 150
17 2
17 5
17 6
17 7
17 9
17 11
17 12
17 15
17 16
17 18
17 19
17 21
17 25
17 26
17 27
17 28
17 29
17 30
17 31
17 33
17 34
17 35
17 36
17 38
17 39
17 42
17 43
17 44
17 45
17 49
17 50
17 51
17 52
17 54
17 55
17 56
17 59
17 60
17 61
17 65
17 66
17 67
17 70
17 71
17 74
17 75
17 76
17 78
17 79
17 83
17 84
17 85
17 86
17 88
17 89
17 90
17 93
17 94
17 96
17 98
17 99
17 102
17 103
17 105
17 107
17 108
17 110
17 112
17 114
17 115
17 117
17 118
17 119
17 120
17 121
17 122
17 123
17 124
17 126
17 127
17 130
17 133
17 134
17 136
17 137
17 138
17 143
17 144
17 148
17 149
17 150
18 1
18 3
18 4
18 5
18 6
18 7
18 8
18 13
18 16
18 17
18 18
18 19
18 20
18 21
18 22
18 24
18 25
18 27
18 28
18 29
18 33
18 34
18 36
18 37
18 40
18 41
18 43
18 44
18 47
18 48
18 49
18 51
18 52
18 56
18 57
18 58
18 61
18 62
18 67
18 71
18 75
18 76
18 77
18 78
18 80
18 82
18 83
18 85
18 87
18 91
18 92
18 95
18 96
18 97
18 99
18 100
18 106
18 107
18 108
18 109
18 111
18 113
18 115
18 117
18 118
18 119
18 120
18 121
18 122
18 126
18 127
18 129
18 130
18 131
18 132
18 133
18 134
18 135
18 137
18 138
18 140
18 141
18 143
18 144
18 145
18 148
18 150
19 1
19 2
19 5
19 7
19 9
19 10
19 12
19 14
19 17
19 18
19 19
19 21
19 22
19 24
19 26
19 29
19 30
19 31
19 32
19 33
19 37
19 38
19 39
19 41
19 42
19 43
19 46
19 47
19 48
19 49
19 50
19 51
19 52
19 53
19 54
19 55
19 59
19 63
19 64
19 67
19 69
19 71
19 73
19 74
19 75
19 76
19 78
19 79
19 80
19 82
19 83
19 84
19 85
19 86
19 90
19 91
19 96
19 97
19 98
19 99
19 104
19 106
19 107
19 109
19 114
19 115
19 116
19 117
19 119
19 124
19 128
19 129
19 131
19 132
19 133
19 134
19 135
19 136
19 138
19 139
19 140
19 142
19 143
19 144
19 145
19 146
19 147
19 148
19 150
20 1
20 2
20 3
20 5
20 7
20 9
20 12
20 15
20 16
20 18
20 21
20 24
20 26
20 29
20 33
20 34
20 35
20 36
20 37
20 38
20 39
20 43
20 44
20 45
20 47
20 48
20 50
20 52
20 54
20 55
20 56
20 57
20 58
20 59
20 61
20 62
20 63
20 64
20 66
20 68
20 69
20 72
20 73
20 74
20 77
20 78
20 79
20 80
20 81
20 83
20 85
20 86
20 89
20 90
20 91
20 94
20 95
20 96
20 97
20 98
20 104
20 105
20 109
20 110
20 113
20 114
20 116
20 119
20 121
20 123
20 126
20 128
20 130
20 132
20 133
20 134
20 135
20 136
20 139
20 140
20 141
20 142
20 144
20 146
20 147
20 149
20 150
21 1
21 5
21 6
21 7
21 8
21 11
21 12
21 13
21 14
21 15
21 16
21 19
21 21
21 22
21 24
21 26
21 28
21 29
21 31
21 32
21 34
21 36
21 37
21 38
21 39
21 41
21 43
21 44
21 46
21 48
21 49
21 50
21 54
21 56
21 58
21 61
21 62
21 63
21 64
21 65
21 67
21 68
21 70
21 73
21 76
21 77
21 78
21 79
21 88
21 90
21 91
21 94
21 95
21 97
21 99
21 100
21 102
21 104
21 110
21 111
21 114
21 115
21 116
21 117
21 118
21 119
21 120
21 122
21 123
21 125
21 127
21 128
21 129
21 130
21 131
21 132
21 134
21 136
21 137
21 138
21 139
21 140
21 142
21 143
21 147
21 150
22 1
22 3
22 4
22 5
22 6
22 9
22 11
22 15
22 16
22 17
22 18
22 19
22 21
22 22
22 23
22 27
22 28
22 30
22 31
22 34
22 35
22 42
22 45
22 46
22 48
22 49
22 50
22 54
22 55
22 56
22 57
22 58
22 60
22 64
22 67
22 68
22 69
22 70
22 72
22 74
22 75
22 76
22 77
22 78
22 79
22 80
22 83
22 84
22 89
22 90
22 93
22 94
22 97
22 98
22 103
22 105
22 106
22 107
22 108
22 109
22 110
22 113
22 114
22 116
22 117
22 118
22 119
22 120
22 122
22 123
22 124
22 125
22 127
22 130
22 131
22 133
22 134
22 135
22 137
22 138
22 139
22 143
22 144
22 147
22 148
22 149
23 1
23 2
23 7
23 8
23 9
23 10
23 11
23 12
23 13
23 14
23 16
23 21
23 23
23 26
23 27
23 28
23 29
23 30
23 31
23 32
23 33
23 34
23 35
23 36
23 37
23 40
23 41
23 42
23 45
23 46
23 47
23 49
23 50
23 56
23 58
23 59
23 60
23 61
23 63
23 64
23 67
23 70
23 71
23 77
23 79
23 81
23 82
23 83
23 84
23 85
23 86
23 87
23 88
23 89
23 90
23 92
23 94
23 97
23 99
23 100
23 101
23 102
23 110
23 111
23 113
23 114
23 115
23 117
23 119
23 120
23 122
23 123
23 124
23 126
23 127
23 128
23 129
23 130
23 131
23 132
23 133
23 134
23 138
23 142
23 143
23 145
23 146
23 147
23 150
24 1
24 4
24 5
24 6
24 7
24 8
24 11
24 12
24 13
24 15
24 19
24 20
24 21
24 22
24 24
24 26
24 27
24 29
24 30
24 31
24 33
24 34
24 35
24 36
24 39
24 40
24 41
24 42
24 43
24 45
24 48
24 50
24 51
24 52
24 57
24 59
24 61
24 62
24 63
24 64
24 65
24 67
24 69
24 72
24 73
24 74
24 75
24 79
24 81
24 82
24 83
24 84
24 85
24 86
24 89
24 92
24 93
24 95
24 97
24 99
24 100
24 101
24 102
24 103
24 104
24 105
24 106
24 108
24 109
24 110
24 111
24 112
24 114
24 118
24 119
24 120
24 123
24 124
24 125
24 127
24 128
24 129
24 130
24 131
24 132
24 133
24 136
24 137
24 138
24 142
24 143
24 149
25 3
25 5
25 6
25 7
25 8
25 9
25 11
25 13
25 15
25 16
25 21
25 22
25 24
25 25
25 28
25 33
25 34
25 36
25 37
25 38
25 41
25 44
25 47
25 49
25 50
25 51
25 52
25 55
25 56
25 58
25 59
25 60
25 63
25 64
25 65
25 66
25 67
25 68
25 69
25 73
25 74
25 75
25 76
25 77
25 79
25 81
25 82
25 83
25 85
25 86
25 87
25 90
25 91
25 92
25 94
25 95
25 98
25 100
25 101
25 103
25 104
25 105
25 106
25 107
25 112
25 113
25 114
25 115
25 120
25 124
25 125
25 126
25 127
25 128
25 129
25 130
25 131
25 133
25 135
25 137
25 138
25 140
25 142
25 143
25 144
25 148
25 150
26 1
26 2
26 3
26 5
26 7
26 8
26 9
26 10
26 11
26 12
26 13
26 14
26 18
26 19
26 20
26 21
26 22
26 26
26 30
26 32
26 33
26 34
26 35
26 36
26 37
26 38
26 40
26 41
26 42
26 43
26 44
26 45
26 48
26 50
26 51
26 52
26 54
26 60
26 61
26 62
26 64
26 65
26 67
26 68
26 69
26 71
26 73
26 75
26 76
26 80
26 82
26 83
26 84
26 85
26 87
26 89
26 91
26 94
26 96
26 99
26 100
26 101
26 102
26 103
26 104
26 105
26 109
26 110
26 112
26 113
26 114
26 116
26 118
26 119
26 120
26 122
26 123
26 124
26 125
26 126
26 127
26 128
26 130
26 131
26 132
26 133
26 134
26 136
26 140
26 142
26 143
26 144
26 147
26 150
27 3
27 4
27 5
27 9
27 11
27 12
27 14
27 15
27 17
27 18
27 19
27 20
27 21
27 22
27 23
27 24
27 26
27 27
27 28
27 31
27 34
27 36
27 41
27 43
27 44
27 45
27 46
27 47
27 49
27 50
27 52
27 53
27 58
27 59
27 61
27 62
27 65
27 67
27 68
27 70
27 71
27 73
27 74
27 76
27 79
27 82
27 83
27 85
27 87
27 88
27 90
27 91
27 93
27 99
27 100
27 102
27 103
27 105
27 107
27 108
27 109
27 110
27 114
27 115
27 116
27 117
27 118
27 119
27 121
27 122
27 123
27 124
27 125
27 126
27 127
27 128
27 131
27 133
27 136
27 138
27 141
27 144
27 145
27 147
27 150
28 2
28 4
28 6
28 10
28 11
28 13
28 14
28 19
28 22
28 24
28 25
28 27
28 28
28 29
28 30
28 31
28 32
28 33
28 34
28 35
28 37
28 38
28 39
28 42
28 45
28 46
28 47
28 49
28 50
28 51
28 52
28 53
28 54
28 56
28 58
28 59
28 64
28 65
28 68
28 69
28 72
28 73
28 76
28 78
28 79
28 81
28 82
28 83
28 84
28 85
28 86
28 87
28 88
28 90
28 92
28 93
28 94
28 96
28 97
28 99
28 100
28 101
28 102
28 103
28 105
28 106
28 107
28 108
28 109
28 110
28 112
28 115
28 118
28 120
28 122
28 123
28 128
28 130
28 131
28 132
28 133
28 138
28 139
28 140
28 141
28 146
28 148
28 149
28 150
29 1
29 4
29 5
29 6
29 7
29 8
29 10
29 12
29 13
29 14
29 15
29 16
29 18
29 19
29 21
29 23
29 24
29 26
29 28
29 29
29 31
29 32
29 35
29 36
29 39
29 40
29 41
29 46
29 47
29 49
29 51
29 53
29 54
29 55
29 57
29 58
29 59
29 62
29 63
29 66
29 68
29 69
29 71
29 76
29 79
29 80
29 82
29 83
29 86
29 87
29 88
29 89
29 93
29 94
29 96
29 98
29 99
29 100
29 101
29 102
29 103
29 104
29 105
29 106
29 107
29 110
29 113
29 114
29 115
29 118
29 119
29 121
29 123
29 124
29 126
29 127
29 130
29 133
29 135
29 137
29 139
29 141
29 143
29 144
29 145
29 146
29 147
29 148
30 2
30 3
30 4
30 5
30 8
30 9
30 10
30 16
30 20
30 23
30 24
30 25
30 27
30 30
30 31
30 32
30 35
30 36
30 38
30 40
30 44
30 45
30 46
30 47
30 48
30 50
30 51
30 52
30 53
30 54
30 55
30 58
30 59
30 60
30 61
30 62
30 63
30 66
30 67
30 68
30 69
30 70
30 73
30 74
30 75
30 76
30 77
30 79
30 82
30 83
30 85
30 86
30 88
30 89
30 93
30 96
30 98
30 102
30 103
30 105
30 107
30 110
30 113
30 115
30 118
30 120
30 122
30 123
30 124
30 128
30 129
30 131
30 132
30 133
30 134
30 135
30 136
30 138
30 139
30 140
30 141
30 143
30 146
30 147
30 148
31 1
31 2
31 4
31 6
31 7
31 10
31 11
31 13
31 14
31 15
31 16
31 18
31 19
31 20
31 21
31 23
31 26
31 27
31 28
31 31
31 33
31 35
31 37
31 38
31 39
31 40
31 41
31 42
31 43
31 44
31 45
31 46
31 47
31 49
31 50
31 51
31 54
31 55
31 56
31 58
31 59
31 60
31 61
31 62
31 63
31 67
31 69
31 70
31 72
31 73
31 74
31 75
31 76
31 81
31 84
31 87
31 89
31 91
31 93
31 96
31 97
31 101
31 102
31 103
31 106
31 108
31 109
31 112
31 113
31 116
31 117
31 118
31 123
31 124
31 128
31 131
31 132
31 134
31 135
31 137
31 139
31 140
31 143
31 144
31 145
31 149
32 1
32 2
32 5
32 7
32 9
32 10
32 12
32 13
32 16
32 20
32 21
32 22
32 23
32 29
32 30
32 31
32 32
32 35
32 36
32 38
32 43
32 44
32 48
32 49
32 57
32 58
32 59
32 60
32 62
32 63
32 64
32 65
32 68
32 69
32 71
32 72
32 75
32 76
32 77
32 78
32 82
32 83
32 85
32 89
32 90
32 92
32 96
32 97
32 101
32 102
32 103
32 106
32 109
32 110
32 113
32 118
32 119
32 121
32 123
32 124
32 125
32 127
32 128
32 129
32 130
32 132
32 133
32 136
32 137
32 138
32 139
32 140
32 141
32 142
32 143
32 144
32 146
32 148
32 149
32 150
33 3
33 5
33 7
33 8
33 10
33 11
33 12
33 15
33 16
33 17
33 18
33 20
33 21
33 22
33 24
33 25
33 27
33 28
33 29
33 30
33 31
33 32
33 33
33 34
33 35
33 36
33 43
33 45
33 46
33 48
33 49
33 50
33 53
33 55
33 57
33 58
33 61
33 62
33 64
33 65
33 70
33 71
33 73
33 76
33 77
33 78
33 79
33 80
33 81
33 84
33 88
33 89
33 90
33 91
33 93
33 94
33 95
33 97
33 100
33 102
33 103
33 104
33 105
33 106
33 107
33 108
33 109
33 110
33 112
33 113
33 115
33 118
33 119
33 120
33 123
33 124
33 125
33 127
33 128
33 129
33 132
33 135
33 138
33 139
33 140
33 142
33 143
33 144
33 148
33 150
34 2
34 3
34 6
34 7
34 10
34 11
34 15
34 16
34 20
34 23
34 25
34 26
34 27
34 29
34 30
34 31
34 32
34 33
34 34
34 36
34 37
34 39
34 42
34 43
34 44
34 46
34 47
34 49
34 51
34 52
34 54
34 55
34 58
34 59
34 61
34 62
34 63
34 65
34 66
34 68
34 69
34 71
34 72
34 73
34 75
34 76
34 77
34 79
34 80
34 81
34 82
34 83
34 86
34 88
34 89
34 91
34 92
34 93
34 94
34 95
34 96
34 97
34 99
34 101
34 105
34 108
34 109
34 110
34 112
34 114
34 115
34 116
34 117
34 118
34 119
34 120
34 121
34 123
34 125
34 127
34 129
34 130
34 131
34 132
34 133
34 136
34 137
34 138
34 139
34 140
34 142
34 143
34 144
34 145
34 146
35 2
35 3
35 4
35 6
35 7
35 8
35 9
35 10
35 11
35 12
35 13
35 14
35 15
35 16
35 17
35 18
35 23
35 24
35 26
35 27
35 31
35 32
35 34
35 35
35 36
35 37
35 38
35 40
35 42
35 43
35 44
35 45
35 49
35 50
35 52
35 53
35 56
35 59
35 62
35 64
35 66
35 67
35 68
35 69
35 70
35 72
35 73
35 75
35 76
35 78
35 79
35 80
35 81
35 83
35 84
35 87
35 88
35 89
35 92
35 93
35 94
35 95
35 96
35 98
35 99
35 100
35 103
35 104
35 107
35 108
35 109
35 112
35 114
35 115
35 118
35 120
35 122
35 123
35 124
35 125
35 126
35 128
35 130
35 132
35 136
35 137
35 140
35 141
35 143
35 144
35 146
35 147
35 150
36 3
36 5
36 6
36 7
36 8
36 10
36 11
36 12
36 13
36 14
36 15
36 16
36 17
36 18
36 20
36 21
36 22
36 26
36 28
36 29
36 30
36 33
36 34
36 36
36 37
36 38
36 41
36 44
36 46
36 47
36 50
36 51
36 53
36 54
36 55
36 56
36 58
36 59
36 61
36 62
36 63
36 64
36 66
36 68
36 71
36 73
36 74
36 75
36 77
36 80
36 81
36 84
36 85
36 87
36 88
36 89
36 91
36 93
36 96
36 97
36 98
36 99
36 100
36 101
36 102
36 104
36 105
36 108
36 109
36 110
36 112
36 114
36 115
36 116
36 117
36 118
36 119
36 122
36 125
36 126
36 127
36 131
36 134
36 135
36 136
36 137
36 138
36 140
36 144
36 145
36 146
36 147
36 148
37 4
37 6
37 7
37 8
37 9
37 10
37 11
37 13
37 14
37 15
37 16
37 19
37 21
37 22
37 25
37 26
37 28
37 29
37 30
37 31
37 32
37 33
37 35
37 37
37 42
37 43
37 44
37 46
37 47
37 49
37 50
37 53
37 54
37 55
37 56
37 57
37 59
37 60
37 61
37 62
37 63
37 66
37 68
37 69
37 70
37 73
37 75
37 77
37 78
37 79
37 80
37 81
37 82
37 83
37 85
37 87
37 88
37 89
37 90
37 91
37 92
37 93
37 95
37 96
37 99
37 101
37 103
37 105
37 106
37 108
37 110
37 111
37 112
37 115
37 116
37 117
37 119
37 121
37 123
37 124
37 125
37 126
37 128
37 129
37 130
37 131
37 133
37 134
37 137
37 138
37 139
37 140
37 142
37 143
37 144
37 146
37 148
38 1
38 2
38 3
38 4
38 5
38 6
38 7
38 9
38 10
38 11
38 12
38 14
38 15
38 17
38 20
38 23
38 26
38 27
38 28
38 34
38 36
38 40
38 41
38 43
38 44
38 45
38 46
38 48
38 49
38 51
38 52
38 55
38 56
38 57
38 58
38 59
38 63
38 67
38 68
38 69
38 70
38 72
38 73
38 74
38 76
38 77
38 78
38 79
38 80
38 81
38 82
38 83
38 85
38 86
38 87
38 88
38 89
38 90
38 91
38 95
38 96
38 99
38 101
38 102
38 103
38 104
38 105
38 106
38 109
38 110
38 111
38 112
38 114
38 115
38 119
38 123
38 124
38 125
38 127
38 129
38 132
38 133
38 134
38 135
38 136
38 137
38 139
38 140
38 141
38 142
38 143
38 144
38 146
38 148
39 1
39 2
39 4
39 5
39 6
39 7
39 9
39 11
39 13
39 14
39 15
39 16
39 17
39 18
39 21
39 23
39 28
39 29
39 30
39 31
39 33
39 34
39 35
39 36
39 37
39 38
39 40
39 42
39 43
39 44
39 47
39 48
39 50
39 51
39 52
39 53
39 54
39 55
39 56
39 57
39 59
39 62
39 66
39 67
39 68
39 71
39 72
39 73
39 76
39 77
39 78
39 81
39 82
39 84
39 85
39 87
39 88
39 91
39 93
39 98
39 102
39 103
39 105
39 106
39 107
39 110
39 113
39 115
39 116
39 118
39 119
39 120
39 121
39 122
39 123
39 124
39 125
39 126
39 127
39 129
39 130
39 132
39 134
39 135
39 137
39 138
39 139
39 141
39 143
39 144
39 148
39 150
40 6
40 7
40 8
40 10
40 12
40 14
40 19
40 22
40 23
40 26
40 29
40 30
40 32
40 33
40 34
40 35
40 36
40 38
40 39
40 40
40 41
40 43
40 45
40 46
40 47
40 48
40 49
40 50
40 52
40 54
40 57
40 62
40 64
40 66
40 67
40 68
40 69
40 71
40 73
40 74
40 75
40 76
40 77
40 81
40 83
40 85
40 88
40 90
40 93
40 94
40 95
40 97
40 98
40 99
40 100
40 101
40 102
40 103
40 106
40 107
40 109
40 111
40 112
40 113
40 115
40 117
40 119
40 125
40 126
40 127
40 128
40 129
40 131
40 132
40 133
40 135
40 136
40 139
40 140
40 141
40 142
40 145
40 146
40 148
40 149
40 150
41 3
41 4
41 5
41 6
41 7
41 8
41 9
41 10
41 13
41 14
41 15
41 16
41 18
41 24
41 25
41 26
41 27
41 30
41 31
41 33
41 34
41 36
41 37
41 38
41 39
41 41
41 42
41 44
41 46
41 47
41 48
41 49
41 51
41 52
41 54
41 55
41 56
41 57
41 58
41 62
41 63
41 64
41 65
41 67
41 68
41 70
41 71
41 73
41 75
41 76
41 79
41 80
41 81
41 82
41 83
41 85
41 86
41 89
41 92
41 93
41 95
41 98
41 99
41 101
41 102
41 106
41 107
41 109
41 110
41 111
41 112
41 113
41 117
41 118
41 122
41 123
41 125
41 127
41 128
41 129
41 133
41 136
41 138
41 139
41 142
41 143
41 144
41 145
41 148
41 149
42 1
42 2
42 5
42 7
42 8
42 10
42 12
42 13
42 15
42 16
42 19
42 20
42 21
42 22
42 23
42 25
42 26
42 27
42 28
42 29
42 30
42 33
42 35
42 36
42 39
42 43
42 44
42 45
42 46
42 47
42 48
42 49
42 50
42 52
42 53
42 54
42 55
42 56
42 57
42 61
42 62
42 63
42 67
42 68
42 69
42 71
42 74
42 75
42 76
42 77
42 78
42 80
42 82
42 83
42 87
42 89
42 91
42 93
42 95
42 96
42 97
42 99
42 100
42 102
42 106
42 108
42 109
42 112
42 114
42 115
42 116
42 117
42 118
42 119
42 121
42 122
42 123
42 124
42 126
42 129
42 130
42 131
42 132
42 134
42 136
42 137
42 138
42 139
42 140
42 141
42 142
42 144
42 145
42 146
42 150
43 1
43 2
43 4
43 5
43 6
43 7
43 10
43 12
43 13
43 14
43 15
43 16
43 20
43 22
43 23
43 24
43 26
43 28
43 30
43 32
43 33
43 35
43 37
43 40
43 41
43 42
43 43
43 46
43 48
43 49
43 50
43 51
43 52
43 55
43 58
43 59
43 64
43 67
43 70
43 71
43 72
43 73
43 74
43 75
43 76
43 78
43 79
43 80
43 81
43 83
43 84
43 85
43 86
43 88
43 89
43 90
43 94
43 95
43 96
43 97
43 98
43 99
43 101
43 104
43 106
43 107
43 109
43 110
43 111
43 112
43 113
43 114
43 115
43 117
43 118
43 119
43 120
43 121
43 122
43 123
43 126
43 127
43 128
43 129
43 130
43 131
43 132
43 133
43 135
43 138
43 139
43 140
43 141
43 142
43 143
43 144
43 146
43 149
43 150
44 1
44 2
44 4
44 5
44 6
44 7
44 9
44 12
44 13
44 14
44 16
44 17
44 18
44 19
44 21
44 22
44 23
44 26
44 30
44 31
44 33
44 34
44 35
44 36
44 39
44 41
44 42
44 44
44 45
44 46
44 47
44 48
44 52
44 53
44 54
44 55
44 56
44 57
44 58
44 62
44 63
44 64
44 65
44 66
44 67
44 71
44 72
44 73
44 76
44 78
44 80
44 81
44 82
44 84
44 86
44 88
44 89
44 90
44 91
44 92
44 93
44 94
44 95
44 98
44 100
44 101
44 104
44 105
44 106
44 107
44 115
44 117
44 119
44 120
44 122
44 123
44 126
44 128
44 129
44 131
44 132
44 137
44 139
44 141
44 142
44 144
44 146
44 147
45 1
45 2
45 5
45 6
45 7
45 8
45 10
45 11
45 12
45 15
45 17
45 18
45 20
45 21
45 22
45 27
45 29
45 30
45 31
45 32
45 33
45 34
45 35
45 36
45 39
45 40
45 41
45 42
45 43
45 44
45 45
45 46
45 48
45 50
45 51
45 52
45 54
45 56
45 58
45 59
45 60
45 62
45 64
45 65
45 66
45 67
45 69
45 71
45 74
45 76
45 77
45 80
45 81
45 82
45 83
45 84
45 85
45 90
45 91
45 92
45 94
45 96
45 97
45 99
45 100
45 103
45 104
45 105
45 107
45 109
45 114
45 119
45 120
45 121
45 122
45 123
45 124
45 125
45 127
45 128
45 129
45 131
45 134
45 135
45 138
45 141
45 142
45 143
45 145
45 146
45 147
45 148
45 149
45 150
46 1
46 2
46 3
46 4
46 5
46 6
46 7
46 8
46 10
46 11
46 12
46 14
46 16
46 18
46 19
46 21
46 22
46 24
46 27
46 30
46 31
46 33
46 34
46 35
46 36
46 38
46 41
46 43
46 44
46 46
46 47
46 49
46 50
46 51
46 52
46 53
46 57
46 59
46 61
46 62
46 63
46 65
46 66
46 67
46 69
46 71
46 72
46 74
46 77
46 78
46 79
46 80
46 83
46 84
46 85
46 86
46 87
46 88
46 89
46 90
46 91
46 92
46 94
46 95
46 96
46 98
46 99
46 100
46 101
46 104
46 106
46 108
46 109
46 112
46 113
46 115
46 116
46 117
46 118
46 119
46 120
46 124
46 126
46 128
46 129
46 131
46 133
46 134
46 135
46 136
46 138
46 139
46 140
46 143
46 144
46 145
47 2
47 5
47 6
47 7
47 8
47 9
47 11
47 12
47 13
47 15
47 17
47 19
47 20
47 21
47 22
47 23
47 24
47 26
47 27
47 28
47 29
47 31
47 32
47 38
47 40
47 41
47 43
47 44
47 45
47 47
47 50
47 51
47 52
47 53
47 56
47 58
47 61
47 62
47 66
47 67
47 69
47 70
47 71
47 72
47 73
47 76
47 77
47 78
47 79
47 82
47 83
47 84
47 85
47 86
47 88
47 92
47 94
47 96
47 97
47 98
47 100
47 102
47 103
47 104
47 105
47 107
47 108
47 112
47 113
47 114
47 115
47 117
47 118
47 121
47 123
47 124
47 128
47 130
47 132
47 134
47 135
47 136
47 138
47 139
47 143
47 145
47 149
47 150
48 2
48 3
48 8
48 9
48 10
48 11
48 12
48 13
48 14
48 15
48 18
48 19
48 20
48 23
48 32
48 33
48 36
48 37
48 38
48 41
48 43
48 47
48 49
48 50
48 51
48 52
48 54
48 55
48 58
48 59
48 62
48 63
48 64
48 65
48 66
48 67
48 68
48 70
48 74
48 75
48 77
48 80
48 81
48 82
48 83
48 86
48 89
48 90
48 91
48 93
48 96
48 97
48 98
48 100
48 102
48 104
48 107
48 108
48 109
48 111
48 112
48 113
48 114
48 115
48 116
48 119
48 120
48 121
48 122
48 125
48 126
48 127
48 130
48 131
48 132
48 133
48 134
48 135
48 136
48 137
48 138
48 140
48 141
48 143
48 146
48 148
48 149
48 150
49 3
49 4
49 5
49 6
49 9
49 10
49 11
49 13
49 15
49 16
49 18
49 20
49 21
49 25
49 28
49 29
49 30
49 32
49 33
49 34
49 36
49 38
49 39
49 41
49 42
49 44
49 46
49 47
49 48
49 49
49 51
49 52
49 56
49 58
49 60
49 61
49 63
49 65
49 66
49 68
49 69
49 72
49 73
49 75
49 76
49 77
49 78
49 80
49 82
49 83
49 88
49 89
49 91
49 92
49 93
49 95
49 96
49 97
49 99
49 101
49 102
49 103
49 107
49 108
49 109
49 111
49 113
49 118
49 122
49 123
49 127
49 128
49 131
49 133
49 134
49 135
49 137
49 140
49 141
49 142
49 144
49 145
49 146
49 147
50 2
50 4
50 5
50 6
50 8
50 9
50 10
50 11
50 13
50 16
50 18
50 19
50 20
50 22
50 27
50 28
50 29
50 30
50 32
50 35
50 36
50 37
50 41
50 42
50 43
50 45
50 46
50 48
50 49
50 50
50 51
50 53
50 54
50 55
50 56
50 58
50 61
50 63
50 64
50 66
50 67
50 68
50 71
50 73
50 74
50 75
50 76
50 77
50 78
50 79
50 80
50 81
50 84
50 85
50 89
50 90
50 91
50 93
50 97
50 98
50 99
50 101
50 102
50 104
50 105
50 108
50 109
50 110
50 111
50 112
50 113
50 114
50 116
50 117
50 119
50 121
50 122
50 123
50 124
50 125
50 127
50 128
50 129
50 130
50 132
50 136
50 141
50 142
50 143
50 144
50 146
50 148
50 149
50 150
51 1
51 3
51 4
51 5
51 7
51 8
51 10
51 13
51 14
51 15
51 18
51 22
51 23
51 25
51 28
51 31
51 32
51 33
51 34
51 36
51 38
51 40
51 42
51 44
51 46
51 49
51 52
51 54
51 55
51 56
51 57
51 59
51 62
51 64
51 65
51 66
51 67
51 68
51 74
51 75
51 76
51 80
51 82
51 83
51 84
51 86
51 87
51 88
51 89
51 90
51 92
51 97
51 98
51 99
51 100
51 105
51 108
51 109
51 110
51 113
51 114
51 116
51 117
51 119
51 120
51 122
51 123
51 126
51 127
51 128
51 129
51 130
51 134
51 135
51 137
51 139
51 141
51 142
51 143
51 147
51 148
51 149
52 2
52 5
52 7
52 8
52 11
52 12
52 18
52 19
52 20
52 21
52 23
52 24
52 25
52 31
52 32
52 40
52 41
52 42
52 44
52 45
52 46
52 47
52 48
52 49
52 50
52 56
52 57
52 59
52 62
52 63
52 64
52 65
52 66
52 68
52 69
52 73
52 74
52 75
52 80
52 83
52 84
52 85
52 86
52 87
52 88
52 93
52 96
52 97
52 101
52 102
52 103
52 104
52 106
52 107
52 109
52 112
52 113
52 114
52 115
52 119
52 120
52 121
52 122
52 123
52 126
52 127
52 128
52 130
52 131
52 139
52 140
52 141
52 143
52 144
52 145
52 146
52 147
52 149
53 2
53 3
53 4
53 6
53 7
53 8
53 9
53 11
53 12
53 14
53 16
53 17
53 20
53 21
53 22
53 23
53 25
53 27
53 28
53 29
53 31
53 33
53 34
53 35
53 36
53 38
53 39
53 40
53 41
53 42
53 43
53 45
53 47
53 50
53 51
53 52
53 53
53 54
53 55
53 56
53 58
53 59
53 60
53 64
53 67
53 68
53 70
53 72
53 74
53 75
53 76
53 77
53 78
53 79
53 80
53 81
53 82
53 87
53 88
53 89
53 91
53 92
53 94
53 95
53 96
53 97
53 99
53 100
53 102
53 103
53 104
53 105
53 106
53 109
53 110
53 111
53 112
53 113
53 118
53 119
53 120
53 121
53 123
53 124
53 127
53 128
53 130
53 131
53 132
53 133
53 134
53 135
53 136
53 138
53 139
53 141
53 142
53 143
53 144
53 145
53 147
53 149
53 150
54 1
54 2
54 3
54 5
54 6
54 8
54 9
54 11
54 14
54 16
54 18
54 19
54 21
54 23
54 26
54 27
54 28
54 29
54 32
54 36
54 37
54 42
54 43
54 45
54 47
54 48
54 50
54 51
54 54
54 56
54 59
54 60
54 62
54 63
54 64
54 65
54 66
54 68
54 70
54 71
54 73
54 74
54 75
54 77
54 78
54 79
54 80
54 81
54 82
54 83
54 84
54 85
54 87
54 88
54 89
54 90
54 92
54 93
54 94
54 98
54 104
54 106
54 107
54 111
54 112
54 114
54 115
54 116
54 117
54 118
54 120
54 121
54 126
54 127
54 128
54 129
54 130
54 131
54 132
54 133
54 134
54 135
54 137
54 138
54 139
54 141
54 143
54 145
54 147
54 148
54 150
55 2
55 4
55 6
55 7
55 8
55 11
55 13
55 14
55 15
55 17
55 18
55 19
55 20
55 21
55 22
55 23
55 25
55 26
55 28
55 29
55 30
55 31
55 32
55 33
55 34
55 37
55 38
55 39
55 40
55 42
55 43
55 44
55 46
55 48
55 49
55 50
55 52
55 53
55 54
55 56
55 57
55 58
55 60
55 62
55 65
55 66
55 68
55 69
55 70
55 71
55 72
55 73
55 75
55 77
55 78
55 82
55 83
55 85
55 86
55 87
55 90
55 92
55 93
55 94
55 95
55 96
55 97
55 99
55 100
55 101
55 102
55 103
55 105
55 106
55 107
55 108
55 109
55 110
55 111
55 112
55 114
55 115
55 117
55 118
55 122
55 123
55 124
55 125
55 128
55 133
55 137
55 138
55 140
55 142
55 145
55 146
55 147
55 148
55 149
56 2
56 3
56 5
56 7
56 12
56 14
56 16
56 17
56 18
56 19
56 20
56 21
56 23
56 24
56 25
56 29
56 33
56 34
56 35
56 36
56 40
56 42
56 43
56 46
56 49
56 50
56 51
56 52
56 54
56 55
56 56
56 57
56 61
56 62
56 65
56 66
56 70
56 71
56 72
56 74
56 75
56 77
56 79
56 82
56 83
56 84
56 85
56 86
56 87
56 88
56 89
56 90
56 91
56 93
56 94
56 95
56 96
56 97
56 98
56 99
56 100
56 101
56 102
56 104
56 107
56 108
56 110
56 111
56 113
56 115
56 116
56 117
56 121
56 122
56 126
56 130
56 131
56 133
56 135
56 137
56 140
56 141
56 147
56 148
56 149
57 1
57 9
57 11
57 12
57 15
57 18
57 19
57 20
57 21
57 22
57 24
57 26
57 28
57 29
57 32
57 33
57 34
57 35
57 36
57 37
57 38
57 40
57 41
57 42
57 43
57 46
57 47
57 48
57 49
57 50
57 52
57 54
57 55
57 57
57 58
57 59
57 60
57 61
57 62
57 64
57 65
57 66
57 70
57 72
57 74
57 75
57 77
57 83
57 85
57 87
57 88
57 90
57 91
57 92
57 94
57 95
57 99
57 102
57 107
57 109
57 110
57 112
57 115
57 116
57 118
57 120
57 121
57 123
57 124
57 126
57 128
57 130
57 133
57 134
57 137
57 139
57 140
57 141
57 143
57 144
57 146
57 147
57 149
57 150
58 1
58 3
58 4
58 5
58 6
58 7
58 8
58 10
58 11
58 15
58 19
58 20
58 23
58 25
58 26
58 27
58 28
58 33
58 35
58 36
58 38
58 39
58 41
58 42
58 47
58 48
58 49
58 50
58 52
58 53
58 54
58 55
58 56
58 57
58 58
58 59
58 61
58 62
58 63
58 65
58 66
58 67
58 68
58 70
58 71
58 72
58 73
58 76
58 77
58 78
58 79
58 81
58 82
58 83
58 85
58 86
58 87
58 89
58 90
58 91
58 92
58 93
58 95
58 96
58 99
58 100
58 101
58 102
58 103
58 104
58 105
58 106
58 107
58 110
58 111
58 112
58 113
58 115
58 116
58 117
58 120
58 122
58 124
58 125
58 126
58 128
58 130
58 131
58 132
58 133
58 134
58 138
58 141
58 144
58 148
58 149
58 150
59 4
59 5
59 6
59 7
59 9
59 11
59 15
59 16
59 17
59 19
59 21
59 22
59 26
59 27
59 28
59 29
59 31
59 33
59 37
59 39
59 40
59 41
59 42
59 43
59 44
59 46
59 47
59 51
59 52
59 55
59 56
59 58
59 59
59 60
59 61
59 62
59 65
59 70
59 71
59 72
59 74
59 76
59 77
59 84
59 85
59 86
59 87
59 88
59 89
59 90
59 91
59 96
59 97
59 99
59 100
59 101
59 103
59 104
59 105
59 107
59 109
59 110
59 112
59 114
59 117
59 120
59 122
59 124
59 125
59 126
59 129
59 130
59 131
59 135
59 136
59 137
59 138
59 140
59 141
59 143
59 146
59 147
59 148
59 150
60 5
60 9
60 11
60 13
60 16
60 18
60 19
60 20
60 21
60 23
60 26
60 27
60 28
60 30
60 31
60 32
60 33
60 34
60 36
60 37
60 38
60 40
60 41
60 43
60 44
60 45
60 49
60 51
60 52
60 53
60 58
60 59
60 64
60 66
60 69
60 70
60 73
60 74
60 75
60 82
60 83
60 85
60 86
60 88
60 90
60 91
60 92
60 93
60 94
60 95
60 96
60 97
60 99
60 102
60 103
60 105
60 107
60 108
60 109
60 110
60 113
60 115
60 117
60 118
60 120
60 121
60 122
60 126
60 128
60 129
60 130
60 131
60 132
60 134
60 135
60 138
60 140
60 143
60 144
60 145
60 147
60 148
60 149
60 150
61 2
61 6
61 10
61 12
61 13
61 15
61 16
61 17
61 18
61 20
61 21
61 22
61 23
61 24
61 25
61 26
61 27
61 28
61 29
61 30
61 31
61 33
61 34
61 37
61 40
61 41
61 42
61 44
61 47
61 48
61 51
61 52
61 53
61 57
61 58
61 59
61 63
61 65
61 66
61 67
61 68
61 69
61 72
61 73
61 74
61 75
61 76
61 77
61 78
61 81
61 83
61 85
61 86
61 87
61 89
61 90
61 91
61 93
61 95
61 97
61 98
61 99
61 104
61 106
61 107
61 108
61 112
61 114
61 115
61 116
61 118
61 119
61 120
61 122
61 124
61 125
61 126
61 127
61 130
61 131
61 133
61 134
61 135
61 136
61 137
61 139
61 144
61 146
61 148
61 149
61 150
62 2
62 4
62 5
62 6
62 7
62 11
62 12
62 13
62 14
62 15
62 17
62 25
62 26
62 27
62 29
62 30
62 31
62 33
62 36
62 39
62 42
62 43
62 44
62 49
62 51
62 53
62 54
62 55
62 56
62 57
62 58
62 62
62 63
62 64
62 66
62 67
62 72
62 73
62 75
62 79
62 83
62 84
62 85
62 87
62 88
62 89
62 93
62 94
62 96
62 97
62 98
62 99
62 101
62 102
62 103
62 104
62 105
62 106
62 109
62 110
62 111
62 115
62 116
62 117
62 118
62 120
62 123
62 124
62 125
62 130
62 131
62 132
62 135
62 136
62 137
62 138
62 141
62 142
62 143
62 145
62 146
62 147
62 148
62 149
62 150
63 1
63 2
63 5
63 7
63 9
63 10
63 11
63 13
63 14
63 16
63 17
63 18
63 19
63 20
63 21
63 22
63 24
63 26
63 27
63 28
63 29
63 31
63 32
63 33
63 34
63 36
63 37
63 39
63 40
63 41
63 42
63 47
63 49
63 50
63 51
63 53
63 54
63 55
63 56
63 59
63 60
63 64
63 66
63 67
63 68
63 69
63 70
63 80
63 81
63 82
63 86
63 87
63 89
63 91
63 92
63 93
63 94
63 95
63 96
63 97
63 98
63 99
63 101
63 102
63 104
63 107
63 108
63 109
63 110
63 111
63 113
63 114
63 115
63 116
63 117
63 118
63 119
63 121
63 123
63 124
63 125
63 126
63 127
63 128
63 130
63 132
63 134
63 135
63 138
63 139
63 140
63 141
63 142
63 143
63 144
63 145
63 146
63 147
63 148
63 149
64 1
64 2
64 3
64 5
64 6
64 7
64 8
64 9
64 10
64 15
64 16
64 18
64 19
64 20
64 21
64 22
64 23
64 24
64 26
64 27
64 28
64 29
64 32
64 33
64 34
64 36
64 37
64 39
64 40
64 46
64 47
64 49
64 50
64 51
64 52
64 53
64 54
64 55
64 56
64 57
64 58
64 62
64 65
64 66
64 67
64 68
64 69
64 74
64 75
64 76
64 78
64 81
64 83
64 84
64 85
64 86
64 87
64 89
64 90
64 91
64 92
64 93
64 94
64 98
64 100
64 101
64 102
64 103
64 104
64 105
64 106
64 109
64 111
64 114
64 116
64 117
64 120
64 121
64 123
64 124
64 125
64 126
64 127
64 128
64 130
64 131
64 133
64 136
64 138
64 139
64 140
64 141
64 144
64 145
64 146
64 148
64 149
64 150
65 1
65 2
65 3
65 5
65 6
65 8
65 11
65 12
65 14
65 18
65 19
65 21
65 22
65 24
65 25
65 26
65 30
65 31
65 32
65 33
65 35
65 37
65 39
65 40
65 42
65 46
65 47
65 48
65 49
65 50
65 52
65 54
65 56
65 58
65 59
65 61
65 62
65 64
65 69
65 72
65 73
65 74
65 76
65 77
65 80
65 81
65 82
65 83
65 84
65 85
65 88
65 89
65 91
65 92
65 94
65 96
65 97
65 98
65 99
65 100
65 101
65 102
65 107
65 108
65 109
65 111
65 113
65 116
65 118
65 121
65 122
65 123
65 124
65 125
65 131
65 132
65 133
65 137
65 138
65 139
65 142
65 143
65 149
65 150
66 1
66 4
66 8
66 11
66 14
66 15
66 16
66 17
66 18
66 20
66 23
66 24
66 25
66 27
66 28
66 29
66 30
66 32
66 33
66 34
66 35
66 36
66 37
66 38
66 39
66 41
66 42
66 45
66 46
66 47
66 48
66 52
66 53
66 55
66 59
66 61
66 64
66 69
66 70
66 72
66 73
66 76
66 79
66 80
66 81
66 82
66 83
66 84
66 85
66 86
66 87
66 88
66 89
66 90
66 91
66 92
66 93
66 94
66 96
66 97
66 99
66 101
66 102
66 103
66 104
66 105
66 106
66 107
66 110
66 111
66 113
66 114
66 115
66 116
66 118
66 119
66 121
66 123
66 124
66 125
66 127
66 129
66 130
66 131
66 132
66 134
66 135
66 136
66 137
66 143
66 144
66 146
66 148
66 149
66 150
67 1
67 2
67 3
67 4
67 6
67 8
67 9
67 11
67 16
67 18
67 19
67 20
67 22
67 23
67 24
67 25
67 26
67 29
67 30
67 31
67 32
67 33
67 34
67 35
67 37
67 38
67 39
67 40
67 41
67 44
67 45
67 47
67 49
67 51
67 55
67 56
67 57
67 58
67 59
67 60
67 62
67 63
67 64
67 66
67 67
67 69
67 72
67 75
67 76
67 79
67 80
67 82
67 83
67 85
67 86
67 89
67 91
67 95
67 96
67 97
67 98
67 99
67 100
67 101
67 102
67 104
67 106
67 107
67 109
67 110
67 111
67 116
67 117
67 119
67 120
67 121
67 122
67 124
67 125
67 126
67 127
67 128
67 131
67 132
67 133
67 135
67 137
67 140
67 142
67 143
67 144
67 145
67 146
67 147
67 148
67 149
68 1
68 2
68 3
68 5
68 7
68 8
68 9
68 10
68 12
68 13
68 14
68 15
68 17
68 18
68 19
68 20
68 21
68 22
68 24
68 25
68 27
68 28
68 29
68 30
68 32
68 33
68 34
68 35
68 37
68 42
68 45
68 46
68 47
68 48
68 49
68 50
68 51
68 52
68 53
68 55
68 56
68 57
68 58
68 59
68 60
68 63
68 64
68 66
68 68
68 70
68 71
68 72
68 73
68 75
68 77
68 78
68 79
68 81
68 82
68 84
68 85
68 86
68 87
68 89
68 90
68 93
68 94
68 95
68 96
68 97
68 98
68 99
68 100
68 102
68 103
68 104
68 105
68 106
68 107
68 108
68 109
68 112
68 113
68 116
68 117
68 118
68 119
68 121
68 123
68 124
68 126
68 127
68 128
68 129
68 130
68 134
68 135
68 136
68 139
68 140
68 141
68 142
68 143
68 145
68 147
68 149
69 1
69 3
69 5
69 6
69 8
69 9
69 11
69 12
69 13
69 20
69 21
69 23
69 24
69 26
69 28
69 29
69 30
69 31
69 32
69 33
69 34
69 37
69 39
69 40
69 42
69 44
69 45
69 46
69 47
69 49
69 52
69 53
69 54
69 55
69 58
69 62
69 64
69 66
69 67
69 69
69 70
69 72
69 73
69 74
69 75
69 76
69 77
69 78
69 80
69 81
69 82
69 85
69 86
69 88
69 89
69 90
69 91
69 97
69 99
69 100
69 101
69 102
69 103
69 104
69 106
69 107
69 108
69 109
69 111
69 112
69 113
69 114
69 115
69 118
69 119
69 120
69 121
69 123
69 128
69 130
69 137
69 140
69 142
69 143
69 146
69 147
69 149
70 1
70 4
70 6
70 7
70 11
70 12
70 13
70 14
70 18
70 19
70 21
70 23
70 24
70 25
70 28
70 29
70 30
70 31
70 32
70 37
70 39
70 40
70 43
70 44
70 45
70 47
70 48
70 49
70 50
70 51
70 53
70 59
70 60
70 61
70 63
70 64
70 67
70 69
70 70
70 71
70 73
70 74
70 76
70 77
70 81
70 82
70 83
70 86
70 87
70 88
70 89
70 90
70 91
70 93
70 95
70 96
70 97
70 99
70 100
70 103
70 105
70 106
70 107
70 108
70 109
70 116
70 117
70 118
70 120
70 121
70 122
70 123
70 124
70 125
70 127
70 130
70 131
70 132
70 134
70 135
70 136
70 137
70 138
70 139
70 143
70 146
70 150
71 2
71 4
71 8
71 10
71 12
71 13
71 14
71 15
71 16
71 17
71 18
71 19
71 20
71 24
71 25
71 26
71 28
71 29
71 30
71 33
71 35
71 37
71 40
71 41
71 42
71 45
71 46
71 47
71 49
71 51
71 56
71 58
71 64
71 66
71 67
71 68
71 69
71 73
71 74
71 75
71 76
71 77
71 82
71 83
71 85
71 89
71 90
71 91
71 93
71 94
71 95
71 96
71 97
71 98
71 100
71 103
71 105
71 107
71 109
71 110
71 112
71 114
71 115
71 117
71 119
71 123
71 124
71 125
71 126
71 127
71 132
71 133
71 134
71 135
71 137
71 138
71 140
71 141
71 144
71 146
71 148
71 149
71 150
72 1
72 2
72 4
72 5
72 6
72 7
72 8
72 9
72 10
72 11
72 12
72 14
72 15
72 16
72 22
72 25
72 26
72 28
72 31
72 35
72 37
72 38
72 41
72 42
72 47
72 48
72 50
72 51
72 52
72 53
72 55
72 56
72 57
72 58
72 59
72 60
72 65
72 67
72 68
72 69
72 74
72 75
72 76
72 77
72 78
72 80
72 81
72 86
72 87
72 88
72 89
72 91
72 92
72 93
72 94
72 96
72 97
72 98
72 99
72 100
72 101
72 103
72 104
72 105
72 107
72 109
72 110
72 112
72 113
72 114
72 115
72 116
72 117
72 118
72 120
72 121
72 122
72 124
72 125
72 127
72 130
72 131
72 132
72 134
72 139
72 140
72 141
72 142
72 144
72 145
72 148
72 149
73 1
73 2
73 3
73 4
73 5
73 8
73 9
73 10
73 11
73 12
73 15
73 16
73 20
73 23
73 24
73 25
73 27
73 28
73 29
73 31
73 33
73 34
73 35
73 36
73 39
73 41
73 42
73 44
73 46
73 52
73 53
73 54
73 57
73 60
73 61
73 62
73 64
73 65
73 66
73 69
73 70
73 73
73 74
73 75
73 78
73 79
73 80
73 82
73 85
73 87
73 89
73 92
73 94
73 95
73 96
73 97
73 98
73 99
73 100
73 101
73 107
73 108
73 109
73 110
73 114
73 115
73 116
73 117
73 119
73 120
73 122
73 124
73 125
73 126
73 127
73 128
73 129
73 131
73 132
73 133
73 134
73 137
73 138
73 139
73 141
73 143
73 145
73 147
73 150
74 2
74 3
74 6
74 7
74 11
74 13
74 19
74 21
74 22
74 24
74 26
74 27
74 28
74 29
74 30
74 31
74 35
74 38
74 39
74 43
74 44
74 46
74 49
74 55
74 56
74 60
74 61
74 63
74 64
74 65
74 66
74 67
74 69
74 72
74 77
74 78
74 80
74 82
74 83
74 84
74 85
74 86
74 87
74 88
74 90
74 91
74 94
74 96
74 101
74 103
74 104
74 106
74 107
74 109
74 110
74 111
74 114
74 115
74 116
74 118
74 120
74 122
74 123
74 124
74 127
74 129
74 130
74 131
74 132
74 134
74 135
74 137
74 139
74 142
74 143
74 144
74 146
74 148
74 149
74 150
75 1
75 5
75 6
75 7
75 9
75 12
75 13
75 14
75 16
75 19
75 23
75 24
75 28
75 29
75 30
75 31
75 32
75 33
75 37
75 39
75 40
75 42
75 46
75 48
75 49
75 51
75 54
75 55
75 57
75 59
75 60
75 61
75 63
75 65
75 66
75 75
75 76
75 77
75 79
75 80
75 85
75 87
75 88
75 90
75 93
75 95
75 97
75 98
75 100
75 102
75 107
75 108
75 109
75 115
75 116
75 117
75 118
75 121
75 122
75 124
75 127
75 131
75 135
75 137
75 138
75 139
75 141
75 142
75 145
75 148
75 149
76 1
76 2
76 3
76 4
76 5
76 7
76 8
76 9
76 10
76 11
76 13
76 14
76 15
76 17
76 18
76 20
76 23
76 24
76 27
76 28
76 29
76 32
76 35
76 37
76 39
76 41
76 42
76 43
76 46
76 47
76 48
76 50
76 53
76 54
76 55
76 56
76 57
76 58
76 60
76 63
76 64
76 65
76 67
76 68
76 71
76 73
76 75
76 76
76 80
76 81
76 82
76 83
76 85
76 86
76 87
76 88
76 89
76 91
76 96
76 100
76 101
76 102
76 103
76 104
76 106
76 107
76 108
76 109
76 110
76 111
76 115
76 117
76 118
76 120
76 122
76 124
76 127
76 132
76 133
76 135
76 137
76 138
76 139
76 140
76 141
76 142
76 143
76 144
76 145
76 146
76 149
76 150
77 3
77 5
77 7
77 9
77 11
77 13
77 15
77 19
77 20
77 21
77 22
77 24
77 25
77 26
77 27
77 29
77 30
77 31
77 32
77 33
77 38
77 39
77 43
77 44
77 45
77 46
77 47
77 49
77 50
77 51
77 52
77 55
77 56
77 57
77 58
77 61
77 62
77 63
77 64
77 65
77 67
77 70
77 71
77 72
77 73
77 74
77 76
77 78
77 87
77 90
77 91
77 92
77 93
77 94
77 95
77 96
77 100
77 101
77 102
77 104
77 105
77 106
77 108
77 109
77 111
77 112
77 113
77 115
77 116
77 118
77 119
77 120
77 121
77 123
77 126
77 128
77 129
77 130
77 132
77 134
77 136
77 138
77 139
77 140
77 141
77 144
77 146
77 148
77 149
77 150
78 1
78 2
78 3
78 4
78 6
78 11
78 12
78 13
78 14
78 16
78 20
78 21
78 22
78 23
78 25
78 26
78 27
78 29
78 30
78 34
78 35
78 36
78 38
78 39
78 40
78 41
78 45
78 47
78 49
78 50
78 51
78 52
78 53
78 56
78 57
78 58
78 60
78 61
78 62
78 63
78 64
78 66
78 71
78 72
78 73
78 74
78 76
78 77
78 78
78 79
78 80
78 83
78 84
78 87
78 88
78 92
78 94
78 95
78 97
78 99
78 104
78 105
78 107
78 108
78 110
78 111
78 112
78 113
78 116
78 119
78 121
78 122
78 124
78 125
78 126
78 131
78 133
78 134
78 135
78 136
78 137
78 138
78 139
78 141
78 142
78 143
78 144
78 145
78 148
79 1
79 2
79 3
79 8
79 9
79 10
79 11
79 12
79 16
79 17
79 18
79 19
79 20
79 21
79 23
79 25
79 26
79 28
79 29
79 31
79 32
79 35
79 40
79 42
79 44
79 46
79 49
79 51
79 52
79 55
79 57
79 61
79 63
79 65
79 66
79 68
79 69
79 71
79 73
79 75
79 76
79 77
79 79
79 81
79 83
79 86
79 88
79 90
79 91
79 92
79 93
79 94
79 96
79 98
79 99
79 100
79 101
79 102
79 104
79 108
79 109
79 110
79 111
79 112
79 113
79 116
79 120
79 121
79 125
79 126
79 127
79 130
79 131
79 133
79 134
79 136
79 137
79 139
79 141
79 142
79 143
79 146
79 148
79 149
79 150
80 1
80 2
80 5
80 6
80 7
80 8
80 9
80 10
80 12
80 13
80 14
80 15
80 19
80 22
80 23
80 24
80 26
80 27
80 28
80 29
80 30
80 32
80 33
80 38
80 39
80 41
80 42
80 44
80 47
80 48
80 49
80 51
80 53
80 54
80 55
80 57
80 59
80 60
80 61
80 62
80 63
80 72
80 73
80 77
80 79
80 81
80 83
80 84
80 85
80 86
80 87
80 88
80 89
80 90
80 91
80 92
80 93
80 94
80 97
80 98
80 100
80 101
80 102
80 103
80 104
80 106
80 107
80 108
80 110
80 112
80 113
80 114
80 116
80 117
80 118
80 119
80 120
80 121
80 122
80 123
80 124
80 127
80 130
80 132
80 133
80 135
80 136
80 137
80 138
80 140
80 141
80 144
80 148
80 149
80 150
81 1
81 2
81 3
81 4
81 5
81 8
81 9
81 12
81 13
81 15
81 18
81 20
81 22
81 23
81 24
81 26
81 28
81 29
81 30
81 31
81 32
81 33
81 34
81 35
81 37
81 40
81 41
81 42
81 43
81 44
81 45
81 46
81 48
81 49
81 53
81 54
81 55
81 56
81 57
81 59
81 60
81 61
81 62
81 63
81 64
81 65
81 66
81 69
81 70
81 73
81 76
81 78
81 79
81 80
81 82
81 83
81 85
81 86
81 87
81 89
81 90
81 92
81 96
81 98
81 100
81 101
81 102
81 104
81 105
81 106
81 108
81 109
81 112
81 114
81 115
81 117
81 119
81 120
81 121
81 122
81 123
81 124
81 125
81 127
81 128
81 129
81 130
81 134
81 135
81 136
81 137
81 142
81 143
81 144
81 147
81 149
82 3
82 5
82 6
82 7
82 8
82 10
82 11
82 15
82 16
82 17
82 18
82 20
82 22
82 31
82 32
82 33
82 34
82 35
82 36
82 39
82 40
82 41
82 42
82 43
82 44
82 48
82 49
82 50
82 51
82 53
82 54
82 56
82 58
82 59
82 61
82 62
82 65
82 66
82 67
82 68
82 69
82 71
82 72
82 73
82 75
82 76
82 78
82 79
82 80
82 82
82 84
82 85
82 86
82 87
82 92
82 93
82 94
82 95
82 96
82 97
82 99
82 101
82 103
82 104
82 105
82 106
82 107
82 108
82 111
82 112
82 116
82 117
82 119
82 121
82 123
82 124
82 125
82 128
82 129
82 131
82 132
82 133
82 134
82 135
82 136
82 137
82 138
82 140
82 141
82 142
82 143
82 144
82 145
82 147
82 148
82 149
83 3
83 4
83 5
83 6
83 7
83 10
83 11
83 14
83 15
83 16
83 18
83 19
83 20
83 21
83 28
83 29
83 31
83 32
83 33
83 34
83 37
83 40
83 41
83 42
83 44
83 46
83 50
83 51
83 54
83 55
83 56
83 57
83 59
83 63
83 64
83 65
83 66
83 67
83 68
83 70
83 71
83 72
83 73
83 74
83 75
83 76
83 77
83 78
83 80
83 82
83 83
83 84
83 86
83 88
83 89
83 90
83 92
83 94
83 97
83 98
83 99
83 102
83 103
83 105
83 107
83 108
83 110
83 111
83 112
83 113
83 115
83 117
83 118
83 119
83 121
83 122
83 124
83 125
83 126
83 127
83 128
83 130
83 132
83 137
83 139
83 140
83 141
83 143
83 144
83 147
83 149
83 150
84 1
84 2
84 7
84 8
84 9
84 11
84 12
84 14
84 15
84 16
84 17
84 18
84 21
84 22
84 23
84 24
84 26
84 27
84 28
84 30
84 31
84 32
84 33
84 34
84 37
84 38
84 39
84 40
84 41
84 42
84 43
84 45
84 46
84 47
84 49
84 50
84 51
84 52
84 53
84 54
84 55
84 60
84 62
84 63
84 66
84 67
84 70
84 71
84 72
84 74
84 75
84 79
84 80
84 81
84 82
84 83
84 84
84 86
84 89
84 90
84 92
84 93
84 94
84 95
84 96
84 101
84 102
84 104
84 105
84 108
84 109
84 110
84 111
84 112
84 113
84 114
84 117
84 119
84 120
84 121
84 122
84 124
84 125
84 126
84 127
84 129
84 130
84 131
84 132
84 134
84 136
84 138
84 139
84 140
84 142
84 143
84 145
84 146
84 150
85 1
85 2
85 5
85 6
85 10
85 12
85 13
85 14
85 16
85 19
85 21
85 22
85 23
85 25
85 26
85 27
85 28
85 30
85 31
85 32
85 34
85 36
85 38
85 41
85 44
85 45
85 47
85 49
85 50
85 52
85 55
85 57
85 62
85 64
85 65
85 66
85 69
85 70
85 71
85 72
85 73
85 76
85 77
85 78
85 81
85 82
85 85
85 86
85 87
85 89
85 90
85 91
85 92
85 93
85 95
85 96
85 99
85 100
85 102
85 103
85 104
85 110
85 111
85 114
85 117
85 118
85 121
85 122
85 123
85 124
85 125
85 127
85 128
85 131
85 132
85 134
85 135
85 136
85 140
85 141
85 142
85 143
85 144
85 145
85 146
85 148
85 149
85 150
86 2
86 3
86 4
86 6
86 7
86 8
86 11
86 13
86 16
86 18
86 19
86 20
86 23
86 24
86 26
86 27
86 28
86 29
86 34
86 35
86 36
86 37
86 38
86 41
86 42
86 48
86 49
86 50
86 51
86 53
86 55
86 56
86 57
86 58
86 61
86 62
86 63
86 64
86 65
86 67
86 69
86 70
86 72
86 73
86 75
86 76
86 78
86 79
86 81
86 82
86 83
86 84
86 85
86 86
86 89
86 90
86 91
86 93
86 94
86 95
86 96
86 97
86 98
86 100
86 102
86 103
86 107
86 108
86 109
86 110
86 111
86 113
86 114
86 115
86 116
86 117
86 119
86 124
86 125
86 129
86 131
86 133
86 134
86 136
86 137
86 138
86 139
86 141
86 142
86 143
86 144
86 145
86 146
86 147
86 148
86 149
86 150
87 5
87 6
87 8
87 12
87 13
87 14
87 15
87 16
87 17
87 19
87 20
87 21
87 22
87 25
87 26
87 28
87 30
87 31
87 33
87 34
87 35
87 36
87 37
87 38
87 39
87 44
87 46
87 48
87 49
87 50
87 53
87 54
87 56
87 62
87 63
87 64
87 65
87 66
87 67
87 68
87 71
87 73
87 74
87 75
87 76
87 78
87 80
87 83
87 86
87 87
87 90
87 91
87 92
87 94
87 97
87 98
87 101
87 102
87 103
87 104
87 105
87 106
87 108
87 109
87 110
87 111
87 112
87 114
87 116
87 119
87 120
87 121
87 122
87 123
87 124
87 128
87 129
87 130
87 131
87 132
87 133
87 134
87 138
87 139
87 141
87 143
87 144
87 145
87 146
87 147
88 3
88 4
88 5
88 7
88 8
88 9
88 11
88 12
88 13
88 17
88 19
88 20
88 25
88 27
88 28
88 29
88 30
88 32
88 34
88 35
88 36
88 37
88 38
88 39
88 40
88 41
88 43
88 45
88 46
88 48
88 49
88 55
88 59
88 60
88 65
88 66
88 69
88 70
88 71
88 73
88 74
88 77
88 78
88 79
88 80
88 81
88 82
88 83
88 87
88 88
88 90
88 91
88 93
88 95
88 96
88 98
88 99
88 100
88 103
88 106
88 107
88 116
88 117
88 118
88 119
88 122
88 123
88 124
88 126
88 127
88 128
88 129
88 130
88 131
88 132
88 134
88 135
88 136
88 137
88 138
88 139
88 140
88 143
88 144
88 145
88 146
88 147
88 149
88 150
89 1
89 4
89 6
89 8
89 9
89 10
89 11
89 12
89 14
89 15
89 18
89 20
89 21
89 22
89 23
89 24
89 25
89 26
89 30
89 31
89 36
89 37
89 38
89 39
89 40
89 41
89 42
89 43
89 44
89 45
89 46
89 48
89 49
89 50
89 51
89 52
89 53
89 54
89 56
89 57
89 58
89 60
89 61
89 64
89 65
89 66
89 68
89 69
89 71
89 72
89 73
89 74
89 77
89 78
89 80
89 81
89 82
89 83
89 85
89 89
89 91
89 92
89 94
89 95
89 96
89 97
89 98
89 101
89 102
89 103
89 104
89 105
89 107
89 113
89 116
89 119
89 120
89 122
89 123
89 125
89 127
89 128
89 130
89 131
89 132
89 133
89 134
89 135
89 137
89 139
89 141
89 143
89 145
89 146
89 147
89 150
90 1
90 4
90 5
90 7
90 8
90 9
90 10
90 11
90 12
90 13
90 14
90 16
90 18
90 19
90 20
90 22
90 24
90 25
90 26
90 29
90 30
90 31
90 32
90 34
90 35
90 36
90 37
90 38
90 39
90 41
90 42
90 44
90 46
90 48
90 49
90 50
90 51
90 52
90 53
90 56
90 57
90 58
90 59
90 60
90 61
90 63
90 64
90 66
90 67
90 68
90 70
90 71
90 73
90 74
90 75
90 79
90 82
90 84
90 86
90 87
90 88
90 89
90 93
90 94
90 96
90 97
90 98
90 99
90 101
90 105
90 108
90 109
90 112
90 113
90 115
90 117
90 118
90 119
90 120
90 121
90 122
90 123
90 124
90 128
90 130
90 131
90 132
90 136
90 138
90 139
90 140
90 142
90 143
90 144
90 145
90 146
90 147
90 148
90 149
90 150
91 1
91 2
91 3
91 4
91 5
91 7
91 8
91 10
91 11
91 13
91 14
91 15
91 17
91 19
91 20
91 21
91 22
91 23
91 24
91 25
91 26
91 27
91 33
91 34
91 35
91 36
91 37
91 38
91 39
91 40
91 41
91 42
91 43
91 44
91 45
91 46
91 47
91 50
91 52
91 53
91 54
91 55
91 56
91 57
91 58
91 59
91 60
91 61
91 62
91 67
91 70
91 72
91 74
91 75
91 76
91 77
91 79
91 80
91 81
91 82
91 83
91 84
91 85
91 88
91 89
91 91
91 92
91 95
91 97
91 98
91 99
91 100
91 103
91 104
91 106
91 108
91 111
91 112
91 113
91 115
91 116
91 117
91 119
91 122
91 124
91 125
91 126
91 127
91 129
91 134
91 135
91 136
91 139
91 140
91 141
91 142
91 144
91 146
91 147
91 148
91 149
91 150
92 2
92 3
92 4
92 5
92 6
92 8
92 9
92 10
92 12
92 13
92 14
92 15
92 18
92 20
92 21
92 23
92 26
92 27
92 29
92 30
92 31
92 33
92 34
92 35
92 37
92 38
92 39
92 40
92 41
92 42
92 43
92 44
92 46
92 49
92 54
92 55
92 57
92 61
92 62
92 65
92 66
92 68
92 70
92 71
92 73
92 75
92 78
92 81
92 82
92 86
92 88
92 89
92 91
92 95
92 96
92 97
92 98
92 99
92 101
92 102
92 103
92 104
92 105
92 106
92 107
92 111
92 112
92 113
92 117
92 118
92 119
92 120
92 121
92 123
92 126
92 131
92 133
92 134
92 135
92 137
92 138
92 139
92 140
92 141
92 142
92 143
92 144
92 146
92 147
92 149
93 1
93 6
93 11
93 14
93 16
93 19
93 20
93 23
93 24
93 27
93 29
93 30
93 31
93 32
93 33
93 35
93 36
93 38
93 39
93 40
93 42
93 43
93 44
93 45
93 55
93 56
93 58
93 59
93 61
93 64
93 65
93 66
93 67
93 69
93 71
93 72
93 73
93 75
93 76
93 77
93 78
93 79
93 80
93 81
93 83
93 85
93 86
93 87
93 88
93 90
93 91
93 95
93 97
93 98
93 99
93 100
93 101
93 105
93 107
93 108
93 109
93 111
93 112
93 113
93 114
93 116
93 118
93 120
93 121
93 122
93 123
93 125
93 126
93 127
93 128
93 129
93 130
93 131
93 133
93 136
93 137
93 138
93 139
93 140
93 145
93 146
93 147
93 148
93 150
94 3
94 4
94 5
94 6
94 7
94 8
94 9
94 10
94 11
94 12
94 17
94 18
94 23
94 24
94 25
94 27
94 28
94 32
94 33
94 37
94 38
94 41
94 45
94 46
94 48
94 49
94 51
94 53
94 54
94 55
94 57
94 58
94 59
94 61
94 62
94 64
94 68
94 70
94 72
94 74
94 77
94 78
94 81
94 82
94 83
94 85
94 87
94 89
94 92
94 93
94 95
94 98
94 99
94 100
94 102
94 106
94 107
94 109
94 114
94 115
94 116
94 117
94 120
94 121
94 122
94 124
94 126
94 128
94 130
94 133
94 134
94 135
94 137
94 138
94 141
94 142
94 144
94 146
94 149
95 1
95 2
95 3
95 5
95 7
95 10
95 11
95 12
95 13
95 14
95 15
95 16
95 18
95 19
95 21
95 22
95 28
95 29
95 30
95 32
95 35
95 36
95 37
95 38
95 39
95 41
95 42
95 43
95 44
95 45
95 48
95 49
95 51
95 52
95 53
95 54
95 55
95 59
95 61
95 66
95 67
95 68
95 72
95 74
95 75
95 76
95 77
95 78
95 79
95 81
95 82
95 84
95 85
95 87
95 88
95 89
95 90
95 91
95 92
95 93
95 95
95 97
95 98
95 100
95 104
95 105
95 106
95 107
95 108
95 109
95 111
95 121
95 124
95 126
95 127
95 128
95 130
95 132
95 134
95 137
95 140
95 141
95 142
95 145
95 147
95 148
95 149
95 150
96 2
96 3
96 4
96 5
96 8
96 11
96 14
96 16
96 17
96 19
96 22
96 24
96 26
96 27
96 28
96 31
96 32
96 33
96 34
96 36
96 38
96 42
96 43
96 44
96 45
96 46
96 47
96 48
96 51
96 52
96 53
96 55
96 58
96 59
96 60
96 61
96 62
96 63
96 65
96 66
96 67
96 68
96 73
96 74
96 78
96 80
96 83
96 84
96 86
96 88
96 91
96 92
96 95
96 97
96 98
96 100
96 101
96 102
96 104
96 105
96 109
96 110
96 112
96 113
96 116
96 119
96 120
96 121
96 123
96 125
96 127
96 128
96 130
96 131
96 132
96 133
96 134
96 135
96 136
96 138
96 139
96 140
96 141
96 142
96 144
96 145
96 146
96 147
96 149
96 150
97 1
97 2
97 3
97 4
97 6
97 7
97 8
97 9
97 10
97 11
97 13
97 14
97 15
97 16
97 17
97 21
97 23
97 25
97 26
97 30
97 32
97 33
97 36
97 38
97 39
97 40
97 42
97 43
97 44
97 45
97 46
97 47
97 50
97 51
97 52
97 53
97 55
97 60
97 61
97 62
97 63
97 64
97 65
97 66
97 69
97 73
97 74
97 75
97 77
97 79
97 80
97 81
97 82
97 83
97 84
97 85
97 89
97 91
97 93
97 94
97 96
97 98
97 99
97 100
97 101
97 102
97 104
97 105
97 107
97 108
97 109
97 112
97 113
97 114
97 115
97 118
97 119
97 120
97 121
97 122
97 124
97 127
97 128
97 130
97 131
97 132
97 134
97 135
97 137
97 139
97 140
97 141
97 142
97 143
97 144
97 146
97 149
97 150
99 1
99 2
99 5
99 6
99 7
99 8
99 10
99 12
99 14
99 15
99 19
99 20
99 23
99 24
99 25
99 26
99 27
99 28
99 31
99 32
99 33
99 35
99 37
99 38
99 40
99 42
99 44
99 48
99 49
99 51
99 56
99 59
99 61
99 64
99 65
99 66
99 67
99 68
99 69
99 70
99 71
99 74
99 76
99 77
99 78
99 79
99 81
99 84
99 87
99 88
99 89
99 90
99 98
99 99
99 101
99 103
99 104
99 105
99 107
99 110
99 116
99 117
99 119
99 121
99 123
99 124
99 125
99 126
99 127
99 128
99 129
99 130
99 131
99 134
99 135
99 137
99 138
99 139
99 141
99 143
99 144
99 147
99 148
99 149
100 2
100 3
100 5
100 6
100 7
100 8
100 9
100 10
100 11
100 16
100 19
100 20
100 22
100 24
100 25
100 26
100 27
100 28
100 29
100 30
100 31
100 33
100 34
100 35
100 36
100 37
100 39
100 40
100 41
100 42
100 43
100 47
100 48
100 49
100 50
100 51
100 52
100 53
100 54
100 55
100 56
100 59
100 60
100 61
100 62
100 63
100 64
100 65
100 66
100 68
100 69
100 71
100 73
100 75
100 79
100 81
100 83
100 84
100 86
100 87
100 90
100 92
100 93
100 95
100 97
100 98
100 100
100 104
100 105
100 106
100 107
100 108
100 110
100 112
100 116
100 118
100 119
100 121
100 123
100 125
100 126
100 127
100 129
100 131
100 132
100 133
100 134
100 136
100 137
100 143
100 145
100 146
100 148
