100 150 77 141 473
6 39
6 40
7 39
7 40
7 41
8 39
8 41
8 42
8 43
8 44
8 45
8 46
8 47
8 48
8 49
8 50
8 51
8 52
8 53
8 54
8 55
8 56
8 57
8 58
8 59
8 60
8 61
8 62
8 63
8 64
8 65
8 66
8 67
8 68
8 69
8 70
8 71
8 72
8 73
8 74
8 75
8 76
8 77
8 78
8 79
8 80
8 81
8 82
8 83
8 84
8 85
8 86
8 87
8 88
8 89
8 90
8 91
8 92
8 93
8 94
8 95
8 96
8 97
8 98
8 99
8 100
8 101
8 102
8 103
8 104
8 105
8 106
8 107
8 108
8 109
8 110
8 111
8 112
8 113
8 114
8 115
8 116
8 117
8 118
9 39
9 118
9 119
10 39
10 119
10 120
11 39
11 120
11 121
12 39
12 121
12 122
13 39
13 122
13 123
14 38
14 39
14 123
14 124
15 37
15 38
15 124
15 125
16 36
16 37
16 125
16 126
17 35
17 36
17 126
17 127
18 34
18 35
18 127
18 128
19 33
19 34
19 128
19 129
20 32
20 33
20 129
20 130
21 31
21 32
21 130
21 131
22 30
22 31
22 131
22 132
23 29
23 30
23 132
23 133
24 28
24 29
24 133
24 134
25 27
25 28
25 134
25 135
26 26
26 27
26 135
26 136
27 25
27 26
27 136
27 137
28 24
28 25
28 137
28 138
29 23
29 24
29 138
29 139
30 22
30 23
30 139
30 140
31 21
31 22
31 140
31 141
32 20
32 21
32 141
32 142
33 19
33 20
33 142
33 143
34 18
34 19
34 143
34 144
35 17
35 18
35 144
35 145
36 16
36 17
36 145
36 146
37 15
37 16
37 146
37 147
38 14
38 15
38 147
38 148
39 13
39 14
39 148
39 149
40 12
40 13
40 149
41 11
41 12
41 149
42 10
42 11
42 149
43 9
43 10
43 149
44 8
44 9
44 149
45 7
45 8
45 149
46 6
46 7
46 149
47 5
47 6
47 149
48 4
48 5
48 149
49 3
49 4
49 5
49 6
49 7
49 8
49 9
49 10
49 11
49 12
49 13
49 14
49 15
49 16
49 17
49 18
49 19
49 20
49 21
49 22
49 23
49 24
49 149
50 24
50 25
50 149
51 25
51 26
51 149
52 26
52 27
52 149
53 27
53 28
53 149
54 28
54 29
54 149
55 29
55 30
55 149
56 30
56 31
56 149
57 31
57 32
57 149
58 32
58 33
58 149
59 33
59 34
59 149
60 34
60 35
60 149
61 35
61 36
61 149
62 36
62 37
62 149
63 37
63 38
63 149
64 38
64 39
64 149
65 39
65 40
65 149
66 40
66 41
66 149
67 41
67 42
67 149
68 42
68 43
68 149
69 43
69 44
69 149
70 44
70 45
70 149
71 45
71 46
71 149
72 46
72 47
72 149
73 47
73 48
73 149
74 48
74 49
74 149
75 49
75 50
75 149
76 50
76 51
76 149
77 51
77 52
77 148
77 149
78 52
78 53
78 147
78 148
79 53
79 54
79 146
79 147
80 54
80 55
80 145
80 146
81 55
81 56
81 144
81 145
82 56
82 57
82 143
82 144
83 57
83 58
83 142
83 143
84 58
84 59
84 141
84 142
85 59
85 60
85 140
85 141
86 60
86 61
86 139
86 140
87 61
87 62
87 138
87 139
88 62
88 63
88 137
88 138
89 63
89 64
89 136
89 137
90 64
90 65
90 135
90 136
91 65
91 66
91 134
91 135
92 66
92 67
92 133
92 134
93 67
93 68
93 132
93 133
94 68
94 69
94 131
94 132
95 69
95 70
95 130
95 131
96 70
96 71
96 129
96 130
97 71
97 72
97 73
97 74
97 75
97 76
97 77
97 78
97 79
97 80
97 81
97 82
97 83
97 84
97 85
97 86
97 87
97 88
97 89
97 90
97 91
97 92
97 93
97 94
97 95
97 96
97 97
97 98
97 99
97 100
97 101
97 102
97 103
97 104
97 105
97 106
97 107
97 108
97 109
97 110
97 111
97 112
97 113
97 114
97 115
97 116
97 117
97 118
97 119
97 120
97 121
97 122
97 123
97 124
97 125
97 126
97 127
97 128
97 129
