100 150 73 82 8904
1 1
1 2
1 3
1 4
1 5
1 7
1 8
1 10
1 14
1 15
1 16
1 18
1 19
1 20
1 23
1 28
1 29
1 31
1 36
1 38
1 39
1 41
1 42
1 43
1 44
1 45
1 46
1 48
1 49
1 50
1 52
1 53
1 57
1 58
1 59
1 60
1 62
1 70
1 71
1 72
1 73
1 75
1 77
1 79
1 83
1 84
1 85
1 86
1 87
1 88
1 89
1 90
1 92
1 95
1 98
1 99
1 100
1 103
1 104
1 106
1 108
1 109
1 110
1 111
1 114
1 115
1 116
1 117
1 119
1 121
1 122
1 123
1 129
1 130
1 133
1 135
1 136
1 138
1 139
1 140
1 141
1 143
1 144
1 146
1 150
2 1
2 2
2 3
2 4
2 5
2 8
2 9
2 12
2 13
2 14
2 15
2 16
2 17
2 19
2 25
2 26
2 27
2 29
2 30
2 31
2 32
2 33
2 35
2 36
2 37
2 38
2 39
2 40
2 41
2 42
2 43
2 44
2 45
2 46
2 47
2 48
2 49
2 50
2 51
2 54
2 55
2 57
2 58
2 59
2 60
2 61
2 62
2 63
2 65
2 66
2 67
2 68
2 69
2 70
2 71
2 72
2 73
2 74
2 76
2 77
2 78
2 79
2 80
2 81
2 83
2 84
2 85
2 86
2 87
2 88
2 89
2 94
2 96
2 97
2 100
2 102
2 105
2 106
2 107
2 108
2 115
2 116
2 117
2 118
2 119
2 120
2 122
2 123
2 126
2 127
2 130
2 131
2 134
2 136
2 137
2 138
2 139
2 142
2 144
2 146
2 150
3 1
3 4
3 5
3 6
3 7
3 8
3 9
3 10
3 11
3 13
3 14
3 15
3 19
3 20
3 21
3 22
3 23
3 24
3 26
3 33
3 35
3 38
3 41
3 42
3 43
3 44
3 45
3 46
3 47
3 49
3 51
3 52
3 53
3 55
3 56
3 57
3 58
3 59
3 61
3 64
3 65
3 68
3 69
3 72
3 75
3 76
3 79
3 80
3 81
3 82
3 85
3 86
3 87
3 88
3 89
3 90
3 91
3 94
3 97
3 98
3 101
3 104
3 108
3 109
3 111
3 112
3 117
3 118
3 121
3 122
3 123
3 124
3 125
3 126
3 127
3 130
3 132
3 135
3 136
3 137
3 138
3 139
3 140
3 142
3 143
3 145
3 146
3 147
4 4
4 5
4 6
4 11
4 14
4 16
4 17
4 20
4 25
4 26
4 28
4 29
4 30
4 32
4 33
4 36
4 38
4 41
4 42
4 44
4 45
4 46
4 49
4 50
4 51
4 53
4 54
4 55
4 57
4 59
4 61
4 65
4 68
4 69
4 70
4 73
4 75
4 77
4 78
4 80
4 82
4 88
4 89
4 92
4 93
4 94
4 95
4 98
4 100
4 102
4 103
4 104
4 106
4 108
4 109
4 110
4 112
4 113
4 114
4 117
4 118
4 119
4 120
4 121
4 122
4 126
4 127
4 129
4 130
4 131
4 132
4 133
4 134
4 135
4 137
4 138
4 140
4 142
4 143
4 144
4 145
4 147
4 148
4 149
4 150
5 1
5 3
5 5
5 7
5 8
5 9
5 10
5 11
5 12
5 13
5 14
5 16
5 17
5 18
5 19
5 21
5 22
5 24
5 25
5 26
5 27
5 28
5 31
5 33
5 34
5 35
5 37
5 38
5 39
5 40
5 41
5 44
5 46
5 48
5 51
5 53
5 54
5 57
5 60
5 61
5 62
5 63
5 64
5 65
5 66
5 67
5 70
5 74
5 75
5 78
5 79
5 80
5 81
5 82
5 83
5 85
5 86
5 88
5 89
5 91
5 92
5 94
5 95
5 101
5 102
5 104
5 105
5 106
5 107
5 108
5 110
5 114
5 118
5 119
5 120
5 121
5 122
5 124
5 125
5 126
5 128
5 129
5 134
5 137
5 138
5 139
5 142
5 144
5 147
5 148
5 149
5 150
6 2
6 3
6 4
6 5
6 6
6 9
6 12
6 13
6 14
6 15
6 17
6 18
6 20
6 22
6 23
6 24
6 26
6 31
6 33
6 36
6 38
6 40
6 44
6 45
6 46
6 48
6 49
6 51
6 53
6 54
6 57
6 58
6 60
6 61
6 62
6 64
6 65
6 66
6 67
6 69
6 70
6 72
6 76
6 77
6 78
6 79
6 80
6 82
6 83
6 84
6 86
6 89
6 92
6 93
6 94
6 95
6 96
6 98
6 101
6 103
6 104
6 106
6 110
6 111
6 113
6 114
6 115
6 116
6 117
6 118
6 119
6 120
6 122
6 124
6 125
6 126
6 128
6 129
6 131
6 132
6 133
6 135
6 136
6 137
6 138
6 140
6 141
6 142
6 143
6 144
6 145
6 146
6 147
6 150
7 1
7 3
7 6
7 8
7 9
7 10
7 11
7 12
7 13
7 14
7 16
7 17
7 18
7 19
7 20
7 21
7 22
7 24
7 25
7 29
7 30
7 32
7 35
7 36
7 37
7 39
7 40
7 44
7 45
7 46
7 47
7 48
7 49
7 50
7 51
7 54
7 56
7 57
7 60
7 63
7 64
7 66
7 67
7 68
7 69
7 70
7 73
7 74
7 76
7 78
7 80
7 83
7 84
7 86
7 87
7 88
7 89
7 91
7 92
7 93
7 94
7 95
7 96
7 98
7 99
7 100
7 101
7 102
7 104
7 105
7 106
7 108
7 112
7 113
7 114
7 115
7 116
7 117
7 118
7 120
7 122
7 123
7 125
7 126
7 127
7 129
7 130
7 131
7 134
7 136
7 137
7 138
7 140
7 141
7 142
7 143
7 144
7 148
7 150
8 1
8 2
8 3
8 4
8 5
8 6
8 8
8 9
8 10
8 11
8 13
8 14
8 15
8 16
8 17
8 22
8 23
8 27
8 29
8 30
8 31
8 33
8 35
8 36
8 37
8 40
8 42
8 44
8 45
8 47
8 49
8 50
8 54
8 55
8 57
8 59
8 60
8 61
8 64
8 65
8 66
8 67
8 69
8 74
8 75
8 76
8 78
8 79
8 82
8 83
8 84
8 88
8 90
8 93
8 94
8 95
8 96
8 97
8 98
8 101
8 105
8 106
8 109
8 110
8 113
8 114
8 115
8 117
8 118
8 120
8 121
8 123
8 127
8 133
8 137
8 138
8 139
8 141
8 142
8 144
8 146
8 150
9 2
9 3
9 5
9 7
9 11
9 14
9 15
9 16
9 19
9 20
9 21
9 22
9 23
9 24
9 27
9 28
9 30
9 31
9 32
9 35
9 37
9 38
9 40
9 42
9 43
9 44
9 45
9 46
9 48
9 50
9 51
9 54
9 55
9 57
9 61
9 62
9 63
9 65
9 67
9 68
9 69
9 70
9 71
9 73
9 74
9 76
9 78
9 80
9 86
9 87
9 88
9 89
9 91
9 92
9 93
9 95
9 97
9 98
9 99
9 100
9 101
9 103
9 104
9 106
9 107
9 109
9 110
9 111
9 112
9 113
9 115
9 116
9 117
9 118
9 119
9 121
9 123
9 126
9 128
9 129
9 130
9 131
9 134
9 135
9 136
9 137
9 138
9 140
9 141
9 143
9 144
9 145
9 146
9 147
9 148
9 149
9 150
10 1
10 2
10 3
10 4
10 6
10 7
10 8
10 9
10 10
10 11
10 13
10 18
10 19
10 21
10 22
10 23
10 24
10 25
10 26
10 28
10 32
10 33
10 34
10 36
10 38
10 39
10 40
10 42
10 43
10 44
10 45
10 46
10 47
10 51
10 54
10 55
10 56
10 57
10 59
10 61
10 62
10 63
10 64
10 67
10 68
10 69
10 72
10 73
10 80
10 81
10 82
10 83
10 85
10 90
10 91
10 93
10 98
10 99
10 100
10 103
10 104
10 105
10 106
10 107
10 109
10 113
10 115
10 116
10 118
10 120
10 121
10 122
10 123
10 124
10 127
10 128
10 129
10 131
10 132
10 133
10 134
10 135
10 136
10 137
10 139
10 140
10 141
10 145
10 147
10 148
10 150
11 4
11 6
11 7
11 9
11 11
11 12
11 13
11 19
11 20
11 21
11 23
11 25
11 29
11 30
11 31
11 32
11 33
11 35
11 38
11 46
11 47
11 48
11 49
11 51
11 52
11 53
11 56
11 58
11 61
11 62
11 63
11 65
11 67
11 68
11 71
11 72
11 74
11 77
11 78
11 79
11 81
11 84
11 86
11 88
11 89
11 91
11 93
11 95
11 96
11 98
11 101
11 102
11 103
11 107
11 108
11 109
11 111
11 113
11 114
11 116
11 117
11 119
11 121
11 123
11 124
11 125
11 126
11 127
11 129
11 130
11 131
11 132
11 134
11 135
11 136
11 138
11 139
11 140
11 144
11 145
11 146
11 148
11 149
11 150
12 2
12 4
12 5
12 6
12 7
12 8
12 9
12 12
12 13
12 14
12 16
12 19
12 20
12 21
12 22
12 25
12 26
12 27
12 28
12 29
12 30
12 32
12 33
12 34
12 36
12 40
12 43
12 44
12 48
12 50
12 53
12 55
12 58
12 59
12 60
12 61
12 63
12 67
12 69
12 70
12 71
12 72
12 74
12 75
12 79
12 82
12 83
12 85
12 86
12 87
12 90
12 92
12 94
12 95
12 96
12 97
12 98
12 99
12 101
12 102
12 103
12 105
12 106
12 109
12 110
12 114
12 119
12 121
12 123
12 125
12 126
12 128
12 130
12 131
12 132
12 135
12 136
12 137
12 138
12 139
12 143
12 144
12 147
12 150
13 1
13 2
13 4
13 6
13 7
13 9
13 11
13 12
13 13
13 16
13 17
13 18
13 22
13 23
13 24
13 26
13 30
13 31
13 33
13 36
13 37
13 38
13 43
13 44
13 46
13 47
13 48
13 49
13 51
13 53
13 55
13 57
13 60
13 64
13 65
13 66
13 67
13 69
13 70
13 72
13 73
13 74
13 76
13 78
13 79
13 80
13 81
13 82
13 83
13 84
13 86
13 89
13 90
13 91
13 92
13 93
13 94
13 96
13 98
13 99
13 101
13 102
13 103
13 105
13 106
13 108
13 111
13 112
13 114
13 116
13 119
13 121
13 125
13 127
13 130
13 131
13 132
13 133
13 135
13 136
13 137
13 139
13 142
13 143
13 144
13 145
13 148
13 150
14 1
14 2
14 3
14 4
14 5
14 7
14 8
14 9
14 10
14 12
14 13
14 15
14 18
14 19
14 20
14 21
14 22
14 23
14 26
14 29
14 31
14 32
14 33
14 34
14 35
14 37
14 38
14 41
14 49
14 51
14 53
14 55
14 61
14 62
14 63
14 64
14 65
14 67
14 68
14 69
14 72
14 73
14 74
14 75
14 76
14 77
14 79
14 82
14 83
14 88
14 90
14 91
14 92
14 95
14 96
14 97
14 98
14 99
14 100
14 101
14 102
14 103
14 104
14 105
14 106
14 111
14 112
14 113
14 117
14 118
14 120
14 121
14 123
14 125
14 126
14 128
14 131
14 132
14 134
14 136
14 137
14 138
14 139
14 140
14 141
14 142
14 143
14 144
14 145
14 146
14 147
14 148
14 149
15 1
15 4
15 5
15 6
15 9
15 13
15 16
15 19
15 20
15 22
15 24
15 30
15 31
15 33
15 36
15 38
15 39
15 41
15 42
15 43
15 44
15 46
15 47
15 48
15 49
15 50
15 51
15 53
15 54
15 55
15 58
15 59
15 60
15 63
15 64
15 66
15 68
15 70
15 71
15 72
15 75
15 78
15 79
15 81
15 84
15 85
15 90
15 92
15 93
15 96
15 97
15 100
15 101
15 103
15 104
15 105
15 106
15 108
15 109
15 110
15 111
15 112
15 113
15 116
15 118
15 119
15 122
15 124
15 125
15 126
15 128
15 129
15 132
15 133
15 134
15 135
15 139
15 140
15 142
15 144
15 147
15 148
15 150
16 3
16 7
16 8
16 11
16 14
16 15
16 17
16 19
16 21
16 24
16 26
16 29
16 30
16 32
16 33
16 37
16 39
16 40
16 42
16 43
16 45
16 46
16 47
16 48
16 49
16 51
16 52
16 53
16 54
16 58
16 59
16 63
16 64
16 65
16 66
16 69
16 70
16 73
16 74
16 75
16 76
16 77
16 78
16 79
16 81
16 82
16 87
16 89
16 92
16 93
16 95
16 101
16 103
16 106
16 107
16 108
16 110
16 112
16 113
16 115
16 117
16 118
16 121
16 122
16 124
16 125
16 128
16 130
16 131
16 132
16 133
16 134
16 135
16 138
16 139
16 140
16 141
16 145
16 146
16 149
17 1
17 2
17 3
17 4
17 5
17 6
17 7
17 8
17 9
17 10
17 11
17 13
17 14
17 15
17 18
17 20
17 21
17 23
17 25
17 26
17 28
17 30
17 31
17 32
17 34
17 35
17 36
17 37
17 39
17 40
17 41
17 42
17 43
17 44
17 45
17 46
17 48
17 49
17 50
17 51
17 53
17 54
17 55
17 57
17 58
17 59
17 60
17 62
17 65
17 66
17 67
17 69
17 70
17 71
17 73
17 75
17 77
17 79
17 82
17 84
17 86
17 87
17 89
17 90
17 92
17 94
17 95
17 97
17 98
17 101
17 102
17 103
17 104
17 105
17 106
17 109
17 110
17 111
17 112
17 116
17 117
17 118
17 119
17 120
17 123
17 124
17 125
17 126
17 127
17 131
17 132
17 135
17 136
17 139
17 142
17 144
17 146
17 148
17 149
17 150
18 2
18 4
18 6
18 7
18 8
18 9
18 12
18 13
18 15
18 18
18 22
18 24
18 26
18 27
18 29
18 30
18 31
18 34
18 35
18 36
18 38
18 42
18 43
18 45
18 46
18 47
18 48
18 49
18 50
18 51
18 53
18 60
18 61
18 62
18 63
18 64
18 67
18 68
18 70
18 73
18 77
18 79
18 82
18 83
18 84
18 86
18 87
18 89
18 92
18 93
18 94
18 96
18 98
18 99
18 100
18 101
18 103
18 107
18 108
18 111
18 112
18 114
18 115
18 116
18 117
18 118
18 119
18 121
18 122
18 124
18 125
18 127
18 129
18 130
18 132
18 134
18 136
18 138
18 142
18 143
18 149
18 150
19 1
19 4
19 5
19 6
19 7
19 10
19 11
19 12
19 13
19 15
19 18
19 19
19 20
19 22
19 24
19 25
19 27
19 29
19 30
19 31
19 35
19 38
19 40
19 41
19 44
19 49
19 52
19 53
19 54
19 55
19 56
19 58
19 59
19 60
19 61
19 63
19 64
19 65
19 66
19 67
19 68
19 69
19 70
19 71
19 73
19 76
19 77
19 79
19 80
19 81
19 83
19 85
19 86
19 87
19 91
19 92
19 93
19 94
19 95
19 96
19 97
19 99
19 100
19 101
19 102
19 104
19 105
19 106
19 107
19 108
19 110
19 111
19 112
19 113
19 114
19 115
19 117
19 119
19 120
19 121
19 122
19 123
19 125
19 126
19 127
19 128
19 129
19 131
19 132
19 133
19 135
19 136
19 137
19 140
19 144
19 150
20 1
20 2
20 3
20 8
20 9
20 15
20 16
20 17
20 18
20 19
20 22
20 24
20 25
20 29
20 30
20 31
20 32
20 33
20 35
20 38
20 39
20 41
20 42
20 46
20 47
20 48
20 49
20 52
20 53
20 54
20 55
20 56
20 58
20 64
20 68
20 69
20 70
20 71
20 74
20 75
20 76
20 77
20 83
20 84
20 85
20 90
20 94
20 95
20 97
20 98
20 99
20 102
20 104
20 105
20 106
20 108
20 110
20 111
20 112
20 114
20 115
20 116
20 117
20 118
20 120
20 121
20 122
20 123
20 126
20 127
20 129
20 130
20 133
20 136
20 140
20 141
20 142
20 143
20 144
20 145
20 146
20 147
20 148
20 149
20 150
21 1
21 2
21 4
21 6
21 7
21 9
21 11
21 12
21 13
21 14
21 16
21 18
21 19
21 20
21 23
21 24
21 25
21 26
21 27
21 28
21 30
21 33
21 36
21 37
21 38
21 40
21 41
21 44
21 45
21 46
21 50
21 51
21 54
21 55
21 56
21 57
21 58
21 61
21 62
21 63
21 65
21 68
21 69
21 70
21 71
21 72
21 78
21 83
21 85
21 88
21 89
21 91
21 92
21 95
21 96
21 97
21 99
21 100
21 102
21 103
21 104
21 105
21 106
21 107
21 108
21 109
21 111
21 112
21 114
21 115
21 117
21 118
21 121
21 122
21 123
21 124
21 126
21 127
21 128
21 129
21 131
21 136
21 140
21 141
21 142
21 143
21 145
21 146
21 148
21 149
22 1
22 3
22 6
22 7
22 10
22 12
22 14
22 15
22 17
22 18
22 20
22 26
22 27
22 28
22 29
22 32
22 33
22 35
22 36
22 37
22 38
22 39
22 40
22 41
22 42
22 45
22 46
22 47
22 49
22 50
22 52
22 53
22 55
22 56
22 58
22 59
22 61
22 64
22 66
22 67
22 68
22 69
22 71
22 73
22 75
22 77
22 79
22 81
22 82
22 85
22 86
22 87
22 88
22 90
22 92
22 93
22 95
22 96
22 98
22 99
22 105
22 107
22 109
22 110
22 111
22 113
22 117
22 118
22 119
22 120
22 122
22 123
22 124
22 126
22 127
22 130
22 132
22 133
22 135
22 141
22 144
22 145
22 146
22 147
23 1
23 2
23 4
23 5
23 6
23 7
23 8
23 9
23 10
23 14
23 15
23 18
23 21
23 23
23 27
23 29
23 30
23 31
23 32
23 34
23 37
23 38
23 39
23 40
23 44
23 46
23 47
23 49
23 50
23 51
23 52
23 54
23 58
23 59
23 61
23 63
23 64
23 65
23 68
23 69
23 70
23 71
23 72
23 73
23 74
23 75
23 76
23 78
23 80
23 81
23 82
23 83
23 84
23 85
23 87
23 92
23 94
23 95
23 96
23 99
23 102
23 104
23 107
23 108
23 109
23 110
23 112
23 113
23 115
23 116
23 117
23 119
23 121
23 122
23 123
23 124
23 125
23 128
23 129
23 130
23 131
23 133
23 134
23 135
23 137
23 138
23 141
23 142
23 143
23 147
23 148
23 149
24 1
24 2
24 3
24 4
24 7
24 8
24 9
24 12
24 13
24 16
24 18
24 19
24 20
24 22
24 26
24 28
24 30
24 32
24 33
24 34
24 35
24 36
24 37
24 38
24 40
24 42
24 44
24 45
24 46
24 48
24 50
24 51
24 52
24 53
24 55
24 56
24 57
24 58
24 59
24 60
24 62
24 63
24 65
24 67
24 68
24 69
24 74
24 75
24 76
24 77
24 80
24 81
24 82
24 83
24 86
24 87
24 88
24 90
24 91
24 93
24 94
24 95
24 97
24 101
24 104
24 106
24 107
24 108
24 110
24 112
24 113
24 115
24 118
24 119
24 121
24 124
24 126
24 127
24 128
24 131
24 133
24 136
24 138
24 139
24 140
24 141
24 143
24 145
25 1
25 2
25 3
25 4
25 6
25 9
25 10
25 11
25 12
25 14
25 15
25 17
25 18
25 19
25 20
25 21
25 23
25 24
25 25
25 26
25 29
25 31
25 32
25 38
25 40
25 41
25 42
25 43
25 45
25 47
25 49
25 50
25 53
25 54
25 55
25 56
25 57
25 58
25 61
25 65
25 70
25 73
25 74
25 75
25 77
25 80
25 81
25 84
25 87
25 88
25 89
25 90
25 91
25 94
25 96
25 97
25 98
25 99
25 101
25 102
25 104
25 107
25 109
25 110
25 112
25 115
25 116
25 117
25 118
25 120
25 121
25 122
25 123
25 124
25 125
25 126
25 127
25 128
25 130
25 133
25 135
25 136
25 137
25 139
25 143
25 145
25 149
25 150
26 1
26 2
26 5
26 8
26 10
26 11
26 12
26 14
26 18
26 19
26 21
26 22
26 23
26 24
26 25
26 26
26 27
26 29
26 31
26 32
26 33
26 34
26 35
26 37
26 41
26 42
26 43
26 45
26 46
26 48
26 49
26 50
26 51
26 53
26 54
26 57
26 62
26 63
26 64
26 65
26 66
26 67
26 68
26 69
26 70
26 72
26 73
26 74
26 76
26 77
26 78
26 79
26 80
26 81
26 82
26 84
26 85
26 87
26 88
26 89
26 92
26 93
26 94
26 95
26 96
26 97
26 98
26 99
26 101
26 105
26 106
26 107
26 109
26 111
26 113
26 115
26 116
26 117
26 119
26 121
26 122
26 125
26 126
26 127
26 129
26 132
26 134
26 135
26 136
26 137
26 138
26 139
26 140
26 142
26 143
26 145
26 146
26 147
26 148
26 149
26 150
27 1
27 2
27 3
27 8
27 9
27 10
27 11
27 13
27 14
27 17
27 20
27 23
27 24
27 25
27 26
27 28
27 30
27 31
27 32
27 33
27 34
27 35
27 36
27 37
27 39
27 40
27 41
27 43
27 44
27 47
27 48
27 50
27 51
27 53
27 54
27 55
27 56
27 57
27 59
27 61
27 62
27 63
27 64
27 65
27 66
27 68
27 69
27 71
27 74
27 75
27 76
27 78
27 81
27 82
27 84
27 85
27 86
27 89
27 90
27 93
27 94
27 95
27 96
27 97
27 98
27 100
27 101
27 102
27 103
27 106
27 107
27 109
27 110
27 111
27 112
27 114
27 118
27 119
27 120
27 121
27 122
27 124
27 125
27 127
27 128
27 129
27 130
27 131
27 132
27 135
27 136
27 138
27 139
27 140
27 141
27 142
27 143
27 145
27 146
27 149
27 150
28 1
28 2
28 3
28 4
28 5
28 6
28 8
28 9
28 10
28 11
28 12
28 13
28 14
28 15
28 18
28 21
28 23
28 24
28 26
28 27
28 28
28 29
28 30
28 33
28 34
28 35
28 36
28 40
28 42
28 43
28 44
28 49
28 50
28 51
28 53
28 54
28 56
28 57
28 58
28 59
28 60
28 63
28 64
28 66
28 67
28 70
28 72
28 73
28 74
28 75
28 76
28 78
28 79
28 80
28 81
28 82
28 85
28 87
28 88
28 90
28 91
28 92
28 93
28 95
28 96
28 98
28 100
28 101
28 102
28 104
28 105
28 106
28 108
28 109
28 111
28 112
28 114
28 116
28 119
28 124
28 125
28 131
28 134
28 136
28 137
28 138
28 139
28 140
28 142
28 144
28 145
28 146
28 147
28 148
29 1
29 2
29 3
29 5
29 8
29 9
29 10
29 12
29 13
29 15
29 16
29 17
29 18
29 20
29 23
29 25
29 26
29 28
29 30
29 31
29 33
29 35
29 36
29 37
29 40
29 41
29 43
29 45
29 47
29 48
29 51
29 53
29 54
29 55
29 59
29 60
29 61
29 64
29 65
29 66
29 67
29 69
29 70
29 71
29 72
29 73
29 74
29 75
29 77
29 79
29 81
29 83
29 84
29 85
29 86
29 88
29 89
29 90
29 91
29 92
29 95
29 97
29 99
29 100
29 102
29 103
29 104
29 108
29 109
29 110
29 112
29 113
29 115
29 116
29 117
29 121
29 122
29 123
29 125
29 126
29 127
29 128
29 131
29 132
29 133
29 134
29 136
29 137
29 138
29 144
29 145
29 147
29 148
29 149
29 150
30 3
30 4
30 5
30 6
30 7
30 8
30 9
30 10
30 11
30 13
30 16
30 18
30 20
30 21
30 23
30 24
30 29
30 30
30 31
30 32
30 35
30 36
30 41
30 43
30 45
30 46
30 47
30 48
30 49
30 50
30 51
30 53
30 55
30 56
30 57
30 60
30 63
30 68
30 69
30 71
30 72
30 76
30 77
30 78
30 79
30 81
30 82
30 84
30 85
30 86
30 87
30 88
30 89
30 90
30 91
30 92
30 93
30 94
30 96
30 100
30 102
30 104
30 105
30 106
30 107
30 108
30 110
30 111
30 112
30 113
30 117
30 118
30 119
30 121
30 123
30 127
30 130
30 131
30 132
30 134
30 135
30 136
30 138
30 142
30 143
30 144
30 145
30 146
30 147
30 148
30 149
31 2
31 4
31 8
31 9
31 10
31 12
31 14
31 17
31 18
31 19
31 20
31 21
31 22
31 24
31 25
31 28
31 29
31 30
31 32
31 34
31 35
31 36
31 37
31 39
31 40
31 41
31 43
31 45
31 46
31 47
31 49
31 50
31 52
31 54
31 56
31 57
31 59
31 63
31 67
31 68
31 70
31 73
31 74
31 75
31 76
31 77
31 78
31 79
31 80
31 81
31 84
31 85
31 86
31 87
31 89
31 90
31 93
31 94
31 95
31 96
31 97
31 98
31 99
31 101
31 107
31 108
31 111
31 112
31 113
31 114
31 115
31 118
31 119
31 120
31 121
31 123
31 124
31 125
31 127
31 128
31 134
31 137
31 140
31 144
31 146
31 147
31 148
31 150
32 1
32 2
32 3
32 4
32 5
32 8
32 9
32 10
32 11
32 12
32 13
32 14
32 19
32 20
32 21
32 22
32 25
32 26
32 27
32 30
32 31
32 32
32 33
32 34
32 38
32 40
32 44
32 46
32 47
32 48
32 49
32 50
32 52
32 54
32 55
32 57
32 58
32 59
32 60
32 63
32 64
32 66
32 70
32 71
32 72
32 73
32 74
32 76
32 77
32 78
32 79
32 80
32 81
32 82
32 83
32 85
32 86
32 88
32 90
32 91
32 92
32 93
32 97
32 101
32 104
32 105
32 106
32 109
32 112
32 113
32 114
32 115
32 118
32 119
32 120
32 121
32 123
32 128
32 130
32 132
32 134
32 135
32 136
32 137
32 138
32 139
32 141
32 142
32 144
32 147
32 148
32 149
32 150
33 2
33 3
33 5
33 6
33 7
33 10
33 12
33 13
33 14
33 15
33 16
33 19
33 21
33 23
33 25
33 26
33 27
33 28
33 30
33 31
33 32
33 33
33 34
33 38
33 42
33 43
33 46
33 47
33 49
33 51
33 54
33 55
33 56
33 57
33 59
33 61
33 65
33 66
33 68
33 69
33 70
33 71
33 74
33 75
33 76
33 77
33 80
33 81
33 82
33 83
33 84
33 85
33 87
33 88
33 90
33 91
33 93
33 94
33 101
33 102
33 105
33 108
33 111
33 114
33 115
33 117
33 119
33 121
33 123
33 124
33 126
33 129
33 130
33 131
33 133
33 134
33 136
33 139
33 142
33 143
33 144
33 146
33 148
34 1
34 2
34 4
34 5
34 7
34 8
34 9
34 10
34 12
34 13
34 14
34 16
34 17
34 18
34 20
34 22
34 23
34 24
34 25
34 27
34 29
34 30
34 31
34 34
34 35
34 36
34 37
34 39
34 41
34 43
34 44
34 46
34 53
34 54
34 55
34 56
34 57
34 60
34 65
34 67
34 70
34 72
34 73
34 75
34 76
34 77
34 81
34 82
34 84
34 85
34 86
34 87
34 90
34 91
34 92
34 93
34 95
34 96
34 97
34 99
34 102
34 104
34 105
34 106
34 113
34 115
34 116
34 117
34 118
34 119
34 120
34 121
34 122
34 127
34 128
34 129
34 131
34 132
34 133
34 134
34 135
34 137
34 139
34 140
34 143
34 144
34 145
34 147
34 148
34 149
35 1
35 2
35 6
35 8
35 10
35 12
35 14
35 16
35 19
35 20
35 21
35 23
35 24
35 26
35 29
35 30
35 32
35 33
35 34
35 35
35 37
35 38
35 41
35 43
35 44
35 46
35 49
35 50
35 52
35 53
35 54
35 55
35 56
35 57
35 58
35 61
35 63
35 64
35 66
35 67
35 69
35 71
35 72
35 73
35 75
35 76
35 77
35 78
35 80
35 81
35 82
35 84
35 85
35 88
35 89
35 91
35 93
35 94
35 98
35 99
35 100
35 101
35 105
35 106
35 107
35 108
35 109
35 110
35 111
35 114
35 115
35 116
35 117
35 118
35 119
35 127
35 128
35 129
35 130
35 132
35 134
35 135
35 137
35 139
35 140
35 141
35 142
35 144
35 146
35 147
35 148
36 1
36 3
36 4
36 5
36 8
36 9
36 11
36 13
36 17
36 18
36 22
36 24
36 25
36 26
36 27
36 28
36 29
36 31
36 32
36 33
36 36
36 37
36 40
36 41
36 44
36 45
36 46
36 48
36 52
36 53
36 56
36 57
36 59
36 60
36 64
36 66
36 68
36 70
36 71
36 72
36 75
36 76
36 79
36 81
36 82
36 83
36 84
36 87
36 88
36 89
36 91
36 94
36 96
36 98
36 99
36 102
36 104
36 105
36 108
36 109
36 110
36 115
36 118
36 119
36 120
36 121
36 122
36 123
36 124
36 125
36 126
36 127
36 134
36 136
36 138
36 139
36 142
36 143
36 145
36 147
36 148
37 1
37 5
37 7
37 8
37 10
37 12
37 13
37 14
37 15
37 17
37 18
37 20
37 22
37 23
37 24
37 25
37 26
37 28
37 29
37 30
37 31
37 32
37 33
37 34
37 35
37 37
37 39
37 42
37 44
37 45
37 46
37 47
37 48
37 50
37 55
37 56
37 57
37 60
37 61
37 62
37 63
37 64
37 65
37 69
37 70
37 71
37 72
37 74
37 78
37 80
37 83
37 84
37 86
37 87
37 88
37 90
37 93
37 94
37 95
37 97
37 98
37 101
37 104
37 105
37 106
37 108
37 109
37 110
37 111
37 113
37 114
37 115
37 117
37 119
37 120
37 122
37 123
37 124
37 125
37 126
37 128
37 129
37 131
37 133
37 139
37 141
37 143
37 145
37 146
37 147
37 148
37 150
38 1
38 2
38 3
38 4
38 5
38 7
38 9
38 11
38 12
38 14
38 17
38 19
38 21
38 22
38 26
38 29
38 31
38 32
38 33
38 35
38 37
38 39
38 40
38 41
38 45
38 46
38 47
38 48
38 49
38 50
38 52
38 53
38 54
38 55
38 56
38 57
38 58
38 59
38 60
38 61
38 62
38 64
38 65
38 69
38 73
38 77
38 80
38 81
38 86
38 87
38 89
38 91
38 96
38 97
38 98
38 99
38 100
38 101
38 102
38 103
38 104
38 105
38 106
38 108
38 112
38 113
38 114
38 117
38 119
38 120
38 121
38 122
38 124
38 126
38 128
38 131
38 132
38 133
38 135
38 140
38 141
38 144
38 145
38 147
38 149
38 150
39 2
39 8
39 9
39 10
39 12
39 13
39 15
39 16
39 17
39 21
39 22
39 23
39 24
39 25
39 26
39 30
39 33
39 35
39 36
39 37
39 38
39 39
39 40
39 43
39 44
39 45
39 47
39 49
39 50
39 51
39 52
39 55
39 56
39 58
39 59
39 60
39 62
39 63
39 65
39 66
39 70
39 72
39 74
39 77
39 79
39 80
39 81
39 83
39 84
39 88
39 89
39 91
39 92
39 94
39 95
39 98
39 103
39 106
39 107
39 108
39 109
39 110
39 111
39 112
39 113
39 115
39 116
39 118
39 119
39 120
39 121
39 122
39 123
39 126
39 130
39 131
39 132
39 133
39 136
39 137
39 139
39 140
39 141
39 149
40 2
40 3
40 4
40 7
40 9
40 10
40 12
40 13
40 19
40 20
40 22
40 23
40 24
40 25
40 26
40 27
40 29
40 31
40 32
40 34
40 36
40 39
40 44
40 46
40 47
40 48
40 50
40 53
40 55
40 59
40 60
40 61
40 62
40 63
40 65
40 66
40 69
40 70
40 75
40 76
40 78
40 81
40 82
40 83
40 85
40 87
40 88
40 90
40 91
40 92
40 95
40 97
40 99
40 100
40 102
40 104
40 106
40 108
40 110
40 111
40 114
40 115
40 116
40 117
40 118
40 125
40 126
40 130
40 133
40 134
40 138
40 139
40 141
40 142
40 144
40 145
40 147
40 148
40 150
41 1
41 3
41 4
41 7
41 8
41 9
41 13
41 15
41 21
41 23
41 24
41 25
41 27
41 28
41 29
41 32
41 36
41 37
41 38
41 41
41 43
41 45
41 46
41 47
41 49
41 50
41 52
41 53
41 54
41 55
41 56
41 59
41 61
41 62
41 63
41 67
41 68
41 70
41 72
41 73
41 75
41 76
41 79
41 80
41 82
41 83
41 84
41 85
41 86
41 87
41 89
41 91
41 92
41 93
41 95
41 96
41 97
41 98
41 100
41 101
41 104
41 107
41 110
41 113
41 115
41 116
41 117
41 119
41 120
41 121
41 123
41 127
41 128
41 131
41 134
41 136
41 137
41 138
41 140
41 141
41 144
41 147
41 148
41 149
41 150
42 2
42 3
42 4
42 6
42 7
42 8
42 10
42 12
42 15
42 16
42 18
42 19
42 21
42 22
42 25
42 26
42 30
42 31
42 32
42 33
42 34
42 35
42 36
42 38
42 39
42 40
42 43
42 45
42 47
42 49
42 50
42 51
42 53
42 55
42 56
42 57
42 59
42 60
42 61
42 64
42 67
42 68
42 69
42 70
42 71
42 72
42 73
42 74
42 75
42 76
42 77
42 78
42 80
42 81
42 82
42 83
42 84
42 87
42 88
42 89
42 90
42 91
42 92
42 94
42 96
42 99
42 100
42 102
42 103
42 106
42 107
42 108
42 109
42 110
42 113
42 114
42 115
42 118
42 119
42 125
42 126
42 127
42 128
42 129
42 130
42 131
42 132
42 135
42 136
42 140
42 141
42 142
42 143
42 144
42 146
42 147
42 149
42 150
43 1
43 3
43 4
43 8
43 9
43 11
43 12
43 13
43 15
43 19
43 20
43 21
43 22
43 23
43 26
43 27
43 28
43 29
43 30
43 31
43 34
43 36
43 37
43 40
43 41
43 43
43 45
43 46
43 48
43 49
43 50
43 52
43 53
43 54
43 59
43 60
43 61
43 62
43 65
43 67
43 73
43 75
43 76
43 78
43 79
43 81
43 83
43 85
43 87
43 90
43 91
43 97
43 98
43 100
43 103
43 105
43 106
43 107
43 109
43 110
43 111
43 112
43 117
43 118
43 119
43 120
43 122
43 123
43 125
43 126
43 127
43 128
43 130
43 131
43 132
43 133
43 135
43 136
43 137
43 138
43 144
43 146
43 148
43 150
44 1
44 3
44 4
44 6
44 7
44 8
44 10
44 14
44 17
44 20
44 22
44 23
44 24
44 26
44 29
44 31
44 32
44 35
44 36
44 38
44 39
44 41
44 42
44 44
44 45
44 46
44 47
44 48
44 49
44 51
44 52
44 55
44 56
44 57
44 58
44 60
44 61
44 62
44 63
44 65
44 68
44 71
44 72
44 73
44 76
44 78
44 79
44 80
44 81
44 82
44 84
44 85
44 88
44 92
44 94
44 97
44 98
44 99
44 101
44 102
44 103
44 104
44 106
44 109
44 110
44 111
44 112
44 113
44 114
44 115
44 116
44 117
44 118
44 119
44 120
44 121
44 122
44 123
44 126
44 129
44 130
44 131
44 132
44 136
44 137
44 141
44 144
44 147
44 148
44 149
44 150
45 1
45 7
45 8
45 10
45 11
45 15
45 16
45 17
45 18
45 24
45 25
45 27
45 28
45 29
45 31
45 32
45 34
45 38
45 39
45 40
45 42
45 45
45 46
45 47
45 49
45 50
45 51
45 53
45 55
45 58
45 61
45 62
45 63
45 64
45 66
45 67
45 68
45 70
45 71
45 72
45 73
45 74
45 75
45 78
45 80
45 82
45 84
45 85
45 87
45 88
45 89
45 90
45 92
45 94
45 95
45 97
45 98
45 99
45 100
45 101
45 102
45 103
45 104
45 107
45 109
45 112
45 113
45 115
45 116
45 118
45 119
45 120
45 121
45 123
45 124
45 126
45 127
45 128
45 129
45 130
45 131
45 132
45 136
45 138
45 139
45 140
45 141
45 144
45 147
45 148
45 149
46 2
46 5
46 15
46 16
46 17
46 19
46 20
46 22
46 23
46 24
46 25
46 26
46 27
46 29
46 32
46 33
46 38
46 39
46 40
46 42
46 47
46 48
46 51
46 52
46 53
46 54
46 56
46 58
46 60
46 61
46 62
46 63
46 67
46 68
46 70
46 71
46 72
46 74
46 75
46 76
46 77
46 81
46 82
46 84
46 85
46 86
46 90
46 92
46 94
46 99
46 101
46 103
46 105
46 106
46 107
46 108
46 111
46 112
46 115
46 118
46 120
46 121
46 126
46 127
46 128
46 130
46 131
46 132
46 133
46 134
46 135
46 136
46 137
46 138
46 141
46 142
46 143
46 144
46 146
46 147
46 148
46 149
46 150
47 3
47 4
47 5
47 6
47 8
47 9
47 12
47 13
47 14
47 18
47 19
47 20
47 22
47 23
47 24
47 25
47 26
47 27
47 28
47 30
47 31
47 32
47 35
47 36
47 37
47 38
47 40
47 41
47 42
47 44
47 45
47 46
47 48
47 50
47 52
47 53
47 54
47 57
47 61
47 62
47 64
47 65
47 67
47 68
47 70
47 71
47 73
47 74
47 75
47 77
47 78
47 81
47 82
47 84
47 85
47 87
47 89
47 90
47 91
47 94
47 95
47 98
47 99
47 100
47 101
47 102
47 103
47 104
47 106
47 111
47 112
47 113
47 114
47 117
47 121
47 127
47 128
47 130
47 131
47 132
47 135
47 136
47 137
47 139
47 140
47 141
47 142
47 143
47 145
47 147
47 148
47 149
48 1
48 7
48 8
48 9
48 10
48 11
48 12
48 13
48 15
48 18
48 19
48 20
48 23
48 24
48 26
48 27
48 28
48 30
48 31
48 32
48 33
48 35
48 39
48 40
48 44
48 45
48 46
48 48
48 49
48 51
48 53
48 54
48 57
48 58
48 64
48 65
48 68
48 70
48 71
48 73
48 74
48 75
48 77
48 78
48 80
48 81
48 82
48 83
48 86
48 88
48 89
48 90
48 91
48 92
48 93
48 94
48 97
48 98
48 99
48 100
48 101
48 102
48 103
48 105
48 107
48 108
48 109
48 110
48 111
48 114
48 117
48 118
48 119
48 120
48 121
48 122
48 123
48 124
48 125
48 126
48 127
48 128
48 131
48 132
48 134
48 137
48 139
48 141
48 143
48 145
48 146
48 147
48 149
48 150
49 1
49 2
49 5
49 7
49 8
49 9
49 12
49 16
49 19
49 20
49 23
49 26
49 27
49 30
49 35
49 36
49 37
49 39
49 40
49 42
49 43
49 44
49 45
49 46
49 47
49 48
49 49
49 51
49 56
49 58
49 59
49 60
49 61
49 62
49 63
49 65
49 66
49 69
49 74
49 76
49 77
49 79
49 80
49 83
49 84
49 85
49 86
49 87
49 89
49 91
49 92
49 93
49 96
49 97
49 98
49 99
49 100
49 103
49 106
49 107
49 108
49 109
49 110
49 113
49 114
49 115
49 116
49 118
49 119
49 121
49 122
49 123
49 124
49 125
49 126
49 127
49 129
49 131
49 134
49 135
49 136
49 139
49 140
49 141
49 143
49 144
49 145
49 147
49 148
50 1
50 2
50 3
50 4
50 6
50 7
50 8
50 9
50 12
50 14
50 16
50 19
50 20
50 21
50 22
50 23
50 24
50 25
50 26
50 27
50 28
50 32
50 34
50 35
50 36
50 37
50 38
50 41
50 42
50 43
50 44
50 47
50 49
50 50
50 51
50 52
50 53
50 56
50 57
50 58
50 59
50 61
50 62
50 63
50 64
50 66
50 67
50 70
50 71
50 72
50 75
50 76
50 77
50 79
50 80
50 81
50 82
50 83
50 84
50 85
50 86
50 87
50 89
50 90
50 91
50 92
50 93
50 94
50 96
50 97
50 98
50 99
50 103
50 104
50 105
50 107
50 108
50 111
50 112
50 114
50 117
50 118
50 119
50 121
50 122
50 123
50 125
50 128
50 129
50 130
50 133
50 134
50 135
50 136
50 137
50 140
50 141
50 143
50 144
50 146
50 147
50 148
51 1
51 4
51 5
51 6
51 7
51 8
51 10
51 11
51 15
51 16
51 17
51 18
51 19
51 21
51 22
51 25
51 26
51 28
51 29
51 31
51 34
51 35
51 37
51 38
51 41
51 42
51 43
51 47
51 48
51 49
51 50
51 52
51 54
51 55
51 57
51 60
51 61
51 69
51 70
51 71
51 72
51 73
51 75
51 77
51 78
51 79
51 81
51 83
51 87
51 90
51 92
51 93
51 94
51 96
51 99
51 100
51 101
51 105
51 106
51 108
51 110
51 111
51 112
51 113
51 114
51 115
51 116
51 118
51 119
51 121
51 122
51 124
51 126
51 127
51 129
51 130
51 132
51 136
51 137
51 139
51 141
51 143
51 148
51 149
51 150
52 2
52 3
52 5
52 6
52 8
52 11
52 14
52 15
52 16
52 17
52 18
52 19
52 20
52 21
52 22
52 23
52 24
52 28
52 29
52 30
52 31
52 32
52 34
52 35
52 36
52 38
52 39
52 40
52 43
52 44
52 46
52 47
52 51
52 52
52 54
52 56
52 57
52 60
52 62
52 64
52 65
52 70
52 71
52 72
52 73
52 74
52 76
52 79
52 80
52 83
52 84
52 85
52 86
52 87
52 90
52 91
52 93
52 94
52 95
52 96
52 97
52 99
52 102
52 104
52 105
52 106
52 108
52 110
52 111
52 112
52 114
52 115
52 117
52 118
52 119
52 120
52 124
52 125
52 129
52 131
52 132
52 134
52 135
52 136
52 137
52 138
52 139
52 140
52 142
52 143
52 144
52 145
52 146
52 147
52 148
52 150
53 1
53 3
53 7
53 8
53 9
53 12
53 14
53 18
53 19
53 21
53 24
53 25
53 28
53 31
53 32
53 33
53 34
53 35
53 36
53 37
53 38
53 39
53 43
53 44
53 48
53 49
53 50
53 51
53 52
53 54
53 55
53 56
53 57
53 58
53 59
53 60
53 61
53 62
53 63
53 65
53 67
53 68
53 70
53 72
53 73
53 74
53 76
53 79
53 81
53 82
53 83
53 89
53 90
53 93
53 94
53 95
53 96
53 97
53 102
53 103
53 104
53 106
53 107
53 108
53 109
53 110
53 111
53 112
53 113
53 115
53 117
53 118
53 119
53 125
53 126
53 129
53 131
53 133
53 134
53 135
53 136
53 137
53 138
53 139
53 141
53 142
53 143
53 144
53 145
53 148
53 149
53 150
54 2
54 5
54 10
54 12
54 14
54 16
54 17
54 18
54 19
54 20
54 22
54 23
54 24
54 25
54 31
54 32
54 35
54 36
54 38
54 40
54 41
54 44
54 45
54 46
54 47
54 50
54 52
54 54
54 56
54 59
54 60
54 63
54 64
54 65
54 67
54 68
54 71
54 72
54 73
54 77
54 78
54 80
54 82
54 84
54 85
54 86
54 87
54 88
54 90
54 97
54 98
54 99
54 100
54 102
54 103
54 105
54 106
54 109
54 110
54 111
54 112
54 114
54 115
54 119
54 121
54 126
54 127
54 129
54 130
54 133
54 135
54 136
54 137
54 138
54 139
54 140
54 142
54 143
54 145
54 146
54 147
54 148
54 149
55 1
55 3
55 5
55 6
55 8
55 9
55 10
55 11
55 12
55 13
55 17
55 20
55 25
55 26
55 29
55 30
55 32
55 33
55 34
55 35
55 37
55 38
55 40
55 41
55 42
55 43
55 46
55 47
55 49
55 50
55 51
55 53
55 54
55 55
55 57
55 59
55 62
55 66
55 67
55 68
55 69
55 71
55 72
55 73
55 75
55 77
55 78
55 79
55 80
55 85
55 87
55 88
55 91
55 93
55 94
55 95
55 97
55 98
55 99
55 102
55 106
55 107
55 108
55 110
55 114
55 115
55 116
55 117
55 118
55 120
55 122
55 123
55 125
55 127
55 128
55 131
55 133
55 134
55 135
55 136
55 137
55 140
55 141
55 142
55 143
55 144
55 146
55 147
55 148
55 149
56 1
56 2
56 4
56 5
56 6
56 8
56 9
56 10
56 11
56 12
56 13
56 15
56 16
56 17
56 18
56 19
56 22
56 23
56 24
56 26
56 27
56 31
56 35
56 36
56 37
56 38
56 39
56 40
56 41
56 43
56 44
56 48
56 54
56 58
56 59
56 60
56 64
56 65
56 67
56 69
56 70
56 71
56 73
56 74
56 78
56 79
56 81
56 83
56 85
56 86
56 87
56 88
56 90
56 91
56 92
56 93
56 94
56 95
56 96
56 98
56 101
56 103
56 105
56 108
56 109
56 110
56 111
56 112
56 114
56 115
56 117
56 119
56 120
56 121
56 122
56 123
56 125
56 126
56 127
56 129
56 131
56 133
56 135
56 137
56 138
56 140
56 141
56 142
56 143
56 144
56 150
57 1
57 2
57 3
57 4
57 5
57 6
57 8
57 11
57 12
57 13
57 14
57 15
57 17
57 19
57 20
57 21
57 22
57 23
57 25
57 26
57 27
57 28
57 29
57 30
57 31
57 33
57 36
57 38
57 40
57 47
57 48
57 50
57 53
57 54
57 56
57 58
57 59
57 63
57 64
57 65
57 67
57 71
57 72
57 73
57 74
57 75
57 78
57 79
57 83
57 84
57 85
57 88
57 90
57 91
57 92
57 93
57 96
57 98
57 99
57 100
57 102
57 104
57 105
57 109
57 111
57 114
57 117
57 120
57 121
57 122
57 123
57 126
57 127
57 129
57 131
57 133
57 134
57 137
57 138
57 139
57 141
57 142
57 143
57 144
57 146
57 147
58 2
58 3
58 4
58 5
58 6
58 8
58 11
58 13
58 14
58 16
58 17
58 18
58 19
58 22
58 23
58 24
58 25
58 28
58 29
58 30
58 31
58 35
58 36
58 37
58 38
58 39
58 40
58 42
58 45
58 49
58 50
58 51
58 52
58 53
58 54
58 56
58 57
58 60
58 61
58 65
58 68
58 69
58 71
58 72
58 75
58 76
58 77
58 80
58 81
58 83
58 84
58 86
58 89
58 90
58 91
58 92
58 93
58 96
58 97
58 98
58 99
58 100
58 101
58 102
58 103
58 105
58 106
58 108
58 109
58 110
58 112
58 113
58 115
58 116
58 117
58 120
58 122
58 123
58 125
58 126
58 130
58 131
58 136
58 138
58 140
58 142
58 143
58 145
58 146
59 2
59 3
59 4
59 5
59 7
59 9
59 10
59 11
59 14
59 15
59 16
59 20
59 22
59 23
59 24
59 25
59 26
59 28
59 29
59 30
59 31
59 32
59 33
59 34
59 35
59 36
59 38
59 39
59 40
59 41
59 42
59 45
59 48
59 50
59 51
59 53
59 54
59 57
59 58
59 60
59 62
59 63
59 64
59 65
59 66
59 67
59 68
59 71
59 74
59 75
59 76
59 78
59 79
59 83
59 84
59 86
59 90
59 95
59 97
59 100
59 101
59 102
59 103
59 104
59 109
59 110
59 111
59 115
59 116
59 117
59 118
59 120
59 124
59 125
59 126
59 128
59 129
59 131
59 132
59 135
59 136
59 137
59 143
59 144
59 146
59 147
59 148
59 149
60 3
60 4
60 6
60 8
60 9
60 10
60 11
60 13
60 14
60 15
60 16
60 17
60 19
60 20
60 21
60 23
60 27
60 28
60 29
60 31
60 33
60 34
60 35
60 37
60 39
60 41
60 42
60 46
60 47
60 48
60 49
60 50
60 54
60 55
60 57
60 58
60 59
60 60
60 61
60 62
60 63
60 64
60 65
60 67
60 68
60 69
60 70
60 71
60 72
60 73
60 76
60 77
60 78
60 79
60 81
60 85
60 87
60 88
60 90
60 91
60 93
60 94
60 98
60 99
60 100
60 102
60 103
60 105
60 106
60 107
60 108
60 109
60 110
60 112
60 113
60 114
60 115
60 118
60 119
60 122
60 123
60 124
60 125
60 126
60 127
60 128
60 129
60 130
60 132
60 135
60 136
60 138
60 140
60 141
60 142
60 143
60 144
60 145
60 146
60 149
61 1
61 3
61 5
61 6
61 7
61 8
61 10
61 11
61 14
61 15
61 16
61 17
61 18
61 19
61 20
61 21
61 22
61 23
61 25
61 27
61 31
61 33
61 34
61 37
61 38
61 39
61 40
61 41
61 43
61 44
61 45
61 49
61 50
61 53
61 54
61 55
61 57
61 58
61 59
61 61
61 64
61 65
61 67
61 68
61 70
61 73
61 74
61 75
61 78
61 79
61 81
61 82
61 83
61 84
61 85
61 87
61 88
61 89
61 90
61 91
61 92
61 93
61 94
61 96
61 97
61 98
61 99
61 102
61 103
61 104
61 106
61 107
61 108
61 109
61 111
61 114
61 115
61 117
61 118
61 119
61 120
61 121
61 122
61 123
61 126
61 129
61 130
61 132
61 134
61 136
61 137
61 138
61 140
61 144
61 145
61 146
61 147
61 148
61 149
61 150
62 1
62 3
62 4
62 5
62 7
62 8
62 9
62 10
62 12
62 13
62 14
62 15
62 17
62 20
62 21
62 22
62 23
62 24
62 26
62 29
62 30
62 32
62 33
62 35
62 37
62 39
62 44
62 46
62 50
62 51
62 52
62 55
62 56
62 58
62 60
62 61
62 62
62 63
62 66
62 68
62 69
62 70
62 72
62 73
62 74
62 75
62 76
62 77
62 79
62 80
62 81
62 82
62 84
62 85
62 86
62 87
62 88
62 90
62 91
62 92
62 93
62 94
62 95
62 100
62 102
62 105
62 106
62 108
62 116
62 117
62 119
62 120
62 121
62 123
62 124
62 125
62 126
62 130
62 131
62 134
62 135
62 137
62 138
62 139
62 142
62 143
62 144
62 145
62 146
62 147
63 1
63 3
63 11
63 13
63 14
63 16
63 18
63 20
63 21
63 22
63 23
63 24
63 26
63 27
63 29
63 31
63 32
63 34
63 35
63 36
63 37
63 38
63 39
63 40
63 41
63 43
63 44
63 45
63 46
63 47
63 48
63 50
63 51
63 52
63 53
63 54
63 55
63 56
63 60
63 61
63 62
63 63
63 66
63 67
63 68
63 71
63 72
63 73
63 74
63 75
63 77
63 79
63 80
63 81
63 82
63 83
63 84
63 85
63 86
63 87
63 88
63 90
63 91
63 92
63 93
63 96
63 97
63 99
63 105
63 106
63 107
63 108
63 109
63 110
63 111
63 114
63 115
63 116
63 117
63 118
63 120
63 121
63 122
63 123
63 125
63 126
63 127
63 128
63 129
63 131
63 132
63 134
63 135
63 136
63 137
63 138
63 139
63 141
63 142
63 143
63 144
63 145
63 148
63 149
63 150
64 3
64 4
64 5
64 6
64 7
64 10
64 11
64 12
64 18
64 19
64 20
64 21
64 22
64 23
64 24
64 25
64 26
64 27
64 28
64 32
64 33
64 34
64 35
64 37
64 39
64 40
64 42
64 44
64 46
64 53
64 56
64 57
64 61
64 64
64 67
64 68
64 70
64 72
64 74
64 76
64 78
64 79
64 82
64 88
64 89
64 90
64 92
64 94
64 95
64 97
64 99
64 100
64 101
64 102
64 104
64 105
64 106
64 107
64 109
64 110
64 111
64 113
64 114
64 116
64 117
64 118
64 120
64 121
64 123
64 124
64 126
64 127
64 128
64 131
64 132
64 133
64 134
64 135
64 137
64 138
64 139
64 140
64 141
64 143
64 147
64 148
64 149
65 1
65 2
65 4
65 6
65 8
65 9
65 11
65 15
65 16
65 21
65 22
65 25
65 32
65 33
65 34
65 35
65 38
65 39
65 41
65 42
65 44
65 46
65 47
65 48
65 49
65 50
65 52
65 53
65 54
65 55
65 59
65 60
65 61
65 62
65 63
65 65
65 68
65 69
65 71
65 72
65 73
65 74
65 76
65 78
65 79
65 80
65 81
65 84
65 88
65 89
65 90
65 91
65 94
65 96
65 97
65 98
65 101
65 103
65 105
65 106
65 107
65 109
65 110
65 111
65 113
65 114
65 115
65 116
65 118
65 121
65 123
65 124
65 125
65 126
65 129
65 130
65 131
65 134
65 135
65 136
65 137
65 138
65 141
65 142
65 144
65 145
65 146
65 148
65 149
66 1
66 2
66 4
66 5
66 6
66 8
66 9
66 12
66 13
66 15
66 17
66 19
66 21
66 24
66 25
66 26
66 27
66 28
66 29
66 32
66 37
66 38
66 39
66 41
66 42
66 44
66 45
66 47
66 51
66 52
66 54
66 56
66 57
66 58
66 60
66 63
66 65
66 67
66 68
66 69
66 70
66 73
66 75
66 79
66 80
66 83
66 84
66 86
66 87
66 89
66 93
66 94
66 95
66 96
66 97
66 98
66 99
66 100
66 101
66 102
66 103
66 106
66 109
66 110
66 113
66 114
66 116
66 119
66 120
66 123
66 124
66 126
66 128
66 130
66 131
66 132
66 134
66 137
66 139
66 140
66 141
66 143
66 144
66 146
66 147
66 150
67 3
67 5
67 7
67 10
67 11
67 12
67 15
67 16
67 17
67 18
67 21
67 22
67 23
67 28
67 29
67 31
67 33
67 36
67 37
67 38
67 39
67 40
67 42
67 43
67 45
67 47
67 50
67 55
67 58
67 59
67 66
67 69
67 71
67 72
67 73
67 74
67 75
67 76
67 77
67 78
67 79
67 80
67 81
67 82
67 83
67 84
67 87
67 89
67 90
67 91
67 92
67 93
67 95
67 96
67 97
67 98
67 100
67 102
67 103
67 105
67 106
67 107
67 108
67 109
67 110
67 111
67 113
67 117
67 119
67 120
67 121
67 122
67 124
67 125
67 127
67 128
67 129
67 130
67 131
67 132
67 133
67 135
67 136
67 137
67 142
67 143
67 146
67 147
67 148
67 149
68 2
68 11
68 13
68 14
68 15
68 17
68 18
68 19
68 20
68 21
68 22
68 23
68 24
68 25
68 26
68 28
68 30
68 32
68 34
68 35
68 37
68 39
68 41
68 42
68 43
68 46
68 48
68 52
68 53
68 54
68 57
68 58
68 60
68 61
68 63
68 64
68 66
68 68
68 69
68 71
68 74
68 75
68 76
68 78
68 79
68 81
68 82
68 85
68 86
68 87
68 89
68 90
68 91
68 92
68 93
68 94
68 95
68 100
68 102
68 103
68 105
68 107
68 108
68 109
68 110
68 113
68 115
68 117
68 118
68 119
68 120
68 121
68 123
68 125
68 127
68 130
68 131
68 132
68 133
68 137
68 138
68 139
68 141
68 143
68 144
68 145
68 148
68 150
69 1
69 2
69 7
69 8
69 11
69 12
69 14
69 16
69 17
69 18
69 19
69 21
69 22
69 24
69 26
69 28
69 29
69 30
69 31
69 32
69 36
69 38
69 41
69 42
69 45
69 46
69 47
69 49
69 51
69 52
69 53
69 55
69 57
69 59
69 60
69 65
69 66
69 67
69 68
69 69
69 74
69 76
69 77
69 78
69 79
69 82
69 83
69 85
69 87
69 88
69 89
69 90
69 91
69 92
69 93
69 94
69 95
69 97
69 99
69 100
69 101
69 103
69 104
69 105
69 109
69 110
69 112
69 113
69 115
69 116
69 117
69 118
69 119
69 122
69 124
69 125
69 128
69 135
69 136
69 137
69 138
69 139
69 141
69 142
69 143
69 144
69 147
69 149
69 150
70 2
70 3
70 4
70 6
70 7
70 8
70 9
70 13
70 14
70 15
70 16
70 17
70 20
70 23
70 24
70 25
70 27
70 28
70 30
70 31
70 34
70 35
70 38
70 40
70 41
70 43
70 44
70 46
70 48
70 52
70 53
70 58
70 62
70 65
70 66
70 67
70 68
70 69
70 72
70 73
70 75
70 76
70 77
70 78
70 79
70 87
70 90
70 94
70 96
70 97
70 98
70 101
70 103
70 110
70 111
70 113
70 114
70 115
70 119
70 120
70 121
70 124
70 125
70 128
70 130
70 131
70 132
70 133
70 135
70 136
70 137
70 139
70 140
70 141
70 145
70 146
71 1
71 4
71 5
71 6
71 7
71 9
71 10
71 11
71 12
71 13
71 14
71 16
71 18
71 19
71 22
71 24
71 27
71 28
71 29
71 30
71 32
71 33
71 34
71 36
71 38
71 40
71 41
71 44
71 45
71 46
71 53
71 54
71 57
71 59
71 61
71 62
71 64
71 69
71 71
71 72
71 73
71 74
71 76
71 77
71 79
71 81
71 82
71 84
71 85
71 87
71 88
71 89
71 90
71 91
71 93
71 95
71 96
71 98
71 99
71 101
71 103
71 104
71 106
71 108
71 109
71 110
71 111
71 113
71 114
71 115
71 117
71 118
71 120
71 121
71 122
71 123
71 124
71 125
71 126
71 127
71 129
71 130
71 133
71 134
71 135
71 136
71 137
71 138
71 140
71 141
71 143
71 145
71 146
71 147
71 148
72 5
72 6
72 7
72 8
72 9
72 11
72 12
72 13
72 14
72 16
72 17
72 18
72 19
72 21
72 22
72 24
72 25
72 26
72 28
72 29
72 30
72 31
72 32
72 37
72 38
72 42
72 47
72 50
72 51
72 52
72 53
72 54
72 58
72 59
72 61
72 64
72 65
72 67
72 68
72 69
72 70
72 71
72 72
72 73
72 75
72 76
72 77
72 79
72 81
72 85
72 86
72 87
72 88
72 89
72 94
72 97
72 100
72 103
72 104
72 105
72 106
72 107
72 112
72 113
72 114
72 115
72 116
72 117
72 118
72 120
72 123
72 124
72 125
72 126
72 129
72 132
72 134
72 136
72 137
72 138
72 144
72 146
72 148
72 150
74 2
74 3
74 5
74 7
74 8
74 9
74 11
74 12
74 13
74 16
74 17
74 19
74 22
74 25
74 27
74 28
74 29
74 31
74 32
74 33
74 35
74 36
74 38
74 39
74 42
74 43
74 45
74 47
74 49
74 50
74 54
74 56
74 58
74 59
74 60
74 64
74 65
74 66
74 67
74 70
74 71
74 72
74 76
74 77
74 79
74 82
74 83
74 85
74 86
74 87
74 88
74 90
74 91
74 92
74 93
74 94
74 95
74 96
74 97
74 98
74 99
74 100
74 101
74 102
74 104
74 106
74 107
74 112
74 115
74 116
74 117
74 118
74 119
74 120
74 122
74 123
74 126
74 129
74 130
74 131
74 133
74 136
74 137
74 138
74 139
74 140
74 142
74 143
74 145
74 146
75 1
75 3
75 4
75 5
75 6
75 9
75 11
75 12
75 14
75 15
75 16
75 17
75 18
75 19
75 20
75 22
75 26
75 27
75 28
75 29
75 30
75 32
75 33
75 35
75 36
75 37
75 38
75 39
75 40
75 45
75 47
75 48
75 49
75 50
75 51
75 52
75 53
75 55
75 59
75 60
75 61
75 64
75 65
75 67
75 69
75 70
75 72
75 73
75 77
75 78
75 80
75 81
75 83
75 84
75 86
75 87
75 89
75 91
75 92
75 95
75 97
75 99
75 101
75 102
75 106
75 109
75 110
75 113
75 114
75 115
75 116
75 119
75 120
75 122
75 123
75 124
75 126
75 127
75 128
75 129
75 136
75 137
75 139
75 142
75 143
75 146
75 147
75 148
75 149
76 2
76 3
76 4
76 5
76 7
76 9
76 10
76 11
76 13
76 15
76 17
76 18
76 20
76 22
76 24
76 25
76 27
76 28
76 29
76 30
76 31
76 33
76 35
76 36
76 39
76 40
76 41
76 43
76 44
76 46
76 51
76 52
76 53
76 55
76 56
76 57
76 58
76 59
76 60
76 61
76 63
76 64
76 65
76 66
76 67
76 69
76 70
76 71
76 73
76 75
76 76
76 77
76 79
76 80
76 82
76 84
76 87
76 89
76 92
76 94
76 98
76 99
76 102
76 103
76 104
76 105
76 106
76 107
76 108
76 110
76 113
76 114
76 117
76 119
76 121
76 122
76 124
76 126
76 128
76 129
76 130
76 131
76 132
76 136
76 137
76 138
76 140
76 141
76 142
76 144
76 146
76 148
76 149
76 150
77 3
77 4
77 6
77 8
77 10
77 15
77 18
77 20
77 22
77 24
77 25
77 26
77 27
77 29
77 34
77 35
77 37
77 39
77 43
77 45
77 46
77 47
77 48
77 50
77 53
77 59
77 61
77 62
77 63
77 65
77 67
77 68
77 69
77 72
77 74
77 75
77 76
77 77
77 78
77 81
77 83
77 84
77 87
77 90
77 91
77 96
77 97
77 99
77 100
77 102
77 103
77 104
77 107
77 109
77 111
77 114
77 115
77 118
77 119
77 122
77 123
77 124
77 125
77 127
77 128
77 129
77 131
77 133
77 134
77 135
77 136
77 137
77 142
77 143
77 144
77 145
77 146
77 147
78 2
78 3
78 5
78 9
78 11
78 12
78 14
78 17
78 19
78 20
78 22
78 23
78 24
78 26
78 27
78 28
78 31
78 33
78 34
78 35
78 37
78 38
78 39
78 41
78 44
78 46
78 47
78 50
78 51
78 53
78 55
78 56
78 58
78 59
78 61
78 62
78 63
78 64
78 66
78 67
78 68
78 69
78 70
78 72
78 73
78 74
78 75
78 79
78 80
78 81
78 83
78 84
78 86
78 89
78 90
78 92
78 94
78 95
78 96
78 97
78 98
78 99
78 101
78 102
78 103
78 104
78 105
78 106
78 108
78 109
78 110
78 111
78 112
78 116
78 117
78 118
78 120
78 124
78 125
78 127
78 128
78 129
78 132
78 135
78 137
78 139
78 140
78 142
78 143
78 145
78 146
78 147
78 148
79 1
79 3
79 4
79 6
79 7
79 8
79 9
79 10
79 11
79 12
79 14
79 16
79 17
79 20
79 21
79 23
79 24
79 25
79 26
79 27
79 31
79 34
79 35
79 36
79 37
79 39
79 43
79 44
79 45
79 46
79 47
79 49
79 50
79 51
79 52
79 54
79 55
79 56
79 57
79 60
79 61
79 62
79 63
79 64
79 67
79 69
79 70
79 71
79 72
79 73
79 76
79 77
79 78
79 83
79 84
79 87
79 88
79 92
79 95
79 97
79 98
79 99
79 100
79 102
79 103
79 104
79 106
79 107
79 108
79 109
79 111
79 112
79 113
79 114
79 115
79 120
79 121
79 123
79 124
79 125
79 127
79 129
79 133
79 134
79 138
79 139
79 141
79 142
79 143
79 146
79 147
79 149
79 150
80 4
80 5
80 6
80 7
80 8
80 9
80 10
80 11
80 12
80 13
80 14
80 15
80 16
80 17
80 19
80 20
80 21
80 22
80 23
80 24
80 26
80 27
80 28
80 29
80 30
80 31
80 32
80 33
80 36
80 43
80 44
80 47
80 48
80 50
80 51
80 52
80 54
80 55
80 56
80 59
80 64
80 65
80 66
80 67
80 70
80 71
80 72
80 75
80 76
80 77
80 78
80 80
80 81
80 85
80 87
80 88
80 90
80 91
80 92
80 93
80 94
80 95
80 96
80 97
80 98
80 99
80 100
80 101
80 102
80 108
80 109
80 113
80 116
80 121
80 123
80 124
80 125
80 126
80 127
80 129
80 133
80 134
80 135
80 136
80 138
80 139
80 142
80 143
80 144
80 145
80 147
80 148
80 149
81 1
81 3
81 4
81 5
81 8
81 10
81 11
81 15
81 16
81 19
81 22
81 25
81 26
81 30
81 31
81 33
81 35
81 36
81 42
81 43
81 44
81 47
81 48
81 50
81 52
81 54
81 55
81 57
81 60
81 61
81 62
81 64
81 66
81 69
81 73
81 74
81 76
81 78
81 79
81 80
81 81
81 83
81 86
81 87
81 88
81 90
81 91
81 92
81 95
81 96
81 97
81 98
81 99
81 103
81 104
81 107
81 108
81 109
81 111
81 112
81 114
81 115
81 116
81 117
81 119
81 120
81 121
81 122
81 123
81 128
81 130
81 132
81 133
81 134
81 136
81 137
81 139
81 140
81 141
81 142
81 144
81 148
81 149
82 1
82 2
82 5
82 6
82 9
82 10
82 11
82 13
82 14
82 17
82 18
82 19
82 20
82 21
82 22
82 24
82 25
82 27
82 29
82 31
82 32
82 33
82 34
82 35
82 37
82 38
82 39
82 40
82 42
82 43
82 44
82 46
82 49
82 50
82 51
82 52
82 54
82 56
82 57
82 59
82 60
82 61
82 63
82 64
82 65
82 67
82 68
82 69
82 71
82 72
82 73
82 74
82 77
82 79
82 82
82 84
82 88
82 89
82 90
82 91
82 93
82 94
82 95
82 96
82 97
82 98
82 99
82 102
82 103
82 106
82 107
82 109
82 110
82 111
82 112
82 113
82 115
82 116
82 118
82 119
82 121
82 122
82 123
82 124
82 125
82 126
82 130
82 131
82 132
82 134
82 135
82 136
82 138
82 140
82 141
82 143
82 144
82 147
82 148
82 149
82 150
83 1
83 2
83 5
83 7
83 8
83 9
83 10
83 12
83 13
83 14
83 17
83 18
83 20
83 21
83 25
83 26
83 29
83 31
83 32
83 33
83 34
83 35
83 37
83 38
83 40
83 41
83 42
83 43
83 45
83 46
83 47
83 49
83 54
83 55
83 56
83 59
83 60
83 61
83 62
83 63
83 64
83 65
83 68
83 72
83 73
83 74
83 76
83 77
83 80
83 81
83 82
83 83
83 85
83 88
83 89
83 90
83 91
83 92
83 94
83 95
83 96
83 97
83 98
83 102
83 103
83 104
83 105
83 109
83 111
83 112
83 113
83 115
83 116
83 117
83 122
83 125
83 126
83 128
83 131
83 132
83 133
83 134
83 135
83 136
83 140
83 141
83 142
83 143
83 144
83 146
83 147
83 148
84 2
84 3
84 5
84 6
84 8
84 10
84 12
84 13
84 15
84 17
84 19
84 20
84 21
84 22
84 23
84 25
84 26
84 28
84 29
84 30
84 32
84 34
84 36
84 37
84 38
84 39
84 40
84 42
84 43
84 44
84 45
84 47
84 49
84 51
84 52
84 53
84 55
84 57
84 59
84 60
84 61
84 62
84 64
84 68
84 69
84 70
84 73
84 75
84 78
84 79
84 80
84 81
84 82
84 85
84 89
84 90
84 91
84 92
84 93
84 94
84 96
84 97
84 98
84 99
84 100
84 101
84 105
84 106
84 108
84 109
84 110
84 113
84 116
84 117
84 118
84 119
84 121
84 124
84 130
84 131
84 132
84 135
84 136
84 138
84 140
84 141
84 142
84 145
84 146
84 147
84 149
84 150
85 1
85 2
85 7
85 8
85 9
85 10
85 11
85 12
85 14
85 15
85 16
85 17
85 18
85 20
85 21
85 23
85 25
85 26
85 27
85 29
85 30
85 31
85 32
85 34
85 36
85 39
85 40
85 41
85 42
85 44
85 49
85 50
85 54
85 56
85 57
85 58
85 59
85 60
85 61
85 62
85 63
85 64
85 68
85 70
85 71
85 73
85 74
85 75
85 77
85 78
85 79
85 80
85 83
85 84
85 86
85 88
85 89
85 90
85 91
85 92
85 94
85 95
85 99
85 103
85 104
85 106
85 107
85 112
85 114
85 116
85 118
85 119
85 120
85 122
85 124
85 128
85 129
85 130
85 131
85 133
85 134
85 137
85 138
85 139
85 140
85 141
85 142
85 143
85 144
85 146
85 147
86 1
86 2
86 3
86 4
86 5
86 6
86 7
86 8
86 10
86 12
86 14
86 15
86 16
86 17
86 22
86 23
86 26
86 28
86 29
86 30
86 33
86 36
86 37
86 39
86 40
86 41
86 42
86 45
86 47
86 48
86 52
86 53
86 54
86 56
86 58
86 59
86 64
86 66
86 67
86 68
86 69
86 70
86 71
86 72
86 74
86 75
86 76
86 78
86 79
86 80
86 81
86 86
86 87
86 90
86 91
86 93
86 95
86 96
86 98
86 99
86 100
86 102
86 103
86 104
86 105
86 106
86 107
86 108
86 111
86 112
86 114
86 115
86 116
86 117
86 118
86 119
86 120
86 121
86 122
86 123
86 124
86 127
86 128
86 132
86 134
86 135
86 136
86 139
86 143
86 144
86 145
86 146
86 147
86 148
86 149
87 2
87 4
87 5
87 6
87 8
87 10
87 12
87 16
87 17
87 19
87 20
87 23
87 26
87 28
87 30
87 32
87 33
87 35
87 38
87 41
87 42
87 44
87 45
87 46
87 47
87 52
87 53
87 55
87 57
87 59
87 60
87 61
87 62
87 65
87 67
87 68
87 74
87 75
87 76
87 77
87 78
87 79
87 81
87 82
87 83
87 84
87 85
87 86
87 87
87 88
87 89
87 92
87 93
87 94
87 96
87 97
87 98
87 99
87 100
87 101
87 102
87 104
87 105
87 106
87 107
87 108
87 109
87 110
87 116
87 120
87 121
87 122
87 125
87 127
87 128
87 130
87 131
87 132
87 136
87 138
87 139
87 140
87 142
87 143
87 144
87 145
87 147
87 149
88 1
88 2
88 4
88 6
88 11
88 12
88 13
88 15
88 16
88 17
88 18
88 20
88 21
88 22
88 23
88 24
88 25
88 26
88 27
88 29
88 30
88 31
88 32
88 33
88 35
88 37
88 39
88 40
88 42
88 44
88 45
88 48
88 49
88 50
88 51
88 52
88 57
88 58
88 62
88 63
88 66
88 69
88 71
88 72
88 73
88 74
88 76
88 77
88 78
88 79
88 81
88 84
88 85
88 86
88 87
88 88
88 89
88 90
88 94
88 95
88 96
88 99
88 100
88 103
88 104
88 106
88 107
88 109
88 114
88 116
88 117
88 119
88 120
88 121
88 122
88 125
88 126
88 127
88 131
88 132
88 133
88 135
88 136
88 137
88 138
88 140
88 144
88 146
88 147
88 149
88 150
89 1
89 2
89 6
89 8
89 9
89 10
89 12
89 18
89 19
89 20
89 21
89 23
89 24
89 25
89 26
89 27
89 29
89 31
89 32
89 33
89 35
89 40
89 41
89 42
89 43
89 44
89 48
89 50
89 51
89 53
89 54
89 55
89 58
89 59
89 61
89 64
89 66
89 67
89 68
89 69
89 72
89 74
89 75
89 79
89 80
89 81
89 83
89 86
89 88
89 91
89 92
89 94
89 95
89 100
89 101
89 102
89 104
89 105
89 107
89 108
89 110
89 111
89 112
89 113
89 114
89 115
89 118
89 120
89 121
89 122
89 123
89 125
89 126
89 127
89 128
89 130
89 131
89 133
89 134
89 137
89 139
89 140
89 142
89 145
89 147
89 148
89 150
90 1
90 2
90 3
90 5
90 8
90 9
90 10
90 11
90 12
90 13
90 14
90 17
90 18
90 21
90 22
90 23
90 24
90 26
90 27
90 28
90 31
90 32
90 33
90 35
90 36
90 37
90 38
90 40
90 41
90 42
90 43
90 44
90 46
90 47
90 48
90 50
90 51
90 53
90 54
90 56
90 57
90 58
90 59
90 61
90 63
90 64
90 65
90 66
90 67
90 68
90 72
90 73
90 74
90 75
90 76
90 77
90 80
90 81
90 82
90 83
90 91
90 92
90 94
90 97
90 98
90 99
90 101
90 102
90 103
90 109
90 110
90 112
90 113
90 114
90 117
90 118
90 120
90 121
90 124
90 128
90 130
90 135
90 136
90 137
90 138
90 140
90 141
90 145
90 147
90 149
91 1
91 3
91 5
91 10
91 11
91 12
91 13
91 14
91 15
91 17
91 18
91 21
91 22
91 23
91 24
91 25
91 27
91 29
91 30
91 31
91 32
91 34
91 35
91 36
91 37
91 38
91 41
91 42
91 43
91 44
91 46
91 47
91 48
91 51
91 52
91 55
91 56
91 59
91 61
91 63
91 64
91 65
91 67
91 68
91 70
91 73
91 74
91 76
91 78
91 79
91 81
91 82
91 83
91 84
91 86
91 90
91 92
91 93
91 94
91 95
91 99
91 101
91 103
91 104
91 105
91 106
91 107
91 109
91 110
91 111
91 112
91 113
91 115
91 117
91 118
91 120
91 122
91 123
91 124
91 125
91 126
91 131
91 132
91 134
91 135
91 136
91 137
91 138
91 139
91 140
91 142
91 143
91 144
91 149
91 150
92 1
92 3
92 6
92 7
92 8
92 11
92 13
92 17
92 18
92 19
92 21
92 22
92 23
92 26
92 29
92 30
92 32
92 33
92 35
92 36
92 37
92 38
92 41
92 43
92 44
92 48
92 49
92 50
92 51
92 52
92 53
92 56
92 57
92 59
92 61
92 63
92 64
92 65
92 67
92 68
92 69
92 72
92 74
92 75
92 77
92 79
92 80
92 81
92 84
92 87
92 88
92 91
92 93
92 96
92 97
92 98
92 100
92 102
92 103
92 104
92 105
92 106
92 107
92 109
92 112
92 113
92 115
92 117
92 118
92 119
92 125
92 126
92 127
92 128
92 130
92 131
92 133
92 135
92 137
92 138
92 139
92 140
92 141
92 143
92 144
92 145
92 146
92 147
92 148
93 2
93 3
93 5
93 6
93 7
93 8
93 9
93 11
93 13
93 15
93 17
93 21
93 22
93 23
93 25
93 26
93 27
93 28
93 29
93 32
93 34
93 36
93 37
93 40
93 41
93 42
93 44
93 48
93 49
93 52
93 53
93 57
93 58
93 61
93 64
93 65
93 66
93 67
93 68
93 69
93 72
93 74
93 77
93 78
93 80
93 81
93 82
93 84
93 86
93 87
93 88
93 89
93 93
93 94
93 96
93 97
93 99
93 103
93 104
93 106
93 107
93 108
93 111
93 112
93 116
93 119
93 121
93 122
93 123
93 124
93 127
93 130
93 131
93 133
93 134
93 135
93 137
93 138
93 139
93 143
93 144
93 148
93 150
94 1
94 2
94 3
94 4
94 5
94 9
94 10
94 13
94 14
94 15
94 16
94 18
94 19
94 20
94 22
94 23
94 25
94 26
94 27
94 29
94 34
94 35
94 36
94 40
94 42
94 44
94 45
94 48
94 50
94 51
94 53
94 54
94 55
94 56
94 59
94 60
94 61
94 62
94 63
94 64
94 65
94 67
94 69
94 71
94 74
94 79
94 81
94 82
94 83
94 84
94 88
94 89
94 90
94 93
94 97
94 100
94 105
94 107
94 110
94 112
94 113
94 114
94 115
94 117
94 119
94 120
94 121
94 122
94 125
94 126
94 127
94 128
94 130
94 131
94 132
94 133
94 135
94 136
94 137
94 139
94 142
94 143
94 144
94 145
94 147
94 149
94 150
95 1
95 2
95 4
95 5
95 8
95 10
95 11
95 12
95 14
95 16
95 18
95 21
95 22
95 23
95 24
95 26
95 27
95 28
95 29
95 30
95 32
95 33
95 34
95 35
95 36
95 37
95 38
95 39
95 40
95 41
95 44
95 46
95 47
95 48
95 49
95 51
95 52
95 53
95 54
95 55
95 57
95 58
95 59
95 61
95 62
95 64
95 65
95 66
95 67
95 69
95 70
95 72
95 74
95 76
95 77
95 78
95 79
95 80
95 81
95 82
95 85
95 86
95 89
95 90
95 92
95 95
95 96
95 100
95 101
95 102
95 103
95 104
95 106
95 107
95 108
95 112
95 113
95 114
95 118
95 119
95 120
95 121
95 122
95 123
95 124
95 127
95 128
95 129
95 131
95 134
95 136
95 137
95 138
95 139
95 141
95 143
95 144
95 145
95 147
95 148
95 150
96 1
96 2
96 3
96 4
96 6
96 9
96 10
96 15
96 18
96 19
96 22
96 24
96 25
96 26
96 28
96 29
96 32
96 34
96 35
96 37
96 39
96 41
96 42
96 43
96 44
96 45
96 47
96 50
96 56
96 57
96 59
96 61
96 65
96 66
96 68
96 73
96 74
96 75
96 76
96 78
96 79
96 80
96 82
96 84
96 85
96 86
96 88
96 89
96 91
96 92
96 94
96 95
96 96
96 97
96 98
96 100
96 102
96 103
96 104
96 105
96 107
96 108
96 109
96 110
96 115
96 117
96 118
96 119
96 120
96 121
96 124
96 125
96 127
96 129
96 130
96 131
96 132
96 133
96 134
96 135
96 136
96 137
96 139
96 140
96 141
96 142
96 144
96 145
96 146
96 147
96 149
96 150
97 1
97 2
97 4
97 6
97 9
97 10
97 11
97 12
97 15
97 16
97 17
97 18
97 19
97 20
97 23
97 25
97 26
97 30
97 34
97 37
97 38
97 39
97 40
97 41
97 42
97 43
97 45
97 49
97 51
97 52
97 53
97 54
97 58
97 61
97 63
97 64
97 67
97 69
97 70
97 71
97 72
97 73
97 74
97 76
97 78
97 81
97 82
97 83
97 87
97 88
97 89
97 90
97 92
97 93
97 94
97 95
97 96
97 98
97 100
97 101
97 104
97 105
97 106
97 107
97 108
97 109
97 111
97 113
97 114
97 116
97 117
97 119
97 120
97 121
97 122
97 127
97 129
97 130
97 131
97 133
97 135
97 136
97 139
97 141
97 142
97 145
97 146
97 148
97 150
98 2
98 3
98 4
98 5
98 6
98 7
98 12
98 15
98 16
98 18
98 20
98 21
98 23
98 24
98 26
98 28
98 29
98 30
98 31
98 34
98 37
98 38
98 39
98 41
98 42
98 44
98 45
98 48
98 51
98 52
98 53
98 56
98 57
98 61
98 62
98 63
98 64
98 65
98 66
98 68
98 70
98 71
98 72
98 76
98 78
98 79
98 81
98 84
98 86
98 88
98 89
98 90
98 92
98 93
98 94
98 96
98 98
98 100
98 101
98 104
98 105
98 110
98 112
98 116
98 117
98 118
98 120
98 122
98 124
98 125
98 126
98 130
98 132
98 133
98 134
98 136
98 137
98 138
98 140
98 141
98 142
98 143
98 146
98 147
98 148
98 149
98 150
99 1
99 4
99 6
99 8
99 9
99 10
99 16
99 17
99 18
99 19
99 20
99 21
99 27
99 28
99 29
99 30
99 34
99 35
99 37
99 39
99 41
99 42
99 43
99 44
99 46
99 47
99 49
99 54
99 55
99 56
99 57
99 58
99 61
99 63
99 64
99 70
99 71
99 72
99 73
99 76
99 77
99 81
99 82
99 83
99 84
99 88
99 90
99 94
99 95
99 97
99 98
99 99
99 101
99 102
99 103
99 105
99 106
99 110
99 111
99 112
99 113
99 115
99 116
99 117
99 120
99 122
99 124
99 127
99 128
99 132
99 134
99 135
99 136
99 138
99 139
99 140
99 141
99 142
99 143
99 145
99 148
99 149
99 150
100 2
100 4
100 6
100 10
100 12
100 14
100 15
100 16
100 19
100 20
100 22
100 23
100 24
100 25
100 26
100 29
100 30
100 31
100 33
100 34
100 37
100 38
100 40
100 42
100 43
100 44
100 45
100 46
100 47
100 48
100 50
100 51
100 52
100 53
100 54
100 55
100 56
100 57
100 61
100 64
100 65
100 66
100 67
100 68
100 70
100 71
100 74
100 75
100 76
100 77
100 80
100 82
100 84
100 85
100 86
100 89
100 90
100 91
100 92
100 93
100 94
100 96
100 97
100 99
100 102
100 103
100 105
100 106
100 107
100 108
100 111
100 113
100 114
100 115
100 117
100 119
100 120
100 121
100 123
100 128
100 129
100 136
100 137
100 139
100 141
100 142
100 144
100 146
100 147
100 148
