100 200 31 113 518
8 43
8 44
8 45
8 46
8 47
8 48
8 49
8 50
8 51
8 52
8 53
8 54
8 55
8 56
8 57
8 58
8 59
8 60
8 61
8 62
8 63
8 64
8 65
8 66
8 67
8 68
8 69
8 70
8 71
8 72
8 73
8 74
8 75
8 76
8 77
8 78
8 79
8 80
8 81
8 82
8 83
8 84
8 85
8 86
8 87
8 88
8 89
8 90
8 91
8 92
8 93
8 94
8 95
8 96
8 97
8 98
8 99
8 100
8 101
8 102
8 103
8 104
8 105
8 106
8 107
8 108
8 109
8 110
8 111
8 112
8 113
8 114
8 115
8 116
8 117
8 118
8 119
8 120
8 121
8 122
8 123
8 124
8 125
8 126
8 127
8 128
8 129
8 130
8 131
8 132
8 133
8 134
8 135
8 136
8 137
8 138
8 139
8 140
8 141
8 142
8 143
8 144
8 145
8 146
8 147
8 148
8 149
8 150
8 151
8 152
8 153
8 154
8 155
8 156
8 157
8 158
8 159
8 160
8 161
8 162
8 163
8 164
8 165
8 166
8 167
8 168
8 169
8 170
8 171
8 172
8 173
8 174
8 175
8 176
8 177
8 178
8 179
8 180
8 181
8 182
8 183
8 184
8 185
8 186
8 187
8 188
8 189
9 42
9 43
9 188
9 189
10 41
10 42
10 187
10 188
11 40
11 41
11 186
11 187
12 39
12 40
12 185
12 186
13 38
13 39
13 184
13 185
14 37
14 38
14 183
14 184
15 36
15 37
15 182
15 183
16 35
16 36
16 182
17 34
17 35
17 182
18 33
18 34
18 182
19 32
19 33
19 182
20 31
20 32
20 182
21 30
21 31
21 182
22 29
22 30
22 182
23 28
23 29
23 182
24 27
24 28
24 182
25 26
25 27
25 182
26 25
26 26
26 182
27 24
27 25
27 182
28 23
28 24
28 182
29 23
29 182
30 23
30 182
31 23
31 182
32 23
32 182
33 23
33 182
34 23
34 182
35 23
35 182
36 23
36 182
37 23
37 182
38 23
38 182
39 23
39 182
40 23
40 182
41 23
41 182
42 23
42 182
43 23
43 182
44 23
44 182
45 23
45 182
46 23
46 182
47 23
47 182
48 23
48 182
49 23
49 182
50 23
50 182
51 23
51 182
52 23
52 182
53 23
53 182
54 23
54 182
55 23
55 182
56 23
56 182
57 23
57 182
58 23
58 182
59 23
59 182
60 23
60 182
61 23
61 182
62 23
62 182
63 23
63 182
64 23
64 182
65 23
65 182
66 23
66 182
67 23
67 181
67 182
68 23
68 180
68 181
69 23
69 179
69 180
70 23
70 178
70 179
71 23
71 177
71 178
72 23
72 176
72 177
73 23
73 175
73 176
74 22
74 23
74 174
74 175
75 21
75 22
75 173
75 174
76 20
76 21
76 172
76 173
77 19
77 20
77 171
77 172
78 18
78 19
78 170
78 171
79 17
79 18
79 169
79 170
80 16
80 17
80 168
80 169
81 15
81 16
81 167
81 168
82 15
82 166
82 167
83 15
83 165
83 166
84 15
84 16
84 164
84 165
85 16
85 17
85 163
85 164
86 17
86 18
86 162
86 163
87 18
87 19
87 161
87 162
88 19
88 20
88 160
88 161
89 20
89 21
89 159
89 160
90 21
90 22
90 158
90 159
91 22
91 23
91 67
91 68
91 69
91 70
91 71
91 72
91 73
91 74
91 75
91 76
91 77
91 78
91 79
91 80
91 81
91 82
91 83
91 84
91 85
91 86
91 87
91 88
91 89
91 90
91 91
91 92
91 93
91 94
91 95
91 96
91 97
91 98
91 99
91 100
91 101
91 102
91 103
91 104
91 105
91 106
91 107
91 108
91 109
91 110
91 111
91 112
91 113
91 114
91 115
91 116
91 117
91 118
91 119
91 120
91 121
91 122
91 123
91 124
91 125
91 126
91 127
91 128
91 129
91 130
91 131
91 132
91 133
91 134
91 135
91 136
91 137
91 138
91 139
91 140
91 141
91 142
91 143
91 144
91 145
91 146
91 147
91 148
91 149
91 150
91 151
91 152
91 153
91 154
91 155
91 156
91 157
91 158
92 23
92 24
92 66
92 67
93 24
93 25
93 26
93 27
93 28
93 29
93 30
93 31
93 32
93 33
93 34
93 35
93 36
93 37
93 38
93 39
93 40
93 41
93 42
93 43
93 44
93 45
93 46
93 47
93 48
93 49
93 50
93 51
93 52
93 53
93 54
93 55
93 56
93 57
93 58
93 59
93 60
93 61
93 62
93 63
93 64
93 65
93 66
