100 200 90 25 486
7 29
7 30
7 31
7 32
7 33
7 34
7 35
7 36
7 37
7 38
7 39
7 40
7 41
7 42
7 43
7 44
7 45
7 46
7 47
7 48
7 49
7 50
7 51
7 52
7 53
7 54
7 55
7 56
7 57
7 58
7 59
7 60
7 61
7 62
7 63
7 64
7 65
7 66
7 67
7 68
7 69
7 70
7 71
7 72
7 73
7 74
7 75
7 76
7 77
7 78
7 79
7 80
7 81
7 82
7 83
7 84
7 85
7 86
7 87
7 88
7 89
7 90
7 91
7 92
7 93
7 94
7 95
7 96
7 97
7 98
7 99
7 100
7 101
7 102
7 103
7 104
7 105
7 106
7 107
7 108
7 109
7 110
7 111
7 112
7 113
7 114
7 115
7 116
7 117
7 118
7 119
7 120
7 121
7 122
7 123
7 124
7 125
8 28
8 29
8 125
8 126
9 27
9 28
9 126
9 127
10 26
10 27
10 127
10 128
11 25
11 26
11 128
11 129
12 24
12 25
12 129
12 130
13 23
13 24
13 130
13 131
14 22
14 23
14 24
14 25
14 26
14 27
14 28
14 29
14 30
14 31
14 32
14 33
14 34
14 35
14 36
14 37
14 38
14 39
14 40
14 41
14 42
14 43
14 131
14 132
15 43
15 44
15 132
15 133
16 44
16 45
16 133
16 134
17 45
17 46
17 134
17 135
18 46
18 47
18 135
18 136
19 47
19 48
19 136
19 137
20 48
20 49
20 137
20 138
21 49
21 50
21 138
21 139
22 50
22 51
22 139
22 140
23 51
23 52
23 140
23 141
24 52
24 53
24 141
24 142
25 53
25 54
25 142
25 143
26 54
26 55
26 143
26 144
27 55
27 56
27 144
27 145
28 56
28 57
28 145
28 146
29 57
29 58
29 146
29 147
30 58
30 59
30 147
30 148
31 59
31 60
31 148
31 149
32 60
32 61
32 149
32 150
33 61
33 62
33 150
33 151
34 62
34 63
34 151
34 152
35 63
35 64
35 152
35 153
36 64
36 65
36 153
36 154
37 65
37 66
37 154
37 155
38 66
38 67
38 155
38 156
38 157
38 158
38 159
38 160
38 161
38 162
38 163
38 164
38 165
38 166
38 167
38 168
38 169
38 170
38 171
38 172
38 173
38 174
38 175
38 176
38 177
38 178
38 179
38 180
38 181
38 182
38 183
38 184
38 185
38 186
38 187
38 188
38 189
38 190
38 191
38 192
38 193
38 194
38 195
38 196
38 197
38 198
39 67
39 68
39 196
39 197
40 68
40 69
40 196
41 69
41 70
41 196
42 70
42 71
42 196
43 71
43 72
43 196
44 72
44 73
44 196
45 73
45 74
45 196
46 74
46 75
46 196
47 75
47 76
47 196
48 76
48 77
48 196
49 77
49 78
49 196
50 78
50 79
50 196
51 79
51 80
51 196
52 80
52 81
52 196
53 81
53 82
53 196
54 82
54 83
54 196
55 83
55 84
55 196
56 84
56 85
56 196
57 85
57 86
57 196
58 86
58 87
58 196
59 87
59 88
59 196
60 88
60 89
60 196
61 89
61 90
61 196
62 90
62 91
62 196
63 91
63 92
63 196
64 92
64 93
64 196
65 93
65 94
65 196
66 94
66 95
66 196
67 95
67 96
67 196
68 96
68 97
68 196
69 97
69 98
69 195
69 196
70 98
70 99
70 194
70 195
71 99
71 100
71 193
71 194
72 100
72 101
72 192
72 193
73 101
73 102
73 191
73 192
74 102
74 103
74 190
74 191
75 103
75 104
75 105
75 106
75 107
75 108
75 109
75 110
75 111
75 112
75 113
75 114
75 115
75 116
75 117
75 118
75 119
75 120
75 121
75 122
75 123
75 124
75 125
75 126
75 127
75 128
75 129
75 130
75 131
75 132
75 133
75 134
75 135
75 136
75 137
75 138
75 139
75 140
75 141
75 142
75 143
75 144
75 145
75 146
75 147
75 148
75 149
75 150
75 151
75 152
75 153
75 154
75 155
75 156
75 157
75 158
75 159
75 160
75 161
75 162
75 163
75 164
75 165
75 166
75 167
75 168
75 169
75 170
75 171
75 172
75 173
75 174
75 175
75 176
75 177
75 178
75 179
75 180
75 181
75 182
75 183
75 184
75 185
75 186
75 187
75 188
75 189
75 190
