100 200 21 56 481
8 61
8 62
8 63
8 64
8 65
8 66
8 67
8 68
8 69
8 70
8 71
8 72
8 73
8 74
8 75
8 76
8 77
8 78
8 79
8 80
8 81
8 82
8 83
8 84
8 85
8 86
8 87
8 88
8 89
8 90
8 91
8 92
8 93
8 94
8 95
8 96
8 97
8 98
8 99
8 100
8 101
8 102
8 103
8 104
8 105
8 106
8 107
8 108
8 109
8 110
8 111
8 112
8 113
8 114
8 115
8 116
8 117
8 118
8 119
8 120
8 121
8 122
8 123
8 124
8 125
8 126
8 127
8 128
8 129
8 130
8 131
8 132
8 133
8 134
8 135
8 136
8 137
8 138
8 139
8 140
8 141
8 142
8 143
8 144
8 145
8 146
8 147
8 148
8 149
8 150
8 151
8 152
8 153
8 154
8 155
8 156
8 157
8 158
8 159
8 160
8 161
8 162
8 163
8 164
8 165
8 166
8 167
8 168
8 169
8 170
8 171
8 172
8 173
8 174
8 175
8 176
8 177
8 178
8 179
8 180
8 181
8 182
8 183
8 184
8 185
8 186
8 187
8 188
8 189
9 60
9 61
9 187
9 188
10 59
10 60
10 186
10 187
11 58
11 59
11 185
11 186
12 57
12 58
12 184
12 185
13 56
13 57
13 183
13 184
14 55
14 56
14 182
14 183
15 54
15 55
15 181
15 182
16 53
16 54
16 180
16 181
17 53
17 179
17 180
18 53
18 178
18 179
19 53
19 177
19 178
20 53
20 176
20 177
21 53
21 175
21 176
22 53
22 174
22 175
23 53
23 173
23 174
24 53
24 172
24 173
25 53
25 171
25 172
26 53
26 170
26 171
27 52
27 53
27 169
27 170
28 51
28 52
28 169
29 50
29 51
29 169
30 49
30 50
30 169
31 48
31 49
31 169
32 47
32 48
32 169
33 46
33 47
33 168
33 169
34 45
34 46
34 167
34 168
35 44
35 45
35 166
35 167
36 43
36 44
36 165
36 166
37 42
37 43
37 164
37 165
38 41
38 42
38 163
38 164
39 40
39 41
39 162
39 163
40 39
40 40
40 161
40 162
41 38
41 39
41 160
41 161
42 37
42 38
42 159
42 160
43 36
43 37
43 158
43 159
44 35
44 36
44 157
44 158
45 34
45 35
45 156
45 157
46 34
46 155
46 156
47 34
47 154
47 155
48 34
48 153
48 154
49 34
49 152
49 153
50 34
50 151
50 152
51 34
51 150
51 151
52 34
52 149
52 150
53 34
53 148
53 149
54 34
54 147
54 148
55 34
55 146
55 147
56 34
56 145
56 146
57 34
57 144
57 145
58 34
58 143
58 144
59 34
59 142
59 143
60 34
60 141
60 142
61 34
61 140
61 141
62 34
62 139
62 140
63 34
63 138
63 139
64 34
64 137
64 138
65 34
65 136
65 137
66 34
66 135
66 136
67 34
67 134
67 135
68 34
68 133
68 134
69 34
69 132
69 133
70 34
70 35
70 131
70 132
71 35
71 36
71 130
71 131
72 36
72 37
72 129
72 130
73 37
73 38
73 128
73 129
74 38
74 39
74 127
74 128
75 39
75 40
75 126
75 127
76 40
76 41
76 125
76 126
77 41
77 42
77 124
77 125
78 42
78 43
78 123
78 124
79 43
79 44
79 123
80 44
80 45
80 123
81 45
81 46
81 47
81 48
81 49
81 50
81 51
81 52
81 53
81 123
82 53
82 54
82 123
83 54
83 55
83 123
84 55
84 56
84 123
85 56
85 57
85 122
85 123
86 57
86 58
86 121
86 122
87 58
87 59
87 120
87 121
88 59
88 60
88 119
88 120
89 60
89 61
89 118
89 119
90 61
90 62
90 117
90 118
91 62
91 63
91 116
91 117
92 63
92 64
92 115
92 116
93 64
93 65
93 114
93 115
94 65
94 66
94 67
94 68
94 69
94 70
94 71
94 72
94 73
94 74
94 75
94 76
94 77
94 78
94 79
94 80
94 81
94 82
94 83
94 84
94 85
94 86
94 87
94 88
94 89
94 90
94 91
94 92
94 93
94 94
94 95
94 96
94 97
94 98
94 99
94 100
94 101
94 102
94 103
94 104
94 105
94 106
94 107
94 108
94 109
94 110
94 111
94 112
94 113
94 114
