100 200 67 190 465
9 40
9 41
9 42
9 43
9 44
9 45
9 46
9 47
9 48
9 49
9 50
9 51
9 52
9 53
9 54
9 55
9 56
9 57
9 58
9 59
9 60
9 61
9 62
9 63
9 64
9 65
9 66
9 67
9 68
9 69
9 70
9 71
9 72
9 73
9 74
9 75
9 76
9 77
9 78
9 79
9 80
9 81
9 82
9 83
9 84
9 85
9 86
9 87
9 88
9 89
9 90
9 91
9 92
9 93
9 94
9 95
9 96
9 97
9 98
9 99
9 100
9 101
9 102
9 103
9 104
9 105
9 106
9 107
9 108
9 109
9 110
9 111
9 112
9 113
9 114
9 115
9 116
9 117
9 118
9 119
9 120
9 122
10 39
10 40
10 122
10 123
11 38
11 39
11 123
11 124
12 37
12 38
12 124
12 125
13 36
13 37
13 125
13 126
14 35
14 36
14 126
14 127
15 34
15 35
15 127
15 128
16 33
16 34
16 128
16 129
17 32
17 33
17 129
17 130
18 31
18 32
18 130
18 131
19 30
19 31
19 131
19 132
20 29
20 30
20 132
20 133
21 28
21 29
21 133
21 134
22 27
22 28
22 134
22 135
23 27
23 135
23 136
24 27
24 136
24 137
25 27
25 137
25 138
26 27
26 138
26 139
27 27
27 139
27 140
28 27
28 140
28 141
29 27
29 141
29 142
30 27
30 142
30 143
31 27
31 143
31 144
32 27
32 144
32 145
33 27
33 145
33 146
34 27
34 146
34 147
35 27
35 147
35 148
36 27
36 148
36 149
37 27
37 149
37 150
38 27
38 150
38 151
39 27
39 151
39 152
40 27
40 152
40 153
41 27
41 153
41 154
42 27
42 154
42 155
43 27
43 155
43 156
44 27
44 156
44 157
45 27
45 157
45 158
46 27
46 158
46 159
47 27
47 159
47 160
48 27
48 160
48 161
49 27
49 161
49 162
50 27
50 162
50 163
51 27
51 163
51 164
52 27
52 164
52 165
53 27
53 165
53 166
54 27
54 166
54 167
55 27
55 167
55 168
56 27
56 168
56 169
57 27
57 169
58 27
58 169
59 27
59 169
60 27
60 169
61 27
61 169
62 27
62 28
62 169
63 28
63 169
64 28
64 169
65 28
65 168
65 169
66 28
66 167
66 168
67 28
67 166
67 167
68 28
68 165
68 166
69 28
69 165
70 28
70 165
71 28
71 165
72 28
72 165
73 28
73 165
74 28
74 165
75 28
75 165
76 28
76 165
77 28
77 165
78 28
78 165
79 28
79 164
79 165
80 28
80 163
80 164
81 28
81 162
81 163
82 28
82 161
82 162
83 28
83 160
83 161
84 28
84 159
84 160
85 28
85 158
85 159
86 28
86 157
86 158
87 28
87 156
87 157
88 28
88 155
88 156
89 28
89 29
89 154
89 155
90 29
90 30
90 153
90 154
91 30
91 31
91 152
91 153
92 31
92 32
92 151
92 152
93 32
93 33
93 150
93 151
94 33
94 34
94 149
94 150
95 34
95 35
95 148
95 149
96 35
96 36
96 147
96 148
97 36
97 37
97 38
97 39
97 40
97 41
97 42
97 43
97 44
97 45
97 46
97 47
97 48
97 49
97 50
97 51
97 52
97 53
97 54
97 55
97 56
97 57
97 58
97 59
97 60
97 61
97 62
97 63
97 64
97 65
97 66
97 67
97 68
97 69
97 70
97 71
97 72
97 73
97 74
97 75
97 76
97 77
97 78
97 79
97 80
97 81
97 82
97 83
97 84
97 85
97 86
97 87
97 88
97 89
97 90
97 91
97 92
97 93
97 94
97 95
97 96
97 97
97 98
97 99
97 100
97 101
97 102
97 103
97 104
97 105
97 106
97 107
97 108
97 109
97 146
97 147
98 109
98 110
98 145
98 146
99 110
99 111
99 144
99 145
100 111
100 112
100 113
100 114
100 115
100 116
100 117
100 118
100 119
100 120
100 121
100 122
100 123
100 124
100 125
100 126
100 127
100 128
100 129
100 130
100 131
100 132
100 133
100 134
100 135
100 136
100 137
100 138
100 139
100 140
100 141
100 142
100 143
100 144
