100 200 61 106 8036
1 2
1 3
1 7
1 11
1 12
1 14
1 21
1 22
1 24
1 30
1 31
1 34
1 37
1 42
1 46
1 47
1 49
1 51
1 52
1 55
1 59
1 62
1 63
1 65
1 66
1 67
1 71
1 72
1 73
1 75
1 76
1 78
1 80
1 83
1 85
1 86
1 90
1 91
1 93
1 94
1 95
1 97
1 98
1 102
1 104
1 106
1 113
1 114
1 118
1 119
1 122
1 125
1 128
1 129
1 130
1 131
1 132
1 135
1 136
1 145
1 146
1 147
1 148
1 150
1 151
1 152
1 154
1 161
1 167
1 172
1 174
1 179
1 182
1 183
1 194
1 195
1 198
1 200
2 2
2 6
2 9
2 12
2 16
2 18
2 19
2 21
2 22
2 24
2 25
2 26
2 28
2 29
2 34
2 36
2 37
2 38
2 39
2 40
2 42
2 43
2 46
2 49
2 50
2 54
2 56
2 60
2 64
2 66
2 67
2 68
2 69
2 71
2 75
2 80
2 81
2 83
2 84
2 86
2 88
2 95
2 96
2 99
2 103
2 104
2 105
2 112
2 114
2 119
2 131
2 133
2 142
2 145
2 146
2 151
2 152
2 155
2 156
2 159
2 160
2 161
2 163
2 164
2 171
2 172
2 175
2 178
2 179
2 181
2 184
2 187
2 188
2 189
2 190
2 191
2 193
2 194
2 195
2 196
2 197
2 198
2 200
3 3
3 4
3 5
3 6
3 7
3 8
3 9
3 11
3 19
3 20
3 26
3 27
3 28
3 31
3 32
3 33
3 34
3 35
3 39
3 40
3 41
3 42
3 44
3 46
3 48
3 51
3 55
3 60
3 62
3 63
3 64
3 66
3 67
3 68
3 69
3 70
3 71
3 81
3 82
3 83
3 84
3 85
3 88
3 90
3 92
3 94
3 95
3 96
3 97
3 100
3 101
3 115
3 119
3 121
3 123
3 126
3 129
3 130
3 131
3 133
3 134
3 136
3 140
3 142
3 144
3 147
3 149
3 151
3 154
3 155
3 156
3 164
3 165
3 167
3 168
3 169
3 172
3 177
3 180
3 184
3 185
3 186
3 188
3 191
3 198
4 3
4 6
4 8
4 9
4 13
4 15
4 17
4 18
4 23
4 24
4 29
4 30
4 33
4 34
4 35
4 36
4 39
4 40
4 43
4 48
4 51
4 52
4 53
4 58
4 61
4 62
4 67
4 68
4 71
4 73
4 76
4 77
4 78
4 79
4 80
4 83
4 85
4 89
4 92
4 95
4 98
4 101
4 105
4 108
4 110
4 115
4 117
4 119
4 120
4 121
4 122
4 123
4 125
4 134
4 137
4 143
4 144
4 146
4 154
4 156
4 158
4 159
4 160
4 167
4 168
4 172
4 178
4 180
4 184
4 190
4 191
5 1
5 4
5 7
5 8
5 10
5 12
5 13
5 14
5 16
5 19
5 20
5 21
5 22
5 26
5 28
5 31
5 34
5 36
5 39
5 47
5 48
5 49
5 50
5 51
5 53
5 56
5 58
5 61
5 62
5 63
5 66
5 68
5 69
5 70
5 71
5 73
5 75
5 76
5 78
5 82
5 83
5 84
5 87
5 92
5 94
5 95
5 99
5 100
5 108
5 112
5 113
5 117
5 118
5 119
5 120
5 122
5 127
5 136
5 137
5 138
5 140
5 141
5 142
5 146
5 147
5 148
5 149
5 152
5 153
5 156
5 157
5 161
5 162
5 164
5 165
5 170
5 171
5 172
5 175
5 176
5 178
5 180
5 184
5 185
5 186
5 187
5 190
5 192
5 193
5 196
5 198
6 2
6 3
6 4
6 5
6 6
6 7
6 8
6 10
6 11
6 14
6 18
6 19
6 20
6 21
6 23
6 26
6 29
6 31
6 32
6 34
6 35
6 38
6 39
6 46
6 50
6 51
6 54
6 57
6 58
6 59
6 63
6 65
6 68
6 70
6 77
6 78
6 83
6 84
6 96
6 109
6 110
6 114
6 115
6 116
6 117
6 118
6 123
6 131
6 137
6 138
6 139
6 140
6 144
6 147
6 150
6 151
6 153
6 154
6 156
6 167
6 168
6 170
6 171
6 174
6 175
6 179
6 182
6 184
6 185
6 186
6 188
6 192
6 194
6 197
6 198
6 200
7 2
7 3
7 9
7 10
7 11
7 13
7 16
7 17
7 21
7 22
7 23
7 25
7 26
7 33
7 34
7 36
7 37
7 39
7 42
7 45
7 53
7 56
7 59
7 60
7 62
7 63
7 64
7 65
7 66
7 67
7 68
7 72
7 75
7 76
7 80
7 81
7 85
7 86
7 88
7 90
7 91
7 94
7 96
7 102
7 104
7 105
7 106
7 109
7 119
7 121
7 123
7 124
7 126
7 127
7 128
7 132
7 133
7 139
7 143
7 147
7 150
7 155
7 157
7 162
7 164
7 165
7 167
7 170
7 172
7 174
7 177
7 183
7 186
7 188
7 189
7 190
7 191
7 194
7 195
7 196
7 198
7 200
8 4
8 10
8 12
8 16
8 17
8 19
8 22
8 23
8 29
8 32
8 34
8 37
8 38
8 41
8 42
8 44
8 45
8 50
8 51
8 52
8 53
8 58
8 59
8 60
8 63
8 69
8 70
8 71
8 72
8 73
8 74
8 75
8 77
8 79
8 80
8 82
8 83
8 84
8 86
8 87
8 89
8 92
8 93
8 94
8 95
8 100
8 101
8 102
8 104
8 105
8 109
8 111
8 112
8 113
8 116
8 119
8 122
8 123
8 126
8 133
8 139
8 141
8 143
8 152
8 157
8 158
8 162
8 163
8 168
8 169
8 171
8 172
8 178
8 179
8 183
8 186
8 187
8 190
8 195
8 197
8 199
8 200
9 2
9 6
9 9
9 14
9 15
9 18
9 20
9 21
9 22
9 24
9 25
9 28
9 29
9 33
9 35
9 36
9 39
9 41
9 43
9 44
9 47
9 48
9 49
9 51
9 54
9 55
9 57
9 58
9 60
9 67
9 70
9 71
9 73
9 74
9 76
9 80
9 83
9 84
9 87
9 88
9 91
9 92
9 93
9 97
9 100
9 103
9 107
9 108
9 110
9 112
9 119
9 126
9 127
9 128
9 129
9 131
9 142
9 146
9 155
9 157
9 158
9 160
9 161
9 163
9 164
9 170
9 172
9 174
9 176
9 177
9 179
9 180
9 181
9 182
9 183
9 185
9 192
9 194
10 3
10 5
10 7
10 10
10 12
10 13
10 14
10 15
10 16
10 22
10 24
10 31
10 34
10 35
10 36
10 40
10 45
10 50
10 51
10 54
10 56
10 57
10 59
10 60
10 62
10 63
10 75
10 77
10 80
10 83
10 86
10 87
10 89
10 102
10 103
10 105
10 108
10 110
10 115
10 118
10 119
10 121
10 122
10 125
10 126
10 127
10 133
10 137
10 141
10 143
10 149
10 151
10 152
10 153
10 154
10 156
10 158
10 160
10 161
10 163
10 165
10 168
10 169
10 171
10 173
10 174
10 179
10 180
10 183
10 186
10 188
10 192
10 193
11 1
11 9
11 10
11 11
11 13
11 14
11 16
11 17
11 23
11 27
11 31
11 32
11 34
11 36
11 37
11 39
11 40
11 41
11 47
11 49
11 52
11 53
11 55
11 56
11 58
11 59
11 64
11 66
11 68
11 69
11 72
11 74
11 75
11 76
11 77
11 78
11 81
11 82
11 83
11 84
11 85
11 86
11 87
11 91
11 94
11 96
11 98
11 100
11 110
11 114
11 116
11 121
11 123
11 125
11 126
11 129
11 131
11 133
11 134
11 137
11 140
11 141
11 145
11 147
11 153
11 154
11 157
11 160
11 161
11 163
11 168
11 170
11 171
11 173
11 175
11 178
11 180
11 185
11 187
11 191
11 193
11 194
11 197
11 198
11 200
12 6
12 7
12 10
12 15
12 17
12 19
12 20
12 21
12 22
12 23
12 24
12 25
12 26
12 27
12 29
12 31
12 32
12 35
12 37
12 42
12 44
12 46
12 48
12 49
12 52
12 53
12 55
12 60
12 62
12 63
12 64
12 65
12 66
12 67
12 72
12 84
12 86
12 87
12 93
12 96
12 97
12 98
12 101
12 104
12 106
12 108
12 113
12 114
12 117
12 118
12 120
12 121
12 128
12 129
12 131
12 132
12 133
12 136
12 138
12 139
12 140
12 141
12 143
12 144
12 145
12 146
12 151
12 152
12 157
12 164
12 165
12 166
12 170
12 176
12 178
12 180
12 181
12 182
12 183
12 186
12 188
12 189
12 192
12 193
12 195
12 196
12 197
12 200
13 1
13 3
13 6
13 10
13 11
13 12
13 15
13 16
13 18
13 19
13 20
13 23
13 28
13 30
13 31
13 33
13 36
13 37
13 39
13 40
13 44
13 46
13 48
13 49
13 52
13 53
13 56
13 59
13 63
13 65
13 70
13 71
13 74
13 78
13 81
13 82
13 85
13 87
13 88
13 89
13 92
13 94
13 96
13 98
13 100
13 105
13 106
13 107
13 108
13 110
13 114
13 116
13 120
13 123
13 128
13 132
13 134
13 135
13 140
13 141
13 144
13 145
13 148
13 149
13 150
13 152
13 154
13 163
13 165
13 168
13 174
13 177
13 178
13 180
13 181
13 183
13 187
13 188
13 190
13 191
13 192
13 198
13 199
13 200
14 9
14 13
14 15
14 17
14 18
14 19
14 20
14 23
14 25
14 26
14 27
14 28
14 37
14 38
14 41
14 42
14 48
14 52
14 56
14 60
14 61
14 62
14 64
14 65
14 67
14 73
14 74
14 76
14 83
14 84
14 86
14 87
14 99
14 101
14 103
14 107
14 110
14 111
14 113
14 114
14 115
14 116
14 117
14 119
14 120
14 124
14 125
14 128
14 132
14 134
14 136
14 137
14 139
14 142
14 144
14 147
14 151
14 152
14 153
14 154
14 155
14 157
14 158
14 161
14 162
14 163
14 165
14 166
14 167
14 168
14 169
14 170
14 172
14 173
14 174
14 176
14 178
14 181
14 183
14 185
14 187
14 189
14 191
14 192
14 193
14 194
14 197
14 198
15 4
15 7
15 9
15 10
15 14
15 15
15 17
15 19
15 20
15 22
15 23
15 26
15 29
15 34
15 37
15 40
15 42
15 46
15 48
15 50
15 51
15 55
15 56
15 59
15 63
15 64
15 65
15 66
15 70
15 74
15 76
15 80
15 82
15 83
15 84
15 85
15 89
15 95
15 96
15 97
15 98
15 100
15 102
15 104
15 108
15 113
15 116
15 117
15 120
15 124
15 125
15 127
15 130
15 131
15 133
15 135
15 136
15 138
15 141
15 145
15 150
15 156
15 157
15 162
15 165
15 170
15 172
15 175
15 179
15 184
15 186
15 189
15 190
15 193
15 196
15 198
15 199
16 1
16 2
16 5
16 11
16 13
16 15
16 20
16 22
16 23
16 30
16 31
16 32
16 37
16 42
16 43
16 44
16 45
16 46
16 48
16 53
16 54
16 56
16 57
16 58
16 59
16 61
16 66
16 70
16 75
16 80
16 81
16 83
16 84
16 87
16 91
16 92
16 94
16 99
16 103
16 105
16 108
16 109
16 114
16 117
16 118
16 122
16 124
16 128
16 132
16 134
16 137
16 141
16 142
16 143
16 145
16 147
16 152
16 153
16 155
16 159
16 161
16 162
16 165
16 167
16 168
16 169
16 172
16 173
16 177
16 182
16 186
16 187
16 188
16 194
16 196
16 198
17 2
17 3
17 5
17 7
17 8
17 12
17 14
17 15
17 16
17 17
17 21
17 26
17 27
17 29
17 31
17 38
17 40
17 41
17 48
17 49
17 54
17 58
17 59
17 64
17 67
17 71
17 76
17 79
17 81
17 84
17 85
17 88
17 89
17 92
17 94
17 97
17 98
17 100
17 104
17 105
17 107
17 109
17 116
17 117
17 119
17 122
17 130
17 134
17 136
17 139
17 141
17 143
17 145
17 148
17 154
17 159
17 161
17 162
17 165
17 166
17 167
17 168
17 170
17 171
17 172
17 174
17 177
17 181
17 183
17 184
17 185
17 187
17 188
17 189
17 190
17 195
17 198
17 200
18 1
18 2
18 3
18 5
18 6
18 7
18 12
18 15
18 17
18 24
18 26
18 31
18 35
18 37
18 39
18 47
18 49
18 50
18 51
18 52
18 53
18 58
18 60
18 62
18 63
18 66
18 67
18 69
18 70
18 72
18 74
18 77
18 78
18 83
18 85
18 86
18 87
18 88
18 90
18 92
18 94
18 95
18 96
18 98
18 102
18 106
18 108
18 109
18 112
18 113
18 115
18 117
18 120
18 122
18 123
18 124
18 132
18 133
18 134
18 141
18 143
18 144
18 145
18 146
18 149
18 150
18 152
18 156
18 157
18 159
18 168
18 170
18 172
18 173
18 175
18 176
18 180
18 181
18 182
18 184
18 185
18 186
18 191
18 193
18 195
18 196
18 200
19 3
19 4
19 5
19 8
19 9
19 11
19 14
19 15
19 16
19 17
19 18
19 19
19 20
19 21
19 23
19 24
19 25
19 26
19 28
19 30
19 32
19 37
19 38
19 39
19 45
19 47
19 48
19 50
19 54
19 58
19 60
19 61
19 63
19 64
19 68
19 70
19 74
19 76
19 77
19 78
19 79
19 83
19 84
19 87
19 89
19 90
19 91
19 93
19 100
19 103
19 105
19 109
19 110
19 112
19 116
19 121
19 125
19 126
19 130
19 133
19 134
19 141
19 142
19 143
19 144
19 147
19 148
19 150
19 151
19 153
19 158
19 159
19 161
19 162
19 166
19 167
19 169
19 172
19 173
19 175
19 181
19 184
19 189
19 190
19 191
19 193
19 196
19 198
19 199
19 200
20 1
20 4
20 7
20 8
20 12
20 16
20 18
20 20
20 24
20 25
20 29
20 30
20 31
20 33
20 36
20 38
20 39
20 40
20 42
20 45
20 49
20 52
20 54
20 55
20 57
20 61
20 63
20 69
20 70
20 71
20 72
20 73
20 74
20 75
20 78
20 85
20 91
20 92
20 93
20 96
20 97
20 99
20 101
20 104
20 108
20 109
20 119
20 120
20 124
20 127
20 129
20 130
20 132
20 133
20 136
20 141
20 144
20 149
20 150
20 153
20 154
20 155
20 160
20 161
20 162
20 163
20 165
20 170
20 171
20 176
20 180
20 183
20 184
20 187
20 190
20 191
20 192
20 193
20 194
20 197
20 199
21 1
21 2
21 3
21 5
21 7
21 10
21 17
21 22
21 23
21 26
21 29
21 30
21 36
21 40
21 44
21 53
21 54
21 55
21 57
21 58
21 60
21 61
21 62
21 63
21 65
21 66
21 67
21 68
21 71
21 72
21 75
21 81
21 85
21 86
21 87
21 91
21 94
21 97
21 100
21 101
21 107
21 108
21 109
21 110
21 111
21 112
21 113
21 114
21 115
21 116
21 120
21 121
21 122
21 126
21 129
21 130
21 131
21 136
21 142
21 143
21 144
21 145
21 149
21 153
21 154
21 158
21 159
21 161
21 162
21 164
21 165
21 170
21 171
21 177
21 178
21 181
21 183
21 184
21 188
21 189
21 193
21 195
21 196
21 197
21 199
22 3
22 6
22 7
22 8
22 9
22 17
22 18
22 21
22 22
22 26
22 28
22 30
22 31
22 32
22 34
22 39
22 40
22 43
22 44
22 46
22 47
22 56
22 58
22 64
22 65
22 66
22 67
22 68
22 76
22 81
22 84
22 85
22 87
22 88
22 89
22 90
22 91
22 93
22 95
22 96
22 98
22 100
22 101
22 102
22 104
22 108
22 112
22 118
22 119
22 121
22 122
22 127
22 128
22 130
22 132
22 134
22 135
22 140
22 143
22 145
22 146
22 147
22 150
22 151
22 152
22 155
22 158
22 160
22 163
22 164
22 167
22 170
22 174
22 176
22 177
22 178
22 179
22 181
22 182
22 185
22 194
22 195
22 196
22 197
22 199
22 200
23 1
23 3
23 5
23 14
23 19
23 20
23 25
23 26
23 27
23 29
23 35
23 37
23 39
23 43
23 44
23 45
23 46
23 47
23 48
23 49
23 50
23 53
23 55
23 58
23 59
23 64
23 67
23 68
23 71
23 72
23 74
23 76
23 82
23 85
23 91
23 93
23 95
23 97
23 103
23 104
23 105
23 107
23 108
23 109
23 112
23 113
23 116
23 119
23 121
23 122
23 126
23 128
23 129
23 130
23 131
23 135
23 136
23 138
23 145
23 146
23 149
23 153
23 159
23 161
23 165
23 166
23 167
23 171
23 174
23 179
23 180
23 181
23 182
23 185
23 188
23 191
23 192
23 193
23 194
23 199
24 4
24 7
24 9
24 11
24 18
24 21
24 22
24 23
24 27
24 28
24 31
24 33
24 35
24 38
24 39
24 40
24 43
24 46
24 47
24 53
24 54
24 58
24 59
24 60
24 61
24 62
24 64
24 65
24 68
24 70
24 71
24 72
24 82
24 83
24 84
24 86
24 87
24 91
24 93
24 100
24 102
24 104
24 109
24 111
24 112
24 113
24 114
24 117
24 121
24 125
24 129
24 131
24 134
24 137
24 139
24 144
24 145
24 147
24 148
24 152
24 153
24 155
24 159
24 167
24 169
24 173
24 175
24 177
24 178
24 184
24 186
24 188
24 189
24 190
24 191
24 194
24 196
24 197
25 1
25 2
25 3
25 5
25 6
25 8
25 10
25 12
25 13
25 14
25 15
25 16
25 17
25 18
25 23
25 24
25 28
25 29
25 34
25 35
25 39
25 42
25 46
25 48
25 49
25 53
25 62
25 65
25 66
25 70
25 71
25 73
25 74
25 77
25 78
25 82
25 83
25 84
25 89
25 91
25 92
25 96
25 97
25 98
25 99
25 100
25 101
25 103
25 104
25 105
25 108
25 109
25 111
25 119
25 120
25 126
25 127
25 128
25 130
25 131
25 135
25 137
25 138
25 139
25 140
25 141
25 145
25 147
25 151
25 152
25 156
25 157
25 158
25 161
25 166
25 168
25 171
25 172
25 174
25 176
25 179
25 181
25 187
25 188
25 189
25 191
25 192
25 195
25 197
25 198
25 200
26 1
26 2
26 4
26 5
26 6
26 12
26 19
26 22
26 23
26 26
26 31
26 40
26 41
26 42
26 45
26 50
26 53
26 57
26 58
26 59
26 61
26 64
26 66
26 67
26 73
26 74
26 75
26 77
26 78
26 82
26 85
26 86
26 90
26 91
26 92
26 93
26 94
26 95
26 96
26 97
26 101
26 103
26 106
26 108
26 119
26 122
26 127
26 129
26 130
26 133
26 139
26 141
26 142
26 146
26 147
26 148
26 149
26 150
26 153
26 156
26 158
26 163
26 164
26 165
26 171
26 172
26 174
26 175
26 179
26 181
26 184
26 186
26 187
26 191
26 194
26 197
26 199
27 2
27 3
27 4
27 5
27 15
27 20
27 22
27 23
27 25
27 26
27 27
27 30
27 31
27 35
27 38
27 41
27 42
27 43
27 47
27 48
27 53
27 54
27 55
27 56
27 57
27 61
27 62
27 64
27 69
27 70
27 72
27 74
27 77
27 84
27 86
27 90
27 93
27 99
27 105
27 107
27 108
27 109
27 110
27 112
27 116
27 118
27 121
27 124
27 125
27 126
27 127
27 130
27 131
27 132
27 142
27 143
27 145
27 147
27 149
27 151
27 153
27 155
27 158
27 159
27 160
27 164
27 165
27 171
27 172
27 176
27 177
27 178
27 180
27 181
27 182
27 184
27 186
27 187
27 189
27 191
27 200
28 1
28 5
28 7
28 10
28 11
28 14
28 20
28 22
28 25
28 26
28 27
28 32
28 36
28 39
28 42
28 45
28 47
28 51
28 52
28 53
28 54
28 56
28 59
28 63
28 64
28 65
28 66
28 69
28 73
28 74
28 77
28 79
28 80
28 86
28 87
28 88
28 95
28 98
28 103
28 106
28 108
28 110
28 113
28 119
28 121
28 125
28 127
28 128
28 129
28 138
28 139
28 141
28 144
28 145
28 146
28 147
28 148
28 150
28 155
28 157
28 160
28 168
28 175
28 178
28 181
28 182
28 184
28 186
28 188
28 191
28 194
28 197
28 198
29 1
29 2
29 5
29 6
29 8
29 10
29 12
29 14
29 15
29 18
29 21
29 24
29 26
29 28
29 29
29 30
29 33
29 36
29 37
29 41
29 43
29 44
29 45
29 46
29 50
29 57
29 58
29 62
29 63
29 64
29 71
29 72
29 75
29 76
29 78
29 79
29 80
29 81
29 82
29 86
29 87
29 88
29 89
29 90
29 95
29 96
29 100
29 101
29 103
29 110
29 111
29 117
29 118
29 119
29 120
29 127
29 128
29 130
29 133
29 135
29 137
29 139
29 140
29 143
29 145
29 146
29 149
29 152
29 163
29 164
29 172
29 173
29 175
29 179
29 180
29 181
29 187
29 192
29 193
29 195
29 198
29 200
30 1
30 2
30 4
30 6
30 8
30 9
30 13
30 16
30 20
30 21
30 22
30 26
30 31
30 34
30 40
30 42
30 44
30 48
30 52
30 55
30 58
30 59
30 61
30 65
30 67
30 69
30 71
30 72
30 75
30 80
30 84
30 85
30 86
30 91
30 95
30 97
30 100
30 101
30 103
30 106
30 108
30 109
30 113
30 115
30 117
30 118
30 120
30 122
30 125
30 126
30 131
30 134
30 135
30 136
30 137
30 139
30 140
30 141
30 143
30 145
30 147
30 148
30 150
30 151
30 154
30 158
30 160
30 161
30 164
30 165
30 166
30 167
30 168
30 169
30 171
30 172
30 174
30 180
30 184
30 185
30 188
30 190
30 192
30 197
31 1
31 2
31 6
31 9
31 11
31 13
31 14
31 17
31 22
31 32
31 36
31 37
31 38
31 44
31 45
31 48
31 53
31 55
31 56
31 59
31 61
31 62
31 64
31 65
31 66
31 67
31 70
31 72
31 73
31 78
31 79
31 81
31 83
31 87
31 91
31 92
31 93
31 94
31 95
31 99
31 102
31 104
31 107
31 108
31 110
31 111
31 114
31 116
31 117
31 119
31 122
31 124
31 126
31 128
31 129
31 130
31 131
31 133
31 134
31 135
31 136
31 137
31 140
31 146
31 148
31 150
31 151
31 152
31 153
31 155
31 158
31 162
31 165
31 167
31 168
31 169
31 172
31 176
31 179
31 181
31 183
31 189
31 190
31 198
31 199
31 200
32 3
32 7
32 9
32 11
32 13
32 16
32 23
32 25
32 28
32 30
32 31
32 32
32 34
32 35
32 36
32 37
32 38
32 40
32 42
32 46
32 49
32 51
32 53
32 55
32 56
32 57
32 61
32 62
32 65
32 71
32 72
32 73
32 75
32 76
32 79
32 80
32 81
32 85
32 87
32 88
32 89
32 91
32 92
32 93
32 94
32 95
32 102
32 104
32 110
32 113
32 117
32 122
32 125
32 127
32 129
32 133
32 134
32 136
32 139
32 140
32 142
32 145
32 152
32 153
32 154
32 156
32 157
32 161
32 165
32 171
32 172
32 173
32 174
32 175
32 178
32 179
32 181
32 187
32 191
32 192
32 193
32 194
32 195
32 196
32 199
33 2
33 3
33 5
33 10
33 11
33 13
33 15
33 17
33 22
33 23
33 28
33 31
33 36
33 37
33 39
33 41
33 44
33 45
33 51
33 52
33 55
33 57
33 58
33 61
33 62
33 65
33 66
33 69
33 77
33 79
33 82
33 86
33 87
33 93
33 98
33 99
33 109
33 112
33 114
33 122
33 123
33 126
33 129
33 132
33 135
33 136
33 138
33 139
33 141
33 144
33 145
33 148
33 149
33 150
33 154
33 156
33 163
33 166
33 172
33 175
33 176
33 177
33 178
33 179
33 186
33 187
33 190
33 194
33 195
33 200
34 4
34 6
34 7
34 12
34 13
34 14
34 16
34 19
34 20
34 22
34 25
34 26
34 27
34 28
34 36
34 37
34 39
34 43
34 45
34 48
34 49
34 53
34 55
34 64
34 68
34 72
34 74
34 75
34 76
34 78
34 81
34 82
34 90
34 93
34 97
34 100
34 111
34 114
34 116
34 118
34 120
34 124
34 126
34 127
34 128
34 135
34 140
34 142
34 143
34 149
34 155
34 156
34 158
34 159
34 161
34 162
34 167
34 171
34 175
34 177
34 182
34 185
34 186
34 192
34 194
34 196
34 198
34 199
34 200
35 5
35 9
35 10
35 13
35 22
35 24
35 26
35 28
35 30
35 33
35 35
35 37
35 41
35 43
35 48
35 49
35 50
35 52
35 53
35 54
35 55
35 57
35 58
35 60
35 61
35 63
35 67
35 69
35 70
35 74
35 78
35 81
35 83
35 85
35 87
35 88
35 91
35 93
35 94
35 96
35 98
35 109
35 112
35 113
35 120
35 123
35 126
35 132
35 134
35 140
35 144
35 146
35 147
35 149
35 156
35 157
35 158
35 161
35 164
35 169
35 170
35 174
35 175
35 176
35 177
35 179
35 181
35 185
35 186
35 187
35 188
35 191
35 194
35 195
35 199
36 3
36 5
36 6
36 7
36 8
36 10
36 11
36 16
36 17
36 19
36 20
36 21
36 25
36 27
36 28
36 30
36 31
36 32
36 33
36 37
36 38
36 40
36 44
36 51
36 53
36 56
36 58
36 59
36 60
36 61
36 62
36 63
36 65
36 68
36 70
36 73
36 74
36 76
36 79
36 80
36 81
36 82
36 83
36 85
36 88
36 90
36 91
36 94
36 96
36 97
36 103
36 107
36 110
36 112
36 113
36 114
36 116
36 118
36 119
36 121
36 123
36 125
36 126
36 127
36 131
36 137
36 140
36 146
36 148
36 150
36 152
36 153
36 160
36 161
36 164
36 171
36 177
36 181
36 185
36 186
36 188
36 189
36 190
36 191
36 196
37 2
37 3
37 4
37 8
37 15
37 16
37 18
37 20
37 21
37 22
37 23
37 24
37 25
37 28
37 29
37 34
37 35
37 40
37 46
37 47
37 48
37 51
37 52
37 55
37 56
37 58
37 59
37 60
37 62
37 63
37 64
37 70
37 72
37 73
37 78
37 79
37 84
37 86
37 87
37 89
37 90
37 91
37 92
37 93
37 94
37 95
37 96
37 99
37 100
37 102
37 107
37 113
37 114
37 117
37 123
37 124
37 125
37 126
37 128
37 130
37 132
37 134
37 137
37 140
37 141
37 147
37 150
37 152
37 154
37 156
37 157
37 163
37 165
37 168
37 169
37 175
37 176
37 178
37 179
37 180
37 181
37 182
37 183
37 185
37 186
37 189
37 192
37 193
37 195
37 196
37 197
38 2
38 8
38 10
38 11
38 18
38 19
38 20
38 21
38 22
38 23
38 24
38 26
38 27
38 28
38 36
38 38
38 39
38 40
38 48
38 49
38 50
38 56
38 57
38 63
38 70
38 71
38 73
38 74
38 75
38 77
38 80
38 81
38 82
38 88
38 89
38 92
38 97
38 99
38 102
38 103
38 115
38 116
38 119
38 122
38 125
38 126
38 128
38 129
38 131
38 142
38 145
38 146
38 147
38 148
38 149
38 153
38 154
38 155
38 159
38 161
38 164
38 166
38 167
38 171
38 176
38 177
38 180
38 181
38 186
38 187
38 189
38 191
38 195
38 196
38 197
38 198
39 1
39 3
39 5
39 13
39 14
39 17
39 18
39 25
39 26
39 27
39 31
39 32
39 33
39 34
39 37
39 39
39 43
39 44
39 46
39 49
39 52
39 55
39 58
39 61
39 62
39 65
39 66
39 71
39 73
39 78
39 82
39 88
39 89
39 93
39 94
39 95
39 96
39 97
39 98
39 99
39 101
39 105
39 106
39 108
39 112
39 113
39 117
39 119
39 129
39 130
39 133
39 134
39 135
39 138
39 141
39 143
39 144
39 145
39 147
39 149
39 152
39 153
39 154
39 157
39 161
39 163
39 164
39 169
39 170
39 172
39 174
39 175
39 179
39 191
39 196
39 198
39 199
40 1
40 2
40 4
40 8
40 9
40 10
40 11
40 13
40 15
40 17
40 20
40 22
40 25
40 26
40 27
40 32
40 34
40 48
40 51
40 54
40 56
40 57
40 67
40 68
40 69
40 72
40 74
40 77
40 78
40 80
40 81
40 83
40 89
40 90
40 92
40 94
40 96
40 97
40 101
40 107
40 109
40 111
40 112
40 113
40 115
40 117
40 121
40 123
40 126
40 127
40 128
40 129
40 132
40 133
40 135
40 138
40 139
40 147
40 150
40 151
40 153
40 157
40 159
40 160
40 164
40 165
40 168
40 170
40 173
40 175
40 177
40 178
40 180
40 183
40 184
40 187
40 188
40 189
40 195
40 196
40 197
40 199
41 3
41 6
41 9
41 10
41 12
41 14
41 18
41 24
41 26
41 29
41 34
41 38
41 40
41 42
41 44
41 46
41 47
41 48
41 50
41 51
41 52
41 53
41 54
41 56
41 65
41 68
41 70
41 72
41 73
41 74
41 77
41 78
41 83
41 84
41 90
41 92
41 96
41 99
41 100
41 104
41 105
41 106
41 117
41 118
41 121
41 124
41 127
41 130
41 131
41 133
41 136
41 138
41 139
41 141
41 142
41 145
41 148
41 151
41 152
41 153
41 157
41 159
41 163
41 165
41 167
41 170
41 171
41 173
41 175
41 178
41 180
41 181
41 184
41 185
41 186
41 189
41 193
41 195
41 197
41 198
41 199
41 200
42 1
42 4
42 5
42 10
42 12
42 16
42 17
42 19
42 22
42 25
42 28
42 29
42 32
42 36
42 39
42 41
42 43
42 45
42 48
42 53
42 56
42 57
42 64
42 65
42 72
42 74
42 75
42 76
42 85
42 86
42 94
42 95
42 99
42 102
42 103
42 104
42 107
42 108
42 109
42 111
42 112
42 115
42 116
42 117
42 123
42 124
42 126
42 129
42 134
42 136
42 139
42 142
42 144
42 145
42 149
42 150
42 159
42 161
42 163
42 165
42 167
42 171
42 172
42 179
42 182
42 183
42 185
42 187
42 189
42 191
42 192
42 194
42 197
42 200
43 4
43 5
43 6
43 7
43 9
43 10
43 11
43 12
43 13
43 16
43 17
43 19
43 20
43 22
43 24
43 27
43 32
43 33
43 36
43 37
43 40
43 42
43 43
43 44
43 45
43 50
43 51
43 52
43 58
43 62
43 63
43 65
43 66
43 67
43 69
43 70
43 72
43 73
43 78
43 79
43 82
43 84
43 85
43 87
43 88
43 89
43 92
43 93
43 98
43 101
43 103
43 105
43 106
43 110
43 113
43 114
43 115
43 118
43 120
43 123
43 127
43 128
43 129
43 131
43 136
43 137
43 138
43 139
43 140
43 142
43 147
43 149
43 155
43 156
43 158
43 159
43 160
43 161
43 163
43 164
43 165
43 166
43 167
43 172
43 174
43 176
43 177
43 178
43 181
43 182
43 185
43 190
43 191
43 196
43 198
43 199
43 200
44 1
44 3
44 4
44 6
44 7
44 8
44 9
44 11
44 12
44 13
44 14
44 17
44 21
44 23
44 24
44 25
44 27
44 29
44 30
44 36
44 43
44 47
44 48
44 49
44 54
44 56
44 59
44 64
44 67
44 68
44 70
44 71
44 72
44 76
44 77
44 80
44 83
44 84
44 86
44 87
44 90
44 91
44 95
44 98
44 103
44 106
44 107
44 110
44 118
44 120
44 122
44 123
44 127
44 128
44 130
44 131
44 133
44 134
44 136
44 139
44 140
44 142
44 147
44 150
44 151
44 157
44 159
44 162
44 163
44 164
44 165
44 166
44 167
44 170
44 171
44 174
44 175
44 176
44 178
44 179
44 180
44 183
44 185
44 191
44 192
44 200
45 1
45 2
45 3
45 5
45 9
45 13
45 16
45 18
45 20
45 26
45 28
45 31
45 34
45 38
45 41
45 44
45 50
45 52
45 57
45 58
45 67
45 68
45 69
45 72
45 74
45 76
45 81
45 82
45 84
45 90
45 93
45 95
45 96
45 97
45 99
45 100
45 103
45 104
45 105
45 109
45 111
45 114
45 119
45 120
45 121
45 122
45 125
45 127
45 128
45 130
45 131
45 135
45 138
45 148
45 152
45 153
45 155
45 156
45 160
45 162
45 163
45 164
45 167
45 171
45 174
45 175
45 178
45 179
45 183
45 185
45 186
45 188
45 189
45 192
45 193
45 194
45 195
45 196
45 197
45 200
46 2
46 4
46 5
46 6
46 11
46 14
46 24
46 32
46 34
46 38
46 39
46 44
46 45
46 47
46 50
46 52
46 53
46 58
46 66
46 70
46 73
46 75
46 82
46 86
46 87
46 88
46 95
46 96
46 98
46 99
46 100
46 102
46 106
46 111
46 113
46 116
46 118
46 124
46 125
46 128
46 129
46 130
46 132
46 133
46 138
46 139
46 142
46 143
46 145
46 146
46 148
46 150
46 152
46 154
46 159
46 160
46 161
46 163
46 164
46 166
46 167
46 170
46 174
46 175
46 178
46 179
46 183
46 188
46 189
46 191
46 196
46 197
47 1
47 4
47 5
47 7
47 12
47 13
47 14
47 16
47 17
47 18
47 19
47 22
47 23
47 24
47 25
47 26
47 27
47 28
47 35
47 36
47 37
47 45
47 48
47 49
47 51
47 55
47 59
47 68
47 72
47 75
47 77
47 78
47 80
47 82
47 84
47 86
47 92
47 93
47 94
47 98
47 101
47 103
47 106
47 108
47 110
47 111
47 116
47 117
47 118
47 119
47 125
47 126
47 128
47 129
47 130
47 131
47 132
47 134
47 135
47 140
47 142
47 145
47 148
47 149
47 151
47 154
47 156
47 162
47 163
47 164
47 167
47 168
47 171
47 172
47 174
47 175
47 177
47 182
47 184
47 186
47 187
47 188
47 189
47 195
47 197
47 200
48 1
48 3
48 4
48 5
48 8
48 10
48 11
48 17
48 19
48 21
48 23
48 25
48 26
48 27
48 37
48 39
48 40
48 41
48 45
48 46
48 48
48 49
48 53
48 57
48 58
48 60
48 66
48 68
48 69
48 70
48 71
48 74
48 77
48 78
48 79
48 80
48 81
48 82
48 85
48 86
48 87
48 91
48 92
48 103
48 111
48 112
48 115
48 117
48 118
48 122
48 125
48 131
48 136
48 137
48 138
48 144
48 145
48 146
48 147
48 151
48 153
48 156
48 158
48 159
48 160
48 163
48 164
48 169
48 170
48 171
48 172
48 174
48 176
48 177
48 178
48 179
48 181
48 182
48 184
48 187
48 190
48 192
48 193
48 194
48 195
48 199
49 1
49 2
49 3
49 4
49 8
49 17
49 18
49 22
49 23
49 24
49 28
49 31
49 33
49 41
49 44
49 45
49 47
49 48
49 49
49 50
49 51
49 53
49 56
49 60
49 61
49 62
49 63
49 70
49 71
49 76
49 80
49 85
49 86
49 92
49 96
49 98
49 103
49 106
49 107
49 115
49 119
49 123
49 124
49 126
49 129
49 131
49 134
49 138
49 141
49 142
49 143
49 146
49 152
49 154
49 156
49 157
49 161
49 164
49 165
49 174
49 175
49 176
49 179
49 181
49 183
49 185
49 187
49 190
49 192
49 195
49 197
50 2
50 4
50 5
50 9
50 13
50 16
50 18
50 20
50 21
50 24
50 25
50 30
50 32
50 33
50 36
50 40
50 44
50 46
50 49
50 50
50 52
50 57
50 59
50 64
50 65
50 66
50 67
50 68
50 71
50 76
50 80
50 81
50 84
50 85
50 88
50 89
50 91
50 96
50 100
50 103
50 108
50 110
50 111
50 112
50 118
50 121
50 123
50 125
50 134
50 135
50 140
50 144
50 145
50 151
50 152
50 158
50 161
50 163
50 165
50 167
50 169
50 170
50 171
50 173
50 174
50 176
50 178
50 179
50 182
50 183
50 184
50 187
50 188
50 189
50 191
50 193
50 195
50 199
50 200
51 6
51 7
51 8
51 9
51 10
51 12
51 15
51 16
51 25
51 27
51 31
51 32
51 34
51 35
51 36
51 38
51 42
51 44
51 51
51 52
51 53
51 54
51 56
51 57
51 58
51 59
51 60
51 64
51 65
51 66
51 67
51 69
51 71
51 76
51 77
51 78
51 79
51 81
51 82
51 83
51 86
51 96
51 97
51 98
51 99
51 101
51 102
51 107
51 109
51 113
51 117
51 119
51 120
51 122
51 123
51 128
51 129
51 133
51 135
51 136
51 139
51 140
51 141
51 144
51 146
51 155
51 156
51 160
51 162
51 163
51 164
51 165
51 167
51 173
51 175
51 176
51 177
51 182
51 184
51 185
51 187
51 191
51 192
51 195
51 197
51 199
52 2
52 8
52 9
52 11
52 13
52 14
52 16
52 23
52 24
52 25
52 28
52 30
52 33
52 35
52 38
52 39
52 42
52 43
52 46
52 49
52 51
52 54
52 56
52 57
52 58
52 60
52 62
52 63
52 64
52 70
52 77
52 79
52 81
52 82
52 84
52 87
52 88
52 89
52 92
52 101
52 102
52 105
52 111
52 114
52 118
52 120
52 124
52 125
52 132
52 134
52 136
52 139
52 140
52 141
52 142
52 156
52 159
52 161
52 163
52 166
52 169
52 172
52 179
52 180
52 184
52 187
52 190
52 191
52 192
52 195
53 1
53 5
53 7
53 8
53 10
53 11
53 15
53 23
53 24
53 25
53 28
53 31
53 33
53 34
53 35
53 36
53 37
53 38
53 40
53 41
53 45
53 46
53 47
53 50
53 53
53 55
53 59
53 60
53 61
53 62
53 63
53 66
53 67
53 69
53 70
53 72
53 73
53 76
53 78
53 82
53 83
53 84
53 85
53 87
53 92
53 100
53 101
53 103
53 106
53 107
53 109
53 110
53 111
53 114
53 115
53 117
53 118
53 119
53 123
53 124
53 126
53 128
53 130
53 137
53 138
53 142
53 143
53 144
53 145
53 148
53 151
53 152
53 156
53 158
53 160
53 162
53 167
53 168
53 179
53 182
53 186
53 188
53 192
53 194
53 195
53 196
53 200
54 1
54 5
54 7
54 12
54 18
54 22
54 26
54 27
54 28
54 33
54 35
54 36
54 39
54 42
54 43
54 44
54 45
54 46
54 47
54 49
54 55
54 58
54 62
54 66
54 72
54 74
54 76
54 78
54 81
54 83
54 85
54 86
54 88
54 89
54 90
54 91
54 93
54 96
54 99
54 100
54 101
54 107
54 108
54 111
54 112
54 116
54 117
54 119
54 122
54 123
54 125
54 126
54 127
54 129
54 130
54 132
54 133
54 135
54 140
54 141
54 143
54 146
54 150
54 151
54 155
54 157
54 158
54 160
54 162
54 165
54 170
54 172
54 173
54 180
54 181
54 182
54 184
54 185
54 186
54 188
54 189
54 193
54 194
54 196
54 198
55 6
55 9
55 10
55 11
55 12
55 13
55 15
55 17
55 18
55 21
55 23
55 27
55 28
55 30
55 35
55 36
55 41
55 43
55 44
55 45
55 47
55 48
55 54
55 56
55 58
55 60
55 67
55 68
55 72
55 78
55 80
55 81
55 83
55 84
55 85
55 86
55 92
55 94
55 99
55 102
55 104
55 105
55 107
55 112
55 113
55 116
55 119
55 124
55 129
55 131
55 134
55 135
55 136
55 139
55 140
55 141
55 144
55 147
55 151
55 152
55 154
55 156
55 158
55 159
55 161
55 168
55 171
55 174
55 175
55 181
55 182
55 183
55 186
55 190
55 191
55 192
55 194
55 195
55 198
55 199
56 1
56 2
56 8
56 9
56 10
56 11
56 16
56 17
56 18
56 20
56 21
56 23
56 26
56 28
56 29
56 30
56 35
56 37
56 39
56 40
56 42
56 46
56 48
56 49
56 51
56 52
56 57
56 58
56 59
56 60
56 61
56 66
56 68
56 69
56 70
56 72
56 73
56 74
56 83
56 84
56 87
56 90
56 92
56 94
56 96
56 98
56 100
56 101
56 102
56 104
56 105
56 106
56 107
56 108
56 114
56 115
56 116
56 120
56 121
56 122
56 125
56 129
56 131
56 132
56 134
56 148
56 149
56 151
56 152
56 159
56 165
56 169
56 170
56 172
56 173
56 175
56 177
56 178
56 179
56 181
56 184
56 189
56 190
56 192
56 193
56 194
56 195
57 1
57 2
57 13
57 14
57 17
57 20
57 22
57 24
57 26
57 27
57 28
57 34
57 38
57 41
57 47
57 51
57 52
57 53
57 56
57 59
57 61
57 62
57 63
57 64
57 66
57 67
57 71
57 72
57 74
57 81
57 85
57 88
57 91
57 93
57 97
57 98
57 102
57 105
57 108
57 111
57 112
57 113
57 117
57 127
57 129
57 133
57 134
57 136
57 137
57 138
57 140
57 141
57 142
57 144
57 145
57 148
57 150
57 152
57 153
57 154
57 155
57 156
57 158
57 160
57 161
57 163
57 165
57 167
57 170
57 173
57 178
57 179
57 180
57 181
57 184
57 186
57 187
57 188
57 189
57 190
57 193
57 194
57 196
57 198
57 200
58 2
58 8
58 12
58 13
58 16
58 20
58 23
58 37
58 38
58 40
58 41
58 42
58 45
58 50
58 55
58 57
58 63
58 64
58 67
58 71
58 75
58 81
58 89
58 91
58 95
58 96
58 99
58 101
58 102
58 103
58 105
58 110
58 112
58 113
58 115
58 116
58 117
58 119
58 122
58 123
58 125
58 127
58 129
58 130
58 133
58 135
58 137
58 138
58 139
58 141
58 143
58 147
58 148
58 150
58 151
58 154
58 159
58 160
58 163
58 164
58 165
58 166
58 169
58 173
58 183
58 186
58 189
58 193
58 195
58 196
58 197
58 198
58 199
59 2
59 8
59 9
59 11
59 12
59 20
59 24
59 27
59 31
59 33
59 35
59 38
59 40
59 45
59 46
59 53
59 56
59 61
59 63
59 65
59 70
59 73
59 76
59 80
59 81
59 84
59 85
59 86
59 87
59 90
59 94
59 97
59 99
59 101
59 103
59 105
59 106
59 107
59 108
59 110
59 114
59 115
59 116
59 118
59 122
59 123
59 125
59 129
59 130
59 131
59 132
59 134
59 135
59 137
59 139
59 140
59 142
59 148
59 149
59 153
59 155
59 161
59 166
59 168
59 170
59 174
59 175
59 177
59 178
59 179
59 180
59 182
59 183
59 185
59 187
59 190
59 192
59 195
59 196
59 199
59 200
60 1
60 4
60 5
60 7
60 8
60 11
60 12
60 13
60 17
60 20
60 21
60 22
60 24
60 25
60 27
60 34
60 35
60 36
60 37
60 38
60 39
60 40
60 47
60 49
60 50
60 51
60 53
60 54
60 66
60 70
60 72
60 74
60 79
60 82
60 94
60 95
60 99
60 100
60 104
60 109
60 119
60 120
60 122
60 127
60 128
60 130
60 131
60 132
60 136
60 139
60 140
60 141
60 143
60 153
60 154
60 155
60 156
60 160
60 161
60 162
60 163
60 165
60 167
60 168
60 169
60 171
60 173
60 179
60 181
60 184
60 189
60 190
60 193
60 194
60 195
62 2
62 3
62 11
62 16
62 19
62 23
62 26
62 27
62 36
62 38
62 39
62 40
62 41
62 43
62 45
62 47
62 53
62 54
62 58
62 60
62 62
62 65
62 72
62 73
62 75
62 79
62 84
62 85
62 87
62 88
62 93
62 94
62 95
62 98
62 103
62 104
62 105
62 106
62 108
62 109
62 112
62 116
62 120
62 122
62 124
62 125
62 128
62 133
62 134
62 135
62 138
62 144
62 151
62 152
62 153
62 154
62 156
62 159
62 160
62 165
62 169
62 170
62 171
62 173
62 178
62 180
62 183
62 184
62 186
62 188
62 189
62 191
62 194
62 196
63 1
63 2
63 14
63 15
63 17
63 18
63 20
63 24
63 25
63 26
63 27
63 30
63 31
63 32
63 33
63 34
63 35
63 37
63 38
63 41
63 50
63 51
63 58
63 61
63 63
63 64
63 67
63 68
63 69
63 76
63 78
63 79
63 80
63 81
63 82
63 88
63 103
63 104
63 105
63 106
63 107
63 110
63 119
63 120
63 121
63 122
63 124
63 125
63 127
63 128
63 129
63 130
63 132
63 134
63 135
63 136
63 137
63 140
63 141
63 142
63 144
63 145
63 148
63 150
63 152
63 154
63 157
63 158
63 159
63 160
63 161
63 165
63 167
63 170
63 172
63 176
63 178
63 180
63 181
63 182
63 186
63 188
63 189
63 190
63 193
63 198
63 200
64 2
64 3
64 4
64 5
64 8
64 9
64 11
64 13
64 15
64 17
64 19
64 21
64 23
64 27
64 30
64 31
64 37
64 38
64 40
64 41
64 42
64 43
64 46
64 47
64 48
64 51
64 55
64 57
64 58
64 63
64 65
64 67
64 74
64 77
64 79
64 81
64 83
64 84
64 90
64 91
64 94
64 96
64 97
64 100
64 102
64 103
64 109
64 110
64 111
64 112
64 116
64 122
64 125
64 126
64 127
64 130
64 132
64 136
64 137
64 138
64 141
64 142
64 145
64 146
64 152
64 155
64 160
64 163
64 165
64 166
64 167
64 169
64 170
64 172
64 173
64 175
64 176
64 177
64 183
64 185
64 194
65 1
65 7
65 12
65 16
65 17
65 18
65 20
65 22
65 24
65 25
65 29
65 32
65 39
65 40
65 41
65 42
65 43
65 45
65 46
65 48
65 51
65 54
65 56
65 58
65 59
65 64
65 65
65 68
65 70
65 71
65 78
65 80
65 83
65 86
65 91
65 92
65 95
65 96
65 97
65 100
65 101
65 104
65 107
65 114
65 117
65 124
65 125
65 126
65 127
65 128
65 129
65 133
65 134
65 139
65 140
65 141
65 142
65 148
65 149
65 150
65 153
65 155
65 158
65 159
65 160
65 162
65 163
65 164
65 167
65 168
65 170
65 171
65 172
65 176
65 189
65 192
65 199
66 1
66 4
66 5
66 9
66 11
66 12
66 14
66 15
66 18
66 20
66 21
66 25
66 28
66 30
66 31
66 36
66 37
66 39
66 41
66 48
66 51
66 52
66 54
66 58
66 62
66 64
66 68
66 69
66 71
66 73
66 77
66 83
66 84
66 88
66 89
66 91
66 92
66 93
66 95
66 96
66 97
66 99
66 101
66 106
66 107
66 110
66 112
66 114
66 116
66 119
66 120
66 121
66 122
66 125
66 126
66 129
66 130
66 131
66 133
66 140
66 141
66 143
66 146
66 147
66 150
66 153
66 155
66 158
66 160
66 161
66 166
66 172
66 178
66 181
66 184
66 186
66 190
66 191
67 4
67 7
67 12
67 13
67 18
67 20
67 21
67 25
67 26
67 27
67 30
67 36
67 38
67 39
67 41
67 42
67 43
67 49
67 50
67 55
67 56
67 57
67 59
67 60
67 61
67 62
67 65
67 72
67 73
67 78
67 80
67 81
67 86
67 91
67 94
67 97
67 106
67 109
67 112
67 113
67 115
67 117
67 119
67 121
67 125
67 126
67 127
67 129
67 133
67 135
67 136
67 140
67 144
67 146
67 147
67 148
67 149
67 150
67 153
67 155
67 161
67 162
67 163
67 164
67 165
67 166
67 167
67 168
67 175
67 179
67 180
67 184
67 187
67 188
67 193
67 194
67 195
67 199
68 1
68 9
68 11
68 12
68 13
68 14
68 16
68 18
68 22
68 25
68 26
68 28
68 29
68 30
68 31
68 36
68 41
68 42
68 43
68 44
68 48
68 51
68 56
68 57
68 58
68 60
68 62
68 64
68 72
68 74
68 77
68 78
68 80
68 83
68 85
68 88
68 90
68 91
68 94
68 95
68 98
68 101
68 103
68 104
68 107
68 112
68 113
68 115
68 117
68 118
68 119
68 121
68 125
68 126
68 129
68 130
68 133
68 136
68 137
68 142
68 143
68 145
68 146
68 149
68 155
68 156
68 162
68 163
68 165
68 166
68 167
68 168
68 171
68 172
68 177
68 182
68 188
68 189
68 191
68 197
68 198
69 1
69 9
69 14
69 15
69 16
69 17
69 18
69 19
69 21
69 27
69 34
69 36
69 38
69 40
69 41
69 42
69 43
69 47
69 48
69 50
69 51
69 54
69 57
69 58
69 60
69 64
69 66
69 67
69 69
69 70
69 73
69 76
69 77
69 78
69 79
69 87
69 89
69 90
69 91
69 92
69 101
69 102
69 103
69 105
69 106
69 108
69 111
69 113
69 114
69 115
69 116
69 117
69 120
69 127
69 129
69 131
69 135
69 139
69 140
69 142
69 146
69 148
69 150
69 151
69 153
69 154
69 155
69 157
69 162
69 163
69 164
69 165
69 168
69 173
69 175
69 176
69 177
69 179
69 182
69 185
69 186
69 190
69 192
69 193
69 196
69 197
70 4
70 8
70 12
70 13
70 16
70 20
70 24
70 25
70 26
70 32
70 36
70 37
70 41
70 42
70 49
70 54
70 57
70 62
70 63
70 67
70 68
70 69
70 74
70 82
70 83
70 84
70 86
70 87
70 89
70 91
70 93
70 94
70 97
70 99
70 100
70 103
70 105
70 112
70 114
70 117
70 118
70 119
70 122
70 126
70 130
70 132
70 133
70 138
70 139
70 142
70 143
70 146
70 148
70 149
70 150
70 151
70 152
70 157
70 163
70 165
70 168
70 170
70 173
70 176
70 177
70 178
70 179
70 180
70 187
70 188
70 189
70 191
70 198
71 6
71 8
71 9
71 11
71 12
71 14
71 15
71 17
71 19
71 21
71 23
71 26
71 27
71 29
71 30
71 36
71 38
71 42
71 43
71 44
71 48
71 49
71 55
71 61
71 63
71 68
71 70
71 74
71 75
71 77
71 79
71 80
71 83
71 84
71 85
71 88
71 90
71 93
71 95
71 97
71 102
71 104
71 105
71 108
71 109
71 112
71 115
71 116
71 117
71 119
71 124
71 128
71 129
71 131
71 136
71 138
71 140
71 142
71 145
71 147
71 151
71 153
71 156
71 157
71 158
71 159
71 160
71 162
71 163
71 168
71 170
71 171
71 172
71 173
71 174
71 175
71 179
71 180
71 181
71 182
71 184
71 188
71 191
71 193
71 196
71 199
72 1
72 3
72 4
72 7
72 14
72 16
72 17
72 18
72 20
72 21
72 22
72 23
72 26
72 30
72 31
72 37
72 38
72 44
72 49
72 51
72 52
72 54
72 56
72 58
72 60
72 61
72 66
72 67
72 68
72 69
72 73
72 82
72 84
72 87
72 89
72 90
72 93
72 96
72 97
72 98
72 99
72 100
72 101
72 103
72 104
72 107
72 110
72 114
72 115
72 116
72 117
72 120
72 121
72 128
72 130
72 131
72 132
72 135
72 138
72 143
72 144
72 148
72 149
72 151
72 152
72 153
72 156
72 157
72 161
72 163
72 166
72 171
72 172
72 173
72 174
72 176
72 177
72 181
72 182
72 183
72 184
72 186
72 190
72 191
72 193
72 194
72 195
72 196
72 198
72 199
72 200
73 2
73 6
73 7
73 9
73 11
73 12
73 13
73 18
73 20
73 21
73 25
73 30
73 32
73 33
73 34
73 35
73 38
73 39
73 41
73 49
73 50
73 55
73 56
73 57
73 58
73 59
73 61
73 64
73 68
73 69
73 70
73 73
73 75
73 79
73 83
73 84
73 85
73 91
73 92
73 94
73 99
73 115
73 123
73 126
73 129
73 133
73 134
73 135
73 136
73 140
73 143
73 149
73 150
73 152
73 154
73 155
73 165
73 167
73 168
73 171
73 176
73 177
73 180
73 181
73 182
73 183
73 187
73 188
73 191
73 192
73 195
73 197
73 198
73 200
74 1
74 3
74 4
74 7
74 9
74 10
74 11
74 12
74 17
74 23
74 24
74 26
74 27
74 28
74 29
74 31
74 33
74 40
74 41
74 42
74 43
74 44
74 45
74 51
74 55
74 57
74 61
74 63
74 64
74 65
74 66
74 71
74 72
74 74
74 75
74 77
74 78
74 80
74 81
74 82
74 83
74 84
74 85
74 89
74 91
74 92
74 94
74 97
74 98
74 104
74 109
74 112
74 113
74 114
74 116
74 119
74 123
74 124
74 125
74 127
74 128
74 130
74 131
74 132
74 134
74 135
74 136
74 137
74 138
74 139
74 140
74 141
74 142
74 145
74 154
74 155
74 167
74 168
74 169
74 171
74 172
74 173
74 178
74 179
74 181
74 182
74 183
74 188
74 190
74 191
74 192
74 194
74 197
75 6
75 8
75 11
75 14
75 26
75 33
75 34
75 39
75 41
75 44
75 47
75 49
75 50
75 55
75 56
75 58
75 59
75 60
75 62
75 63
75 65
75 66
75 71
75 73
75 76
75 79
75 81
75 82
75 83
75 84
75 85
75 86
75 89
75 91
75 93
75 102
75 103
75 111
75 114
75 117
75 118
75 120
75 121
75 127
75 129
75 131
75 133
75 134
75 135
75 136
75 138
75 142
75 143
75 144
75 145
75 146
75 150
75 151
75 153
75 154
75 156
75 157
75 159
75 161
75 162
75 166
75 167
75 169
75 170
75 172
75 179
75 180
75 182
75 184
75 187
75 188
75 189
75 192
75 194
75 198
75 200
76 1
76 5
76 6
76 8
76 10
76 13
76 14
76 18
76 19
76 20
76 21
76 22
76 23
76 25
76 29
76 30
76 36
76 41
76 42
76 43
76 44
76 46
76 49
76 51
76 54
76 55
76 56
76 57
76 61
76 63
76 66
76 67
76 68
76 70
76 72
76 73
76 76
76 77
76 79
76 80
76 82
76 83
76 84
76 86
76 89
76 90
76 93
76 94
76 101
76 102
76 103
76 105
76 108
76 112
76 113
76 114
76 115
76 117
76 121
76 135
76 136
76 140
76 142
76 143
76 145
76 146
76 147
76 156
76 158
76 159
76 161
76 170
76 171
76 172
76 174
76 175
76 177
76 179
76 181
76 186
76 187
76 188
76 190
76 191
76 193
76 195
76 196
76 198
77 3
77 4
77 5
77 6
77 7
77 9
77 13
77 15
77 17
77 20
77 25
77 28
77 29
77 31
77 32
77 34
77 35
77 36
77 38
77 39
77 44
77 48
77 51
77 52
77 54
77 58
77 59
77 61
77 64
77 70
77 74
77 75
77 78
77 79
77 81
77 82
77 84
77 93
77 94
77 97
77 98
77 99
77 101
77 105
77 109
77 113
77 115
77 120
77 121
77 124
77 125
77 131
77 132
77 133
77 137
77 138
77 144
77 149
77 152
77 154
77 158
77 159
77 163
77 166
77 170
77 175
77 177
77 178
77 186
77 187
77 189
77 196
77 197
77 199
78 2
78 4
78 6
78 7
78 8
78 10
78 14
78 20
78 21
78 22
78 24
78 27
78 29
78 34
78 36
78 38
78 39
78 42
78 43
78 53
78 54
78 56
78 59
78 61
78 70
78 71
78 72
78 73
78 75
78 76
78 79
78 80
78 82
78 83
78 84
78 85
78 86
78 87
78 94
78 95
78 96
78 99
78 102
78 104
78 105
78 108
78 112
78 113
78 114
78 118
78 123
78 124
78 126
78 128
78 129
78 130
78 131
78 135
78 136
78 137
78 144
78 150
78 156
78 159
78 160
78 162
78 164
78 168
78 173
78 176
78 177
78 187
78 190
78 193
78 197
78 198
78 200
79 5
79 8
79 14
79 15
79 19
79 22
79 23
79 24
79 25
79 27
79 28
79 30
79 31
79 32
79 33
79 34
79 37
79 40
79 41
79 44
79 49
79 57
79 58
79 61
79 62
79 63
79 64
79 65
79 66
79 67
79 68
79 69
79 71
79 77
79 82
79 86
79 88
79 90
79 91
79 92
79 93
79 97
79 99
79 100
79 106
79 108
79 109
79 110
79 112
79 113
79 114
79 115
79 119
79 123
79 126
79 128
79 130
79 131
79 133
79 134
79 135
79 140
79 147
79 150
79 159
79 160
79 161
79 167
79 172
79 173
79 181
79 182
79 185
79 188
79 189
79 197
79 198
79 199
79 200
80 1
80 3
80 4
80 5
80 7
80 9
80 10
80 11
80 12
80 14
80 15
80 20
80 24
80 27
80 30
80 32
80 38
80 40
80 41
80 43
80 44
80 49
80 50
80 51
80 55
80 56
80 61
80 62
80 64
80 65
80 67
80 69
80 70
80 72
80 76
80 79
80 83
80 84
80 85
80 87
80 89
80 91
80 94
80 95
80 101
80 102
80 107
80 108
80 111
80 112
80 114
80 117
80 118
80 121
80 122
80 123
80 124
80 125
80 126
80 127
80 128
80 131
80 134
80 135
80 137
80 138
80 140
80 141
80 143
80 148
80 152
80 153
80 155
80 156
80 157
80 161
80 162
80 163
80 165
80 167
80 169
80 170
80 172
80 173
80 174
80 175
80 176
80 177
80 179
80 180
80 182
80 184
80 190
80 191
80 193
80 197
80 198
80 199
81 1
81 2
81 11
81 12
81 16
81 18
81 21
81 24
81 26
81 29
81 30
81 34
81 35
81 36
81 39
81 40
81 41
81 42
81 43
81 46
81 49
81 50
81 53
81 59
81 63
81 66
81 68
81 71
81 72
81 73
81 74
81 75
81 77
81 81
81 82
81 88
81 92
81 93
81 96
81 97
81 98
81 99
81 100
81 101
81 106
81 109
81 113
81 114
81 120
81 122
81 123
81 124
81 125
81 129
81 130
81 134
81 143
81 145
81 148
81 153
81 155
81 156
81 157
81 158
81 160
81 161
81 162
81 167
81 169
81 172
81 173
81 174
81 181
81 182
81 183
81 184
81 188
81 189
81 191
81 198
81 199
82 7
82 8
82 14
82 15
82 17
82 18
82 24
82 26
82 29
82 32
82 39
82 41
82 42
82 45
82 46
82 50
82 51
82 52
82 53
82 54
82 57
82 60
82 61
82 64
82 65
82 66
82 67
82 69
82 72
82 77
82 79
82 84
82 85
82 89
82 90
82 92
82 93
82 94
82 97
82 102
82 105
82 108
82 109
82 112
82 115
82 116
82 117
82 118
82 119
82 123
82 124
82 125
82 127
82 129
82 135
82 137
82 140
82 141
82 142
82 143
82 149
82 152
82 157
82 159
82 160
82 161
82 162
82 163
82 168
82 169
82 170
82 171
82 172
82 174
82 176
82 178
82 184
82 189
82 192
82 198
82 199
83 1
83 2
83 5
83 9
83 12
83 13
83 15
83 16
83 21
83 27
83 37
83 38
83 39
83 41
83 43
83 50
83 52
83 53
83 54
83 55
83 58
83 59
83 61
83 64
83 65
83 72
83 73
83 79
83 83
83 87
83 88
83 89
83 93
83 96
83 98
83 102
83 103
83 106
83 107
83 110
83 111
83 113
83 116
83 117
83 123
83 124
83 125
83 127
83 128
83 132
83 135
83 136
83 138
83 139
83 142
83 144
83 145
83 146
83 147
83 151
83 154
83 157
83 159
83 160
83 164
83 165
83 166
83 172
83 173
83 174
83 178
83 180
83 185
83 187
83 189
83 191
83 192
84 1
84 3
84 4
84 5
84 12
84 13
84 15
84 18
84 20
84 24
84 25
84 27
84 28
84 29
84 31
84 44
84 49
84 52
84 53
84 55
84 58
84 60
84 61
84 62
84 63
84 65
84 66
84 67
84 68
84 69
84 70
84 71
84 73
84 74
84 80
84 81
84 85
84 88
84 89
84 90
84 92
84 94
84 95
84 97
84 100
84 101
84 103
84 107
84 109
84 111
84 116
84 118
84 123
84 124
84 126
84 129
84 130
84 134
84 137
84 139
84 140
84 141
84 145
84 147
84 148
84 151
84 158
84 160
84 163
84 165
84 168
84 170
84 171
84 174
84 177
84 180
84 185
84 186
84 187
84 188
84 191
84 198
84 200
85 2
85 9
85 11
85 13
85 14
85 15
85 17
85 18
85 25
85 26
85 27
85 28
85 29
85 31
85 33
85 34
85 39
85 40
85 42
85 46
85 47
85 49
85 54
85 56
85 58
85 60
85 65
85 70
85 75
85 78
85 80
85 84
85 85
85 90
85 91
85 100
85 101
85 102
85 103
85 104
85 105
85 107
85 112
85 114
85 116
85 117
85 118
85 119
85 120
85 121
85 125
85 129
85 130
85 132
85 136
85 137
85 138
85 144
85 149
85 153
85 154
85 157
85 158
85 159
85 161
85 163
85 166
85 167
85 168
85 170
85 171
85 172
85 173
85 175
85 177
85 183
85 188
85 189
85 191
85 192
85 197
85 200
86 3
86 5
86 6
86 7
86 13
86 19
86 20
86 21
86 22
86 23
86 24
86 28
86 31
86 34
86 35
86 36
86 37
86 39
86 40
86 41
86 42
86 44
86 52
86 53
86 59
86 61
86 67
86 68
86 70
86 73
86 75
86 76
86 77
86 84
86 96
86 99
86 101
86 102
86 103
86 104
86 107
86 111
86 113
86 118
86 119
86 120
86 122
86 123
86 124
86 125
86 132
86 133
86 138
86 140
86 142
86 144
86 146
86 149
86 150
86 153
86 154
86 157
86 158
86 164
86 165
86 173
86 176
86 177
86 179
86 181
86 182
86 183
86 186
86 187
86 190
86 191
86 193
86 195
86 198
87 1
87 3
87 5
87 9
87 13
87 17
87 20
87 22
87 23
87 25
87 32
87 33
87 36
87 37
87 38
87 39
87 41
87 42
87 53
87 54
87 55
87 56
87 57
87 58
87 60
87 63
87 68
87 71
87 75
87 76
87 77
87 79
87 81
87 82
87 83
87 84
87 86
87 88
87 89
87 99
87 100
87 102
87 103
87 105
87 106
87 107
87 109
87 114
87 115
87 119
87 121
87 127
87 131
87 132
87 137
87 138
87 139
87 140
87 141
87 142
87 145
87 150
87 151
87 153
87 154
87 157
87 159
87 160
87 162
87 164
87 166
87 167
87 168
87 169
87 170
87 174
87 178
87 182
87 183
87 184
87 187
87 190
87 192
87 195
87 197
87 198
87 199
87 200
88 1
88 4
88 6
88 7
88 14
88 15
88 16
88 18
88 19
88 21
88 22
88 26
88 28
88 30
88 36
88 37
88 39
88 40
88 46
88 47
88 50
88 51
88 52
88 56
88 59
88 60
88 63
88 67
88 69
88 72
88 73
88 85
88 86
88 88
88 89
88 90
88 91
88 95
88 99
88 100
88 101
88 106
88 110
88 114
88 121
88 122
88 124
88 126
88 129
88 130
88 131
88 132
88 134
88 135
88 136
88 139
88 140
88 141
88 145
88 146
88 147
88 149
88 150
88 151
88 152
88 157
88 159
88 166
88 169
88 171
88 172
88 175
88 178
88 179
88 180
88 181
88 189
88 192
88 198
89 3
89 13
89 18
89 22
89 23
89 27
89 28
89 29
89 31
89 33
89 37
89 38
89 41
89 45
89 51
89 53
89 57
89 58
89 63
89 69
89 70
89 71
89 77
89 79
89 81
89 82
89 83
89 84
89 85
89 87
89 91
89 93
89 94
89 96
89 99
89 106
89 107
89 113
89 114
89 115
89 116
89 120
89 121
89 122
89 123
89 125
89 127
89 129
89 130
89 138
89 141
89 143
89 144
89 145
89 146
89 150
89 151
89 153
89 154
89 155
89 159
89 167
89 170
89 172
89 174
89 179
89 186
89 189
89 197
89 199
90 5
90 12
90 14
90 16
90 18
90 19
90 21
90 24
90 30
90 32
90 35
90 38
90 39
90 41
90 42
90 44
90 52
90 55
90 58
90 59
90 62
90 63
90 64
90 65
90 68
90 72
90 74
90 76
90 79
90 81
90 85
90 87
90 88
90 94
90 96
90 97
90 98
90 100
90 101
90 102
90 103
90 105
90 106
90 110
90 111
90 114
90 119
90 120
90 121
90 124
90 125
90 126
90 128
90 130
90 140
90 141
90 143
90 145
90 147
90 152
90 156
90 157
90 160
90 161
90 162
90 164
90 165
90 167
90 169
90 172
90 176
90 177
90 182
90 184
90 185
90 186
90 187
90 188
90 194
90 196
90 197
90 198
90 199
90 200
91 1
91 2
91 3
91 4
91 5
91 7
91 14
91 15
91 23
91 25
91 28
91 30
91 32
91 34
91 40
91 41
91 46
91 48
91 49
91 57
91 59
91 60
91 62
91 64
91 66
91 68
91 69
91 71
91 74
91 75
91 76
91 78
91 80
91 81
91 82
91 83
91 85
91 86
91 90
91 94
91 95
91 96
91 97
91 99
91 102
91 103
91 106
91 109
91 110
91 112
91 114
91 119
91 123
91 126
91 132
91 133
91 135
91 136
91 137
91 138
91 141
91 142
91 143
91 144
91 148
91 149
91 150
91 151
91 154
91 156
91 159
91 162
91 163
91 164
91 167
91 169
91 173
91 175
91 176
91 178
91 179
91 180
91 181
91 182
91 183
91 185
91 189
91 191
91 192
91 195
91 196
91 197
91 199
92 1
92 3
92 4
92 6
92 7
92 8
92 9
92 11
92 12
92 14
92 15
92 18
92 19
92 24
92 25
92 27
92 31
92 33
92 37
92 39
92 41
92 42
92 43
92 46
92 51
92 52
92 54
92 57
92 58
92 61
92 62
92 63
92 67
92 69
92 72
92 86
92 87
92 88
92 90
92 92
92 93
92 99
92 101
92 102
92 103
92 105
92 108
92 109
92 111
92 115
92 118
92 121
92 124
92 127
92 128
92 129
92 130
92 132
92 134
92 138
92 144
92 146
92 147
92 148
92 150
92 154
92 156
92 158
92 162
92 163
92 164
92 166
92 167
92 168
92 169
92 170
92 176
92 177
92 178
92 179
92 183
92 185
92 192
92 194
93 4
93 5
93 6
93 9
93 10
93 12
93 16
93 17
93 18
93 21
93 24
93 26
93 28
93 30
93 34
93 35
93 36
93 39
93 43
93 45
93 46
93 49
93 50
93 51
93 57
93 59
93 63
93 64
93 65
93 66
93 69
93 73
93 74
93 75
93 79
93 80
93 81
93 82
93 85
93 86
93 91
93 95
93 96
93 100
93 102
93 105
93 110
93 111
93 117
93 120
93 121
93 124
93 128
93 129
93 139
93 140
93 142
93 144
93 149
93 150
93 153
93 154
93 157
93 161
93 162
93 163
93 168
93 169
93 172
93 175
93 181
93 183
93 185
93 186
93 188
93 189
93 192
93 193
93 194
93 195
93 197
93 199
94 5
94 9
94 12
94 13
94 15
94 16
94 19
94 20
94 21
94 25
94 31
94 32
94 34
94 35
94 36
94 39
94 40
94 41
94 43
94 44
94 45
94 51
94 56
94 60
94 62
94 63
94 64
94 65
94 70
94 76
94 77
94 81
94 83
94 85
94 87
94 89
94 90
94 91
94 92
94 95
94 98
94 99
94 101
94 106
94 107
94 110
94 112
94 115
94 119
94 122
94 124
94 126
94 127
94 128
94 130
94 131
94 132
94 134
94 137
94 138
94 140
94 143
94 145
94 147
94 151
94 155
94 157
94 159
94 160
94 162
94 163
94 166
94 170
94 173
94 178
94 179
94 181
94 183
94 186
94 188
94 190
94 193
94 195
94 197
94 199
94 200
95 1
95 5
95 7
95 8
95 9
95 11
95 13
95 20
95 23
95 24
95 26
95 32
95 34
95 35
95 38
95 39
95 43
95 46
95 50
95 52
95 53
95 54
95 56
95 59
95 60
95 61
95 64
95 68
95 70
95 71
95 73
95 74
95 78
95 85
95 86
95 92
95 95
95 96
95 99
95 102
95 103
95 106
95 107
95 108
95 111
95 114
95 115
95 117
95 119
95 125
95 126
95 127
95 128
95 133
95 134
95 135
95 138
95 142
95 145
95 147
95 150
95 151
95 152
95 153
95 155
95 156
95 157
95 160
95 162
95 164
95 169
95 171
95 172
95 177
95 179
95 180
95 185
95 187
95 192
95 195
95 196
96 3
96 6
96 9
96 14
96 15
96 20
96 23
96 28
96 29
96 31
96 32
96 34
96 39
96 42
96 43
96 46
96 47
96 48
96 59
96 60
96 68
96 70
96 71
96 72
96 75
96 78
96 83
96 85
96 86
96 87
96 91
96 93
96 94
96 100
96 101
96 102
96 104
96 107
96 111
96 112
96 114
96 115
96 117
96 118
96 119
96 120
96 123
96 124
96 125
96 129
96 131
96 133
96 135
96 140
96 141
96 145
96 147
96 150
96 151
96 152
96 154
96 155
96 158
96 159
96 164
96 165
96 167
96 169
96 173
96 174
96 177
96 182
96 184
96 185
96 187
96 189
96 191
96 196
96 197
97 1
97 3
97 6
97 8
97 9
97 10
97 14
97 16
97 18
97 26
97 27
97 29
97 32
97 33
97 36
97 37
97 42
97 44
97 47
97 48
97 49
97 50
97 51
97 52
97 56
97 60
97 62
97 66
97 67
97 68
97 70
97 72
97 78
97 79
97 81
97 85
97 95
97 99
97 108
97 111
97 114
97 115
97 118
97 121
97 122
97 127
97 128
97 131
97 132
97 134
97 135
97 140
97 141
97 143
97 144
97 145
97 147
97 148
97 149
97 150
97 151
97 153
97 154
97 158
97 159
97 161
97 165
97 166
97 171
97 173
97 174
97 175
97 176
97 177
97 178
97 186
97 189
97 190
97 191
97 195
97 199
98 2
98 3
98 8
98 13
98 16
98 17
98 18
98 20
98 22
98 23
98 24
98 26
98 29
98 37
98 44
98 45
98 48
98 57
98 61
98 64
98 65
98 66
98 67
98 69
98 72
98 80
98 81
98 85
98 90
98 91
98 98
98 99
98 100
98 102
98 106
98 108
98 111
98 112
98 114
98 115
98 116
98 120
98 124
98 125
98 129
98 131
98 135
98 142
98 144
98 146
98 148
98 151
98 155
98 160
98 162
98 163
98 164
98 165
98 170
98 171
98 173
98 176
98 181
98 187
98 190
98 192
98 194
98 196
98 197
98 198
99 7
99 17
99 19
99 20
99 21
99 22
99 27
99 29
99 32
99 35
99 36
99 37
99 39
99 41
99 42
99 43
99 45
99 50
99 51
99 58
99 60
99 61
99 64
99 67
99 68
99 70
99 71
99 74
99 76
99 77
99 78
99 83
99 86
99 90
99 93
99 94
99 97
99 99
99 101
99 110
99 116
99 118
99 126
99 128
99 129
99 130
99 137
99 141
99 142
99 144
99 146
99 148
99 149
99 151
99 153
99 154
99 159
99 160
99 161
99 165
99 169
99 172
99 173
99 174
99 181
99 186
99 187
99 192
99 194
100 2
100 3
100 4
100 5
100 6
100 9
100 10
100 12
100 13
100 15
100 19
100 21
100 22
100 25
100 31
100 32
100 33
100 37
100 40
100 46
100 50
100 53
100 54
100 56
100 57
100 58
100 61
100 64
100 66
100 68
100 69
100 70
100 72
100 74
100 75
100 79
100 90
100 91
100 92
100 93
100 95
100 96
100 99
100 100
100 102
100 105
100 107
100 111
100 115
100 117
100 118
100 119
100 120
100 122
100 125
100 126
100 128
100 131
100 132
100 134
100 136
100 137
100 138
100 140
100 141
100 143
100 151
100 156
100 158
100 159
100 161
100 176
100 179
100 180
100 181
100 190
100 191
100 192
100 194
100 196
100 197
100 199
100 200
