100 200 70 112 7942
1 1
1 3
1 4
1 10
1 14
1 17
1 18
1 19
1 25
1 26
1 27
1 35
1 37
1 39
1 40
1 43
1 44
1 46
1 47
1 50
1 52
1 53
1 54
1 56
1 57
1 63
1 65
1 66
1 71
1 76
1 77
1 78
1 79
1 80
1 87
1 89
1 93
1 97
1 99
1 102
1 103
1 105
1 107
1 109
1 111
1 112
1 113
1 114
1 120
1 121
1 122
1 124
1 125
1 126
1 127
1 128
1 129
1 130
1 133
1 135
1 136
1 137
1 140
1 141
1 145
1 146
1 147
1 149
1 153
1 154
1 155
1 157
1 158
1 162
1 163
1 167
1 172
1 173
1 177
1 178
1 180
1 181
1 183
1 185
1 186
1 187
1 188
1 190
1 192
1 194
1 196
1 197
1 199
1 200
2 1
2 2
2 4
2 10
2 13
2 17
2 20
2 25
2 27
2 35
2 39
2 43
2 45
2 49
2 50
2 52
2 53
2 54
2 56
2 61
2 66
2 68
2 70
2 74
2 79
2 81
2 84
2 85
2 87
2 90
2 92
2 94
2 95
2 102
2 103
2 104
2 105
2 107
2 108
2 111
2 112
2 114
2 116
2 117
2 120
2 121
2 122
2 123
2 125
2 126
2 128
2 130
2 133
2 135
2 137
2 140
2 142
2 144
2 147
2 153
2 154
2 157
2 161
2 163
2 164
2 169
2 172
2 181
2 182
2 188
2 191
2 194
3 6
3 7
3 8
3 10
3 11
3 15
3 18
3 19
3 20
3 22
3 23
3 26
3 27
3 31
3 36
3 39
3 41
3 42
3 43
3 46
3 47
3 54
3 57
3 61
3 65
3 70
3 71
3 77
3 79
3 80
3 82
3 85
3 86
3 87
3 89
3 91
3 92
3 93
3 95
3 98
3 99
3 100
3 102
3 103
3 104
3 107
3 110
3 112
3 114
3 115
3 117
3 118
3 129
3 133
3 134
3 139
3 140
3 142
3 143
3 146
3 150
3 151
3 158
3 160
3 162
3 165
3 170
3 172
3 175
3 176
3 181
3 183
3 187
3 189
3 190
3 191
3 192
3 193
3 194
3 197
3 198
3 200
4 1
4 2
4 5
4 8
4 13
4 15
4 16
4 18
4 19
4 21
4 24
4 25
4 27
4 28
4 36
4 37
4 39
4 41
4 45
4 47
4 48
4 52
4 59
4 62
4 64
4 66
4 67
4 68
4 70
4 72
4 76
4 78
4 82
4 87
4 88
4 89
4 90
4 95
4 103
4 110
4 116
4 123
4 125
4 129
4 130
4 133
4 135
4 136
4 137
4 142
4 143
4 145
4 149
4 151
4 152
4 153
4 156
4 159
4 162
4 166
4 169
4 170
4 171
4 176
4 178
4 180
4 181
4 184
4 185
4 189
4 192
4 194
4 198
4 199
5 2
5 6
5 9
5 16
5 21
5 26
5 27
5 28
5 30
5 31
5 32
5 36
5 37
5 38
5 43
5 46
5 47
5 48
5 49
5 50
5 55
5 57
5 58
5 63
5 65
5 66
5 68
5 73
5 75
5 80
5 84
5 88
5 91
5 93
5 98
5 102
5 104
5 106
5 107
5 108
5 109
5 111
5 114
5 117
5 118
5 120
5 121
5 123
5 125
5 127
5 129
5 130
5 131
5 132
5 134
5 136
5 138
5 141
5 143
5 145
5 146
5 147
5 148
5 155
5 156
5 160
5 162
5 164
5 165
5 170
5 172
5 174
5 175
5 177
5 183
5 187
5 190
5 196
6 2
6 6
6 8
6 11
6 12
6 15
6 17
6 22
6 24
6 26
6 27
6 29
6 32
6 33
6 34
6 36
6 37
6 39
6 40
6 46
6 47
6 49
6 50
6 51
6 56
6 58
6 59
6 62
6 63
6 65
6 68
6 70
6 71
6 76
6 77
6 79
6 81
6 86
6 87
6 88
6 90
6 91
6 98
6 99
6 107
6 108
6 109
6 110
6 116
6 117
6 118
6 121
6 122
6 123
6 125
6 126
6 128
6 130
6 135
6 137
6 138
6 139
6 140
6 141
6 143
6 148
6 149
6 150
6 151
6 152
6 155
6 156
6 157
6 158
6 160
6 161
6 162
6 164
6 165
6 168
6 171
6 173
6 174
6 179
6 183
6 186
6 191
6 192
6 193
6 195
6 198
6 200
7 4
7 5
7 7
7 9
7 10
7 12
7 14
7 18
7 24
7 25
7 26
7 33
7 34
7 35
7 38
7 41
7 43
7 44
7 47
7 48
7 49
7 52
7 55
7 56
7 57
7 58
7 60
7 61
7 63
7 66
7 69
7 72
7 74
7 76
7 80
7 81
7 82
7 88
7 89
7 93
7 97
7 99
7 104
7 105
7 106
7 107
7 108
7 110
7 116
7 117
7 120
7 122
7 123
7 125
7 126
7 130
7 136
7 143
7 148
7 149
7 154
7 155
7 158
7 161
7 162
7 163
7 164
7 165
7 168
7 169
7 173
7 176
7 181
7 182
7 183
7 184
7 185
7 186
7 188
7 189
7 190
7 193
7 197
7 200
8 1
8 3
8 6
8 7
8 8
8 9
8 12
8 13
8 15
8 16
8 19
8 21
8 26
8 30
8 31
8 32
8 33
8 34
8 36
8 37
8 38
8 40
8 41
8 42
8 53
8 55
8 57
8 58
8 62
8 66
8 68
8 70
8 74
8 79
8 81
8 82
8 83
8 84
8 86
8 87
8 89
8 90
8 92
8 93
8 94
8 97
8 99
8 102
8 103
8 109
8 113
8 115
8 119
8 123
8 126
8 127
8 131
8 135
8 142
8 144
8 145
8 151
8 152
8 158
8 165
8 169
8 173
8 174
8 176
8 177
8 179
8 181
8 182
8 184
8 185
8 186
8 188
8 191
8 193
8 196
8 198
8 199
8 200
9 2
9 5
9 6
9 7
9 13
9 15
9 16
9 17
9 18
9 20
9 22
9 26
9 27
9 28
9 33
9 34
9 35
9 38
9 39
9 40
9 49
9 57
9 59
9 60
9 62
9 64
9 66
9 67
9 68
9 71
9 74
9 76
9 77
9 81
9 82
9 83
9 87
9 89
9 90
9 92
9 93
9 94
9 96
9 98
9 103
9 104
9 105
9 106
9 109
9 113
9 116
9 120
9 121
9 127
9 129
9 131
9 132
9 134
9 136
9 138
9 145
9 149
9 150
9 152
9 154
9 155
9 156
9 157
9 161
9 165
9 166
9 167
9 168
9 172
9 173
9 177
9 178
9 183
9 185
9 187
9 189
9 192
9 194
9 198
10 6
10 8
10 10
10 13
10 19
10 20
10 31
10 36
10 37
10 41
10 45
10 47
10 52
10 54
10 58
10 62
10 68
10 71
10 72
10 75
10 79
10 81
10 84
10 85
10 89
10 90
10 92
10 94
10 96
10 97
10 99
10 105
10 106
10 107
10 108
10 109
10 110
10 111
10 113
10 115
10 116
10 118
10 121
10 122
10 123
10 126
10 135
10 137
10 138
10 139
10 140
10 142
10 148
10 154
10 161
10 165
10 172
10 174
10 183
10 184
10 186
10 188
10 192
11 1
11 5
11 8
11 10
11 15
11 16
11 17
11 20
11 22
11 23
11 24
11 26
11 38
11 43
11 44
11 46
11 48
11 52
11 58
11 60
11 65
11 66
11 67
11 68
11 71
11 75
11 76
11 77
11 78
11 83
11 86
11 88
11 90
11 92
11 96
11 97
11 99
11 101
11 102
11 109
11 110
11 111
11 114
11 115
11 116
11 118
11 121
11 124
11 126
11 132
11 135
11 137
11 139
11 141
11 143
11 146
11 147
11 149
11 151
11 153
11 158
11 160
11 162
11 165
11 171
11 175
11 180
11 191
11 195
11 196
11 197
11 200
12 4
12 5
12 6
12 8
12 9
12 13
12 14
12 15
12 18
12 19
12 25
12 26
12 27
12 30
12 31
12 39
12 44
12 45
12 47
12 51
12 52
12 55
12 56
12 58
12 61
12 63
12 64
12 67
12 69
12 72
12 75
12 78
12 79
12 80
12 81
12 83
12 85
12 87
12 91
12 95
12 96
12 99
12 100
12 102
12 109
12 111
12 116
12 117
12 118
12 119
12 122
12 123
12 126
12 128
12 134
12 135
12 136
12 137
12 138
12 141
12 147
12 149
12 151
12 158
12 165
12 168
12 171
12 172
12 177
12 178
12 183
12 186
12 187
12 191
12 192
12 198
12 200
13 1
13 3
13 5
13 8
13 10
13 14
13 17
13 19
13 21
13 22
13 28
13 33
13 34
13 36
13 37
13 38
13 40
13 44
13 45
13 50
13 54
13 55
13 57
13 67
13 68
13 72
13 73
13 74
13 75
13 76
13 77
13 79
13 91
13 92
13 94
13 99
13 100
13 103
13 107
13 108
13 111
13 112
13 116
13 117
13 119
13 120
13 123
13 124
13 126
13 129
13 132
13 135
13 136
13 146
13 153
13 155
13 159
13 161
13 163
13 164
13 166
13 173
13 175
13 179
13 180
13 183
13 184
13 185
13 187
13 190
13 191
13 196
13 197
14 2
14 6
14 12
14 18
14 20
14 22
14 23
14 27
14 30
14 31
14 35
14 37
14 38
14 39
14 43
14 44
14 47
14 51
14 52
14 53
14 54
14 56
14 57
14 62
14 65
14 67
14 68
14 71
14 72
14 73
14 74
14 76
14 77
14 78
14 82
14 85
14 88
14 89
14 91
14 92
14 93
14 95
14 97
14 98
14 99
14 102
14 104
14 105
14 107
14 108
14 110
14 113
14 114
14 120
14 122
14 129
14 135
14 137
14 139
14 143
14 144
14 145
14 151
14 152
14 155
14 162
14 164
14 165
14 169
14 171
14 173
14 175
14 176
14 177
14 179
14 180
14 181
14 182
14 183
14 189
14 190
14 191
14 195
14 197
14 198
14 199
15 1
15 2
15 5
15 6
15 7
15 9
15 12
15 13
15 15
15 16
15 17
15 20
15 21
15 22
15 26
15 29
15 30
15 35
15 36
15 50
15 51
15 55
15 59
15 66
15 67
15 68
15 72
15 73
15 76
15 81
15 82
15 84
15 87
15 88
15 89
15 90
15 91
15 92
15 93
15 98
15 99
15 101
15 102
15 104
15 106
15 109
15 110
15 111
15 114
15 117
15 118
15 122
15 123
15 124
15 126
15 127
15 130
15 131
15 136
15 138
15 139
15 147
15 149
15 156
15 157
15 158
15 160
15 163
15 167
15 173
15 175
15 177
15 182
15 183
15 185
15 188
15 190
15 191
15 193
15 200
16 4
16 5
16 6
16 7
16 13
16 14
16 18
16 19
16 22
16 24
16 26
16 28
16 31
16 32
16 35
16 36
16 41
16 42
16 43
16 44
16 45
16 46
16 49
16 54
16 55
16 57
16 60
16 62
16 64
16 65
16 66
16 67
16 68
16 71
16 73
16 78
16 79
16 86
16 87
16 88
16 90
16 91
16 93
16 99
16 100
16 103
16 105
16 107
16 108
16 110
16 113
16 116
16 117
16 120
16 121
16 126
16 127
16 135
16 137
16 138
16 140
16 147
16 149
16 150
16 153
16 157
16 158
16 159
16 167
16 168
16 170
16 172
16 175
16 178
16 181
16 185
16 186
16 190
16 193
16 195
16 196
16 198
17 3
17 4
17 5
17 6
17 7
17 11
17 15
17 18
17 21
17 22
17 28
17 35
17 40
17 42
17 43
17 46
17 48
17 52
17 54
17 56
17 57
17 59
17 60
17 61
17 66
17 67
17 68
17 69
17 70
17 72
17 74
17 75
17 76
17 81
17 84
17 85
17 87
17 93
17 95
17 96
17 103
17 105
17 108
17 112
17 114
17 115
17 119
17 122
17 123
17 126
17 127
17 132
17 137
17 139
17 140
17 142
17 143
17 145
17 146
17 150
17 153
17 155
17 156
17 159
17 160
17 161
17 164
17 166
17 168
17 169
17 170
17 171
17 174
17 182
17 184
17 186
17 189
17 190
17 194
17 197
18 4
18 6
18 7
18 12
18 17
18 19
18 20
18 24
18 25
18 26
18 27
18 30
18 31
18 33
18 35
18 36
18 37
18 39
18 41
18 46
18 48
18 53
18 56
18 58
18 62
18 66
18 68
18 69
18 71
18 72
18 75
18 76
18 81
18 85
18 87
18 89
18 90
18 92
18 94
18 95
18 96
18 102
18 107
18 112
18 113
18 115
18 116
18 121
18 124
18 127
18 129
18 130
18 132
18 134
18 135
18 136
18 139
18 142
18 145
18 146
18 152
18 162
18 169
18 170
18 173
18 174
18 175
18 176
18 177
18 179
18 180
18 182
18 184
18 185
18 187
18 188
18 189
18 190
18 192
18 198
18 200
19 1
19 2
19 3
19 6
19 8
19 11
19 13
19 14
19 15
19 16
19 17
19 18
19 20
19 34
19 35
19 37
19 38
19 41
19 42
19 43
19 46
19 47
19 48
19 49
19 50
19 51
19 54
19 57
19 58
19 60
19 64
19 67
19 72
19 73
19 75
19 76
19 78
19 82
19 84
19 88
19 91
19 93
19 94
19 97
19 103
19 105
19 107
19 111
19 113
19 114
19 115
19 116
19 119
19 121
19 123
19 124
19 126
19 127
19 129
19 130
19 131
19 138
19 141
19 143
19 147
19 150
19 151
19 152
19 153
19 160
19 162
19 166
19 170
19 173
19 179
19 180
19 181
19 182
19 183
19 190
19 192
19 194
19 195
20 2
20 3
20 5
20 6
20 10
20 11
20 13
20 18
20 20
20 21
20 22
20 23
20 25
20 27
20 28
20 29
20 33
20 34
20 37
20 38
20 48
20 49
20 53
20 54
20 57
20 62
20 63
20 64
20 66
20 72
20 73
20 74
20 79
20 80
20 81
20 83
20 88
20 90
20 92
20 93
20 95
20 97
20 98
20 104
20 108
20 110
20 112
20 113
20 117
20 118
20 121
20 123
20 124
20 125
20 126
20 127
20 129
20 130
20 132
20 133
20 136
20 141
20 142
20 146
20 149
20 153
20 161
20 163
20 164
20 166
20 171
20 173
20 178
20 183
20 187
20 193
20 195
20 197
20 199
20 200
21 5
21 7
21 8
21 9
21 10
21 12
21 16
21 17
21 20
21 21
21 25
21 26
21 28
21 30
21 32
21 35
21 36
21 38
21 40
21 43
21 44
21 45
21 46
21 48
21 49
21 51
21 53
21 54
21 57
21 63
21 66
21 68
21 69
21 71
21 75
21 81
21 82
21 83
21 85
21 86
21 96
21 97
21 100
21 101
21 106
21 108
21 111
21 115
21 118
21 119
21 120
21 123
21 124
21 125
21 128
21 130
21 131
21 133
21 136
21 138
21 139
21 140
21 142
21 146
21 152
21 154
21 156
21 157
21 159
21 160
21 161
21 162
21 165
21 167
21 169
21 172
21 178
21 183
21 187
21 191
21 192
21 194
21 197
22 1
22 2
22 4
22 5
22 6
22 8
22 10
22 12
22 13
22 14
22 15
22 17
22 18
22 21
22 22
22 24
22 29
22 31
22 32
22 33
22 37
22 39
22 41
22 45
22 46
22 47
22 49
22 51
22 54
22 58
22 59
22 63
22 64
22 66
22 67
22 69
22 74
22 75
22 77
22 81
22 83
22 85
22 90
22 94
22 96
22 97
22 100
22 102
22 108
22 110
22 111
22 114
22 122
22 127
22 130
22 131
22 133
22 134
22 138
22 140
22 144
22 145
22 146
22 148
22 149
22 151
22 152
22 153
22 157
22 158
22 159
22 162
22 164
22 165
22 169
22 172
22 181
22 182
22 186
22 187
22 188
22 190
22 195
22 199
23 1
23 4
23 9
23 10
23 13
23 14
23 15
23 16
23 17
23 18
23 20
23 21
23 22
23 27
23 29
23 30
23 32
23 34
23 41
23 42
23 44
23 46
23 50
23 53
23 59
23 61
23 64
23 65
23 66
23 68
23 72
23 74
23 76
23 77
23 81
23 84
23 86
23 87
23 89
23 90
23 91
23 97
23 99
23 102
23 104
23 105
23 107
23 108
23 111
23 112
23 113
23 115
23 116
23 118
23 123
23 127
23 130
23 134
23 135
23 136
23 141
23 145
23 146
23 147
23 154
23 158
23 161
23 162
23 164
23 169
23 170
23 175
23 176
23 179
23 183
23 185
23 187
23 189
23 191
23 192
23 193
23 197
23 198
23 199
24 2
24 4
24 5
24 6
24 9
24 10
24 11
24 16
24 18
24 22
24 24
24 30
24 32
24 33
24 34
24 37
24 39
24 42
24 43
24 51
24 52
24 54
24 56
24 57
24 59
24 60
24 65
24 69
24 70
24 73
24 74
24 77
24 80
24 82
24 84
24 88
24 92
24 93
24 95
24 97
24 100
24 102
24 105
24 106
24 108
24 112
24 116
24 120
24 123
24 124
24 126
24 127
24 129
24 131
24 133
24 134
24 136
24 137
24 139
24 140
24 150
24 151
24 154
24 155
24 157
24 158
24 164
24 170
24 172
24 175
24 177
24 179
24 183
24 184
24 190
24 191
24 192
24 195
24 196
24 198
25 1
25 4
25 5
25 9
25 10
25 11
25 14
25 20
25 23
25 24
25 26
25 28
25 31
25 33
25 34
25 35
25 40
25 42
25 44
25 48
25 53
25 54
25 55
25 61
25 69
25 70
25 72
25 75
25 78
25 81
25 82
25 84
25 86
25 90
25 101
25 103
25 104
25 105
25 107
25 114
25 117
25 119
25 124
25 127
25 128
25 130
25 131
25 137
25 138
25 140
25 141
25 143
25 146
25 149
25 153
25 159
25 162
25 163
25 165
25 168
25 172
25 178
25 186
25 188
25 192
25 193
25 194
26 1
26 4
26 5
26 6
26 7
26 10
26 13
26 14
26 16
26 17
26 19
26 20
26 21
26 22
26 24
26 25
26 30
26 34
26 35
26 36
26 37
26 38
26 39
26 45
26 47
26 52
26 53
26 54
26 56
26 61
26 62
26 65
26 66
26 75
26 76
26 79
26 80
26 82
26 86
26 89
26 91
26 94
26 95
26 96
26 97
26 99
26 100
26 102
26 103
26 107
26 109
26 112
26 115
26 120
26 124
26 126
26 127
26 129
26 130
26 132
26 133
26 137
26 141
26 143
26 144
26 145
26 146
26 147
26 149
26 150
26 151
26 152
26 155
26 157
26 158
26 159
26 160
26 161
26 164
26 166
26 168
26 175
26 181
26 182
26 183
26 185
26 186
26 187
26 188
26 191
26 197
27 1
27 8
27 9
27 10
27 12
27 16
27 17
27 21
27 27
27 28
27 29
27 30
27 33
27 34
27 36
27 37
27 39
27 41
27 42
27 49
27 50
27 51
27 57
27 59
27 60
27 62
27 63
27 70
27 72
27 73
27 74
27 77
27 80
27 83
27 84
27 85
27 87
27 89
27 92
27 93
27 96
27 97
27 99
27 107
27 110
27 112
27 113
27 115
27 117
27 119
27 124
27 129
27 130
27 131
27 132
27 139
27 146
27 147
27 149
27 153
27 154
27 156
27 159
27 161
27 169
27 170
27 171
27 173
27 176
27 181
27 183
27 185
27 187
27 189
27 190
27 197
27 200
28 4
28 8
28 12
28 15
28 16
28 20
28 26
28 34
28 35
28 37
28 40
28 43
28 44
28 46
28 50
28 51
28 52
28 61
28 63
28 64
28 65
28 67
28 68
28 71
28 72
28 75
28 76
28 81
28 83
28 86
28 88
28 93
28 95
28 98
28 102
28 104
28 109
28 110
28 112
28 113
28 118
28 119
28 121
28 123
28 124
28 130
28 139
28 143
28 145
28 158
28 159
28 163
28 167
28 168
28 169
28 170
28 171
28 172
28 173
28 174
28 176
28 178
28 179
28 183
28 188
28 193
28 194
28 196
28 200
29 3
29 6
29 9
29 10
29 14
29 15
29 17
29 19
29 23
29 25
29 28
29 35
29 36
29 37
29 44
29 49
29 50
29 53
29 57
29 58
29 60
29 62
29 65
29 67
29 69
29 71
29 73
29 78
29 79
29 81
29 83
29 84
29 85
29 89
29 90
29 92
29 95
29 101
29 102
29 104
29 105
29 114
29 116
29 117
29 118
29 119
29 120
29 121
29 125
29 127
29 129
29 137
29 138
29 147
29 148
29 150
29 152
29 154
29 155
29 162
29 163
29 164
29 168
29 170
29 171
29 172
29 176
29 177
29 179
29 183
29 184
29 186
29 190
29 192
29 193
29 194
29 196
29 197
29 198
29 199
29 200
30 1
30 3
30 5
30 6
30 9
30 13
30 14
30 16
30 19
30 23
30 24
30 25
30 26
30 31
30 32
30 34
30 35
30 37
30 42
30 43
30 45
30 48
30 49
30 50
30 52
30 55
30 56
30 63
30 65
30 66
30 68
30 71
30 72
30 73
30 74
30 77
30 78
30 80
30 81
30 84
30 86
30 87
30 89
30 92
30 98
30 99
30 104
30 105
30 106
30 108
30 109
30 111
30 115
30 119
30 120
30 124
30 125
30 132
30 134
30 137
30 139
30 143
30 145
30 147
30 148
30 149
30 151
30 156
30 157
30 160
30 161
30 165
30 166
30 168
30 172
30 176
30 180
30 183
30 186
30 187
30 189
30 192
30 194
30 195
30 196
30 200
31 2
31 4
31 5
31 6
31 8
31 11
31 14
31 23
31 24
31 27
31 29
31 33
31 35
31 38
31 40
31 42
31 43
31 44
31 50
31 52
31 54
31 60
31 63
31 65
31 71
31 72
31 76
31 81
31 86
31 89
31 93
31 94
31 95
31 96
31 97
31 98
31 101
31 102
31 105
31 106
31 110
31 111
31 114
31 116
31 124
31 131
31 133
31 134
31 138
31 142
31 145
31 152
31 155
31 156
31 160
31 164
31 166
31 168
31 171
31 172
31 175
31 177
31 180
31 181
31 186
31 187
31 188
31 189
31 190
31 192
31 196
31 198
32 3
32 5
32 9
32 10
32 12
32 16
32 18
32 20
32 25
32 26
32 31
32 35
32 38
32 42
32 44
32 47
32 49
32 50
32 51
32 52
32 53
32 54
32 58
32 59
32 60
32 63
32 65
32 68
32 70
32 72
32 87
32 90
32 91
32 92
32 98
32 102
32 104
32 106
32 107
32 110
32 113
32 115
32 118
32 122
32 123
32 124
32 126
32 127
32 132
32 135
32 137
32 138
32 140
32 143
32 144
32 145
32 148
32 149
32 151
32 155
32 162
32 164
32 167
32 170
32 174
32 177
32 178
32 179
32 181
32 182
32 184
32 188
32 190
32 191
32 192
32 193
32 196
32 198
32 199
32 200
33 3
33 4
33 5
33 9
33 10
33 11
33 13
33 15
33 16
33 17
33 22
33 23
33 33
33 39
33 40
33 42
33 43
33 44
33 46
33 47
33 50
33 51
33 52
33 53
33 55
33 59
33 66
33 67
33 73
33 77
33 79
33 80
33 82
33 83
33 85
33 92
33 94
33 95
33 101
33 103
33 104
33 105
33 107
33 111
33 117
33 118
33 120
33 122
33 124
33 125
33 127
33 128
33 130
33 131
33 134
33 138
33 143
33 146
33 150
33 152
33 154
33 162
33 163
33 164
33 166
33 167
33 173
33 175
33 183
33 184
33 185
33 186
33 193
33 194
33 198
33 199
33 200
34 1
34 3
34 6
34 8
34 12
34 14
34 16
34 17
34 22
34 23
34 24
34 27
34 28
34 29
34 30
34 34
34 36
34 38
34 41
34 43
34 48
34 54
34 57
34 58
34 60
34 62
34 63
34 64
34 68
34 73
34 75
34 77
34 79
34 81
34 82
34 83
34 84
34 86
34 87
34 92
34 93
34 94
34 100
34 102
34 104
34 106
34 109
34 110
34 111
34 114
34 115
34 125
34 127
34 129
34 131
34 133
34 134
34 135
34 137
34 139
34 141
34 144
34 145
34 150
34 152
34 153
34 156
34 157
34 163
34 164
34 165
34 166
34 167
34 171
34 172
34 173
34 179
34 180
34 182
34 185
34 187
34 195
34 200
35 3
35 6
35 7
35 11
35 13
35 24
35 28
35 29
35 32
35 40
35 43
35 44
35 47
35 54
35 58
35 60
35 61
35 64
35 67
35 69
35 71
35 73
35 74
35 76
35 78
35 80
35 84
35 85
35 86
35 88
35 89
35 95
35 97
35 99
35 105
35 107
35 109
35 110
35 113
35 114
35 117
35 122
35 123
35 125
35 126
35 130
35 134
35 136
35 139
35 145
35 146
35 147
35 148
35 152
35 153
35 155
35 156
35 157
35 159
35 162
35 166
35 167
35 172
35 179
35 181
35 182
35 186
35 191
35 192
35 195
35 196
36 1
36 4
36 12
36 21
36 23
36 27
36 30
36 31
36 35
36 39
36 40
36 42
36 43
36 45
36 48
36 50
36 53
36 54
36 56
36 58
36 59
36 60
36 62
36 69
36 72
36 73
36 75
36 77
36 79
36 81
36 87
36 89
36 91
36 95
36 97
36 98
36 100
36 101
36 105
36 111
36 113
36 117
36 118
36 119
36 120
36 123
36 125
36 126
36 130
36 133
36 135
36 136
36 137
36 139
36 150
36 157
36 160
36 161
36 162
36 163
36 166
36 168
36 172
36 176
36 178
36 182
36 185
36 187
36 188
36 194
37 1
37 2
37 6
37 8
37 12
37 14
37 15
37 17
37 21
37 26
37 28
37 29
37 30
37 31
37 33
37 36
37 37
37 43
37 46
37 50
37 51
37 52
37 53
37 55
37 56
37 57
37 59
37 67
37 68
37 70
37 72
37 73
37 74
37 78
37 83
37 91
37 92
37 93
37 96
37 98
37 103
37 104
37 107
37 108
37 113
37 115
37 119
37 121
37 131
37 132
37 135
37 141
37 146
37 148
37 149
37 150
37 152
37 153
37 154
37 155
37 157
37 160
37 165
37 166
37 173
37 179
37 180
37 181
37 183
37 187
37 188
37 189
37 192
37 194
37 197
37 198
37 199
37 200
38 3
38 6
38 13
38 23
38 27
38 36
38 39
38 42
38 43
38 44
38 45
38 49
38 54
38 61
38 62
38 63
38 66
38 68
38 69
38 70
38 72
38 73
38 77
38 78
38 83
38 85
38 88
38 90
38 92
38 95
38 96
38 97
38 98
38 99
38 102
38 109
38 112
38 113
38 114
38 116
38 119
38 120
38 121
38 123
38 128
38 129
38 133
38 135
38 140
38 141
38 142
38 145
38 146
38 149
38 151
38 152
38 153
38 155
38 161
38 162
38 163
38 166
38 167
38 168
38 170
38 172
38 173
38 177
38 179
38 182
38 187
38 189
38 191
38 198
38 200
39 3
39 4
39 5
39 6
39 10
39 11
39 12
39 13
39 17
39 18
39 19
39 28
39 30
39 36
39 38
39 39
39 40
39 45
39 49
39 52
39 65
39 71
39 72
39 73
39 75
39 78
39 82
39 83
39 84
39 85
39 87
39 89
39 92
39 97
39 100
39 103
39 105
39 110
39 111
39 116
39 119
39 121
39 122
39 123
39 128
39 129
39 130
39 133
39 136
39 149
39 151
39 153
39 159
39 160
39 163
39 164
39 169
39 172
39 174
39 176
39 178
39 186
39 189
39 190
39 197
40 1
40 4
40 5
40 6
40 10
40 15
40 23
40 28
40 29
40 30
40 32
40 33
40 37
40 42
40 44
40 46
40 47
40 55
40 57
40 65
40 68
40 70
40 76
40 79
40 80
40 81
40 83
40 85
40 87
40 93
40 94
40 95
40 96
40 97
40 99
40 100
40 101
40 102
40 106
40 119
40 121
40 124
40 125
40 126
40 131
40 134
40 137
40 140
40 142
40 144
40 145
40 146
40 148
40 151
40 157
40 158
40 161
40 163
40 166
40 169
40 174
40 180
40 185
40 186
40 188
40 189
40 192
40 195
40 196
40 199
41 6
41 9
41 15
41 16
41 17
41 20
41 21
41 23
41 24
41 25
41 32
41 33
41 34
41 36
41 40
41 41
41 43
41 44
41 52
41 53
41 59
41 60
41 61
41 62
41 63
41 68
41 70
41 74
41 77
41 80
41 81
41 82
41 83
41 86
41 88
41 89
41 94
41 95
41 96
41 98
41 102
41 103
41 107
41 109
41 110
41 111
41 112
41 118
41 133
41 136
41 140
41 142
41 144
41 147
41 151
41 152
41 153
41 155
41 156
41 160
41 162
41 163
41 165
41 166
41 171
41 177
41 179
41 180
41 181
41 183
41 184
41 188
41 189
41 191
41 195
41 199
42 2
42 4
42 5
42 8
42 9
42 11
42 13
42 15
42 16
42 18
42 19
42 21
42 22
42 23
42 26
42 31
42 33
42 34
42 35
42 36
42 37
42 38
42 39
42 42
42 43
42 45
42 46
42 49
42 55
42 59
42 60
42 61
42 62
42 63
42 64
42 69
42 70
42 72
42 79
42 80
42 86
42 88
42 94
42 98
42 106
42 107
42 108
42 112
42 113
42 121
42 123
42 124
42 125
42 126
42 129
42 133
42 134
42 135
42 136
42 139
42 140
42 141
42 142
42 143
42 146
42 147
42 154
42 159
42 163
42 164
42 165
42 168
42 171
42 173
42 175
42 176
42 178
42 182
42 184
42 185
42 190
42 191
42 194
42 198
42 200
43 2
43 5
43 6
43 7
43 8
43 9
43 10
43 13
43 15
43 16
43 17
43 19
43 22
43 23
43 26
43 27
43 28
43 29
43 32
43 33
43 34
43 36
43 38
43 39
43 41
43 47
43 48
43 53
43 55
43 56
43 59
43 61
43 62
43 63
43 69
43 71
43 74
43 75
43 78
43 79
43 83
43 84
43 87
43 88
43 90
43 91
43 95
43 102
43 103
43 105
43 106
43 108
43 111
43 114
43 117
43 119
43 121
43 124
43 127
43 128
43 130
43 131
43 133
43 139
43 143
43 149
43 152
43 154
43 155
43 156
43 158
43 160
43 163
43 164
43 169
43 171
43 174
43 175
43 177
43 178
43 179
43 182
43 184
43 189
43 190
43 191
43 195
43 197
43 199
44 7
44 8
44 11
44 13
44 24
44 25
44 27
44 30
44 31
44 32
44 34
44 37
44 38
44 42
44 44
44 48
44 49
44 51
44 53
44 57
44 64
44 66
44 75
44 78
44 82
44 84
44 85
44 86
44 87
44 90
44 91
44 94
44 95
44 100
44 101
44 102
44 108
44 109
44 115
44 117
44 118
44 120
44 121
44 123
44 125
44 126
44 127
44 129
44 130
44 132
44 137
44 140
44 147
44 148
44 150
44 155
44 156
44 157
44 162
44 164
44 165
44 166
44 167
44 169
44 171
44 172
44 174
44 175
44 176
44 180
44 185
44 188
44 190
44 191
44 193
44 194
44 196
44 197
44 198
44 199
45 1
45 3
45 5
45 6
45 7
45 10
45 14
45 16
45 20
45 22
45 23
45 25
45 27
45 28
45 29
45 30
45 32
45 34
45 35
45 38
45 43
45 47
45 49
45 53
45 55
45 57
45 58
45 63
45 64
45 68
45 69
45 70
45 73
45 75
45 77
45 79
45 81
45 83
45 84
45 85
45 86
45 88
45 93
45 95
45 96
45 97
45 100
45 103
45 105
45 107
45 113
45 121
45 122
45 124
45 125
45 127
45 128
45 131
45 132
45 135
45 136
45 137
45 138
45 141
45 143
45 144
45 145
45 147
45 152
45 153
45 154
45 158
45 162
45 163
45 165
45 167
45 169
45 172
45 176
45 179
45 180
45 182
45 184
45 185
45 188
45 189
45 191
45 192
45 193
45 194
45 196
45 197
45 198
45 200
46 1
46 2
46 3
46 6
46 7
46 10
46 14
46 16
46 20
46 23
46 26
46 27
46 28
46 29
46 30
46 34
46 35
46 36
46 39
46 40
46 41
46 43
46 45
46 47
46 49
46 50
46 51
46 52
46 57
46 60
46 64
46 65
46 68
46 69
46 72
46 78
46 79
46 81
46 83
46 86
46 90
46 91
46 94
46 95
46 96
46 101
46 102
46 103
46 105
46 109
46 111
46 114
46 115
46 120
46 121
46 123
46 125
46 126
46 127
46 129
46 130
46 132
46 135
46 137
46 146
46 151
46 152
46 153
46 156
46 159
46 160
46 161
46 164
46 165
46 167
46 168
46 169
46 171
46 172
46 174
46 175
46 176
46 178
46 179
46 180
46 181
46 182
46 183
46 185
46 192
46 195
46 197
46 198
46 199
46 200
47 3
47 7
47 16
47 20
47 21
47 22
47 23
47 24
47 25
47 27
47 29
47 30
47 38
47 40
47 42
47 49
47 50
47 54
47 57
47 58
47 59
47 62
47 64
47 67
47 74
47 75
47 76
47 78
47 81
47 83
47 84
47 91
47 96
47 100
47 102
47 103
47 106
47 108
47 111
47 112
47 113
47 116
47 117
47 124
47 126
47 128
47 129
47 130
47 132
47 136
47 137
47 139
47 141
47 143
47 147
47 151
47 152
47 153
47 154
47 159
47 162
47 163
47 164
47 171
47 174
47 177
47 178
47 179
47 185
47 186
47 190
47 192
47 195
47 196
48 4
48 6
48 8
48 9
48 11
48 12
48 17
48 20
48 21
48 22
48 24
48 26
48 29
48 35
48 41
48 44
48 46
48 52
48 57
48 58
48 59
48 62
48 65
48 66
48 67
48 69
48 70
48 71
48 72
48 80
48 82
48 84
48 85
48 86
48 88
48 89
48 94
48 95
48 100
48 101
48 103
48 106
48 112
48 115
48 116
48 119
48 122
48 123
48 127
48 129
48 130
48 134
48 135
48 140
48 142
48 147
48 150
48 152
48 157
48 159
48 163
48 164
48 165
48 173
48 174
48 179
48 181
48 183
48 184
48 186
48 187
48 191
48 192
49 2
49 4
49 7
49 9
49 13
49 14
49 17
49 19
49 22
49 24
49 25
49 28
49 30
49 36
49 38
49 39
49 40
49 42
49 44
49 45
49 47
49 48
49 49
49 52
49 53
49 54
49 55
49 56
49 57
49 59
49 60
49 62
49 63
49 64
49 66
49 70
49 72
49 74
49 76
49 82
49 85
49 90
49 91
49 94
49 98
49 99
49 101
49 102
49 105
49 108
49 110
49 111
49 116
49 117
49 119
49 120
49 122
49 123
49 126
49 128
49 129
49 131
49 133
49 141
49 145
49 150
49 151
49 153
49 155
49 158
49 159
49 161
49 162
49 165
49 166
49 173
49 180
49 181
49 182
49 183
49 195
49 197
50 1
50 2
50 6
50 8
50 10
50 12
50 13
50 16
50 21
50 22
50 23
50 25
50 28
50 31
50 38
50 39
50 40
50 41
50 42
50 43
50 46
50 47
50 50
50 65
50 66
50 68
50 69
50 72
50 73
50 76
50 78
50 82
50 85
50 86
50 88
50 89
50 91
50 92
50 93
50 94
50 96
50 99
50 100
50 103
50 104
50 106
50 108
50 109
50 110
50 111
50 113
50 114
50 115
50 118
50 122
50 126
50 128
50 131
50 132
50 133
50 136
50 141
50 143
50 145
50 149
50 157
50 159
50 164
50 166
50 167
50 169
50 176
50 177
50 179
50 183
50 185
50 189
50 190
50 196
50 197
51 2
51 3
51 4
51 8
51 12
51 14
51 15
51 16
51 19
51 21
51 23
51 25
51 30
51 31
51 35
51 37
51 42
51 43
51 46
51 48
51 49
51 50
51 55
51 56
51 60
51 61
51 62
51 64
51 65
51 66
51 68
51 70
51 72
51 74
51 76
51 85
51 86
51 87
51 88
51 92
51 93
51 94
51 96
51 97
51 98
51 99
51 109
51 110
51 112
51 116
51 117
51 120
51 121
51 123
51 125
51 126
51 127
51 128
51 131
51 132
51 134
51 138
51 139
51 141
51 142
51 143
51 147
51 148
51 149
51 153
51 154
51 155
51 157
51 160
51 164
51 169
51 171
51 172
51 173
51 174
51 177
51 179
51 183
51 187
51 188
51 190
51 191
51 194
51 196
51 200
52 1
52 3
52 4
52 5
52 6
52 8
52 9
52 12
52 15
52 18
52 22
52 24
52 25
52 26
52 29
52 35
52 43
52 44
52 45
52 48
52 53
52 54
52 57
52 59
52 60
52 68
52 69
52 75
52 76
52 78
52 79
52 80
52 87
52 89
52 91
52 95
52 96
52 98
52 99
52 100
52 101
52 105
52 108
52 109
52 110
52 112
52 114
52 117
52 120
52 121
52 122
52 125
52 129
52 130
52 134
52 135
52 137
52 141
52 147
52 150
52 151
52 153
52 156
52 157
52 158
52 159
52 161
52 164
52 165
52 167
52 172
52 174
52 176
52 177
52 181
52 183
52 185
52 186
52 187
52 191
52 192
52 193
52 195
53 1
53 4
53 5
53 8
53 9
53 10
53 12
53 13
53 14
53 17
53 18
53 20
53 22
53 24
53 32
53 38
53 40
53 42
53 43
53 44
53 45
53 46
53 52
53 53
53 56
53 60
53 62
53 64
53 66
53 71
53 72
53 73
53 75
53 81
53 82
53 85
53 86
53 88
53 91
53 92
53 93
53 94
53 99
53 103
53 105
53 108
53 113
53 115
53 116
53 118
53 120
53 121
53 122
53 123
53 127
53 128
53 129
53 130
53 132
53 135
53 141
53 142
53 144
53 145
53 148
53 150
53 157
53 159
53 160
53 162
53 164
53 165
53 166
53 169
53 171
53 185
53 186
53 187
53 189
53 192
53 193
53 196
53 199
53 200
54 1
54 4
54 5
54 8
54 9
54 12
54 13
54 15
54 20
54 23
54 24
54 25
54 27
54 31
54 47
54 49
54 55
54 57
54 58
54 60
54 69
54 71
54 72
54 73
54 76
54 79
54 81
54 82
54 85
54 96
54 97
54 100
54 101
54 103
54 112
54 117
54 118
54 119
54 123
54 126
54 129
54 132
54 134
54 137
54 139
54 140
54 144
54 145
54 146
54 147
54 150
54 151
54 154
54 159
54 169
54 171
54 176
54 179
54 183
54 184
54 185
54 186
54 187
54 188
54 190
54 191
54 192
54 197
54 200
55 3
55 5
55 8
55 9
55 10
55 12
55 17
55 18
55 19
55 21
55 22
55 25
55 26
55 27
55 29
55 30
55 31
55 32
55 37
55 38
55 40
55 41
55 44
55 47
55 48
55 51
55 54
55 57
55 58
55 60
55 66
55 68
55 72
55 78
55 82
55 83
55 84
55 87
55 89
55 90
55 92
55 94
55 107
55 113
55 114
55 116
55 119
55 122
55 125
55 127
55 130
55 131
55 137
55 141
55 146
55 153
55 154
55 155
55 158
55 159
55 163
55 164
55 169
55 171
55 172
55 173
55 174
55 175
55 177
55 179
55 182
55 185
55 197
55 198
55 200
56 5
56 7
56 9
56 10
56 12
56 13
56 22
56 25
56 27
56 29
56 30
56 33
56 41
56 42
56 44
56 46
56 47
56 49
56 50
56 52
56 54
56 57
56 58
56 72
56 74
56 76
56 79
56 80
56 82
56 89
56 91
56 93
56 94
56 95
56 96
56 98
56 101
56 102
56 103
56 105
56 107
56 108
56 111
56 112
56 113
56 115
56 116
56 121
56 124
56 128
56 130
56 131
56 134
56 135
56 138
56 143
56 148
56 150
56 152
56 162
56 166
56 167
56 168
56 169
56 171
56 173
56 174
56 175
56 176
56 177
56 178
56 184
56 185
56 186
56 188
56 189
56 191
56 197
56 198
57 6
57 9
57 12
57 13
57 15
57 17
57 21
57 23
57 27
57 31
57 35
57 38
57 41
57 42
57 43
57 46
57 48
57 49
57 50
57 53
57 56
57 57
57 58
57 60
57 61
57 66
57 67
57 71
57 74
57 75
57 76
57 78
57 81
57 91
57 93
57 95
57 98
57 103
57 105
57 107
57 109
57 111
57 113
57 114
57 115
57 116
57 117
57 121
57 122
57 128
57 129
57 130
57 136
57 142
57 146
57 153
57 154
57 155
57 156
57 159
57 162
57 164
57 167
57 169
57 171
57 172
57 173
57 179
57 182
57 184
57 186
57 188
57 189
57 190
57 197
57 199
57 200
58 4
58 5
58 6
58 9
58 10
58 11
58 13
58 14
58 16
58 17
58 19
58 20
58 21
58 25
58 27
58 28
58 31
58 32
58 36
58 37
58 38
58 40
58 42
58 47
58 49
58 51
58 54
58 58
58 59
58 62
58 63
58 64
58 67
58 68
58 72
58 73
58 74
58 75
58 80
58 81
58 83
58 86
58 88
58 96
58 101
58 103
58 104
58 105
58 109
58 112
58 116
58 122
58 124
58 125
58 126
58 127
58 129
58 130
58 133
58 138
58 141
58 144
58 145
58 146
58 147
58 149
58 150
58 151
58 153
58 155
58 161
58 162
58 164
58 165
58 166
58 168
58 171
58 174
58 179
58 182
58 183
58 186
58 187
58 189
58 190
58 192
58 195
58 199
59 3
59 8
59 10
59 11
59 13
59 15
59 16
59 17
59 18
59 20
59 23
59 24
59 25
59 26
59 28
59 31
59 36
59 38
59 39
59 41
59 45
59 47
59 48
59 54
59 56
59 58
59 62
59 63
59 65
59 66
59 76
59 77
59 79
59 81
59 84
59 85
59 89
59 90
59 91
59 92
59 93
59 95
59 96
59 97
59 98
59 99
59 100
59 101
59 102
59 103
59 106
59 107
59 108
59 111
59 112
59 113
59 123
59 127
59 128
59 135
59 137
59 139
59 141
59 143
59 146
59 147
59 149
59 151
59 157
59 158
59 159
59 161
59 162
59 163
59 164
59 165
59 167
59 168
59 172
59 176
59 177
59 179
59 182
59 185
59 187
59 188
59 189
59 190
59 191
59 194
59 195
59 196
60 3
60 4
60 6
60 8
60 10
60 11
60 13
60 17
60 26
60 27
60 31
60 40
60 43
60 45
60 46
60 47
60 50
60 51
60 53
60 54
60 59
60 61
60 64
60 67
60 68
60 72
60 75
60 78
60 83
60 85
60 86
60 89
60 91
60 92
60 98
60 103
60 108
60 109
60 111
60 112
60 113
60 115
60 116
60 117
60 118
60 122
60 123
60 125
60 126
60 127
60 131
60 134
60 135
60 137
60 143
60 145
60 146
60 149
60 152
60 154
60 158
60 160
60 163
60 164
60 165
60 170
60 176
60 181
60 182
60 186
60 189
60 192
60 195
60 196
60 198
60 199
61 1
61 8
61 10
61 12
61 13
61 19
61 22
61 23
61 24
61 27
61 28
61 33
61 36
61 37
61 38
61 40
61 43
61 45
61 50
61 54
61 56
61 61
61 62
61 72
61 74
61 75
61 77
61 79
61 82
61 86
61 99
61 101
61 103
61 104
61 107
61 111
61 112
61 116
61 120
61 121
61 125
61 127
61 128
61 129
61 131
61 135
61 137
61 139
61 141
61 142
61 144
61 145
61 150
61 153
61 156
61 157
61 158
61 159
61 160
61 167
61 170
61 173
61 175
61 176
61 177
61 178
61 181
61 183
61 185
61 188
61 196
61 200
62 2
62 6
62 7
62 9
62 15
62 17
62 18
62 19
62 21
62 27
62 29
62 30
62 31
62 38
62 42
62 43
62 47
62 48
62 49
62 54
62 55
62 59
62 62
62 63
62 64
62 69
62 70
62 71
62 74
62 78
62 79
62 80
62 85
62 89
62 90
62 92
62 97
62 99
62 102
62 104
62 105
62 106
62 110
62 117
62 118
62 119
62 120
62 121
62 123
62 132
62 133
62 135
62 143
62 145
62 146
62 151
62 152
62 156
62 163
62 164
62 166
62 169
62 170
62 172
62 178
62 179
62 180
62 183
62 184
62 189
62 190
62 191
62 192
62 194
62 195
62 198
62 200
63 2
63 3
63 6
63 9
63 10
63 12
63 14
63 15
63 19
63 24
63 27
63 29
63 32
63 37
63 40
63 41
63 42
63 46
63 55
63 59
63 61
63 64
63 65
63 66
63 68
63 71
63 73
63 77
63 79
63 81
63 82
63 83
63 86
63 87
63 91
63 92
63 93
63 100
63 102
63 103
63 104
63 105
63 106
63 107
63 108
63 109
63 111
63 113
63 114
63 117
63 118
63 120
63 121
63 124
63 125
63 127
63 128
63 129
63 134
63 135
63 137
63 140
63 142
63 143
63 147
63 148
63 150
63 159
63 161
63 162
63 164
63 170
63 171
63 172
63 176
63 177
63 179
63 180
63 189
63 191
63 192
63 194
64 2
64 7
64 9
64 10
64 16
64 20
64 22
64 23
64 24
64 26
64 28
64 35
64 36
64 39
64 40
64 41
64 43
64 45
64 48
64 49
64 57
64 58
64 61
64 62
64 64
64 67
64 68
64 70
64 71
64 80
64 81
64 85
64 87
64 88
64 89
64 90
64 91
64 92
64 95
64 96
64 97
64 101
64 102
64 107
64 108
64 112
64 113
64 115
64 121
64 124
64 131
64 135
64 136
64 137
64 138
64 142
64 149
64 150
64 151
64 154
64 157
64 158
64 159
64 161
64 164
64 165
64 166
64 169
64 172
64 174
64 177
64 178
64 180
64 181
64 182
64 183
64 185
64 186
64 187
64 190
64 192
64 196
64 197
64 198
65 1
65 4
65 7
65 8
65 9
65 11
65 13
65 14
65 15
65 17
65 19
65 20
65 21
65 28
65 30
65 32
65 33
65 35
65 37
65 41
65 49
65 53
65 55
65 58
65 59
65 60
65 61
65 64
65 69
65 72
65 73
65 76
65 81
65 85
65 87
65 92
65 93
65 95
65 96
65 97
65 99
65 106
65 108
65 109
65 112
65 113
65 114
65 115
65 118
65 121
65 123
65 124
65 127
65 128
65 130
65 132
65 134
65 136
65 138
65 148
65 149
65 152
65 158
65 160
65 161
65 163
65 164
65 165
65 166
65 167
65 171
65 172
65 174
65 176
65 177
65 178
65 180
65 182
65 183
65 186
65 188
65 195
65 198
65 199
65 200
66 7
66 8
66 13
66 14
66 15
66 16
66 17
66 18
66 21
66 24
66 28
66 29
66 33
66 34
66 35
66 36
66 39
66 41
66 49
66 50
66 51
66 53
66 55
66 56
66 60
66 62
66 64
66 66
66 67
66 71
66 72
66 76
66 79
66 80
66 86
66 88
66 89
66 91
66 93
66 99
66 107
66 109
66 117
66 118
66 121
66 125
66 127
66 128
66 129
66 131
66 132
66 133
66 141
66 143
66 145
66 150
66 153
66 155
66 163
66 165
66 166
66 167
66 168
66 170
66 171
66 174
66 176
66 178
66 182
66 186
66 187
66 188
66 190
66 193
66 196
66 199
66 200
67 2
67 5
67 8
67 12
67 16
67 18
67 19
67 20
67 21
67 22
67 24
67 32
67 36
67 42
67 46
67 49
67 50
67 53
67 55
67 59
67 60
67 64
67 65
67 67
67 71
67 75
67 76
67 79
67 82
67 85
67 88
67 89
67 92
67 93
67 97
67 105
67 110
67 112
67 113
67 117
67 118
67 119
67 120
67 121
67 123
67 126
67 130
67 132
67 133
67 135
67 139
67 141
67 145
67 151
67 152
67 155
67 158
67 162
67 165
67 167
67 168
67 169
67 171
67 179
67 181
67 184
67 185
67 186
67 191
67 192
67 193
67 197
68 2
68 5
68 10
68 12
68 14
68 15
68 21
68 27
68 28
68 29
68 30
68 31
68 36
68 38
68 40
68 41
68 42
68 44
68 45
68 46
68 47
68 48
68 49
68 54
68 58
68 63
68 65
68 66
68 67
68 68
68 74
68 77
68 80
68 83
68 85
68 87
68 89
68 92
68 93
68 95
68 101
68 103
68 108
68 114
68 115
68 118
68 120
68 121
68 122
68 123
68 125
68 126
68 129
68 131
68 139
68 145
68 146
68 151
68 155
68 156
68 157
68 164
68 171
68 172
68 174
68 175
68 176
68 177
68 178
68 179
68 181
68 182
68 186
68 188
68 189
68 190
68 191
68 192
68 193
68 194
68 195
68 198
68 199
69 3
69 4
69 5
69 6
69 7
69 8
69 9
69 11
69 13
69 16
69 17
69 21
69 22
69 23
69 25
69 26
69 27
69 29
69 30
69 31
69 36
69 37
69 43
69 44
69 48
69 52
69 55
69 56
69 58
69 66
69 67
69 68
69 69
69 71
69 73
69 75
69 76
69 83
69 84
69 85
69 86
69 87
69 88
69 95
69 96
69 100
69 101
69 104
69 105
69 107
69 108
69 109
69 115
69 116
69 117
69 121
69 123
69 125
69 127
69 129
69 130
69 131
69 132
69 136
69 137
69 138
69 141
69 142
69 143
69 147
69 148
69 149
69 150
69 151
69 152
69 154
69 160
69 163
69 164
69 167
69 169
69 171
69 173
69 174
69 175
69 176
69 180
69 181
69 186
69 188
69 190
69 192
69 198
69 200
71 1
71 5
71 9
71 11
71 14
71 16
71 17
71 20
71 22
71 23
71 27
71 35
71 37
71 38
71 39
71 49
71 50
71 53
71 55
71 58
71 62
71 63
71 67
71 68
71 71
71 72
71 77
71 78
71 80
71 82
71 83
71 85
71 86
71 90
71 91
71 94
71 95
71 96
71 97
71 98
71 99
71 103
71 106
71 107
71 110
71 113
71 115
71 118
71 122
71 123
71 124
71 126
71 131
71 132
71 133
71 134
71 138
71 144
71 145
71 148
71 151
71 153
71 155
71 162
71 165
71 167
71 170
71 172
71 173
71 174
71 176
71 178
71 179
71 180
71 181
71 184
71 191
71 192
71 194
71 199
72 2
72 3
72 4
72 6
72 9
72 10
72 14
72 16
72 17
72 18
72 23
72 24
72 26
72 29
72 31
72 35
72 39
72 41
72 46
72 47
72 48
72 50
72 54
72 56
72 57
72 58
72 59
72 70
72 72
72 75
72 78
72 84
72 87
72 89
72 95
72 96
72 98
72 102
72 104
72 105
72 107
72 111
72 112
72 113
72 115
72 117
72 118
72 119
72 120
72 122
72 124
72 125
72 126
72 131
72 132
72 133
72 134
72 137
72 142
72 143
72 144
72 149
72 151
72 153
72 154
72 156
72 157
72 160
72 162
72 163
72 165
72 166
72 167
72 168
72 171
72 173
72 177
72 179
72 182
72 186
72 188
72 189
72 193
72 195
72 196
72 198
72 199
73 1
73 4
73 5
73 11
73 14
73 16
73 17
73 18
73 21
73 23
73 26
73 30
73 32
73 33
73 36
73 38
73 41
73 42
73 43
73 45
73 47
73 48
73 50
73 51
73 54
73 55
73 60
73 62
73 64
73 65
73 66
73 70
73 71
73 73
73 75
73 76
73 78
73 79
73 81
73 86
73 87
73 91
73 95
73 103
73 104
73 105
73 108
73 112
73 114
73 117
73 119
73 122
73 124
73 126
73 127
73 130
73 132
73 133
73 135
73 139
73 140
73 141
73 145
73 146
73 148
73 149
73 159
73 160
73 161
73 162
73 169
73 170
73 171
73 174
73 175
73 178
73 179
73 180
73 183
73 188
73 190
73 192
73 194
73 196
73 199
74 2
74 3
74 5
74 6
74 12
74 13
74 18
74 22
74 23
74 24
74 25
74 28
74 29
74 32
74 33
74 34
74 39
74 42
74 43
74 44
74 48
74 55
74 60
74 66
74 68
74 70
74 71
74 73
74 75
74 78
74 84
74 89
74 95
74 96
74 98
74 101
74 104
74 107
74 108
74 112
74 113
74 114
74 115
74 117
74 123
74 124
74 125
74 126
74 127
74 130
74 131
74 134
74 136
74 140
74 141
74 143
74 145
74 146
74 155
74 156
74 157
74 158
74 161
74 162
74 165
74 166
74 167
74 168
74 169
74 173
74 176
74 177
74 184
74 185
74 197
74 199
75 2
75 6
75 8
75 10
75 11
75 14
75 15
75 16
75 18
75 21
75 27
75 29
75 31
75 35
75 38
75 40
75 43
75 44
75 45
75 47
75 50
75 51
75 56
75 58
75 65
75 66
75 67
75 68
75 71
75 73
75 75
75 87
75 88
75 89
75 92
75 95
75 97
75 99
75 100
75 103
75 109
75 110
75 112
75 118
75 124
75 125
75 126
75 127
75 128
75 132
75 133
75 134
75 135
75 137
75 138
75 141
75 142
75 144
75 149
75 150
75 151
75 152
75 153
75 157
75 158
75 162
75 164
75 165
75 166
75 173
75 179
75 184
75 185
75 188
75 190
75 200
76 1
76 9
76 10
76 11
76 13
76 14
76 15
76 17
76 18
76 21
76 22
76 24
76 27
76 31
76 32
76 33
76 34
76 35
76 39
76 41
76 42
76 43
76 45
76 46
76 47
76 48
76 49
76 52
76 53
76 54
76 57
76 59
76 61
76 63
76 64
76 66
76 68
76 69
76 72
76 74
76 75
76 76
76 78
76 81
76 82
76 87
76 88
76 89
76 91
76 92
76 94
76 95
76 96
76 98
76 99
76 100
76 101
76 104
76 105
76 110
76 111
76 112
76 113
76 115
76 121
76 123
76 124
76 126
76 128
76 130
76 131
76 133
76 134
76 135
76 136
76 141
76 142
76 145
76 150
76 153
76 157
76 158
76 160
76 167
76 170
76 176
76 177
76 178
76 179
76 180
76 182
76 185
76 193
76 194
76 200
77 4
77 5
77 6
77 11
77 12
77 15
77 19
77 29
77 30
77 32
77 37
77 38
77 41
77 43
77 46
77 48
77 49
77 50
77 51
77 53
77 61
77 62
77 65
77 66
77 68
77 71
77 74
77 76
77 81
77 82
77 84
77 88
77 91
77 92
77 93
77 94
77 97
77 98
77 99
77 102
77 103
77 104
77 106
77 107
77 111
77 115
77 117
77 121
77 123
77 125
77 128
77 130
77 135
77 136
77 137
77 138
77 140
77 141
77 142
77 145
77 151
77 153
77 154
77 155
77 156
77 161
77 163
77 167
77 168
77 174
77 175
77 176
77 180
77 183
77 199
77 200
78 6
78 9
78 16
78 17
78 25
78 27
78 34
78 37
78 38
78 41
78 43
78 47
78 49
78 50
78 54
78 56
78 57
78 62
78 63
78 65
78 72
78 73
78 75
78 77
78 78
78 79
78 80
78 81
78 88
78 94
78 96
78 98
78 101
78 103
78 106
78 107
78 109
78 111
78 112
78 114
78 115
78 119
78 121
78 123
78 124
78 125
78 127
78 128
78 131
78 138
78 142
78 147
78 151
78 153
78 158
78 159
78 161
78 162
78 164
78 166
78 168
78 169
78 174
78 178
78 193
78 196
78 197
78 200
79 3
79 5
79 8
79 10
79 14
79 15
79 19
79 21
79 22
79 27
79 28
79 29
79 30
79 34
79 36
79 37
79 41
79 42
79 44
79 45
79 46
79 49
79 52
79 53
79 54
79 56
79 57
79 60
79 61
79 63
79 64
79 65
79 68
79 69
79 70
79 71
79 74
79 79
79 82
79 84
79 85
79 87
79 88
79 89
79 91
79 94
79 104
79 107
79 109
79 110
79 115
79 116
79 117
79 119
79 122
79 130
79 131
79 135
79 136
79 138
79 139
79 141
79 142
79 144
79 148
79 153
79 159
79 160
79 165
79 167
79 177
79 179
79 181
79 184
79 186
79 195
79 196
79 197
79 199
80 4
80 7
80 8
80 9
80 10
80 15
80 16
80 19
80 21
80 22
80 24
80 25
80 27
80 28
80 32
80 34
80 35
80 38
80 44
80 45
80 46
80 47
80 48
80 52
80 53
80 55
80 60
80 63
80 64
80 65
80 66
80 67
80 69
80 70
80 72
80 75
80 76
80 83
80 84
80 85
80 86
80 89
80 90
80 91
80 94
80 100
80 101
80 103
80 105
80 107
80 108
80 113
80 115
80 118
80 124
80 126
80 127
80 129
80 130
80 135
80 141
80 143
80 144
80 146
80 149
80 150
80 151
80 152
80 153
80 154
80 156
80 160
80 163
80 165
80 168
80 169
80 170
80 172
80 173
80 174
80 177
80 180
80 184
80 185
80 186
80 187
80 188
80 189
80 190
80 191
80 197
80 198
80 199
81 3
81 10
81 11
81 17
81 18
81 19
81 20
81 22
81 28
81 30
81 31
81 43
81 44
81 48
81 49
81 50
81 55
81 56
81 67
81 68
81 69
81 71
81 72
81 73
81 76
81 77
81 81
81 83
81 86
81 89
81 93
81 98
81 101
81 104
81 110
81 115
81 117
81 119
81 120
81 121
81 122
81 125
81 129
81 131
81 134
81 135
81 137
81 138
81 140
81 141
81 142
81 143
81 144
81 145
81 147
81 148
81 149
81 150
81 151
81 156
81 159
81 160
81 162
81 163
81 164
81 169
81 171
81 175
81 182
81 184
81 188
81 190
81 191
81 195
81 196
81 197
81 198
81 199
81 200
82 2
82 8
82 9
82 12
82 13
82 14
82 16
82 21
82 22
82 23
82 28
82 29
82 30
82 34
82 36
82 38
82 45
82 46
82 48
82 51
82 52
82 55
82 57
82 59
82 60
82 62
82 63
82 64
82 65
82 66
82 74
82 76
82 77
82 79
82 83
82 85
82 89
82 90
82 92
82 95
82 100
82 101
82 104
82 108
82 109
82 110
82 112
82 114
82 115
82 116
82 117
82 120
82 121
82 122
82 129
82 131
82 142
82 144
82 145
82 149
82 150
82 154
82 161
82 162
82 163
82 165
82 167
82 169
82 172
82 174
82 175
82 177
82 179
82 181
82 182
82 185
82 187
82 191
82 192
82 194
82 195
82 196
82 198
82 199
83 1
83 3
83 9
83 10
83 11
83 14
83 15
83 17
83 18
83 26
83 28
83 29
83 30
83 31
83 35
83 36
83 39
83 41
83 42
83 45
83 49
83 50
83 54
83 55
83 58
83 59
83 60
83 62
83 64
83 66
83 67
83 69
83 70
83 71
83 75
83 76
83 80
83 88
83 92
83 98
83 103
83 108
83 112
83 113
83 114
83 115
83 117
83 118
83 126
83 128
83 129
83 130
83 139
83 141
83 146
83 149
83 153
83 154
83 155
83 163
83 164
83 165
83 167
83 174
83 175
83 178
83 180
83 184
83 185
83 188
83 189
83 191
83 192
83 193
83 195
83 196
83 197
83 200
84 2
84 4
84 7
84 8
84 15
84 22
84 23
84 30
84 35
84 41
84 43
84 44
84 46
84 48
84 54
84 56
84 57
84 58
84 60
84 62
84 63
84 64
84 68
84 73
84 74
84 76
84 77
84 79
84 83
84 85
84 86
84 90
84 91
84 96
84 98
84 101
84 104
84 106
84 107
84 109
84 111
84 113
84 116
84 119
84 120
84 124
84 125
84 133
84 138
84 139
84 140
84 141
84 142
84 146
84 147
84 150
84 157
84 158
84 159
84 161
84 162
84 164
84 165
84 167
84 168
84 169
84 170
84 172
84 175
84 176
84 177
84 179
84 181
84 182
84 184
84 186
84 187
84 190
84 191
84 192
84 197
84 198
84 199
84 200
85 1
85 4
85 9
85 17
85 20
85 21
85 27
85 28
85 29
85 31
85 33
85 35
85 37
85 38
85 40
85 41
85 43
85 45
85 46
85 47
85 49
85 50
85 54
85 57
85 60
85 69
85 71
85 73
85 74
85 77
85 81
85 83
85 93
85 94
85 98
85 99
85 101
85 102
85 104
85 105
85 113
85 117
85 123
85 124
85 130
85 135
85 137
85 138
85 139
85 140
85 142
85 147
85 148
85 151
85 152
85 153
85 157
85 158
85 159
85 162
85 166
85 173
85 179
85 180
85 182
85 184
85 188
85 196
85 197
86 4
86 9
86 11
86 13
86 15
86 16
86 17
86 19
86 21
86 22
86 24
86 28
86 29
86 30
86 35
86 37
86 38
86 39
86 43
86 44
86 46
86 47
86 48
86 50
86 52
86 54
86 56
86 60
86 61
86 63
86 68
86 69
86 71
86 80
86 81
86 82
86 85
86 86
86 88
86 89
86 99
86 100
86 104
86 106
86 110
86 112
86 113
86 114
86 124
86 125
86 131
86 132
86 133
86 137
86 139
86 142
86 143
86 144
86 145
86 147
86 148
86 149
86 154
86 156
86 159
86 160
86 162
86 163
86 164
86 165
86 168
86 170
86 172
86 176
86 177
86 179
86 180
86 181
86 182
86 183
86 185
86 186
86 188
86 189
86 193
86 197
86 198
86 199
87 7
87 9
87 12
87 15
87 17
87 20
87 21
87 22
87 23
87 27
87 28
87 29
87 31
87 36
87 40
87 42
87 43
87 45
87 46
87 50
87 51
87 52
87 55
87 56
87 63
87 67
87 69
87 71
87 72
87 73
87 74
87 80
87 81
87 85
87 87
87 88
87 89
87 94
87 97
87 98
87 100
87 102
87 105
87 110
87 114
87 115
87 116
87 123
87 125
87 126
87 127
87 128
87 130
87 131
87 132
87 136
87 137
87 139
87 141
87 144
87 145
87 147
87 148
87 150
87 155
87 159
87 160
87 163
87 166
87 167
87 172
87 173
87 175
87 176
87 177
87 178
87 180
87 182
87 184
87 185
87 186
87 187
87 190
87 193
87 199
88 1
88 3
88 5
88 6
88 7
88 10
88 11
88 15
88 16
88 17
88 18
88 25
88 27
88 32
88 35
88 38
88 42
88 45
88 46
88 47
88 48
88 49
88 56
88 57
88 62
88 63
88 66
88 68
88 69
88 71
88 77
88 79
88 80
88 82
88 86
88 87
88 90
88 91
88 95
88 97
88 103
88 107
88 111
88 112
88 123
88 126
88 127
88 128
88 130
88 131
88 135
88 138
88 139
88 143
88 145
88 151
88 153
88 155
88 160
88 162
88 163
88 164
88 167
88 169
88 170
88 172
88 180
88 181
88 187
88 188
88 189
88 192
88 194
88 197
88 198
88 200
89 1
89 5
89 9
89 11
89 13
89 16
89 17
89 18
89 23
89 26
89 31
89 32
89 33
89 35
89 36
89 37
89 45
89 46
89 48
89 51
89 53
89 54
89 56
89 58
89 61
89 63
89 69
89 75
89 77
89 79
89 80
89 81
89 82
89 86
89 88
89 91
89 95
89 98
89 106
89 108
89 114
89 115
89 119
89 121
89 122
89 123
89 129
89 131
89 135
89 137
89 138
89 140
89 143
89 145
89 146
89 148
89 149
89 151
89 159
89 166
89 167
89 172
89 173
89 174
89 177
89 179
89 187
89 188
89 189
89 191
89 193
89 194
89 197
89 198
89 199
90 1
90 2
90 8
90 17
90 22
90 26
90 31
90 34
90 37
90 41
90 48
90 49
90 54
90 57
90 58
90 59
90 65
90 67
90 73
90 74
90 75
90 76
90 81
90 82
90 83
90 84
90 86
90 90
90 92
90 96
90 99
90 101
90 107
90 108
90 109
90 112
90 114
90 115
90 117
90 119
90 121
90 123
90 124
90 125
90 126
90 128
90 129
90 132
90 133
90 136
90 137
90 138
90 142
90 147
90 148
90 149
90 151
90 153
90 157
90 161
90 163
90 164
90 167
90 168
90 169
90 172
90 174
90 177
90 179
90 182
90 184
90 186
90 189
90 190
90 191
90 192
90 195
90 196
90 200
91 3
91 4
91 5
91 6
91 9
91 11
91 13
91 14
91 15
91 16
91 17
91 18
91 21
91 26
91 30
91 31
91 32
91 34
91 35
91 38
91 39
91 42
91 43
91 45
91 46
91 48
91 49
91 52
91 56
91 59
91 60
91 61
91 62
91 63
91 65
91 66
91 67
91 69
91 71
91 76
91 79
91 80
91 81
91 91
91 94
91 96
91 99
91 101
91 102
91 103
91 104
91 112
91 113
91 122
91 125
91 127
91 129
91 131
91 132
91 137
91 138
91 141
91 142
91 146
91 147
91 148
91 149
91 153
91 154
91 155
91 163
91 165
91 166
91 168
91 170
91 172
91 176
91 179
91 183
91 184
91 187
91 188
91 193
91 195
91 197
91 198
91 199
91 200
92 2
92 4
92 7
92 9
92 11
92 16
92 17
92 18
92 20
92 23
92 24
92 27
92 29
92 31
92 34
92 38
92 40
92 41
92 43
92 44
92 46
92 50
92 52
92 54
92 56
92 58
92 65
92 71
92 73
92 74
92 75
92 77
92 79
92 82
92 84
92 87
92 93
92 94
92 98
92 104
92 105
92 106
92 107
92 108
92 109
92 110
92 112
92 113
92 117
92 118
92 120
92 122
92 126
92 128
92 129
92 131
92 133
92 135
92 136
92 138
92 140
92 141
92 142
92 143
92 144
92 146
92 148
92 150
92 155
92 157
92 158
92 159
92 160
92 167
92 169
92 170
92 171
92 175
92 177
92 180
92 181
92 185
92 187
92 188
92 190
92 191
92 192
92 193
92 197
92 198
92 199
92 200
93 1
93 8
93 11
93 13
93 15
93 22
93 25
93 27
93 35
93 36
93 39
93 40
93 47
93 48
93 49
93 50
93 55
93 57
93 58
93 59
93 62
93 63
93 65
93 68
93 71
93 72
93 73
93 75
93 79
93 80
93 82
93 88
93 91
93 92
93 94
93 95
93 98
93 100
93 101
93 102
93 103
93 104
93 107
93 108
93 109
93 110
93 112
93 115
93 116
93 118
93 121
93 123
93 124
93 125
93 126
93 128
93 129
93 131
93 136
93 137
93 138
93 139
93 143
93 145
93 146
93 148
93 150
93 155
93 156
93 157
93 163
93 164
93 165
93 166
93 167
93 174
93 177
93 181
93 183
93 185
93 193
93 196
93 197
93 198
93 199
94 1
94 3
94 4
94 6
94 10
94 12
94 16
94 20
94 21
94 23
94 25
94 29
94 30
94 32
94 33
94 37
94 39
94 40
94 44
94 46
94 47
94 48
94 53
94 54
94 55
94 57
94 59
94 62
94 64
94 66
94 70
94 73
94 75
94 77
94 81
94 82
94 87
94 90
94 99
94 101
94 102
94 103
94 105
94 106
94 109
94 110
94 111
94 113
94 115
94 117
94 118
94 123
94 126
94 128
94 130
94 132
94 133
94 135
94 137
94 141
94 142
94 145
94 146
94 148
94 149
94 151
94 158
94 161
94 164
94 165
94 166
94 167
94 168
94 169
94 172
94 173
94 174
94 178
94 179
94 180
94 183
94 188
94 191
94 195
94 196
94 197
94 200
95 1
95 4
95 5
95 6
95 7
95 8
95 9
95 11
95 16
95 17
95 18
95 25
95 27
95 29
95 34
95 37
95 38
95 39
95 42
95 44
95 47
95 48
95 56
95 59
95 62
95 67
95 68
95 72
95 74
95 79
95 85
95 86
95 88
95 89
95 91
95 99
95 102
95 105
95 106
95 107
95 108
95 109
95 115
95 116
95 135
95 136
95 138
95 139
95 145
95 148
95 149
95 150
95 153
95 158
95 164
95 171
95 172
95 173
95 175
95 178
95 179
95 181
95 183
95 184
95 187
95 188
95 190
95 191
95 192
95 193
95 196
95 197
95 198
95 200
96 1
96 8
96 10
96 16
96 18
96 24
96 26
96 27
96 28
96 31
96 34
96 35
96 36
96 38
96 39
96 41
96 42
96 44
96 45
96 48
96 50
96 51
96 52
96 55
96 56
96 57
96 62
96 64
96 67
96 70
96 71
96 74
96 78
96 80
96 83
96 84
96 85
96 92
96 93
96 94
96 97
96 98
96 101
96 104
96 115
96 116
96 117
96 120
96 121
96 126
96 128
96 129
96 130
96 131
96 134
96 135
96 141
96 143
96 146
96 152
96 155
96 159
96 163
96 164
96 165
96 171
96 174
96 181
96 186
96 189
96 192
96 194
96 195
96 196
96 197
96 200
97 2
97 5
97 6
97 8
97 9
97 12
97 13
97 17
97 21
97 23
97 25
97 26
97 34
97 36
97 37
97 38
97 40
97 41
97 43
97 44
97 45
97 54
97 63
97 68
97 70
97 71
97 75
97 76
97 77
97 78
97 83
97 90
97 92
97 98
97 99
97 101
97 102
97 104
97 105
97 108
97 110
97 113
97 116
97 120
97 121
97 123
97 131
97 132
97 133
97 135
97 140
97 141
97 142
97 143
97 144
97 145
97 146
97 150
97 153
97 154
97 158
97 159
97 161
97 165
97 166
97 167
97 168
97 171
97 172
97 174
97 178
97 180
97 181
97 190
97 191
97 192
97 195
97 196
97 198
97 200
98 1
98 2
98 5
98 6
98 11
98 12
98 15
98 28
98 30
98 33
98 37
98 39
98 42
98 46
98 47
98 48
98 51
98 52
98 53
98 55
98 56
98 60
98 61
98 62
98 64
98 65
98 68
98 70
98 75
98 78
98 84
98 87
98 88
98 92
98 98
98 99
98 100
98 104
98 111
98 113
98 114
98 116
98 117
98 127
98 130
98 131
98 132
98 134
98 145
98 146
98 150
98 151
98 152
98 155
98 158
98 159
98 161
98 163
98 164
98 165
98 168
98 169
98 173
98 176
98 177
98 181
98 182
98 183
98 184
98 186
98 188
98 191
98 194
99 1
99 2
99 5
99 7
99 10
99 13
99 14
99 17
99 20
99 22
99 23
99 28
99 30
99 33
99 34
99 35
99 37
99 39
99 41
99 42
99 43
99 46
99 48
99 56
99 58
99 61
99 64
99 67
99 72
99 74
99 75
99 77
99 79
99 80
99 83
99 88
99 89
99 90
99 91
99 93
99 95
99 98
99 104
99 106
99 108
99 110
99 112
99 116
99 121
99 124
99 125
99 128
99 130
99 131
99 133
99 134
99 144
99 145
99 148
99 151
99 155
99 157
99 159
99 160
99 168
99 170
99 171
99 175
99 178
99 180
99 181
99 185
99 186
99 187
99 188
99 189
99 191
99 194
99 196
99 200
100 1
100 2
100 4
100 6
100 7
100 9
100 10
100 16
100 17
100 21
100 22
100 23
100 32
100 33
100 37
100 39
100 40
100 41
100 45
100 49
100 52
100 57
100 58
100 59
100 62
100 63
100 65
100 73
100 74
100 79
100 80
100 82
100 83
100 85
100 86
100 92
100 95
100 96
100 98
100 99
100 108
100 109
100 110
100 111
100 112
100 116
100 118
100 120
100 121
100 126
100 128
100 131
100 132
100 137
100 138
100 140
100 141
100 143
100 145
100 149
100 151
100 152
100 156
100 160
100 162
100 163
100 165
100 166
100 167
100 169
100 171
100 173
100 174
100 175
100 178
100 183
100 184
100 185
100 188
100 189
100 190
100 191
100 192
100 197
100 198
