150 200 33 30 6017
1 4
1 7
1 9
1 12
1 15
1 16
1 19
1 22
1 26
1 27
1 30
1 39
1 42
1 43
1 48
1 50
1 54
1 57
1 69
1 70
1 73
1 75
1 77
1 81
1 83
1 86
1 88
1 93
1 98
1 109
1 111
1 112
1 115
1 120
1 123
1 126
1 130
1 135
1 142
1 148
1 156
1 157
1 158
1 160
1 165
1 169
1 176
1 180
1 182
1 191
1 199
2 3
2 4
2 13
2 20
2 23
2 27
2 30
2 35
2 44
2 50
2 79
2 88
2 92
2 98
2 108
2 110
2 113
2 121
2 123
2 124
2 125
2 126
2 129
2 130
2 131
2 132
2 136
2 141
2 143
2 145
2 146
2 147
2 155
2 172
2 175
2 179
2 184
2 185
2 186
2 193
2 198
3 4
3 5
3 9
3 12
3 14
3 17
3 20
3 21
3 23
3 28
3 31
3 35
3 39
3 40
3 41
3 42
3 43
3 49
3 51
3 53
3 67
3 69
3 76
3 85
3 103
3 109
3 110
3 113
3 115
3 116
3 121
3 124
3 125
3 127
3 134
3 135
3 155
3 156
3 159
3 161
3 164
3 168
3 170
3 173
3 182
3 192
3 194
3 195
3 196
3 198
4 5
4 13
4 14
4 21
4 28
4 29
4 33
4 41
4 43
4 44
4 46
4 49
4 50
4 57
4 58
4 61
4 68
4 72
4 73
4 79
4 80
4 94
4 95
4 97
4 112
4 119
4 125
4 126
4 139
4 141
4 144
4 148
4 151
4 152
4 156
4 158
4 175
4 177
4 189
4 192
5 12
5 13
5 17
5 21
5 27
5 28
5 32
5 34
5 43
5 46
5 49
5 59
5 66
5 67
5 68
5 70
5 78
5 79
5 82
5 87
5 129
5 148
5 149
5 150
5 155
5 158
5 164
5 166
5 174
5 176
5 187
5 192
5 193
5 196
6 3
6 4
6 5
6 15
6 16
6 18
6 20
6 31
6 32
6 39
6 40
6 41
6 47
6 53
6 56
6 60
6 67
6 68
6 70
6 74
6 76
6 79
6 87
6 88
6 90
6 100
6 102
6 123
6 126
6 131
6 133
6 134
6 135
6 140
6 150
6 153
6 154
6 155
6 157
6 164
6 170
6 179
6 181
6 183
6 185
6 187
6 188
6 190
6 193
6 194
6 195
7 2
7 6
7 17
7 20
7 26
7 31
7 35
7 37
7 39
7 48
7 60
7 63
7 68
7 70
7 72
7 88
7 93
7 96
7 102
7 103
7 105
7 127
7 128
7 134
7 135
7 141
7 149
7 154
7 160
7 178
7 181
7 187
8 4
8 8
8 16
8 18
8 21
8 22
8 24
8 35
8 40
8 46
8 50
8 55
8 75
8 79
8 84
8 92
8 94
8 97
8 103
8 105
8 109
8 114
8 117
8 119
8 123
8 127
8 130
8 132
8 134
8 144
8 148
8 156
8 160
8 161
8 167
8 168
8 175
8 176
8 190
8 194
9 3
9 6
9 13
9 21
9 23
9 30
9 32
9 47
9 61
9 66
9 68
9 69
9 72
9 76
9 79
9 90
9 101
9 102
9 104
9 106
9 107
9 117
9 128
9 136
9 139
9 159
9 161
9 178
9 184
9 185
9 188
10 3
10 4
10 10
10 20
10 26
10 31
10 37
10 42
10 43
10 44
10 59
10 61
10 65
10 73
10 77
10 79
10 84
10 92
10 104
10 111
10 112
10 119
10 124
10 132
10 137
10 139
10 156
10 157
10 158
10 167
10 171
10 180
10 195
11 9
11 12
11 24
11 34
11 41
11 43
11 44
11 50
11 54
11 58
11 64
11 70
11 75
11 76
11 108
11 111
11 115
11 122
11 127
11 137
11 139
11 141
11 148
11 150
11 155
11 158
11 159
11 160
11 163
11 165
11 167
11 168
11 170
11 172
11 187
11 191
11 192
11 194
12 2
12 11
12 13
12 17
12 19
12 29
12 30
12 36
12 45
12 46
12 49
12 53
12 56
12 57
12 63
12 68
12 76
12 83
12 86
12 88
12 90
12 93
12 120
12 121
12 126
12 142
12 147
12 154
12 160
12 163
12 172
12 177
12 178
12 186
12 188
12 191
13 1
13 3
13 5
13 13
13 16
13 17
13 21
13 24
13 26
13 27
13 29
13 30
13 31
13 32
13 34
13 38
13 44
13 45
13 52
13 54
13 57
13 61
13 76
13 82
13 86
13 87
13 89
13 99
13 110
13 123
13 124
13 127
13 139
13 145
13 149
13 152
13 156
13 163
13 164
13 169
13 173
13 174
13 176
13 179
13 183
13 185
13 187
14 1
14 2
14 12
14 15
14 21
14 26
14 33
14 36
14 46
14 55
14 60
14 63
14 67
14 74
14 78
14 82
14 83
14 88
14 91
14 94
14 95
14 98
14 101
14 109
14 111
14 121
14 130
14 132
14 133
14 137
14 150
14 153
14 154
14 159
14 164
14 168
14 171
14 173
14 175
14 187
14 188
14 197
14 198
15 1
15 16
15 21
15 23
15 37
15 46
15 48
15 51
15 56
15 59
15 69
15 79
15 86
15 88
15 91
15 92
15 97
15 98
15 110
15 112
15 124
15 127
15 131
15 132
15 143
15 149
15 156
15 157
15 162
15 163
15 170
15 171
15 173
15 181
15 183
15 186
15 187
15 188
15 189
15 191
15 194
16 4
16 6
16 15
16 16
16 18
16 20
16 24
16 26
16 37
16 44
16 64
16 66
16 72
16 78
16 81
16 85
16 91
16 94
16 107
16 109
16 111
16 117
16 119
16 126
16 127
16 128
16 130
16 138
16 145
16 147
16 149
16 151
16 153
16 154
16 159
16 162
16 168
16 177
16 183
16 186
16 190
16 197
16 200
17 1
17 2
17 3
17 4
17 15
17 20
17 28
17 34
17 37
17 43
17 45
17 47
17 51
17 53
17 67
17 71
17 76
17 78
17 85
17 90
17 98
17 103
17 104
17 116
17 117
17 120
17 121
17 133
17 135
17 139
17 152
17 155
17 156
17 165
17 166
17 168
17 171
17 187
17 189
17 193
17 196
17 197
18 7
18 9
18 22
18 34
18 37
18 42
18 43
18 55
18 60
18 61
18 62
18 65
18 71
18 73
18 74
18 78
18 91
18 93
18 98
18 102
18 109
18 119
18 124
18 126
18 130
18 133
18 135
18 137
18 140
18 141
18 143
18 149
18 151
18 152
18 154
18 158
18 161
18 162
18 164
18 177
18 184
18 190
18 197
18 199
19 1
19 2
19 4
19 8
19 12
19 20
19 21
19 23
19 29
19 33
19 35
19 50
19 51
19 56
19 64
19 72
19 78
19 79
19 83
19 84
19 87
19 91
19 93
19 96
19 97
19 102
19 106
19 116
19 121
19 123
19 124
19 128
19 143
19 144
19 147
19 148
19 154
19 158
19 166
19 170
19 172
19 177
19 178
19 180
19 190
19 192
19 193
19 198
19 199
20 3
20 4
20 11
20 12
20 13
20 19
20 29
20 31
20 35
20 36
20 42
20 46
20 49
20 58
20 75
20 89
20 95
20 105
20 108
20 113
20 116
20 121
20 122
20 127
20 128
20 129
20 134
20 135
20 139
20 143
20 145
20 149
20 157
20 161
20 163
20 164
20 165
20 166
20 168
20 174
20 181
20 184
20 191
20 199
21 5
21 6
21 14
21 23
21 29
21 33
21 40
21 45
21 50
21 52
21 55
21 68
21 81
21 84
21 92
21 94
21 95
21 103
21 105
21 111
21 118
21 119
21 120
21 121
21 130
21 135
21 147
21 158
21 159
21 160
21 165
21 167
21 172
21 177
21 179
21 188
21 191
21 192
21 195
21 196
22 7
22 9
22 14
22 16
22 23
22 24
22 29
22 32
22 34
22 37
22 39
22 41
22 45
22 56
22 57
22 58
22 60
22 62
22 67
22 69
22 72
22 77
22 81
22 83
22 99
22 102
22 103
22 117
22 118
22 121
22 122
22 123
22 126
22 127
22 130
22 153
22 156
22 158
22 159
22 163
22 168
22 176
22 180
22 185
22 187
22 188
22 191
23 2
23 8
23 9
23 15
23 16
23 26
23 30
23 38
23 42
23 45
23 46
23 55
23 60
23 62
23 64
23 65
23 69
23 73
23 77
23 91
23 106
23 108
23 113
23 120
23 123
23 127
23 129
23 131
23 137
23 138
23 139
23 142
23 153
23 155
23 158
23 160
23 161
23 168
23 171
23 183
23 184
23 188
23 190
23 196
24 6
24 11
24 12
24 32
24 33
24 34
24 37
24 48
24 51
24 52
24 56
24 68
24 72
24 74
24 76
24 83
24 86
24 89
24 95
24 96
24 110
24 116
24 118
24 120
24 126
24 128
24 131
24 134
24 151
24 152
24 158
24 174
24 181
24 189
24 194
24 198
25 5
25 23
25 27
25 29
25 34
25 38
25 39
25 51
25 59
25 63
25 76
25 77
25 81
25 91
25 93
25 102
25 105
25 113
25 114
25 115
25 117
25 132
25 135
25 139
25 151
25 172
25 173
25 194
26 9
26 10
26 13
26 17
26 20
26 23
26 30
26 38
26 47
26 58
26 60
26 62
26 64
26 71
26 72
26 74
26 77
26 90
26 91
26 92
26 95
26 101
26 102
26 103
26 109
26 110
26 116
26 117
26 135
26 141
26 151
26 156
26 157
26 162
26 168
26 172
26 178
26 188
26 198
27 1
27 7
27 8
27 9
27 10
27 11
27 24
27 30
27 31
27 38
27 47
27 50
27 52
27 67
27 69
27 73
27 74
27 77
27 78
27 88
27 94
27 95
27 97
27 100
27 101
27 103
27 108
27 112
27 113
27 118
27 130
27 136
27 146
27 163
27 170
27 183
27 189
27 190
27 195
28 3
28 5
28 8
28 11
28 12
28 13
28 32
28 34
28 43
28 46
28 48
28 54
28 55
28 61
28 63
28 67
28 76
28 78
28 80
28 84
28 98
28 108
28 130
28 133
28 136
28 142
28 147
28 149
28 158
28 165
28 171
28 173
28 181
28 191
28 200
29 2
29 4
29 6
29 11
29 23
29 25
29 30
29 34
29 43
29 46
29 50
29 51
29 52
29 55
29 63
29 64
29 65
29 70
29 74
29 77
29 85
29 88
29 95
29 99
29 119
29 121
29 131
29 135
29 145
29 159
29 161
29 165
29 167
29 173
29 176
29 177
29 181
29 183
29 188
29 191
29 192
29 197
30 6
30 8
30 21
30 26
30 38
30 40
30 41
30 44
30 50
30 55
30 62
30 71
30 73
30 83
30 85
30 92
30 95
30 98
30 99
30 100
30 101
30 116
30 122
30 124
30 129
30 132
30 135
30 136
30 137
30 139
30 143
30 155
30 162
30 170
30 188
30 192
30 193
31 8
31 11
31 13
31 15
31 17
31 20
31 24
31 27
31 31
31 33
31 34
31 36
31 42
31 43
31 50
31 57
31 58
31 62
31 65
31 82
31 84
31 90
31 91
31 93
31 97
31 100
31 104
31 109
31 122
31 128
31 142
31 148
31 156
31 157
31 165
31 170
31 181
31 185
31 186
31 188
31 190
31 194
32 2
32 12
32 21
32 31
32 34
32 45
32 57
32 65
32 67
32 87
32 92
32 93
32 94
32 98
32 99
32 103
32 107
32 110
32 117
32 121
32 122
32 126
32 135
32 138
32 139
32 143
32 155
32 157
32 170
32 171
32 172
32 173
32 174
32 184
32 185
32 189
32 195
32 200
34 1
34 12
34 13
34 15
34 24
34 27
34 28
34 44
34 50
34 52
34 60
34 69
34 72
34 76
34 79
34 84
34 90
34 94
34 96
34 107
34 112
34 118
34 123
34 128
34 130
34 131
34 132
34 133
34 137
34 150
34 151
34 153
34 162
34 166
34 173
34 183
34 188
34 191
34 197
35 8
35 12
35 21
35 24
35 28
35 32
35 34
35 37
35 40
35 48
35 55
35 61
35 66
35 70
35 84
35 107
35 109
35 114
35 115
35 137
35 145
35 149
35 150
35 156
35 160
35 167
35 169
35 172
35 176
35 180
35 183
35 186
35 187
35 192
35 193
35 196
35 199
36 2
36 7
36 8
36 9
36 17
36 19
36 20
36 24
36 32
36 33
36 36
36 38
36 40
36 43
36 44
36 48
36 54
36 57
36 62
36 65
36 67
36 68
36 75
36 87
36 89
36 90
36 103
36 104
36 106
36 110
36 115
36 125
36 128
36 129
36 136
36 139
36 145
36 147
36 149
36 158
36 163
36 170
36 171
36 174
36 176
36 184
36 185
36 190
36 199
37 1
37 4
37 8
37 19
37 23
37 40
37 48
37 56
37 59
37 66
37 72
37 74
37 81
37 84
37 85
37 90
37 94
37 100
37 101
37 107
37 113
37 126
37 128
37 134
37 135
37 137
37 144
37 150
37 155
37 165
37 176
37 179
37 184
37 191
38 24
38 27
38 29
38 32
38 33
38 34
38 41
38 53
38 54
38 65
38 67
38 70
38 73
38 77
38 85
38 86
38 90
38 91
38 97
38 99
38 100
38 101
38 108
38 109
38 124
38 131
38 135
38 136
38 144
38 145
38 146
38 152
38 166
38 168
38 171
38 187
38 195
39 2
39 23
39 28
39 41
39 49
39 56
39 59
39 60
39 71
39 73
39 79
39 80
39 85
39 91
39 93
39 108
39 109
39 116
39 121
39 132
39 135
39 136
39 139
39 143
39 144
39 159
39 165
39 167
39 177
39 178
39 183
39 187
39 189
39 191
39 192
39 195
40 9
40 14
40 19
40 24
40 26
40 28
40 34
40 40
40 47
40 59
40 66
40 67
40 70
40 88
40 91
40 92
40 95
40 97
40 99
40 100
40 110
40 122
40 126
40 128
40 129
40 142
40 145
40 148
40 149
40 155
40 166
40 167
40 172
40 198
40 200
41 8
41 9
41 36
41 37
41 39
41 40
41 42
41 50
41 52
41 58
41 59
41 66
41 69
41 72
41 75
41 76
41 81
41 87
41 91
41 93
41 103
41 110
41 113
41 116
41 119
41 120
41 126
41 134
41 141
41 145
41 155
41 156
41 167
41 176
41 179
41 182
41 183
41 187
41 189
41 196
42 5
42 6
42 7
42 9
42 11
42 16
42 22
42 24
42 25
42 31
42 35
42 36
42 63
42 64
42 66
42 67
42 70
42 71
42 85
42 94
42 100
42 101
42 105
42 106
42 109
42 111
42 115
42 117
42 121
42 122
42 123
42 130
42 135
42 141
42 144
42 148
42 154
42 158
42 164
42 169
42 170
42 173
42 184
42 185
42 186
42 188
42 189
42 193
43 2
43 5
43 13
43 20
43 32
43 38
43 42
43 46
43 48
43 52
43 54
43 60
43 61
43 63
43 64
43 73
43 82
43 93
43 97
43 99
43 100
43 103
43 104
43 106
43 107
43 123
43 124
43 130
43 132
43 143
43 146
43 155
43 158
43 159
43 160
43 165
43 166
43 170
43 171
43 172
43 176
43 186
43 192
43 200
44 1
44 3
44 4
44 7
44 19
44 28
44 38
44 42
44 44
44 48
44 67
44 70
44 82
44 91
44 96
44 98
44 102
44 103
44 105
44 106
44 118
44 120
44 122
44 130
44 138
44 142
44 146
44 166
44 172
44 176
44 177
44 186
45 3
45 6
45 13
45 14
45 15
45 21
45 22
45 24
45 29
45 31
45 39
45 42
45 45
45 68
45 69
45 74
45 76
45 85
45 86
45 98
45 101
45 114
45 119
45 123
45 130
45 138
45 140
45 149
45 157
45 160
45 166
45 169
45 172
45 173
45 178
46 3
46 4
46 8
46 13
46 14
46 17
46 20
46 28
46 38
46 39
46 40
46 42
46 48
46 49
46 55
46 56
46 58
46 63
46 66
46 67
46 76
46 83
46 87
46 91
46 101
46 104
46 110
46 112
46 122
46 131
46 134
46 135
46 142
46 143
46 146
46 148
46 164
46 170
46 171
46 175
46 178
46 181
46 184
46 188
46 191
46 192
46 197
47 2
47 11
47 21
47 24
47 29
47 31
47 32
47 35
47 52
47 56
47 61
47 62
47 65
47 66
47 68
47 73
47 85
47 86
47 88
47 90
47 96
47 97
47 107
47 108
47 115
47 118
47 120
47 131
47 136
47 140
47 143
47 148
47 149
47 151
47 155
47 160
47 161
47 165
47 166
47 167
47 175
47 183
47 196
48 2
48 3
48 14
48 16
48 25
48 30
48 37
48 38
48 40
48 46
48 47
48 53
48 55
48 56
48 58
48 66
48 70
48 74
48 75
48 79
48 82
48 94
48 98
48 111
48 117
48 124
48 125
48 127
48 128
48 131
48 134
48 139
48 140
48 142
48 144
48 146
48 169
48 176
48 178
48 188
48 189
48 192
48 193
48 195
48 197
48 198
49 1
49 7
49 12
49 19
49 23
49 26
49 37
49 38
49 45
49 47
49 53
49 70
49 75
49 78
49 79
49 81
49 87
49 98
49 99
49 104
49 109
49 111
49 112
49 119
49 132
49 141
49 144
49 149
49 185
49 188
50 4
50 7
50 12
50 14
50 15
50 18
50 20
50 38
50 39
50 41
50 48
50 50
50 51
50 53
50 65
50 71
50 76
50 82
50 90
50 92
50 93
50 94
50 95
50 97
50 98
50 108
50 112
50 120
50 131
50 133
50 134
50 136
50 138
50 150
50 154
50 160
50 163
50 166
50 167
50 172
50 178
50 180
50 193
50 194
50 195
50 198
51 13
51 18
51 19
51 22
51 26
51 37
51 38
51 41
51 42
51 45
51 56
51 60
51 66
51 68
51 75
51 77
51 88
51 95
51 100
51 104
51 108
51 110
51 123
51 125
51 127
51 129
51 144
51 148
51 157
51 160
51 163
51 164
51 170
51 172
51 173
51 177
51 181
51 183
51 186
51 189
51 190
51 193
52 4
52 6
52 8
52 14
52 35
52 45
52 46
52 47
52 54
52 56
52 58
52 61
52 62
52 63
52 65
52 68
52 73
52 89
52 92
52 102
52 103
52 107
52 112
52 122
52 126
52 127
52 129
52 130
52 131
52 152
52 167
52 168
52 178
52 181
52 185
52 198
52 199
53 12
53 17
53 18
53 21
53 25
53 26
53 28
53 34
53 40
53 42
53 55
53 59
53 62
53 70
53 71
53 73
53 81
53 89
53 98
53 113
53 123
53 131
53 142
53 151
53 153
53 155
53 157
53 159
53 171
53 174
53 177
53 187
53 192
53 198
53 199
54 3
54 7
54 12
54 14
54 15
54 19
54 24
54 26
54 28
54 31
54 34
54 51
54 52
54 56
54 60
54 62
54 66
54 71
54 73
54 77
54 78
54 89
54 90
54 94
54 96
54 98
54 103
54 108
54 115
54 117
54 122
54 127
54 141
54 149
54 154
54 156
54 164
54 168
54 171
54 173
54 178
54 180
54 183
54 188
54 190
55 1
55 9
55 19
55 24
55 25
55 31
55 36
55 38
55 40
55 43
55 53
55 54
55 60
55 62
55 65
55 70
55 72
55 73
55 76
55 77
55 82
55 89
55 92
55 95
55 104
55 114
55 115
55 117
55 124
55 140
55 147
55 162
55 166
55 168
55 174
55 182
55 195
55 197
56 2
56 3
56 4
56 9
56 14
56 15
56 18
56 20
56 22
56 30
56 48
56 49
56 50
56 62
56 64
56 68
56 71
56 75
56 80
56 82
56 92
56 95
56 105
56 106
56 108
56 114
56 121
56 129
56 130
56 133
56 137
56 149
56 151
56 158
56 161
56 162
56 165
56 168
56 169
56 171
56 179
56 186
56 192
57 6
57 8
57 11
57 13
57 16
57 24
57 30
57 33
57 40
57 41
57 45
57 49
57 50
57 51
57 52
57 53
57 62
57 76
57 85
57 86
57 91
57 98
57 100
57 127
57 130
57 131
57 134
57 141
57 142
57 143
57 145
57 147
57 151
57 152
57 153
57 154
57 172
57 177
57 179
57 180
57 182
57 184
57 188
57 189
57 198
57 200
58 4
58 6
58 8
58 17
58 19
58 22
58 24
58 29
58 31
58 33
58 36
58 43
58 44
58 45
58 46
58 48
58 52
58 53
58 68
58 69
58 87
58 94
58 99
58 108
58 120
58 121
58 122
58 129
58 135
58 138
58 148
58 151
58 154
58 162
58 167
58 168
58 169
58 170
58 173
58 181
58 182
58 190
58 192
58 197
58 200
59 4
59 5
59 7
59 8
59 12
59 13
59 22
59 31
59 33
59 37
59 39
59 45
59 48
59 50
59 57
59 59
59 61
59 67
59 77
59 82
59 83
59 94
59 95
59 98
59 107
59 111
59 122
59 123
59 135
59 137
59 139
59 145
59 148
59 163
59 165
59 171
59 178
59 180
59 184
59 190
60 2
60 10
60 11
60 26
60 28
60 32
60 49
60 61
60 66
60 68
60 69
60 75
60 77
60 78
60 85
60 93
60 103
60 109
60 116
60 120
60 125
60 131
60 138
60 139
60 141
60 143
60 146
60 148
60 149
60 155
60 162
60 173
60 176
60 179
60 182
60 187
60 190
60 193
60 197
60 198
61 4
61 16
61 22
61 26
61 30
61 38
61 44
61 52
61 55
61 57
61 61
61 75
61 77
61 79
61 82
61 93
61 105
61 106
61 108
61 131
61 137
61 142
61 144
61 146
61 147
61 151
61 161
61 163
61 172
61 173
61 181
61 198
62 2
62 4
62 8
62 13
62 19
62 20
62 26
62 29
62 32
62 33
62 37
62 44
62 53
62 55
62 56
62 62
62 65
62 71
62 72
62 78
62 81
62 83
62 88
62 104
62 105
62 110
62 114
62 120
62 121
62 123
62 140
62 143
62 151
62 157
62 161
62 162
62 178
62 184
62 193
62 196
63 2
63 4
63 5
63 10
63 11
63 19
63 20
63 22
63 23
63 38
63 43
63 47
63 61
63 62
63 71
63 73
63 76
63 77
63 78
63 84
63 92
63 93
63 113
63 119
63 129
63 131
63 142
63 143
63 154
63 158
63 162
63 166
63 167
63 169
63 171
63 174
63 176
63 179
63 192
63 199
64 5
64 17
64 21
64 22
64 25
64 34
64 42
64 43
64 64
64 67
64 72
64 74
64 80
64 86
64 89
64 94
64 99
64 103
64 107
64 108
64 109
64 111
64 113
64 115
64 116
64 117
64 118
64 122
64 126
64 132
64 134
64 135
64 138
64 144
64 145
64 146
64 147
64 154
64 159
64 160
64 171
64 172
64 182
65 14
65 15
65 16
65 18
65 26
65 31
65 34
65 35
65 43
65 69
65 71
65 96
65 101
65 105
65 117
65 118
65 120
65 125
65 131
65 139
65 143
65 144
65 147
65 150
65 152
65 153
65 158
65 168
65 175
65 176
65 180
65 181
65 183
65 194
65 195
65 199
66 36
66 38
66 47
66 56
66 59
66 68
66 69
66 73
66 76
66 77
66 85
66 88
66 92
66 99
66 105
66 112
66 115
66 121
66 126
66 131
66 134
66 136
66 139
66 145
66 146
66 148
66 150
66 155
66 161
66 168
66 172
66 173
66 177
66 185
66 190
66 196
67 2
67 5
67 7
67 9
67 10
67 11
67 17
67 19
67 28
67 29
67 43
67 48
67 51
67 53
67 62
67 64
67 69
67 72
67 80
67 81
67 82
67 91
67 92
67 96
67 100
67 101
67 109
67 115
67 119
67 123
67 127
67 129
67 140
67 144
67 147
67 152
67 157
67 165
67 167
67 169
67 175
67 186
67 188
67 189
67 194
67 197
68 3
68 9
68 12
68 13
68 14
68 18
68 19
68 25
68 32
68 35
68 37
68 40
68 41
68 43
68 47
68 50
68 53
68 63
68 65
68 69
68 70
68 73
68 75
68 92
68 96
68 97
68 100
68 105
68 106
68 111
68 113
68 118
68 125
68 131
68 134
68 135
68 136
68 137
68 147
68 150
68 151
68 155
68 156
68 162
68 167
68 169
68 170
68 171
68 175
68 191
68 194
68 197
68 198
69 14
69 15
69 18
69 29
69 31
69 36
69 42
69 45
69 46
69 52
69 56
69 60
69 67
69 69
69 70
69 75
69 90
69 91
69 95
69 96
69 102
69 106
69 108
69 112
69 116
69 124
69 137
69 144
69 146
69 148
69 152
69 171
69 179
69 187
69 196
70 3
70 4
70 7
70 18
70 39
70 42
70 49
70 51
70 53
70 67
70 76
70 82
70 91
70 101
70 105
70 118
70 125
70 127
70 133
70 136
70 159
70 162
70 164
70 166
70 167
70 172
70 176
70 180
70 181
70 194
70 196
70 198
71 3
71 4
71 8
71 12
71 13
71 17
71 19
71 26
71 34
71 35
71 42
71 43
71 45
71 60
71 82
71 83
71 84
71 89
71 90
71 91
71 102
71 103
71 109
71 112
71 121
71 122
71 126
71 127
71 130
71 137
71 144
71 146
71 147
71 150
71 163
71 175
71 177
71 184
71 186
71 187
71 198
72 5
72 13
72 20
72 21
72 22
72 25
72 34
72 42
72 43
72 50
72 52
72 53
72 62
72 64
72 67
72 68
72 83
72 87
72 91
72 94
72 97
72 102
72 103
72 111
72 113
72 114
72 119
72 120
72 131
72 132
72 135
72 139
72 141
72 145
72 149
72 153
72 157
72 158
72 162
72 168
72 170
72 173
72 182
72 185
72 187
72 188
72 190
72 196
72 197
73 10
73 15
73 21
73 35
73 41
73 42
73 45
73 47
73 53
73 54
73 60
73 63
73 69
73 72
73 74
73 81
73 84
73 87
73 88
73 91
73 95
73 107
73 110
73 112
73 113
73 115
73 120
73 122
73 134
73 145
73 146
73 153
73 157
73 161
73 166
73 170
73 171
73 175
73 180
73 182
73 183
73 191
73 200
74 12
74 13
74 14
74 17
74 20
74 28
74 36
74 38
74 40
74 47
74 61
74 65
74 67
74 69
74 74
74 78
74 88
74 92
74 94
74 96
74 99
74 101
74 104
74 113
74 115
74 117
74 126
74 131
74 140
74 143
74 150
74 152
74 166
74 189
75 2
75 19
75 32
75 34
75 37
75 43
75 45
75 48
75 51
75 55
75 58
75 59
75 60
75 66
75 80
75 83
75 84
75 85
75 93
75 95
75 97
75 98
75 101
75 105
75 106
75 110
75 115
75 125
75 129
75 131
75 135
75 137
75 142
75 146
75 153
75 155
75 163
75 164
75 168
75 170
75 183
75 184
75 191
75 192
75 194
76 1
76 2
76 8
76 11
76 16
76 18
76 24
76 34
76 42
76 46
76 49
76 50
76 51
76 52
76 60
76 63
76 70
76 72
76 86
76 89
76 92
76 94
76 98
76 105
76 123
76 130
76 131
76 134
76 139
76 142
76 144
76 156
76 159
76 160
76 161
76 180
76 184
76 192
76 196
77 2
77 3
77 4
77 7
77 15
77 19
77 21
77 26
77 28
77 31
77 34
77 35
77 42
77 50
77 53
77 55
77 58
77 59
77 67
77 69
77 79
77 85
77 92
77 97
77 102
77 110
77 115
77 116
77 122
77 140
77 150
77 153
77 161
77 166
77 167
77 178
77 183
77 190
77 192
77 195
78 8
78 12
78 19
78 28
78 31
78 33
78 38
78 55
78 58
78 59
78 60
78 67
78 70
78 71
78 75
78 80
78 82
78 92
78 95
78 105
78 112
78 113
78 115
78 119
78 120
78 123
78 125
78 133
78 146
78 149
78 151
78 164
78 168
78 169
78 170
78 172
78 177
78 187
79 12
79 14
79 15
79 25
79 34
79 41
79 67
79 73
79 82
79 85
79 88
79 89
79 103
79 104
79 105
79 106
79 114
79 115
79 119
79 122
79 123
79 132
79 134
79 141
79 144
79 152
79 156
79 157
79 158
79 169
79 172
79 177
79 182
79 191
80 1
80 4
80 6
80 24
80 25
80 27
80 28
80 37
80 39
80 40
80 41
80 42
80 43
80 48
80 56
80 57
80 69
80 75
80 79
80 80
80 81
80 83
80 88
80 106
80 112
80 116
80 120
80 124
80 126
80 133
80 135
80 139
80 142
80 148
80 153
80 159
80 168
80 175
80 177
80 183
80 185
80 186
81 2
81 6
81 7
81 19
81 20
81 26
81 29
81 30
81 37
81 49
81 51
81 55
81 58
81 62
81 63
81 65
81 68
81 70
81 71
81 73
81 79
81 84
81 88
81 90
81 97
81 102
81 112
81 113
81 125
81 127
81 128
81 132
81 134
81 147
81 152
81 160
81 161
81 163
81 166
81 167
81 170
81 171
81 172
81 175
81 176
81 178
81 190
81 194
81 198
82 1
82 4
82 5
82 11
82 21
82 31
82 36
82 40
82 47
82 55
82 57
82 59
82 65
82 69
82 76
82 77
82 85
82 93
82 94
82 95
82 99
82 101
82 104
82 105
82 109
82 110
82 115
82 117
82 122
82 123
82 124
82 131
82 139
82 141
82 149
82 159
82 162
82 166
82 174
82 183
82 184
82 190
82 194
83 3
83 9
83 11
83 12
83 18
83 20
83 21
83 25
83 29
83 35
83 41
83 43
83 48
83 50
83 57
83 61
83 74
83 80
83 85
83 86
83 92
83 100
83 102
83 103
83 105
83 112
83 114
83 124
83 126
83 129
83 144
83 149
83 154
83 156
83 168
83 173
83 175
83 177
83 178
83 179
83 180
83 186
83 189
83 198
83 199
84 4
84 13
84 26
84 34
84 35
84 38
84 44
84 45
84 53
84 54
84 56
84 58
84 60
84 65
84 67
84 76
84 81
84 82
84 90
84 96
84 108
84 114
84 118
84 131
84 132
84 136
84 150
84 155
84 163
84 170
84 172
84 173
84 180
84 184
84 185
84 187
84 190
84 197
84 199
85 5
85 13
85 20
85 21
85 26
85 28
85 33
85 35
85 37
85 39
85 41
85 44
85 51
85 52
85 54
85 55
85 62
85 63
85 85
85 86
85 95
85 100
85 101
85 116
85 119
85 123
85 149
85 154
85 155
85 163
85 164
85 165
85 167
85 169
85 170
85 175
85 179
85 180
85 186
85 190
85 192
85 194
86 20
86 22
86 33
86 40
86 41
86 49
86 50
86 52
86 55
86 72
86 86
86 93
86 94
86 103
86 119
86 122
86 123
86 126
86 129
86 131
86 149
86 151
86 153
86 159
86 163
86 182
86 184
86 185
87 1
87 3
87 6
87 8
87 12
87 15
87 17
87 18
87 24
87 36
87 39
87 62
87 64
87 65
87 67
87 69
87 75
87 80
87 85
87 87
87 88
87 90
87 94
87 99
87 100
87 101
87 102
87 109
87 112
87 117
87 124
87 127
87 128
87 129
87 138
87 143
87 146
87 150
87 155
87 164
87 167
87 171
87 172
87 174
87 175
87 177
87 179
87 185
87 187
87 191
87 196
87 200
88 5
88 6
88 17
88 18
88 23
88 24
88 27
88 36
88 46
88 53
88 57
88 64
88 66
88 69
88 79
88 90
88 92
88 98
88 105
88 108
88 109
88 113
88 115
88 117
88 118
88 121
88 129
88 134
88 135
88 136
88 151
88 154
88 155
88 157
88 159
88 161
88 162
88 164
88 165
88 166
88 176
88 179
88 180
88 192
88 194
88 198
89 4
89 7
89 9
89 14
89 15
89 29
89 31
89 37
89 38
89 39
89 42
89 45
89 47
89 48
89 50
89 57
89 58
89 60
89 78
89 91
89 92
89 97
89 111
89 112
89 113
89 116
89 120
89 132
89 137
89 146
89 155
89 162
89 166
89 172
89 177
89 186
89 191
89 200
90 1
90 6
90 9
90 11
90 17
90 28
90 44
90 47
90 51
90 56
90 65
90 67
90 70
90 80
90 82
90 88
90 89
90 95
90 102
90 112
90 114
90 119
90 125
90 127
90 128
90 134
90 136
90 140
90 141
90 143
90 144
90 148
90 149
90 160
90 164
90 166
90 182
90 185
90 195
90 199
91 1
91 2
91 4
91 7
91 19
91 24
91 25
91 42
91 45
91 53
91 57
91 62
91 64
91 66
91 70
91 71
91 73
91 74
91 82
91 83
91 84
91 87
91 89
91 91
91 100
91 108
91 113
91 114
91 119
91 136
91 138
91 141
91 142
91 152
91 157
91 176
91 179
91 182
91 188
91 193
91 198
92 2
92 10
92 13
92 30
92 36
92 40
92 49
92 51
92 55
92 57
92 59
92 66
92 68
92 93
92 95
92 108
92 114
92 115
92 116
92 122
92 137
92 147
92 148
92 155
92 160
92 171
92 176
92 185
92 186
92 193
92 198
93 5
93 6
93 10
93 12
93 33
93 34
93 36
93 42
93 54
93 57
93 62
93 74
93 81
93 82
93 85
93 86
93 88
93 91
93 93
93 100
93 107
93 109
93 110
93 113
93 116
93 120
93 123
93 124
93 130
93 133
93 138
93 143
93 144
93 151
93 152
93 153
93 154
93 159
93 160
93 164
93 166
93 170
93 182
93 185
93 193
93 196
93 197
94 5
94 6
94 7
94 8
94 11
94 13
94 32
94 34
94 35
94 40
94 41
94 42
94 67
94 76
94 81
94 87
94 88
94 110
94 116
94 129
94 131
94 132
94 133
94 150
94 158
94 171
94 176
94 177
94 180
94 182
94 200
95 1
95 14
95 29
95 39
95 41
95 43
95 45
95 46
95 49
95 55
95 56
95 65
95 70
95 73
95 74
95 88
95 95
95 96
95 98
95 100
95 106
95 109
95 110
95 111
95 112
95 121
95 124
95 129
95 135
95 155
95 156
95 158
95 162
95 163
95 164
95 170
95 173
95 174
95 176
95 183
95 185
95 200
96 3
96 10
96 15
96 19
96 21
96 22
96 41
96 42
96 45
96 54
96 67
96 69
96 73
96 80
96 86
96 89
96 91
96 98
96 102
96 103
96 110
96 114
96 116
96 125
96 131
96 132
96 140
96 143
96 144
96 148
96 155
96 162
96 163
96 164
96 167
96 174
96 180
96 183
96 184
96 188
96 197
96 199
97 4
97 10
97 21
97 31
97 33
97 34
97 43
97 50
97 53
97 58
97 59
97 61
97 65
97 67
97 77
97 85
97 86
97 91
97 108
97 120
97 125
97 127
97 128
97 132
97 133
97 152
97 155
97 158
97 159
97 161
97 166
97 168
97 169
97 178
97 182
97 187
97 199
98 6
98 9
98 18
98 28
98 44
98 49
98 50
98 53
98 59
98 60
98 63
98 67
98 72
98 86
98 89
98 98
98 119
98 121
98 125
98 132
98 134
98 143
98 146
98 148
98 153
98 155
98 158
98 175
98 176
98 178
98 186
98 189
98 190
98 193
98 195
98 196
98 198
98 199
99 8
99 12
99 15
99 19
99 33
99 35
99 37
99 38
99 42
99 43
99 52
99 66
99 67
99 92
99 102
99 105
99 106
99 109
99 110
99 111
99 113
99 121
99 128
99 130
99 134
99 136
99 138
99 140
99 141
99 146
99 150
99 151
99 155
99 158
99 160
99 164
99 186
99 191
99 197
100 2
100 28
100 30
100 31
100 33
100 43
100 45
100 53
100 61
100 62
100 67
100 73
100 79
100 87
100 92
100 95
100 97
100 99
100 101
100 103
100 116
100 127
100 136
100 137
100 142
100 152
100 153
100 162
100 167
100 173
100 176
100 177
100 196
101 8
101 12
101 14
101 18
101 21
101 27
101 30
101 32
101 36
101 57
101 59
101 60
101 82
101 89
101 93
101 97
101 102
101 103
101 105
101 107
101 114
101 121
101 124
101 127
101 128
101 129
101 133
101 137
101 143
101 153
101 154
101 162
101 163
101 164
101 166
101 174
101 175
101 180
101 181
101 200
102 3
102 7
102 21
102 24
102 26
102 27
102 43
102 54
102 55
102 56
102 59
102 61
102 68
102 70
102 72
102 74
102 77
102 84
102 95
102 105
102 107
102 108
102 111
102 127
102 129
102 137
102 143
102 148
102 153
102 158
102 163
102 172
102 174
102 188
102 189
102 190
102 194
103 5
103 10
103 12
103 15
103 22
103 30
103 32
103 36
103 38
103 64
103 67
103 69
103 79
103 80
103 85
103 88
103 90
103 91
103 97
103 102
103 113
103 114
103 122
103 127
103 136
103 139
103 142
103 144
103 145
103 147
103 149
103 152
103 153
103 155
103 156
103 159
103 162
103 165
103 182
103 189
103 195
103 197
103 200
104 1
104 5
104 19
104 26
104 28
104 29
104 36
104 56
104 58
104 59
104 63
104 65
104 68
104 70
104 81
104 82
104 90
104 93
104 95
104 101
104 109
104 112
104 114
104 122
104 126
104 130
104 137
104 138
104 143
104 144
104 145
104 150
104 151
104 154
104 163
104 167
104 169
104 181
104 189
104 194
104 196
105 3
105 9
105 10
105 11
105 12
105 25
105 28
105 30
105 35
105 43
105 52
105 57
105 68
105 75
105 80
105 82
105 85
105 107
105 110
105 114
105 118
105 119
105 125
105 131
105 134
105 156
105 158
105 159
105 169
105 187
105 192
105 193
105 198
106 3
106 5
106 25
106 30
106 31
106 32
106 36
106 38
106 41
106 45
106 50
106 54
106 59
106 67
106 70
106 83
106 84
106 92
106 99
106 115
106 119
106 121
106 125
106 129
106 131
106 142
106 146
106 154
106 155
106 157
106 160
106 163
106 167
106 171
106 173
106 187
106 188
107 1
107 6
107 8
107 11
107 14
107 21
107 24
107 30
107 32
107 34
107 46
107 53
107 58
107 60
107 64
107 65
107 69
107 74
107 78
107 79
107 85
107 89
107 94
107 101
107 109
107 115
107 116
107 118
107 119
107 130
107 132
107 138
107 141
107 153
107 157
107 161
107 164
107 172
107 178
107 198
108 11
108 21
108 22
108 24
108 28
108 29
108 33
108 44
108 46
108 57
108 60
108 65
108 68
108 74
108 79
108 94
108 103
108 111
108 118
108 124
108 134
108 136
108 138
108 151
108 153
108 158
108 162
108 167
108 169
108 170
108 171
108 173
108 174
108 176
108 180
108 185
108 197
108 198
109 3
109 9
109 15
109 20
109 26
109 29
109 32
109 33
109 38
109 42
109 45
109 50
109 52
109 54
109 58
109 63
109 72
109 73
109 90
109 96
109 98
109 104
109 111
109 113
109 115
109 116
109 128
109 140
109 143
109 148
109 152
109 154
109 156
109 157
109 158
109 162
109 164
109 176
109 186
109 194
109 198
110 4
110 19
110 24
110 25
110 26
110 32
110 37
110 48
110 52
110 57
110 68
110 77
110 79
110 82
110 86
110 88
110 92
110 105
110 112
110 115
110 120
110 122
110 127
110 132
110 140
110 149
110 153
110 160
110 169
110 171
110 175
110 180
110 185
110 189
110 194
110 196
111 4
111 6
111 8
111 10
111 13
111 14
111 15
111 16
111 17
111 22
111 23
111 30
111 31
111 49
111 51
111 61
111 62
111 77
111 82
111 91
111 92
111 93
111 94
111 97
111 98
111 99
111 101
111 102
111 105
111 110
111 116
111 126
111 127
111 132
111 135
111 136
111 141
111 146
111 152
111 154
111 160
111 163
111 165
111 168
111 169
111 178
111 192
111 193
111 194
111 200
112 3
112 7
112 9
112 10
112 15
112 31
112 32
112 40
112 42
112 49
112 55
112 58
112 64
112 69
112 73
112 82
112 85
112 92
112 105
112 107
112 108
112 111
112 113
112 115
112 129
112 130
112 135
112 152
112 153
112 163
112 171
112 172
112 176
112 177
112 183
112 189
112 198
113 7
113 8
113 9
113 17
113 29
113 30
113 31
113 39
113 53
113 58
113 64
113 66
113 68
113 69
113 77
113 85
113 87
113 88
113 97
113 109
113 110
113 122
113 125
113 130
113 134
113 146
113 148
113 154
113 157
113 168
113 174
113 183
113 188
113 191
113 196
114 1
114 5
114 21
114 29
114 31
114 32
114 44
114 45
114 52
114 54
114 63
114 64
114 67
114 70
114 78
114 80
114 82
114 85
114 91
114 97
114 98
114 101
114 121
114 122
114 126
114 129
114 141
114 146
114 150
114 168
114 170
114 171
114 173
114 178
114 179
114 181
114 183
114 185
114 186
114 188
114 197
115 6
115 35
115 39
115 46
115 55
115 60
115 64
115 71
115 74
115 76
115 82
115 95
115 102
115 109
115 130
115 136
115 139
115 140
115 143
115 149
115 150
115 154
115 155
115 159
115 161
115 164
115 167
115 168
115 169
115 174
115 182
115 191
115 198
116 7
116 10
116 17
116 22
116 24
116 32
116 34
116 36
116 47
116 55
116 58
116 59
116 68
116 70
116 71
116 83
116 89
116 95
116 103
116 111
116 113
116 114
116 120
116 124
116 129
116 140
116 144
116 146
116 153
116 155
116 156
116 157
116 159
116 162
116 168
116 169
116 175
116 178
116 179
116 180
116 185
116 186
116 193
116 194
117 3
117 4
117 6
117 12
117 20
117 29
117 31
117 35
117 42
117 47
117 50
117 56
117 72
117 79
117 90
117 91
117 95
117 98
117 100
117 101
117 112
117 121
117 125
117 149
117 154
117 158
117 160
117 161
117 167
117 182
117 185
117 188
117 190
117 195
117 196
117 197
117 199
118 1
118 4
118 5
118 6
118 13
118 15
118 19
118 22
118 25
118 28
118 36
118 40
118 43
118 50
118 61
118 75
118 81
118 85
118 91
118 94
118 104
118 110
118 114
118 115
118 117
118 122
118 123
118 128
118 132
118 139
118 140
118 146
118 153
118 167
118 175
118 180
118 182
118 186
118 189
118 192
119 4
119 8
119 12
119 13
119 18
119 23
119 28
119 29
119 30
119 40
119 46
119 55
119 60
119 68
119 72
119 78
119 84
119 91
119 102
119 104
119 107
119 110
119 112
119 113
119 119
119 133
119 150
119 163
119 182
119 183
119 192
119 199
119 200
120 3
120 21
120 22
120 23
120 27
120 35
120 43
120 48
120 53
120 59
120 68
120 70
120 71
120 77
120 79
120 84
120 88
120 90
120 92
120 93
120 96
120 113
120 124
120 139
120 154
120 160
120 166
120 167
120 170
120 177
120 186
120 187
120 188
120 190
120 198
121 6
121 13
121 24
121 30
121 35
121 51
121 55
121 58
121 66
121 70
121 82
121 83
121 87
121 102
121 105
121 110
121 111
121 113
121 119
121 121
121 122
121 126
121 132
121 138
121 141
121 145
121 153
121 158
121 159
121 160
121 167
121 169
121 171
121 172
121 174
121 181
121 182
121 187
121 188
121 190
121 192
121 196
121 197
121 198
121 199
122 12
122 16
122 20
122 22
122 23
122 25
122 39
122 42
122 43
122 47
122 53
122 54
122 57
122 59
122 70
122 79
122 85
122 86
122 87
122 96
122 108
122 110
122 111
122 114
122 117
122 128
122 136
122 138
122 139
122 140
122 145
122 149
122 154
122 155
122 164
122 170
122 181
122 185
122 193
122 194
122 199
123 1
123 6
123 11
123 13
123 14
123 16
123 21
123 31
123 38
123 44
123 57
123 61
123 63
123 66
123 70
123 78
123 83
123 86
123 87
123 102
123 108
123 121
123 127
123 135
123 137
123 141
123 150
123 153
123 154
123 179
123 183
123 190
123 195
123 199
124 2
124 4
124 5
124 6
124 11
124 12
124 15
124 20
124 25
124 27
124 31
124 36
124 50
124 55
124 57
124 62
124 65
124 71
124 79
124 93
124 96
124 98
124 100
124 103
124 109
124 113
124 119
124 132
124 137
124 151
124 153
124 154
124 166
124 168
124 190
124 192
124 194
124 198
124 199
125 13
125 31
125 32
125 33
125 34
125 46
125 59
125 63
125 75
125 81
125 82
125 91
125 92
125 93
125 101
125 105
125 107
125 110
125 111
125 112
125 114
125 116
125 120
125 124
125 141
125 146
125 152
125 162
125 166
125 176
125 179
125 184
125 188
125 198
126 4
126 7
126 24
126 26
126 27
126 30
126 33
126 39
126 40
126 42
126 43
126 44
126 47
126 54
126 67
126 70
126 73
126 75
126 77
126 79
126 90
126 91
126 106
126 107
126 108
126 113
126 116
126 123
126 129
126 132
126 134
126 142
126 144
126 146
126 149
126 150
126 154
126 155
126 165
126 172
126 189
126 191
127 6
127 18
127 27
127 35
127 36
127 37
127 41
127 45
127 55
127 69
127 70
127 71
127 73
127 90
127 91
127 94
127 95
127 102
127 104
127 116
127 122
127 123
127 125
127 127
127 132
127 133
127 134
127 135
127 137
127 155
127 160
127 161
127 163
127 173
127 178
127 187
127 188
127 191
127 193
128 1
128 5
128 7
128 25
128 36
128 40
128 42
128 43
128 46
128 53
128 57
128 60
128 63
128 68
128 71
128 73
128 74
128 77
128 81
128 83
128 96
128 100
128 104
128 106
128 109
128 110
128 113
128 114
128 115
128 117
128 124
128 131
128 136
128 143
128 146
128 151
128 153
128 162
128 164
128 168
128 177
128 181
128 184
128 188
128 192
128 193
129 3
129 7
129 11
129 17
129 18
129 19
129 21
129 35
129 36
129 45
129 47
129 48
129 56
129 57
129 60
129 63
129 69
129 72
129 73
129 76
129 78
129 80
129 84
129 85
129 96
129 100
129 109
129 111
129 121
129 123
129 127
129 129
129 136
129 141
129 150
129 156
129 167
129 175
129 183
129 185
129 189
129 190
129 191
129 194
129 196
129 197
130 7
130 9
130 15
130 25
130 31
130 47
130 50
130 66
130 67
130 69
130 70
130 72
130 75
130 82
130 86
130 99
130 108
130 113
130 115
130 116
130 122
130 126
130 128
130 143
130 147
130 148
130 149
130 150
130 153
130 159
130 160
130 166
130 168
130 177
130 184
130 186
130 189
130 191
130 199
131 6
131 10
131 11
131 17
131 19
131 22
131 26
131 31
131 32
131 33
131 43
131 44
131 58
131 64
131 68
131 74
131 82
131 83
131 87
131 97
131 101
131 107
131 118
131 120
131 126
131 127
131 138
131 147
131 151
131 153
131 154
131 165
131 173
131 175
131 183
131 187
131 191
131 192
131 194
131 197
132 10
132 11
132 22
132 29
132 34
132 47
132 48
132 51
132 66
132 67
132 68
132 74
132 78
132 87
132 93
132 97
132 100
132 104
132 107
132 110
132 116
132 126
132 129
132 139
132 140
132 144
132 147
132 148
132 149
132 175
132 177
132 185
132 186
132 189
132 191
132 199
132 200
133 3
133 13
133 23
133 25
133 27
133 28
133 38
133 41
133 51
133 60
133 63
133 66
133 67
133 68
133 71
133 73
133 77
133 83
133 86
133 91
133 97
133 99
133 104
133 105
133 107
133 109
133 112
133 115
133 119
133 125
133 127
133 134
133 136
133 137
133 145
133 157
133 171
133 183
133 185
133 194
133 195
133 196
133 197
134 2
134 6
134 7
134 14
134 27
134 41
134 42
134 46
134 49
134 51
134 53
134 61
134 66
134 72
134 75
134 79
134 81
134 87
134 91
134 92
134 95
134 96
134 102
134 104
134 113
134 129
134 132
134 135
134 146
134 153
134 162
134 169
134 174
134 178
134 191
134 192
134 199
135 3
135 10
135 16
135 21
135 27
135 29
135 31
135 43
135 46
135 48
135 52
135 65
135 71
135 74
135 75
135 85
135 89
135 91
135 95
135 103
135 111
135 112
135 116
135 118
135 125
135 129
135 131
135 133
135 146
135 150
135 152
135 160
135 166
135 168
135 177
135 178
135 181
135 182
135 185
135 191
135 197
135 199
136 9
136 12
136 17
136 20
136 22
136 23
136 26
136 27
136 32
136 37
136 38
136 39
136 44
136 52
136 62
136 64
136 71
136 73
136 79
136 83
136 86
136 87
136 88
136 89
136 95
136 98
136 100
136 105
136 107
136 110
136 111
136 112
136 113
136 115
136 122
136 123
136 127
136 137
136 143
136 145
136 150
136 152
136 158
136 160
136 165
136 167
136 176
136 177
136 179
136 186
136 199
137 12
137 24
137 26
137 27
137 28
137 30
137 31
137 40
137 41
137 43
137 53
137 61
137 62
137 67
137 68
137 69
137 70
137 74
137 76
137 77
137 85
137 87
137 93
137 96
137 97
137 99
137 102
137 111
137 115
137 116
137 123
137 129
137 130
137 138
137 140
137 143
137 145
137 148
137 151
137 156
137 157
137 160
137 174
137 177
137 182
137 183
137 186
137 188
137 189
137 191
137 196
137 198
138 7
138 8
138 11
138 17
138 23
138 25
138 29
138 32
138 34
138 35
138 49
138 52
138 63
138 65
138 74
138 91
138 101
138 110
138 113
138 120
138 121
138 133
138 142
138 146
138 147
138 149
138 151
138 152
138 154
138 161
138 165
138 172
138 177
138 180
138 181
138 182
138 189
138 199
139 6
139 7
139 12
139 18
139 22
139 24
139 31
139 32
139 42
139 48
139 50
139 53
139 56
139 61
139 62
139 66
139 69
139 70
139 71
139 74
139 76
139 79
139 80
139 83
139 86
139 89
139 92
139 98
139 102
139 104
139 110
139 114
139 119
139 126
139 135
139 137
139 139
139 143
139 147
139 150
139 155
139 161
139 162
139 165
139 168
139 174
139 179
139 181
139 194
140 1
140 3
140 4
140 12
140 26
140 27
140 28
140 29
140 38
140 64
140 70
140 71
140 77
140 78
140 79
140 83
140 93
140 95
140 96
140 97
140 101
140 105
140 106
140 113
140 116
140 119
140 124
140 139
140 140
140 142
140 148
140 153
140 154
140 156
140 158
140 160
140 169
140 170
140 176
140 179
140 184
140 185
140 190
141 2
141 5
141 17
141 25
141 30
141 32
141 36
141 43
141 44
141 47
141 52
141 55
141 56
141 57
141 63
141 64
141 66
141 72
141 83
141 84
141 85
141 86
141 98
141 99
141 105
141 114
141 117
141 126
141 129
141 131
141 133
141 140
141 161
141 166
141 193
142 9
142 11
142 21
142 25
142 34
142 36
142 40
142 42
142 50
142 55
142 62
142 63
142 65
142 67
142 74
142 75
142 78
142 85
142 102
142 123
142 124
142 129
142 131
142 133
142 137
142 149
142 152
142 158
142 162
142 170
142 174
142 176
142 178
142 182
142 183
142 185
142 193
142 197
142 200
143 2
143 10
143 11
143 14
143 15
143 24
143 25
143 37
143 46
143 53
143 55
143 58
143 61
143 64
143 74
143 78
143 79
143 85
143 88
143 108
143 109
143 110
143 111
143 118
143 124
143 130
143 136
143 139
143 144
143 146
143 168
143 170
143 180
143 188
143 192
143 193
143 198
144 4
144 8
144 12
144 20
144 29
144 38
144 39
144 45
144 48
144 54
144 56
144 60
144 65
144 76
144 83
144 86
144 89
144 93
144 96
144 98
144 102
144 103
144 104
144 105
144 111
144 123
144 124
144 127
144 134
144 146
144 154
144 155
144 156
144 161
144 165
144 168
144 172
144 173
144 184
144 185
144 187
144 195
144 197
145 1
145 12
145 16
145 19
145 21
145 24
145 28
145 29
145 35
145 37
145 42
145 52
145 54
145 59
145 62
145 64
145 65
145 68
145 78
145 87
145 88
145 92
145 93
145 94
145 100
145 103
145 104
145 106
145 107
145 111
145 118
145 129
145 131
145 136
145 138
145 143
145 152
145 154
145 159
145 169
145 179
145 180
145 186
145 194
146 1
146 3
146 5
146 6
146 9
146 10
146 14
146 15
146 17
146 19
146 30
146 35
146 39
146 45
146 50
146 57
146 58
146 68
146 75
146 77
146 79
146 85
146 89
146 91
146 94
146 96
146 97
146 101
146 102
146 104
146 120
146 123
146 125
146 133
146 136
146 137
146 138
146 141
146 146
146 157
146 158
146 165
146 170
146 172
146 173
146 175
146 193
146 196
146 197
147 10
147 13
147 14
147 28
147 32
147 38
147 45
147 49
147 55
147 59
147 63
147 70
147 73
147 75
147 77
147 78
147 79
147 83
147 89
147 94
147 97
147 103
147 111
147 114
147 115
147 119
147 126
147 127
147 133
147 147
147 153
147 154
147 171
147 176
147 178
147 182
147 183
147 187
147 192
148 2
148 7
148 8
148 12
148 19
148 21
148 25
148 30
148 45
148 48
148 53
148 54
148 59
148 65
148 68
148 75
148 81
148 85
148 90
148 93
148 96
148 109
148 110
148 113
148 118
148 121
148 124
148 127
148 129
148 135
148 142
148 143
148 148
148 149
148 150
148 154
148 161
148 168
148 173
148 176
148 180
148 182
148 200
149 1
149 8
149 13
149 18
149 21
149 23
149 24
149 26
149 35
149 38
149 39
149 47
149 51
149 58
149 61
149 67
149 72
149 76
149 86
149 88
149 92
149 95
149 97
149 103
149 107
149 111
149 113
149 120
149 122
149 124
149 128
149 132
149 138
149 145
149 146
149 147
149 151
149 155
149 163
149 170
149 171
149 173
149 175
149 181
149 184
149 191
149 192
149 196
150 4
150 20
150 26
150 28
150 37
150 45
150 46
150 47
150 57
150 58
150 61
150 69
150 74
150 75
150 83
150 84
150 90
150 97
150 102
150 106
150 107
150 110
150 115
150 117
150 123
150 125
150 127
150 133
150 143
150 145
150 146
150 150
150 151
150 155
150 166
150 168
150 169
150 171
150 177
150 178
150 180
150 182
150 189
150 190
150 193
