150 200 9 114 400
2 30
2 31
3 30
3 31
3 32
4 30
4 32
4 33
5 30
5 33
5 34
6 30
6 34
6 35
7 30
7 35
7 36
8 30
8 36
8 37
9 30
9 37
9 38
10 30
10 38
10 39
11 30
11 39
11 40
12 30
12 40
12 41
13 30
13 41
13 42
14 30
14 42
14 43
15 30
15 43
15 44
16 30
16 44
16 45
17 30
17 45
17 46
18 30
18 46
18 47
19 30
19 47
19 48
20 30
20 48
20 49
21 30
21 49
21 50
22 30
22 50
22 51
23 30
23 51
24 30
24 51
24 52
25 30
25 52
25 53
26 30
26 53
26 54
27 30
27 54
27 55
28 30
28 55
28 56
29 30
29 56
29 57
30 30
30 57
30 58
31 30
31 58
31 59
32 30
32 59
32 60
33 30
33 60
33 61
34 30
34 61
34 62
35 30
35 62
35 63
36 30
36 63
36 64
37 30
37 64
37 65
38 30
38 65
38 66
39 30
39 66
39 67
40 30
40 67
40 68
41 30
41 68
41 69
42 30
42 69
42 70
43 30
43 70
43 71
44 30
44 71
44 72
45 30
45 72
45 73
46 30
46 73
46 74
47 30
47 74
47 75
48 30
48 75
48 76
49 30
49 76
49 77
50 30
50 77
50 78
51 30
51 78
51 79
52 30
52 79
52 80
53 30
53 80
53 81
54 30
54 81
54 82
55 30
55 82
55 83
56 30
56 83
56 84
57 30
57 84
57 85
58 30
58 85
58 86
59 30
59 31
59 86
59 87
60 31
60 32
60 87
60 88
61 32
61 33
61 88
61 89
62 33
62 34
62 89
62 90
63 34
63 35
63 90
63 91
64 35
64 36
64 91
64 92
65 36
65 37
65 92
65 93
66 37
66 38
66 93
66 94
67 38
67 39
67 94
67 95
68 39
68 40
68 95
68 96
69 40
69 41
69 96
69 97
70 41
70 42
70 97
70 98
71 42
71 43
71 98
71 99
72 43
72 44
72 99
72 100
73 44
73 45
73 100
73 101
74 45
74 46
74 101
74 102
75 46
75 47
75 102
76 47
76 48
76 102
77 48
77 49
77 102
78 49
78 50
78 102
79 50
79 51
79 102
80 51
80 52
80 102
81 52
81 53
81 102
82 53
82 54
82 102
83 54
83 55
83 102
84 55
84 56
84 102
85 56
85 57
85 102
86 57
86 58
86 102
87 58
87 59
87 102
88 59
88 60
88 102
89 60
89 61
89 102
90 61
90 62
90 102
91 62
91 63
91 102
92 63
92 64
92 102
93 64
93 65
93 102
94 65
94 66
94 102
95 66
95 67
95 102
96 67
96 68
96 102
97 68
97 69
97 102
98 69
98 70
98 102
99 70
99 71
99 102
100 71
100 72
100 102
101 72
101 73
101 102
102 73
102 74
102 102
103 74
103 75
103 102
104 75
104 76
104 102
105 76
105 77
105 102
106 77
106 78
106 102
107 78
107 79
107 102
108 79
108 80
108 102
109 80
109 81
109 102
110 81
110 82
110 102
111 82
111 83
111 102
112 83
112 84
112 102
113 84
113 85
113 102
114 85
114 86
114 102
115 86
115 87
115 102
116 87
116 88
116 102
117 88
117 89
117 102
118 89
118 90
118 102
119 90
119 91
119 102
120 91
120 92
120 102
121 92
121 93
121 102
122 93
122 94
122 102
123 94
123 95
123 102
124 95
124 96
124 102
125 96
125 97
125 102
126 97
126 98
126 102
127 98
127 99
127 102
128 99
128 100
128 102
129 100
129 101
129 102
130 101
130 102
