150 200 23 189 5987
1 2
1 5
1 10
1 28
1 36
1 40
1 48
1 54
1 55
1 69
1 85
1 91
1 93
1 100
1 108
1 112
1 113
1 117
1 123
1 124
1 127
1 129
1 133
1 139
1 146
1 148
1 154
1 164
1 166
1 167
1 178
1 187
1 198
2 6
2 17
2 18
2 23
2 27
2 28
2 32
2 39
2 52
2 60
2 61
2 63
2 67
2 91
2 96
2 97
2 103
2 105
2 107
2 114
2 125
2 127
2 131
2 132
2 135
2 153
2 156
2 157
2 161
2 164
2 167
2 173
2 176
2 178
2 197
3 2
3 8
3 15
3 25
3 27
3 33
3 38
3 41
3 48
3 49
3 56
3 78
3 107
3 108
3 113
3 128
3 129
3 130
3 135
3 137
3 140
3 147
3 148
3 150
3 152
3 158
3 163
3 169
3 171
3 174
3 175
3 176
3 184
3 194
3 195
4 7
4 11
4 22
4 23
4 24
4 29
4 30
4 34
4 39
4 40
4 43
4 46
4 48
4 50
4 58
4 65
4 66
4 67
4 81
4 84
4 87
4 95
4 97
4 100
4 113
4 114
4 117
4 118
4 123
4 127
4 131
4 143
4 156
4 161
4 162
4 167
4 171
4 174
4 175
4 183
4 188
4 194
4 195
4 200
5 7
5 15
5 19
5 24
5 30
5 31
5 33
5 51
5 52
5 58
5 66
5 72
5 78
5 81
5 86
5 93
5 101
5 106
5 109
5 114
5 119
5 124
5 129
5 140
5 144
5 145
5 150
5 160
5 168
5 169
5 175
5 179
5 188
5 199
6 3
6 4
6 5
6 9
6 10
6 15
6 21
6 24
6 26
6 27
6 28
6 31
6 49
6 55
6 61
6 66
6 67
6 70
6 75
6 81
6 84
6 85
6 86
6 92
6 99
6 104
6 109
6 122
6 125
6 134
6 136
6 137
6 141
6 155
6 160
6 165
6 168
6 177
6 178
6 180
6 181
6 183
6 185
6 188
6 190
6 194
7 12
7 14
7 15
7 18
7 21
7 24
7 27
7 31
7 34
7 42
7 46
7 47
7 51
7 57
7 59
7 66
7 71
7 79
7 83
7 84
7 90
7 97
7 104
7 105
7 111
7 112
7 120
7 131
7 136
7 137
7 145
7 146
7 155
7 164
7 166
7 179
7 180
7 184
7 197
7 198
8 1
8 2
8 3
8 14
8 34
8 41
8 46
8 47
8 49
8 51
8 66
8 69
8 73
8 79
8 97
8 101
8 123
8 129
8 135
8 139
8 142
8 145
8 150
8 152
8 157
8 164
8 175
8 178
8 180
8 181
8 184
9 1
9 5
9 8
9 9
9 11
9 12
9 15
9 19
9 29
9 30
9 33
9 40
9 41
9 46
9 47
9 51
9 52
9 56
9 57
9 58
9 61
9 71
9 72
9 73
9 74
9 75
9 84
9 85
9 87
9 96
9 104
9 106
9 107
9 109
9 112
9 115
9 117
9 118
9 121
9 123
9 125
9 130
9 131
9 132
9 133
9 134
9 135
9 139
9 141
9 177
9 187
9 188
9 190
9 191
9 194
9 195
9 199
10 7
10 12
10 18
10 22
10 24
10 26
10 27
10 34
10 40
10 46
10 49
10 55
10 67
10 71
10 75
10 79
10 80
10 85
10 88
10 89
10 94
10 97
10 106
10 109
10 111
10 115
10 118
10 123
10 125
10 131
10 137
10 140
10 150
10 151
10 167
10 178
10 180
10 187
10 192
10 193
10 198
10 199
10 200
11 5
11 26
11 32
11 34
11 36
11 43
11 48
11 50
11 51
11 52
11 55
11 56
11 59
11 67
11 69
11 73
11 80
11 81
11 82
11 83
11 88
11 98
11 99
11 103
11 104
11 110
11 111
11 113
11 116
11 125
11 131
11 134
11 136
11 137
11 140
11 150
11 161
11 162
11 172
11 177
11 180
11 183
11 185
11 188
11 196
11 199
12 3
12 7
12 9
12 13
12 16
12 22
12 23
12 24
12 25
12 34
12 38
12 50
12 58
12 62
12 66
12 72
12 76
12 81
12 88
12 89
12 91
12 102
12 104
12 105
12 119
12 127
12 128
12 129
12 135
12 143
12 145
12 156
12 161
12 165
12 167
12 174
12 176
12 185
12 186
12 191
12 192
12 193
13 19
13 23
13 33
13 35
13 42
13 52
13 55
13 57
13 58
13 59
13 65
13 70
13 80
13 81
13 95
13 99
13 100
13 102
13 104
13 113
13 121
13 134
13 138
13 140
13 148
13 150
13 151
13 157
13 165
13 172
13 176
13 183
13 186
13 197
14 1
14 4
14 6
14 8
14 20
14 23
14 31
14 34
14 43
14 45
14 46
14 56
14 62
14 65
14 68
14 70
14 73
14 74
14 75
14 85
14 86
14 98
14 100
14 101
14 105
14 107
14 113
14 114
14 115
14 118
14 123
14 126
14 136
14 141
14 142
14 144
14 150
14 155
14 159
14 163
14 167
14 174
14 176
14 181
14 186
14 195
15 2
15 4
15 6
15 7
15 12
15 13
15 15
15 16
15 20
15 26
15 27
15 31
15 32
15 38
15 43
15 50
15 51
15 56
15 60
15 69
15 72
15 74
15 76
15 77
15 86
15 92
15 93
15 99
15 100
15 116
15 119
15 125
15 126
15 147
15 150
15 154
15 158
15 159
15 167
15 170
15 173
15 175
15 182
15 195
15 199
16 4
16 13
16 15
16 16
16 18
16 27
16 28
16 41
16 42
16 54
16 73
16 79
16 83
16 87
16 91
16 92
16 97
16 98
16 102
16 107
16 108
16 109
16 110
16 118
16 133
16 136
16 141
16 159
16 170
16 172
16 178
16 181
16 186
16 190
16 197
17 2
17 4
17 11
17 14
17 18
17 20
17 21
17 29
17 33
17 37
17 49
17 50
17 51
17 52
17 53
17 55
17 58
17 70
17 73
17 77
17 81
17 86
17 87
17 107
17 116
17 117
17 120
17 122
17 123
17 126
17 127
17 128
17 131
17 138
17 139
17 143
17 156
17 160
17 163
17 165
17 168
17 185
17 194
17 196
17 197
18 1
18 3
18 5
18 10
18 17
18 23
18 35
18 49
18 60
18 68
18 70
18 77
18 78
18 80
18 82
18 86
18 93
18 97
18 99
18 100
18 102
18 107
18 117
18 125
18 132
18 133
18 134
18 137
18 146
18 149
18 153
18 169
18 170
18 171
18 174
18 183
18 184
18 186
18 188
18 198
19 6
19 7
19 9
19 12
19 14
19 18
19 32
19 35
19 36
19 38
19 42
19 53
19 54
19 57
19 58
19 60
19 63
19 73
19 78
19 85
19 92
19 93
19 95
19 97
19 100
19 106
19 108
19 111
19 114
19 118
19 122
19 125
19 134
19 140
19 141
19 142
19 143
19 146
19 153
19 157
19 158
19 165
19 167
19 169
19 171
19 176
19 177
19 180
19 187
19 190
19 193
19 195
20 2
20 17
20 22
20 27
20 47
20 49
20 50
20 53
20 75
20 77
20 89
20 90
20 94
20 106
20 108
20 110
20 112
20 114
20 117
20 142
20 145
20 153
20 154
20 167
20 172
20 174
20 177
20 198
20 200
21 1
21 3
21 7
21 9
21 10
21 11
21 20
21 25
21 27
21 40
21 46
21 53
21 57
21 59
21 60
21 63
21 73
21 81
21 82
21 83
21 87
21 92
21 98
21 100
21 101
21 110
21 113
21 114
21 117
21 128
21 130
21 131
21 132
21 142
21 144
21 145
21 160
21 163
21 178
21 181
22 11
22 13
22 17
22 24
22 26
22 35
22 37
22 52
22 62
22 65
22 73
22 75
22 76
22 91
22 101
22 105
22 115
22 116
22 120
22 123
22 126
22 127
22 128
22 133
22 134
22 135
22 138
22 139
22 140
22 142
22 144
22 146
22 149
22 153
22 159
22 160
22 162
22 163
22 167
22 169
22 170
22 187
22 194
24 7
24 8
24 17
24 22
24 24
24 47
24 49
24 63
24 64
24 71
24 73
24 86
24 93
24 95
24 101
24 110
24 113
24 115
24 117
24 120
24 125
24 130
24 136
24 137
24 145
24 146
24 155
24 160
24 162
24 168
24 169
24 170
24 171
24 175
24 176
24 178
24 182
24 183
25 4
25 6
25 15
25 16
25 19
25 22
25 28
25 33
25 38
25 40
25 41
25 42
25 45
25 52
25 56
25 62
25 64
25 65
25 73
25 77
25 84
25 89
25 91
25 97
25 107
25 110
25 114
25 115
25 125
25 129
25 131
25 133
25 145
25 146
25 147
25 150
25 153
25 157
25 165
25 168
25 173
25 184
25 186
25 198
25 200
26 6
26 11
26 16
26 23
26 24
26 25
26 33
26 39
26 40
26 41
26 44
26 45
26 47
26 48
26 51
26 54
26 56
26 70
26 78
26 101
26 119
26 122
26 124
26 130
26 144
26 146
26 149
26 153
26 156
26 157
26 161
26 165
26 167
26 173
26 174
26 175
26 179
26 180
26 182
26 183
26 189
26 194
26 195
27 2
27 5
27 9
27 13
27 17
27 21
27 22
27 23
27 24
27 28
27 29
27 38
27 39
27 41
27 42
27 47
27 51
27 63
27 67
27 80
27 81
27 89
27 92
27 101
27 102
27 124
27 134
27 135
27 145
27 152
27 159
27 161
27 162
27 163
27 170
27 175
27 178
27 179
27 185
27 186
27 187
27 198
28 2
28 3
28 4
28 8
28 24
28 27
28 29
28 30
28 33
28 49
28 54
28 56
28 64
28 68
28 69
28 73
28 81
28 84
28 86
28 87
28 88
28 91
28 101
28 107
28 109
28 114
28 121
28 135
28 137
28 139
28 142
28 147
28 150
28 158
28 159
28 160
28 183
28 184
28 186
28 188
28 191
28 193
28 198
29 1
29 2
29 5
29 6
29 9
29 10
29 12
29 17
29 26
29 28
29 31
29 32
29 45
29 49
29 52
29 55
29 57
29 59
29 62
29 66
29 67
29 70
29 76
29 81
29 85
29 88
29 91
29 93
29 96
29 97
29 102
29 114
29 120
29 123
29 135
29 140
29 141
29 153
29 156
29 157
29 168
29 174
29 176
29 184
29 185
29 188
29 189
29 192
29 194
29 196
29 200
30 2
30 7
30 8
30 14
30 17
30 25
30 26
30 29
30 40
30 44
30 47
30 49
30 51
30 59
30 61
30 63
30 66
30 67
30 76
30 81
30 92
30 96
30 98
30 103
30 107
30 109
30 113
30 119
30 124
30 127
30 129
30 134
30 135
30 136
30 138
30 140
30 141
30 143
30 144
30 159
30 161
30 163
30 173
30 175
30 179
30 194
30 199
31 6
31 7
31 9
31 12
31 25
31 31
31 32
31 35
31 36
31 38
31 43
31 54
31 63
31 67
31 70
31 71
31 77
31 78
31 82
31 83
31 86
31 90
31 102
31 104
31 109
31 125
31 133
31 149
31 161
31 168
31 174
31 180
31 184
31 187
32 5
32 8
32 12
32 17
32 18
32 22
32 24
32 26
32 30
32 31
32 44
32 52
32 60
32 61
32 66
32 68
32 74
32 75
32 76
32 83
32 91
32 97
32 98
32 106
32 114
32 122
32 124
32 128
32 133
32 137
32 143
32 146
32 149
32 151
32 157
32 158
32 165
32 169
32 170
32 173
32 176
32 177
32 178
32 184
32 192
32 197
33 6
33 17
33 32
33 34
33 37
33 48
33 56
33 62
33 66
33 69
33 70
33 78
33 81
33 96
33 98
33 101
33 102
33 103
33 115
33 116
33 117
33 121
33 123
33 125
33 127
33 131
33 134
33 143
33 144
33 145
33 148
33 150
33 155
33 156
33 161
33 164
33 179
33 181
33 182
33 188
33 192
34 6
34 12
34 16
34 18
34 25
34 35
34 36
34 43
34 51
34 52
34 56
34 64
34 69
34 72
34 74
34 80
34 81
34 85
34 97
34 99
34 105
34 107
34 115
34 118
34 129
34 131
34 139
34 142
34 145
34 147
34 148
34 156
34 163
34 170
34 179
34 187
34 195
34 196
35 2
35 12
35 18
35 20
35 37
35 42
35 44
35 46
35 52
35 70
35 71
35 75
35 87
35 88
35 99
35 103
35 107
35 111
35 120
35 125
35 128
35 129
35 131
35 139
35 143
35 144
35 151
35 153
35 171
35 175
35 176
35 179
35 182
35 184
35 185
35 196
35 197
36 2
36 4
36 22
36 25
36 27
36 31
36 32
36 48
36 50
36 53
36 60
36 69
36 93
36 100
36 103
36 109
36 117
36 128
36 135
36 139
36 140
36 142
36 144
36 156
36 172
36 173
36 176
36 179
36 182
36 188
36 196
36 199
37 5
37 11
37 18
37 23
37 33
37 40
37 49
37 55
37 57
37 64
37 69
37 76
37 78
37 79
37 83
37 85
37 89
37 90
37 102
37 109
37 115
37 124
37 129
37 133
37 134
37 135
37 136
37 137
37 141
37 146
37 148
37 150
37 158
37 159
37 161
37 163
37 164
37 168
37 172
37 178
37 180
37 186
38 1
38 6
38 15
38 16
38 27
38 29
38 30
38 40
38 45
38 48
38 53
38 54
38 68
38 73
38 75
38 76
38 80
38 83
38 88
38 89
38 99
38 100
38 101
38 103
38 107
38 110
38 111
38 119
38 121
38 130
38 138
38 140
38 144
38 152
38 153
38 155
38 163
38 165
38 178
38 188
38 195
38 196
39 6
39 14
39 18
39 20
39 41
39 47
39 55
39 56
39 57
39 58
39 60
39 63
39 64
39 68
39 92
39 93
39 97
39 129
39 143
39 150
39 154
39 172
39 173
39 174
39 185
39 187
39 191
39 199
40 3
40 21
40 23
40 24
40 27
40 28
40 30
40 31
40 36
40 37
40 39
40 46
40 47
40 50
40 54
40 62
40 64
40 67
40 68
40 69
40 71
40 74
40 79
40 81
40 82
40 113
40 119
40 145
40 149
40 157
40 158
40 162
40 165
40 166
40 167
40 168
40 169
40 170
40 172
40 174
40 175
40 180
40 194
40 195
41 2
41 3
41 4
41 8
41 10
41 14
41 19
41 22
41 29
41 39
41 40
41 41
41 54
41 57
41 66
41 68
41 73
41 77
41 78
41 79
41 92
41 93
41 100
41 106
41 113
41 125
41 133
41 143
41 145
41 147
41 152
41 159
41 164
41 168
41 170
41 171
41 172
41 176
41 188
41 192
41 195
42 8
42 20
42 29
42 30
42 35
42 36
42 69
42 70
42 74
42 76
42 80
42 87
42 92
42 104
42 105
42 110
42 114
42 118
42 122
42 124
42 128
42 133
42 147
42 157
42 158
42 159
42 163
42 165
42 168
42 173
42 180
42 181
42 186
42 188
42 195
42 200
43 5
43 6
43 9
43 11
43 13
43 14
43 16
43 23
43 32
43 35
43 36
43 39
43 44
43 49
43 52
43 53
43 54
43 56
43 69
43 73
43 76
43 78
43 81
43 89
43 93
43 96
43 98
43 101
43 107
43 111
43 112
43 114
43 125
43 126
43 133
43 142
43 147
43 150
43 155
43 157
43 159
43 161
43 163
43 172
43 176
43 180
43 183
43 188
43 189
43 191
43 198
44 10
44 11
44 15
44 18
44 21
44 22
44 29
44 41
44 45
44 52
44 55
44 56
44 57
44 68
44 69
44 77
44 82
44 83
44 84
44 85
44 87
44 88
44 105
44 117
44 118
44 120
44 125
44 126
44 131
44 132
44 139
44 141
44 142
44 144
44 152
44 155
44 161
44 165
44 171
44 174
44 181
44 184
44 196
44 199
45 3
45 9
45 12
45 13
45 18
45 22
45 25
45 28
45 30
45 32
45 42
45 43
45 52
45 54
45 56
45 65
45 66
45 70
45 78
45 79
45 81
45 82
45 83
45 87
45 97
45 107
45 111
45 113
45 114
45 118
45 120
45 126
45 133
45 136
45 152
45 159
45 164
45 166
45 174
45 175
45 185
45 193
45 195
45 197
46 1
46 7
46 17
46 23
46 31
46 40
46 41
46 42
46 46
46 47
46 49
46 54
46 55
46 63
46 71
46 75
46 80
46 90
46 97
46 98
46 100
46 101
46 104
46 105
46 125
46 130
46 133
46 139
46 142
46 146
46 150
46 153
46 155
46 158
46 159
46 160
46 161
46 170
46 176
46 177
46 183
46 190
46 195
46 198
46 200
47 10
47 16
47 19
47 20
47 29
47 30
47 33
47 34
47 35
47 36
47 40
47 48
47 51
47 55
47 62
47 65
47 68
47 69
47 72
47 78
47 91
47 105
47 117
47 120
47 121
47 126
47 128
47 131
47 137
47 138
47 154
47 158
47 159
47 168
47 171
47 175
47 176
47 177
47 185
47 186
47 189
47 193
47 196
47 198
48 5
48 14
48 15
48 18
48 30
48 33
48 38
48 45
48 50
48 51
48 53
48 62
48 63
48 68
48 71
48 74
48 100
48 102
48 107
48 111
48 116
48 118
48 136
48 141
48 150
48 159
48 160
48 164
48 167
48 173
48 176
48 178
48 182
48 184
48 191
49 8
49 9
49 11
49 12
49 16
49 17
49 18
49 19
49 25
49 27
49 32
49 41
49 48
49 50
49 51
49 57
49 64
49 67
49 71
49 72
49 75
49 80
49 82
49 84
49 108
49 112
49 113
49 118
49 120
49 130
49 132
49 136
49 147
49 150
49 156
49 160
49 161
49 181
49 182
49 184
49 185
49 186
49 187
49 189
49 190
49 196
49 197
49 199
50 5
50 17
50 25
50 27
50 29
50 30
50 33
50 40
50 44
50 57
50 61
50 84
50 88
50 89
50 93
50 99
50 103
50 110
50 111
50 119
50 123
50 130
50 134
50 135
50 138
50 149
50 150
50 157
50 164
50 167
50 173
50 177
50 180
50 185
50 194
50 197
51 2
51 7
51 23
51 24
51 28
51 40
51 42
51 46
51 56
51 61
51 63
51 70
51 82
51 84
51 86
51 97
51 106
51 108
51 113
51 116
51 119
51 125
51 127
51 128
51 135
51 145
51 153
51 154
51 157
51 160
51 162
51 166
51 168
51 170
51 172
51 180
51 185
51 186
51 191
51 196
51 200
52 1
52 3
52 7
52 9
52 10
52 13
52 21
52 25
52 28
52 29
52 37
52 38
52 40
52 46
52 49
52 53
52 55
52 57
52 63
52 66
52 80
52 98
52 104
52 113
52 117
52 120
52 123
52 126
52 129
52 137
52 145
52 150
52 167
52 172
52 177
52 178
52 180
52 183
52 186
52 190
52 196
53 4
53 18
53 19
53 22
53 37
53 59
53 61
53 62
53 64
53 67
53 70
53 75
53 87
53 91
53 93
53 99
53 107
53 125
53 129
53 131
53 132
53 140
53 144
53 153
53 154
53 158
53 162
53 172
53 181
53 190
53 191
54 11
54 24
54 28
54 30
54 43
54 45
54 51
54 52
54 55
54 60
54 68
54 71
54 75
54 77
54 79
54 81
54 84
54 85
54 89
54 96
54 98
54 111
54 114
54 116
54 119
54 121
54 128
54 134
54 135
54 137
54 147
54 156
54 158
54 159
54 161
54 162
54 164
54 169
54 170
54 175
54 177
54 178
54 179
54 185
54 190
55 1
55 2
55 3
55 6
55 15
55 19
55 20
55 22
55 23
55 24
55 26
55 35
55 37
55 39
55 41
55 43
55 45
55 48
55 49
55 50
55 55
55 62
55 63
55 66
55 69
55 72
55 76
55 77
55 81
55 84
55 85
55 89
55 98
55 101
55 102
55 103
55 115
55 117
55 127
55 130
55 131
55 132
55 134
55 136
55 144
55 152
55 169
55 170
55 172
55 176
55 178
55 185
55 200
56 5
56 14
56 18
56 19
56 22
56 27
56 29
56 32
56 35
56 36
56 38
56 44
56 49
56 54
56 68
56 82
56 83
56 84
56 88
56 91
56 95
56 102
56 107
56 117
56 138
56 142
56 144
56 158
56 161
56 162
56 165
56 169
56 175
56 177
56 179
56 181
56 188
57 14
57 15
57 17
57 18
57 20
57 23
57 26
57 29
57 30
57 32
57 58
57 79
57 80
57 90
57 95
57 102
57 105
57 106
57 122
57 125
57 129
57 142
57 144
57 148
57 153
57 155
57 156
57 158
57 160
57 179
57 180
57 183
57 184
57 187
57 193
58 7
58 8
58 11
58 13
58 16
58 20
58 37
58 41
58 44
58 47
58 56
58 57
58 59
58 61
58 64
58 65
58 67
58 74
58 93
58 103
58 106
58 107
58 118
58 119
58 121
58 122
58 125
58 127
58 130
58 136
58 141
58 142
58 145
58 155
58 163
58 169
58 170
58 174
58 177
58 186
58 188
58 197
59 4
59 7
59 15
59 16
59 24
59 25
59 28
59 30
59 46
59 59
59 61
59 67
59 74
59 76
59 85
59 91
59 92
59 100
59 104
59 112
59 114
59 121
59 122
59 126
59 131
59 134
59 138
59 141
59 145
59 155
59 162
59 170
59 172
59 176
59 180
59 182
59 187
59 190
59 194
59 195
60 6
60 11
60 14
60 16
60 19
60 21
60 24
60 28
60 29
60 35
60 36
60 50
60 55
60 61
60 68
60 74
60 77
60 81
60 83
60 86
60 90
60 96
60 97
60 99
60 104
60 109
60 110
60 111
60 120
60 124
60 131
60 132
60 137
60 138
60 139
60 143
60 155
60 158
60 174
60 175
60 177
60 193
60 197
61 1
61 7
61 9
61 11
61 15
61 17
61 25
61 30
61 32
61 38
61 39
61 40
61 42
61 47
61 53
61 58
61 59
61 64
61 65
61 66
61 73
61 75
61 78
61 81
61 82
61 88
61 92
61 97
61 112
61 116
61 120
61 124
61 131
61 134
61 140
61 144
61 146
61 169
61 173
61 178
61 181
61 189
61 194
62 2
62 7
62 16
62 23
62 28
62 30
62 38
62 39
62 40
62 44
62 48
62 53
62 55
62 60
62 65
62 69
62 78
62 79
62 80
62 81
62 82
62 90
62 91
62 93
62 95
62 96
62 100
62 105
62 115
62 121
62 124
62 143
62 144
62 147
62 148
62 149
62 150
62 154
62 158
62 161
62 168
62 173
62 177
62 183
62 184
62 190
62 194
62 196
62 199
62 200
63 2
63 6
63 8
63 10
63 13
63 15
63 17
63 30
63 33
63 47
63 50
63 57
63 58
63 59
63 63
63 67
63 68
63 71
63 75
63 79
63 86
63 87
63 91
63 93
63 103
63 108
63 135
63 139
63 145
63 146
63 148
63 151
63 152
63 153
63 154
63 170
63 175
63 182
63 191
63 192
64 3
64 7
64 14
64 23
64 29
64 33
64 35
64 38
64 41
64 43
64 45
64 56
64 58
64 62
64 76
64 87
64 95
64 96
64 105
64 106
64 107
64 109
64 117
64 121
64 127
64 131
64 134
64 135
64 159
64 160
64 162
64 164
64 168
64 173
64 187
64 192
64 195
64 197
65 3
65 12
65 17
65 20
65 22
65 24
65 31
65 37
65 44
65 45
65 48
65 49
65 54
65 59
65 60
65 61
65 64
65 77
65 80
65 85
65 86
65 91
65 93
65 103
65 113
65 122
65 123
65 135
65 153
65 168
65 170
65 180
65 182
65 188
65 189
65 193
66 2
66 7
66 18
66 25
66 27
66 34
66 40
66 41
66 54
66 60
66 63
66 69
66 71
66 72
66 74
66 77
66 83
66 89
66 100
66 103
66 104
66 107
66 109
66 115
66 120
66 122
66 132
66 140
66 148
66 155
66 160
66 161
66 167
66 171
66 175
66 180
66 182
66 184
66 186
66 192
66 197
67 1
67 7
67 11
67 13
67 20
67 23
67 26
67 31
67 37
67 42
67 44
67 51
67 63
67 83
67 86
67 98
67 104
67 107
67 111
67 113
67 116
67 117
67 120
67 124
67 125
67 128
67 130
67 132
67 135
67 140
67 141
67 142
67 145
67 147
67 148
67 152
67 163
67 178
67 181
67 190
67 196
67 199
68 6
68 11
68 15
68 18
68 21
68 26
68 28
68 43
68 50
68 52
68 53
68 68
68 70
68 76
68 80
68 101
68 110
68 115
68 116
68 133
68 137
68 146
68 148
68 149
68 158
68 167
68 168
68 172
68 178
68 183
68 184
68 186
68 192
69 4
69 7
69 10
69 11
69 12
69 15
69 18
69 22
69 27
69 29
69 32
69 34
69 41
69 45
69 51
69 59
69 62
69 63
69 67
69 69
69 71
69 72
69 83
69 93
69 96
69 99
69 101
69 113
69 114
69 122
69 124
69 129
69 131
69 138
69 140
69 147
69 150
69 152
69 156
69 161
69 163
69 173
69 174
69 180
69 185
69 190
69 193
69 198
70 5
70 7
70 10
70 19
70 29
70 33
70 41
70 42
70 47
70 48
70 56
70 60
70 65
70 70
70 75
70 76
70 77
70 84
70 85
70 94
70 98
70 102
70 109
70 114
70 119
70 124
70 126
70 135
70 136
70 140
70 143
70 144
70 150
70 153
70 162
70 163
70 172
70 173
70 185
70 189
70 192
71 4
71 8
71 16
71 18
71 29
71 35
71 37
71 43
71 45
71 46
71 55
71 59
71 63
71 64
71 94
71 95
71 96
71 105
71 106
71 114
71 122
71 123
71 124
71 128
71 138
71 140
71 141
71 146
71 150
71 160
71 170
71 172
71 188
71 191
71 194
71 196
71 197
71 198
72 3
72 5
72 14
72 16
72 18
72 30
72 38
72 41
72 55
72 57
72 59
72 65
72 76
72 79
72 83
72 88
72 97
72 99
72 101
72 113
72 133
72 135
72 141
72 144
72 150
72 154
72 163
72 174
72 179
72 180
72 182
72 189
72 190
72 198
72 200
73 1
73 4
73 12
73 14
73 20
73 25
73 29
73 32
73 37
73 43
73 50
73 55
73 56
73 57
73 58
73 60
73 61
73 67
73 71
73 74
73 76
73 77
73 81
73 104
73 115
73 124
73 129
73 140
73 146
73 152
73 154
73 155
73 161
73 163
73 166
73 180
73 181
73 182
74 4
74 6
74 17
74 18
74 33
74 35
74 40
74 44
74 53
74 54
74 57
74 73
74 74
74 92
74 96
74 101
74 114
74 118
74 130
74 136
74 137
74 138
74 157
74 182
74 192
74 193
74 197
75 2
75 10
75 11
75 15
75 19
75 23
75 46
75 50
75 53
75 57
75 58
75 70
75 75
75 79
75 82
75 85
75 91
75 103
75 105
75 107
75 109
75 113
75 115
75 116
75 118
75 119
75 121
75 125
75 127
75 137
75 140
75 152
75 157
75 160
75 163
75 166
75 171
75 174
75 178
75 185
75 187
75 190
75 192
76 3
76 10
76 16
76 30
76 34
76 40
76 44
76 55
76 56
76 63
76 64
76 66
76 75
76 79
76 85
76 87
76 89
76 101
76 103
76 111
76 113
76 122
76 127
76 133
76 145
76 146
76 149
76 152
76 164
76 165
76 167
76 169
76 186
76 189
76 194
76 196
76 198
77 6
77 11
77 12
77 13
77 14
77 16
77 24
77 26
77 28
77 33
77 36
77 38
77 51
77 62
77 70
77 78
77 79
77 84
77 88
77 89
77 102
77 104
77 106
77 109
77 112
77 114
77 123
77 124
77 126
77 128
77 129
77 154
77 156
77 161
77 163
77 166
77 170
77 174
77 177
78 4
78 5
78 9
78 13
78 15
78 19
78 20
78 23
78 33
78 47
78 48
78 57
78 65
78 67
78 69
78 72
78 77
78 81
78 83
78 84
78 85
78 87
78 90
78 103
78 105
78 112
78 117
78 121
78 122
78 127
78 128
78 135
78 141
78 143
78 156
78 159
78 166
78 171
78 179
78 181
78 185
78 187
78 194
78 195
79 2
79 5
79 10
79 14
79 18
79 20
79 23
79 32
79 44
79 49
79 55
79 57
79 67
79 70
79 85
79 86
79 89
79 93
79 98
79 111
79 124
79 126
79 132
79 133
79 136
79 137
79 139
79 141
79 142
79 158
79 162
79 198
79 199
80 2
80 15
80 17
80 30
80 34
80 35
80 36
80 37
80 40
80 44
80 49
80 63
80 65
80 68
80 69
80 76
80 78
80 83
80 89
80 91
80 94
80 95
80 109
80 114
80 123
80 126
80 133
80 140
80 150
80 154
80 156
80 158
80 159
80 163
80 176
80 180
80 181
80 188
80 193
80 199
80 200
81 1
81 23
81 32
81 33
81 39
81 40
81 46
81 52
81 56
81 63
81 70
81 74
81 75
81 82
81 93
81 95
81 96
81 99
81 101
81 115
81 118
81 126
81 128
81 132
81 137
81 144
81 147
81 148
81 149
81 153
81 155
81 162
81 165
81 168
81 183
81 186
81 190
81 191
81 194
82 1
82 3
82 5
82 11
82 13
82 15
82 19
82 30
82 33
82 38
82 51
82 57
82 60
82 69
82 75
82 81
82 85
82 86
82 91
82 96
82 115
82 120
82 123
82 124
82 131
82 142
82 143
82 149
82 152
82 161
82 162
82 165
82 183
82 185
82 191
82 193
82 195
82 196
83 1
83 7
83 12
83 18
83 26
83 37
83 38
83 41
83 46
83 47
83 53
83 56
83 63
83 64
83 69
83 70
83 76
83 82
83 88
83 94
83 95
83 96
83 102
83 104
83 108
83 109
83 118
83 122
83 131
83 135
83 152
83 155
83 162
83 165
83 172
83 177
83 184
83 190
83 194
83 195
83 198
84 4
84 6
84 14
84 17
84 18
84 23
84 38
84 51
84 59
84 67
84 70
84 76
84 77
84 92
84 97
84 99
84 100
84 103
84 107
84 127
84 129
84 138
84 150
84 155
84 163
84 170
84 175
84 177
84 179
84 183
84 184
84 185
84 189
84 191
84 195
84 196
85 3
85 6
85 9
85 13
85 14
85 21
85 26
85 29
85 36
85 39
85 40
85 41
85 59
85 62
85 66
85 67
85 68
85 70
85 75
85 79
85 95
85 100
85 103
85 109
85 121
85 131
85 135
85 137
85 141
85 151
85 154
85 163
85 170
85 173
85 174
85 177
85 181
85 183
85 184
85 188
85 194
85 197
86 1
86 9
86 17
86 18
86 20
86 21
86 43
86 44
86 52
86 59
86 60
86 67
86 68
86 78
86 84
86 88
86 90
86 93
86 100
86 101
86 102
86 107
86 113
86 131
86 132
86 135
86 138
86 143
86 144
86 146
86 165
86 170
86 177
86 178
86 180
86 181
86 182
86 187
86 188
86 189
86 190
86 192
87 3
87 8
87 9
87 13
87 15
87 19
87 23
87 51
87 53
87 59
87 62
87 63
87 70
87 80
87 94
87 95
87 96
87 103
87 114
87 118
87 120
87 121
87 124
87 137
87 146
87 147
87 151
87 159
87 161
87 164
87 169
87 174
87 175
87 181
87 182
87 192
87 198
87 199
88 1
88 8
88 15
88 16
88 22
88 28
88 35
88 36
88 37
88 38
88 46
88 51
88 56
88 59
88 72
88 76
88 78
88 88
88 89
88 98
88 106
88 118
88 121
88 129
88 131
88 132
88 133
88 143
88 148
88 153
88 156
88 161
88 168
88 173
88 175
88 179
88 182
88 186
88 199
89 8
89 9
89 20
89 29
89 32
89 37
89 41
89 50
89 51
89 53
89 56
89 63
89 66
89 70
89 81
89 82
89 83
89 85
89 89
89 90
89 91
89 96
89 98
89 99
89 101
89 107
89 112
89 115
89 119
89 127
89 128
89 131
89 137
89 145
89 147
89 152
89 153
89 154
89 157
89 168
89 171
89 175
89 183
89 188
89 193
89 195
90 1
90 7
90 14
90 19
90 21
90 24
90 26
90 35
90 36
90 37
90 40
90 44
90 45
90 46
90 47
90 75
90 76
90 78
90 80
90 89
90 95
90 100
90 103
90 106
90 110
90 125
90 131
90 138
90 141
90 144
90 147
90 175
90 186
90 196
90 198
90 200
91 1
91 2
91 3
91 7
91 14
91 15
91 16
91 18
91 19
91 21
91 23
91 29
91 32
91 36
91 37
91 38
91 46
91 51
91 60
91 63
91 67
91 76
91 80
91 100
91 101
91 105
91 106
91 112
91 117
91 120
91 122
91 125
91 129
91 139
91 140
91 153
91 155
91 170
91 174
91 175
91 178
91 179
91 183
91 192
92 3
92 9
92 10
92 20
92 26
92 27
92 31
92 32
92 40
92 41
92 52
92 53
92 58
92 61
92 75
92 81
92 84
92 90
92 93
92 94
92 103
92 111
92 112
92 122
92 125
92 138
92 140
92 159
92 163
92 176
92 182
92 195
92 200
93 1
93 4
93 6
93 13
93 14
93 19
93 21
93 22
93 25
93 30
93 34
93 36
93 53
93 56
93 59
93 60
93 64
93 66
93 70
93 79
93 88
93 90
93 100
93 103
93 106
93 112
93 113
93 115
93 120
93 127
93 133
93 137
93 147
93 148
93 173
93 180
93 187
94 8
94 13
94 19
94 22
94 23
94 31
94 37
94 46
94 49
94 53
94 57
94 67
94 74
94 76
94 85
94 88
94 89
94 102
94 107
94 108
94 109
94 113
94 119
94 121
94 131
94 132
94 134
94 138
94 139
94 143
94 144
94 145
94 155
94 157
94 162
94 168
94 171
94 179
94 186
94 192
94 194
95 5
95 8
95 16
95 25
95 26
95 30
95 34
95 38
95 42
95 51
95 53
95 54
95 57
95 61
95 62
95 65
95 73
95 79
95 81
95 99
95 101
95 102
95 111
95 113
95 118
95 121
95 129
95 132
95 134
95 135
95 140
95 141
95 146
95 150
95 164
95 165
95 169
95 172
95 173
95 181
96 7
96 23
96 30
96 34
96 35
96 46
96 49
96 54
96 63
96 64
96 67
96 72
96 76
96 78
96 86
96 88
96 96
96 97
96 98
96 103
96 105
96 113
96 127
96 131
96 132
96 133
96 134
96 138
96 140
96 141
96 150
96 153
96 154
96 160
96 165
96 176
96 187
96 188
96 192
96 195
96 196
97 3
97 8
97 9
97 10
97 26
97 27
97 37
97 42
97 55
97 65
97 70
97 98
97 99
97 100
97 109
97 116
97 122
97 125
97 128
97 129
97 131
97 132
97 136
97 143
97 145
97 158
97 165
97 180
97 185
97 187
97 191
97 198
97 199
98 3
98 5
98 9
98 13
98 18
98 19
98 21
98 25
98 30
98 32
98 38
98 43
98 47
98 53
98 71
98 79
98 84
98 90
98 99
98 100
98 109
98 111
98 113
98 114
98 124
98 129
98 151
98 154
98 166
98 168
98 171
98 183
98 193
98 199
99 1
99 12
99 21
99 22
99 28
99 36
99 43
99 44
99 46
99 49
99 57
99 59
99 65
99 66
99 69
99 72
99 78
99 82
99 83
99 88
99 89
99 92
99 105
99 108
99 112
99 113
99 114
99 118
99 119
99 121
99 129
99 132
99 134
99 137
99 138
99 139
99 152
99 171
99 176
99 184
99 188
99 189
99 197
100 5
100 8
100 10
100 15
100 20
100 22
100 27
100 28
100 29
100 34
100 35
100 41
100 45
100 49
100 50
100 54
100 56
100 64
100 65
100 67
100 73
100 77
100 90
100 91
100 102
100 112
100 115
100 120
100 121
100 128
100 143
100 147
100 148
100 151
100 156
100 165
100 172
100 173
100 174
100 179
100 187
100 192
100 193
100 199
101 5
101 6
101 11
101 16
101 18
101 21
101 26
101 32
101 40
101 50
101 54
101 65
101 68
101 84
101 96
101 99
101 102
101 113
101 121
101 123
101 127
101 131
101 135
101 141
101 155
101 156
101 157
101 158
101 166
101 175
101 186
101 189
101 195
101 197
101 199
101 200
102 10
102 12
102 15
102 18
102 25
102 28
102 41
102 45
102 47
102 54
102 61
102 64
102 67
102 79
102 87
102 88
102 89
102 90
102 101
102 104
102 109
102 112
102 126
102 129
102 130
102 137
102 154
102 155
102 157
102 160
102 163
102 173
102 187
102 190
102 193
102 195
103 5
103 8
103 12
103 18
103 21
103 23
103 26
103 28
103 30
103 37
103 53
103 55
103 57
103 61
103 71
103 73
103 74
103 76
103 78
103 79
103 89
103 91
103 93
103 101
103 103
103 110
103 111
103 115
103 116
103 118
103 123
103 128
103 131
103 136
103 138
103 140
103 148
103 155
103 160
103 166
103 174
103 180
103 192
104 5
104 12
104 16
104 23
104 29
104 32
104 35
104 38
104 47
104 54
104 57
104 60
104 65
104 67
104 71
104 74
104 81
104 85
104 88
104 91
104 92
104 93
104 95
104 98
104 104
104 107
104 114
104 115
104 122
104 135
104 136
104 137
104 139
104 141
104 144
104 145
104 156
104 159
104 169
104 173
104 175
104 185
104 192
104 194
104 196
105 7
105 9
105 12
105 15
105 16
105 19
105 25
105 29
105 30
105 34
105 36
105 40
105 42
105 46
105 49
105 50
105 53
105 54
105 58
105 60
105 64
105 66
105 73
105 76
105 77
105 79
105 80
105 85
105 87
105 90
105 100
105 104
105 107
105 111
105 113
105 116
105 130
105 136
105 139
105 140
105 146
105 166
105 172
105 182
105 192
105 194
105 200
106 1
106 4
106 7
106 8
106 14
106 16
106 19
106 26
106 31
106 33
106 41
106 43
106 46
106 47
106 54
106 55
106 59
106 63
106 72
106 81
106 90
106 91
106 92
106 94
106 98
106 99
106 107
106 109
106 112
106 119
106 124
106 137
106 139
106 143
106 152
106 159
106 170
106 178
106 192
106 196
107 30
107 31
107 36
107 63
107 66
107 72
107 78
107 80
107 82
107 85
107 87
107 97
107 98
107 99
107 108
107 109
107 126
107 130
107 138
107 140
107 141
107 144
107 152
107 153
107 156
107 164
107 169
107 174
107 175
107 177
107 178
107 184
107 186
107 192
107 193
107 200
108 3
108 16
108 27
108 29
108 36
108 38
108 45
108 60
108 62
108 73
108 79
108 80
108 88
108 91
108 94
108 97
108 102
108 107
108 111
108 115
108 122
108 124
108 135
108 138
108 139
108 140
108 148
108 155
108 168
108 172
108 176
108 182
108 190
108 191
108 194
109 24
109 25
109 26
109 28
109 29
109 32
109 37
109 40
109 56
109 59
109 60
109 65
109 67
109 72
109 76
109 78
109 80
109 83
109 85
109 87
109 90
109 92
109 106
109 108
109 110
109 116
109 122
109 139
109 154
109 165
109 170
109 173
109 174
109 175
109 185
109 192
110 5
110 10
110 15
110 17
110 21
110 23
110 26
110 27
110 31
110 35
110 36
110 43
110 49
110 51
110 68
110 70
110 72
110 73
110 82
110 89
110 98
110 104
110 114
110 115
110 116
110 120
110 133
110 148
110 153
110 154
110 158
110 174
110 175
110 181
110 187
110 199
111 1
111 2
111 3
111 5
111 11
111 19
111 20
111 22
111 23
111 25
111 26
111 27
111 28
111 30
111 31
111 34
111 44
111 50
111 52
111 55
111 59
111 64
111 69
111 72
111 74
111 76
111 85
111 93
111 104
111 105
111 106
111 107
111 113
111 122
111 124
111 129
111 130
111 131
111 132
111 133
111 141
111 142
111 143
111 147
111 158
111 159
111 160
111 162
111 173
111 177
111 182
111 185
111 187
111 192
111 200
112 1
112 5
112 20
112 21
112 48
112 53
112 61
112 65
112 72
112 75
112 84
112 85
112 93
112 94
112 98
112 99
112 105
112 107
112 111
112 113
112 118
112 139
112 143
112 146
112 158
112 160
112 164
112 169
112 173
112 176
112 181
113 11
113 12
113 18
113 30
113 31
113 33
113 34
113 38
113 40
113 47
113 53
113 54
113 55
113 61
113 67
113 82
113 87
113 92
113 95
113 96
113 97
113 106
113 107
113 112
113 116
113 117
113 126
113 136
113 148
113 150
113 162
113 166
113 172
113 182
113 188
113 200
114 1
114 7
114 8
114 11
114 15
114 22
114 26
114 31
114 34
114 44
114 47
114 48
114 58
114 60
114 65
114 68
114 77
114 78
114 84
114 85
114 86
114 95
114 97
114 101
114 103
114 109
114 110
114 111
114 112
114 113
114 120
114 127
114 140
114 144
114 152
114 154
114 158
114 168
114 179
114 181
114 184
114 189
114 192
115 1
115 9
115 13
115 19
115 20
115 24
115 27
115 39
115 40
115 41
115 56
115 62
115 65
115 68
115 71
115 73
115 88
115 90
115 100
115 103
115 111
115 114
115 115
115 123
115 124
115 130
115 136
115 143
115 144
115 155
115 158
115 162
115 165
115 168
115 171
115 172
115 173
115 185
115 187
115 189
116 3
116 4
116 6
116 18
116 29
116 31
116 42
116 56
116 61
116 65
116 82
116 92
116 97
116 105
116 107
116 112
116 117
116 118
116 122
116 124
116 132
116 133
116 134
116 141
116 152
116 164
116 172
116 179
116 185
116 190
116 194
116 196
117 2
117 4
117 5
117 11
117 19
117 23
117 26
117 32
117 33
117 34
117 39
117 42
117 47
117 49
117 55
117 57
117 59
117 72
117 80
117 84
117 89
117 92
117 97
117 99
117 102
117 104
117 114
117 120
117 129
117 130
117 136
117 144
117 152
117 158
117 163
117 164
117 165
117 166
117 167
117 190
117 191
117 196
117 197
118 14
118 16
118 17
118 22
118 26
118 32
118 41
118 42
118 49
118 50
118 52
118 53
118 57
118 61
118 64
118 67
118 68
118 69
118 71
118 81
118 84
118 85
118 95
118 98
118 99
118 108
118 109
118 111
118 113
118 115
118 130
118 134
118 136
118 150
118 156
118 157
118 160
118 165
118 168
118 169
118 173
118 176
118 179
118 181
118 194
118 199
119 8
119 13
119 17
119 18
119 21
119 24
119 25
119 29
119 30
119 35
119 52
119 53
119 55
119 62
119 63
119 68
119 77
119 81
119 82
119 85
119 87
119 88
119 92
119 102
119 103
119 114
119 118
119 121
119 129
119 130
119 134
119 143
119 144
119 146
119 162
119 166
119 168
119 172
119 181
119 186
119 189
119 192
119 194
120 13
120 14
120 23
120 24
120 33
120 43
120 44
120 49
120 55
120 59
120 70
120 72
120 73
120 75
120 77
120 82
120 83
120 88
120 95
120 97
120 107
120 108
120 139
120 145
120 148
120 156
120 160
120 161
120 166
120 167
120 174
120 187
120 190
120 196
121 15
121 18
121 21
121 22
121 26
121 29
121 37
121 42
121 43
121 62
121 71
121 77
121 88
121 91
121 95
121 96
121 106
121 107
121 110
121 112
121 118
121 121
121 130
121 140
121 144
121 147
121 151
121 152
121 158
121 161
121 164
121 165
121 178
121 179
121 180
122 4
122 7
122 9
122 25
122 29
122 31
122 40
122 55
122 57
122 59
122 62
122 63
122 65
122 67
122 69
122 73
122 74
122 80
122 82
122 83
122 87
122 88
122 107
122 122
122 124
122 125
122 129
122 137
122 139
122 147
122 161
122 172
122 184
122 193
122 196
123 1
123 7
123 21
123 35
123 37
123 39
123 43
123 46
123 49
123 54
123 55
123 57
123 62
123 63
123 66
123 68
123 77
123 82
123 85
123 86
123 88
123 89
123 92
123 93
123 104
123 105
123 106
123 117
123 124
123 127
123 132
123 136
123 141
123 144
123 150
123 159
123 160
123 168
123 176
123 180
123 187
123 188
123 190
123 192
123 194
123 195
124 2
124 12
124 13
124 20
124 26
124 28
124 29
124 38
124 39
124 44
124 50
124 56
124 57
124 59
124 66
124 67
124 77
124 81
124 82
124 98
124 107
124 122
124 135
124 136
124 140
124 144
124 148
124 157
124 158
124 163
124 170
124 173
124 176
124 181
124 184
124 186
124 192
124 199
125 11
125 17
125 21
125 29
125 30
125 33
125 34
125 45
125 49
125 50
125 51
125 53
125 54
125 55
125 60
125 62
125 70
125 71
125 72
125 74
125 77
125 81
125 88
125 90
125 93
125 95
125 105
125 109
125 110
125 115
125 116
125 122
125 125
125 130
125 135
125 136
125 139
125 152
125 160
125 164
125 173
125 190
125 194
125 200
126 16
126 17
126 21
126 22
126 24
126 31
126 45
126 55
126 63
126 64
126 69
126 77
126 94
126 100
126 101
126 103
126 105
126 108
126 124
126 127
126 133
126 141
126 145
126 148
126 153
126 159
126 165
126 169
126 179
126 182
126 187
126 190
126 192
126 195
126 198
126 200
127 8
127 25
127 28
127 30
127 33
127 34
127 35
127 36
127 38
127 45
127 51
127 52
127 54
127 60
127 61
127 69
127 88
127 101
127 105
127 113
127 114
127 121
127 123
127 146
127 147
127 159
127 161
127 172
127 178
127 179
127 185
127 189
127 193
128 1
128 7
128 8
128 12
128 19
128 20
128 25
128 26
128 28
128 29
128 35
128 38
128 40
128 52
128 56
128 60
128 62
128 69
128 71
128 81
128 82
128 88
128 90
128 97
128 98
128 100
128 102
128 116
128 122
128 125
128 132
128 144
128 149
128 154
128 179
128 180
128 188
128 189
128 196
128 199
128 200
129 13
129 15
129 23
129 31
129 43
129 44
129 47
129 49
129 50
129 52
129 53
129 58
129 61
129 63
129 72
129 76
129 79
129 87
129 88
129 95
129 98
129 100
129 101
129 116
129 126
129 131
129 132
129 133
129 143
129 155
129 163
129 165
129 166
129 168
129 174
129 175
129 176
129 184
129 185
129 189
129 193
130 3
130 13
130 15
130 18
130 19
130 21
130 38
130 42
130 44
130 58
130 63
130 66
130 68
130 70
130 73
130 79
130 87
130 90
130 98
130 104
130 109
130 110
130 113
130 117
130 122
130 125
130 128
130 140
130 150
130 164
130 169
130 176
130 179
130 181
130 182
130 185
130 187
130 190
130 197
130 200
131 5
131 6
131 11
131 20
131 28
131 39
131 41
131 46
131 50
131 60
131 61
131 72
131 75
131 77
131 81
131 88
131 99
131 112
131 115
131 118
131 149
131 156
131 160
131 171
131 177
131 191
131 194
131 195
131 196
132 2
132 6
132 8
132 11
132 14
132 16
132 20
132 28
132 29
132 38
132 50
132 52
132 57
132 60
132 66
132 69
132 70
132 71
132 73
132 74
132 83
132 93
132 104
132 112
132 113
132 115
132 117
132 121
132 122
132 123
132 137
132 139
132 151
132 152
132 160
132 161
132 163
132 164
132 171
132 174
132 178
132 180
132 187
132 188
132 193
132 199
132 200
133 2
133 3
133 12
133 16
133 22
133 26
133 27
133 30
133 33
133 38
133 39
133 43
133 45
133 53
133 57
133 58
133 72
133 73
133 75
133 85
133 86
133 105
133 110
133 111
133 114
133 117
133 129
133 134
133 135
133 148
133 153
133 155
133 158
133 159
133 163
133 168
133 174
133 177
133 183
133 188
133 189
133 193
133 195
133 197
133 200
134 13
134 16
134 19
134 22
134 24
134 32
134 38
134 52
134 56
134 59
134 65
134 80
134 88
134 89
134 95
134 107
134 112
134 117
134 120
134 121
134 124
134 128
134 130
134 131
134 139
134 141
134 142
134 149
134 151
134 166
134 173
134 175
134 177
134 180
134 185
135 7
135 8
135 18
135 25
135 31
135 41
135 50
135 57
135 66
135 67
135 75
135 82
135 83
135 84
135 86
135 94
135 95
135 96
135 97
135 102
135 107
135 111
135 116
135 117
135 119
135 120
135 133
135 139
135 157
135 159
135 164
135 166
135 167
135 176
135 180
135 182
135 190
135 194
136 11
136 18
136 22
136 34
136 45
136 51
136 54
136 55
136 57
136 79
136 94
136 95
136 99
136 101
136 103
136 104
136 119
136 128
136 135
136 136
136 148
136 153
136 160
136 167
136 175
136 185
136 195
137 2
137 6
137 20
137 28
137 30
137 31
137 32
137 36
137 46
137 52
137 54
137 61
137 63
137 65
137 82
137 95
137 104
137 105
137 107
137 110
137 113
137 123
137 125
137 127
137 131
137 133
137 134
137 137
137 143
137 148
137 150
137 153
137 156
137 162
137 165
137 167
137 168
137 180
137 182
137 183
137 185
137 186
137 189
137 200
138 10
138 14
138 17
138 35
138 37
138 41
138 43
138 59
138 64
138 65
138 75
138 78
138 84
138 94
138 102
138 106
138 108
138 113
138 114
138 115
138 124
138 127
138 128
138 133
138 135
138 136
138 140
138 142
138 144
138 147
138 148
138 150
138 154
138 155
138 165
138 170
138 172
138 176
138 177
138 178
138 185
138 188
138 190
138 193
138 199
139 1
139 9
139 12
139 13
139 23
139 30
139 31
139 32
139 36
139 40
139 43
139 48
139 49
139 60
139 64
139 65
139 66
139 69
139 70
139 73
139 85
139 89
139 102
139 107
139 108
139 113
139 118
139 119
139 121
139 125
139 127
139 134
139 136
139 139
139 140
139 143
139 144
139 145
139 149
139 151
139 155
139 156
139 157
139 168
139 181
139 182
139 185
139 190
139 193
139 194
139 198
139 199
140 5
140 6
140 8
140 9
140 15
140 27
140 32
140 33
140 37
140 38
140 39
140 42
140 45
140 46
140 49
140 50
140 51
140 52
140 53
140 54
140 72
140 78
140 83
140 84
140 88
140 89
140 115
140 121
140 125
140 130
140 141
140 144
140 151
140 155
140 164
140 173
140 180
140 184
140 190
140 193
140 195
141 2
141 11
141 34
141 39
141 42
141 46
141 51
141 52
141 64
141 70
141 80
141 91
141 110
141 115
141 116
141 117
141 118
141 132
141 135
141 138
141 142
141 143
141 145
141 146
141 149
141 162
141 168
141 169
141 176
141 177
141 197
142 20
142 26
142 27
142 32
142 48
142 52
142 54
142 56
142 68
142 70
142 84
142 89
142 101
142 103
142 104
142 112
142 114
142 115
142 120
142 122
142 124
142 133
142 136
142 142
142 151
142 157
142 169
142 170
142 174
142 178
142 186
142 187
142 199
143 7
143 17
143 21
143 25
143 30
143 35
143 37
143 46
143 47
143 48
143 50
143 52
143 59
143 68
143 69
143 80
143 86
143 94
143 100
143 117
143 119
143 120
143 132
143 133
143 135
143 140
143 141
143 157
143 158
143 159
143 161
143 173
143 176
143 178
143 183
143 187
143 190
143 195
144 1
144 2
144 19
144 23
144 24
144 30
144 32
144 33
144 34
144 37
144 44
144 45
144 57
144 58
144 65
144 66
144 69
144 79
144 85
144 94
144 98
144 100
144 101
144 109
144 118
144 123
144 125
144 126
144 128
144 129
144 133
144 139
144 141
144 144
144 151
144 163
144 170
144 172
144 173
144 179
144 180
144 187
144 189
144 194
144 198
145 7
145 12
145 16
145 17
145 39
145 44
145 53
145 55
145 59
145 61
145 63
145 65
145 66
145 76
145 83
145 87
145 96
145 97
145 99
145 100
145 102
145 103
145 104
145 107
145 111
145 112
145 113
145 118
145 126
145 131
145 136
145 145
145 147
145 152
145 161
145 176
145 188
145 190
145 194
146 1
146 14
146 17
146 20
146 21
146 30
146 31
146 34
146 36
146 37
146 38
146 46
146 50
146 54
146 58
146 62
146 63
146 64
146 65
146 67
146 69
146 86
146 93
146 95
146 98
146 101
146 104
146 106
146 108
146 110
146 111
146 115
146 117
146 125
146 127
146 138
146 140
146 142
146 143
146 144
146 145
146 148
146 157
146 160
146 161
146 170
146 175
146 178
146 187
146 195
147 1
147 4
147 6
147 15
147 21
147 23
147 26
147 30
147 37
147 39
147 44
147 47
147 63
147 77
147 85
147 91
147 96
147 98
147 100
147 103
147 105
147 110
147 112
147 113
147 122
147 131
147 133
147 134
147 145
147 147
147 148
147 150
147 157
147 158
147 161
147 168
147 169
147 173
147 178
147 187
147 191
147 200
148 14
148 18
148 23
148 24
148 25
148 29
148 31
148 37
148 39
148 42
148 45
148 47
148 49
148 50
148 55
148 57
148 59
148 62
148 68
148 74
148 75
148 87
148 89
148 95
148 97
148 98
148 101
148 103
148 104
148 106
148 109
148 120
148 121
148 136
148 137
148 139
148 140
148 144
148 153
148 157
148 164
148 176
148 180
148 183
148 184
148 187
148 189
148 200
149 5
149 6
149 25
149 28
149 31
149 32
149 42
149 47
149 58
149 59
149 82
149 83
149 84
149 102
149 108
149 117
149 119
149 124
149 129
149 131
149 134
149 135
149 137
149 149
149 154
149 156
149 157
149 159
149 171
149 176
149 177
149 179
149 190
149 193
150 7
150 11
150 13
150 17
150 18
150 19
150 30
150 34
150 37
150 42
150 43
150 47
150 48
150 49
150 53
150 56
150 57
150 60
150 61
150 62
150 68
150 74
150 75
150 78
150 83
150 84
150 95
150 102
150 103
150 104
150 105
150 113
150 116
150 135
150 138
150 140
150 144
150 154
150 164
150 167
150 168
150 169
150 173
150 177
150 178
150 183
150 186
150 190
