150 200 24 38 6034
1 3
1 8
1 10
1 14
1 19
1 30
1 31
1 32
1 36
1 47
1 50
1 52
1 64
1 66
1 70
1 76
1 77
1 79
1 80
1 83
1 92
1 93
1 99
1 103
1 112
1 124
1 128
1 131
1 134
1 138
1 139
1 141
1 142
1 146
1 147
1 153
1 156
1 159
1 171
1 172
1 180
1 189
1 195
2 6
2 7
2 17
2 47
2 51
2 54
2 61
2 73
2 78
2 83
2 84
2 85
2 88
2 89
2 98
2 109
2 115
2 118
2 126
2 130
2 132
2 133
2 136
2 147
2 154
2 157
2 158
2 169
2 178
2 198
2 199
3 1
3 6
3 9
3 12
3 13
3 18
3 19
3 21
3 23
3 25
3 26
3 30
3 34
3 45
3 50
3 51
3 52
3 62
3 66
3 86
3 87
3 95
3 100
3 102
3 104
3 105
3 107
3 113
3 132
3 136
3 138
3 141
3 142
3 146
3 150
3 155
3 159
3 160
3 162
3 164
3 165
3 167
3 168
3 170
3 174
3 176
3 177
3 178
3 183
3 185
3 196
3 198
4 1
4 5
4 8
4 28
4 34
4 38
4 55
4 57
4 84
4 85
4 91
4 92
4 97
4 98
4 104
4 105
4 106
4 107
4 112
4 116
4 124
4 125
4 130
4 133
4 137
4 149
4 150
4 157
4 164
4 168
4 173
4 174
4 188
4 191
4 200
5 1
5 2
5 6
5 8
5 20
5 21
5 31
5 37
5 39
5 41
5 42
5 53
5 54
5 55
5 60
5 61
5 67
5 70
5 73
5 74
5 76
5 77
5 85
5 88
5 96
5 98
5 99
5 102
5 107
5 122
5 124
5 127
5 134
5 142
5 147
5 148
5 150
5 154
5 155
5 163
5 169
5 173
5 178
5 183
5 186
5 189
5 195
5 200
6 5
6 9
6 20
6 31
6 36
6 46
6 49
6 64
6 67
6 69
6 72
6 74
6 81
6 86
6 88
6 90
6 93
6 100
6 101
6 106
6 110
6 111
6 122
6 133
6 137
6 151
6 153
6 158
6 160
6 162
6 165
6 169
6 177
6 184
6 191
6 199
7 1
7 3
7 6
7 9
7 11
7 22
7 24
7 28
7 35
7 43
7 48
7 49
7 63
7 65
7 67
7 68
7 70
7 73
7 77
7 83
7 85
7 104
7 107
7 115
7 119
7 120
7 125
7 131
7 134
7 139
7 143
7 145
7 151
7 155
7 158
7 161
7 170
7 171
7 172
7 174
7 177
7 181
7 183
7 190
7 198
8 7
8 10
8 21
8 25
8 29
8 40
8 44
8 47
8 48
8 54
8 67
8 70
8 71
8 73
8 74
8 78
8 79
8 80
8 83
8 88
8 102
8 104
8 106
8 110
8 117
8 125
8 144
8 145
8 147
8 156
8 170
8 172
8 177
8 181
8 182
8 188
8 189
8 192
8 196
8 198
9 1
9 3
9 6
9 24
9 36
9 37
9 43
9 46
9 48
9 55
9 56
9 63
9 66
9 68
9 70
9 85
9 91
9 92
9 97
9 100
9 110
9 114
9 122
9 131
9 134
9 136
9 157
9 164
9 181
9 182
9 184
9 197
9 199
9 200
10 5
10 10
10 15
10 21
10 28
10 30
10 32
10 38
10 44
10 47
10 49
10 53
10 60
10 65
10 73
10 75
10 76
10 77
10 80
10 85
10 86
10 96
10 101
10 103
10 113
10 118
10 127
10 129
10 131
10 137
10 154
10 155
10 158
10 160
10 162
10 168
10 176
10 183
10 184
10 190
10 192
10 195
10 197
10 199
11 7
11 8
11 11
11 17
11 18
11 20
11 27
11 29
11 34
11 35
11 36
11 38
11 39
11 46
11 48
11 56
11 70
11 73
11 74
11 79
11 92
11 95
11 98
11 100
11 102
11 106
11 107
11 115
11 119
11 121
11 122
11 130
11 135
11 141
11 145
11 150
11 154
11 156
11 158
11 160
11 183
11 189
11 192
11 197
12 8
12 11
12 14
12 20
12 29
12 35
12 36
12 39
12 43
12 44
12 46
12 52
12 55
12 61
12 66
12 68
12 76
12 80
12 95
12 98
12 101
12 120
12 132
12 136
12 146
12 152
12 157
12 161
12 168
12 177
12 191
12 196
13 1
13 2
13 4
13 8
13 20
13 21
13 25
13 26
13 28
13 34
13 37
13 43
13 54
13 64
13 68
13 70
13 73
13 74
13 76
13 79
13 82
13 85
13 94
13 95
13 103
13 107
13 108
13 110
13 112
13 115
13 119
13 126
13 136
13 142
13 147
13 151
13 153
13 157
13 160
13 164
13 170
13 173
13 176
13 187
14 3
14 8
14 10
14 11
14 15
14 19
14 21
14 34
14 38
14 43
14 49
14 55
14 58
14 59
14 68
14 71
14 72
14 83
14 84
14 85
14 87
14 90
14 93
14 95
14 96
14 97
14 100
14 106
14 110
14 115
14 130
14 134
14 144
14 147
14 161
14 163
14 164
14 177
14 179
14 183
14 189
14 190
15 2
15 12
15 17
15 18
15 19
15 22
15 30
15 35
15 37
15 41
15 47
15 59
15 62
15 66
15 67
15 73
15 75
15 88
15 102
15 104
15 120
15 122
15 124
15 128
15 129
15 131
15 132
15 133
15 138
15 141
15 142
15 153
15 156
15 159
15 161
15 165
15 171
15 175
15 180
15 182
15 183
15 186
15 190
16 3
16 4
16 8
16 9
16 12
16 17
16 19
16 20
16 32
16 33
16 39
16 43
16 48
16 49
16 53
16 56
16 69
16 75
16 87
16 94
16 102
16 103
16 108
16 115
16 125
16 127
16 132
16 139
16 140
16 148
16 149
16 151
16 152
16 159
16 161
16 165
16 172
16 174
16 175
16 188
16 193
17 8
17 15
17 16
17 18
17 20
17 23
17 26
17 47
17 50
17 57
17 64
17 67
17 70
17 79
17 81
17 86
17 89
17 90
17 95
17 100
17 107
17 117
17 118
17 122
17 126
17 130
17 140
17 143
17 144
17 149
17 158
17 162
17 169
17 170
17 172
17 177
17 183
17 191
17 199
18 1
18 3
18 10
18 11
18 12
18 13
18 15
18 21
18 30
18 34
18 38
18 50
18 55
18 61
18 64
18 74
18 81
18 86
18 87
18 88
18 90
18 99
18 108
18 109
18 110
18 115
18 117
18 123
18 124
18 130
18 132
18 135
18 139
18 142
18 153
18 154
18 155
18 165
18 168
18 169
18 173
18 174
18 179
18 185
18 186
18 196
18 200
19 3
19 16
19 23
19 42
19 50
19 58
19 59
19 65
19 68
19 76
19 80
19 85
19 94
19 95
19 98
19 104
19 110
19 112
19 114
19 121
19 122
19 126
19 127
19 128
19 133
19 136
19 139
19 140
19 147
19 155
19 160
19 162
19 164
19 166
19 178
19 194
19 199
20 2
20 5
20 8
20 14
20 24
20 29
20 34
20 36
20 37
20 42
20 47
20 52
20 53
20 56
20 68
20 71
20 78
20 79
20 81
20 84
20 93
20 99
20 105
20 114
20 126
20 128
20 129
20 131
20 133
20 136
20 138
20 149
20 150
20 151
20 160
20 162
20 171
20 189
20 196
21 10
21 13
21 20
21 23
21 24
21 33
21 35
21 46
21 62
21 72
21 73
21 80
21 85
21 88
21 94
21 96
21 99
21 107
21 109
21 110
21 111
21 125
21 127
21 148
21 155
21 156
21 159
21 162
21 169
21 183
21 195
22 2
22 4
22 8
22 17
22 18
22 24
22 28
22 29
22 39
22 42
22 43
22 47
22 53
22 59
22 60
22 61
22 67
22 73
22 74
22 79
22 83
22 89
22 99
22 115
22 121
22 134
22 136
22 140
22 143
22 144
22 146
22 148
22 152
22 160
22 172
22 179
22 181
22 188
22 195
22 196
22 197
22 200
23 2
23 3
23 10
23 17
23 29
23 30
23 36
23 38
23 46
23 54
23 56
23 60
23 71
23 75
23 80
23 86
23 87
23 88
23 89
23 91
23 93
23 94
23 97
23 103
23 104
23 115
23 118
23 126
23 130
23 139
23 145
23 147
23 162
23 165
23 173
23 176
23 178
23 185
23 189
23 190
23 198
25 1
25 4
25 15
25 29
25 30
25 31
25 33
25 37
25 47
25 51
25 56
25 63
25 68
25 71
25 76
25 78
25 80
25 89
25 98
25 102
25 104
25 107
25 111
25 116
25 120
25 124
25 125
25 127
25 135
25 140
25 144
25 146
25 148
25 157
25 158
25 159
25 168
25 173
25 177
25 180
25 183
25 195
25 197
26 8
26 14
26 16
26 18
26 20
26 28
26 33
26 38
26 44
26 58
26 60
26 78
26 81
26 82
26 86
26 91
26 92
26 99
26 102
26 106
26 110
26 113
26 130
26 132
26 133
26 135
26 140
26 145
26 146
26 150
26 166
26 167
26 171
26 174
26 178
26 181
26 186
26 187
26 191
26 194
26 195
27 1
27 4
27 9
27 22
27 23
27 33
27 34
27 39
27 43
27 44
27 45
27 52
27 53
27 60
27 63
27 65
27 71
27 73
27 82
27 93
27 96
27 98
27 102
27 109
27 117
27 128
27 130
27 131
27 138
27 143
27 145
27 152
27 153
27 155
27 158
27 161
27 165
27 166
27 170
27 172
27 173
27 184
27 187
27 195
27 199
28 2
28 5
28 12
28 17
28 18
28 19
28 20
28 23
28 24
28 25
28 36
28 37
28 40
28 42
28 46
28 54
28 71
28 73
28 76
28 80
28 88
28 100
28 108
28 120
28 124
28 126
28 127
28 130
28 132
28 137
28 138
28 141
28 145
28 146
28 147
28 148
28 153
28 155
28 156
28 157
28 160
28 162
28 171
28 181
28 185
28 189
29 4
29 5
29 11
29 18
29 26
29 30
29 35
29 40
29 42
29 49
29 51
29 54
29 58
29 63
29 67
29 68
29 78
29 79
29 86
29 87
29 94
29 95
29 108
29 115
29 117
29 121
29 126
29 133
29 144
29 146
29 150
29 151
29 158
29 159
29 167
29 171
29 172
29 175
29 177
29 178
29 179
29 182
29 183
29 184
29 194
29 195
30 3
30 5
30 12
30 14
30 21
30 22
30 28
30 31
30 34
30 35
30 36
30 42
30 50
30 51
30 63
30 65
30 77
30 81
30 82
30 84
30 85
30 86
30 87
30 89
30 96
30 104
30 105
30 112
30 114
30 116
30 131
30 133
30 134
30 136
30 140
30 142
30 144
30 147
30 149
30 169
30 177
30 181
30 193
30 195
30 200
31 22
31 24
31 29
31 44
31 57
31 65
31 67
31 69
31 76
31 82
31 92
31 95
31 105
31 107
31 108
31 109
31 113
31 122
31 123
31 128
31 132
31 137
31 139
31 146
31 147
31 148
31 150
31 164
31 165
31 171
31 172
31 181
31 185
31 187
31 189
31 190
31 191
31 193
31 197
31 198
31 199
32 5
32 18
32 22
32 24
32 27
32 29
32 31
32 34
32 37
32 38
32 39
32 40
32 45
32 46
32 47
32 53
32 64
32 70
32 73
32 80
32 83
32 86
32 90
32 102
32 104
32 106
32 109
32 110
32 111
32 125
32 133
32 137
32 139
32 149
32 156
32 173
32 175
32 181
32 183
32 185
32 196
32 198
32 199
33 4
33 5
33 8
33 9
33 13
33 21
33 24
33 38
33 42
33 67
33 75
33 77
33 81
33 84
33 105
33 107
33 109
33 111
33 114
33 115
33 118
33 120
33 125
33 127
33 129
33 133
33 136
33 138
33 141
33 147
33 148
33 153
33 159
33 167
33 170
33 172
33 178
33 181
33 185
33 187
33 190
33 194
33 197
34 3
34 7
34 8
34 24
34 26
34 29
34 30
34 33
34 35
34 39
34 40
34 42
34 44
34 50
34 56
34 58
34 60
34 68
34 74
34 83
34 86
34 91
34 93
34 94
34 95
34 98
34 105
34 124
34 127
34 131
34 138
34 142
34 172
34 179
34 187
34 192
34 197
35 2
35 8
35 11
35 22
35 25
35 26
35 40
35 50
35 61
35 62
35 68
35 69
35 80
35 86
35 89
35 94
35 95
35 96
35 97
35 101
35 102
35 113
35 115
35 116
35 117
35 143
35 151
35 155
35 170
35 172
35 176
35 182
35 200
36 2
36 10
36 27
36 28
36 30
36 31
36 35
36 37
36 39
36 43
36 45
36 49
36 60
36 66
36 70
36 72
36 73
36 75
36 78
36 79
36 88
36 101
36 102
36 103
36 107
36 118
36 128
36 134
36 135
36 139
36 146
36 148
36 159
36 171
36 173
36 174
36 179
36 187
36 193
36 200
37 11
37 17
37 25
37 36
37 42
37 46
37 48
37 61
37 62
37 68
37 69
37 76
37 87
37 97
37 99
37 107
37 127
37 136
37 147
37 151
37 154
37 158
37 163
37 165
37 169
37 177
37 198
37 199
38 1
38 5
38 6
38 7
38 15
38 16
38 17
38 18
38 26
38 28
38 32
38 45
38 53
38 54
38 60
38 62
38 71
38 81
38 82
38 83
38 86
38 108
38 110
38 112
38 124
38 127
38 133
38 140
38 151
38 152
38 162
38 164
38 171
38 175
38 176
38 181
38 183
38 194
38 196
38 197
39 2
39 6
39 12
39 16
39 21
39 22
39 24
39 26
39 33
39 38
39 39
39 42
39 50
39 59
39 61
39 64
39 66
39 69
39 71
39 75
39 86
39 89
39 90
39 93
39 94
39 103
39 112
39 116
39 124
39 130
39 132
39 135
39 136
39 137
39 138
39 143
39 147
39 153
39 155
39 159
39 161
39 162
39 163
39 169
39 171
39 184
39 187
40 4
40 5
40 19
40 24
40 29
40 33
40 40
40 41
40 43
40 44
40 47
40 48
40 51
40 60
40 61
40 69
40 71
40 73
40 84
40 87
40 89
40 96
40 102
40 104
40 106
40 110
40 111
40 117
40 120
40 129
40 159
40 161
40 162
40 166
40 171
40 178
40 182
40 185
40 186
40 191
40 196
40 197
41 5
41 10
41 11
41 16
41 18
41 20
41 24
41 25
41 34
41 37
41 42
41 52
41 55
41 59
41 61
41 64
41 72
41 74
41 82
41 84
41 102
41 113
41 116
41 122
41 124
41 126
41 131
41 141
41 143
41 144
41 148
41 151
41 160
41 166
41 168
41 187
41 189
41 197
41 199
41 200
42 8
42 11
42 14
42 16
42 29
42 33
42 35
42 37
42 40
42 43
42 46
42 50
42 73
42 74
42 83
42 84
42 85
42 86
42 89
42 93
42 98
42 100
42 109
42 119
42 142
42 149
42 153
42 154
42 167
42 170
42 172
42 174
42 182
42 183
42 185
42 186
42 187
42 188
42 189
42 190
42 195
42 196
43 10
43 20
43 32
43 36
43 53
43 61
43 62
43 63
43 65
43 69
43 70
43 81
43 86
43 93
43 95
43 97
43 102
43 104
43 111
43 115
43 123
43 128
43 138
43 140
43 151
43 159
43 160
43 161
43 177
43 178
43 180
43 191
43 200
44 3
44 4
44 10
44 18
44 26
44 27
44 32
44 49
44 51
44 55
44 63
44 76
44 86
44 93
44 96
44 98
44 99
44 100
44 101
44 102
44 103
44 108
44 111
44 123
44 125
44 130
44 135
44 138
44 140
44 143
44 145
44 147
44 148
44 157
44 164
44 165
44 166
44 169
44 173
44 193
44 197
45 4
45 6
45 7
45 13
45 15
45 16
45 19
45 21
45 27
45 32
45 36
45 39
45 41
45 44
45 46
45 48
45 49
45 51
45 58
45 65
45 67
45 69
45 73
45 75
45 78
45 81
45 82
45 83
45 85
45 88
45 90
45 106
45 113
45 120
45 123
45 126
45 137
45 138
45 139
45 143
45 150
45 158
45 167
45 168
45 170
45 171
45 175
45 178
45 183
45 190
45 192
46 3
46 10
46 14
46 18
46 21
46 24
46 26
46 43
46 47
46 49
46 50
46 53
46 55
46 62
46 66
46 83
46 87
46 94
46 96
46 110
46 113
46 116
46 122
46 128
46 143
46 148
46 152
46 156
46 158
46 159
46 164
46 170
46 171
46 175
46 177
46 183
46 185
46 186
47 5
47 6
47 9
47 13
47 30
47 32
47 36
47 48
47 57
47 59
47 61
47 62
47 67
47 69
47 83
47 88
47 96
47 98
47 101
47 108
47 110
47 113
47 116
47 128
47 133
47 135
47 141
47 149
47 162
47 165
47 170
47 178
47 181
47 184
48 2
48 3
48 4
48 18
48 20
48 21
48 28
48 42
48 44
48 50
48 51
48 60
48 64
48 74
48 84
48 87
48 97
48 103
48 107
48 116
48 120
48 121
48 145
48 149
48 153
48 158
48 163
48 168
48 172
48 189
49 4
49 6
49 9
49 15
49 20
49 30
49 35
49 36
49 37
49 41
49 44
49 53
49 56
49 72
49 74
49 77
49 84
49 87
49 88
49 93
49 94
49 97
49 113
49 117
49 119
49 122
49 124
49 125
49 129
49 133
49 134
49 137
49 141
49 142
49 143
49 148
49 152
49 161
49 171
49 177
49 187
49 189
49 191
49 194
49 195
49 200
50 1
50 4
50 7
50 11
50 13
50 16
50 17
50 20
50 23
50 37
50 39
50 42
50 46
50 62
50 64
50 74
50 90
50 94
50 99
50 106
50 111
50 114
50 115
50 118
50 122
50 125
50 129
50 137
50 140
50 141
50 157
50 159
50 172
50 173
50 176
50 177
50 182
50 186
50 189
50 198
50 200
51 10
51 12
51 19
51 30
51 33
51 34
51 47
51 54
51 59
51 60
51 79
51 81
51 92
51 93
51 95
51 97
51 98
51 99
51 100
51 104
51 109
51 113
51 118
51 119
51 122
51 125
51 139
51 144
51 150
51 151
51 152
51 153
51 157
51 162
51 164
51 166
51 171
51 175
51 180
51 184
51 185
51 190
51 194
51 196
52 3
52 6
52 15
52 21
52 22
52 26
52 30
52 50
52 54
52 57
52 69
52 70
52 72
52 77
52 79
52 97
52 98
52 100
52 105
52 111
52 115
52 116
52 117
52 120
52 122
52 134
52 136
52 150
52 153
52 164
52 174
52 177
52 184
52 186
52 190
52 191
52 193
52 194
52 195
53 6
53 9
53 13
53 17
53 18
53 19
53 21
53 22
53 25
53 30
53 34
53 37
53 42
53 44
53 47
53 50
53 61
53 63
53 72
53 77
53 78
53 82
53 91
53 95
53 98
53 100
53 105
53 106
53 109
53 116
53 121
53 123
53 124
53 128
53 131
53 132
53 134
53 135
53 140
53 141
53 144
53 147
53 148
53 152
53 153
53 166
53 169
53 180
53 192
54 4
54 10
54 13
54 20
54 28
54 34
54 36
54 38
54 41
54 45
54 57
54 60
54 61
54 63
54 66
54 68
54 79
54 83
54 89
54 94
54 95
54 96
54 103
54 109
54 127
54 129
54 130
54 131
54 132
54 139
54 142
54 153
54 155
54 156
54 182
54 183
54 190
54 196
55 3
55 5
55 7
55 22
55 26
55 33
55 43
55 53
55 70
55 74
55 78
55 84
55 87
55 88
55 93
55 96
55 98
55 103
55 106
55 108
55 111
55 114
55 118
55 119
55 127
55 128
55 132
55 140
55 150
55 152
55 160
55 161
55 165
55 171
55 172
55 174
55 179
55 180
55 184
55 188
55 193
55 197
55 200
56 7
56 8
56 23
56 26
56 33
56 38
56 44
56 46
56 63
56 65
56 81
56 82
56 83
56 86
56 90
56 97
56 99
56 102
56 107
56 115
56 120
56 122
56 130
56 131
56 133
56 138
56 139
56 145
56 153
56 158
56 163
56 164
56 169
56 172
56 182
56 193
56 200
57 3
57 7
57 13
57 17
57 20
57 23
57 24
57 34
57 39
57 41
57 45
57 50
57 53
57 55
57 58
57 65
57 71
57 73
57 96
57 100
57 102
57 103
57 110
57 139
57 147
57 155
57 156
57 158
57 162
57 163
57 164
57 167
57 169
57 182
57 185
57 187
57 193
58 4
58 5
58 16
58 19
58 23
58 26
58 28
58 35
58 36
58 38
58 41
58 42
58 45
58 48
58 49
58 50
58 53
58 54
58 55
58 61
58 70
58 71
58 73
58 75
58 79
58 80
58 94
58 97
58 101
58 103
58 106
58 108
58 113
58 114
58 115
58 123
58 125
58 134
58 142
58 144
58 160
58 166
58 170
58 177
58 184
58 186
58 195
59 5
59 6
59 15
59 33
59 38
59 45
59 57
59 58
59 59
59 65
59 66
59 69
59 85
59 86
59 87
59 89
59 91
59 93
59 94
59 97
59 100
59 102
59 103
59 104
59 106
59 111
59 127
59 129
59 138
59 141
59 143
59 145
59 149
59 150
59 158
59 159
59 160
59 161
59 168
59 169
59 170
59 171
59 173
59 178
59 181
59 188
59 192
60 6
60 7
60 8
60 14
60 21
60 34
60 35
60 38
60 39
60 40
60 42
60 43
60 47
60 52
60 65
60 75
60 78
60 80
60 83
60 91
60 96
60 99
60 106
60 109
60 115
60 127
60 136
60 139
60 144
60 146
60 147
60 151
60 155
60 156
60 168
60 170
60 172
60 173
60 175
60 176
60 200
61 3
61 12
61 23
61 26
61 28
61 29
61 32
61 33
61 37
61 39
61 42
61 48
61 56
61 58
61 68
61 69
61 82
61 84
61 87
61 93
61 94
61 103
61 105
61 112
61 115
61 124
61 126
61 142
61 155
61 159
61 163
61 164
61 173
61 180
61 183
61 188
61 192
61 196
61 198
61 199
62 2
62 14
62 18
62 26
62 27
62 39
62 48
62 50
62 67
62 73
62 74
62 77
62 80
62 86
62 88
62 93
62 97
62 98
62 105
62 115
62 120
62 122
62 126
62 139
62 154
62 163
62 174
62 182
62 183
62 190
62 191
62 193
63 3
63 5
63 7
63 9
63 14
63 20
63 27
63 35
63 43
63 54
63 56
63 60
63 63
63 65
63 67
63 70
63 73
63 76
63 82
63 88
63 92
63 93
63 98
63 101
63 116
63 118
63 119
63 121
63 128
63 129
63 138
63 139
63 149
63 150
63 156
63 163
63 168
63 169
63 180
63 185
63 186
63 192
63 193
64 2
64 10
64 11
64 13
64 16
64 25
64 28
64 31
64 37
64 39
64 40
64 45
64 55
64 57
64 58
64 62
64 70
64 75
64 77
64 78
64 81
64 91
64 100
64 102
64 104
64 112
64 117
64 120
64 163
64 166
64 169
64 170
64 182
64 183
64 200
65 4
65 9
65 11
65 14
65 16
65 24
65 26
65 30
65 44
65 46
65 50
65 51
65 53
65 67
65 71
65 74
65 83
65 84
65 92
65 94
65 104
65 111
65 115
65 116
65 117
65 127
65 130
65 131
65 139
65 140
65 141
65 144
65 150
65 159
65 164
65 170
65 171
65 177
65 183
65 189
65 192
65 197
65 198
66 7
66 8
66 9
66 10
66 19
66 28
66 29
66 41
66 44
66 45
66 51
66 55
66 57
66 66
66 68
66 70
66 79
66 85
66 91
66 92
66 94
66 98
66 103
66 104
66 106
66 112
66 119
66 122
66 131
66 132
66 135
66 142
66 146
66 150
66 154
66 160
66 166
66 173
66 175
66 177
66 179
66 184
66 188
66 191
66 193
66 198
67 18
67 23
67 26
67 28
67 30
67 33
67 52
67 58
67 62
67 63
67 66
67 69
67 70
67 72
67 73
67 74
67 82
67 83
67 88
67 98
67 100
67 102
67 103
67 116
67 120
67 124
67 129
67 135
67 136
67 138
67 139
67 146
67 150
67 152
67 162
67 163
67 167
67 180
67 184
67 185
67 190
67 198
67 200
68 8
68 10
68 14
68 18
68 19
68 20
68 23
68 25
68 36
68 41
68 49
68 56
68 59
68 61
68 62
68 72
68 74
68 79
68 80
68 83
68 84
68 88
68 92
68 93
68 95
68 96
68 100
68 102
68 107
68 109
68 115
68 118
68 119
68 123
68 126
68 130
68 132
68 143
68 144
68 151
68 161
68 167
68 169
68 173
68 180
68 182
68 184
68 186
68 191
68 194
68 195
68 196
68 200
69 2
69 5
69 10
69 18
69 25
69 31
69 36
69 40
69 44
69 45
69 47
69 57
69 60
69 63
69 83
69 87
69 90
69 93
69 95
69 101
69 122
69 128
69 131
69 132
69 136
69 140
69 141
69 145
69 164
69 169
69 179
69 182
69 194
69 196
69 198
69 200
70 4
70 8
70 9
70 18
70 20
70 24
70 26
70 36
70 42
70 43
70 46
70 50
70 52
70 53
70 55
70 57
70 65
70 68
70 69
70 71
70 72
70 75
70 77
70 79
70 80
70 82
70 84
70 85
70 93
70 101
70 102
70 108
70 113
70 115
70 123
70 132
70 134
70 136
70 139
70 140
70 154
70 159
70 177
70 180
70 183
70 185
70 196
70 199
71 6
71 13
71 22
71 27
71 30
71 35
71 37
71 44
71 53
71 54
71 63
71 66
71 78
71 83
71 84
71 86
71 91
71 100
71 101
71 103
71 105
71 111
71 120
71 122
71 123
71 130
71 134
71 140
71 144
71 158
71 163
71 166
71 170
71 171
71 178
71 179
71 180
71 181
71 191
71 194
71 195
71 198
72 5
72 7
72 13
72 15
72 16
72 20
72 24
72 29
72 34
72 38
72 39
72 64
72 67
72 72
72 73
72 77
72 81
72 82
72 83
72 85
72 87
72 94
72 95
72 97
72 101
72 106
72 107
72 110
72 112
72 120
72 121
72 122
72 128
72 131
72 133
72 137
72 143
72 149
72 159
72 178
72 185
72 192
72 196
72 197
72 199
73 6
73 8
73 10
73 19
73 29
73 34
73 38
73 41
73 49
73 51
73 52
73 54
73 61
73 63
73 64
73 65
73 67
73 89
73 90
73 92
73 99
73 100
73 109
73 111
73 112
73 116
73 121
73 125
73 136
73 144
73 146
73 147
73 148
73 153
73 157
73 158
73 173
73 180
73 182
73 183
73 186
73 187
73 190
73 193
73 195
73 197
74 1
74 23
74 25
74 27
74 33
74 35
74 39
74 40
74 47
74 52
74 53
74 55
74 58
74 65
74 72
74 80
74 83
74 95
74 107
74 110
74 115
74 116
74 118
74 119
74 120
74 126
74 133
74 147
74 148
74 149
74 151
74 163
74 167
74 177
74 185
74 189
74 193
75 9
75 13
75 14
75 16
75 20
75 28
75 33
75 46
75 49
75 53
75 58
75 59
75 65
75 66
75 68
75 78
75 85
75 88
75 90
75 109
75 112
75 119
75 121
75 122
75 125
75 130
75 134
75 139
75 143
75 145
75 146
75 148
75 150
75 160
75 162
75 171
75 176
75 178
75 184
75 193
75 195
75 200
76 1
76 2
76 3
76 6
76 8
76 10
76 14
76 27
76 28
76 33
76 37
76 43
76 47
76 52
76 54
76 57
76 65
76 67
76 69
76 74
76 83
76 91
76 109
76 113
76 121
76 131
76 141
76 143
76 145
76 148
76 173
76 178
76 179
76 182
76 183
76 192
76 193
76 197
76 199
76 200
77 3
77 9
77 11
77 13
77 14
77 30
77 37
77 39
77 43
77 45
77 61
77 64
77 65
77 68
77 76
77 83
77 93
77 94
77 99
77 106
77 108
77 115
77 123
77 130
77 133
77 139
77 151
77 154
77 168
77 170
77 176
77 177
77 180
77 189
77 197
78 3
78 9
78 15
78 16
78 18
78 19
78 28
78 30
78 36
78 43
78 58
78 62
78 67
78 75
78 79
78 81
78 92
78 93
78 96
78 98
78 100
78 111
78 120
78 124
78 129
78 135
78 136
78 146
78 151
78 160
78 161
78 165
78 167
78 174
78 179
78 180
78 182
78 189
78 191
78 194
79 2
79 3
79 20
79 27
79 30
79 42
79 48
79 50
79 53
79 56
79 62
79 67
79 69
79 70
79 107
79 109
79 120
79 122
79 125
79 139
79 142
79 146
79 148
79 157
79 169
79 176
79 177
79 186
79 199
80 3
80 5
80 6
80 8
80 19
80 32
80 36
80 37
80 42
80 47
80 56
80 58
80 65
80 68
80 76
80 81
80 82
80 84
80 87
80 90
80 101
80 102
80 105
80 107
80 109
80 110
80 118
80 120
80 121
80 126
80 135
80 141
80 159
80 160
80 161
80 165
80 171
80 173
80 180
80 183
80 190
80 194
80 196
80 199
81 6
81 11
81 12
81 13
81 17
81 18
81 20
81 23
81 24
81 25
81 28
81 29
81 42
81 50
81 52
81 56
81 74
81 75
81 77
81 81
81 95
81 100
81 116
81 125
81 126
81 141
81 147
81 150
81 151
81 152
81 156
81 157
81 158
81 160
81 161
81 162
81 163
81 169
81 174
81 188
81 191
81 194
81 198
82 6
82 7
82 11
82 19
82 22
82 23
82 26
82 29
82 31
82 41
82 48
82 52
82 53
82 55
82 56
82 57
82 67
82 74
82 76
82 83
82 96
82 98
82 105
82 116
82 124
82 125
82 133
82 136
82 144
82 145
82 151
82 152
82 156
82 158
82 160
82 164
82 167
82 168
82 171
82 179
82 183
82 186
82 191
82 198
82 200
83 3
83 4
83 9
83 17
83 35
83 41
83 45
83 49
83 62
83 70
83 78
83 82
83 85
83 107
83 108
83 111
83 113
83 121
83 122
83 126
83 129
83 137
83 142
83 143
83 154
83 162
83 166
83 170
83 184
83 185
83 194
83 199
83 200
84 8
84 16
84 23
84 24
84 25
84 26
84 38
84 40
84 58
84 73
84 74
84 83
84 86
84 87
84 91
84 92
84 99
84 100
84 103
84 105
84 113
84 114
84 117
84 119
84 123
84 124
84 130
84 133
84 134
84 136
84 137
84 140
84 149
84 158
84 172
84 173
84 175
84 185
84 193
84 194
84 196
85 1
85 2
85 12
85 15
85 18
85 21
85 23
85 31
85 36
85 38
85 42
85 43
85 45
85 48
85 49
85 54
85 55
85 57
85 58
85 62
85 68
85 70
85 71
85 74
85 76
85 84
85 88
85 89
85 97
85 100
85 102
85 106
85 118
85 119
85 124
85 125
85 133
85 139
85 143
85 147
85 149
85 152
85 153
85 162
85 165
85 167
85 169
85 175
85 176
85 177
85 178
85 179
85 183
85 191
85 193
86 21
86 30
86 33
86 35
86 48
86 52
86 54
86 63
86 67
86 70
86 80
86 95
86 100
86 103
86 104
86 109
86 113
86 115
86 124
86 142
86 146
86 150
86 158
86 159
86 160
86 167
86 173
86 177
86 179
86 189
86 195
87 5
87 10
87 13
87 15
87 16
87 22
87 24
87 26
87 27
87 35
87 37
87 39
87 42
87 45
87 50
87 51
87 55
87 61
87 65
87 71
87 72
87 76
87 77
87 83
87 90
87 94
87 100
87 103
87 114
87 119
87 121
87 123
87 125
87 127
87 128
87 129
87 130
87 133
87 143
87 146
87 153
87 154
87 167
87 171
87 174
87 175
87 181
87 183
87 185
87 187
87 188
88 2
88 3
88 5
88 8
88 9
88 13
88 18
88 22
88 25
88 26
88 28
88 31
88 34
88 38
88 39
88 58
88 61
88 67
88 68
88 69
88 77
88 80
88 86
88 94
88 100
88 108
88 109
88 116
88 120
88 125
88 129
88 137
88 139
88 143
88 145
88 147
88 154
88 157
88 164
88 172
89 1
89 3
89 7
89 9
89 10
89 11
89 13
89 20
89 21
89 27
89 30
89 43
89 49
89 52
89 55
89 57
89 58
89 66
89 67
89 68
89 72
89 79
89 99
89 103
89 106
89 107
89 114
89 118
89 122
89 140
89 142
89 149
89 150
89 151
89 153
89 154
89 156
89 157
89 161
89 162
89 170
89 181
89 187
89 189
89 192
89 193
90 1
90 9
90 16
90 18
90 22
90 30
90 48
90 51
90 54
90 55
90 66
90 70
90 74
90 76
90 79
90 80
90 83
90 86
90 93
90 96
90 99
90 105
90 111
90 113
90 114
90 116
90 120
90 122
90 127
90 132
90 134
90 139
90 142
90 144
90 150
90 159
90 163
90 167
90 171
90 172
90 177
90 178
90 179
90 182
90 184
90 185
90 186
90 198
91 1
91 4
91 7
91 8
91 11
91 15
91 35
91 42
91 52
91 57
91 58
91 72
91 75
91 87
91 89
91 103
91 113
91 115
91 118
91 119
91 125
91 136
91 137
91 142
91 147
91 151
91 161
91 165
91 166
91 167
91 176
91 192
91 193
92 7
92 9
92 13
92 27
92 35
92 40
92 43
92 44
92 48
92 55
92 61
92 62
92 83
92 86
92 88
92 91
92 96
92 106
92 107
92 112
92 118
92 132
92 143
92 145
92 149
92 153
92 154
92 157
92 170
92 178
92 180
92 182
92 183
92 185
92 197
92 200
93 7
93 9
93 11
93 19
93 20
93 31
93 35
93 44
93 47
93 49
93 51
93 56
93 69
93 70
93 73
93 75
93 84
93 88
93 92
93 101
93 102
93 104
93 109
93 117
93 124
93 125
93 128
93 142
93 144
93 148
93 150
93 152
93 157
93 166
93 167
93 172
93 175
93 184
93 189
93 193
93 194
93 195
93 198
93 199
93 200
94 1
94 2
94 3
94 9
94 11
94 18
94 21
94 22
94 26
94 27
94 28
94 31
94 33
94 36
94 39
94 41
94 42
94 54
94 55
94 60
94 66
94 68
94 69
94 83
94 84
94 92
94 100
94 113
94 115
94 116
94 118
94 122
94 126
94 127
94 136
94 144
94 145
94 149
94 151
94 154
94 159
94 163
94 171
94 173
94 181
94 189
95 11
95 20
95 21
95 26
95 34
95 39
95 41
95 42
95 43
95 47
95 53
95 60
95 61
95 70
95 73
95 75
95 79
95 80
95 83
95 84
95 87
95 102
95 123
95 124
95 126
95 130
95 138
95 140
95 145
95 148
95 149
95 150
95 156
95 158
95 163
95 165
95 170
95 172
95 180
95 195
95 196
95 200
96 5
96 6
96 7
96 8
96 14
96 20
96 26
96 27
96 29
96 33
96 42
96 58
96 60
96 65
96 68
96 69
96 75
96 79
96 84
96 85
96 86
96 98
96 99
96 109
96 112
96 117
96 129
96 135
96 146
96 147
96 148
96 149
96 152
96 167
96 168
96 170
96 173
96 175
96 181
96 182
96 186
96 189
96 199
96 200
97 3
97 18
97 21
97 25
97 30
97 32
97 37
97 50
97 53
97 72
97 81
97 92
97 93
97 102
97 105
97 106
97 109
97 117
97 129
97 138
97 148
97 156
97 163
97 170
97 177
97 179
97 181
97 191
97 195
97 197
98 10
98 18
98 22
98 24
98 29
98 31
98 39
98 40
98 45
98 52
98 61
98 64
98 74
98 77
98 79
98 84
98 97
98 98
98 107
98 110
98 117
98 120
98 123
98 124
98 130
98 133
98 140
98 143
98 146
98 155
98 159
98 161
98 166
98 167
98 171
98 172
98 176
98 181
98 187
98 188
98 191
98 194
98 198
98 199
98 200
99 4
99 7
99 10
99 13
99 14
99 16
99 19
99 20
99 26
99 28
99 43
99 46
99 47
99 68
99 71
99 72
99 73
99 78
99 84
99 96
99 100
99 101
99 105
99 113
99 131
99 139
99 143
99 144
99 159
99 160
99 164
99 165
99 185
99 188
99 189
99 191
100 4
100 5
100 8
100 12
100 17
100 19
100 20
100 25
100 26
100 27
100 36
100 39
100 43
100 55
100 57
100 65
100 66
100 68
100 75
100 79
100 85
100 91
100 95
100 106
100 107
100 126
100 132
100 133
100 141
100 142
100 157
100 165
100 177
100 190
100 197
100 199
101 14
101 23
101 25
101 27
101 36
101 37
101 38
101 45
101 60
101 61
101 75
101 85
101 87
101 89
101 95
101 96
101 97
101 102
101 103
101 105
101 116
101 124
101 133
101 136
101 142
101 147
101 155
101 161
101 174
101 176
101 179
101 184
101 193
101 194
101 197
101 198
102 1
102 2
102 3
102 7
102 12
102 25
102 30
102 32
102 35
102 36
102 43
102 51
102 52
102 61
102 65
102 67
102 79
102 81
102 82
102 84
102 88
102 91
102 93
102 109
102 110
102 113
102 115
102 117
102 139
102 141
102 149
102 155
102 159
102 172
102 174
102 175
102 180
102 184
102 186
102 188
102 189
102 192
102 195
102 200
103 1
103 4
103 9
103 13
103 19
103 33
103 35
103 37
103 38
103 46
103 49
103 56
103 59
103 60
103 62
103 64
103 70
103 73
103 81
103 84
103 94
103 95
103 97
103 103
103 104
103 107
103 114
103 117
103 122
103 127
103 133
103 137
103 138
103 139
103 152
103 155
103 162
103 164
103 165
103 168
103 171
103 175
103 176
103 191
103 199
104 9
104 36
104 46
104 47
104 53
104 54
104 59
104 62
104 68
104 96
104 100
104 107
104 122
104 123
104 126
104 127
104 134
104 139
104 143
104 145
104 149
104 150
104 151
104 152
104 155
104 162
104 163
104 168
104 174
104 176
104 184
104 188
104 197
104 198
104 199
104 200
105 5
105 14
105 17
105 27
105 31
105 32
105 33
105 40
105 43
105 45
105 48
105 55
105 59
105 63
105 65
105 68
105 69
105 70
105 71
105 80
105 86
105 90
105 93
105 98
105 108
105 115
105 121
105 124
105 142
105 146
105 148
105 149
105 157
105 167
105 173
105 174
105 183
105 187
105 191
105 194
105 196
105 197
105 198
105 199
106 3
106 17
106 18
106 26
106 30
106 44
106 58
106 59
106 64
106 71
106 78
106 80
106 87
106 97
106 102
106 106
106 115
106 128
106 133
106 136
106 140
106 142
106 143
106 148
106 149
106 152
106 155
106 156
106 157
106 167
106 169
106 173
106 177
106 178
106 179
106 186
106 190
106 198
106 199
107 4
107 5
107 8
107 20
107 23
107 27
107 34
107 38
107 41
107 51
107 62
107 67
107 71
107 72
107 73
107 82
107 83
107 92
107 95
107 99
107 104
107 105
107 107
107 113
107 120
107 124
107 130
107 136
107 137
107 139
107 149
107 152
107 153
107 155
107 159
107 164
107 165
107 173
107 178
107 193
107 194
107 196
107 199
107 200
108 14
108 20
108 23
108 37
108 41
108 43
108 50
108 52
108 53
108 54
108 55
108 61
108 77
108 83
108 85
108 86
108 88
108 91
108 98
108 100
108 106
108 107
108 111
108 119
108 120
108 124
108 127
108 136
108 145
108 162
108 170
108 173
108 181
108 183
108 188
108 190
108 196
108 198
108 200
109 2
109 6
109 12
109 14
109 15
109 16
109 18
109 33
109 40
109 44
109 52
109 55
109 56
109 63
109 64
109 65
109 68
109 79
109 81
109 82
109 84
109 89
109 93
109 107
109 108
109 114
109 120
109 126
109 127
109 134
109 136
109 142
109 157
109 163
109 164
109 166
109 169
109 171
109 174
109 175
109 179
109 187
110 2
110 18
110 27
110 30
110 31
110 32
110 37
110 38
110 51
110 60
110 67
110 71
110 77
110 78
110 79
110 81
110 82
110 84
110 109
110 120
110 123
110 126
110 135
110 138
110 143
110 154
110 156
110 157
110 162
110 171
110 176
110 182
110 185
110 188
110 198
111 9
111 10
111 18
111 34
111 36
111 38
111 40
111 42
111 61
111 62
111 67
111 73
111 78
111 79
111 80
111 86
111 92
111 94
111 98
111 100
111 103
111 107
111 108
111 122
111 133
111 134
111 135
111 136
111 137
111 140
111 142
111 143
111 145
111 152
111 157
111 158
111 173
111 177
112 1
112 2
112 4
112 5
112 9
112 11
112 18
112 29
112 39
112 43
112 44
112 46
112 48
112 49
112 60
112 72
112 76
112 77
112 85
112 91
112 97
112 99
112 104
112 106
112 108
112 114
112 116
112 121
112 133
112 134
112 143
112 145
112 150
112 152
112 158
112 159
112 162
112 170
112 178
112 181
112 183
113 5
113 9
113 12
113 14
113 29
113 36
113 41
113 48
113 53
113 54
113 55
113 61
113 69
113 79
113 93
113 103
113 113
113 124
113 129
113 132
113 141
113 143
113 166
113 170
113 175
113 177
113 178
113 188
113 189
113 194
113 200
114 8
114 15
114 19
114 21
114 24
114 29
114 31
114 32
114 39
114 40
114 45
114 46
114 49
114 52
114 53
114 56
114 63
114 65
114 69
114 73
114 85
114 90
114 91
114 93
114 128
114 142
114 144
114 148
114 155
114 157
114 164
114 168
114 170
114 179
114 182
114 184
114 195
114 197
115 5
115 15
115 19
115 21
115 23
115 31
115 38
115 40
115 55
115 64
115 65
115 66
115 67
115 68
115 76
115 80
115 86
115 89
115 93
115 107
115 108
115 117
115 119
115 120
115 122
115 127
115 130
115 134
115 139
115 145
115 146
115 154
115 159
115 162
115 166
115 170
115 172
115 178
115 179
115 189
115 190
115 192
115 195
115 197
116 3
116 13
116 17
116 19
116 20
116 22
116 23
116 27
116 35
116 37
116 41
116 43
116 52
116 59
116 66
116 73
116 79
116 82
116 98
116 101
116 103
116 113
116 118
116 120
116 127
116 133
116 135
116 138
116 142
116 155
116 158
116 163
116 165
116 166
116 167
116 168
116 174
116 176
116 178
116 181
116 182
116 192
116 194
117 4
117 5
117 7
117 9
117 13
117 17
117 20
117 23
117 31
117 39
117 48
117 55
117 65
117 72
117 80
117 84
117 92
117 103
117 105
117 107
117 112
117 117
117 120
117 122
117 126
117 127
117 129
117 138
117 147
117 155
117 159
117 170
117 171
117 179
117 180
117 181
117 192
117 193
118 1
118 3
118 6
118 11
118 12
118 19
118 26
118 27
118 34
118 35
118 38
118 44
118 49
118 50
118 53
118 57
118 64
118 73
118 78
118 81
118 85
118 92
118 94
118 97
118 99
118 100
118 101
118 105
118 108
118 111
118 112
118 113
118 125
118 131
118 141
118 151
118 154
118 162
118 167
118 168
118 180
118 189
118 190
118 194
118 198
119 1
119 8
119 9
119 11
119 18
119 20
119 22
119 23
119 46
119 49
119 52
119 54
119 64
119 65
119 73
119 80
119 81
119 83
119 86
119 87
119 89
119 94
119 97
119 99
119 110
119 126
119 134
119 137
119 138
119 141
119 149
119 152
119 159
119 164
119 165
119 170
119 171
119 174
119 175
119 183
119 186
119 191
119 192
119 196
119 199
120 3
120 6
120 14
120 25
120 32
120 33
120 35
120 49
120 63
120 65
120 69
120 81
120 92
120 93
120 96
120 104
120 107
120 115
120 116
120 127
120 138
120 153
120 157
120 162
120 164
120 165
120 173
120 182
120 183
120 189
121 1
121 4
121 12
121 14
121 16
121 23
121 25
121 28
121 35
121 42
121 44
121 46
121 54
121 56
121 64
121 65
121 72
121 74
121 108
121 112
121 116
121 125
121 127
121 129
121 134
121 141
121 144
121 147
121 149
121 150
121 154
121 158
121 162
121 167
121 169
121 177
121 181
121 182
121 185
121 187
121 189
122 14
122 16
122 23
122 27
122 35
122 48
122 52
122 55
122 63
122 66
122 73
122 85
122 89
122 92
122 94
122 106
122 107
122 109
122 110
122 111
122 113
122 120
122 122
122 135
122 142
122 143
122 147
122 152
122 153
122 170
122 177
122 182
122 186
122 195
123 4
123 10
123 14
123 17
123 19
123 21
123 22
123 28
123 31
123 32
123 33
123 34
123 36
123 44
123 45
123 48
123 52
123 56
123 59
123 63
123 64
123 65
123 68
123 70
123 80
123 85
123 87
123 109
123 121
123 123
123 125
123 154
123 155
123 173
123 179
123 184
123 197
123 200
124 6
124 14
124 17
124 25
124 27
124 29
124 42
124 45
124 49
124 50
124 59
124 68
124 69
124 74
124 85
124 87
124 96
124 102
124 107
124 109
124 112
124 117
124 119
124 122
124 123
124 125
124 128
124 129
124 131
124 133
124 139
124 141
124 144
124 145
124 146
124 152
124 162
124 165
124 171
124 178
124 180
124 189
124 194
124 195
124 198
124 199
125 12
125 17
125 18
125 20
125 27
125 30
125 50
125 52
125 55
125 56
125 59
125 64
125 75
125 77
125 99
125 108
125 113
125 118
125 122
125 123
125 124
125 128
125 133
125 134
125 139
125 154
125 155
125 158
125 159
125 160
125 168
125 176
125 179
125 185
125 187
125 200
126 12
126 28
126 29
126 44
126 48
126 52
126 54
126 55
126 58
126 59
126 60
126 73
126 75
126 79
126 82
126 85
126 90
126 93
126 110
126 117
126 121
126 123
126 130
126 131
126 133
126 137
126 142
126 152
126 158
126 160
126 166
126 169
126 172
126 176
126 192
127 2
127 11
127 13
127 14
127 15
127 20
127 21
127 34
127 44
127 60
127 64
127 75
127 82
127 93
127 97
127 104
127 113
127 115
127 135
127 144
127 148
127 156
127 163
127 172
127 173
127 179
127 194
127 200
128 15
128 22
128 24
128 29
128 33
128 36
128 37
128 43
128 53
128 55
128 57
128 58
128 68
128 77
128 88
128 92
128 94
128 95
128 98
128 101
128 106
128 109
128 118
128 122
128 124
128 128
128 129
128 134
128 140
128 154
128 155
128 159
128 171
128 173
128 178
128 182
128 194
128 199
128 200
129 10
129 12
129 21
129 23
129 28
129 35
129 39
129 42
129 45
129 47
129 49
129 63
129 65
129 72
129 75
129 80
129 82
129 83
129 89
129 90
129 95
129 104
129 107
129 111
129 112
129 126
129 129
129 132
129 133
129 137
129 138
129 145
129 146
129 149
129 159
129 160
129 169
129 170
129 171
129 172
129 173
129 175
129 191
129 197
129 198
129 199
130 2
130 11
130 22
130 25
130 27
130 33
130 45
130 46
130 54
130 57
130 59
130 78
130 82
130 90
130 96
130 118
130 123
130 131
130 138
130 139
130 141
130 144
130 146
130 148
130 152
130 155
130 156
130 157
130 158
130 168
130 172
130 175
130 176
130 183
130 184
130 187
130 192
130 199
131 5
131 8
131 15
131 20
131 22
131 31
131 40
131 50
131 56
131 62
131 67
131 69
131 77
131 78
131 82
131 83
131 85
131 89
131 92
131 94
131 96
131 99
131 102
131 107
131 116
131 119
131 120
131 128
131 129
131 135
131 140
131 147
131 149
131 150
131 155
131 156
131 161
131 166
131 168
131 170
131 177
131 184
131 186
131 194
131 195
132 3
132 10
132 34
132 35
132 36
132 41
132 43
132 45
132 50
132 54
132 60
132 64
132 65
132 66
132 67
132 69
132 74
132 79
132 83
132 88
132 100
132 118
132 120
132 126
132 131
132 139
132 151
132 153
132 158
132 159
132 164
132 168
132 171
132 175
132 176
132 177
132 180
132 182
132 185
132 189
132 191
133 5
133 6
133 19
133 21
133 22
133 24
133 26
133 33
133 37
133 41
133 47
133 48
133 49
133 50
133 53
133 61
133 72
133 79
133 84
133 86
133 88
133 89
133 93
133 95
133 111
133 117
133 129
133 130
133 141
133 142
133 147
133 148
133 160
133 163
133 165
133 174
133 175
133 195
134 2
134 12
134 13
134 17
134 24
134 29
134 38
134 40
134 55
134 56
134 58
134 61
134 63
134 68
134 85
134 112
134 114
134 115
134 126
134 135
134 137
134 139
134 140
134 159
134 161
134 166
134 173
134 180
134 186
134 188
134 191
134 199
135 2
135 11
135 26
135 30
135 32
135 38
135 47
135 48
135 52
135 53
135 68
135 71
135 75
135 77
135 86
135 91
135 99
135 116
135 117
135 120
135 125
135 128
135 129
135 131
135 144
135 148
135 160
135 177
135 187
135 188
135 190
135 195
135 200
136 1
136 10
136 15
136 19
136 22
136 29
136 34
136 38
136 43
136 52
136 55
136 71
136 72
136 86
136 90
136 101
136 103
136 115
136 123
136 132
136 135
136 145
136 155
136 163
136 168
136 171
136 178
136 182
136 186
136 189
136 190
136 193
136 195
137 1
137 3
137 4
137 10
137 12
137 18
137 21
137 27
137 37
137 47
137 50
137 56
137 57
137 60
137 61
137 66
137 68
137 69
137 71
137 72
137 74
137 76
137 87
137 90
137 94
137 95
137 100
137 103
137 105
137 112
137 123
137 124
137 131
137 133
137 134
137 139
137 142
137 152
137 155
137 160
137 164
137 167
137 172
137 178
137 193
137 196
138 8
138 10
138 24
138 27
138 30
138 36
138 38
138 45
138 51
138 56
138 58
138 64
138 77
138 90
138 92
138 95
138 96
138 111
138 114
138 116
138 117
138 121
138 124
138 129
138 134
138 137
138 141
138 142
138 146
138 152
138 154
138 158
138 163
138 165
138 172
138 175
138 181
138 182
138 184
138 186
139 12
139 14
139 29
139 40
139 44
139 54
139 57
139 61
139 63
139 74
139 79
139 80
139 81
139 94
139 98
139 101
139 110
139 113
139 117
139 118
139 123
139 139
139 148
139 149
139 151
139 154
139 163
139 164
139 166
139 167
139 183
139 189
139 199
140 1
140 6
140 12
140 19
140 21
140 22
140 23
140 31
140 33
140 38
140 41
140 45
140 47
140 50
140 51
140 53
140 58
140 67
140 69
140 71
140 79
140 86
140 90
140 96
140 97
140 102
140 103
140 115
140 127
140 134
140 137
140 138
140 140
140 144
140 147
140 152
140 156
140 162
140 164
140 170
140 171
140 176
140 200
141 1
141 2
141 10
141 17
141 18
141 20
141 26
141 28
141 33
141 35
141 37
141 42
141 55
141 56
141 57
141 58
141 59
141 61
141 69
141 75
141 83
141 84
141 94
141 95
141 98
141 99
141 102
141 105
141 116
141 117
141 120
141 122
141 126
141 128
141 130
141 140
141 141
141 142
141 146
141 150
141 154
141 157
141 164
141 166
141 178
141 180
141 183
141 190
141 193
141 195
141 198
142 2
142 5
142 6
142 9
142 12
142 18
142 20
142 28
142 42
142 43
142 49
142 55
142 57
142 59
142 61
142 66
142 67
142 73
142 81
142 84
142 87
142 98
142 107
142 108
142 110
142 128
142 141
142 147
142 152
142 153
142 157
142 159
142 171
142 172
142 179
142 180
142 182
142 189
142 193
142 194
142 195
142 198
143 1
143 2
143 3
143 5
143 7
143 16
143 18
143 24
143 31
143 34
143 41
143 43
143 46
143 53
143 60
143 65
143 76
143 78
143 81
143 84
143 89
143 92
143 96
143 106
143 118
143 120
143 127
143 131
143 133
143 134
143 151
143 152
143 163
143 176
143 177
143 180
143 190
143 192
143 193
143 198
143 199
143 200
144 1
144 6
144 12
144 25
144 27
144 28
144 29
144 34
144 35
144 46
144 49
144 51
144 55
144 61
144 62
144 68
144 74
144 89
144 91
144 94
144 95
144 96
144 102
144 113
144 114
144 121
144 128
144 129
144 134
144 135
144 139
144 142
144 143
144 148
144 149
144 152
144 156
144 159
144 167
144 178
144 180
144 182
144 184
144 185
144 198
145 2
145 3
145 5
145 16
145 23
145 36
145 40
145 42
145 50
145 55
145 64
145 68
145 78
145 82
145 95
145 96
145 106
145 111
145 112
145 115
145 118
145 119
145 121
145 129
145 138
145 151
145 156
145 158
145 160
145 161
145 169
145 172
145 188
145 194
145 196
145 197
145 198
145 200
146 10
146 13
146 14
146 18
146 21
146 31
146 36
146 49
146 50
146 52
146 57
146 59
146 63
146 64
146 66
146 68
146 71
146 72
146 78
146 81
146 82
146 83
146 84
146 85
146 91
146 100
146 109
146 110
146 118
146 122
146 127
146 133
146 147
146 149
146 152
146 168
146 170
147 5
147 7
147 13
147 16
147 19
147 20
147 21
147 22
147 23
147 24
147 26
147 34
147 36
147 44
147 50
147 80
147 91
147 94
147 103
147 111
147 116
147 117
147 122
147 129
147 131
147 132
147 136
147 137
147 138
147 139
147 140
147 142
147 146
147 147
147 175
147 176
147 177
147 179
147 182
147 187
147 188
147 196
148 17
148 22
148 28
148 30
148 31
148 35
148 36
148 41
148 43
148 44
148 55
148 57
148 65
148 68
148 74
148 77
148 79
148 80
148 82
148 90
148 98
148 100
148 102
148 107
148 110
148 114
148 116
148 119
148 120
148 125
148 131
148 137
148 145
148 146
148 147
148 148
148 151
148 158
148 163
148 164
148 168
148 170
148 171
148 177
148 184
148 193
148 194
149 6
149 8
149 9
149 18
149 20
149 21
149 29
149 32
149 53
149 59
149 68
149 70
149 81
149 86
149 101
149 103
149 110
149 112
149 113
149 117
149 121
149 130
149 133
149 151
149 152
149 157
149 165
149 168
149 176
149 180
149 181
149 184
149 187
149 190
150 10
150 11
150 20
150 21
150 24
150 26
150 32
150 35
150 41
150 44
150 48
150 50
150 51
150 52
150 65
150 73
150 82
150 87
150 89
150 90
150 92
150 94
150 104
150 107
150 109
150 114
150 116
150 120
150 128
150 129
150 130
150 134
150 141
150 148
150 149
150 155
150 162
150 169
150 175
150 191
150 192
