200 200 71 157 762
2 91
2 92
2 93
2 94
2 95
2 96
2 97
2 98
2 99
2 100
2 101
2 102
2 103
2 104
2 105
2 106
2 107
2 108
2 109
2 110
2 111
2 112
2 113
2 114
2 115
2 116
2 117
2 118
2 119
2 120
2 121
2 122
2 123
2 124
2 125
2 126
2 127
2 128
2 129
2 130
2 131
2 132
2 133
2 134
2 135
2 136
2 137
2 138
2 139
2 140
2 141
2 142
2 143
2 144
2 145
2 146
2 147
2 148
2 149
2 150
2 151
2 152
2 153
2 154
2 155
2 156
2 157
2 158
2 159
2 160
2 161
2 162
2 163
2 164
2 165
2 166
2 167
2 168
3 90
3 91
3 168
3 169
4 89
4 90
4 169
4 170
5 88
5 89
5 170
5 171
6 87
6 88
6 171
6 172
7 86
7 87
7 172
7 173
8 85
8 86
8 173
8 174
9 84
9 85
9 174
9 175
10 83
10 84
10 175
10 176
11 82
11 83
11 176
11 177
12 81
12 82
12 177
12 178
13 80
13 81
13 178
13 179
14 79
14 80
14 179
14 180
15 78
15 79
15 180
15 181
16 77
16 78
16 181
16 182
17 76
17 77
17 182
17 183
18 75
18 76
18 183
18 184
19 74
19 75
19 184
19 185
20 73
20 74
20 185
20 186
21 72
21 73
21 186
21 187
22 71
22 72
22 187
22 188
23 70
23 71
23 188
23 189
24 69
24 70
24 189
24 190
25 68
25 69
25 190
25 191
26 67
26 68
26 191
26 192
27 66
27 67
27 192
27 193
28 65
28 66
28 193
29 64
29 65
29 193
30 63
30 64
30 193
31 62
31 63
31 193
32 61
32 62
32 193
33 60
33 61
33 193
34 59
34 60
34 193
35 58
35 59
35 193
36 57
36 58
36 193
37 56
37 57
37 193
38 55
38 56
38 193
39 54
39 55
39 193
40 53
40 54
40 193
41 52
41 53
41 193
42 51
42 52
42 193
43 50
43 51
43 193
44 49
44 50
44 193
45 48
45 49
45 193
46 47
46 48
46 193
47 46
47 47
47 193
48 45
48 46
48 193
49 44
49 45
49 193
50 43
50 44
50 193
51 42
51 43
51 193
52 41
52 42
52 193
53 40
53 41
53 193
54 39
54 40
54 193
55 38
55 39
55 193
56 37
56 38
56 193
57 36
57 37
57 193
58 35
58 36
58 193
59 34
59 35
59 193
60 33
60 34
60 193
61 32
61 33
61 193
62 31
62 32
62 193
63 30
63 31
63 193
64 29
64 30
64 193
65 28
65 29
65 193
66 27
66 28
66 192
66 193
67 26
67 27
67 191
67 192
68 25
68 26
68 190
68 191
69 24
69 25
69 189
69 190
70 23
70 24
70 188
70 189
71 22
71 23
71 188
72 21
72 22
72 188
73 20
73 21
73 188
74 19
74 20
74 188
75 18
75 19
75 188
76 17
76 18
76 188
77 16
77 17
77 188
78 15
78 16
78 188
79 14
79 15
79 188
80 13
80 14
80 188
81 12
81 13
81 188
82 11
82 12
82 188
83 10
83 11
83 188
84 9
84 10
84 188
85 9
85 188
86 9
86 188
87 9
87 188
88 9
88 188
89 9
89 188
90 9
90 188
91 9
91 188
92 9
92 188
93 9
93 188
94 9
94 188
95 9
95 188
96 9
96 188
97 9
97 188
98 9
98 188
99 9
99 188
100 9
100 188
101 9
101 188
102 9
102 188
103 9
103 188
104 9
104 188
105 9
105 188
106 9
106 188
107 9
107 188
108 9
108 188
109 9
109 188
110 9
110 188
111 9
111 188
112 9
112 188
113 9
113 188
114 9
114 188
115 9
115 188
116 9
116 188
117 9
117 188
118 9
118 188
119 9
119 188
120 9
120 188
121 9
121 188
122 9
122 188
123 9
123 188
124 9
124 188
125 9
125 188
126 9
126 188
127 9
127 188
128 9
128 188
129 9
129 188
130 9
130 188
131 9
131 188
132 9
132 188
133 9
133 188
134 9
134 188
135 9
135 10
135 188
136 10
136 11
136 188
137 11
137 12
137 188
138 12
138 13
138 188
139 13
139 14
139 188
140 14
140 15
140 188
141 15
141 16
141 188
142 16
142 17
142 188
143 17
143 18
143 188
144 18
144 19
144 188
145 19
145 20
145 188
146 20
146 21
146 188
147 21
147 22
147 188
148 22
148 23
148 188
149 23
149 24
149 188
150 24
150 25
150 188
151 25
151 26
151 188
152 26
152 27
152 188
153 27
153 28
153 188
154 28
154 29
154 188
155 29
155 30
155 188
156 30
156 31
156 188
157 31
157 32
157 188
158 32
158 33
158 188
159 33
159 34
159 188
160 34
160 188
161 34
161 188
162 34
162 188
163 34
163 188
164 34
164 188
165 34
165 188
166 34
166 188
167 34
167 188
168 34
168 35
168 188
169 35
169 36
169 188
170 36
170 37
170 188
171 37
171 38
171 188
172 38
172 39
172 188
173 39
173 40
173 188
174 40
174 41
174 187
174 188
175 41
175 42
175 186
175 187
176 42
176 43
176 185
176 186
177 43
177 44
177 184
177 185
178 44
178 45
178 183
178 184
179 45
179 46
179 182
179 183
180 46
180 47
180 181
180 182
181 47
181 48
181 180
181 181
182 48
182 49
182 179
182 180
183 49
183 50
183 51
183 52
183 53
183 54
183 55
183 56
183 57
183 58
183 59
183 60
183 61
183 62
183 63
183 64
183 65
183 66
183 67
183 68
183 69
183 70
183 71
183 72
183 73
183 74
183 75
183 76
183 77
183 78
183 79
183 80
183 81
183 82
183 83
183 84
183 85
183 86
183 87
183 88
183 89
183 90
183 91
183 92
183 93
183 94
183 95
183 96
183 97
183 98
183 99
183 100
183 101
183 102
183 103
183 104
183 105
183 106
183 107
183 108
183 109
183 110
183 111
183 112
183 113
183 114
183 115
183 116
183 117
183 118
183 119
183 120
183 121
183 122
183 123
183 124
183 125
183 126
183 127
183 128
183 129
183 130
183 131
183 132
183 133
183 134
183 135
183 136
183 137
183 138
183 139
183 140
183 141
183 142
183 143
183 144
183 145
183 146
183 147
183 148
183 149
183 150
183 178
183 179
184 150
184 151
184 177
184 178
185 151
185 152
185 176
185 177
186 152
186 153
186 175
186 176
187 153
187 154
187 174
187 175
188 154
188 155
188 173
188 174
189 155
189 156
189 172
189 173
190 156
190 157
190 171
190 172
191 157
191 158
191 170
191 171
192 158
192 159
192 169
192 170
193 159
193 160
193 168
193 169
194 160
194 161
194 167
194 168
195 161
195 162
195 166
195 167
196 162
196 163
196 166
197 163
197 164
197 166
198 164
198 165
198 166
199 165
199 166
