1205
92118
113470
195511
205012
445986
472922
543178
580104
622850
659831
670354
731782
970758
1003594
1100329
1238715
1366654
1641325
1737991
1779540
1792829
1804493
2336880
2403294
2477191
2566500
2576156
2582156
2765073
2852959
2931245
2940979
3320024
3417325
3429221
3457776
3576263
3602649
3814746
3881327
4262890
4367814
4504080
4840086
4855273
5057859
5062884
5379133
5432175
5483999
5573431
5588469
5640102
5650663
5653236
5821610
6461216
6590182
6782113
6902148
6944490
7031374
7135602
7514666
7682296
7768876
7789495
8209654
8375319
8527389
8563896
8630196
8710999
8855997
8923752
8939988
9066404
9155713
9193964
9206905
9274677
9314481
9402056
9406439
9411300
9581707
9705004
9761273
9876764
9984913
10104688
10314802
10681266
10855001
10866958
11234760
11268803
11274302
11348783
11373377
11375316
11951933
12438623
12468848
12778134
12857924
12929777
13146204
13168036
13285302
13304761
13505319
13506789
13532332
13548103
13871197
13980846
14037012
14138962
14145480
14213134
14249260
14292153
14381317
14398739
14444304
14826249
15057520
15150824
15238095
15338724
15451674
15452079
15506413
15575120
15602210
15621752
15902841
16290279
16419610
16478545
16530841
16710774
16796025
16952590
16998246
17042010
17140018
17303105
17356556
17427975
17507617
17817788
17986146
18005728
18435472
18625062
18788659
18852198
18862744
18864010
19112884
19126505
19173011
19188513
19190833
19312805
19575905
19704969
19706113
19730742
19795667
19902008
19905779
20044587
20099431
20101768
20514874
20536116
20630845
20632197
20735529
20756317
21002566
21135369
21234722
21442751
21661145
21895934
21972860
22095259
22118216
22119502
22260816
22338159
22481346
22554790
22581326
22651891
22738743
22755129
22866144
22912807
22990832
22998203
23036403
23142640
23202288
23364510
23388041
23455333
23462281
23529259
23640693
23668833
23817543
23945042
24049345
24091590
24282964
24447424
24505493
24559386
24571221
24619573
24631613
24665015
24707661
24809297
24906211
24915214
25331210
25337924
25419825
25545710
25558868
25724496
25754102
25794266
25997957
26015481
26022114
26321354
26578428
26617508
26621940
26811467
26905889
27239887
27335817
27363592
27405409
27432104
27572021
27712368
27796839
27918716
28062707
28104871
28120941
28137373
28232978
28236710
28578695
28675619
28778688
28822262
29019206
29060461
29100726
29134369
29249162
29269929
29352833
29368584
29422770
29526156
29586869
29631029
29737391
29755586
29854632
30030075
30035133
30047662
30129721
30289713
30356304
30360600
30493412
30539759
30549602
30576812
30650782
30882217
30914863
31174715
31262675
31318261
31361410
31408266
31438101
31462999
31734437
31758198
31790686
31838580
31887988
31942300
31962232
32045289
32090862
32433882
32528944
32567021
32623510
32643245
32684384
32834377
32917317
33104421
33142512
33154872
33324566
33339243
33448998
33552467
33638579
33700166
34216639
34308804
34479841
34517348
34556167
34702814
34765202
34766311
34817528
34921847
34995713
35032494
35040460
35155111
35277085
35424722
35531488
35753289
36206883
36354315
36357270
36362585
36375027
36384633
36482068
36491709
36560267
36796512
36831952
36969887
37195317
37198889
37228860
37326540
37367795
37476701
37542971
37599795
37651633
37856101
37952721
38050587
38076327
38105108
38132754
38342079
38349450
38408724
38511650
38701977
38766581
38956693
38958840
38986069
38997392
39001819
39038172
39082290
39117000
39231646
39356636
39368970
39424816
39459640
39465036
39545026
39634677
39761382
39780096
39888822
39910447
40065484
40133595
40208509
40497073
40583257
40604573
40619906
41029245
41090638
41226722
41357756
41372922
41384397
41640544
41643008
41698672
41703459
41938198
42207591
42424437
42489268
42497687
42557340
42565650
42637099
42675361
43016074
43050469
43182913
43187376
43270997
43356430
43479359
43518875
43976438
44248331
44366626
44375800
44521036
44567238
44696479
44723881
44737840
44813507
44829383
44961668
45223374
45397340
45520317
45530379
45593228
45760368
45855918
45933750
45966714
46157873
46203768
46221548
46397710
46444718
46719966
46748461
46840273
46842108
46921801
46946880
46966690
47012664
47093131
47132903
47268240
47469339
47473808
47566402
47665918
47700176
48004848
48271196
48313259
48360980
48363761
48571656
48575115
48579277
48689678
48706720
48730366
48852765
48906568
48983070
49020347
49050031
49196587
49211089
49216313
49362803
49373276
49603237
49649702
49667990
49813994
49842981
50095497
50099468
50167201
50176095
50346997
50417858
50476212
50543545
50677751
50716169
50719528
50957697
50988513
51100405
51120277
51125266
51224215
51345351
51475961
51519811
51546759
51609861
51660583
51756397
51900254
51903225
52008408
52025749
52139928
52294167
52307013
52557624
52707795
52853549
52981422
53081840
53166312
53217034
53303681
53311844
53354146
53400904
53602512
53637264
53757404
53760478
53934819
53979876
54008008
54319279
54451843
54513428
54583362
54690741
54701226
54821797
54950959
55114490
55388316
55443513
55471937
55706225
55743621
55759976
55905501
55975968
55986050
56181026
56280599
56282391
56389914
56507076
56539531
56989641
56997199
57062459
57209638
57390067
57485557
57500471
57744489
57949395
58038594
58070373
58132769
58153458
58212503
58220492
58235795
58264484
58301612
58302359
58819120
58983152
59110227
59124478
59275929
59329036
59348481
59365357
59512128
59535278
59597196
59651226
59699965
59780965
59917498
59958167
60173786
60228614
60245565
60323121
60326427
60375552
60405033
60438792
60561383
60608677
60701329
60721977
60781627
61054027
61553030
61566298
61583419
61888606
62007242
62085658
62101029
62273686
62308802
62339832
62341709
62373114
62535332
62548287
62565698
62579871
62585597
62668771
62945279
63132849
63233004
63364121
63395387
63403418
63403817
63421500
63748010
63921949
63958340
64106981
64169921
64182167
64479009
64587363
64612609
64619418
64886484
65075212
65099470
65106706
65131539
65181591
65222749
65246740
65497599
65542651
65745103
65785484
65827676
65908960
65941360
65979004
66001903
66129506
66311248
66394228
66551445
67557777
67569352
67569656
67615404
67674824
67702276
67721606
67879226
67948186
67980379
68127440
68139815
68184012
68346312
68356155
68492357
68608194
68622987
68735841
68869245
68869691
68991232
69053827
69319449
69344720
69427945
69452758
69601469
69924739
70019657
70328985
70408441
70419253
70554125
70554614
70698769
70746543
70770377
70941146
71010961
71058133
71087708
71181174
71229656
71345616
71350999
71367471
71369721
71468642
71530081
71596715
71627465
71679186
71747558
72078672
72099856
72267235
72336796
72513497
72532903
72542490
72651893
72865963
73024978
73092413
73373403
73411286
73463041
73506738
73526300
73615743
73629425
73805852
73864505
73938441
74040410
74107847
74163453
74201910
74298188
74475398
74506530
74524455
74526521
74618284
74625073
74629131
74680523
75178628
75487651
75650101
75691242
75718196
75798647
75816063
75829426
75859607
76046466
76285854
76306400
76397496
76545657
76578156
76578802
76628258
76661795
76849586
76907911
76914691
76963826
77137943
77198922
77328976
77346184
77419035
77539558
77602541
77619716
77910051
78260898
78318509
78605467
78625109
78790094
78817675
79225688
79286673
79387305
79406759
79424076
79427198
79567900
79627721
79639689
79724428
79744902
79776180
80320715
80454382
80483585
80707115
80759708
80857145
80908003
81068944
81218150
81224456
81317782
81394683
81394788
81546917
81574245
81674816
81729470
81732948
81890040
81908487
81939030
82032780
82305663
82320876
82323340
82348790
82397123
82449451
82599485
82640239
82663469
82701216
82704921
82778794
82807842
82867619
83005376
83094617
83346220
83408059
83479163
83480359
83572518
83576500
83675046
83732079
83760495
83841199
83895439
84277059
84285925
84386244
84476920
84700027
84758675
84832855
84858346
84894094
84915582
85022510
85064124
85144328
85195787
85317848
85318488
85336318
85470911
85512386
85640340
85720671
85853428
86115938
86140059
86157744
86257360
86279668
86312557
86378247
86502479
86621089
86728009
86833145
86863553
86950411
87070953
87089143
87210234
87255518
87332496
87336842
87585919
87726774
87748946
87974624
87984147
88012566
88244191
88245131
88275889
88301951
88336842
88492778
88736486
88821418
88851646
88860854
89027831
89139513
89522796
89589400
89642119
89684335
89721927
89754919
90073297
90303619
90533581
90630501
90743657
90755274
90779198
90917661
91036262
91120933
91227806
91335529
91440162
91490480
91536425
91545539
91556149
91596424
91731223
91940740
91940780
92155870
92207154
92398562
92444192
92479535
92506837
92612714
92699074
92921933
92928945
92937523
92964632
93085133
93145099
93271950
93297551
93313209
93435552
93459879
93509423
93570905
93702657
93792122
93842033
93877446
94187424
94199079
94251305
94533689
94617133
94630794
94634948
94728365
94757732
94854124
94904064
94911091
95137976
95316037
95613286
95764684
95891767
96059417
96274192
96382266
96419910
96449470
96465228
96518829
96544012
96931269
96990124
97024119
97358307
97366646
97458710
97470559
97498260
97541554
97585147
97612285
97617783
97973103
97995481
98093706
98164810
98324138
98564038
98635739
98666155
98883796
98903595
98950507
98964956
99041962
99061254
99119952
99144017
99307860
99341885
99344570
99964453
99979610
99994081
100009816
100248376
100255473
100319975
100422751
100498094
100619629
100700572
100740815
100747830
100787264
100787435
100821874
100852496
100875957
101017459
101102722
101125602
101205116
101592294
101621667
101717473
101834758
101941244
102016437
102261667
102340150
102412494
102485153
102551155
102623514
102679880
102979185
103141921
103280427
103292280
103597502
103831375
103877280
103877792
103945616
104191208
104456044
104592144
104906383
104951833
105239536
105274721
105471387
105730354
105770368
105930874
106138600
106270888
106272966
106302536
106489211
106548415
106568183
106599524
106706997
107038993
107130826
107153185
107323526
107374798
107495828
107662831
107729801
107795886
107849265
107892738
107935252
107949127
107963082
107969699
108021585
108029164
108070155
108171493
108185023
108313268
108358649
108475833
108660869
108759969
108875936
108937151
108964981
108978351
108987371
109009841
109037873
109335100
109435691
109473058
109644419
109716785
109754541
109841917
109864824
109885185
109898676
109963017
110029852
110085685
110346752
110769017
110907919
110926365
110952389
110991743
111023090
111186081
111189681
111230191
111589295
111626058
111638875
111639807
111953662
111974855
111987509
112058994
112255513
112462424
112577548
112656096
112780978
113109980
113136238
113270499
113291527
113322827
113402239
113413707
113607524
113633011
113716648
113740236
113810796
113845305
113846211
113868860
113968561
114167789
114225884
114334657
114339946
114363987
114399051
114484507
114553604
114559012
114585481
114778199
114878089
115148928
115152395
115157657
115232793
115339085
115567394
115582950
115625638
115630679
115680489
115870053
115915787
