8706
30061
102068
167358
175333
178052
180137
204724
252998
257225
304658
316887
320073
348131
399906
416777
442797
474145
670745
689025
690734
693879
708907
754581
755099
826597
827820
865570
878041
959190
961442
1000443
1101879
1102844
1111470
1124689
1146951
1236023
1251580
1257848
1280778
1290817
1422900
1471293
1491434
1526946
1555845
1615123
1752724
1768892
1845872
1849736
1925958
1965834
1969749
2038225
2094641
2095249
2103180
2146803
2148799
2175550
2189874
2247166
2259694
2265624
2267697
2316635
2411676
2424362
2569766
2608441
2641408
2682602
2700027
2775831
2803297
2811429
2853106
2864874
2994299
3004364
3060559
3071372
3146410
3158083
3191000
3191935
3194439
3209390
3210052
3275344
3279632
3352992
3416970
3425621
3440013
3456332
3466338
3467941
3494804
3500318
3565896
3621348
3647066
3671467
3672155
3782829
3793621
3886729
3892825
3903220
3914162
4094102
4147783
4240224
4249428
4319489
4347482
4440065
4505793
4529686
4576247
4579442
4585807
4607640
4622310
4648251
4719222
4724622
4726125
4772235
4777750
4872796
4883760
4945499
5001129
5044923
5101926
5122143
5163467
5207845
5222281
5254224
5266924
5400320
5471593
5472363
5475865
5555443
5636576
5659297
5669938
5789872
5823793
5992918
5994521
5994915
6049775
6073772
6133731
6156244
6173413
6176803
6189689
6210411
6271817
6292327
6333723
6341342
6348893
6349043
6378225
6393863
6420395
6434785
6495274
6650497
6669343
6685206
6692252
6775444
6948686
6956494
6965027
6967558
6967868
6986354
7063865
7114997
7122633
7139302
7207137
7218022
7244205
7247559
7296684
7300239
7340293
7367087
7381324
7390317
7413886
7415895
7448708
7459153
7471839
7480952
7510898
7516238
7517211
7552725
7564591
7625386
7652655
7675831
7685002
7771537
7813071
7871489
7885876
7914913
7917291
7922963
7961436
7978711
8015827
8259933
8326283
8393699
8481065
8487254
8551346
8625984
8643669
8648250
8679347
8767004
8785391
8873432
8895363
9054333
9064304
9080639
9204438
9265197
9311661
9323701
9410521
9416372
9478048
9505718
9629205
9682706
9730464
9738843
9767829
9772724
9815925
9824634
9857955
9861125
9861702
9879867
9900748
9988708
10032885
10120673
10139275
10164592
10173908
10213892
10215431
10249153
10290279
10325394
10380721
10397028
10412171
10447973
10505246
10712923
10742722
10745292
10776652
10789892
10811175
10858228
10874669
10967679
11061311
11065169
11105642
11118752
11138002
11157277
11264750
11275872
11281640
11294132
11298169
11301931
11333240
11336713
11453950
11501008
11560238
11683473
11714448
11718178
11755850
11878303
12088737
12153436
12212771
12254585
12261621
12343440
12384413
12402152
12428177
12448783
12492587
12496921
12510392
12677104
12694447
12822618
12926468
12933738
12937273
12986355
13067099
13108630
13207243
13208220
13211319
13279121
13335414
13342096
13514743
13565146
13612460
13623983
13663266
13674159
13773794
13797590
13825819
13929478
13931889
13978362
14047653
14070652
14071985
14152633
14175553
14234231
14239145
14450068
14468992
14497888
14506302
14519887
14559088
14588628
14598702
14605000
14607111
14645413
14654476
14697991
14743878
14808352
14848805
14858140
14870007
14916563
15005415
15055253
15079435
15097646
15162036
15176117
15251390
15258028
15278094
15317039
15345722
15386384
15393836
15395693
15398107
15407604
15410032
15442257
15575908
15618930
15674490
15822317
15822551
15864020
15864092
15940043
15940278
15943352
16059415
16130867
16200771
16250670
16346555
16353164
16378191
16378509
16379023
16514540
16533581
16566317
16608191
16623424
16646745
16735784
16739422
16815566
16839217
16842502
16857231
16899269
17001356
17016514
17036421
17073087
17079491
17131537
17176483
17238678
17247197
17311429
17324952
17370749
17415807
17427904
17451403
17482639
17531522
17583572
17610755
17737948
17755028
17758881
17807434
17828812
17878098
17899664
17948111
18024460
18053128
18084003
18103164
18195162
18245292
18311646
18339601
18348883
18371007
18385521
18402571
18402717
18457393
18492471
18501165
18502639
18507717
18522789
18533873
18545824
18570812
18571064
18616447
18632776
18650601
18699335
18852526
18868436
18875569
18886275
18899607
18957531
19050796
19083285
19088128
19090538
19092684
19128607
19141831
19144778
19206175
19222602
19229097
19235560
19241704
19252116
19264503
19296992
19310817
19312316
19350033
19352837
19406393
19625840
19627960
19657884
19742917
19803990
19941235
19953072
19964581
19966625
19998534
20007026
20034221
20077777
20080017
20114608
20114974
20143811
20200314
20209018
20268944
20364968
20419092
20488596
20501047
20506944
20540438
20564054
20579320
20689786
20727779
20770713
20802566
20816716
20832765
20874993
20885303
20891766
20935331
21064576
21089734
21144140
21189537
21233026
21234091
21279563
21330931
21340299
21378724
21472061
21491113
21494295
21500939
21505468
21518260
21562235
21632461
21659699
21671654
21702616
21716217
21735890
21806687
21819454
21881062
21908338
21958501
21985391
22008463
22046932
22051852
22086653
22106602
22153067
22162126
22194744
22229416
22251030
22287850
22288806
22380577
22434231
22434663
22435110
22473804
22510146
22518877
22547390
22554058
22568162
22600519
22643430
22670007
22674856
22802549
22805263
22817365
22845593
22873586
22911766
22965863
23001757
23259021
23267191
23304298
23312433
23327926
23377617
23415453
23464782
23465395
23536796
23553287
23601981
23642253
23690986
23691103
23723761
23742583
23804096
23962629
23978789
23999234
24067937
24084392
24155794
24156591
24256871
24280928
24290010
24294825
24365452
24378390
24379210
24421060
24421980
24435630
24486526
24530670
24656901
24667496
24673274
24709599
24753701
24798415
24862795
24873678
24882454
24888033
24947950
24965576
25009003
25125612
25173673
25222576
25320666
25321485
25418290
25442007
25531178
25562341
25567044
25601795
25681207
25727990
25733631
25751542
25790467
25799541
25800765
25803344
25819089
25865147
25878978
25881322
25931516
26057876
26106219
26138338
26151204
26290356
26360581
26380678
26445244
26468557
26481296
26561824
26623597
26635044
26648564
26705056
26767250
26767276
26798402
26814267
26846130
26864621
26889972
26891072
26998902
27003613
27100893
27102748
27114654
27181425
27368418
27426935
27430669
27449942
27468423
27502522
27568200
27574150
27618367
27637139
27661827
27727185
27731684
27734023
27747370
27769574
27804358
27857525
28006848
28008267
28057719
28112864
28148222
28331470
28380901
28420959
28446373
28452593
28455993
28552912
28560411
28574413
28577798
28582358
28590883
28591187
28681246
28711604
28758652
28766912
28771580
28791293
28823705
28865186
28869103
28881788
28933559
28985754
29054716
29116794
29137588
29152865
29209716
29242114
29275693
29354844
29403032
29514905
29565131
29594992
29671147
29685043
29696586
29714916
29720620
29741185
29757214
29816105
29869506
29874979
29920215
29991603
30007689
30047299
30068145
30075175
30093214
30120685
30200763
30202197
30209466
30254833
30273907
30288574
30289087
30338944
30341024
30363806
30386333
30389653
30474167
30562570
30611224
30617748
30619832
30672784
30672932
30679123
30745882
30783790
30805272
30824361
30858827
30865736
30906524
30906594
30939393
31090280
31099753
31102140
31140284
31153746
31216628
31282202
31369148
31396533
31423386
31454840
31462381
31481075
31491032
31568784
31583128
31624609
31669905
31701539
31748756
31754649
31815941
31819012
31847403
31927673
31945409
31949955
31964811
31969856
32014757
32020255
32116053
32137715
32240805
32259809
32265414
32307197
32320947
32326524
32446874
32448679
32455545
32515028
32562446
32568900
32629723
32630259
32631658
32654144
32697829
32714090
32720833
32751651
32762187
32821894
32875388
32922717
32952277
32974044
32976390
32979480
32984208
33012195
33026045
33083306
33092826
33103351
33107315
33146223
33152114
33168419
33171895
33175196
33214136
33215231
33240945
33256458
33301933
33395840
33463379
33487369
33549944
33601098
33642605
33647966
33648845
33682649
33691619
33712338
33747851
33789135
33837663
33955399
33975999
34033774
34063217
34064355
34156961
34183363
34192252
34197773
34252860
34305370
34316831
34338044
34383694
34414558
34417945
34429437
34434931
34453553
34626204
34644805
34673056
34687855
34715150
34745372
34819588
34820462
34903782
34933254
34945975
34968680
35002624
35048159
35072603
35190287
35231757
35243200
35252936
35290585
35309324
35336543
35381515
35413444
35456320
35472032
35516907
35529309
35537863
35556464
35633905
35647658
35702680
35753257
35774031
35777964
35822019
35858470
35869549
35914998
35974745
36143488
36172030
36222993
36230221
36270995
36329913
36339356
36359151
36403431
36459474
36484416
36490288
36509631
36576996
36684900
36708237
36755899
36773783
36848479
36858155
36870964
36897085
36932214
36975880
37096981
37130224
37147276
37160390
37197706
37222122
37245684
37255624
37267393
37278153
37332644
37346389
37374609
37417396
37562838
37588400
37608457
37624487
37628227
37634056
37720645
37724600
37727059
37738229
37759240
37780166
37899013
37905596
37953980
37958171
37968297
38003643
38110043
38131372
38147959
38151278
38178427
38200257
38261921
38307883
38349183
38376613
38688217
38698739
38703484
38753612
38769119
38826356
38833976
38840312
38872282
38929107
38998153
39027507
39037819
39081730
39115392
39162338
39211371
39281151
39296773
39338666
39375872
39379047
39409829
39415695
39449833
39480252
39561542
39615021
39703420
39790368
39848955
39898567
39931987
39976924
40089777
40155589
40165096
40171800
40183138
40183578
40192669
40250121
40262477
40270000
40290717
40320365
40371029
40443268
40459595
40550390
40565345
40594936
40599483
40626439
40643093
40669170
40691671
40698745
40765144
40852097
40897911
40945178
41011689
41073370
41149506
41180282
41190152
41208445
41251280
41259409
41294070
41335884
41345822
41356436
41363013
41363447
41402686
41462366
41500928
41526660
41548472
41582855
41669863
41700824
41722451
41730692
41799955
41802538
41838990
41858846
41923494
42002048
42055622
42062925
42230301
42254080
42254718
42277963
42296753
42312061
42320303
42370690
42374998
42542780
42582081
42583151
42586150
42593151
42665386
42705296
42743132
42756583
42773927
42796132
42808726
42870893
42885683
42923579
42944771
42959635
43031166
43032410
43051132
43069382
43073097
43135926
43180139
43213949
43321076
43340910
43352316
43369030
43381416
43435654
43450312
43495941
43522866
43524208
43526104
43630334
43746683
43816675
43830173
43841639
43920888
43932440
43968700
43983899
43990478
44052635
44093269
44101047
44164357
44184264
44192911
44256904
44287360
44405698
44416587
44451436
44465935
44483870
44507345
44612968
44642056
44642506
44689939
44705257
44743603
44749439
44749918
44831683
44867502
44932329
44935981
44945901
44991472
45060012
45077685
45090926
45101159
45190654
45254089
45272753
45312556
45315896
45380212
45399192
45441656
45456134
45529919
45617347
45651551
45710625
45721187
45750544
45766830
45804887
45827959
45861580
45885659
45904133
45915194
45928800
45945599
45954061
45963103
45976234
45990857
46115855
46147200
46154453
46211836
46233053
46337388
46382517
46404049
46428753
46458457
46485635
46528402
46572942
46596278
46611254
46670754
46689859
46734585
46751199
46780903
46899314
46914478
46925999
46931286
46951445
47062339
47070632
47113219
47141590
47173816
47176807
47223701
47260503
47275065
47277310
47294980
47299722
47312240
47351837
47359441
47380457
47385312
47423280
47437473
47460118
47510951
47523668
47561194
47600499
47607320
47646511
47656139
47659998
47669607
47672262
47736472
47758248
47765564
47794149
47817721
47914018
47935604
47965216
48102340
48115489
48122062
48134010
48154393
48171219
48213051
48254138
48345324
48380601
48384198
48407441
48525053
48540243
48575627
48695023
48707828
48749323
48757653
48772741
48873196
48956339
48964223
48983096
48989043
49058826
49098277
49137615
49171871
49186177
49205032
49206912
49215173
49215652
49235665
49251836
49255627
49285893
49299636
49343804
49369887
49371270
49377954
49416329
49424069
49485025
49501625
49514753
49520890
49578398
49588068
49683167
49693269
49696206
49731448
49738196
49760870
49811895
49856153
49926946
49950662
49965960
49983666
50011931
50040963
50054901
50058002
50167409
50195996
50221776
50255764
50299445
50321201
50401588
50496139
50500064
50594624
50596560
50598545
50625689
50657227
50710286
50731253
50767666
50815685
50856539
50938042
50999728
51007056
51018896
51047499
51095003
51105622
51116604
51123211
51137819
51142462
51154226
51215550
51230287
51241098
51253298
51260311
51263350
51276237
51319332
51342423
51368422
51375994
51520253
51688989
51693258
51705408
51768783
51791219
51805490
51807603
51862923
51881554
51884043
52058035
52063518
52086301
52109655
52167042
52225828
52243605
52281322
52309642
52378162
52423752
52428641
52434048
52452313
52465374
52469426
52488710
52552928
52565393
52602215
52661385
52688302
52691585
52782849
52784789
52812046
52817208
52925424
53023429
53067386
53104655
53137934
53167437
53218183
53238484
53253632
53261406
53328693
53391019
53463130
53465076
53508134
53574240
53630365
53639006
53649152
53675393
53745232
53764449
53775974
53777207
53783811
53795025
53836333
53841947
53872169
53877880
53928504
53971166
53974460
54014305
54030205
54034141
54042463
54079094
54126564
54127566
54138368
54148178
54149172
54156675
54171312
54306410
54338484
54345665
54361287
54382926
54446099
54483432
54489695
54528508
54572731
54658334
54661965
54685466
54766861
54772106
54785772
54794708
54801393
54823543
54851861
54928785
54943398
54965724
54970247
54971967
54994657
55078113
55088395
55132924
55134667
55212892
55247742
55254183
55353138
55474334
55528436
55559864
55578162
55594107
55651796
55661442
55682177
55751268
55772738
55775368
55802243
55809675
55814796
55882196
55888270
55896474
55913780
55924584
55946528
55957654
55968872
56027431
56030610
56158763
56189177
56197682
56222808
56245870
56264231
56273414
56323527
56326346
56348757
56401003
56444525
56459872
56498543
56537299
56541075
56564793
56591381
56617822
56623486
56681744
56725613
56772481
56863088
56867786
56942411
57075536
57079427
57088794
57106312
57115860
57163553
57164048
57206245
57217737
57250028
57340654
57341213
57373827
57408505
57413854
57433996
57471507
57488163
57514256
57611761
57617447
57630357
57656808
57685366
57699946
57741131
57929501
57945835
57953727
57999579
58139902
58161172
58257345
58258842
58299198
58318265
58330185
58374931
58387200
58462259
58478974
58507897
58509840
58573982
58625075
58632466
58689666
58713140
58770773
58783053
58795741
58820738
58849497
58887402
58935500
58954846
58971768
58983916
59022702
59031217
59052562
59056787
59057744
59066396
59095926
59152272
59172125
59186754
59193305
59204865
59278618
59325403
59441502
59458972
59482725
59513280
59559614
59562471
59602748
59619374
59631168
59646910
59792274
59800125
59810735
59816789
59836268
59848364
59850864
59861298
59908385
59921758
59939000
59958310
59979547
60021291
60050966
60054610
60162478
60203363
60245528
60272912
60274452
60302630
60303936
60329732
60360499
60418870
60427293
60478956
60484126
60528917
60528987
60575925
60581975
60582656
60603096
60666567
60674258
60749643
60790783
60802657
60928335
60956364
60974517
60988530
61015383
61096987
61158204
61208025
61219168
61271025
61293190
61318134
61334163
61385696
61477537
61598347
61618348
61653652
61654607
61658057
61658726
61684243
61688722
61709878
61721019
61760549
61824836
61863088
61877428
61893416
61897349
61962678
61989115
62017052
62047360
62061566
62222787
62239576
62412914
62449594
62456585
62534379
62559723
62560676
62748953
62791501
62793481
62851566
62879023
62987484
63076020
63102632
63127619
63138563
63219381
63232581
63236708
63297341
63314017
63347541
63360757
63440903
63456245
63521089
63565027
63587941
63619962
63834788
63840786
63849601
63863208
63879511
63915034
63918388
64039764
64081154
64088309
64113105
64115420
64140589
64143315
64310107
64354459
64357016
64453345
64508971
64546586
64564596
64601185
64610121
64637697
64699929
64826811
64903789
64917768
64929138
65031032
65068432
65071204
65085848
65122735
65171156
65235130
65306815
65337785
65352013
65364259
65379319
65400254
65495128
65508498
65532603
65539837
65568448
65628774
65648704
65684482
65703235
65704652
65717717
65740134
65760634
65809342
65848875
65860562
65905735
65997098
66051371
66055668
66137664
66154233
66176490
66185424
66250428
66350273
66358731
66436540
66441054
66462217
66474698
66520286
66529865
66539609
66556838
66559063
66566483
66570696
66591851
66618744
66735484
66807135
66831929
66848085
66850059
66859540
66873336
66980302
66999679
67247485
67250992
67282349
67305814
67308756
67363638
67394544
67424269
67456939
67496799
67565301
67605224
67615582
67667549
67693256
67750074
67794945
67809154
67893357
67934862
67957779
67982368
68018695
68041055
68085821
68086851
68094546
68108874
68114999
68192087
68208461
68272106
68284693
68303594
68381844
68457306
68475428
68619439
68620495
68641330
68705789
68768320
68800903
68807662
68817368
68853116
68857512
68862611
68897520
68907059
68954155
68961221
68980871
69035606
69038090
69046410
69048629
69129658
69141695
69152390
69226327
69328846
69417080
69456169
69472877
69500475
69602529
69617568
69641105
69648787
69744388
69778904
69847791
69859455
69889773
70037527
70086782
70163977
70176239
70217036
70266280
70321298
70337761
70342610
70358328
70374791
70526756
70621019
70634575
70643387
70659634
70778239
70846671
70869011
70919499
70937368
70944093
70986096
71041944
71048124
71099531
71194623
71268027
71269479
71289840
71295606
71328870
71341448
71398872
71421128
71476186
71544358
71557965
71591253
71628957
71669586
71692103
71706441
71730427
71820469
71869144
71902100
71908141
71961899
71967165
72079770
72100015
72115894
72149428
72152881
72188136
72197368
72206382
72283436
72380135
72397100
72410904
72423861
72557932
72564908
72655157
72792378
72794577
72804701
72849904
72863086
72865473
72885554
72953741
72977104
73020102
73069594
73087806
73093752
73114358
73165501
73185082
73197351
73235412
73307470
73337686
73405602
73552620
73617195
73644013
73653368
73724200
73724616
73745605
73781672
73806447
73841565
73845626
73849396
73919884
73944129
73974297
74035803
74055715
74139428
74181533
74196452
74260242
74354903
74358907
74378998
74457030
74463950
74537938
74553451
74602386
74639207
74677545
74682661
74712343
74768218
74831179
74831522
74945960
74946666
74991368
75004531
75077006
75123836
75217557
75240703
75251790
75268894
75334683
75540447
75596674
75597113
75735133
75738493
75756957
75858270
75882654
75979921
76007532
76052867
76076081
76083097
76085535
76092499
76164121
76256324
76268937
76329149
76343849
76386105
76388303
76396166
76401270
76443907
76509861
76603286
76617071
76690091
76725248
76741398
76756310
76768180
76806443
76812967
76829090
76853628
76888941
77002003
77023229
77081352
77094060
77097178
77131374
77151857
77162573
77192007
77215503
77253369
77274999
77337193
77443908
77447092
77469264
77494944
77528604
77540824
77572966
77608983
77625657
77675716
77684363
77704379
77727950
77736755
77745296
77762369
77817207
77829364
77939529
77950958
77962198
77975132
78007723
78044229
78064976
78085048
78106348
78208345
78235941
78279378
78324119
78327831
78391309
78417883
78425595
78450849
78483956
78553854
78563244
78570798
78580166
78685710
78725170
78745150
78748003
78768192
78840112
78925705
78967327
78972168
79009279
79046631
79158748
79166311
79234358
79417356
79452974
79459691
79484175
79592124
79608217
79639926
79678756
79683486
79704093
79839492
79899866
79964996
80061454
80092449
80110861
80135957
80177519
80213241
80239182
80248723
80297056
80308806
80414068
80458358
80462443
80500420
80509534
80555637
80599286
80695210
80743063
80757820
80809014
80872163
80943833
80965211
80970494
81041539
81042044
81110399
81211144
81246189
81268413
81303519
81327883
81417266
81480482
81497258
81499130
81532463
81534163
81586162
81602006
81608821
81648301
81667327
81685859
81751220
81791295
81828825
81883881
81893698
81899817
81920684
81921628
81981649
82051852
82125734
82167805
82206239
82243696
82257856
82285177
82308339
82426838
82450495
82499699
82529397
82543837
82591727
82640199
82698421
82787275
82787709
82791686
82812495
82859710
82863317
82883626
82914851
82921082
82935816
82957757
82969644
82986238
82999086
83022948
83044870
83068860
83101091
83104066
83239517
83241613
83257078
83258714
83278378
83281523
83296349
83329671
83362391
83383859
83408441
83417715
83470840
83512579
83527689
83552485
83556856
83574016
83631547
83652902
83663386
83670216
83707098
83772320
83820949
83843686
83907031
84040310
84117851
84173671
84251992
84334541
84398523
84400195
84418390
84420278
84507025
84521402
84576974
84582734
84605398
84622921
84641862
84654728
84655281
84722791
84764164
84811582
84847611
84863423
84898119
84952391
85030557
85084784
85092765
85150063
85161685
85164084
85185850
85189338
85239635
85285794
85351304
85364081
85380456
85391096
85423272
85427031
85429652
85488526
85496553
85539202
85543413
85563397
85570246
85583443
85624320
85635295
85644556
85656418
85664041
85777400
85780524
85803933
85901192
85952663
85953520
85958976
85972753
85979597
86039456
86049737
86078634
86086944
86089186
86159209
86165328
86228781
86233396
86249887
86271308
86343974
86344239
86474483
86515914
86547567
86576940
86605858
86619078
86652122
86698497
86699896
86742062
86746327
86793424
86812964
86883021
86933412
86937707
86940184
86946605
86949116
87047448
87055901
87062847
87087490
87093755
87107429
87113358
87147383
87164461
87213737
87227737
87248648
87266587
87295564
87357959
87366140
87397600
87460187
87562143
87604005
87703619
87803166
87807992
87829744
87961984
88032061
88056244
88142761
88238651
88259371
88284058
88335131
88493640
88535036
88536693
88653525
88747635
88751072
88779661
88895895
88923033
88944296
88957527
89049078
89052003
89131847
89144343
89157471
89274485
89296538
89304287
89308577
89338398
89349898
89362233
89366673
89438857
89489367
89565145
89586687
89588461
89641513
89666249
89686127
89738552
89773623
89896576
89903116
89951102
89962174
90034572
90045067
90059474
90124066
90159905
90238952
90241260
90323382
90328633
90346818
90464901
90469758
90529608
90533093
90613802
90700881
90791928
90824893
90832347
90869477
90879594
90882772
90904008
90951653
90968971
91045483
91122412
91145043
91158293
91161605
91179412
91191998
91323902
91338787
91340734
91363091
91407911
91458169
91464692
91467684
91481967
91531780
91558290
91573699
91581956
91689185
91729384
91813617
91831647
91846174
91868179
91896529
91934295
91951988
91957139
92033544
92035017
92066333
92122495
92142768
92180592
92200069
92203928
92253608
92364967
92392091
92457098
92522359
92571245
92588198
92616501
92706403
92709801
92716346
92716404
92761781
92913372
92921290
92946847
92947340
92961078
92973164
92978126
93011805
93175022
93184132
93194748
93303659
93322383
93339721
93371867
93398698
93435974
93461473
93465426
93492362
93552987
93577722
93584729
93631227
93648476
93665716
93774915
93828545
93846576
93851262
93910891
93975062
93993503
94007190
94019756
94100060
94104657
94113549
94128236
94140346
94258213
94321099
94325767
94357346
94364633
94432340
94446184
94447111
94458007
94462967
94502065
94531466
94547755
94653024
94692221
94699164
94700485
94722181
94758609
94769571
94812599
94837307
94980112
95006593
95083239
95143796
95152956
95170534
95226265
95244368
95261485
95286499
95299363
95302577
95306307
95391021
95453753
95482909
95582527
95596789
95601927
95731243
95747990
95768946
95818347
95918711
95950819
95959595
95961217
95980755
96009110
96019861
96091456
96127297
96154677
96229582
96276938
96286931
96327149
96436031
96437716
96469205
96519332
96525766
96531180
96540264
96587755
96632743
96684329
96712676
96733070
96800782
96832532
96839589
96912255
96932304
96952668
96994390
97002581
97021386
97028269
97071029
97129202
97212153
97227636
97234097
97282349
97407866
97431957
97450062
97519110
97598334
97612844
97629507
97751872
97752233
97815985
97850194
98007072
98057501
98064351
98121370
98125368
98147300
98149540
98152568
98200612
98374892
98466617
98477132
98480701
98516704
98547197
98593153
98658712
98671926
98694491
98711407
98719533
98724918
98781644
98785399
98809641
98878807
98908827
98943226
98951990
98992095
98994268
99024008
99078849
99079221
99104524
99148592
99192162
99196017
99218356
99295731
99323700
99395435
99403269
99456726
99462625
99505627
99551978
99559935
99560270
99590230
99620228
99646949
99655344
99662093
99662686
99694374
99700369
99756468
99837665
99854079
99863819
99871425
99914502
99915660
99921866
99935449
99997917
100012438
100056208
100067100
100182370
100239176
100250336
100304993
100402640
100414593
100429061
100475878
100493862
100548221
100614528
100628176
100658987
100671141
100672482
100687365
100730002
100731479
100744223
100861413
100881331
100910538
100918910
100929999
100960962
100989070
101170088
101190131
101194414
101235508
101239811
101264938
101275430
101293243
101318846
101342501
101370668
101394861
101471856
101483018
101633581
101644947
101673073
101711253
101745816
101754619
101804713
101873348
101880645
101899511
101916238
101919474
101932237
101949228
101972428
101990299
102005043
102006207
102039331
102041088
102061122
102082661
102140278
102160115
102192348
102210297
102245377
102294222
102297002
102391276
102407989
102424813
102434376
102435901
102510710
102603309
102616301
102618627
102628643
102704462
102792611
102816722
102874169
102896765
102940968
102969113
102973037
103059711
103078534
103116456
103132924
103136222
103195753
103231198
103322038
103334469
103410054
103449129
103475794
103482209
103487677
103521248
103561080
103594274
103660365
103693402
103811943
103812835
103823816
103871263
104051480
104115723
104136370
104157514
104174708
104225292
104266415
104367420
104477442
104503781
104537631
104555412
104559951
104625526
104658199
104676093
104693596
104703831
104764705
104776431
104782872
104797235
104798827
104840553
104864145
104876662
104973516
104975350
104981985
105004313
105079361
105101638
105124871
105145115
105172576
105172845
105207577
105282450
105311058
105377499
105464862
105466432
105484407
105548482
105631321
105648703
105659954
105686487
105692170
105693669
105772592
105801748
105883969
105954781
105997764
106029998
106045637
106053929
106142691
106260525
106318622
106323496
106337474
106359543
106367365
106376803
106400261
106417117
106429218
106444071
106448809
106487743
106509020
106538471
106570371
106602892
106616875
106666549
106684050
106692049
106728908
106764448
106782597
106788139
106874428
106892395
106923935
107033629
107055907
107098090
107107796
107122104
107158599
107173000
107173838
107201689
107261841
107292995
107305913
107351190
107353614
107361979
107404983
107469026
107507601
107508785
107528123
107557000
107600693
107618181
107630610
107643937
107681838
107691083
107708932
107806486
107830772
107906095
107906621
107937580
107954979
107976397
108028746
108043550
108044416
108051408
108067739
108067851
108074423
108195774
108296299
108320983
108340028
108383192
108404545
108413446
108463974
108513867
108522022
108539472
108565235
108565236
108599441
108631818
108670209
108676590
108699878
108728142
108740873
108788588
108806392
108919135
108935694
108975282
108981876
108985329
108994612
109010096
109011077
109012726
109032126
109047057
109121328
109141444
109174929
109323246
109346828
109365122
109383335
109385065
109512249
109558518
109610407
109614884
109615550
109619027
109630325
109676949
109693487
109701699
109702283
109727009
109738235
109738472
109765372
109798101
109878814
109886616
109886700
109907690
109929833
109938443
109945116
110052740
110124466
110153963
110182673
110225494
110247124
110253199
110257041
110355625
110390223
110391829
110403891
110443356
110469599
110487820
110579889
110615394
110705869
110753927
110756860
110774195
110827245
110840752
110899223
110913273
110921764
110959480
110964279
110965816
110978435
110978905
111036881
111040135
111054345
111065198
111113164
111141454
111252953
111258386
111387775
111440964
111543317
111666777
111672527
111680605
111709830
111837903
112025235
112148608
112160586
112271283
112284088
112364288
112420185
112437660
112458826
112480334
112483276
112492420
112496472
112508448
112533652
112557128
112565722
112608211
112746188
112780097
112876338
112883182
112942990
112997968
113009716
113046647
113089427
113128698
113180244
113198617
113239976
113296604
113311723
113349200
113393880
113395790
113465326
113486760
113512409
113517663
113549677
113587990
113619851
113724395
113755567
113762147
113763764
113833440
113934775
113991927
113994228
113997885
114062335
114074229
114078203
114088960
114150197
114255288
114291960
114315544
114318114
114469419
114518409
114623429
114671055
114703655
114713849
114722306
114737706
114751980
114807233
114814776
114847482
114900360
114900705
114924882
114986738
115008117
115021615
115221764
115224243
115253761
115269756
115295630
115333303
115333735
115347448
115423497
115427646
115525556
115566093
115663778
115671359
115695915
115725884
115726782
115767138
115825865
115847597
115912647
116011627
116014569
116027082
116027656
116029755
116032494
116114626
116117356
116213645
116222958
116288145
116363113
116373537
116485750
116527436
116548828
116581200
116584868
116679804
116784659
116846531
116857646
116896197
116903322
116919202
117079824
117131500
117131766
117132266
117169482
117222324
117239123
117401916
117405180
117427576
117447015
117461173
117539833
117556949
117604474
117619294
117629648
117686112
117733622
117760340
117770840
117775088
117848538
117883582
117976108
118065493
118069032
118100279
118131243
118170735
118213014
118246553
118273454
118273656
118274617
118278919
118295011
118353132
118367015
118385181
118385299
118385581
118475355
118499730
118513456
118615631
118660034
118660641
118688571
118785572
118796241
118797944
118888044
119092758
119108661
119128720
119145421
119160446
119347426
119364608
119384492
119395874
119397270
119478253
119546217
119605991
119635264
119652840
119656370
119703241
119715630
119763228
119925589
119975469
119986733
120092801
120146127
120203556
120246554
120260666
120301345
120329818
120360204
120468470
120580318
120662785
120674493
120738333
120772547
120866052
120923943
120979068
121013048
121028264
121126975
121126995
121127145
121202245
121220245
121221125
121263850
121267789
121267830
121271577
121333858
121379754
121427372
121430302
121452944
121458177
121463186
121478143
121511848
121535324
121652200
121657424
121664198
121809966
121829924
121865405
121897854
121937085
121951011
121989778
122033968
122050766
122078626
122152365
122185608
122197827
122306180
122421332
122513371
122546728
122553227
122596338
122620271
122739027
122763712
122811524
122834125
122874609
122889768
122951812
123071616
123215455
123220957
123247828
123315452
123316052
123326997
123429780
123433710
123495695
123510222
123548240
123595172
123600938
123619769
123636884
123655737
123680458
123687434
123773699
123850064
123860709
123913304
123929644
123982695
124012178
124042949
124055448
124089244
124095216
124161737
124309251
124384918
124401261
124488800
124532473
124553689
124709488
124719934
124725656
124803058
124844199
124856991
124882567
124923421
125024389
125070224
125300978
125305631
125331611
125333850
125347926
125348636
125348761
125440591
125460941
125487462
125512195
125522947
125525589
125527425
125560208
125816427
125873022
125906349
125909399
125910612
125911428
125960025
125983192
126013975
126040976
126064399
126110634
126133727
126144990
126155359
126156111
126160396
126194435
126216093
126231111
126249100
126266685
126267535
126277084
126312439
126328631
126356618
126467985
126505416
126527297
126533170
126536278
126592738
126617003
126674907
126695223
126707393
126771781
126791482
126830742
126925259
126927748
126960712
127044808
127076262
127152447
127170266
127212224
127236119
127242820
127294533
127295794
127311179
127324141
127327804
127355112
127401893
127412559
127414327
127422263
127425924
127455015
127460692
127465465
127479162
127508414
127512666
127566837
127658853
127659812
127667592
127753353
127789210
127797643
127801459
127813455
127836573
127841139
127974074
127981264
128065494
128117552
128119123
128155745
128192066
128193145
128196205
128223663
128295841
128332798
128341385
128342100
128402179
128412494
128421487
128429863
128448570
128449133
128486705
128533301
128542463
128623021
128664021
128700313
128749698
128752483
128760266
128849629
128932630
129037513
129048895
129068187
129073603
129185091
129217100
129237110
129305227
129319017
129378211
129387711
129423029
129442327
129463029
129500078
129550037
129558052
129560295
129585373
129666594
129741092
129795798
129835680
129951553
130011047
130035370
130044829
130162074
130169492
130182154
130243639
130284866
130309238
130338131
130388392
130392976
130432435
130462655
130497551
130580270
130716509
130815555
130822771
130830619
130853184
130863229
130893940
130931961
130951015
130994486
131060886
131117951
131187857
131267266
131527140
131565329
131569503
131573165
131597463
131627391
131690131
131693030
131737397
131820729
131838820
131843092
131848678
131876189
131880623
131894394
131928396
131961821
131970147
132010532
132030319
132030935
132031823
132077881
132135989
132205447
132341378
132358568
132407288
132486936
132487373
132531895
132561372
132645589
132660005
132667098
132714802
132720828
132724293
132790921
132815665
132826525
132836563
132873114
132998363
133055180
133062900
133064155
133065341
133072174
133074228
133155962
133201146
133241630
133259116
133291114
133312967
133348184
133382356
133433349
133522559
133525040
133574101
133639643
133647962
133690683
133695557
133716139
133830612
133897901
133988287
134017002
134025949
134032231
134041452
134059479
134079440
134080496
134144952
134199647
134217464
134217748
134220874
134301382
134315839
134348003
134414358
134460351
134504199
134536206
134544677
134612675
134732204
134753496
134817034
134834284
134873539
134897298
134981915
135065788
135129618
135139459
135186899
135191909
135199110
135229738
135236275
135287403
135329016
135338918
135355742
135372614
135385238
135389048
135404552
135405695
135427778
135436086
135442732
135450380
135489782
135551986
135567541
135601038
135633145
135660656
135670700
135736331
135755170
135758516
135775337
135789374
135888823
135921300
136006794
136114586
136116943
136121888
136151341
136263964
136365005
136376504
136490127
136534159
136550227
136553551
136573886
136605793
136633177
136703230
136703636
136714535
136769976
136804555
136891557
136971553
137013243
137052398
137094529
137104702
137139699
137163361
137184312
137302200
137310396
137362694
137386564
137409435
137449309
137468868
137501712
137518520
137535499
137551365
137632213
137680708
137683301
137693019
137705030
137779587
137799927
137805916
137926715
137971028
138000099
138010796
138056891
138118981
138191029
138251591
138309263
138318132
138367779
138370621
138372975
138444650
138452731
138463546
138602931
138636346
138641416
138648062
138678858
138701737
138716675
138943199
138990845
139006347
139066301
139100713
139104337
139155173
139183814
139190455
139284632
139308458
139361350
139433800
139478552
139540592
139597543
139648650
139648814
139683056
139758141
139803136
139817235
139817369
139830879
139843094
139850216
139853229
139972352
139997218
140032056
140033274
140108017
140121320
140198360
140264215
140341789
140365121
140417330
140419360
140604101
140675478
140689098
140725313
140737049
140864404
140899545
140899654
141075524
141082036
141106490
141175062
141212985
141243667
141256954
141258293
141271886
141287285
141341899
141378059
141452290
141491188
141551789
141566546
141659177
141695858
141755404
141793360
141833641
141856354
141933025
141942072
141952529
142093203
142138049
142143118
142194224
142298594
142376331
142397148
142402174
142427075
142442473
142467018
142480680
142511754
142513401
142542555
142596904
142620408
142653253
142672914
142872298
143002211
143002652
143038082
143064908
143066688
143114828
143136195
143149262
143183570
143186397
143192483
143237164
143294009
143330664
143330676
143336967
143346637
143349487
143381549
143398308
143442960
143486697
143490297
143682334
143697480
143720943
143726526
143737815
143757526
143799449
143831524
143876073
143886768
143905921
143935751
143949671
143967127
144009501
144014399
144020699
144088169
144090415
144096961
144169071
144244124
144267194
144278909
144333205
144434197
144445098
144471354
144481009
144521944
144564446
144565141
144581923
144630509
144651860
144695339
144755863
144778687
144917499
144919277
144941985
144967263
145024559
145129298
145285931
145309072
145326442
145408950
145441900
145482466
145484287
145505210
145531010
145548855
145553461
145610586
145639338
145777472
145799167
145808185
145818137
145828543
145831927
145942571
145960436
146017129
146024360
146051010
146068099
146072251
146084473
146088167
146116886
146142510
146189953
146267374
146270377
146353543
146375788
146424375
146455942
146467218
146475568
146509052
146610129
146701538
146702425
146771507
146773663
146777945
146779354
146783211
146839109
146884954
146912209
146927328
147014674
147057229
147092637
147106901
147159405
147296351
147304487
147305128
147321241
147332201
147428841
147430408
147477801
147548869
147572176
147574377
147614156
147676230
147710457
147753964
147792940
147843357
147849925
147887377
147955793
148020642
148024053
148037296
148197333
148283397
148310449
148338642
148386237
148388347
148412633
148416780
148418394
148422485
148470643
148473990
148478223
148523099
148606899
148625679
148654955
148687500
148688315
148714213
148737159
148757928
148766120
148854757
148950513
149053255
149061146
149065964
149164867
149187660
149267866
149301938
149310360
149329113
149338020
149368081
149442708
149452744
149479052
149502218
149521739
149552056
149563425
149591845
149620823
149634882
149651285
149653453
149695310
149719606
149724170
149743072
149747270
149815284
149820121
149852059
149888351
149898791
149915548
149960877
150048146
150049464
150103252
150149238
150158796
150188110
150238085
150293881
150308626
150332230
150334900
150363154
150394102
150448416
150550363
150608917
150614690
150614926
150616147
150665448
150777179
150825531
150872333
150955514
151006640
151030091
151056688
151116506
151118630
151145669
151149527
151156180
151200108
151200149
151223623
151276741
151288540
151295769
151333919
151337731
151353632
151360759
151365950
151400459
151402729
151411413
151413778
151432675
151437828
151485048
151491811
151511096
151538525
151562341
151571188
151574559
151638453
151665897
151715797
151791205
151845725
151881757
151886796
151911409
151923810
151926404
151952724
152028994
152082582
152106725
152143218
152172643
152194065
152204928
152242809
152279334
152304312
152306911
152362100
152380299
152396820
152558398
152563576
152614135
152634109
152658639
152855348
152926508
153018001
153037260
153091390
153115554
153124549
153197965
153211531
153215643
153270690
153321310
153357683
153361114
153426626
153466930
153470012
153504851
153520853
153560044
153575230
153606828
153654867
153865129
153880978
153974879
154042062
154049239
154084599
154087893
154207493
154223752
154250593
154256382
154276655
154324470
154341557
154350869
154362941
154463526
154537740
154564441
154619078
154658637
154697826
154707191
154740442
154743000
154782489
154812611
154875935
154881999
154897264
154914680
155053106
155062973
155093777
155170235
155175567
155237028
155294945
155426925
155438526
155530734
155593281
155641487
155653146
155709127
155713778
155721515
155725846
155752947
155774456
155784241
155827600
155857575
155896366
155930073
155955307
155958072
155988160
156110529
156150373
156248628
156270506
156273113
156311075
156363330
156435328
156449192
156476009
156505470
156540692
156565826
156582491
156614360
156623854
156652734
156686539
156718089
156778804
156795442
156807210
156872305
156904894
156937139
156960194
157009274
157019822
157041689
157140997
157167095
157196031
157209288
157229334
157272704
157282167
157312358
157330086
157331118
157345553
157378663
157402688
157435352
157446869
157452368
157490132
157506277
157587532
157594467
157606977
157646451
157687012
157714163
157723344
157733764
158003725
158093066
158122695
158142794
158164406
158178568
158227912
158236381
158266710
158304517
158336378
158438927
158472323
158498538
158563694
158603260
158619282
158784131
158823888
158839280
158862906
158879183
158900316
158973664
159005392
159057286
159075715
159145375
159190808
159203252
159231506
159289090
159295333
159334333
159390386
159402510
159456364
159505529
159508343
159567334
159623206
159831298
159860656
159861952
159905387
159907010
160008411
160021320
160022593
160022861
160053692
160106513
160110760
160142119
160148178
160155614
160158440
160174763
160177411
160200426
160201679
160208893
160254776
160358679
160369109
160405693
160419591
160422762
160430114
160447901
160588725
160646178
160668658
160721700
160734528
160782795
160789233
160853581
160886988
160956504
160984517
161019517
161050698
161062103
161079963
161083934
161096439
161200126
161216108
161224751
161256565
161357117
161367685
161415905
161425545
161470145
161511646
161580173
161602196
161616718
161629212
161675005
161688564
161772031
161772064
161870147
161937015
161957487
162042886
162047989
162165420
162196061
162263332
162306150
162336252
162351121
162371184
162420651
162590232
162623306
162769144
162781504
162829777
162907603
162990134
163009852
163027597
163099572
163100537
163259509
163281596
163336052
163362962
163376788
163377792
163432659
163511095
163516057
163530187
163570086
163571632
163615255
163651521
163652439
163654479
163721520
163726779
163737832
163743584
163767601
163805815
163840144
163865109
163886401
163895639
163905555
163924747
163938268
163953405
163976065
164028299
164032136
164033988
164075826
164100706
164123021
164228443
164238224
164321999
164408836
164410635
164447411
164481881
164505078
164525102
164616102
164652003
164687991
164726946
164798907
164817369
164820887
164827750
164892310
164893356
164934937
165068340
165092380
165147846
165178609
165224072
165279268
165285106
165318072
165331878
165354201
165382222
165416891
165449914
165479686
165508408
165539758
165590462
165624460
165636155
165659628
165717577
165777315
165779612
165788634
165791356
165808055
165855897
165861058
165870643
165941421
165973356
165977183
165990354
166048671
166085904
166143463
166166530
166252123
166261749
166309822
166328384
166376334
166421583
166432722
166432749
166507193
166522163
166555317
166657630
166658329
166712695
166726984
166799003
166819842
166833376
166841651
166910004
166989775
167007552
167016712
167047590
167064433
167071827
167078931
167137637
167168185
167201026
167210262
167259939
167301237
167324964
167348900
167354883
167431456
167437741
167455104
167801008
167813475
167890975
167922708
168063063
168071663
168101273
168107019
168120853
168158817
168197628
168201808
168338254
168350724
168360521
168388953
168456958
168524853
168559171
168565990
168577781
168586910
168588364
168639482
168717684
168805887
168853253
168863071
168897986
168945784
168970080
168978178
169038825
169040317
169066368
169167525
169168703
169204977
169272013
169274281
169278646
169317309
169333147
169341455
169342108
169417794
169420934
169442259
169525192
169542210
169593808
169647522
169710112
169761364
169768294
169788032
169804292
169883706
169996107
170020248
170028458
170040377
170052394
170059364
170077046
170077248
170097017
170117514
170121403
170126059
170164814
170181697
170234842
170243125
170246216
170312487
170323819
170343990
170404248
170442453
170520970
170553598
170589081
170594845
170605877
170688841
170756193
170776158
170883107
170890698
170939578
170958903
170983563
170994057
171008251
171025378
171152844
171159741
171180547
171203644
171204374
171314637
171318563
171433944
171442521
171469360
171505218
171519815
171562274
171660814
171693249
171789501
171814942
171855037
171934562
171959170
171997326
172045391
172086851
172102310
172150146
172155429
172181881
172225683
172228653
172263532
172334613
172404063
172445180
172480383
172577711
172579241
172601752
172630141
172654890
172705432
172740449
172799125
172837769
172886245
172927246
172945872
173036133
173084074
173112832
173130950
173273438
173283808
173295056
173309798
173317848
173369593
173407837
173455812
173460996
173467224
173481024
173569064
173590368
173631585
173665660
173669560
173681813
173712645
173741177
173750952
173760809
173811891
173823252
173832737
173869121
173873519
173873929
173951014
173951796
173969583
173972458
174054794
174091577
174103254
174122904
174188755
174207880
174223631
174243897
174245179
174387515
174607758
174657022
174673457
174745968
174766430
174842104
174857263
174879091
174887439
174902448
174910328
174960785
174966490
174986693
175033125
175046910
175064169
175072905
175110808
175115547
175179033
175279199
175298887
175349113
175383192
175397419
175437006
175496706
175581609
175584545
175593150
175653007
175662084
175677259
175776516
175778273
175779881
175849176
175883078
175994306
176035274
176035290
176037323
176073579
176110397
176135768
176136321
176164245
176207195
176231656
176234216
176256171
176294974
176301524
176304148
176319733
176352127
176352499
176382709
176472703
176509532
176599294
176629336
176700332
176758973
176760958
176772591
176778774
176853983
176933192
176987953
177028996
177038708
177083706
177085461
177091547
177164120
177184208
177352500
177358033
177363985
177404450
177411849
177427941
177429002
177438778
177467641
177481462
177485871
177515371
177533406
177540508
177650461
177656799
177669454
177683916
177717925
177741424
177789523
177825932
177865092
177866312
177881132
177905541
177918029
177971614
177979800
177988765
177989990
177997693
177998788
178019937
178047782
178060320
178166019
178211865
178241906
178252502
178271196
178276791
178281842
178378245
178386790
178395120
178432640
178485075
178493143
178508182
178522442
178546859
178563883
178564942
178584617
178678446
178682938
178751636
178789184
178807991
178914739
178924230
178939569
178976452
179010968
179066907
179090308
179116891
179122022
179181335
179232168
179283528
179289393
179325149
179362125
179363526
179391775
179432619
179459986
179515427
179557698
179574889
179624078
179643574
179689723
179691459
179705576
179731942
179755494
179785629
179910277
179943856
179968540
180036341
180066118
180234845
180353022
180397908
180422969
180427868
180439518
180456661
180472085
180508521
180539925
180563523
180660084
180665366
180705670
180710298
180783609
180809166
180809296
180809730
180826140
180893072
180986820
181004765
181066684
181121831
181182667
181203089
181280488
181329804
181379132
181493504
181539871
181554086
181664168
181718949
181738915
181747467
181751977
181784852
181938304
181943758
181950561
181998825
182044952
182147478
182167064
182238254
182244777
182270804
182273617
182274542
182287686
182305179
182316257
182330041
182331040
182386921
182427201
182443378
182581392
182621432
182634354
182664006
182695667
182727957
182763188
182855714
182864956
182869832
182874338
182881822
182927872
182939262
182944799
182974984
183077021
183113957
183156814
183205615
183250543
183259399
183294893
183311259
183335928
183350688
183366215
183380796
183386733
183396386
183471564
183496910
183520701
183529270
183586646
183613494
183712541
183725385
183769890
183789771
183810046
183818366
183845905
183877414
183968313
183983632
184021285
184098411
184119549
184120600
184122147
184164233
184186300
184198991
184290581
184300802
184302964
184305882
184317135
184321772
184332636
184395845
184437217
184446475
184447603
184472768
184526763
184586157
184621155
184733451
184778474
184778877
184917067
184944243
184955670
185036027
185077469
185084242
185184678
185195167
185206786
185278659
185284259
185302609
185342559
185368152
185430635
185434864
185450785
185487883
185569886
185582750
185602825
185660047
185692574
185707302
185711743
185755890
185880038
185881918
185885280
185918821
185926117
185926294
186005788
186029491
186047224
186058337
186084343
186092011
186107821
186155296
186251356
186264256
186317217
186330859
186337766
186352519
186399259
186460671
186468804
186486081
186540365
186542058
186550900
186614209
186696327
186762095
186886056
186941082
186950469
186971210
186988325
187034487
187046036
187089630
187152747
187160310
187186048
187194767
187211077
187260318
187288316
187355779
187382340
187386650
187409734
187420779
187495110
187511653
187531144
187538936
187551628
187708950
187779872
187832688
187873002
187903259
187907837
187976694
187993585
188023876
188038244
188092059
188093507
188104574
188141652
188255700
188271785
188273264
188284378
188284920
188296649
188371950
188383747
188389900
188487144
188563969
188585126
188591224
188657084
188663163
188697008
188701484
188709606
188710305
188768515
188836371
188845783
188888484
188897548
188916374
188947363
188977418
189043560
189087506
189361874
189530515
189541179
189592538
189597277
189665841
189754604
189764476
189790695
189846184
189873508
189936560
189968662
190012447
190092127
190101098
190114045
190178664
190306819
190310867
190359498
190367467
190420765
190485924
190495814
190508060
190550852
190575563
190604812
190610136
190665468
190691050
190712455
190803469
190817189
190820123
190833476
190859284
190970127
190985578
190988323
190990170
191015183
191058453
191078101
191088410
191114709
191133848
191150162
191162158
191184129
191185544
191227185
191255680
191273337
191278958
191292975
191332247
191369950
191434084
191481208
191492033
191549356
191576109
191580106
191651678
191672644
191691651
191714680
191784811
191828512
191898088
191933949
192085959
192129603
192140052
192148823
192155901
192247617
192334731
192393006
192405716
192407386
192421502
192468160
192479964
192555780
192563580
192578421
192605435
192635412
192666649
192680326
192714679
192739517
192870047
192918021
192998206
193020966
193069441
193073163
193140229
193171607
193206932
193258289
193276776
193293425
193312057
193316159
193375843
193381532
193406548
193443651
193463932
193501471
193527692
193533039
193561806
193660451
193681443
193703576
193785160
193820507
193851368
193878222
193891498
193939984
193953114
194024028
194091096
194120562
194142481
194265147
194266648
194340548
194346189
194401866
194480027
194484096
194501795
194525804
194532976
194553410
194585305
194586085
194608262
194611481
194655394
194674246
194698180
194752578
194777146
194784210
194846171
194961028
195018128
195053142
195053249
195078629
195089665
195113375
195168221
195186770
195196675
195251900
195277907
195307687
195346687
195377496
195380667
195392358
195393465
195431912
195468137
195496680
195526880
195535673
195543124
195589249
195732633
195732676
195744055
195763019
195767476
195798935
195808081
195832351
195845806
195854185
195952519
195968667
196008097
196077044
196129171
196133249
196136152
196151872
196195442
196240174
196264947
196296751
196303771
196318730
196324608
196329797
196351523
196380292
196435880
196460949
196480599
196508323
196557564
196601290
196610216
196639686
196652993
196720506
196723988
196747307
196753434
196756627
196775069
196788277
196821442
196824678
196830392
196960192
197192444
197279974
197368286
197398510
197404457
197493063
197506128
197535771
197635366
197639131
197646895
197665319
197692806
197776341
197788677
197838366
197846346
197864602
197884374
197887965
197913681
198009024
198041356
198074980
198147228
198172912
198193256
198196751
198331412
198429567
198553080
198583161
198617030
198617046
198678330
198750982
198813868
198823704
198854127
198866238
198937388
198953790
198955975
198985828
198995948
199010543
199042565
199049648
199113215
199223035
199318540
199362060
199368089
199383023
199459681
199463384
199469077
199513959
199603102
199665240
199719790
199744893
199766799
199771450
199817890
199911904
199976387
200005806
200087076
200167480
200220150
200268251
200301510
200336057
200356342
200378279
200390100
200397618
200398884
200406831
200420137
200424215
200448174
200458132
200529642
200567270
200605837
200610655
200624530
200692180
200737460
200750607
200814435
200844729
200874947
200880900
200882121
200885025
200900268
200914109
200962154
200982018
201002499
201003985
201049063
201070956
201084349
201140908
201148471
201260412
201276876
201284626
201292967
201418681
201427331
201446152
201459736
201472096
201474771
201506873
201506970
201523816
201560521
201589729
201612101
201618635
201631230
201691575
201701649
201703542
201707569
201716618
201795404
201811773
201833660
201834814
201844593
201851043
201856823
201862824
201883434
201893308
202039161
202177961
202267851
202280903
202288850
202290477
202323271
202353398
202374824
202416864
202417146
202418181
202434824
202477396
202485284
202492097
202507422
202537285
202587829
202598349
202652931
202704945
202761198
202789151
202814052
202815461
202914874
202981829
203027027
203059670
203160603
203198565
203217572
203221933
203232852
203237249
203261026
203298639
203305604
203307809
203317204
203342197
203361312
203403930
203470254
203474547
203578630
203692744
203759980
203785689
203853602
203873430
204013539
204034734
204041750
204113191
204137241
204186073
204325189
204357194
204357756
204372814
204398708
204419392
204520810
204549266
204599517
204599827
204610350
204642748
204654621
204677037
204747772
204760130
204762053
204910580
204936009
205010431
205052947
205152351
205183074
205223037
205243664
205259283
205291048
205387762
205388676
205510828
205515605
205595105
205614564
205627323
205714977
205717544
205746039
205750517
205763491
205796822
205830237
205831524
205861432
205925215
205934191
205991878
206008560
206053868
206056006
206142010
206151935
206172934
206183639
206256989
206259209
206285609
206307295
206311161
206370885
206392856
206412616
206441295
206442959
206454037
206461683
206486808
206516087
206540048
206640218
206682935
206706423
206709051
206744463
206778801
206858648
206982669
207020424
207135199
207143073
207156158
207188235
207211885
207282578
207299722
207375534
207389488
207421518
207424433
207444264
207452317
207456376
207467615
207476448
207478467
207516214
207574373
207733110
207749989
207816120
207831526
207916561
207964682
207985826
208030621
208065332
208092436
208117484
208176445
208188006
208192188
208230771
208312790
208346064
208349956
208406302
208420744
208444312
208445219
208508340
208614276
208633606
208649483
208653674
208663755
208687646
208721922
208738859
208743476
208777265
208788327
208815143
208864330
208865430
208917399
208961098
209029128
209050302
209080063
209082217
209134718
209144864
209160804
209218742
209220248
209222218
209314101
209333334
209353506
209394246
209398729
209403532
209406301
209508271
209522530
209531925
209590378
209595679
209648499
209707847
209719785
209728738
209807890
209816595
209839472
209841773
209877431
209910238
209970803
209983024
210005929
210078944
210097964
210334713
210375980
210400284
210413597
210423832
210439484
210445387
210520352
210644603
210665666
210694340
210696807
210867493
210890303
210997976
211031360
211098825
211105968
211140299
211190666
211194716
211202172
211209122
211210380
211221241
211308307
211356089
211360731
211408896
211435789
211487258
211542278
211587906
211608617
211616537
211625253
211627083
211689179
211812743
211843085
211875414
211898275
211936275
211967137
211990143
212021944
212029490
212037686
212048871
212055687
212075119
212123420
212182934
212237314
212274097
212295479
212321217
212348456
212366004
212443979
212460968
212470779
212649451
212708268
212796831
212804622
212836022
212878399
212905340
212952149
213000888
213030723
213072634
213139317
213146350
213153049
213176172
213316104
213332658
213338125
213367963
213368205
213386477
213389253
213439187
213479242
213504002
213697897
213706077
213726839
213756781
213764981
213823659
213832815
213896448
213937788
213994318
214056963
214060500
214073226
214113255
214181783
214220132
214265092
214339581
214364624
214455750
214466456
214477190
214537007
214580929
214609608
214645706
214660351
214776717
214777113
214852555
214860094
214892087
214916781
214959474
214992974
215023850
215033283
215034643
215044861
215045118
215136974
215137723
215145048
215160343
215162535
215235836
215237118
215247793
215307570
215328722
215333878
215472732
215480133
215521732
215525001
215537249
215540326
215624689
215671952
215695193
215722044
215728403
215789021
215796059
215820736
215842756
215844364
215864187
215916887
215920126
215951514
215957888
215977765
215990315
215995618
215996047
216012336
216068649
216068881
216079710
216107709
216166148
216268521
216294404
216324967
216351366
216376824
216545026
216570544
216578740
216594448
216618175
216628129
216638933
216649128
216689975
216690525
216709845
216730999
216778493
216793408
216925441
216938426
216967845
217098617
217120173
217166956
217169437
217187103
217205651
217217050
217221984
217244331
217248032
217256394
217262960
217321225
217340107
217352454
217353364
217362264
217376156
217421927
217442998
217454545
217495497
217506228
217572257
217634865
217704426
217711033
217716705
217786381
217831141
217849586
217872351
217890357
218013002
218052309
218055847
218066918
218155509
218186250
218204965
218208436
218340280
218428843
218439721
218446042
218476720
218534743
218573077
218682738
218761684
218802888
218806815
218816248
218852613
218927267
218957437
218982759
219003290
219016250
219062393
219082008
219132795
219180378
219202057
219244373
219246136
219258598
219269509
219283560
219323475
219392255
219425435
219465078
219501085
219659463
219733854
219762047
219815184
219857400
219941779
219958716
220082312
220096415
220135617
220141197
220264013
220306088
220311120
220352749
220366551
220408710
220431931
220509174
220616157
220626397
220674007
220703561
220714964
220777928
220829384
220836324
220866705
220913623
220943094
220996112
221071746
221088421
221169638
221172978
221175309
221211145
221261669
221268695
221282212
221345958
221347732
221450067
221459251
221496490
221550965
221562996
221567267
221605833
221624443
221647008
221675527
221808696
221816269
221913306
221945114
221945766
221997745
222013638
222045482
222089195
222089859
222133176
222159484
222291215
222308367
222423017
222452120
222486014
222522435
222528913
222574885
222590874
222682531
222768892
222788942
222837504
222844393
222847349
222849234
222994465
223089299
223096689
223110936
223140131
223198604
223242872
223266203
223281301
223330030
223413507
223461125
223495911
223576450
223578921
223598524
223613436
223618197
223630903
223678335
223743338
223862479
223918052
223925269
223944608
223957873
224020497
224051126
224099717
224125930
224131684
224135627
224165162
224185092
224186013
224204624
224254184
224353095
224354147
224376934
224416140
224416809
224506377
224585670
224593611
224664004
224710879
224724423
224733315
224776693
224800405
224849497
224931100
224942067
224949205
224956838
224996307
225001310
225030421
225059607
225090745
225109543
225117343
225118573
225121353
225135758
225144064
225155213
225190212
225193943
225212543
225253072
225272995
225307200
225339434
225383704
225478695
225505287
225510225
225520003
225528627
225599442
225670931
225673410
225691644
225796019
225813611
225862495
225872556
225875694
226067339
226167911
226179570
226200978
226202290
226251509
226311401
226478908
226494118
226512618
226522581
226528815
226531805
226569350
226696878
226715316
226746782
226836027
226839976
226866751
226889322
226927545
226937818
227028538
227061410
227097583
227128321
227165480
227205224
227253492
227257103
227257208
227490907
227596753
227601139
227610184
227638124
227669325
227683641
227690155
227818960
227864320
227900221
227957134
228070988
228077336
228099223
228110781
228116806
228134143
228166621
228204105
228210910
228259143
228280267
228296139
228581508
228584290
228633809
228736970
228740799
228798973
228875873
228919132
228927213
228977061
228994967
229016627
229102092
229136877
229140786
229279102
229300564
229325858
229334992
229379353
229485092
229496194
229503518
229518298
229538034
229577600
229605202
229614007
229618251
229631511
229689173
229858468
229945691
230002933
230035057
230051074
230090657
230126931
230160305
230178626
230228029
230239020
230273501
230285711
230309600
230331145
230376591
230418145
230425817
230451597
230492029
230510460
230551717
230584131
230597095
230625183
230640347
230661089
230670896
230681889
230704653
230718628
230765508
230829225
230930268
230995226
230997123
231028685
231077874
231097007
231120279
231148245
231166869
231190499
231201184
231221068
231294446
231322414
231352318
231424551
231485047
231511525
231538715
231582056
231635825
231641011
231666570
231767958
231799105
231799598
231853504
231874603
231905094
231926083
231943198
231975061
231993788
232001148
232045582
232062816
232084717
232158029
232181991
232201262
232224861
232241975
232247754
232287583
232428118
232495789
232496699
232582691
232677365
232693354
232693613
232794882
232804952
232814338
232870414
232892951
232901078
232911035
232929477
232962507
232963397
233003862
233010172
233033213
233060881
233122627
233125181
233164852
233176763
233180392
233222373
233229748
233253768
233261524
233268152
233288242
233331275
233340746
233352952
233354150
233410170
233470811
233481179
233505460
233506535
233530483
233538472
233551105
233626649
233742159
233762558
233779871
233798962
233838507
233895659
233922382
233924868
233925734
233935621
233960846
233983700
234025271
234037035
234048895
234052804
234053422
234088582
234112430
234134455
234145396
234159188
234212871
234250659
234264119
234340709
234409554
234544188
234575423
234606628
234621439
234673607
234765908
234788970
234834619
235043787
235070593
235072161
235120290
235126417
235145091
235150240
235223815
235228530
235391772
235464012
235494121
235515134
235636942
235660172
235686362
235773002
235832641
235880631
235896360
235991842
236003042
236013074
236026851
236066588
236089281
236130273
236161721
236192769
236402249
236423185
236482567
236508546
236545871
236551487
236609046
236638441
236646504
236646609
236714628
236750153
236758523
236807936
236916560
236923352
236973364
237004695
237044837
237065380
237094643
237156685
237158163
237177074
237219213
237269709
237270903
237394116
237394229
237411773
237413987
237421980
237451582
237474066
237595793
237647148
237653315
237725111
237728685
237732285
237750841
237758449
237778752
237785306
237934689
237937656
237940761
237960544
237991910
238088916
238216824
238279927
238288513
238359037
238369878
238380008
238513200
238523987
238531169
238577010
238590286
238594307
238596461
238607230
238640284
238744892
238771391
238845225
238896200
238897612
238942540
238973047
238980215
239023448
239090301
239142604
239148253
239211078
239223317
239263850
239354518
239368004
239389730
239400579
239401661
239429416
239451015
239488272
239514486
239527638
239572778
239603000
239676265
239752489
239832851
239840514
239871657
240004786
240061526
240095921
240114254
240148650
240153446
240211820
240242094
240259864
240316496
240331751
240356906
240429034
240443832
240479295
240518470
240532524
240559392
240564288
240580401
240587884
240601181
240607057
240622670
240633358
240645177
240667068
240694112
240822813
240834442
240853589
240855098
240872249
240874085
240876526
240945450
240967316
240982651
241065138
241142357
241185682
241186542
241192541
241204410
241210101
241278928
241316539
241444673
241484583
241492777
241497770
241522929
241566061
241608815
241619775
241628573
241631962
241689016
241736564
241838090
241843964
241870141
241877387
241893728
241993438
242106293
242167597
242176974
242178203
242308859
242326906
242477058
242528478
242575048
242616843
242638786
242639697
242680041
242714337
242727921
242739417
242795044
242818649
242825701
242848966
242868285
242960506
242965118
242968286
242980690
243002492
243034008
243093822
243234918
243275244
243282042
243360556
243368904
243564714
243579683
243601841
243610557
243640467
243654530
243668931
243749573
243765880
243779054
243862260
243890517
243914705
243927606
243928642
244002186
244033174
244044156
244052641
244062965
244085757
244137304
244185280
244209215
244234012
244255742
244305399
244361742
244403619
244428796
244430285
244552189
244732596
244733092
244745412
244767491
244816293
244818676
244907877
244952031
244980554
244992353
245014936
245018822
245100131
245124062
245128985
245250869
245274350
245352558
245399170
245560681
245605338
245650658
245762183
245908054
245926641
245982162
246031552
246063126
246110395
246175868
246234060
246237350
246271266
246293067
246327850
246332448
246427147
246452705
246532892
246556770
246559819
246578233
246588090
246595163
246613298
246620994
246628212
246674786
246679102
246717719
246731722
246781499
246830543
246935528
246963821
246965833
246986572
247026559
247027028
247074697
247075902
247121998
247200149
247277559
247307317
247319522
247327339
247331727
247373410
247395008
247399021
247487515
247600679
247657495
247673773
247681070
247692941
247705859
247722892
247743633
247808345
247867419
247906757
247965072
247977958
247979237
248034183
248083709
248232354
248250574
248318963
248361118
248393055
248439613
248439956
248463509
248555119
248741870
248801434
248811128
248820758
248825526
248828595
248846703
248851327
248854816
248884287
248934221
248941762
248942215
248950254
248983352
249002710
249062404
249078229
249115466
249205529
249229925
249282272
249293675
249439600
249510247
249546741
249577387
249607306
249670496
249678219
249690203
249697840
249698483
249822700
249876659
249918882
249960410
250010603
250037126
250081156
250109948
250202614
250212624
250235121
250267659
250296524
250328445
250345869
250352661
250397116
250449516
250456950
250522611
250544198
250589263
250600519
250823738
250831908
250887971
250948649
251044640
251103392
251120449
251176344
251189393
251199130
251205123
251213253
251215286
251225430
251230687
251233983
251268490
251276588
251277275
251310772
251367118
251393278
251417932
251497438
251529831
251553981
251613710
251630963
251665905
251746265
251790407
251830077
251865954
251869359
251874381
251900067
251902904
251941247
251956032
251963025
252025860
252067054
252123964
252150837
252181798
252185863
252210692
252243684
252286139
252291840
252471358
252489602
252530036
252571180
252590751
252620659
252797759
252822496
252912900
252932519
252970772
252970882
252976008
253015943
253102009
253122502
253168082
253192831
253235201
253259083
253263867
253297431
253305739
253329287
253373680
253443333
253456026
253527754
253538566
253549696
253551274
253631152
253664947
253688318
253691645
253714391
253719708
253741929
253775234
253857784
253863139
253867670
253875668
253898821
253913097
253927310
253944686
253987635
254019825
254054203
254065753
254256255
254324733
254436643
254456233
254463626
254551062
254553146
254589933
254609334
254751075
254802928
254818136
254838546
254884294
254909763
254994813
254999083
255020228
255054559
255082759
255122545
255128029
255129763
255141268
255148941
255213574
255242998
255272215
255299452
255503232
255573137
255630818
255719745
255724635
255735295
255908048
255946187
255973952
256037132
256093718
256093770
256178922
256179424
256224000
256247474
256258989
256259753
256282494
256315533
256327004
256382931
256426002
256457028
256493029
256578148
256592178
256661913
256663014
256777228
256947058
256951606
256964669
257005363
257066685
257068481
257082621
257093167
257105513
257242954
257286783
257316453
257347459
257371291
257400999
257426662
257429925
257515512
257522046
257562971
257617589
257679987
257736396
257751057
257765306
257802732
257844007
257853155
258135669
258136510
258154619
258157727
258183219
258226844
258227448
258239419
258239620
258251619
258254881
258271880
258309772
258313048
258419534
258492644
258558115
258603402
258624603
258626855
258660383
258697573
258724041
258816211
258826422
258900315
258971087
259014385
259069304
259121277
259171664
259185330
259203273
259212621
259284943
259313811
259319174
259321616
259410434
259453833
259462118
259481555
259516950
259553690
259561852
259578554
259609804
259644842
259723162
259762797
259785914
259790748
259895273
259916765
259932784
259965766
259968841
259975196
259976258
260142903
260194472
260314274
260337812
260374745
260409846
260428782
260446073
260452325
260544561
260603115
260668233
260743037
260797453
260872208
260887948
260925959
260931280
260939361
260941186
260942621
260943465
261021228
261054906
261214589
261255575
261259905
261269116
261339960
261362267
261397325
261419388
261425134
261515373
261566459
261610586
261646746
261680133
261724434
261763073
261799753
262015009
262020070
262034254
262046334
262061676
262080482
262162676
262239206
262242172
262380014
262381582
262397510
262416318
262431831
262494441
262534986
262735057
262776965
262852042
262852521
262873382
262875974
262880045
262896191
262908503
262948706
262959689
262961312
262961361
263070509
263095026
263156192
263159628
263171090
263171659
263290478
263298622
263309240
263320212
263364288
263382527
263382876
263419844
263519744
263549545
263559133
263598239
263676580
263680494
263732425
263745241
263781988
263787436
263845803
263921005
263973118
263992195
263995062
264043372
264130314
264130904
264144729
264148237
264219149
264229684
264246219
264289548
264307266
264369228
264383374
264432202
264434075
264448102
264454742
264488030
264586488
264599008
264624179
264707047
264731018
264770137
264822951
264981464
265035244
265175287
265194991
265211922
265215330
265297805
265317925
265324422
265340611
265346281
265409520
265435676
265484896
265498038
265507202
265529501
265541253
265617999
265639757
265667516
265686179
265688188
265747781
265800193
265813809
265937602
265979712
266057379
266061379
266076793
266118771
266124896
266157878
266157936
266185109
266223755
266253877
266282637
266285333
266289814
266311192
266391396
266396366
266443736
266444084
266458854
266471693
266527209
266548763
266609612
266613391
266621957
266632682
266685560
266687932
266803111
266819664
266976891
266998843
267019856
267116793
267128753
267155606
267167380
267179994
267193182
267194860
267208049
267219428
267222453
267246097
267270589
267274091
267284905
267284958
267348785
267365321
267366512
267371537
267377004
267377747
267378701
267456482
267469755
267579549
267588216
267595417
267621993
267637758
267720561
267779838
267793695
267812015
267831659
267869611
267896163
267924474
267995874
268008319
268028478
268030595
268165136
268186092
268287952
268373994
268401620
268474339
268497131
268510872
268577613
268713345
268741192
268742644
268855628
268877593
268889121
268941999
268961753
269058514
269068866
269120798
269160926
269175555
269189520
269204693
269224600
269224941
269236221
269270685
269278133
269283027
269298378
269303859
269379982
269415599
269434233
269441507
269461758
269517296
269576476
269672715
269704425
269748006
269755506
269763687
269771202
269801857
269812291
269888953
269922258
269980844
269998316
270011251
270012247
270013781
270080599
270080954
270091198
270111541
270174237
270229695
270248337
270254092
270273893
270283331
270295852
270320726
270380520
270553927
270599837
270606381
270651083
270685779
270750558
270760361
270794569
270831073
270941987
270975581
271104131
271118269
271131889
271182508
271186588
271210951
271211337
271218988
271250248
271289980
271330100
271339487
271553824
271609569
271614965
271664501
271678241
271714267
271846827
271848293
271869439
271875699
271911805
271923475
272025488
272114777
272226540
272228512
272233741
272244060
272264544
272288540
272412649
272449420
272475731
272526193
272611746
272616792
272666955
272725494
272727728
272730068
272805424
272868560
272870643
272909289
273056949
273074245
273234129
273403089
273621542
273645875
273672156
273735084
273806649
273822903
273834372
273859336
273965126
273975369
273983024
274014504
274023284
274070606
274151932
274182303
274213461
274219012
274222201
274304912
274312210
274357845
274432572
274433113
274475969
274500210
274536696
274577880
274618572
274619322
274720746
274826917
274857295
274867666
274942026
274954577
274981451
275000350
275037207
275039325
275070234
275073735
275087668
275142476
275172560
275211866
275233630
275253614
275362717
275416191
275430331
275504879
275511529
275528028
275594472
275641811
275643224
275655866
275657435
275669106
275687795
275752733
275795377
275811661
275815725
275823402
275870153
275908706
275944248
275989521
276020742
276123055
276139845
276159438
276172004
276198344
276217266
276224326
276240609
276258718
276289068
276289888
276328522
276333982
276340735
276355877
276366274
276414332
276415273
276424844
276452530
276471581
276474815
276475020
276531509
276543217
276581770
276647888
276652360
276663919
276672089
276728322
276751240
276755755
276773168
276803851
276948502
276995929
277005605
277017485
277048996
277067609
277068016
277086467
277102269
277157824
277188043
277191457
277193889
277217464
277222893
277274259
277310588
277314494
277316501
277332695
277380866
277406591
277515227
277536555
277573593
277586842
277595420
277642972
277647354
277710323
277813655
277871743
277891173
277911276
277978005
277996324
278047484
278050557
278088909
278145020
278190037
278278140
278416482
278430277
278479555
278561515
278648744
278651741
278740894
278768701
278805757
278838259
278864666
278867898
278877533
278884355
278895536
278901686
278914036
278917882
278944651
279037479
279054851
279078638
279155992
279165188
279187368
279215271
279262733
279262863
279311499
279375558
279409887
279410392
279427316
279468363
279489294
279494452
279533028
279593030
279661031
279724700
279839347
279888109
279935622
280086016
280217126
280290980
280410377
280414220
280416372
280484738
280590968
280642603
280647572
280689432
280719785
280736422
280772622
280793077
280801059
280858865
280932799
280946056
280947664
280992065
281043512
281062817
281126219
281241410
281442165
281476192
281524663
281635770
281679700
281749813
281829535
281858898
281875656
281929769
281962086
282003142
282048491
282128690
282139458
282160515
282177996
282247012
282253623
282397036
282408054
282412369
282462935
282466429
282472278
282524395
282534170
282538091
282554299
282614886
282645357
282662200
282668721
282703446
282706646
282724521
282740402
282746584
282788793
282820312
282820564
282867949
282897232
282908493
282922404
282922615
282936213
283000345
283047050
283060952
283077420
283125157
283132010
283139745
283160546
283161757
283162576
283176499
283274049
283280478
283366479
283383204
283439157
283464338
283466583
283474696
283515735
283544726
283545701
283689371
283722351
283745973
283776426
283811280
283844932
283881209
283890166
283965581
283969137
284016632
284090188
284092235
284133643
284153486
284163976
284166287
284177120
284193695
284194811
284195885
284196763
284214796
284236087
284253764
284286032
284380664
284440946
284483964
284503165
284558896
284592249
284617306
284626184
284653103
284681660
284714655
284729348
284753707
284765282
284877669
284908229
284954829
284964868
284965374
284981774
284992781
285036670
285154029
285214147
285282994
285327172
285334379
285409955
285418639
285461936
285477417
285489661
285552138
285556724
285576226
285578192
285597841
285645503
285655817
285682493
285747059
285797669
285799106
285921893
285956394
285990184
286023391
286069216
286080902
286101554
286150477
286213628
286245757
286279301
286329587
286341864
286363220
286365215
286385036
286394675
286419775
286427930
286480555
286529591
286566135
286644745
286661075
286680109
286712994
286720324
286722415
286759872
286844806
286901407
286989869
286995454
287013666
287036292
287042019
287195274
287205624
287285359
287464645
287475901
287565236
287735879
287852191
287860796
287875024
287898039
287927984
287971537
287975729
288027442
288027772
288033685
288097028
288121814
288139220
288162160
288192279
288193447
288198661
288203992
288242224
288287972
288458079
288465491
288465907
288467919
288536875
288583264
288609673
288697331
288748049
288791368
288803609
288833187
288912198
288966911
289004627
289005378
289040785
289045750
289053891
289094954
289099176
289105180
289108399
289176739
289184259
289218944
289261590
289288958
289307188
289315238
289341206
289341813
289373298
289408776
289409536
289560659
289598515
289600929
289674593
289694597
289717954
289736380
289759973
289797118
289870466
289878832
289921277
289998582
290008298
290030670
290097391
290145229
290151687
290167261
290181153
290181921
290303261
290303488
290306972
290377882
290379182
290397997
290449700
290465431
290496534
290610136
290695754
290809748
290818528
290856770
290890178
290911191
290973382
291162555
291168122
291222243
291291693
291316981
291367909
291382426
291425969
291442802
291462093
291574391
291585790
291697583
291726158
291907558
291988632
292017729
292040957
292106684
292112276
292320584
292328808
292356025
292413524
292420276
292427055
292445338
292450739
292471829
292482542
292487836
292569002
292599894
292671129
292769613
292780607
292902849
292904074
292956304
292992449
293009947
293025785
293095613
293101087
293113218
293118100
293149938
293190187
293190493
293195695
293202547
293210844
293243692
293247534
293295423
293390779
293408709
293504537
293515580
293560650
293627561
293640384
293715238
293761570
293833811
293836038
293903145
293987962
294068897
294074882
294084624
294148231
294173214
294202318
294230555
294297974
294299912
294319852
294328992
294352977
294368444
294383658
294390882
294406238
294421537
294452354
294464786
294479432
294558529
294573599
294575212
294582669
294590958
294656105
294676291
294682201
294766013
294781408
294854335
294878263
294941608
294943463
294979571
295020467
295066952
295141073
295148718
295208642
295245367
295289547
295359206
295383754
295388984
295399532
295502542
295511101
295553196
295622545
295640324
295658279
295662197
295708915
295777397
295797583
295836006
295848284
295869251
295877760
295882750
295886150
295892231
295957557
295959191
295984668
296010812
296025206
296066826
296090160
296136963
296160883
296168256
296223515
296231200
296241624
296278611
296400370
296417870
296439020
296471892
296489149
296490209
296602608
296720298
296725278
296726185
296726209
296816157
296831024
296870919
296876341
296888078
296899370
296915797
297024841
297029289
297063858
297120602
297124511
297133381
297156832
297158510
297265164
297362325
297365164
297392423
297495565
297509096
297523250
297531478
297564079
297623323
297692143
297718351
297733693
297754393
297764888
297771235
297791776
297800981
297840124
297859704
297918880
297921325
298027593
298074979
298099776
298145248
298205549
298214571
298238511
298281263
298355666
298373546
298413612
298481841
298511440
298594719
298613414
298877685
298908674
298936359
298955072
299038334
299069954
299095445
299105477
299167159
299196649
299207794
299226300
299228329
299316268
299323291
299342188
299385569
299396720
299442719
299448621
299452558
299585474
299605144
299619809
299650377
299655746
299708411
299729143
299744357
299783593
299870044
299884965
299893450
299996080
300009995
300036102
300130981
300213558
300219846
300306038
300480871
300510849
300513529
300557440
300583278
300592557
300638101
300638737
300666904
300731116
300736313
300806280
300882593
300901152
300918502
300944580
300973337
300988373
301061157
301068059
301074883
301104305
301152028
301168006
301229711
301313587
301314631
301316330
301395483
301609254
301627897
301655524
301699855
301702914
301750099
301794411
301889558
301968343
301980095
302014735
302023848
302037548
302067238
302092998
302093441
302103383
302116432
302161414
302277383
302395410
302418271
302488404
302522262
302532271
302540877
302588191
302589823
302617332
302659871
302690205
302759004
302791322
302808162
302932829
302933163
302966935
302972653
302991624
303040080
303089966
303121339
303142424
303155465
303191522
303228151
303255156
303278759
303302140
303303185
303327572
303364492
303380799
303386234
303454073
303492444
303536976
303543110
303547871
303681073
303683188
303760621
303764897
303994060
304053825
304053972
304101694
304126589
304147044
304150682
304214106
304333253
304373357
304415983
304441381
304465430
304481407
304531989
304578624
304640814
304653479
304663474
304708964
304710451
304758319
304772984
304777116
304825651
305039480
305138194
305154105
305168971
305174845
305192109
305192662
305338736
305378675
305426263
305429492
305528803
305632406
305673769
305726125
305731707
305740180
305774972
305795428
305815410
305888537
305909382
305943003
305975724
306006182
306051651
306086126
306136052
306190929
306191334
306192934
306217440
306237069
306260261
306273958
306367183
306373962
306386103
306409320
306409659
306434098
306499769
306540874
306596959
306624532
306762784
306829697
306843023
306850516
306895982
306911262
306963662
306972021
307022136
307027162
307058113
307100599
307118978
307123380
307127792
307143689
307164627
307188488
307188804
307208282
307265112
307273365
307305067
307312212
307341281
307345414
307392232
307395286
307402750
307406348
307422758
307465965
307487351
307513055
307531220
307563930
307618829
307628202
307645737
307645871
307678587
307690034
307713175
307734351
307767986
307800042
307886425
307929660
308046693
308054605
308115927
308144585
308215720
308263988
308288252
308315115
308386698
308418663
308439272
308487184
308638027
308639769
308685032
308706812
308734594
308737552
308741520
308776708
308782605
308838436
308847339
308852007
308903714
308913699
308922358
308962872
308989332
308996825
309046765
309062360
309086873
309120141
309122292
309149369
309155579
309165087
309179837
309467226
309476080
309478117
309488321
309510618
309542224
309575383
309753913
309780801
309801400
309826346
309833273
309923226
310032733
310047504
310096094
310120212
310143293
310212009
310264496
310265241
310318324
310353568
310354245
310361116
310373339
310469108
310478782
310611926
310659256
310722241
310764220
310841017
310842237
310860451
310922995
310973815
310982505
310991277
311071811
311093523
311100294
311135083
311260933
311325724
311332909
311387736
311424704
311502634
311551099
311574573
311580091
311601865
311603477
311634445
311719502
311756098
311760733
311764085
311846927
311977515
312004174
312125006
312168427
312218235
312261241
312269402
312314552
312325226
312329626
312340704
312378457
312404568
312431786
312431856
312456636
312533399
312539798
312566115
312567744
312614437
312614783
312642591
312715435
312731494
312790397
312809392
312820926
312832194
312848678
312896459
312923478
312967117
313000039
313064915
313078596
313092599
313151456
313195377
313246446
313294999
313468944
313504160
313547306
313565994
313597399
313714623
313796440
313817423
313860719
313880825
313887224
313925671
313963105
313972256
313990378
314004481
314013649
314070627
314084345
314153034
314162170
314187965
314193483
314197832
314221669
314238925
314243774
314299524
314332324
314339029
314342208
314369317
314383614
314415542
314477179
314494559
314519087
314669436
314690097
314724644
314747071
314770397
314781101
314901705
314907589
314917932
314947232
314955723
315003031
315068145
315214694
315222707
315233230
315253718
315357976
315389411
315390991
315508440
315529442
315530726
315552067
315584159
315613920
315614458
315626974
315644375
315653645
315678443
315755042
315764828
315801836
315841946
315869286
315883008
315885725
315938514
315949496
315968098
316044838
316048644
316169098
316236775
316239037
316250995
316321492
316338026
316338919
316350645
316372609
316427870
316431046
316448890
316516033
316536582
316682806
316706959
316737445
316754563
316768975
316771041
316795727
316796172
316866198
316874423
316907763
316928132
316928966
316944696
316971746
317002268
317038184
317074573
317077714
317082075
317113171
317171805
317178067
317186552
317196099
317200630
317248185
317255278
317296579
317360133
317363927
317418499
317422148
