4830
7307
46661
48336
181286
306447
357116
375708
435200
458007
586241
591498
601522
615931
739335
800165
988108
1143217
1234960
1347805
1388015
1447387
1474753
1505627
1586616
1625085
1766252
1766627
1837233
1937119
1943960
1975307
2003007
2101428
2191367
2270164
2341408
2376778
2388429
2406591
2546950
2552607
2605107
2757080
2956075
3077992
3098998
3127413
3143042
3228765
3249249
3289774
3308009
3378859
3399766
3416765
3516844
3626653
3653364
3703922
3777918
3814824
3859817
3874589
3947071
4097756
4146782
4196788
4343430
4399097
4427013
4430285
4495084
4572633
4601930
4609307
4687097
4748748
4787048
4851997
4890724
4987353
5045810
5141720
5283445
5293953
5358812
5398385
5403995
5444208
5495005
5526585
5554184
5635277
5666344
5740185
5776171
5853544
5864699
5903709
5907203
5920209
5946948
5982699
6028758
6076100
6088122
6121558
6149130
6156188
6227824
6301583
6586834
6750041
6762999
6823198
6919931
6956786
7127552
7171058
7258885
7350637
7380424
7416114
7417871
7501980
7525989
7589593
7657185
7728917
7848885
7873397
8101307
8102662
8144369
8178770
8213600
8230587
8349375
8354308
8367545
8386732
8410133
8451547
8477619
8516923
8517207
8597234
8621738
8728545
8826699
9115843
9139819
9285232
9323580
9359865
9377909
9451755
9546898
9547993
9615991
9617044
9647158
9810725
9898888
9965726
9976596
9988219
10008816
10033173
10132022
10238996
10286997
10534735
10580570
10588628
10759823
10805170
10807834
10830785
10838528
10900979
11002834
11081989
11123854
11149805
11234002
11261453
11286159
11321646
11366632
11380433
11386389
11421396
11422438
11449075
11593967
11609940
11626854
11657946
11778730
11817583
11822723
11889609
11990334
12175848
12404181
12413606
12448451
12507506
12678672
12719232
12786388
12897052
12938060
13013542
13079134
13156210
13168813
13235455
13275660
13280871
13315634
13319004
13323273
13396501
13664996
13772715
13793984
13861295
13997398
14122921
14228801
14360508
14415572
14623281
14645280
14649901
14663512
14847389
14981070
15202886
15346116
15346188
15364848
15378810
15404989
15451500
15571468
15796729
15866040
16155057
16155374
16173069
16237373
16280036
16302717
16308417
16563440
16733312
16846289
16847471
16992205
17009733
17031714
17040573
17181520
17184347
17264855
17522580
17613669
17648093
17699180
17741076
17743292
17883904
17905004
17972966
18004651
18055886
18078813
18112552
18217354
18368690
18512839
18520027
18593691
18669601
19017300
19146258
19160155
19165524
19166365
19225151
19278454
19378503
19427098
19536516
19575666
19576546
19649840
19690405
19710037
19752963
19799639
19805182
19867193
19919776
19967779
20011536
20024664
20078752
20096393
20220377
20277515
20310346
20399069
20619677
20965599
20985894
20986469
21014259
21121354
21279762
21371976
21460632
21491622
21657484
21678499
21807874
21817814
21955316
22124957
22227214
22334302
22406134
22451073
22484191
22580934
22635311
22692977
22817251
23054472
23160141
23186548
23214603
23381027
23385891
23483235
23518274
23555020
23574919
23579823
23618164
23631131
23667443
23723146
23790082
23794223
24200046
24212826
24259426
24264745
24367083
24414307
24468615
24474221
24474241
24479135
24499414
24517669
24540413
24568483
24588622
24626704
24646079
24836144
24979756
25158430
25336763
25362726
25391118
25447820
25532045
25534252
25534718
25637708
25714153
26023418
26055473
26074625
26114031
26290855
26364166
26514677
26578148
26620747
26732888
26774227
26862489
26867927
26876788
26953912
26962430
27539162
27551380
27556584
27595420
27668963
27828899
27991562
28101324
28152599
28173171
28334893
28339511
28418136
28473145
28633104
28739072
28739163
28748552
28828912
28866905
29114162
29162201
29250581
29307820
29489201
29732477
29794723
29797114
29927674
30296482
30313088
30432196
30520235
30537334
30580443
30610359
30614596
30643440
30661102
30700795
30725795
30755392
30764349
30783026
30794448
30888356
31107542
31266575
31313298
31376659
31455697
31458934
31466288
31517434
31538250
31564872
31595317
31609878
31876202
31877012
31906118
31933486
32005211
32093333
32190263
32252698
32267627
32395508
32428388
32466481
32486816
32679825
32727125
32733462
32735592
32760364
32804852
32823567
32903387
32917595
33039839
33063137
33131870
33140248
33160383
33172119
33187202
33209647
33245480
33259643
33444005
33493692
33551578
33616978
33667164
33720623
33724167
33785094
33912193
33946439
33961458
33991539
34121498
34127421
34176477
34255080
34275479
34279520
34322189
34350191
34613776
34740372
34786030
34795345
34860431
34935747
35157785
35164268
35279076
35365675
35418509
35482624
35514363
35539900
35654793
35699087
35738113
35820097
35847865
35878836
35907091
35923327
35958687
36151694
36226576
36241754
36339456
36400319
36429202
36573043
36603282
36620346
36628697
36682242
36754692
36939398
36972624
36996133
37023716
37141237
37324980
37426163
37472992
37503787
37540208
37654207
37730944
37759378
37762378
37888714
38101533
38144221
38201656
38229133
38236472
38311154
38338533
38483696
38547245
38658446
38794263
38835158
38924873
38965361
39050058
39187952
39232056
39360455
39391612
39398630
39436247
39481428
39500732
39555763
39631615
39634161
39730943
39981844
40000699
40028014
40030702
40061405
40101150
40102099
40278811
40330603
40331542
40346020
40411138
40511620
40526703
40560622
40676410
40712617
40789632
40861684
40898429
40906569
40958010
40962534
41031194
41113890
41224130
41473183
41680600
41825236
41834759
41855563
41933812
42025331
42041216
42195096
42291289
42348274
42350243
42350418
42433493
42526137
42670578
42697935
42729950
42760317
42848196
42920712
42968486
43115538
43140545
43178155
43276263
43426869
43478601
43628985
43635485
43650461
43702564
43811071
43996590
44027158
44147220
44168399
44180036
44263403
44269152
44357776
44447591
44476791
44481528
44710093
44727247
44746933
44815079
44820657
44878589
44920164
44927424
45020097
45025267
45069558
45215011
45220459
45353740
45395720
45401300
45401496
45419759
45481494
45510051
45513600
45605386
45611569
45716289
45733025
45794085
45870328
45966446
45999266
46072923
46099456
46165159
46191711
46219550
46247089
46264429
46391030
46428638
46473885
46513327
46591470
46640279
46646080
46655353
46754290
46854426
46903386
46975444
46979638
47087599
47336691
47375912
47676223
47731894
47754584
47957260
47986392
48070900
48134934
48138952
48271446
48385825
48439382
48576389
48592708
48651210
48751408
48794189
49004671
49015787
49020918
49038783
49080374
49134125
49184122
49237842
49399828
49643404
49965427
49991101
50010704
50143492
50195729
50246423
50274584
50295021
50366840
50389026
50408939
50526609
50603238
50627191
50634300
50696833
50756422
50786276
50788651
50846185
50848545
50891777
50985625
51047394
51116384
51131874
51233045
51239147
51246377
51265227
51328657
51366753
51619481
51660851
51676394
51720905
51822980
51834747
51879738
51927075
51929090
51954885
51971456
52095006
52129713
52201096
52256613
52404778
52410035
52460360
52479068
52549201
52636213
52853105
52908021
52910863
52934703
53048657
53250872
53278966
53361293
53396924
53441278
53662509
53743650
53780089
53959623
54092656
54163036
54169598
54207487
54259060
54260068
54275067
54291566
54407086
54542581
54545933
54583433
54591072
54596487
54638172
54652998
54769300
54799505
54807810
54817117
54975575
55041910
55172050
55402734
55413137
55429479
55760381
55764013
55797756
55801761
55827110
55844919
55962104
55989826
56074613
56090586
56091702
56098635
56365497
56420192
56476291
56495327
56632695
56657290
56960591
57069936
57085074
57156555
57158433
57221979
57288785
57583374
57584311
57738432
57748999
57754849
57820513
57917374
58077001
58114683
58119800
58213060
58225883
58245715
58319179
58384356
58561724
58586348
58623162
58625275
58674335
58718985
58723814
58839723
58856860
58870868
58879677
58913247
58944581
59027181
59109171
59161150
59256323
59303941
59329942
59342968
59429027
59495634
59604764
59638014
59770407
59844910
59851378
59930000
59930306
59980951
59994581
60185974
60270691
60338960
60407638
60447186
60524741
60573351
60766560
60786931
60881285
61199795
61239139
61260017
61267620
61325030
61328277
61363743
61427158
61682884
61849784
61907751
61991082
62080286
62080867
62091323
62223718
62306223
62325809
62335128
62361961
62540780
62630817
62679670
62698533
62701752
62771982
63053196
63059279
63099515
63101300
63139518
63209151
63221215
63259432
63297790
63347356
63396371
63452169
63510778
63520021
63530782
63551260
63621846
63625823
63670039
63690688
63764107
63794025
63849153
63915835
64378280
64421568
64436758
64445886
64451180
64679393
64688055
64731100
64796981
64809350
64856587
64875335
64885872
64913518
64946009
65064164
65219170
65244618
65251875
65274372
65301124
65510846
65612439
65614249
65897199
65907618
66004183
66027108
66072066
66237557
66301617
66333696
66377030
66393230
66541891
66549475
66614047
66697873
66917695
66920278
66921713
66948256
67024035
67066605
67156519
67473152
67519696
67526818
67565336
67653911
67695388
67817072
67856933
68122338
68127439
68140526
68350643
68377894
68405820
68434203
68517078
68584449
68594426
68627208
68781550
69074801
69093647
69205978
69400295
69681828
69712594
69851275
69983278
69993013
70038408
70109695
70217375
70268107
70342257
70346904
70380665
70411525
70455537
70486555
70490499
70583256
70609066
70621862
70643324
70777941
70811042
70820063
70866827
70937889
70959162
71033474
71045412
71062788
71081109
71085243
71155608
71184491
71335891
71391575
71430991
71469489
71601919
71672993
71717525
71751460
71842158
71933279
71957794
71984310
72053082
72081099
72104715
72134472
72182528
72389580
72389676
72449447
72452925
72531043
72648639
72669630
72670062
72675827
72786847
72862747
72919541
73002827
73018278
73146109
73161390
73227765
73307513
73457170
73499783
73532044
73563026
73611986
73697380
73723230
73873325
73895009
73931818
73959053
73980470
73984429
74038256
74055667
74130068
74184990
74201738
74213111
74238847
74337586
74519253
74533320
74688381
74760205
74836789
74886454
74908648
74982067
75024353
75043102
75078190
75182600
75485464
75550956
75609508
75616234
75759000
75821366
76072461
76079990
76081751
76213574
76308723
76338043
76505140
76552918
76696507
76697020
76723473
76762366
76816128
76866520
76872063
76889566
76930260
77154188
77159154
77304590
77461107
77488439
77575057
77734519
77785723
77898960
77953288
77973391
78058291
78069567
78173374
78190358
78194228
78236357
78411935
78466253
78582365
78715373
78906002
78985111
79126168
79226879
79233516
79268498
79273427
79297035
79347123
79398050
79454002
79485639
79489571
79608641
79854785
79866004
79920963
80066273
80146080
80157642
80199968
80233882
80271317
80302229
80413947
80451436
80480956
80620500
80714400
80836124
80979122
81078662
81111857
81121122
81190839
81194887
81243889
81432556
81444145
81497470
81510687
81535399
81695422
81769080
81781805
81808681
81865820
81985993
82072292
82102999
82166031
82180967
82237761
82264085
82293566
82321297
82378079
82620195
82678415
82706586
82719301
82720717
82731966
82732559
82771993
82898583
82972303
82985193
82999478
83005070
83027595
83122883
83367402
83415851
83555369
83562346
83624079
83701874
83757953
83795235
83837149
83959248
84001499
84040876
84173764
84203370
84303610
84343054
84614064
84650729
84655159
84709552
84770274
84955950
85089243
85092872
85128765
85136370
85209063
85284009
85316042
85384980
85575525
85907691
85964312
86062008
86071375
86105164
86207265
86255676
86317265
86404952
86522581
86587818
86628754
86722627
86898039
86958739
86963169
86966480
87194574
87289128
87365523
87372399
87513724
87567800
87635107
87696698
87763244
87996468
88072787
88079760
88082255
88203179
88223913
88230554
88235354
88303179
88482998
88483743
88548376
88582213
88778581
88834319
88875362
88970759
88981933
89011216
89111787
89199609
89255831
89267220
89291657
89305254
89386237
89388439
89446336
89465630
89467893
89593799
89612053
89640285
89732986
89760449
89817955
89824280
89849310
89979738
89986161
90054798
90098586
90338629
90348466
90381959
90406863
90431717
90656978
90732027
90733849
90816996
91048950
91151948
91202269
91217463
91254028
91255589
91538671
91621781
91666934
92012370
92078250
92214979
92417979
92450824
92647253
92647407
92746483
92761706
92787751
92803560
92951648
92982608
93076907
93139938
93143877
93154024
93157794
93230045
93320979
93463249
93489720
93509686
93663819
93751487
93774475
93779785
93822340
93878605
93887015
93983133
93991147
94016208
94070903
94098792
94328513
94345804
94353222
94719321
94804587
94850161
94864003
94871601
94915943
94984270
95004952
95075915
95279792
95362873
95521157
95807942
95879447
95905215
95907147
96098123
96154655
96199113
96227458
96281863
96387250
96416784
96721130
96797207
96924416
96964575
97214060
97525008
97527801
97540678
97608039
97766683
97845243
97882687
97889345
97902288
97922810
97959716
97992702
98060441
98091643
98114951
98126436
98196898
98198770
98289469
98325638
98364673
98386811
98407130
98424885
98441194
98455884
98493949
98512264
98541570
98626765
98646138
98653869
98705376
98721315
98745354
98800301
99028055
99072147
99442953
99476189
99538103
99596726
99694512
99750592
99753652
99764398
99770505
99940063
100015370
100209300
100232224
100317195
100330116
100356989
100420366
100432319
100468111
100540057
100614341
100629800
100700637
100857669
100909368
100945263
100983363
100984351
101032569
101050771
101070842
101120508
101216492
101225051
101233925
101277788
101294745
101380319
101395872
101505443
101569966
101656634
101696432
101703299
101703987
101715907
101867215
101878748
101881263
101900389
101915270
101968022
102016432
102046038
102054889
102058508
102158576
102320429
102350607
102443066
102493729
102495037
102531075
102543586
102569686
102674794
102969840
103092456
103120740
103293217
103325010
103419315
103489550
103611073
103707939
103722116
103726797
103759051
103933115
104030169
104055631
104104171
104180822
104181916
104272256
104593750
104621888
104630898
104674192
104819453
104914759
104960154
105160722
105339001
105346107
105483846
105572628
105580258
105617638
105630359
105662662
105737676
105763119
105789830
105826315
105832385
105857839
105864497
105897715
105940045
105978886
106099222
106172375
106267547
106327096
106333554
106628447
106642282
106728016
106767337
106912479
106929397
107110673
107118607
107134710
107230791
107323457
107443609
107477083
107523671
107537261
107590646
107748969
107762161
107785424
107882717
107921481
107977656
108036811
108136528
108287747
108321730
108332333
108364621
108383399
108451092
108508917
108536022
108536076
108553850
108659531
108687454
108705251
108730574
108732823
108772088
108773623
108853457
108951430
108964151
109128218
109149643
109523781
109642418
109687926
109735365
109736097
109837063
109873443
110047304
110070294
110105963
110166444
110174863
110211541
110254440
110261419
110319109
110451872
110454678
110479963
110484177
110535183
110673708
110681051
110735825
110812981
110949484
110995069
111034638
111113907
111425492
111558420
111578063
111591902
111601529
111700854
111861184
112005604
112040076
112068429
112086385
112104993
112179695
112232989
112331839
112345130
112348509
112470998
112591899
112612762
112633550
112681251
112765849
112880793
112999500
113280427
113306834
113309046
113354946
113356496
113391946
113399369
113485559
113505908
113803999
113855544
114026407
114030390
114087013
114125293
114194975
114213409
114231557
114264099
114377563
114487217
114846550
114866603
114910793
114936942
114984820
115102692
115145715
115299780
115367396
115370253
115374303
115379756
115395527
115558532
115634832
115732415
115735143
115774868
115775540
115843319
115986404
115987142
115988964
116008416
116018411
116045222
116094712
116279546
116361024
116481441
116493929
116515081
116610514
116658815
116686743
116720668
116923045
116926245
116938241
117032091
117058333
117117093
117263380
117287448
117471216
117560010
117660148
117754883
117759779
117862001
117894169
118059546
118080370
118095928
118100068
118255434
118398739
118405615
118448828
118592322
118757936
118778672
118800268
118853404
118933107
119126512
119304899
119305639
119398584
119519381
119535290
119581695
119612571
119729962
119768109
119774003
119845171
119882021
119950063
119974135
119994092
120008670
120050096
120309241
120495163
120505589
120652499
120683420
120872908
121003665
121100373
121247322
121334920
121346524
121383633
121390494
121414919
121555736
121940969
121997548
122014982
122153552
122241640
122321578
122399381
122467754
122490318
122578776
122597356
122669963
122673461
122762877
122789527
122921301
122997424
123081679
123085214
123163055
123196814
123250927
123292180
123317977
123370396
123450626
123454515
123464078
123544631
123566964
123583826
123613655
124056447
124085096
124142627
124176765
124215647
124264208
124353848
124504543
124521727
124642801
124667294
124692467
124847431
124849003
124904406
124948392
125104034
125202066
125358094
125362268
125387515
125527477
125617800
125787118
125834732
125841648
125881965
125892018
125909488
126141860
126171943
126279305
126324534
126406546
126773535
126776095
126879252
126889036
126993003
127050867
127058833
127137402
127194451
127213473
127230822
127279549
127343147
127387037
127421514
127494916
127527743
127577912
127606209
127629808
127764498
127877756
127893792
127920918
127991085
128028877
128072658
128091836
128132676
128150214
128189322
128207989
128310969
128320643
128481683
128505964
128518203
128518689
128533851
128603104
128624515
128692486
128769962
128856594
128865914
128960015
128976089
128993527
129133212
129335330
129348009
129358933
129360908
129463168
129583124
129593477
129618924
129656400
129691581
129700824
129732994
130001462
130087400
130145530
130245942
130261703
130268532
130285933
130315194
130398989
130417502
130487313
130523649
130545543
130581384
130596425
130700442
130721105
130939537
130989850
130998550
131069588
131080305
131093840
131210252
131326097
131415859
131478146
131529908
131548969
131589247
131638253
131806331
131838187
131926272
131942301
131975237
131987621
132029002
132029269
132048354
132090096
132128410
132190770
132205085
132216816
132244687
132309290
132323383
132469340
132612831
132666323
132866671
133272721
133306180
133401744
133530662
133693400
133729850
133802487
133806517
133828681
133861936
133895773
134018496
134071368
134161600
134255641
134607688
135087871
135113962
135258573
135295239
135378637
135396578
135495318
135515454
135584300
135605401
135770727
135895676
135993727
136036317
136082325
136346392
136460526
136480595
136497042
136524176
136575084
136728160
136754569
136814121
136835752
137109076
137146105
137240611
137259145
137288489
137288654
137295444
137617255
137620235
137658018
137659277
137816030
137819345
138000038
138002023
138076259
138088633
138155036
138169978
138304533
138339332
138413691
138424035
138456857
138487689
138501304
138516237
138535096
138537244
138637929
138660454
138735735
138743367
138781867
138825305
138828979
138982689
138991867
139149878
139262839
139299239
139492860
139555854
139604182
139637726
139755985
139784574
139929013
140061362
140112408
140132493
140204775
140273640
140516389
140519016
140566992
140638072
140659673
140716034
140772626
140878394
140901220
140934009
140965921
141008143
141115679
141327930
141374743
141480439
141512580
141590198
141640724
141647364
141654922
141672763
141676740
141722492
141747468
141834442
141996388
141998049
142023572
142083019
142083235
142113293
142159114
142208398
142229390
142393541
142413700
142520392
142586991
142600531
142628460
142664229
142675006
142763587
143055273
143154163
143315196
143341031
143361351
143386624
143396982
143470371
143536457
143592956
143645693
143719875
144246858
144306587
144360680
144390859
144471361
144472940
144494359
144504261
144566336
144578262
144590620
144630394
144676336
144683367
144692736
144819701
144938515
144944775
144946430
144947583
145003310
145078970
145275039
145373774
145392475
145463803
145568103
145590254
145635592
145780683
145847456
145856230
146030372
146245965
146262450
146276454
146401047
146461271
146483310
146509487
146628871
146640436
146734257
146780580
146901054
146970586
147023986
147200234
147256602
147507701
147629801
147630196
147661878
147813854
147832200
147849576
147857927
147861685
147966091
147983123
148070206
148370228
148375905
148462045
148471694
148513393
148587396
148615860
148709070
148756719
148795578
148850194
148924770
148960692
148984979
148991521
149073132
149115355
149187986
149303997
149341133
149357506
149419866
149447674
149531040
149571564
149614897
149778260
149860928
149902430
150068632
150075041
150178203
150221211
150264401
150269670
150293473
150321273
150419599
150439544
150496502
150532781
150645739
150721303
150754707
150823597
150929678
151151894
151186045
151201425
151297828
151362743
151437012
151451057
151495037
151764191
151776087
151926043
151930395
151956566
151985217
152149926
152152831
152403898
152410052
152480645
152481413
152541547
152648449
152871730
152874404
152878223
152904408
152920366
152944579
152948999
153009930
153010821
153089704
153102698
153178443
153182658
153247841
153349843
153390864
153543472
153595130
153716514
153733900
153856876
153951330
153958010
154144166
154155621
154417401
154425924
154441159
154495871
154686179
154725091
154725470
154827768
154904144
154920438
154964177
155068877
155158454
155349861
155385013
155475865
155553457
155621475
155704148
155741119
155752182
155804338
155814566
155873764
155886257
155934566
155991391
156004676
156074877
156095718
156175180
156479250
156507229
156536569
156675311
156678453
156689999
156747642
156755244
156832714
156842285
156845943
156893557
156929802
156944420
157070699
157078926
157079559
157087159
157109294
157169164
157320676
157396907
157471301
157488643
157617784
157680971
157699457
157756802
157756940
157895421
157905880
157916772
157977898
158053738
158079200
158376273
158391803
158394705
158428174
158438382
158598491
158625434
158777769
159012528
159012564
159074852
159123308
159131744
159348390
159366026
159448670
159473087
159574760
159592568
159735681
159810078
159931596
159954077
160025999
160157000
160475873
160528505
160567898
160569484
160976548
160982486
161088206
161169239
161248089
161258520
161303669
161312764
161358491
161436496
161461382
161666217
161753043
161762552
161780651
161912168
161921013
162010899
162087162
162142482
162292270
162357756
162453001
162454779
162578408
162609594
162639017
162704240
162733723
162985136
162988402
163005707
163005833
163006349
163076872
163109918
163120507
163132327
163222673
163266913
163375351
163448693
163567246
163626552
163629830
163798805
163799247
163815001
163895423
164077034
164080572
164282713
164378701
164382227
164424715
164440449
164455116
164459979
164613187
164643863
164663317
164720661
164750498
164907174
164912535
164993836
164995846
165016488
165022964
165033537
165318331
165519706
165595535
165667917
165679743
165726627
166053685
166202407
166255642
166297587
166613296
166617730
166663732
166667784
166709189
166741952
166810843
167020603
167039156
167054380
167111521
167135910
167359944
167370320
167379810
167434115
167513393
167554984
167574964
167675948
167811749
167850154
167880158
167907484
167909902
168007335
168038053
168286954
168505919
168579740
168615678
168778948
168850224
169000391
169103469
169210277
169359644
169446937
169544544
169679506
169722452
169845172
169882917
169897640
169905649
169930180
169954148
170075274
170323739
170492904
170515429
170559910
170595871
170674440
170827112
170832889
170837236
170866629
170891158
170951646
171022356
171056207
171133871
171231735
171242479
171375022
171527175
171531442
171712485
171862027
171872480
171889042
171924227
172063286
172146904
172183639
172248667
172248903
172269869
172388898
172429080
172495452
172522520
172667443
172705771
172706917
172748734
172958661
172971710
173211452
173442254
173534109
173540955
173587409
173633175
173662426
173737605
173854081
173875320
173893279
173910311
173937341
173972804
174124911
174176966
174378984
174431578
174479346
174583159
174625220
174636018
174818107
174913286
175039391
175099721
175207063
175389008
175394458
175495253
175539652
175622287
175736368
175815803
175914301
175923774
175967134
176014472
176028750
176050923
176069329
176093670
176113023
176113747
176122716
176243772
176307386
176403141
176814117
176911931
176986412
177005736
177043131
177155506
177230506
177342289
177455603
177487289
177616144
177625687
177659037
177699769
177753359
177767750
177878450
177950959
178018991
178098904
178157794
178224227
178276219
178291171
178486257
178589319
178639281
178666436
178793054
178829393
178903827
178951322
179069327
179079896
179136323
179156642
179169981
179205094
179236521
179241154
179243891
179279933
179307678
179350143
179397169
179458958
179472194
179479503
179498274
179542373
179674786
179698214
179714915
179730701
179738634
179747512
179771304
179818116
179920342
180002878
180179602
180333929
180463616
180477808
180600551
180827905
180945469
180980188
181082846
181169188
181183364
181205605
181355699
181450024
181499881
181603873
181706292
181724033
181744282
181861610
181896582
181928022
182178133
182202386
182308756
182333893
182441843
182510893
182540606
182549016
182588849
182638155
182734062
182771441
182833379
182847553
182853895
182900796
183087865
183313811
183322270
183386616
183412188
183428638
183555641
183566369
183621935
183786883
183830197
184018215
184075138
184138698
184153921
184209702
184247812
184249413
184282945
184399055
184470720
184495314
184517218
184545676
184552409
184603328
184657824
184716065
184855053
185002502
185042330
185172938
185546328
185860687
185877871
185878337
185944994
185953160
186071683
186188127
186302319
186464124
186512466
186515000
186558299
186569544
186591342
186667110
186854385
186884153
186903594
186927430
187110201
187114879
187162741
187182931
187202839
187243769
187274296
187363497
187418866
187516599
187821218
187889299
187899885
187941140
188013698
188037944
188138678
188156886
188191112
188198331
188266928
188416417
188423272
188436443
188442005
188594300
188703864
188750096
188817042
188836075
188849596
188861792
189006434
189101783
189157189
189250778
189299186
189335422
189363071
189531784
189537410
189568345
189690907
189782680
189839015
189860690
189891482
190047191
190053732
190124162
190153827
190385495
190410077
190431152
190510445
190558885
190651929
190669000
190696784
190800839
190844113
190888235
191015953
191020538
191078943
191110049
191148602
191180727
191212450
191222823
191241855
191256135
191444082
191477060
191504701
191528414
191531460
191760363
191961066
191963671
192009017
192014983
192034538
192112016
192130890
192256618
192298372
192305895
192311175
192343255
192408505
192436040
192447857
192695213
192725215
192827708
192833770
192924333
192988137
193099058
193211318
193247163
193251314
193325494
193355881
193440726
193446949
193490191
193584457
193647066
193732726
193755717
193804493
193847170
193894335
193902580
193928996
194005317
194135979
194291581
194302624
194424564
194448982
194572623
194614188
194668279
194809211
194853029
194953130
194961059
195074596
195105453
195106825
195180147
195274139
195358499
195365022
195436455
195587635
195610258
195615618
195628912
195682573
195787041
195790222
195989996
196005377
196020709
196222679
196276881
196302169
196375023
196384677
196413803
196456064
196501674
196716774
196784263
196860068
197013448
197017980
197034912
197040026
197101580
197176026
197304741
197416578
197535403
197600178
197621991
197633998
197768025
197809623
197847686
197970635
198033210
198064759
198159957
198278265
198351891
198385159
198391319
198501615
198533492
198699553
198731471
198840498
198897926
198905292
198940417
198996776
199096443
199109007
199205237
199334131
199384763
199454429
199558407
199570938
199574321
199602251
199655871
199681933
199957506
200017214
200057416
200397433
200483760
200512160
200592835
200610112
200662643
200737284
200820351
200826794
200881767
200903820
201157874
201197891
201207380
201227911
201379732
201386090
201423931
201493702
201494393
201619107
201694100
201698433
201824709
201869053
201903914
201965268
201969781
201982077
202091089
202095583
202157670
202397090
202406164
202521179
202537952
202652638
202751146
202860678
202882715
202940292
202949679
202963229
203110239
203151665
203394676
203557291
203567804
203681157
203707529
203738476
203743133
203818970
203889678
203920303
204006367
204010285
204109742
204218910
204288428
204331775
204348530
204409521
204445960
204479426
204527676
204566339
204703375
204798258
204934842
204968591
205054190
205054790
205139245
205226330
205240697
205301694
205430946
205434775
205489440
205514179
205555911
205711754
205736728
205745830
205782255
205838665
205949816
206541567
206577748
206867661
206870673
206955585
206977083
207005155
207186251
207225396
207235477
207302078
207379215
207410377
207462510
207472062
207653068
207666012
207670495
207763148
207930949
208010999
208017980
208134687
208433486
208458232
208530797
208538266
208583508
208609501
208652756
208658627
208677956
208684734
208764106
208776254
208983801
209081829
209111805
209421047
209452174
209597732
209613086
209613620
209742574
209744449
209793039
209849836
209909715
210109233
210146120
210311672
210342584
210535266
210572637
210583065
210622801
210703006
210780441
210840307
210986467
211034420
211036814
211038167
211115307
211124955
211261459
211354494
211440389
211561075
211620498
211713342
211737656
211766019
211938149
211983835
212033896
212122538
212132384
212574365
212672461
212729997
212813234
212863015
212879590
212927619
212943260
213062619
213107202
213179094
213185664
213221999
213277560
213342638
213349736
213394230
213480774
213578373
213632758
213730146
213738688
213761359
213801513
214019244
214033772
214227462
214354159
214560418
214577144
214648327
214732480
214807569
214942431
214943157
215029778
215074399
215132438
215248521
215346267
215361144
215447670
215739465
215767817
215809768
215812100
215915868
215942751
215959199
215981142
216001048
216195916
216267388
216282107
216388863
216465589
216472945
216494085
216494727
216522162
216541567
216591093
216594445
216611458
216712953
216771533
216877871
216929938
216947158
217066385
217103967
217182368
217198702
217314922
217423106
217513080
217581170
217653105
217694164
217726853
217764356
217764872
217800374
217887291
217894432
218046292
218115104
218281573
218312700
218325178
218365508
218377705
218444098
218448076
218483618
218485229
218499079
218610952
218640295
218642769
218717821
218743618
218802534
218819087
218821541
218885448
218970058
219065007
219138841
219149073
219208983
219210634
219219350
219289428
219483507
219516232
219566955
219605396
219752500
219789073
219900463
219923729
219926903
219950309
219962434
220008685
220097281
220112485
220226486
220332707
220368406
220443481
220448190
220451612
220462314
220524461
220570198
220589146
220605388
220638133
220664668
220855142
221003207
221043034
221149712
221183446
221184475
221292961
221316381
221383161
221456318
221546536
221585476
221591472
221857189
222010179
222198866
222422839
222608679
222614978
222785559
222915328
223102699
223421915
223472096
223480789
223494724
223504472
223525187
223595419
223632704
223646693
223746111
223776734
223857148
223868749
223887670
224005692
224024043
224169335
224241041
224244887
224316257
224330654
224354691
224525602
224638863
224656667
224787694
224869104
225012314
225028485
225035756
225044034
225083470
225192765
225195713
225315557
225720204
225862728
225862828
225900554
225930474
225967095
226138425
226139438
226217595
226232542
226245718
226298037
226309608
226432069
226553221
226616705
226755551
226790409
226964663
226994504
227013423
227030089
227082880
227102778
227186598
227247859
227495450
227503896
227600170
227638366
227649295
227662131
227684627
227753365
227754991
227765240
227794074
227952772
227999203
228057755
228086611
228091392
228206943
228217820
228218408
228246075
228431855
228450990
228470296
228521705
228532352
228555707
228564809
228648613
228726717
228875439
228969260
229006980
229028864
229184194
229187020
229198322
229204772
229219608
229240259
229312041
229341261
229412137
229476427
229577079
229598089
229612926
229613826
229704212
229725119
229745106
229774291
229871103
229899124
229981409
229996496
230051146
230066647
230074338
230123644
230224509
230237670
230510844
230556047
230581220
230654504
230807544
230832221
230933651
230992892
231058645
231147087
231197727
231206036
231431280
231548971
231599948
231884897
231970723
232152960
232160374
232321989
232366157
232367350
232380451
232391665
232439063
232584164
232630260
232647733
232662841
232754864
232784611
232841659
232892505
233083148
233158472
233170932
233194425
233209888
233462563
233510324
233598755
233655561
233700692
233857886
233875116
234041876
234104923
234240807
234283266
234285696
234382447
234441966
234554978
234576632
234582198
234615622
234675284
234743682
234750445
234820810
234998155
235065837
235116016
235244666
235249408
235290440
235506444
235564155
235598552
235655407
235873570
235927361
236118531
236178007
236339408
236344012
236348391
236478484
236753911
236764317
236769760
236772397
236824141
237044495
237306020
237332653
237371166
237438910
237444696
237449112
237528685
237755183
237817023
237990960
238004604
238008924
238261840
238332436
238369280
238535920
238629879
238668478
238811385
238841525
239091145
239104625
239127603
239195150
239223141
239345991
239376741
239381723
239412076
239430727
239442898
239463287
239606191
239799388
239804766
239825223
239859713
239941523
239956605
239979989
239988032
240040052
240128082
240148898
240184520
240195932
240242926
240251633
240294539
240310489
240469230
240717530
240723197
240734473
240789079
240924799
240934776
240935496
241177572
241235885
241248202
241311580
241330167
241372512
241407965
241421226
241611328
241755563
241814402
241863499
241978268
241998717
242077843
242126511
242178360
242332611
242354281
242363499
242367861
242427279
242469500
242528550
242542860
242899105
242965851
242968943
243032115
243051229
243147436
243185534
243185909
243207322
243692661
243728646
243845677
243856241
243948486
244057846
244102899
244169808
244225771
244264464
244349123
244405454
244416582
244501576
244506444
244547879
244563857
244570909
244674530
244680983
244877836
244881519
244887493
244917809
244986029
245126761
245150137
245152965
245194385
245203434
245337240
245417481
245562301
245568543
245607016
245634939
245774200
245836877
245865038
245868289
246088030
246171129
246202408
246257000
246286379
246378993
246427577
246463239
246489411
246554709
246556674
246573681
246663311
246776035
246806775
246823961
246895804
247003046
247031353
247057592
247102599
247157568
247166582
247354089
247379448
247380430
247696019
247875364
247933588
247945145
248026902
248080600
248109207
248149836
248276766
248339685
248486153
248685418
248782253
248916486
249040946
249077953
249149046
249278823
249282557
249299814
249339807
249340390
249385445
249562542
249645703
249665124
249726843
249735101
249808356
249811497
249831439
249845400
249879164
249962066
249974125
250018779
250106169
250164786
250303304
250307297
250336369
250385245
250427022
250481809
250513157
250525809
250611357
250675209
250707007
250765369
250770337
250851551
250961299
250962892
250997919
251031174
251033306
251052449
251298689
251318783
251374557
251391014
251517219
251546540
251555611
251665886
251726182
251753117
251761376
251763610
251782196
251891207
251994391
252095192
252223913
252322317
252373061
252378104
252421497
252477862
252585962
252652196
252720219
252786431
252839008
252934861
253144683
253165015
253208992
253220240
253258571
253293750
253317476
253336458
253349164
253380515
253403578
253467882
253482906
253509598
253560151
253621057
253760898
253797066
253874717
253876270
253916689
254043554
254047230
254092458
254138705
254159274
254168927
254193419
254223901
254242386
254244657
254370585
254374752
254421945
254468810
254535835
254583770
254623926
254954360
255017772
255149324
255275708
255400262
255462737
255643760
255738736
255886582
255887390
255905233
255923235
255970576
256191626
256322699
256355003
256469224
256510245
256631946
256868402
256868472
256937182
256939946
256961274
257074566
257075683
257234719
257256685
257393768
257524257
257525443
257649939
257663963
257696070
257732710
257749122
258000762
258055149
258111650
258152625
258153668
258156905
258219659
258321446
258350679
258374905
258510639
258513144
258514937
258542959
258658086
258706945
258856408
258905410
258933402
258988177
258989108
259047087
259208455
259270612
259334359
259463581
259492266
259503867
259598370
259622899
259661584
259743941
259747296
259759358
259809416
259895299
259955972
260051014
260090377
260146448
260150087
260274929
260355621
260454734
260495281
260513643
260621317
260964590
260986037
261126601
261318486
261465751
261613755
261811325
261832775
261836457
261858979
261970532
261974354
262030138
262194595
262406969
262508948
262517388
262532534
262567411
262635994
262644230
262714212
262810444
262995195
263032195
263241407
263406235
263553573
263564613
263614914
263706739
263722661
263807328
263825917
263908330
263926295
264026814
264048285
264105576
264115778
264234526
264260841
264270016
264380311
264424351
264431091
264536225
264553767
264655034
264752511
264774764
264915117
264975476
265007025
265329168
265482169
265499151
265535931
265562456
265611412
265703884
265704228
265718028
265842290
265885630
266209179
266288200
266300753
266316724
266318025
266321106
266341874
266344793
266378019
266386920
266440526
266707618
266739329
266744697
267089350
267102785
267185852
267238202
267260086
267333798
267381744
267417443
267428790
267504397
267521139
267537982
267545138
267600228
267607162
267660521
267730093
267748276
267784652
267840662
267862414
267917543
267950347
267966802
268099457
268105892
268122197
268140312
268269044
268299824
268390719
268448372
268536237
268809018
268985961
269030076
269087600
269208932
269214816
269388062
269405457
269466514
269498766
269506555
269528385
269585626
269588398
269848612
269875476
270035329
270040524
270088849
270102257
270112584
270183874
270218693
270235830
270255926
270300518
270371753
270386725
270418793
270587035
270655829
270773658
271041568
271044539
271047194
271058748
271122342
271146332
271170692
271260290
271341502
271349886
271408857
271453116
271579244
271647833
271726762
272031027
272160085
272301638
272308649
272386619
272553053
272583320
272619826
272671004
272741655
272772765
273004864
273043496
273045150
273102353
273167102
273188235
273328943
273439289
273491579
273502708
273524144
273570012
273783359
273888353
273937064
273947892
273967883
274141879
274156781
274214550
274222217
274432706
274521275
274567332
274596349
274597366
274645963
274646200
274692604
274709467
274711783
274756539
274767546
274819772
274989358
274991220
275126585
275164557
275171525
275175692
275241435
275247443
275250333
275321022
275322252
275385579
275415556
275430652
275439486
275505133
275569777
275650811
275668125
275674820
275686739
275723406
275790903
275904056
276145037
276334746
276348348
276434179
276458985
276581094
276635469
276702061
276759829
276834770
276838940
276985203
277083111
277163894
277338479
277371031
277377842
277483464
277548607
277563638
277606645
277672026
277756453
277929602
277969484
278182197
278276762
278378739
278432427
278519975
278536602
278557950
278622980
278709810
278739070
278741600
278964738
279015135
279115670
279192315
279197298
279300759
279315017
279345493
279356899
279358908
279420640
279453147
279555217
279746806
279841282
279952146
280005244
280095230
280173941
280174526
280262516
280341918
280406069
280505524
280575972
280612082
280810808
280842971
280909595
280983090
281004431
281053940
281098085
281210063
281311686
281377700
281458891
281459607
281507892
281561636
281618832
281635687
281669790
281875044
281885451
282089204
282159523
282328523
282530263
282532226
282554729
282562421
282625288
282749483
282811264
282877056
282941604
282948590
282952556
282989311
283110196
283381010
283398287
283429323
283606723
283652421
283661314
283704298
283856332
283928236
283970065
284054195
284225175
284336408
284494891
284502000
284626142
284664289
284765717
284829641
284874743
284986168
285057803
285130550
285136243
285145399
285218431
285333764
285380547
285426113
285478516
285606686
285710377
285833572
285942408
285959093
285985287
286015521
286067918
286071987
286072655
286186018
286198703
286314027
286324118
286347670
286443433
286455056
286460588
286476703
286636289
286828861
286832035
287016210
287170186
287189114
287197383
287212181
287265184
287346091
287436762
287511263
287534386
287560380
287590202
287698281
287862630
287951925
288006207
288046219
288130381
288343341
288387730
288434432
288479038
288545957
288621462
288643562
288708864
288772013
288844193
288946261
289003911
289118537
289231198
289274028
289440660
289553827
289612464
289689605
289691701
289923882
289930692
289942788
289963263
289985192
289995672
290153462
290277708
290342479
290440918
290455771
290508272
290523776
290575424
290609065
290649588
290668341
290764761
290803598
290915158
291016863
291017498
291017715
291019949
291058450
291143321
291200072
291221347
291333833
291405602
291554736
291604482
291648848
291702568
291731593
291733928
291735546
291810344
291852746
291919912
291932482
291964335
292066894
292071575
292116586
292131723
292327798
292393631
292429639
292458195
292492770
292623030
292625362
292849203
292866979
292961950
293002475
293046620
293055650
293061113
293122573
293187989
293214885
293228170
293241280
293241853
293280051
293405048
293415503
293607358
293638502
293702138
293730142
293740655
293910932
293913972
293915644
293945236
293987267
293990676
293991681
294130163
294152151
294428254
294457971
294501746
294503616
294647959
294652844
294690217
294760868
294809670
294846524
294889650
295187386
295208208
295241818
295304157
295348798
295352455
295515855
295583260
295686301
296030177
296037863
296124573
296169621
296176254
296224817
296302850
296376620
296407717
296436787
296491560
296588518
296622280
296653624
296680477
296695673
296721004
296922869
297026534
297044531
297080230
297136739
297222635
297250821
297340549
297350289
297368867
297372912
297383213
297440733
297479477
297482101
297505843
297525933
297570227
297578363
297612383
297761209
297792861
297875109
297896736
297973561
298085261
298155627
298217804
298428779
298670594
298688767
298707563
298815949
298816983
298845412
298943316
298954718
299039829
299064405
299095707
299151406
299303062
299313998
299380017
299407450
299506883
299555501
299613887
299703033
299730187
299749050
299927773
299954406
300005036
300069883
300127842
300216402
300271889
300365475
300491206
300614173
300624943
300628404
300666436
300695173
300720383
300737502
300771429
301186406
301209477
301218603
301338498
301449608
301490522
301528942
301698160
301765371
301898709
301901446
301907728
301930511
302119558
302169155
302224660
302269691
302298201
302359581
302412512
302434584
302549068
302599918
302615300
302665908
302692847
302717160
302723407
302736709
302747681
302773830
302791009
302838313
302989901
303079591
303121225
303157981
303165623
303220584
303455697
303556594
303684545
303869155
303935919
303973816
304072645
304097407
304179527
304288741
304413325
304510885
304518137
304536579
304544645
304666850
304671603
304751129
304783424
304829831
304895616
305059971
305104086
305130971
305284667
305298734
305306829
305325555
305423394
305458840
305478060
305670006
305750961
305854917
305976742
306070129
306127861
306523777
306570710
306579014
306587023
306610301
306676905
306748823
306793352
306834123
306841852
306947182
306952315
307046448
307075043
307089464
307097624
307181914
307201905
307206377
307257082
307493702
307525763
307920159
307943126
308087616
308284286
308325006
308337675
308359309
308419198
308448638
308570900
308604523
308620057
308720528
308851015
308935114
308961199
308981047
309010019
309103088
309177765
309264189
309339530
309345057
309400293
309451338
309472486
309584138
309593386
309595293
309635435
309697322
309717398
309771560
309817320
309861554
309906274
309947705
309955370
310015490
310144413
310146214
310170630
310226131
310230731
310238315
310310650
310334809
310441642
310510385
310629604
310682541
310892967
310985345
310988508
311047683
311061230
311268829
311373695
311413394
311551047
311561174
311603872
311678089
311720166
311837384
311859147
311889305
311939549
312206456
312222159
312379532
312393861
312418370
312568285
312585774
312601798
312707153
312708281
312742732
312757842
312821132
312936364
313023003
313026053
313046282
313046869
313240312
313298248
313380094
313409387
313458711
313541202
313641366
313641411
313705196
313742495
313775853
313780370
313857203
313875758
313966653
313993804
314008955
314041693
314100885
314162334
314210407
314210446
314264727
314482903
314791231
314810526
314819368
315085602
315092744
315098330
315130357
315195702
315299255
315318292
315360689
315410090
315421996
315576172
315673518
315703921
315707521
315717851
316079997
316103744
316114609
316167043
316175048
316175216
316175846
316239550
316302816
316349340
316451157
316484104
316489109
316508575
316542886
316589496
316682586
316751322
316996697
317017629
317079270
317222229
317291612
317338093
317464225
317499210
317636136
317740443
317796261
317861845
317875455
317955539
318083161
318096682
318393888
318516416
318671772
318701784
318727719
318750216
318812336
318820167
318889959
318951659
319001875
319099539
319109687
319179517
319291896
319321134
319353121
319386370
319431229
319477328
319481224
319532398
319663583
319755107
319832761
319896875
319907349
319918267
320083670
320098954
320134252
320148269
320397719
320467190
320512007
320616720
320674744
320698413
320863440
320988502
321071143
321086464
321110144
321176465
321235901
321257939
321482798
321493779
321522710
321570679
321694445
321818595
321948293
321952166
322037907
322084480
322129189
322156990
322359168
322377680
322631758
322672377
322782066
322849287
322880156
322942848
322972908
323007165
323261572
323272976
323310348
323325877
323370122
323465944
323494830
323523846
323559000
323613954
323850196
324166964
324173343
324221467
324278017
324369795
324497915
324505090
324570361
324636606
324731648
324768796
324769388
324822957
324833539
324874181
324894904
324915879
324978692
325112519
325205782
325320746
325486292
325556211
325618550
325665228
325782805
325838752
325851046
325873963
325983988
326015435
326030700
326054845
326098962
