6147
56838
101792
213701
261885
360860
1052171
1112969
1417338
1476424
1518766
1534932
2321888
2446288
2765431
2859017
3078541
3306110
3341849
3561005
3768306
3845868
3919528
4066526
4420882
4454979
5242523
5359628
5945224
6146593
6227155
6266656
6629945
6649527
6735251
6822602
7131477
7175296
7338187
7449244
7591130
7642833
7677824
7688050
7814586
8420028
8618194
9013456
9099417
9311976
9393894
9401159
9641646
9790212
9932113
10062303
10070843
10106154
10127767
10250302
10434206
10502805
10613961
11044883
11198933
11745017
11950183
11976172
12235492
13252679
13310046
13330847
13404641
13634652
13637921
13741595
13757611
13827657
14091677
14316640
14354608
14414909
14819432
15172407
15224681
15315265
15518168
15650752
15768839
15813472
15919938
16011575
16497117
17097886
17125061
17172621
17313849
17548975
17642009
17693417
17835104
17927267
18499027
18652431
18994334
19146277
19151893
19214850
19594233
20064160
20233969
20337270
20613811
20646642
20726918
21045899
21103493
21175120
21198595
21264642
21433331
21443621
21466521
21494768
21715556
21898337
21908940
21916348
21971062
22013108
22076865
22112073
22158793
22248980
23071485
23127037
23340504
23647647
23667955
23887486
23890869
23992974
24076365
24085947
24104624
24121552
24234088
24592480
24940696
25125530
25203314
25456973
25620381
25802158
26001994
26012574
26152566
26275891
26387031
26527757
26705627
26813495
26954538
27083015
27107085
27215493
27239779
27296313
27712249
27742377
27790166
28075619
28083780
28212566
28946377
29145248
29626207
29753077
30148499
30231578
30463119
30637607
31029867
31121758
31241168
31325028
31443573
31518949
31745175
32024409
32608284
32672943
32881685
32991340
33165667
33228045
33648613
33692449
34089861
34231530
34259572
34371152
34432143
34436809
34522319
35105884
35486917
35559207
36332802
36392971
36466782
36480898
36774636
36787566
36934173
36955113
37328521
37361953
37507123
37801595
37951308
37983680
37999402
38021288
38048497
38081888
38660838
38696459
38726644
38805400
39155505
39457233
39554675
39571199
39691186
39859749
39984569
40140849
40155173
40244823
40275255
40510833
40922437
41027207
41084473
41103965
41286710
41476668
41495252
41526392
41590448
41823215
41917546
41946480
42039942
42922502
42950526
43178154
43372637
43940501
44126582
44284304
44386991
44437487
44717274
44736441
44780179
44847274
44912702
44963379
45017073
45275318
45519846
45667323
45970532
46022686
46141322
46272595
46340915
46408851
46464862
46555302
46668053
46707628
46796064
46803324
46862963
46892085
47369927
47451893
47458990
47678354
47828674
47874276
48085233
48314828
48742979
48979423
49105751
49199614
49255054
49430110
49520260
49559856
49563208
49581981
49969909
50147620
50170042
50216750
50255448
50408730
50456398
50635114
50645346
50980662
51100449
51222404
51711577
51763892
51797804
51817033
51916632
51917862
51928370
51978193
52707132
52853098
52894637
53078018
53245042
54037254
54449266
54682190
54799717
54802831
54915705
55156103
55297871
55572914
55636074
55734103
55735127
55793019
56079084
56177853
56231044
56493980
56645413
56699319
56706314
56768336
57032321
57166895
57174989
57240358
57352794
57421244
57508668
57770298
58003301
58140736
58151070
58552884
58879939
58975063
59278073
59467019
59480527
59491649
59896425
60081533
60172626
60495804
60683081
60727182
60832527
61123089
61185430
61333312
61420004
61425793
61634104
61707206
61718712
61724634
61872275
62009485
62341620
62609846
62649024
62664850
62695824
62715980
62802743
62874315
62889074
62991447
63087886
63386672
63518670
63733825
63736719
63965536
64137070
64298127
64566834
65116539
65211847
65386344
65525343
65529148
65580390
65609821
65625022
65869199
65898138
65921772
66002726
66052174
66067463
66203135
66638529
67127403
67519084
67915380
68063165
68496948
68547476
68604248
68806462
68996084
69110343
69528297
69551234
69553124
69659378
69687948
69691352
69793388
69793908
69968995
70237580
70384975
70742684
71170050
71228069
71245273
72052045
72059131
72496796
72535452
72541949
72572563
72628931
72702885
72904606
72951258
72987120
73080427
73332562
73350709
73477896
73494267
73568622
73616055
73620907
73633881
73743987
73869759
74291551
74471874
74914870
74987245
75152347
75344564
75474304
75496100
75684116
76070764
76467263
76775776
76836188
77114941
77447639
77478926
77517853
77758983
78132425
78505980
78675836
78844751
79050464
79162245
79284487
79290144
79398576
79682922
79770918
79907090
79948090
79968880
80084106
80378288
80584513
80715118
80723309
80931383
80952394
81064195
81089684
81392077
81450723
81600186
81694839
81813235
81835678
82002141
82017147
82050296
82100792
82103510
82206483
82350886
82456831
82556392
82556500
82638032
82809941
82857629
82983201
83001457
83017999
83136536
83303557
83359174
83716969
83939210
84212895
84677130
84869326
85025740
85298321
85312728
85386261
85528753
85570406
85863100
85875358
85885223
85928808
86026695
86113258
86179859
86265393
86398792
86505212
86508012
86669960
86747914
86809734
87031702
87091771
87172930
87286390
87559605
87807938
87898198
87985772
88004761
88010072
88118736
88332286
88542034
88667668
89153238
89318331
89368179
89423952
89827401
89914293
90273627
90459527
90565238
90821565
90884312
90891369
90907514
91064011
91080019
91082217
91190547
91280392
91298582
91862209
91930987
91963150
92379578
92562684
92631523
92707995
92773796
92860442
92919636
93437692
93491351
93506976
93545402
93586617
93671676
94013791
94021488
94090726
94160507
94179637
94385606
94397298
94658186
94863729
94866275
94961972
95092325
95243637
95296700
95330943
95469422
95596225
95984970
96261220
96521499
96586851
96654889
96684284
96943876
96970915
96999732
97209952
97513710
97521932
97567194
97791286
97846604
97885238
98221811
98483704
98624782
98938955
99359206
99411105
99851461
99907170
100024500
100071493
100588756
100665553
100859944
100888168
100922221
101208464
101240990
101241265
101322595
101412615
101549563
101652244
101820046
101869600
101909036
101914297
101915298
101942383
102196562
102465441
102629374
102981209
103356713
103427716
103516718
103696170
103954927
104022823
104067778
104152585
104295706
104469407
104686793
104687441
105176164
105254580
105382637
105518228
105545665
105605299
105798544
105893329
105927195
106145722
106307076
106571131
106572110
106913967
107326693
107455300
107493024
108046563
108066738
108078728
108205537
108209997
108224647
108244707
108380171
108471681
108506443
108646179
108699820
108803699
108808634
108812525
109002023
109236650
109648967
109794048
110120855
110165155
110437438
110531795
110655391
110747563
110846793
110861312
110999509
111033540
111189539
111349732
111475612
111630100
112069014
112154254
112160283
112247165
112397161
112548013
112660043
112785411
112893632
112921594
113071590
113116638
113240594
113446445
113676946
113763470
113907810
114126298
114148950
114456816
114594638
114883434
114906954
114907449
115009915
115031226
115487326
116050473
116150411
117065415
117073618
117161614
117217318
117325165
117327534
117382483
117468665
117560912
117586687
117836314
118150646
118219652
118223403
118258234
118346106
118431065
118485724
118876137
119230644
119339192
119415814
119495026
119587972
119639637
119994467
120002359
120063561
120066888
120276537
120365790
120470051
120706239
120859120
120929589
121074876
121257222
121379696
121384293
121738072
121759343
121796631
121939159
122060255
122097899
122123868
122211970
122645773
122766808
122769996
122777266
122811223
123190097
123759755
123854026
123934709
123980109
124240168
124272689
124320404
124348283
124509645
124684363
124993140
125107729
125485613
125755324
126034545
126119243
126251302
126692100
126793709
126861571
126890365
126975564
127237288
127257774
127379999
127722975
128272927
128477665
128650458
128753603
128774278
128781121
128796697
128813161
129002775
129121589
129199095
129335697
129563583
129594136
129624069
129794445
129798789
129823527
130197057
130236377
130437096
130457830
130472460
130600550
130753592
130921868
131251572
131277379
131324410
131532055
131573978
131630724
132073656
132078318
132289310
132293483
132397697
132508831
132513150
132540397
132655812
132815282
132858388
132926962
133326446
133378491
133421754
134000159
134305929
134333540
134674407
134684186
134711413
134954519
135157763
135306740
135421495
135628558
135653083
135752407
135872194
135914046
135972980
136009267
136648396
136675389
136682917
136741815
136863828
137116009
137228198
137258701
137414185
137623957
137728588
138343098
138497406
138664790
138741774
138858590
138951578
138964507
139044899
139357596
139531765
139625696
139648475
139779645
140168455
140187376
140550350
141072566
141111495
141360626
141475309
141594813
141747384
141802117
141865935
142434307
142474385
142784054
142878100
143241599
143273100
143454268
143610577
143627499
143971885
144082210
144270608
144382597
144442698
144527272
144641295
144729901
144781022
144818223
144854086
144960231
144961095
144998987
145252755
145623980
145697573
145791680
146473933
146853212
147041873
147151925
147187702
147292372
147380817
147506512
147566200
147746609
147785408
147796653
147802004
147828418
147948515
147970349
148185448
148259120
148261930
148301262
148667385
148753084
148784522
148790020
148880188
148964478
149271086
149340488
149917542
149983750
150122358
150403778
150555724
150665151
150718818
150728721
151186543
151212045
151285253
151332040
151446433
151754402
151764428
151800690
151884977
151944120
152037889
152412756
152592483
152795097
153049109
153092270
153221649
153354481
154010459
154190784
154350458
154494949
154693087
155041822
155059315
155105518
155189963
155250549
155410293
155450288
155540619
155742171
155816198
155860610
155876415
155990432
156190874
156345360
156853369
157005130
157162569
157417478
157482235
157818232
157825770
157826259
157962157
158184799
158366429
158934922
159226446
159401987
159456283
159947130
160355746
160493421
160727888
160751520
160760093
160810840
161078261
161247881
161531780
161625108
161807818
162058873
162103967
162228819
162246976
162294954
162344749
162422265
162430663
162493490
162652175
162663149
162691714
162878317
163082571
163126277
163234229
163320314
163976350
164094045
164227929
164305438
164347141
164350797
164439648
164606572
165429148
165511323
165620606
165695198
165977217
166055845
166603953
167056889
167107187
167126374
167298706
167539066
167583970
167591605
167619144
168189022
168851913
168887640
169159218
169186483
169270400
169475833
169769619
169887156
169903419
170035117
170190350
170297623
170527764
170734711
170845784
170978929
170990490
171158382
171428578
171448764
171577913
171714949
171809778
171937153
171959768
172247243
172371911
173094415
173182030
173713145
173797969
173829796
174055396
174150423
174192315
174206836
174515458
174590483
174807257
174823963
174869359
174873586
174958620
175564899
175666365
175729164
175754450
175827224
176007342
176324638
176545379
176659020
176748268
176910145
176962827
177066548
177167861
177168613
177422751
177529995
177668706
177819790
177989107
178176800
178425962
178469962
178517476
178703442
179003967
179080125
179177945
179638468
179682498
180161267
180214069
180342230
180364737
180430565
180461539
180493560
180550821
180794666
180819777
180903352
181257862
181672259
181983534
182027758
182269405
182302218
182326891
182374025
182421184
182670444
182694918
182744742
182873097
182950374
182956635
183042684
183077246
183661784
183708275
183805312
183847481
184264682
184310437
184350579
185333607
185611274
185857289
186201865
186226556
186422512
186798922
186920735
186939040
187460728
187498081
187570335
187633145
187644607
187727715
187861968
188370191
188390809
188850148
188890093
189010438
189052449
189145600
189198032
189330322
189333095
189411997
189482284
189968186
190129228
190143134
190299014
190342327
191120508
191166556
191195910
191294008
191308002
191310271
191593177
191754204
191796109
191940303
192028525
192179659
192496122
192554573
192617435
192619820
192641483
192743686
192836474
192903419
192919055
192969105
193044071
193195201
193278582
193334188
193353138
193568422
193605756
193655585
193692522
193798063
193830656
193867459
193986581
194266442
194434779
194574989
194597461
194603047
194743473
194856087
194885822
195099551
195235261
195474769
195514312
195553424
195677060
195796165
195839802
195842272
195851131
195887968
196092882
196453071
196608265
196748694
196784329
196977927
197039948
197132210
197178180
197356910
197549164
197551721
197695226
197719389
197760916
197969411
197999589
198067147
198432093
198442142
198770643
198809414
199053210
199197380
199279943
199323429
199467780
199473558
199575115
199678228
199685828
199706696
199806189
200172933
200595066
200812322
201016784
201179840
201284052
201505517
201991385
202347362
202402044
202950033
202985387
203138002
203186107
203197631
203288997
203298965
203732772
203801519
203980396
204021963
204207299
204261056
204390181
204467794
204489400
204580791
204734223
204825381
204883439
204941629
205182881
205320345
205505703
205676215
205677716
205713227
205765203
205802005
205807374
205938086
206087842
206159240
206183496
206295041
206565271
206655781
206815450
206948039
207210854
207303034
207547622
208014835
208250966
208330973
208800457
208829972
209006033
209162895
209196210
209464156
209486701
209756681
209825628
210012230
210124269
210188177
210193828
210354413
210460897
210635419
210653184
210788520
211363360
211427771
211517193
211521097
211558562
211594515
211631662
211704478
211856468
211881726
212037476
212224183
212254922
212264519
212268856
212291119
212720760
212781036
212894720
213027912
213073647
213263772
213802725
213815255
213839986
213895482
213950370
213962832
214170887
214500504
214520082
214600811
214935910
215106847
215134211
215225645
215281507
215347856
215379720
215485081
216261636
216309897
216534201
216714517
216756266
216871259
216970733
217238347
217352316
217462183
217596280
217800710
217862054
217870932
217970907
218116467
218210513
218217301
218439068
218474505
218558937
218730013
219118052
219128794
219517591
219603733
219642554
219762659
219866924
219869465
220409594
220474774
220559275
220726315
221093909
221105924
221161746
221334027
221414349
221455399
221598841
221940282
222096597
222520828
222630289
222724078
222822354
223028635
223117546
223337245
223421184
223519157
223634468
223650324
223746726
223747734
223826064
223932543
223947306
224371228
224756895
224820248
224853865
225230017
225253082
225275342
225474860
225652375
225677915
225805757
225938692
226160667
226264968
226483649
226982705
227211933
227272400
227429134
227486414
227511500
228206867
228281722
228317243
228392516
228529598
228600141
228658229
228749307
229220736
229451952
229793350
229805228
229858626
229951745
230137173
230148002
230337037
230458901
230789652
230881964
231023867
231243210
231465253
231498486
232441381
232618275
232666565
232667847
232697752
232856989
233037928
233254244
233401079
233451382
233691256
233831910
233836868
234105168
234613340
235116405
235192785
235564664
235608336
235787318
235825600
235875296
236068384
236122766
236134896
236254110
236439502
236507164
236524245
236591588
236623378
236822635
237054517
237172767
237386337
237407945
237555579
237742818
238062526
238166510
238393318
238714813
239161468
239251285
239337330
239350413
239518045
239552701
239821970
240137079
240515930
240539299
240986830
241217274
241256084
241327753
241612823
241972756
242004732
242058094
242260596
242264866
242330198
242584959
242610986
242619885
242760120
242941873
243121877
243223736
243875405
243980894
244582362
244641925
244789589
244957665
245146353
245146914
245203490
245320067
245365225
245474389
245572348
245995998
246348945
246494064
246652408
247182089
247194992
247374736
247520228
247884443
248788885
248834664
249094203
249171470
249199210
249388035
249389840
249438656
249472582
249918772
249930034
249995217
250287706
250526529
250561485
250703784
250743905
250894497
250908459
250976047
251197086
251250272
251252590
251411242
251480655
251609373
251712578
251937477
251994300
252028480
252101725
252252993
252440661
252798720
253089141
253121145
253219823
253293492
253309858
253372083
253739908
253847590
254089362
254175261
254230033
254348852
255036697
255072147
255129236
255394294
255428635
255471274
255520036
255580325
255757838
256146388
256555254
256581163
256681832
256999902
257107689
257149181
257216422
257438345
257566790
257680382
257730165
257748208
257801152
258003672
258042288
258371479
258591598
258693384
258830053
258860822
259239715
259281086
259595172
259808859
259915493
259977562
259993650
260007622
260140791
260144983
260524498
260571496
260802602
261090468
261098592
261203869
261254449
261424158
261470662
261719750
261746764
261795868
262182562
262238975
262482422
262521825
262628199
263006502
263078786
263267580
263523409
263720083
263920082
264057836
264250388
264527272
264786932
264801184
265014992
265053987
265086428
265171788
265529500
265650715
265725534
266096837
266633599
266655799
266675423
266778413
267003401
267240643
267486468
267536837
268025698
268274794
268458542
268885715
269108673
269158430
269258912
269340047
269412670
269532565
269676596
269747039
269974201
270159061
270241889
270554129
270573341
270827086
271078928
271180055
271323325
271721234
271735651
271747541
271764544
271817833
271880264
271960153
271975925
272051342
272066156
272631280
272680732
272761190
272791886
272810565
272997079
273180843
273470770
273501534
273726129
273779960
273807345
274080056
274221367
274429527
274443650
274510775
274761994
274905602
275015474
275601794
275730513
275777146
275828655
275861389
275938711
275948151
276215308
276272783
276660606
276887829
277139955
277335699
277750275
277885889
278155934
278438626
278648866
278806764
279337477
279352398
279703726
279740655
280019684
280056385
280513606
280807828
280842811
280873894
280927277
280994167
281056202
281163621
281274524
281277171
281430994
281904744
281940288
282029849
282068743
282136029
282314352
282517466
282622405
282895296
282896691
282983107
283151159
283210367
283345257
283511583
283604681
283651141
283876341
283934999
283941814
284337094
284340748
284351326
284413157
284818826
284922937
284947659
284963986
285189589
285394958
285841084
286135813
286522944
286570849
286577491
286692672
286745536
287107870
287114785
287210671
287524046
287645121
287724134
287763494
288089379
288308352
288969787
289133838
289171336
289869772
290009179
290317386
290451963
290486963
290542284
290593162
290684936
290711910
290906755
290913879
291042664
291377182
291422473
291697740
291941684
291953247
292217462
292398376
292535287
292914731
293066718
293097700
293098485
293599181
293619556
293694722
293710788
293775729
293870528
294181228
294284301
294285401
294396784
295113794
295375852
295484632
295910508
296049276
296109362
296564089
296581814
296625593
296679448
296890798
296897951
297072253
297394799
297441107
297566593
298012800
298083194
298159418
298219552
298262605
298536731
298593838
298781734
298939928
298940586
298944775
298984628
299064146
299073187
299560151
299728676
299730288
299881441
300039490
300093007
300325027
300343625
300501355
300534549
300608004
300760477
301124165
301317186
301398579
301418397
301457331
301473860
301656232
301817406
301974798
302136612
302168092
302188005
302206848
302364390
302494316
302784418
303039713
303247387
304101504
304105638
304324675
304518223
304713265
304765368
305084257
305178501
305247186
305276631
305533068
305812009
305823102
306056522
306126351
306342828
306434104
306591646
306968219
307021382
307107660
307206016
307451422
307522547
307651755
307653979
307786207
308071754
308396274
308415518
308666027
308871995
308900837
309180413
309469620
309649973
309716097
310094343
310238885
310315771
310353652
310418309
310938273
311036574
311314169
311339924
311395823
311441519
311441872
311450265
311616618
311657917
312008568
312461939
312639158
312649932
312797500
312952417
313039613
313044594
313428825
313712765
313771346
313848639
313918946
313962400
314123055
314177525
314215438
314239983
314299046
314698221
314899115
314987524
315050078
315150864
315373703
315526589
315596550
315712906
316569190
316578299
316729539
316775877
317018352
317210096
317339740
317341084
317444095
317602285
317659770
317802597
318102766
318154467
318192856
318654856
318732060
319061264
319136579
319236960
319241473
319347500
319404499
319607911
319648044
319740173
319875873
319892895
320031520
320125237
320278043
320562108
320692800
320698700
320736694
320785511
321182996
321318558
321520394
321896533
321979475
322060797
322142654
322190823
322213314
322439656
322516401
322581773
322617165
322727099
323001404
323099652
323767774
323916548
323972245
324088522
324275871
324486892
324543275
324567908
324688817
324758825
324809533
325126423
325250471
325433822
325478291
325481990
325488496
325589282
325800753
326393837
326502248
326609557
326779527
326890398
327180751
327346155
327386285
327542359
327728775
327996836
328053769
328097492
328204514
328276311
328291303
328529098
328615275
328624764
329205198
329608388
329836898
330187461
330376054
330511041
330620337
330773270
330811615
330894191
330932475
331449372
331576259
331670692
331695685
331948934
332055669
332410926
332609239
332751060
332823857
333400024
333455671
333520944
333830285
333863049
334114190
334358966
334414404
334669091
335202291
335452158
335822658
335829410
336120216
336124421
336452223
336529370
336616979
336636896
336993007
337365540
337414911
337478576
337651108
337913189
337953324
338535324
338780878
339037948
339352616
339354261
339882970
340206573
340300534
340647066
340794236
341192635
341216038
341249636
341456186
341461044
341552410
341581936
341709352
341841807
342017476
342025959
342054787
342069456
342071504
342195815
342282197
342517633
342806234
342971480
343535386
343546149
343744651
344162983
344181339
344240044
344325547
344855857
345087428
345102306
345338723
345536626
345696444
345711128
345724601
346018148
346100650
346124228
346170101
346179288
346188742
346495132
346894258
347022288
347158690
347500724
347509867
347620802
347713174
347734601
347741996
347744861
347851019
347943896
348052223
348097345
348108298
348175825
348568949
348677439
348768672
348798889
349036275
349070428
349166352
349176020
349392096
349544416
349549466
349579885
349994856
350060131
350081628
350202951
350230324
350369161
350469326
350492752
350658821
350817287
350887840
351028118
351126716
351406675
351687545
351771951
351782393
351899048
351974366
352710580
352806554
353000420
353066124
353071511
353278951
353291043
353403189
353409279
353594835
353608609
353654522
353691562
353773178
353941245
354212379
354438144
354633331
354897566
354967945
354973702
355162826
355361767
355493858
355542583
355732335
355999159
356668678
356714630
357044896
357098117
357178468
357213848
357543185
357704282
357732626
357765866
357939716
358462212
358586562
358634320
358722559
358741946
359067531
359224586
359308232
359410869
359782747
359871331
360346361
360346821
360437444
360488944
360566846
360579718
360872664
360928725
360988577
361274487
361316966
361355229
361723099
361891473
362159868
362170787
362261278
362288117
362361153
362395716
362576979
362727177
362875520
362976525
362992464
363125480
363288739
363354240
363395679
363672476
364076968
364177364
364221347
364530633
365213738
365366232
365472563
365516213
365601122
365999184
366030418
366133205
366156132
366353492
366501654
366707188
366751705
366796441
366871560
367114678
367156857
367252948
367354115
367771250
367830854
367925482
368018480
368617823
368623502
368901121
368916919
368960822
369133826
369194246
369378237
369472519
369704911
369752129
369817220
369953137
369954222
369984269
370026275
370235820
370237375
370281491
370663879
370673453
370685466
370766706
370855637
370930489
371503698
371533452
371823192
372034357
372088452
372203812
372309940
372365424
372371360
372416782
372462467
372566980
372829687
372942408
373031035
373199957
373500031
373656323
374163087
374219717
374245749
374323231
374354746
374449690
374467906
374616179
374627616
374636166
374644483
374742608
374997946
375120383
375127201
375130906
375253517
375526507
375537143
375637244
375654886
375865033
376017424
376119216
376151367
376201271
376283736
376634685
376755740
377183974
377236390
377314323
377392205
377401544
377690339
377717308
377879849
377997319
378213053
378228301
379093124
379435484
379444020
379551225
379570356
380031037
380219231
380384816
380531110
380568940
380655084
380682360
380839545
381053117
381353327
381417248
381571501
381610415
381644636
381737290
382011011
382312283
382323136
382327873
382489264
382536555
382584367
382631625
382699629
382723654
382791743
382799685
383003055
383448828
383587666
383609304
383682133
383786510
383805260
384418828
384608031
384801487
384997707
385148130
385392302
385459716
385556852
385838008
385993857
386106956
386109002
386622382
386645429
386733309
386924322
387140459
387283655
387430185
387537562
387713193
388019906
388020944
388234582
388277774
388389845
389179938
389299019
389389901
389906280
390066761
390623191
390979419
391311086
391340797
391424363
391496118
391504162
391595873
391716579
391819997
391825117
391882352
391891534
391963458
391964113
391993148
392014173
392049820
392156057
392480767
392483036
392538805
392684317
392711186
392768805
392977625
393236109
393496084
393834940
393908035
394063945
394193400
394216808
394448346
394745065
394796720
394845803
394901568
395023482
395205429
395211378
395268533
395965471
395992447
396171618
396421037
396597043
396602459
396620354
396947261
396994495
397063450
397436460
397525829
397842310
398116318
398162799
398238128
398312431
398478900
398691220
398729208
399016173
399020820
399035009
399783921
399873109
400025786
400238649
400341740
400621286
400654272
400874772
401023073
401236475
401368665
401478425
401846160
401990116
402077695
402168105
402207431
402779339
402918166
402921060
403064875
403151896
403208011
403326511
403467431
403710949
403937109
404314983
404369262
404685401
404798540
404897206
404971235
405018719
405059492
405197546
405364744
405401044
405401495
406407689
406444875
406476922
406514138
406569292
406577708
406634207
406746364
407189933
407452936
407534980
407559412
407568780
408156113
408378764
408383333
408421788
408445342
408507016
408730113
408784323
408833254
408944106
409024833
409138924
409282885
409340852
409567278
409670101
409837333
410018103
410108261
410116683
410194511
410230358
410445629
410511763
410609218
410662015
410749602
410878826
410897951
411045744
411067919
411401280
411803257
411831823
411880635
411928548
412248120
412314354
412393166
412469065
412493876
412532399
412659804
412724005
412784901
413062946
413131059
413358893
413588903
413724696
413796130
413817069
413833507
414199687
414316849
414420283
414427521
414777990
414797852
414893224
415086348
415317751
415405003
415465653
415700174
415865133
415873098
415906946
416056136
416157559
416235970
416242277
416357873
417117021
417188123
417281872
417626084
417784269
418037080
418294854
418322379
418322850
418385703
418768990
418845085
418850635
418883875
418885354
419058738
419204317
419244041
419345605
419406486
419415768
419976446
420392626
420419429
420589149
420819817
421056235
421088136
421389842
421404386
421480896
421735200
421850172
421970387
422070625
422073139
422255148
422550924
422704815
422819696
422893208
422942388
423011199
423174016
423324800
423540781
423908124
424122022
424152458
424209048
424374769
424375028
424642880
424714790
424726074
424981286
425002745
425008643
425190756
425393985
425453500
425457349
425524782
425580336
425599350
425738180
425745220
425788168
425792719
426006830
426126289
426150799
426397619
426590317
426609750
426650670
426695542
426727569
426987745
427086861
427171126
427177345
427270434
427314441
427354521
427373430
427656173
427672884
427724399
427756684
427977049
428044087
428442976
428784643
428893206
428927257
428951735
429275972
429408650
429436770
429535478
429746843
429838129
429976545
430046489
430209246
430282483
430305140
430331564
430341396
430449361
430519375
430524792
431247589
432047778
432119618
432229613
432305986
432323014
432369218
432862715
433281322
433322429
433539204
433555608
433748658
433774028
434326377
434421575
434645206
434712351
434998896
435007350
435045047
435484085
435710411
435785281
435836304
435983688
436437832
436639883
437005011
437043557
437422498
437531514
437779736
438045373
438202187
438346482
438461699
438492004
438502566
439093545
439393973
439802890
440024873
440027185
440180738
440271945
440389596
440398325
440794548
441011782
441016027
441037219
441137737
441192319
441415509
441651057
442088875
442260442
442617382
442724042
442741439
442758774
443184700
443249291
443286507
443439528
443761560
443811041
443996705
444160485
444161564
444238613
444245119
444251750
444285658
444356576
444449433
444480751
444913101
445004730
445325939
445687137
445742189
445925226
446047653
446066956
446296985
446373405
446449273
446505408
446606517
446814510
446818285
447117151
447268537
447557335
447810583
448083784
448323290
448472532
448575119
448665683
448778074
448889728
448892837
449049180
449713525
449731882
449819056
449912199
450019452
450105393
450524653
450584952
450664381
450697601
450849502
450930169
451105126
451370031
451381689
451389815
451474082
451539558
451629673
451799230
452320694
452484274
452503108
452928068
453086061
453330941
453468707
453493008
453507954
453517664
454074797
454456630
454497562
454502992
454572085
454638916
454972391
455452035
455788403
455826777
455827618
455866246
455982527
455983984
456013760
456106053
456114453
456166207
456444653
456635275
456809494
456835528
456919678
456968924
457043254
457472649
457792465
458042723
458081712
458306558
458418100
458506266
458723087
458793212
458919739
458935341
458951430
459052720
459175745
459500383
459534762
459833463
460042496
460491196
460645392
460681033
460882457
461200808
461218495
461245663
461247081
461369394
461452170
461663888
462224182
463031490
463077698
463116611
463450230
463519431
463530835
464143596
464157619
464283655
464559807
464622648
464676544
464691782
465151931
465259709
465544855
465814373
466075091
466279369
466427622
466483716
466690447
467049383
467425201
467480811
467514578
467848053
468402943
468521020
468557369
468810889
469040528
469128180
469216311
469286815
469338911
469882934
469939703
470089014
470136236
470186157
470296232
470444181
470767998
471072765
471568562
471905031
471979313
472125833
472437764
472447171
472722116
472929343
473379669
473465968
473665789
473878614
473899336
473954701
474069063
474161225
474319257
474724024
475324954
475378617
475551147
475703471
475923319
476036167
476309352
476389269
476562828
476737311
476999872
477014907
477116777
477377323
477377360
477409729
477417879
477669200
477741328
478031143
478051873
478160617
478228112
478258853
478264545
478280711
478615705
478641219
479015935
479313202
479852703
479870476
480079690
480201677
480235101
480548681
480866209
480894470
481060573
481145632
481210128
481250041
481278556
481380225
481389207
481639680
481657906
481668052
481740584
481752926
481777273
481779933
481960330
482077961
482412402
482544172
482991795
483228287
483398674
483545111
483705464
483723949
483849521
484009518
484028843
484576068
484661692
484837315
485132411
485462917
485479518
485668243
485897196
486074994
486248366
486273294
486315524
486333658
486895977
486934115
487257499
487570355
487747891
487750228
487888798
488123929
488324432
488789892
488855260
489101198
489237345
489259533
489512779
489663247
490389371
490429734
490613718
490792719
490872723
490957522
491050219
491188017
491391825
491607385
491700920
491768512
492385006
492441466
492472950
492642640
492750819
492857055
492917311
492918570
493142012
493379549
493706979
493912070
494269623
494281274
494364274
494381449
494489332
494611536
494742534
494839784
494885765
495213615
495307876
495433530
495545856
495568546
495600793
496360031
496532707
496579371
496763779
496774209
496984853
497258269
497266196
497298282
497386477
497397507
497546589
497874240
498105798
498236203
498330283
498398352
498520877
498546982
498628917
498664348
498860796
498908120
498919777
499106846
499438793
499770729
499785544
499913342
499974602
500134961
500381759
500635470
500746850
500810818
500857751
500915127
500925589
501072771
501426146
501531910
501566139
501633845
501634496
501804367
501842168
501928634
502045095
502058985
502366425
502424863
502569861
502730547
502768490
502932218
503010930
503406889
503590622
503624510
503738879
503878971
503993179
504186386
504201796
504295947
504464430
504476170
504522374
504655445
504663627
504698129
504975817
505078079
505184111
505710630
506056498
506453289
506457388
506644039
506696767
506800650
506884156
506981716
507101881
507421533
507501756
507516650
507750070
508063778
508089063
508589008
508840551
508996452
509046558
509107506
509357288
509427443
509653839
509684496
509704300
509803240
510403304
510609473
510893818
511247902
511313018
511359790
511484271
511543422
511931165
512044582
512316330
512349373
512380045
512687719
513136146
513206190
513335095
513377337
513439931
513444176
513740545
513897668
513916803
514172691
514262744
514362067
514397018
514516648
514581224
514622159
514762611
515084094
515227324
515333869
515391849
515505684
515538509
515546195
515668180
516166443
516291219
516537926
516603141
516763916
517049095
517067388
517123935
517227765
517255272
517450823
517511060
517531401
517689909
517939220
517949033
518187763
518295240
518316774
518492419
518657524
518873838
518893663
519040855
519175924
519314598
519403701
519476250
519520394
519581691
519861763
520060502
520069489
520422452
520713671
520915128
520941571
520955910
521008466
521716376
521759830
521878275
521931891
522746393
522848112
522927355
522954453
523105666
523166880
523205432
523370644
523601299
523696991
524197821
524403060
524782798
525307783
525727619
525929538
526125000
526265306
526346109
526598868
526682212
526843731
526941221
527051640
527103959
527151977
527171703
527208837
527219341
527465277
527756542
527776646
527852971
528039457
528259151
528451478
528739416
528878258
528946299
529241476
529401183
529447678
529466703
529636729
529804893
529905361
530019276
530038151
530199550
530469517
530577490
530787316
530951379
531182672
531354122
531797693
531810848
531828712
532214047
532619867
532659021
532814879
533009444
533065487
533124729
533225035
533264588
533429909
533477575
533589677
533679702
534221245
534230903
534240221
534511292
534738079
534822377
534840989
534976545
535109406
535118133
535212243
535319606
535440361
535535511
535818886
535890068
536001741
536145873
536257388
536306028
536579857
536615029
536699402
536741204
536804265
536814918
536871814
537233570
537442109
537519640
537597611
537673995
537863112
537926100
538088607
538161536
538242614
538581986
538906286
538970827
539228254
539393898
539617636
539712328
539749832
539769294
539771593
539780174
539808122
540078386
540140770
540271132
540320322
540469068
540731435
540804640
540867180
541142661
541264281
541680567
541785543
542207111
543029177
543042303
543046228
543438160
543463367
543570468
543830863
544026043
544099454
544279549
544293502
544588141
544631668
544807877
544971170
545027199
545049634
545054971
545159538
545253535
545511574
545581010
545870599
546000730
546184278
546475757
546584886
546784619
546795467
546798625
546826381
546860387
546921044
547016777
547038113
547098590
547178481
547193869
547359342
547495524
547543511
547563077
547795352
548413523
548489973
548821230
548925957
548975909
549036042
549046298
549106724
549786002
549862527
549870804
550083942
550109470
550110336
550217880
550328975
550348860
550359043
550519502
550629588
550700807
550751801
550762515
550895659
550939290
550958523
551156422
551321587
551368637
551418252
551545015
551725251
552118167
552461577
552511800
552688833
552911784
552970956
552993142
553114708
553275116
553357497
553708008
553755649
553857089
553863871
553951256
554092395
554141827
554366566
554517024
554521434
554572447
554744924
554814078
555412502
555512272
556048214
556472334
556984664
557059893
557179885
557513185
557528742
557736884
557786615
557997952
558052438
558065907
558375172
558375476
558693840
558730451
559075623
559141113
559215673
559438093
559457122
559733785
559779238
559813196
559921399
560025689
560121576
560645470
560793684
561613370
561665603
561670920
561772931
561878132
561995678
562014773
562039583
562075782
562173347
562312151
562470176
562516931
562590486
562918494
563135532
563264753
563620046
563627181
563643232
563814278
563947229
564180373
564250290
565006932
565056258
565140266
565149657
565892971
565997914
566176459
566386891
566828248
567046939
567221323
567254516
567602014
567630529
567781788
567788624
567865921
568346461
568425716
568649420
568783187
568843905
568896373
569080326
569190289
569974355
570086575
570164015
570485968
570773675
570912339
571072615
571081827
571291935
571386158
571513023
571902667
572010220
572026773
572398390
572424771
572481239
572577942
572758779
573005274
573053932
573182897
573278842
573370666
573379851
573469221
573560744
573576186
573596494
573731248
573903294
574079772
574104744
574204602
574432212
574434103
574505052
574627440
574743881
574779215
574947568
575060786
575145030
575194198
575314848
575657583
576100043
576166559
576275684
576324643
576370910
576702624
576796918
576865084
577139043
577252870
577471960
577674943
577853109
577911003
578116450
578144255
578705214
578864466
579440719
579482463
579544175
580035613
580094106
580487911
580541784
580805406
580828107
580962669
581194312
581305433
581308960
581581518
581720134
581732763
581763947
582413117
582415333
582608034
582747610
582940292
583080267
583146894
583267849
583292926
583690198
583914499
584138958
584148889
584189664
584343415
584362041
584623459
584827969
584870301
584909063
585426693
585442952
585532099
586047675
586228639
586237907
586334365
586446883
586555334
586572810
586855949
586913898
587058254
587077254
587124579
587159634
587230095
587280009
587332208
587428494
587566716
587723562
587862413
587890270
587913726
588203373
588213896
588334886
588500069
588589628
588607679
588903255
588966532
589091311
589527323
589685728
589725234
589747223
589938432
589976237
589978536
590350818
590757788
591187550
591588597
591603991
591755988
591820621
592012837
592021156
592205133
592557335
592751703
592952448
593064054
593076042
593360236
593404162
593429657
593807415
594066173
594209330
594305970
594476984
594573572
594668813
594692111
594816765
594840681
594842698
594900465
594981085
595002638
595271792
595335686
595395899
595645209
595654499
595700731
595712693
595779855
596071297
596163668
596170367
596192958
596242076
596474101
596644870
596825647
596842556
596864291
596947881
597040645
597064621
597178413
597224600
597563385
597693129
597791751
598231956
598236682
598441125
598595164
598715421
598757204
598772321
598783854
598990674
599366133
599442069
599451555
599768720
600144509
600524636
600611633
600909024
601148471
601164265
601445807
601457930
601472660
601699887
601906227
602157853
602280006
602302274
602342851
602396229
602571944
602669583
602671829
602747277
602753211
602800221
602934290
602937970
603030814
603163368
603231741
603519843
603525198
603546800
603626900
603645457
603843615
603932388
604045737
604288472
604341092
604582350
604770329
604822419
604938617
605127628
605210371
605254228
605339103
605556549
605557603
605640520
605961157
605968329
606001802
606118911
606225064
606308544
606354533
606396767
606424648
606496671
606512468
606553340
606797136
607021719
607227136
607342570
607362991
607434997
607558758
607809101
607834080
607993966
608063543
608071437
608302622
608720025
608751396
609024906
609197209
609819565
609890728
609891150
609904627
609964793
610596033
611047611
611218645
611497920
611549988
612032149
612110824
612155297
612179698
612279915
612398376
612594894
612637732
612724776
612855867
612895758
613000984
613106477
613305799
613319128
613827076
613872439
613892004
614273021
614687135
614820389
614851989
614859338
614958733
615079924
615380995
615566397
615633949
615650675
615780813
616047852
616125571
616229723
616272336
616409761
616730885
617091896
617204586
617211609
617224719
617347194
617452742
617568853
617977257
618122982
618524828
618809308
618959299
619285336
619372073
619442390
619443142
619448949
619667494
620105386
620327110
620442638
620458577
620767748
620994823
621075333
621103725
621151559
621208083
621247555
621419759
621491986
621657094
621658517
621719688
622108513
622226308
622499455
622920920
622976570
622996441
623006404
623020626
623329718
623598125
623644728
624061672
624235955
624523548
624604961
624821138
624919353
624972446
625210279
625414362
625474537
625915713
626149328
626252301
626613220
626618352
626625470
626653607
627006336
627175315
627176655
627332541
627636610
627734005
627799273
627833292
628049324
628087474
628342705
628494300
628507116
628897398
629209423
629286002
629402367
629469573
629495080
629508908
629841019
629961714
629976047
630025102
630061305
630080030
630156456
630445421
630584123
630845628
630899900
630921811
631048740
631163641
631218287
631278947
631710233
631942989
632074921
632137196
632221864
632675037
632690608
632740455
632857806
633060256
633186955
633294141
633348572
633551018
633808138
633814909
633815858
633882707
634079149
634475226
634741345
634974157
634998846
635028741
635232523
635284168
635683960
635918757
635934105
635948239
636041427
636299775
636342533
636373393
636912500
636958520
637075746
637087455
637138739
637194434
637251184
637330075
637388105
637452844
637525290
637843506
638018558
638089784
638110515
638263401
638360222
638427476
638678296
638750699
638922761
638929802
638952196
639047411
639064519
639096415
639405983
639490682
639551884
639562359
640008796
640625559
640882926
640977026
641006460
641080003
641141503
641393802
641447421
641476129
641506492
641615497
642036318
642066450
642084725
642268255
642820016
643028818
643572212
643691117
643987296
644133636
644206198
644830984
644851656
644952283
645048085
645091236
645434519
645539953
645550131
645580770
645617296
645621643
645625568
645643303
645765744
645804907
645836253
646039630
646196224
646225400
646515738
646696762
646727312
646731224
646740420
647121354
647349286
647439717
647445154
647498747
647570196
647572565
648083826
648143336
648291460
649014020
649779652
649931250
649940374
649976041
650114517
650491959
650573008
650607447
650650261
651280448
651323674
651410535
651594997
651790429
651869972
651886664
652361103
652544388
652640294
652713341
652926587
653162803
653347324
653365719
653782328
653911484
654318631
654473455
654606117
654614186
654757237
654838960
654967525
654985078
655004790
655359231
655515673
655582680
655807250
655981989
656503813
656992719
657024064
657142496
657167855
657268103
657324811
657465191
657488605
657492302
657535885
657586916
657603377
657892390
658049875
658129420
658147341
658201225
658451433
658487575
658631156
658823786
658886865
659486490
659519472
659657253
660108110
660423686
660442607
660564954
660756888
660811377
661063973
661190927
661665163
661738561
662106228
662339950
662350103
662440536
662501628
662574207
662725770
662844325
662871946
662967659
663040821
663116756
663229322
663513970
663681485
664327977
664545790
664567753
664691516
665037893
665506453
665526547
665531629
665572010
665648651
666011312
666145261
666244091
666270088
666516254
666633338
666644898
666707841
666783774
667132866
667447412
667641926
667683474
667700206
667851907
668264286
668391192
668735340
668938984
668954964
668991497
669093930
669255246
669500924
669655537
669816976
669883269
669972808
670106223
670509940
670590294
670675163
671209643
671285138
671368173
671378417
671650872
672040220
672245769
672403898
672451118
672530035
672657418
672803142
672814805
673082564
673219038
673258373
673331875
673378923
673429479
673582113
673618008
673708455
673769763
674018422
674033678
674136531
674421344
674429807
674435923
674481112
674570177
674858188
674996306
675038102
675079830
675608701
675895376
676485501
676763570
677051640
677181886
677204008
677342117
677344029
677418185
677489819
677853341
678666288
678683499
678996510
679395187
679472924
679491965
679603391
679732927
679794574
679873465
680104766
680342813
680475953
680601688
680619773
680797682
681160670
681341880
681484532
681909316
681938346
682125506
682177162
682195729
682243982
682353325
682467402
682641595
682716917
682750353
683006005
683039743
683503870
683505899
683529601
683568040
683720947
684141933
684241425
684344595
684365519
684392010
684457513
684533447
684678400
684790331
684894326
685044395
685060705
685425383
685714804
685719632
685749445
685912939
686033686
686248628
686510480
687811679
687976861
688005563
688098006
688102606
688154172
688353841
688545203
688691612
688794032
688974224
689105705
689131139
689193317
689543945
689565654
689580083
689760130
689847569
690374863
690426676
690620080
690795077
690831536
690878804
690915841
691020197
691236977
691396739
691445359
691512111
691575519
691760987
691866208
691943256
691960074
691965119
692466805
692579441
692648966
692752933
692806703
692921851
692941502
693690643
693760057
693896993
693906790
693979954
694195657
694502731
694689534
694692924
694758420
695080031
695219299
695409436
695435538
695548201
695713148
695991060
696108853
696308129
696323400
696354123
696621466
696622203
696720314
696834444
696893916
697159683
697466368
697606770
697611270
697742627
697983783
697985615
697986953
698161229
698409374
698837928
698867130
699044133
699374519
699492762
699773249
699783036
700155678
700490531
700772740
700924372
701263873
701334712
701423946
701732845
702077309
702108596
702210809
702428476
702641579
702674203
702709826
702718813
702753290
702774038
702834640
702972299
703013108
703523373
703584108
703662068
703704303
703875276
703892604
704471790
704571832
704672195
705502882
705611804
705643504
705835606
705927389
705967484
706241553
706304215
706384863
706518005
706718902
706860487
707030351
707058483
707359399
707398482
707638427
707800627
708422017
708498573
708764689
709003672
709270433
709377532
709614151
709614596
709712361
709915556
710349727
710416152
710426006
710635281
710719108
710774456
710959941
711027783
711027933
711063386
711151790
711224120
711907552
711942546
712235027
712273369
712372182
712622184
712634614
712642036
712818461
713010161
713070223
713174571
713181392
713317382
713352612
713575490
713604754
713629367
713729267
713763455
713785032
713815532
713859521
713870817
713967941
714066439
714279077
714441664
714484250
714598633
714646812
714804394
715086365
715413183
715504918
715607038
715661015
715737442
716048687
716775068
716783294
716843131
716902070
717270388
717280257
717312194
717428887
717504689
717813906
718025679
718272226
718538971
718565496
718609882
718610831
718829322
718902890
718936299
718968400
718973058
719085733
719233777
719324224
719616352
719697412
719766968
719767698
720220441
720266961
720376015
720402217
720409551
720509161
720587840
720642789
720712607
720713906
720783354
720970950
721261041
721551964
721720715
721732648
721865116
721905173
721917971
721993186
722027260
722201487
722228865
722312533
722314430
722546487
722795146
722850745
722853426
722859539
722957503
723022139
723357840
723483061
723599563
723737852
723747655
723994304
724272658
724474596
724536440
724704902
724940138
725126152
725432172
725526742
725670902
725725561
725729768
725782560
725882503
726419044
726457243
726463831
726466457
726587390
726655500
727021874
727240050
727245124
727256592
727499390
727619574
728039172
728350662
728373511
728433700
728677632
729067835
729205703
729328992
729392025
729784441
730013945
730019959
730267579
730542260
730557034
731104958
731126763
731145108
731209652
731421742
731467493
731572350
731835471
731910302
732038482
732127929
732195780
732196370
732342273
732476590
732695548
732771438
732883272
733389753
733481408
733501363
733553757
733934441
733940570
733968036
734396897
734607352
734916431
735094980
735338836
735643897
735898762
736250294
736536139
736848347
737122900
737243801
737462228
737489795
737721976
737798683
737969157
737994262
738086208
738271381
738357787
738508795
738655864
738789022
738810572
738824020
739175851
739758292
740074568
740142334
740516675
740564888
740657671
740755379
740856014
740930585
741126927
741157661
741402819
741485313
741578823
741612345
741890050
742107224
742117631
742304879
742312730
742313255
742328672
742361979
742466179
742616847
742744988
742790847
742857590
742964618
743040370
743294289
743719506
743728083
743833188
743948113
744055658
744117023
744807987
744883420
744926241
745016082
745021247
745493011
745509454
745552877
745589294
745622995
745669004
745684442
745875966
746234296
746276482
746396218
746548204
746876702
746885825
747021619
747291090
747568158
747805372
747928376
748001151
748128920
748202318
748594905
748628247
748631054
748679349
748996300
749032146
749127371
749449938
749712931
749929170
750093973
750121421
750240450
750324936
750423515
750453844
750571465
750946712
750987854
750999274
751153422
751161623
751359662
751493198
751745644
751756335
751801016
751848166
751857986
751887672
751909047
751975194
752097726
752219506
752240857
752404640
752411174
752458187
752491507
752516927
752884737
752895631
752950637
753245795
753284957
753305135
753320705
753481339
753659089
753880096
753969641
754057894
754537755
754548626
754713122
754759485
754836794
754857921
754921819
755091713
755119266
755145129
755513873
755641176
755654605
755754077
755812609
755891930
756035846
756277505
756588594
756680524
756681307
756934630
757628214
757874764
757907885
757939235
758076943
758237917
758267176
758342546
758349247
758416590
758425380
758473712
758526591
758569793
758839319
758985554
759108932
759350890
759450510
759831488
760329759
760356876
760410369
760861516
760878942
760895737
760976100
761006693
761086252
761290109
761444171
761783561
761997567
762233201
762319964
762347034
762939497
763028558
763172427
763187248
763200429
763212978
763449511
763455138
764137611
764141539
764387238
764410970
764468426
764586942
764680660
765100651
765107803
765296668
765580995
765832443
765843419
765857119
765883350
766033223
766219635
766478878
766635651
766939935
767864226
767941029
768336570
768601649
768755529
768761729
768819525
769038779
769120858
769391590
769576972
769758277
769907441
769918829
769922018
769962731
770114059
770177952
770180064
770180180
770351574
770414478
770565949
770889667
771066092
771168310
771222415
771591952
771912570
772230975
772584091
772623214
772632822
772679922
772727725
773687345
773745121
773751978
773773660
773820294
773944180
773950849
774072310
774429335
774502999
774558590
774577236
774875404
775069117
775078865
775199143
775490896
775582964
775735194
775917858
776042037
776399899
776414151
776427781
776450853
776551975
776978645
777280542
777362131
777590540
778039265
778082158
778286684
778447179
778466831
778576567
778624312
778884600
779097567
779331049
779351282
779406936
779422241
779741540
779896361
780663339
780680549
780736866
780777208
780829024
780869032
780937240
780951663
781331850
781690472
781809884
781879644
781982203
782013662
782055186
782335404
782421862
782429572
782447270
782455302
782664570
782853068
782866487
782976154
783275773
783469337
783742547
783934063
784196004
784240106
784432770
784500119
784668861
784684810
784739847
784899910
784951904
785251721
785394742
785551012
785640742
785767862
785777736
785975035
786202821
786244369
786307160
786355246
786420811
786511492
786600665
786670649
786756603
786953929
787165980
787186300
787288863
787730709
787875040
787961281
788402148
788604754
788657872
788766183
788863209
789167086
789287348
789318793
789455546
789531791
789539823
789654351
790068243
790331776
790467054
790599709
790602645
790913547
791028755
791168615
791278823
791345592
791766587
791999890
792134702
792241980
792577420
792905839
793850669
793862595
793946265
794065847
794486661
794586718
794651682
794794091
794797826
794933586
794998805
795024323
795158888
795278732
795302835
795365715
795659124
795700309
795869155
795890947
796343748
796443966
796497120
796562197
796566342
796654318
796722228
796763068
796781530
796937494
797021684
797333980
797727142
797953523
798208067
798291749
798315179
798376066
798442038
798444769
798449779
798623498
798692223
798886599
799213482
799282484
799654512
799843497
799943769
799995257
800350090
800479101
800516841
800652700
800701833
800895302
800982199
801006086
801107887
801486502
801555139
801602261
801691524
802183400
802296317
802373605
802622511
802794496
802960324
802997293
803218551
803226963
803397554
803704593
803770274
803841233
804293183
804348547
804982243
805131501
805179534
805265869
805369332
805432554
805636722
805957636
807088627
807262594
807382312
807520495
807635597
807695926
807749188
807806512
808663295
808701202
808744900
808854872
809223757
809385144
809508441
809601724
809608923
809660603
809790636
810293480
810525975
810647286
810861017
811131852
811281887
811410622
811475381
811507799
811564945
812110430
812498639
812612063
812653698
812791648
812985522
813098221
813109829
813124056
813346980
813588072
814000564
814359451
814867185
815042047
815067687
815222820
815259485
815441375
815555682
815556070
815601423
815975864
816341699
816512201
816756754
816798588
817048101
817103668
817226799
817282213
817341789
817435647
817512366
817734760
817796516
817958592
817978544
818631670
818730578
818762723
818777274
819063013
819266772
819311892
819388299
819620471
819716626
819895501
819968991
820007113
820130896
820737436
820888711
820919595
820965041
821189567
821360317
821405346
821776166
822262480
822303466
822442612
822460925
822510040
822845078
822850107
823081236
823174019
823204976
823284507
823304378
823625214
823639798
823641970
823661225
823889172
823931387
824290292
824375530
824581981
824785264
824886486
825010913
825265048
825549506
825863665
826239737
826249389
826355653
826439225
826478287
826709629
826766984
827018040
827056064
827057604
827371379
827757732
827988696
827995459
828219390
828666757
828820329
828879057
828885613
829067917
829088009
829229037
829487386
829530967
829571433
829585379
830065214
830260596
830577996
830935475
831124933
831225791
831437169
831518819
831600146
831853638
831925585
832130316
832326253
832327705
832369399
832492327
832614829
832782872
832830548
832973889
833182523
833238445
833362643
833518019
833609504
833680319
833726191
833799185
833827666
834051650
834244583
834639705
834669152
834885157
835037745
835150378
835300413
835479060
835704858
835768571
835813415
836389330
836426718
836973331
836997994
837165996
837296528
837326886
837360487
837389203
837455062
837551718
837821181
838188751
838419709
838432565
838539716
838547410
838565136
838567421
838613329
838730413
838911716
838942827
838957742
839246264
839543403
839919669
840054612
840055257
840076393
840250628
840521959
840713012
840729229
840845163
841016365
841078307
841193198
841223347
841340200
841426427
842161322
842591796
842949158
842954466
843071367
843174662
843566434
844033990
844372578
844393470
844789931
844853777
844861329
844893077
845110556
845506586
845563469
845642662
845784121
845987190
846113825
846524565
846618063
846619447
846620283
846951489
846955996
847217519
847218789
847284490
847323739
847567854
847761100
847825567
847950323
848218307
848286114
848310353
848462184
848683835
848698918
848749559
848752471
848779283
848942815
848998688
849126500
849219359
849250782
849951849
850012994
850270865
850641822
850765549
850826143
850885762
850896567
851084719
851120241
851535233
851699574
851843225
852025341
852268070
852383673
852580389
852646539
852663921
852704338
852873371
852904915
853016315
853188264
853203716
853236698
853261855
853286342
853338983
853511812
853561224
853604737
853614778
853758200
853899563
853987722
854059036
854544324
854568551
854621407
854649384
854709026
854998448
855046560
855258050
855326206
855485736
855512274
855866794
856003759
856246908
856252826
856276832
856293283
856351823
856382014
856437287
856458571
856764846
857049650
857239089
857250414
857386815
857884079
857921799
858005848
858315500
858555460
858623576
858730317
859046912
859086779
859120742
859220064
859222629
859323113
859333899
859353906
859456843
859466638
859487927
859551259
859914428
860048842
860158301
860362171
860564216
860639351
860655345
860658728
860709050
861169573
861413481
861903653
861963116
862089765
862389767
862449295
862465267
862865899
862945585
862962056
863060212
863067540
863475472
863500220
863701866
863753378
863802013
863867616
864108121
864114824
864215480
864276165
864725592
864735346
864857716
864907496
864980317
865067018
865173779
865250939
865333887
865672998
866042493
866354409
866460379
866832752
867052870
867324999
867384757
867409766
867432548
867595546
868055089
868315710
868692006
868756213
868945213
869780524
869783776
869880667
869899857
869905984
870037066
870096731
870297559
870798959
870800158
871636222
871815222
872192516
872285866
872341963
872669150
872819737
872926248
873184473
873458994
873941861
873963757
873980890
874179217
874221873
874251626
874569652
874925059
875020911
875336710
875591439
875749934
876144118
876195324
876424997
876596691
876637960
876702631
876860315
876894882
876932664
877350355
877559025
877672071
877807174
877922221
877925212
878241873
878402869
878410107
878419505
878512923
878527141
878572288
878721178
878829733
879066205
879399534
879536906
879575378
879617821
879754257
879828365
880037666
880178476
880246444
880571862
880687286
880981526
881213097
881801965
882354704
882511630
882693640
882817366
882884782
882934794
883161004
883316506
883460311
883607602
884132155
884252752
884276590
884512420
884568797
884818004
884961825
885274558
885361459
885598784
885881026
885993693
886029561
886196661
886305885
886330866
886368248
886472676
886525505
886777898
886869993
886919160
887265766
887559233
887722182
887892931
888140692
888712285
888810451
888850540
889056508
889111032
889302086
889317583
889361481
889774842
889922345
889990516
890075880
890234486
890357521
890416065
890597170
890696309
890820401
890989616
891266437
891280649
891321836
891347771
891737116
891845859
891911088
892020463
892354243
892411376
892504520
892689186
893171611
893212833
893546914
893725311
893809695
893836174
894258109
894657783
894658431
895083320
895233992
895267610
895270861
895385214
895925667
895982305
896133240
896378288
896535160
896564020
896677541
896900096
896961498
897002057
897238616
897343255
897511639
897560824
897593213
897920249
897953115
897975359
898164161
898630289
898639085
898750384
898782415
899101134
899147341
899194368
899297467
899369347
899409533
899799932
900060889
900091811
900581075
900868692
900900754
900927603
900951297
901001029
901056602
901089938
901130564
901509482
901645669
901723583
901817374
901856387
901919208
901958700
902067559
902234834
902647183
902703832
902780559
902850349
902941929
902948562
903015506
903046054
903167634
903506069
903634077
903730884
904049330
904140947
904143950
904202850
904314088
904393136
904409558
904460147
904460355
904578518
904650713
904762513
904975759
904994744
905304622
905342114
905408766
905627464
906082113
906263720
906528362
906638323
906678063
906725292
906847077
907255494
907369969
907410857
907464973
907549863
907888853
908066936
908213623
908386211
908566400
908585802
909089779
909181988
909311565
909561312
909785546
909792788
910010700
910304050
910387516
910490949
910848371
910874890
910952690
910962457
911064986
911266522
911957871
911982629
912105811
912201884
912858935
912917455
912994243
913269380
913310900
913490645
913621975
913649913
913661608
913732446
913733030
913844540
914049326
914101647
914109655
914173055
914292056
914758244
914988639
915382947
915436421
915453501
915989966
916007683
916385595
916401874
916557322
916812819
917071245
917279010
917283566
917294645
917332298
917777401
918032379
918119922
918198606
918261933
918328072
918357606
918504595
918824951
919096582
919116832
919207797
919217290
919497520
919992416
920366227
920622124
920688984
920985571
921044682
921051200
921135299
921209435
921466455
921489467
921560614
921707535
921719222
921929530
921980523
922295804
922560352
922715885
923148665
923506337
923622696
923657218
923829631
924119044
924130528
924365973
924828798
924957772
925229016
925313529
925457106
925561563
925835944
925891566
926363073
926369765
926423877
926748289
926903131
927357354
927361816
927506844
927594077
927844343
927943209
928016014
928213714
