200
-4716 -9287
7142 5572
3044 3927
-1431 994
3238 7331
-9036 2533
1686 68
-5032 9123
6460 215
-3909 -541
7437 5759
-9419 -1332
-1888 -6418
-1365 9961
-9633 8439
-4541 4237
722 -5600
108 41
-6018 -8678
9175 4200
-7620 6633
-2476 -5263
-6216 -3891
-6230 549
5085 3409
-5466 3218
9674 -635
8614 -9045
8895 -4378
6089 6516
-8057 -6663
6471 2177
-2768 -282
-7087 -8164
-9717 -5474
5740 -4034
-6508 -7801
3581 -2004
-3786 -3578
-4900 7669
-7206 2614
8144 -844
204 -1850
-1937 -6033
6655 -232
-2789 3313
-6511 -7650
3965 160
-4154 -7685
-7056 -6958
-685 5987
9317 -6949
9479 -2906
-2587 4163
966 6560
3167 -5024
4224 -8953
-9544 4783
4702 -507
-6897 -6617
7747 -6551
-9897 8881
-9649 -6480
1300 -5900
8372 3608
819 2097
6937 -8012
-9184 -8496
-9830 3130
2635 775
5652 3476
8372 -7521
5006 -4401
5326 -8596
-196 5135
-8049 -226
-9032 2814
-196 -9802
-6272 -6612
2069 4965
7523 1277
7155 -5010
-6930 -4426
5401 -6256
-2471 -8598
-6106 -3135
9389 3604
6239 2730
-183 5836
-1076 -2879
8389 -5070
8847 -7122
-2614 3963
3194 9764
3128 -1176
-9626 -6389
-5871 -9278
-4407 3011
-53 2081
163 -2004
-7068 6017
-6945 -2858
8857 8842
275 9850
-9364 7554
933 3240
3749 -6999
-6893 5391
-5574 -273
-1931 8646
-1113 -8005
8222 -9063
2238 -5856
-2522 -9176
8729 -8121
-8441 9411
-1275 367
2595 -2765
8803 8474
2803 5454
9319 -1587
-4101 2421
3889 -2702
5580 -6848
1950 6387
68 -239
1571 -4480
-8948 0
7958 4741
1693 -3541
3970 -9126
-2159 2659
2893 6318
7148 -1209
2953 1760
-717 1594
-217 -6628
375 -6203
-5351 3805
7623 8688
6567 -7457
-3200 7684
-9891 4749
-1874 -9570
-6308 2025
-7380 7516
8256 8687
8117 4617
6510 8086
-6600 -6897
8155 -5020
-8148 -7902
-9413 5866
-6831 -3033
8362 2344
-4217 2132
1351 2889
7082 7749
8480 -1280
1034 -1818
-4495 1204
-2504 730
-581 -8767
-162 9733
-6472 -2726
-5431 1719
2415 7247
-6287 3134
2292 -5497
-7919 -1929
6732 731
-4601 6565
-7063 5912
-7533 -3800
161 -4355
2919 -3208
8443 -2249
3465 3330
1238 -1125
-8096 -7026
-9086 9679
-3217 5500
-5965 9779
102 6952
-638 -2944
1335 3049
-4529 -8785
-4740 477
1609 3524
2980 -2066
-6754 7672
7801 -6934
1406 94
1077 743
4954 7018
8688 -704
-1604 7910
-4267 -5883
-92 6283
-4275 6464
200
3128 -9144
-8711 7900
-3726 -9643
8188 9067
-2033 7528
7330 -5888
4327 -2937
-8729 -7694
-1317 -9322
276 -9371
6242 -6578
6245 -918
-8432 6572
-9509 7157
-9540 -3333
-1124 1123
4854 -9390
-1015 2667
-2067 7885
5368 -7316
-6174 3436
-36 9590
-3173 8364
7642 3139
-4811 7343
-5675 -5723
-9488 -3815
-1565 9736
-8589 9114
-1021 -5011
6017 -9324
7076 -9364
-2105 3358
-6791 8417
-6902 9373
2856 -8799
-1471 -9261
2015 6857
-3357 4447
-1384 118
-2137 5067
1993 7226
-6896 1098
-231 3828
1853 -8329
4878 3132
9452 361
-6457 2509
-2299 7454
4737 -7922
-6843 -3040
2100 -8450
2870 6323
-4303 -6969
-7245 238
-6012 7416
-1711 4100
-5122 4199
1736 -6886
-6849 4137
-9745 7062
-3814 7487
2614 -1673
70 -3849
-9141 665
5408 -2899
-5013 -4765
-1215 -4059
8359 -8084
-3648 -8302
9446 8508
4095 4415
9770 6902
8262 -1324
6448 -5739
2360 -5932
3480 965
7903 -7477
-2742 7488
-8139 -6308
2395 7871
-2506 -259
-6720 -5135
-4195 -9386
-3401 -1952
9900 -9844
-9697 -9884
-9957 3804
-6607 -2859
-3061 -6405
-905 9513
-6088 -1134
-9428 -9191
-4501 -917
4325 -4451
6402 -2820
-2748 -1454
6996 -9232
-7483 -3982
-7588 8451
5427 6014
5319 6910
1288 -2394
-3 1443
2765 -3663
-5660 4780
6256 1139
8214 -6588
366 3771
6685 1980
-1158 -5078
1438 3100
5547 -9620
1404 1317
7080 7102
3909 -7445
2211 5604
-6606 -6326
-824 4079
-8116 2547
4387 -1704
1368 -842
9719 -8347
2128 -7755
3927 -9060
-8985 -8176
9538 5660
-1030 7734
-3512 7203
5572 -224
-2493 -8370
-8138 4881
6446 -3627
-4224 7636
2461 -1307
2780 -6822
3816 479
2076 9466
940 3501
4057 -7631
4091 6610
4656 -4433
7955 -9270
-5417 -1740
-8987 4981
-5053 4851
-3544 8806
2718 -6732
-2398 -6361
-7577 1581
-4841 692
-159 -4492
1861 -4790
-3087 -3444
-2621 -2281
6371 -3583
5114 -6953
8296 -3951
-6740 -6427
-1973 -1286
-6661 1510
-3413 -7780
8781 -2081
-9861 2125
3359 7519
-6445 7395
9901 -1506
4860 -331
-6896 7014
253 -8576
-3267 -4348
-4206 -2620
2535 1257
9837 -3758
-9747 -9530
-6395 2948
7176 696
-3195 6366
-1350 7176
8844 -2272
7829 -4436
5216 5893
-2064 6757
7925 8636
-1267 5202
2354 -7471
-2092 2145
-3985 5380
5004 -1399
-575 230
1731 -8164
292 9549
9003 -7832
-9507 7826
-7365 -8037
6758 906
1229 2117
-7782 -9719
8315 8667
5827 220
0
