625
96 74
15 33
12 99
53 75
59 103
49 101
87 0
78 68
11 69
25 89
28 1
63 114
35 17
16 114
58 4
77 55
76 68
55 0
52 55
47 36
68 65
25 44
65 102
91 0
95 22
7 21
69 75
73 85
25 7
90 101
58 89
95 86
46 3
71 59
10 0
21 0
63 111
83 66
85 27
88 113
91 0
24 82
62 111
46 108
22 64
78 96
65 85
74 40
85 52
53 92
2 90
73 98
11 46
4 41
97 63
63 91
85 64
5 50
27 9
12 71
69 27
44 53
83 37
15 38
42 45
12 107
1 53
1 9
12 91
6 70
12 81
24 25
85 75
7 2
80 114
93 0
26 0
52 112
47 112
58 44
87 65
19 43
23 24
69 11
4 44
61 34
62 28
98 0
50 74
65 0
85 0
32 0
26 0
80 85
45 108
46 33
30 78
64 0
33 93
30 57
41 0
50 0
5 106
92 4
89 101
21 33
60 21
10 15
82 111
73 1
48 57
83 114
85 60
25 51
14 20
66 99
87 47
92 85
86 33
61 87
94 6
58 85
65 34
12 48
39 57
2 0
36 42
33 112
19 0
31 23
49 0
39 50
67 105
66 72
90 0
37 84
12 88
44 0
25 0
61 53
52 29
87 90
36 21
36 18
64 0
53 60
62 116
73 104
83 32
29 33
2 96
94 55
2 0
49 91
39 77
68 108
98 37
25 13
37 112
32 113
32 10
37 0
81 44
39 0
21 62
94 9
4 74
27 0
24 100
90 60
12 33
56 21
59 53
76 0
28 36
73 9
58 78
65 13
19 69
75 0
23 21
34 103
79 13
71 90
47 47
14 23
63 0
51 0
45 44
14 78
17 39
4 79
40 23
39 110
87 36
8 66
58 84
66 0
94 92
36 114
60 78
69 85
50 99
3 104
15 0
94 0
42 59
23 96
85 0
32 75
33 103
68 98
9 0
74 0
21 111
91 30
86 92
70 0
26 39
52 99
51 69
51 95
43 42
20 59
7 31
34 91
21 52
82 114
88 23
39 39
11 25
43 0
34 5
47 106
29 0
44 60
63 0
96 18
55 11
35 54
4 19
60 120
20 69
13 59
81 80
57 0
20 0
99 84
3 0
53 49
61 0
74 28
27 64
35 55
17 110
44 119
67 2
77 22
56 114
6 0
81 26
38 24
88 119
63 82
91 1
52 0
33 34
25 107
66 57
86 39
71 25
93 96
49 6
90 88
3 71
77 31
74 0
79 0
3 37
49 86
44 83
92 58
62 49
92 120
44 0
8 96
75 84
50 77
5 97
24 117
24 85
54 54
25 33
54 0
84 0
80 56
65 62
49 78
70 86
26 69
3 67
60 23
63 76
61 62
43 6
98 0
71 0
78 79
52 77
65 35
72 55
1 0
25 28
55 91
15 41
43 0
68 98
1 61
89 75
43 77
73 62
17 43
5 19
30 0
7 23
47 0
5 0
5 49
92 105
2 0
69 95
32 3
51 35
15 113
29 0
81 74
53 33
42 23
79 13
58 20
99 0
83 97
81 91
95 0
39 45
98 84
39 1
72 24
52 23
70 3
18 0
31 100
65 34
50 2
92 16
54 67
83 82
47 31
29 2
84 32
19 0
86 44
16 0
31 0
25 0
71 32
78 37
33 0
3 4
31 115
79 0
24 98
6 0
59 33
2 21
83 92
28 51
30 41
35 80
47 16
50 100
73 13
81 115
71 10
55 91
43 0
39 0
2 0
1 17
2 52
57 15
46 75
51 101
51 58
66 0
17 54
24 0
61 23
79 120
18 0
87 13
27 40
1 18
32 72
45 68
44 69
93 46
81 22
88 21
79 48
24 100
15 118
53 117
34 63
43 50
4 40
32 77
11 106
89 53
76 44
56 71
97 81
89 13
58 0
23 91
35 15
74 78
77 45
10 27
1 24
76 40
30 0
71 100
5 108
23 21
68 0
11 0
99 0
79 41
46 0
93 104
73 106
37 103
22 0
30 89
93 9
3 53
57 19
5 111
74 62
62 0
93 81
34 3
69 43
35 0
66 60
82 13
53 51
65 65
53 91
4 88
39 33
21 40
10 0
33 16
92 24
65 0
57 0
32 0
83 18
2 84
8 79
95 0
100 5
89 59
17 75
38 27
55 0
42 85
39 82
79 0
44 107
6 112
90 39
22 82
27 112
61 35
27 97
12 0
66 57
63 78
99 67
21 24
58 81
16 106
44 73
3 57
83 51
72 37
41 51
97 116
83 4
19 0
7 43
11 5
100 66
34 38
64 66
36 1
75 26
48 0
100 5
48 98
89 0
90 0
22 0
27 57
14 0
62 67
72 118
66 0
1 116
29 89
29 73
36 117
44 38
15 0
77 61
79 46
41 61
9 5
1 0
48 11
88 39
86 14
83 106
86 0
83 0
24 7
92 43
4 75
43 25
49 99
2 74
86 0
1 34
30 0
3 0
22 87
42 15
52 69
87 0
40 0
26 0
35 87
74 0
26 26
1 24
70 3
35 83
5 50
47 105
99 73
4 71
66 25
57 106
43 85
3 54
4 101
20 105
3 0
55 63
94 79
72 73
93 65
8 0
7 113
63 101
74 0
21 35
47 35
34 101
70 77
97 120
33 0
17 65
53 106
7 60
92 66
86 0
70 47
2 83
59 17
33 2
90 42
10 83
4 34
88 79
22 87
44 94
71 39
57 0
84 31
77 106
4 40
74 70
81 49
65 37
62 32
94 32
3 31
33 82
72 96
76 108
64 18
81 0
26 74
57 53
15 102
80 120
52 116
1 36
25 47
91 49
38 69
