767
94 33
55 82
41 10
68 5
26 0
59 13
53 70
2 0
2 87
72 101
81 69
3 68
8 112
48 45
50 90
1 114
59 117
75 19
69 0
100 0
97 108
51 24
60 2
14 105
57 91
81 4
50 109
48 40
23 0
66 22
60 55
61 4
80 86
38 1
88 104
100 9
15 9
39 36
32 28
13 0
75 40
21 38
11 113
83 84
93 0
21 99
87 118
52 0
1 46
84 97
28 0
84 69
61 0
73 0
83 32
8 0
14 51
80 106
16 12
14 0
75 60
37 64
51 91
72 30
35 22
34 100
38 13
65 2
20 6
58 32
62 0
12 27
59 110
71 0
61 0
5 113
25 32
53 0
49 91
3 3
90 38
27 110
84 0
95 0
50 92
11 0
55 68
90 18
31 115
10 47
13 21
61 0
3 1
17 117
10 77
95 3
24 111
89 1
63 30
46 51
59 0
79 0
5 48
69 97
25 50
74 0
88 97
52 48
13 74
74 75
85 46
86 53
90 28
47 57
99 70
29 0
77 54
92 0
43 0
3 67
3 6
57 0
32 46
37 0
31 78
12 50
31 71
52 79
60 22
1 0
41 18
89 119
93 11
21 0
13 6
58 102
3 17
79 109
82 111
58 0
8 72
35 26
55 78
89 0
40 11
38 0
68 26
32 3
81 80
56 0
62 106
62 19
100 22
16 0
11 28
9 1
48 53
84 32
29 51
85 54
75 30
30 80
16 0
1 33
45 34
24 0
35 94
41 0
11 17
79 78
58 84
42 115
69 30
24 6
38 28
29 41
48 25
20 6
75 10
7 0
17 45
95 85
78 0
59 87
86 13
47 114
60 16
67 105
49 94
53 9
23 28
6 5
6 24
29 0
8 99
23 35
98 92
8 31
44 102
8 101
88 40
81 0
21 0
46 0
85 10
100 36
98 103
75 115
41 48
50 0
54 71
36 107
66 0
43 50
19 43
15 54
56 28
21 8
12 61
29 108
83 112
37 32
16 0
80 47
2 71
89 0
37 32
82 0
99 30
43 42
39 35
44 77
73 82
4 30
23 104
19 108
38 65
5 70
99 64
28 0
45 21
79 34
20 44
26 0
10 0
54 78
66 0
85 35
63 23
36 52
16 118
79 70
95 110
51 119
2 104
43 13
96 0
21 4
100 43
36 80
86 0
97 34
18 6
20 0
64 28
37 40
90 1
13 89
79 0
15 91
74 75
33 37
47 93
40 7
98 0
91 107
30 48
57 67
7 98
27 20
100 102
27 82
37 102
22 27
96 0
93 0
90 79
64 78
33 80
73 5
43 25
50 118
84 46
13 81
52 88
62 0
97 4
63 0
74 117
72 66
7 23
32 34
60 0
13 0
38 18
55 77
82 0
8 80
3 85
32 103
93 73
74 36
2 97
29 68
95 0
2 56
63 77
6 117
76 118
90 66
19 95
51 52
18 94
43 34
38 104
22 93
57 16
26 63
50 52
33 0
52 0
80 112
26 67
64 61
17 32
31 0
26 85
72 102
14 0
38 111
34 0
42 97
28 0
55 0
59 68
17 0
40 19
30 0
3 54
79 0
69 36
73 111
38 53
36 0
42 8
75 36
37 32
64 45
25 0
82 47
34 46
8 86
47 120
67 40
85 32
10 1
96 48
39 34
73 4
24 41
96 0
17 10
75 57
60 83
45 15
58 61
24 109
68 41
1 69
93 27
29 102
8 0
26 0
95 0
96 76
97 110
31 103
14 105
60 41
49 3
96 0
33 0
73 20
10 0
80 67
81 35
22 23
39 41
85 62
29 39
33 0
37 43
94 115
20 0
5 119
26 77
63 93
12 112
28 13
70 0
29 76
10 76
85 60
16 0
2 0
22 63
91 30
73 3
29 4
57 45
62 32
21 89
96 58
15 4
2 10
92 0
23 68
11 16
78 47
11 69
42 95
27 97
77 0
4 0
39 22
98 94
20 41
83 116
65 8
49 60
63 36
73 74
88 66
48 71
93 7
10 0
35 30
66 71
18 80
14 0
32 100
14 112
34 0
78 34
62 97
81 75
6 27
2 70
52 36
43 0
18 0
65 80
93 0
11 56
87 106
78 10
46 53
4 46
99 11
40 105
7 110
55 19
3 0
75 10
12 21
56 59
49 13
21 52
84 23
89 38
99 45
32 32
93 17
92 73
70 101
49 87
38 34
20 33
82 0
8 20
66 109
74 17
61 20
10 112
52 30
42 80
19 90
95 81
96 63
51 65
83 22
54 26
59 10
67 0
60 35
33 87
2 0
33 12
60 0
98 31
60 81
26 0
87 41
5 87
25 107
80 21
99 0
8 14
77 3
86 0
38 30
88 105
14 12
19 27
84 74
13 90
30 48
77 0
35 109
89 1
70 38
56 62
55 60
11 72
54 69
61 80
72 17
1 103
45 12
62 0
32 74
65 71
94 76
55 22
40 61
14 95
47 32
49 48
77 102
54 0
85 103
48 36
2 0
5 64
25 40
63 0
92 99
71 0
54 91
14 119
3 22
42 0
87 0
89 112
31 18
17 0
100 61
57 73
14 95
99 0
89 99
7 63
38 68
76 107
31 89
10 77
46 46
56 55
45 98
73 28
75 0
10 16
18 102
71 48
88 0
92 0
12 83
46 0
43 110
57 75
40 73
96 0
84 119
97 47
8 85
94 42
74 92
55 98
66 117
42 75
85 3
92 60
14 0
94 0
65 118
84 58
5 97
32 69
84 92
72 0
75 77
35 62
15 24
36 99
50 0
63 0
3 109
5 82
86 18
73 84
4 95
78 112
70 88
7 32
70 21
34 0
64 16
31 0
12 91
39 0
91 24
72 2
31 0
29 35
69 51
85 0
80 0
5 0
23 59
97 0
5 8
36 5
65 0
95 4
8 18
53 38
57 1
99 12
6 22
88 38
44 0
83 108
83 97
11 112
54 0
32 31
53 80
80 120
3 98
98 0
31 113
12 119
52 11
56 52
41 0
1 111
62 79
69 79
42 0
47 32
1 106
75 113
83 73
24 0
58 106
39 53
68 46
8 80
73 0
52 0
65 9
16 89
45 0
82 12
63 33
48 113
2 100
65 19
48 114
74 56
25 20
93 44
39 0
65 107
49 34
39 22
65 57
52 52
47 113
84 19
2 68
86 0
12 43
77 104
28 16
18 0
49 100
5 65
95 8
28 8
37 54
74 28
16 78
2 89
30 72
68 0
65 55
48 0
35 51
6 91
4 19
86 18
64 36
20 13
92 0
9 72
78 2
86 91
6 34
75 8
18 0
90 0
77 116
64 67
32 0
42 0
98 13
75 30
61 101
48 93
93 120
76 37
61 43
10 56
57 0
53 111
83 49
53 26
53 100
96 74
18 97
37 0
87 73
50 0
4 29
20 15
43 117
13 17
75 3
5 58
7 29
7 0
97 32
85 5
23 67
2 89
14 74
