Teste 1
4 10000

Teste 2
4 10
11 17
18 24
25 31
32 38
39 45
46 52
53 59
60 66
67 73
74 80
81 87
88 94
95 101
102 108
109 115
116 122
123 129
130 136
137 143
144 150
151 157
158 164
165 171
172 178
179 185
186 192
193 199
200 206
207 213
214 220
221 227
228 234
235 241
242 248
249 255
256 262
263 269
270 276
277 283
284 290
291 297
298 304
305 311
312 318
319 325
326 332
333 339
340 346
347 353
354 360
361 367
368 374
375 381
382 388
389 395
396 402
403 409
410 416
417 423
424 430
431 437
438 444
445 451
452 458
459 465
466 472
473 479
480 486
487 493
494 500
501 507
508 514
515 521
522 528
529 535
536 542
543 549
550 556
557 563
564 570
571 577
578 584
585 591
592 598
599 605
606 612
613 619
620 626
627 633
634 640
641 647
648 654
655 661
662 668
669 675
676 682
683 689
690 696
697 703
704 710
711 717
718 724
725 731
732 738
739 745
746 752
753 759
760 766
767 773
774 780
781 787
788 794
795 801
802 808
809 815
816 822
823 829
830 836
837 843
844 850
851 857
858 864
865 871
872 878
879 885
886 892
893 899
900 906
907 913
914 920
921 927
928 934
935 941
942 948
949 955
956 962
963 969
970 976
977 983
984 990
991 997
998 1004
1005 1011
1012 1018
1019 1025
1026 1032
1033 1039
1040 1046
1047 1053
1054 1060
1061 1067
1068 1074
1075 1081
1082 1088
1089 1095
1096 1102
1103 1109
1110 1116
1117 1123
1124 1130
1131 1137
1138 1144
1145 1151
1152 1158
1159 1165
1166 1172
1173 1179
1180 1186
1187 1193
1194 1200
1201 1207
1208 1214
1215 1221
1222 1228
1229 1235
1236 1242
1243 1249
1250 1256
1257 1263
1264 1270
1271 1277
1278 1284
1285 1291
1292 1298
1299 1305
1306 1312
1313 1319
1320 1326
1327 1333
1334 1340
1341 1347
1348 1354
1355 1361
1362 1368
1369 1375
1376 1382
1383 1389
1390 1396
1397 1403
1404 1410
1411 1417
1418 1424
1425 1431
1432 1438
1439 1445
1446 1452
1453 1459
1460 1466
1467 1473
1474 1480
1481 1487
1488 1494
1495 1501
1502 1508
1509 1515
1516 1522
1523 1529
1530 1536
1537 1543
1544 1550
1551 1557
1558 1564
1565 1571
1572 1578
1579 1585
1586 1592
1593 1599
1600 1606
1607 1613
1614 1620
1621 1627
1628 1634
1635 1641
1642 1648
1649 1655
1656 1662
1663 1669
1670 1676
1677 1683
1684 1690
1691 1697
1698 1704
1705 1711
1712 1718
1719 1725
1726 1732
1733 1739
1740 1746
1747 1753
1754 1760
1761 1767
1768 1774
1775 1781
1782 1788
1789 1795
1796 1802
1803 1809
1810 1816
1817 1823
1824 1830
1831 1837
1838 1844
1845 1851
1852 1858
1859 1865
1866 1872
1873 1879
1880 1886
1887 1893
1894 1900
1901 1907
1908 1914
1915 1921
1922 1928
1929 1935
1936 1942
1943 1949
1950 1956
1957 1963
1964 1970
1971 1977
1978 1984
1985 1991
1992 1998
1999 2005
2006 2012
2013 2019
2020 2026
2027 2033
2034 2040
2041 2047
2048 2054
2055 2061
2062 2068
2069 2075
2076 2082
2083 2089
2090 2096
2097 2103
2104 2110
2111 2117
2118 2124
2125 2131
2132 2138
2139 2145
2146 2152
2153 2159
2160 2166
2167 2173
2174 2180
2181 2187
2188 2194
2195 2201
2202 2208
2209 2215
2216 2222
2223 2229
2230 2236
2237 2243
2244 2250
2251 2257
2258 2264
2265 2271
2272 2278
2279 2285
2286 2292
2293 2299
2300 2306
2307 2313
2314 2320
2321 2327
2328 2334
2335 2341
2342 2348
2349 2355
2356 2362
2363 2369
2370 2376
2377 2383
2384 2390
2391 2397
2398 2404
2405 2411
2412 2418
2419 2425
2426 2432
2433 2439
2440 2446
2447 2453
2454 2460
2461 2467
2468 2474
2475 2481
2482 2488
2489 2495
2496 2502
2503 2509
2510 2516
2517 2523
2524 2530
2531 2537
2538 2544
2545 2551
2552 2558
2559 2565
2566 2572
2573 2579
2580 2586
2587 2593
2594 2600
2601 2607
2608 2614
2615 2621
2622 2628
2629 2635
2636 2642
2643 2649
2650 2656
2657 2663
2664 2670
2671 2677
2678 2684
2685 2691
2692 2698
2699 2705
2706 2712
2713 2719
2720 2726
2727 2733
2734 2740
2741 2747
2748 2754
2755 2761
2762 2768
2769 2775
2776 2782
2783 2789
2790 2796
2797 2803
2804 2810
2811 2817
2818 2824
2825 2831
2832 2838
2839 2845
2846 2852
2853 2859
2860 2866
2867 2873
2874 2880
2881 2887
2888 2894
2895 2901
2902 2908
2909 2915
2916 2922
2923 2929
2930 2936
2937 2943
2944 2950
2951 2957
2958 2964
2965 2971
2972 2978
2979 2985
2986 2992
2993 2999
3000 3006
3007 3013
3014 3020
3021 3027
3028 3034
3035 3041
3042 3048
3049 3055
3056 3062
3063 3069
3070 3076
3077 3083
3084 3090
3091 3097
3098 3104
3105 3111
3112 3118
3119 3125
3126 3132
3133 3139
3140 3146
3147 3153
3154 3160
3161 3167
3168 3174
3175 3181
3182 3188
3189 3195
3196 3202
3203 3209
3210 3216
3217 3223
3224 3230
3231 3237
3238 3244
3245 3251
3252 3258
3259 3265
3266 3272
3273 3279
3280 3286
3287 3293
3294 3300
3301 3307
3308 3314
3315 3321
3322 3328
3329 3335
3336 3342
3343 3349
3350 3356
3357 3363
3364 3370
3371 3377
3378 3384
3385 3391
3392 3398
3399 3405
3406 3412
3413 3419
3420 3426
3427 3433
3434 3440
3441 3447
3448 3454
3455 3461
3462 3468
3469 3475
3476 3482
3483 3489
3490 3496
3497 3503
3504 3510
3511 3517
3518 3524
3525 3531
3532 3538
3539 3545
3546 3552
3553 3559
3560 3566
3567 3573
3574 3580
3581 3587
3588 3594
3595 3601
3602 3608
3609 3615
3616 3622
3623 3629
3630 3636
3637 3643
3644 3650
3651 3657
3658 3664
3665 3671
3672 3678
3679 3685
3686 3692
3693 3699
3700 3706
3707 3713
3714 3720
3721 3727
3728 3734
3735 3741
3742 3748
3749 3755
3756 3762
3763 3769
3770 3776
3777 3783
3784 3790
3791 3797
3798 3804
3805 3811
3812 3818
3819 3825
3826 3832
3833 3839
3840 3846
3847 3853
3854 3860
3861 3867
3868 3874
3875 3881
3882 3888
3889 3895
3896 3902
3903 3909
3910 3916
3917 3923
3924 3930
3931 3937
3938 3944
3945 3951
3952 3958
3959 3965
3966 3972
3973 3979
3980 3986
3987 3993
3994 4000
4001 4007
4008 4014
4015 4021
4022 4028
4029 4035
4036 4042
4043 4049
4050 4056
4057 4063
4064 4070
4071 4077
4078 4084
4085 4091
4092 4098
4099 4105
4106 4112
4113 4119
4120 4126
4127 4133
4134 4140
4141 4147
4148 4154
4155 4161
4162 4168
4169 4175
4176 4182
4183 4189
4190 4196
4197 4203
4204 4210
4211 4217
4218 4224
4225 4231
4232 4238
4239 4245
4246 4252
4253 4259
4260 4266
4267 4273
4274 4280
4281 4287
4288 4294
4295 4301
4302 4308
4309 4315
4316 4322
4323 4329
4330 4336
4337 4343
4344 4350
4351 4357
4358 4364
4365 4371
4372 4378
4379 4385
4386 4392
4393 4399
4400 4406
4407 4413
4414 4420
4421 4427
4428 4434
4435 4441
4442 4448
4449 4455
4456 4462
4463 4469
4470 4476
4477 4483
4484 4490
4491 4497
4498 4504
4505 4511
4512 4518
4519 4525
4526 4532
4533 4539
4540 4546
4547 4553
4554 4560
4561 4567
4568 4574
4575 4581
4582 4588
4589 4595
4596 4602
4603 4609
4610 4616
4617 4623
4624 4630
4631 4637
4638 4644
4645 4651
4652 4658
4659 4665
4666 4672
4673 4679
4680 4686
4687 4693
4694 4700
4701 4707
4708 4714
4715 4721
4722 4728
4729 4735
4736 4742
4743 4749
4750 4756
4757 4763
4764 4770
4771 4777
4778 4784
4785 4791
4792 4798
4799 4805
4806 4812
4813 4819
4820 4826
4827 4833
4834 4840
4841 4847
4848 4854
4855 4861
4862 4868
4869 4875
4876 4882
4883 4889
4890 4896
4897 4903
4904 4910
4911 4917
4918 4924
4925 4931
4932 4938
4939 4945
4946 4952
4953 4959
4960 4966
4967 4973
4974 4980
4981 4987
4988 4994
4995 5001
5002 5008
5009 5015
5016 5022
5023 5029
5030 5036
5037 5043
5044 5050
5051 5057
5058 5064
5065 5071
5072 5078
5079 5085
5086 5092
5093 5099
5100 5106
5107 5113
5114 5120
5121 5127
5128 5134
5135 5141
5142 5148
5149 5155
5156 5162
5163 5169
5170 5176
5177 5183
5184 5190
5191 5197
5198 5204
5205 5211
5212 5218
5219 5225
5226 5232
5233 5239
5240 5246
5247 5253
5254 5260
5261 5267
5268 5274
5275 5281
5282 5288
5289 5295
5296 5302
5303 5309
5310 5316
5317 5323
5324 5330
5331 5337
5338 5344
5345 5351
5352 5358
5359 5365
5366 5372
5373 5379
5380 5386
5387 5393
5394 5400
5401 5407
5408 5414
5415 5421
5422 5428
5429 5435
5436 5442
5443 5449
5450 5456
5457 5463
5464 5470
5471 5477
5478 5484
5485 5491
5492 5498
5499 5505
5506 5512
5513 5519
5520 5526
5527 5533
5534 5540
5541 5547
5548 5554
5555 5561
5562 5568
5569 5575
5576 5582
5583 5589
5590 5596
5597 5603
5604 5610
5611 5617
5618 5624
5625 5631
5632 5638
5639 5645
5646 5652
5653 5659
5660 5666
5667 5673
5674 5680
5681 5687
5688 5694
5695 5701
5702 5708
5709 5715
5716 5722
5723 5729
5730 5736
5737 5743
5744 5750
5751 5757
5758 5764
5765 5771
5772 5778
5779 5785
5786 5792
5793 5799
5800 5806
5807 5813
5814 5820
5821 5827
5828 5834
5835 5841
5842 5848
5849 5855
5856 5862
5863 5869
5870 5876
5877 5883
5884 5890
5891 5897
5898 5904
5905 5911
5912 5918
5919 5925
5926 5932
5933 5939
5940 5946
5947 5953
5954 5960
5961 5967
5968 5974
5975 5981
5982 5988
5989 5995
5996 6002
6003 6009
6010 6016
6017 6023
6024 6030
6031 6037
6038 6044
6045 6051
6052 6058
6059 6065
6066 6072
6073 6079
6080 6086
6087 6093
6094 6100
6101 6107
6108 6114
6115 6121
6122 6128
6129 6135
6136 6142
6143 6149
6150 6156
6157 6163
6164 6170
6171 6177
6178 6184
6185 6191
6192 6198
6199 6205
6206 6212
6213 6219
6220 6226
6227 6233
6234 6240
6241 6247
6248 6254
6255 6261
6262 6268
6269 6275
6276 6282
6283 6289
6290 6296
6297 6303
6304 6310
6311 6317
6318 6324
6325 6331
6332 6338
6339 6345
6346 6352
6353 6359
6360 6366
6367 6373
6374 6380
6381 6387
6388 6394
6395 6401
6402 6408
6409 6415
6416 6422
6423 6429
6430 6436
6437 6443
6444 6450
6451 6457
6458 6464
6465 6471
6472 6478
6479 6485
6486 6492
6493 6499
6500 6506
6507 6513
6514 6520
6521 6527
6528 6534
6535 6541
6542 6548
6549 6555
6556 6562
6563 6569
6570 6576
6577 6583
6584 6590
6591 6597
6598 6604
6605 6611
6612 6618
6619 6625
6626 6632
6633 6639
6640 6646
6647 6653
6654 6660
6661 6667
6668 6674
6675 6681
6682 6688
6689 6695
6696 6702
6703 6709
6710 6716
6717 6723
6724 6730
6731 6737
6738 6744
6745 6751
6752 6758
6759 6765
6766 6772
6773 6779
6780 6786
6787 6793
6794 6800
6801 6807
6808 6814
6815 6821
6822 6828
6829 6835
6836 6842
6843 6849
6850 6856
6857 6863
6864 6870
6871 6877
6878 6884
6885 6891
6892 6898
6899 6905
6906 6912
6913 6919
6920 6926
6927 6933
6934 6940
6941 6947
6948 6954
6955 6961
6962 6968
6969 6975
6976 6982
6983 6989
6990 6996
6997 7003
7004 7010
7011 7017
7018 7024
7025 7031
7032 7038
7039 7045
7046 7052
7053 7059
7060 7066
7067 7073
7074 7080
7081 7087
7088 7094
7095 7101
7102 7108
7109 7115
7116 7122
7123 7129
7130 7136
7137 7143
7144 7150
7151 7157
7158 7164
7165 7171
7172 7178
7179 7185
7186 7192
7193 7199
7200 7206
7207 7213
7214 7220
7221 7227
7228 7234
7235 7241
7242 7248
7249 7255
7256 7262
7263 7269
7270 7276
7277 7283
7284 7290
7291 7297
7298 7304
7305 7311
7312 7318
7319 7325
7326 7332
7333 7339
7340 7346
7347 7353
7354 7360
7361 7367
7368 7374
7375 7381
7382 7388
7389 7395
7396 7402
7403 7409
7410 7416
7417 7423
7424 7430
7431 7437
7438 7444
7445 7451
7452 7458
7459 7465
7466 7472
7473 7479
7480 7486
7487 7493
7494 7500
7501 7507
7508 7514
7515 7521
7522 7528
7529 7535
7536 7542
7543 7549
7550 7556
7557 7563
7564 7570
7571 7577
7578 7584
7585 7591
7592 7598
7599 7605
7606 7612
7613 7619
7620 7626
7627 7633
7634 7640
7641 7647
7648 7654
7655 7661
7662 7668
7669 7675
7676 7682
7683 7689
7690 7696
7697 7703
7704 7710
7711 7717
7718 7724
7725 7731
7732 7738
7739 7745
7746 7752
7753 7759
7760 7766
7767 7773
7774 7780
7781 7787
7788 7794
7795 7801
7802 7808
7809 7815
7816 7822
7823 7829
7830 7836
7837 7843
7844 7850
7851 7857
7858 7864
7865 7871
7872 7878
7879 7885
7886 7892
7893 7899
7900 7906
7907 7913
7914 7920
7921 7927
7928 7934
7935 7941
7942 7948
7949 7955
7956 7962
7963 7969
7970 7976
7977 7983
7984 7990
7991 7997
7998 8004
8005 8011
8012 8018
8019 8025
8026 8032
8033 8039
8040 8046
8047 8053
8054 8060
8061 8067
8068 8074
8075 8081
8082 8088
8089 8095
8096 8102
8103 8109
8110 8116
8117 8123
8124 8130
8131 8137
8138 8144
8145 8151
8152 8158
8159 8165
8166 8172
8173 8179
8180 8186
8187 8193
8194 8200
8201 8207
8208 8214
8215 8221
8222 8228
8229 8235
8236 8242
8243 8249
8250 8256
8257 8263
8264 8270
8271 8277
8278 8284
8285 8291
8292 8298
8299 8305
8306 8312
8313 8319
8320 8326
8327 8333
8334 8340
8341 8347
8348 8354
8355 8361
8362 8368
8369 8375
8376 8382
8383 8389
8390 8396
8397 8403
8404 8410
8411 8417
8418 8424
8425 8431
8432 8438
8439 8445
8446 8452
8453 8459
8460 8466
8467 8473
8474 8480
8481 8487
8488 8494
8495 8501
8502 8508
8509 8515
8516 8522
8523 8529
8530 8536
8537 8543
8544 8550
8551 8557
8558 8564
8565 8571
8572 8578
8579 8585
8586 8592
8593 8599
8600 8606
8607 8613
8614 8620
8621 8627
8628 8634
8635 8641
8642 8648
8649 8655
8656 8662
8663 8669
8670 8676
8677 8683
8684 8690
8691 8697
8698 8704
8705 8711
8712 8718
8719 8725
8726 8732
8733 8739
8740 8746
8747 8753
8754 8760
8761 8767
8768 8774
8775 8781
8782 8788
8789 8795
8796 8802
8803 8809
8810 8816
8817 8823
8824 8830
8831 8837
8838 8844
8845 8851
8852 8858
8859 8865
8866 8872
8873 8879
8880 8886
8887 8893
8894 8900
8901 8907
8908 8914
8915 8921
8922 8928
8929 8935
8936 8942
8943 8949
8950 8956
8957 8963
8964 8970
8971 8977
8978 8984
8985 8991
8992 8998
8999 9005
9006 9012
9013 9019
9020 9026
9027 9033
9034 9040
9041 9047
9048 9054
9055 9061
9062 9068
9069 9075
9076 9082
9083 9089
9090 9096
9097 9103
9104 9110
9111 9117
9118 9124
9125 9131
9132 9138
9139 9145
9146 9152
9153 9159
9160 9166
9167 9173
9174 9180
9181 9187
9188 9194
9195 9201
9202 9208
9209 9215
9216 9222
9223 9229
9230 9236
9237 9243
9244 9250
9251 9257
9258 9264
9265 9271
9272 9278
9279 9285
9286 9292
9293 9299
9300 9306
9307 9313
9314 9320
9321 9327
9328 9334
9335 9341
9342 9348
9349 9355
9356 9362
9363 9369
9370 9376
9377 9383
9384 9390
9391 9397
9398 9404
9405 9411
9412 9418
9419 9425
9426 9432
9433 9439
9440 9446
9447 9453
9454 9460
9461 9467
9468 9474
9475 9481
9482 9488
9489 9495
9496 9502
9503 9509
9510 9516
9517 9523
9524 9530
9531 9537
9538 9544
9545 9551
9552 9558
9559 9565
9566 9572
9573 9579
9580 9586
9587 9593
9594 9600
9601 9607
9608 9614
9615 9621
9622 9628
9629 9635
9636 9642
9643 9649
9650 9656
9657 9663
9664 9670
9671 9677
9678 9684
9685 9691
9692 9698
9699 9705
9706 9712
9713 9719
9720 9726
9727 9733
9734 9740
9741 9747
9748 9754
9755 9761
9762 9768
9769 9775
9776 9782
9783 9789
9790 9796
9797 9803
9804 9810
9811 9817
9818 9824
9825 9831
9832 9838
9839 9845
9846 9852
9853 9859
9860 9866
9867 9873
9874 9880
9881 9887
9888 9894
9895 9901
9902 9908
9909 9915
9916 9922
9923 9929
9930 9936
9937 9943
9944 9950
9951 9957
9958 9964
9965 9971
9972 9978
9979 9985
9986 9992
9993 9999

Teste 3
0 9008

