12 10
46455348
428948206
280861275
229054496
692032235
598739519
206681648
300715656
666914340
93912810
221388087
613841909
934397256
454591949
393715083
378460068
934482589
127350597
804622837
932600512
216127992
418494584
137060319
272468295
475535907
742846542
37097332
862407661
855786764
636480429
59697796
74227335
770730970
266405799
375528686
16764481
981520416
249673288
434878034
147202268
183040805
10248038
746457076
405289154
43326917
206524757
430677872
911152991
456934828
166075906
276403987
528658815
666473835
332797666
540806848
330013043
667706294
548166224
91139249
406307047
758711850
838703701
26720727
14497424
35608562
496635136
23885596
11649882
424599983
626608921
960702757
607819383
835397708
14043196
863661631
456470853
167838774
632701620
203084490
510520450
382452836
461627940
406568623
54208804
39689891
801334677
630952661
137529517
33500802
2080166
610609954
478347675
646116982
264213344
184700123
364901569
865891249
832915051
5393590
101495570
933934785
584417548
212544916
140772722
75600606
915736731
59473900
876611380
873958349
283590908
614156505
363818827
240030952
487752091
810072342
290418442
737303547
451536607
251089578
908586964
378416714
550833911
224742806
680944465
513896746
608317439
635437746
421537797
77429841
243164222
559751866
963245645
546600503
588435298
885973974
944896265
709476030
275338988
732491641
393211924
525347272
511028469
398932781
880472071
899752302
290069069
101488011
964266930
868240400
521883955
648502555
367630693
614158100
11844055
35965302
785424601
748403345
484396755
771827206
974662988
549402846
681133166
713299127
473747215
208523324
752546710
927707850
869383807
282156699
177958165
360806074
725068682
895446362
455072365
137048262
866367202
973390595
999029500
77944038
842224722
102722909
931929968
770635580
910898431
659412321
139706075
529705853
687702868
439138634
872210445
243189657
285505759
992511825
125391577
571736962
359369964
358033631
110581178
81890402
241276644
260451856
921955716
238803098
890618859
975733226
71840253
144622636
959211191
667526170
508265401
764838609
115228059
595437830
250849884
711935493
111113302
185109484
507613087
839235919
538518889
448029272
494726131
106672333
4389380
157718504
123526150
789584126
332253162
395609688
977375203
342024142
844264670
503258509
838648079
592025417
347754728
584017071
188744652
715105265
308527382
621194774
814552093
34566069
48300908
398875399
486733401
696810102
141383345
888075988
158898523
350102666
136119424
67723279
244820873
907627157
478910422
867839973
49318336
861295064
208979950
408069439
660662278
920752062
531050110
25084736
183175215
404272174
109553589
101379031
862925952
816844100
296615965
656573418
17524237
184474083
752729823
70103305
458555056
487449123
378251861
667734809
400108532
996818395
998251781
920048069
617996654
414317959
847057158
332749616
643933655
346105844
562825407
425639069
840015278
729823520
912354759
792274326
71435274
946091685
124651075
890272885
978653573
77820688
874532614
605876197
220412362
549536569
787216192
842036070
113643210
428580760
104959598
319190885
196499989
458973060
707221730
410969069
231614691
89773981
425077564
250284040
331197225
648014386
110128902
133853083
182233610
390494265
624006906
739196267
972139916
63105721
433159982
590985538
467250087
57108848
593543373
723919406
817103538
138334524
76349220
953711938
63326626
173354476
685393438
614159852
68052949
955471172
129760915
511568013
142870251
298855581
29780661
493079039
923664052
407511659
156745730
235352044
749625061
215812101
593765955
384125766
422092590
100465953
606260428
681624140
150231880
97980011
436967518
698287042
130673215
685236890
542897257
671654510
18817472
987140660
728820292
613044064
376367637
697712333
352470016
758350471
682139169
637114721
486203332
372363145
884698625
909397138
74909149
111166871
349474031
49932887
161272868
43557093
605363031
457309187
901140832
148660876
511171386
432659616
125596444
139502949
446261585
194342434
738537821
441293105
294853698
909496088
104864822
47018181
299675469
91591687
223081156
919461597
190625114
118481460
200808492
574389310
224940616
664985121
300280887
765661133
439493374
193441193
718688566
818975084
49689745
182826204
274735745
958247513
459867798
403501717
597950673
669683680
108790972
992932020
241200203
904400994
822474872
420995451
755146083
256095371
765294751
21598562
827839537
61924902
845841694
139608071
806653751
544452110
661716160
836417742
79451658
903357673
704497169
323464754
429681651
524822272
728058300
578741387
264550110
179203132
198883260
144411817
734254978
823595487
413598816
691445530
687883488
893850500
737645140
82458038
765274159
712838413
616999774
143096174
796346779
396836567
995197704
479756471
684018072
709492122
714329344
630152859
490219584
720295583
99765086
110745663
696688624
465316577
823868108
970760552
879584676
443208543
640592070
819664207
618000392
807846990
545039991
361461201
477385080
262399401
602884037
978883443
849267900
264933338
737322693
23001647
127623536
820549579
2256312
117092507
740782761
829651852
228885113
301567125
665567755
347536862
509151936
129471884
707493102
788006413
863138993
353189162
596501255
573587081
820007816
706316681
942666091
400318673
268363822
340263546
649703296
540029904
695270823
837122763
743227337
931691968
230465798
872628231
889601603
290125700
13987599
368157685
203861715
250048465
561677497
114239190
265597158
959677858
187644831
710605984
762461283
437744969
99362652
239139245
723492005
96244667
621572181
486900129
863180358
3525132
931147316
244182672
887526010
774529967
868805337
613273503
43632148
592017993
102180009
69276470
8476866
238772606
441696774
271488587
67528509
874854889
4160604
6129524
157967445
416594133
756279859
486098912
597442423
958904066
312767878
121351630
117951832
137694183
84829490
125503986
928066909
415265418
945153509
504569539
919728545
146208598
492270332
363002366
924244249
233976175
53962932
923782374
435078445
634112734
503120152
925275743
28449193
170318689
552731964
403918023
841438139
357601909
420678053
829759769
423032521
841550804
322543855
18738395
428512658
893095581
595486236
125088566
386336301
496848299
366104907
793333833
445268436
141094491
133555318
335010775
336295168
202531096
143035514
370192917
733491480
129318201
885679367
828732610
433431756
29945291
573894187
22744904
900074401
600475354
13074401
910760082
887672422
785436978
395767313
807612389
964734665
308801336
778484900
283280264
935748492
784246136
614122577
92407471
75854606
877967362
980760456
111719544
704167138
779598510
227097082
912394348
858392029
777302887
54419570
577393067
678872786
809117167
586801603
146035557
113504030
603289227
657288423
773783360
989086929
596410061
133364166
408046342
414121779
344607022
549143491
278769961
688690933
165017774
168543675
979342762
277843984
672810386
294672019
928768780
190957493
884614225
617763847
770998640
780436353
107170152
896205193
400971318
417791052
668348107
760112903
997556398
965235587
253003339
333631546
809490473
844827342
263724235
887842917
538496842
524851473
708160149
18472961
129991548
16973088
445665544
363426998
588038115
267414567
345289147
64777531
670880842
257221833
209201650
227805759
298447446
67473979
964175752
45915373
93667199
369190407
212736334
13754208
723437722
307367430
88107339
204939558
272954975
32397457
109775320
180671366
839217867
382626095
498155505
720508817
433511369
724346726
265087477
415669913
546012148
239788713
847920694
656778292
773200927
965914
125676642
650188089
534386259
870107575
818280060
834533929
275637488
111698603
640505004
616677523
580767912
126466769
432794333
365431712
65732250
786266539
524309858
588399788
162265092
12756726
773357988
248746868
18451312
92555559
23356487
273131480
551478259
769773164
775759031
341786098
122321736
10965256
78405925
619658773
830252453
623063219
929144253
543554331
149530954
988238415
228265187
662999790
459579852
147940545
172487673
408877307
328325559
907975638
16976009
146703584
917299095
700289344
754713726
768561469
106547166
401697624
905385935
892936006
648382442
902517152
687478066
804423651
118773202
197254645
158064661
355203380
509080547
152102710
393531187
911570109
866486745
244106460
103767765
799261851
543725861
98741913
789618813
744151877
857583034
101086426
348182235
85539768
986026219
591284385
836712255
805710391
612070696
372719011
616140853
864887943
387841193
794835257
936045171
345855493
959192379
85558337
277096351
711350268
287610137
365839838
969415323
323560393
749728935
680402786
973562801
274205991
54164119
338197549
683326397
200773234
91296623
682384023
675996246
551887340
676476113
790835477
437746270
323584192
162755721
763551083
286443509
421751294
9070467
420945954
867502936
765385457
327817392
104194849
64542949
571738622
641264519
38513880
346799400
529208568
382670229
456723567
301694465
856911120
241523452
654268764
934194978
638476280
946086488
162623535
488076613
126939880
282016076
327051616
428492058
882781098
679117260
86548985
602763956
776948150
2662362
869387208
305790056
928921924
503497896
817447350
487528238
623547082
348539191
233136079
618148074
524400909
744212098
605353842
536925053
588424163
341658076
774681108
608311250
329016525
684853082
181153915
229014777
715358158
157063773
366523394
271053139
146943413
517215067
78265004
574169330
491942436
490133717
152000258
684723867
640581455
530549191
610759448
64941678
339263302
555738397
3277849
580556201
839580677
856909032
108791060
798133744
36204376
459242218
584293518
331273931
526568205
44458029
502639279
62468627
53536206
727979426
638041262
339068741
275805304
84696060
26216103
731011763
918365101
432253599
830163833
809846658
513146125
225248432
191530192
47820591
156242751
645188719
689371994
73165340
404932606
917686915
200858128
369195700
587960557
547214895
186974733
962895964
669420308
487419417
19391115
394548104
282678773
35421498
456236251
40221957
373133200
806734011
275286335
578072866
585498523
448092025
32238366
963473895
40131623
612657569
503002085
113411660
752327621
247123160
554017061
871980173
118775984
566229338
342526163
89086309
56338346
177603949
657592860
689524166
183442979
352750404
718926612
130919087
639258575
543395269
134963352
444233496
241113737
913977911
115313777
56012323
115921239
215237483
787601863
400100458
235856100
208338367
46087599
300608338
461583587
517333377
93702821
141749370
180154559
890148344
200818823
572845671
885758085
309810750
380314412
470022391
991838286
205513514
131751932
591433704
557229365
905248547
946201562
43355737
513521855
715875865
684555210
874608361
636881211
292780841
59641633
524107836
223193038
409746727
467962114
891533770
104987100
381530410
220047405
556799039
71940838
230252549
923831488
13096351
543886477
49049054
882067221
327997464
817023329
965189718
786249377
905696271
330309751
708709694
848211140
836166642
923946101
900107974
619482703
565005023
565528552
872235452
528634232
393059776
585316758
335169452
239831926
542696957
731607578
82724087
928709812
602730127
492589210
252448305
435053893
343623830
900688429
703506510
772461673
538269561
747640860
91340480
849425971
629851552
876050372
369253541
725106595
285305123
642029740
45901298
146009734
356239394
170900610
88536523
702018144
18411764
990111813
138462856
432092531
63627971
915069941
76538346
840147167
868768837
236883257
816855897
586417734
859011669
189373984
773493668
74690025
107543374
69686624
115285045
428981543
356304300
146437223
593616381
576666939
87078773
186172367
21702100
102555298
597258171
969402215
664602792
793642137
895891642
665658192
489164585
527532560
898601856
440818099
687324641
557707088
834964574
52906207
416782482
273417199
569075492
550845503
385674007
179116590
480696528
233499617
840854492
38005076
29829995
6689461
115020481
211616103
433315239
988403496
384413137
929367855
161275918
86892129
77177683
255282886
315510537
11077102
732770732
33712605
739481961
126431794
979067609
711964975
530004775
535331631
364895048
715462427
77198257
507589217
531407043
338910525
949876528
643743016
183717522
219934982
458143368
447902149
69971033
28985377
149693366
736514416
874958099
174476827
419318826
285084288
363062083
980259419
41586906
349675514
89944094
829498180
64393967
927801570
91408842
626802772
25556804
229629440
394179616
177109739
102850462
441166953
887364492
830513276
545200100
662120094
223940816
321683688
72589574
617029473
738876898
629552017
673146836
909270903
82283641
734336246
350736865
127096332
907231541
44423169
104635863
919891772
251426027
709729649
715468070
975657421
674483966
404053059
637917728
663734167
917037350
836732099
425542304
170147584
921506642
878273995
500071600
795719469
56925564
9001014
820445688
373251307
256956543
262711780
589020353
937730249
396892282
685194702
221467624
438457420
731228173
340317694
38866333
263031186
639568095
766790195
901912797
122051429
538418206
590664565
139019974
203626385
292329588
102045998
920745993
115120399
806781887
259251597
577416969
302256569
35758152
892552250
274193770
550099429
397784356
951699926
25523033
497109357
108638910
826601518
768213150
295336359
812284494
718986986
687641812
861534708
48532996
82801978
449517996
835177326
542815546
15279575
318859947
912370947
956812700
14560069
445320379
381629301
594883996
521240909
193469410
967627443
10348194
133492723
651714586
12065980
305939993
661937347
347328113
332459265
411291289
846824045
522909132
671961050
639789728
175215449
391425319
256932624
170951013
65355666
596626516
86087993
408150629
91219718
329846707
367393795
513273688
805750288
812242196
154524139
942099286
266987189
46276249
960483853
298586505
786201994
573103029
673354702
245843371
63730543
522409592
65818162
251094682
230251078
218433639
145367695
463030462
957755914
288663606
728174448
754885163
476643355
727774907
48631459
264453487
213344039
686719607
145605339
752452145
489045100
133799147
547429872
377338462
321560102
503383348
687744060
706252261
999157708
682539092
187748960
881753214
689159603
612040885
762936605
863841627
69535398
591414027
780527307
61150833
193448743
906338505
326311632
242765363
507077361
894147813
257336761
649293924
357790022
467204161
557093712
756316488
234872377
253885259
412337893
218473209
742680210
224437904
643514584
354244319
765910080
4197709
437831858
195557973
504889172
633406762
449007335
101563511
899304396
280065624
127885130
26223587
209383255
959519004
186954580
60280836
360435457
62746743
557688742
125178462
663658353
56894996
750619327
931106717
557452878
601332578
930186290
400782600
419601322
468851505
844804989
637309775
640572736
262974459
183377356
298953645
725873514
814141325
664551185
592784172
209789669
275009713
513614117
397780227
891300569
216537869
134751902
706106086
702891373
331242899
942555175
289106316
799759348
390914347
71063424
418141196
242701595
985301908
384267276
253378338
47279915
870000164
248399316
113863517
147249044
43289004
87699779
50646278
597742117
1340796
701664783
323018930
71507680
903518487
254893157
441055180
994272842
387598700
816307392
65209688
849549407
468173939
616260101
588685366
550949322
613234894
766812914
715539743
768806959
958910038
850217194
915065457
54223180
934281795
706604809
318072794
650071880
261871700
347060475
616093789
657131980
573264612
530180684
26165387
253059824
116187387
949302347
63139165
624283880
581199530
777114422
899528867
609899126
963151518
486796186
400636317
452310249
129759989
42707222
996282284
626442294
732649295
937967823
362589082
894833236
601511316
688585498
228330889
596706747
517716279
333425141
129523208
791726746
39070717
137150170
34023009
922970382
567893289
244539055
129262461
638598336
808727161
230554493
387506441
871349249
58086803
548750272
984259702
326669873
66239328
544564217
863781547
929645659
380885117
587197042
242171976
388855613
117163724
623852491
452634926
136903460
701088969
274718804
740069600
421960450
496166311
873701001
473344318
119275168
816157254
391727243
571258102
843260856
457295264
210632722
409066362
335582740
59234413
747489099
384146343
365968502
340585981
672940316
502617667
985017762
295842871
7317238
603630093
38668113
942565608
30989360
539945429
176737954
99760990
554877620
346311619
664582736
124651126
865220106
307566209
635532809
316770387
280441164
26229937
606063561
793201098
417377442
870059117
416738227
742694152
67071131
669877384
144097223
470413433
38308484
555796549
911735485
76508502
888413538
413971011
221783648
21291729
884622052
197822459
94066370
47778815
550569312
469571436
209073837
268919601
149850996
44284483
145389813
738948958
200803783
930851955
70192214
41260700
457271331
352422802
328793188
207132748
694305333
513649924
515149943
302218259
208606827
525221297
243817141
790322120
12575394
215426646
271544200
368435361
453703579
647856777
978435179
879034161
124685358
765126407
509525669
877866276
51779057
658960994
741512295
874359682
182321738
772794977
615590616
828067608
20527031
766377812
686293940
566129682
63922159
821438068
490626694
988726489
895850293
6359375
349526064
917913274
900661488
74201362
851756751
729305902
884152690
888860220
381636034
655459546
344505118
418076851
311363727
173369980
146405887
979075085
480682014
155556828
538906614
554935575
165832298
109918914
110570832
520790010
337850290
1944262
116523616
250639104
149207395
695456999
935281942
552737348
808935715
656437811
210514392
127032923
146596118
150163023
90769479
772708303
305551370
925120670
927519935
357189509
566920409
342719720
958618642
225552293
662413202
589426859
830204443
827397834
106990298
752941560
858615568
2731862
104277619
657797847
710338501
153630545
523712756
636737839
833717927
361910421
458360322
87660820
129266349
43903171
187722342
247147756
96120877
237829571
704871371
570155539
14737574
59637557
83155203
28941061
811035939
648422717
774898064
493828448
765844216
466007406
343693547
285503889
224957004
565946368
460042631
256288933
753039454
876133415
711547139
847540369
474107195
481916322
421395562
188463274
432502971
505444968
180489968
646400864
135359039
405188688
167073451
284611940
686177300
951176326
268700213
619862890
569301861
577804940
697926736
649621258
639614261
250549383
391459066
680243449
645364417
639715030
46537305
81152089
71110281
824303868
51623709
649288345
649768037
975381859
118421903
473799671
896986492
864496320
559751003
93576226
643105378
332464471
597296923
978865096
340381858
226750277
625193529
986872962
287140742
741882242
66993248
975726296
745590646
715233561
588280781
228195506
854067162
795729650
952121433
327203713
643475963
113513293
523195566
120186330
701560226
755473938
216634765
113540631
680440826
108306290
97917165
525764936
735392937
469825351
63102201
908933468
197194022
716747787
554342645
422543723
751173875
272794133
542130036
600508995
217212511
855364760
109292638
770327284
903664441
891320943
491203461
668005387
696889011
445633007
52174807
598064676
472123268
182331336
821370610
29942777
880728021
71163468
832528149
934542524
285251803
324271421
133719616
534617107
103161649
586580404
75517045
255519708
111916467
59978457
27054549
948496270
273735037
669314022
381543055
553475872
126321542
698850619
534839332
822258089
932858602
113585896
113708084
278579108
787599396
615561094
567757979
402906840
2662661
983887342
209356431
603026869
15033070
147190904
777829006
699922230
743080024
624238268
815893850
95014208
69626675
38880942
492455848
577704855
251095396
647116911
789761834
540369136
646195882
53477003
1597166
637077286
571283265
158672366
926181388
257196706
315222119
60363319
434686379
628433212
722169388
875495357
324438152
845893201
70405234
9757598
194745291
586342718
508031607
125490910
364696990
793599969
468139324
335909978
830249201
9690466
231727398
801059823
962975564
134748308
956528762
132385293
370283792
4709474
867348102
709159814
744936360
194904060
723315390
509091539
202797702
825533990
146595843
868427316
716891257
758907680
170586969
974193805
584414297
369983305
935805410
262881648
934768813
662415046
46394838
756923446
110487211
5908883
47625198
720715605
308256987
820522498
463001031
966571312
345092210
381168362
790659588
326105988
32379290
899597244
528528298
473196061
96722694
734110258
41788947
457422076
472150908
683020508
747188641
346418729
796498636
733663032
614934057
768306101
884507541
592946931
460405045
907976522
134778588
575621418
140180612
931145413
234758467
213359847
749826276
422265960
457603869
3053320
870976191
21682753
498778354
60852787
335594629
501955406
128125207
663591517
998439168
59438225
939089628
354016187
298924690
398669718
923552815
419842281
845083516
241198696
763276471
496513817
635403620
212586120
954180724
432193489
337227848
85703835
137593485
6631947
641172021
313712608
503802228
97072760
574338878
25877890
624798952
745858815
629701495
550009553
85762083
161920354
726926411
414189942
195612435
709419095
272894030
62513413
520213089
709028009
111882729
398681792
136779035
512497311
302945334
425235200
161830232
862763887
869277933
10377473
674190161
3895571
691514300
816623510
364286561
843415177
907318150
97974325
608805337
676364424
486390220
701112131
764304359
365070311
829835046
974916109
482977688
682745180
101452901
889059357
471475413
743854398
693313976
893416182
621167395
105133876
563975636
106218809
29266449
690407043
371507517
235711768
500100646
316451443
469046496
365762947
145742396
663520401
508963087
873023499
611266751
619406134
11615929
749093758
233588305
137720886
26462773
116145004
762085840
338167781
654126435
652211398
133087207
413482407
440912233
478980612
680453589
950411495
201544356
971928496
156777713
241828891
542316101
515055890
825820768
854676338
809182225
835387663
265273470
790254444
319891328
966269060
815907345
724756747
320345801
90594914
150234190
455626109
586669752
307514659
117562309
505087304
724277833
514491200
495712675
269908574
633741527
520102025
463924776
625466906
175175127
430907741
665126397
727513985
274531730
514851649
229953859
212982157
291756961
590452730
314922728
382967643
753628890
760970545
2823767
582468056
172805947
441027570
77598788
91648391
841233452
922058977
703173368
659380856
938065115
642610953
247828465
71749214
57843167
70740418
929350691
99334397
530815426
525395203
401871084
76826539
42762887
553337511
100405951
661265042
513433547
825290200
81227898
356231594
659554517
527577739
721377471
770336219
93792840
856346747
189379082
706134284
497862332
263420237
631059453
295649217
93920811
919506352
327096402
393464905
998048548
731966591
676356496
813384300
21641654
611863754
582281374
399994992
561888239
410636245
8273831
295188612
501909744
472015265
813837825
935161393
50318886
284143850
957671910
174317053
772326019
490141084
114499008
935201794
220030545
632102727
265076913
303329985
799099046
408197310
634682938
79800806
258279644
414326617
817666165
90303007
859575314
284633760
321561344
616315476
995232323
364049698
529505425
933286747
337015800
882576394
632568237
663061690
441392692
439982361
93853632
27540407
18399629
385238032
968150221
516075422
727078795
131658233
247823959
555261324
464092788
634477184
104080728
334803032
923156944
716148046
724510358
620738952
279399911
270376028
146336357
247727039
677112858
482952997
23098799
619400136
437139483
771063623
79614981
311656433
243311518
366244202
360977579
934045360
970455236
537068402
608754090
118684951
20293541
2920773
688027305
172919126
9984094
882569036
379413619
410357450
470475592
633456989
243548391
461659458
290890134
576290041
632039680
644531832
412510580
297536208
992910123
548138801
462207638
259981042
504566672
852729510
360097703
193259096
400154367
103192760
846049141
783383371
375460237
48259002
19704357
604166233
737191576
216288692
968975964
588016664
496654231
596130012
60967437
408932882
755046826
63809312
887027557
329590800
414411655
223117047
406358745
459682787
419392113
11827149
790190299
308543240
223206813
366679024
818547359
922945832
594392415
347562219
934007581
783987928
285399975
937005552
124772407
129532320
734023434
390508011
945951100
267478196
120011321
710686269
908713820
252215456
109719685
479282523
783070731
740041325
239318891
394859460
308479287
755289485
295222275
41624923
139150293
7480702
625723785
764616538
883910040
82618008
672739254
866824902
155499136
103279090
51239291
396000506
909180106
464581889
175266218
183734987
341521017
851619956
26472653
35308907
259105323
71940434
337526365
672011998
841950800
157210397
4866385
105862409
133533480
39956559
518612415
923477545
747498560
405899600
354231700
219310216
449274720
426289994
41808622
36922875
661109894
806407844
60893119
723497284
931830689
461641798
858463439
362576615
296712774
118317433
27730473
31672017
790471677
39223543
668309527
349866863
534435329
763720888
962913520
136057138
932093417
998893293
135171434
869663474
76807007
351883520
416280086
2345574
661253598
989219201
332822806
160955439
337893531
232204682
550853381
43620575
193854918
476577538
59901004
822120746
941844614
654044624
101837693
356334564
17460333
600683832
612654694
61030906
930658191
698626286
784269271
86871716
560960251
428047670
207089471
819874796
168218505
192422119
717251522
773170114
326745653
49963043
579450023
9867690
284210096
627077672
513612242
120574269
22507853
247969840
326645158
443305142
927641788
853038316
133385810
519140605
450539982
209782737
969825238
762523900
910495108
336358618
55368135
907883378
586741335
713977363
125629836
691163459
145646285
856430773
209807308
609697928
422821234
339656109
61664888
93266828
705158594
334427906
843116883
819052291
92192201
389220694
488788091
880694119
456488514
55654636
320402367
198101977
716531044
51797927
307953042
518007989
500303570
563425662
221252026
780152109
881103056
936991825
331209502
434001278
11499277
475813240
596614419
755000315
89185689
39941271
709994146
893196081
723237546
438723176
59633626
667189712
32444386
912612049
45153484
467813163
711107726
699644011
882596534
698368657
240727118
478322248
733201392
829337714
370546623
270770981
240857000
823937637
548742896
196668231
777299296
911407364
191678679
570328922
814368099
507191243
201290847
41876981
77501697
187597129
155894448
129552542
206770707
925752326
189342881
928623929
141764663
128795527
723179420
416815839
789609127
357812520
401440465
992273733
407631554
868386598
225413261
261515391
222790173
901842046
165237206
660275648
105079281
963194773
396069322
159339675
1983252
520550264
708995862
869850686
784164999
991006593
46883381
834614257
35282443
501125382
219376400
998741731
140159360
955188397
828939189
914824110
134562287
121743970
926749770
430847317
329761404
155084619
260401864
629445546
117811933
189792913
612574156
108558773
47721680
407124886
542937360
74103249
489398270
205243937
417543526
451264325
958570022
677701677
47460013
882838645
79987158
34140132
478133880
376267497
117276319
567501893
698866346
415448792
147798631
282947002
256385203
23020747
573870055
589988956
231172623
324674258
887367207
765015132
636712462
251248556
799414700
241973866
297172396
856500505
541460541
476636192
585159195
632927727
61030587
53983838
646907410
48541570
655952531
564186469
63576894
123596836
962924644
320495711
129331266
335751035
386297058
79697659
945930620
310169909
584450241
444824607
518054395
531930031
577790505
975922564
715340313
98965249
567553893
695864480
64139806
987763043
295345866
992976392
718755530
840608667
216154556
53360314
621587568
66708105
125126400
264213627
143128960
515703104
36859059
940637351
310229404
307110486
660669505
372931271
686179779
924629967
324227514
666100256
647245588
643185755
391959508
143136670
600767588
59940971
738367785
141051702
149580725
654627450
85172125
112385997
696740630
63629800
518410188
657048911
239745854
738225218
335709485
373570780
660854213
317487884
387074227
705677899
683278662
697598239
973236568
657160586
519285644
473219386
12108786
876818081
260617668
744793473
626961810
508352577
287037555
89702939
429422053
382672357
688217243
618653581
46627508
255314298
561561244
937775302
989322054
263893646
346520234
690978721
598029557
278668748
99587531
965246306
89764527
815205099
41424350
583541740
868660638
220515095
471474403
531253200
611613797
350420836
839085704
83406720
59333230
434545218
930128599
209580453
45979930
135645601
827112244
876214785
191282744
946094721
957437559
303314709
807778640
318389925
563949365
367315392
16948341
199097862
489087371
354912808
781597961
914676058
859316131
23486711
869569018
366580641
850314460
118404718
487618331
9190326
156837662
311801726
269631288
206333091
156975578
309822715
4601016
992837162
140613637
353047563
106754310
34644468
734036520
168803788
4740492
24128354
91460794
690418303
195487426
309965050
484302680
169248597
97835856
649465260
743118783
623911836
274460019
125438648
411220323
960870265
268649956
669973254
920451708
32160390
481705953
63473446
40914187
1189879
846724541
421208926
140161395
623579605
138049570
799434134
926994560
16845937
785974808
730318374
72336952
784612499
738270259
466844677
270480238
189922850
332122733
305487215
822409909
524965222
113030279
672092526
675802888
406538977
774817026
52065345
146599984
817564535
943367487
91066675
719569633
883134064
59542472
472819591
486680321
223884355
149656939
521500952
797801772
739007147
949512412
75435873
291208907
846783405
527261419
338625193
196036092
731271865
328791148
399560223
485126220
413547987
735676334
60351867
18569254
1016813
693196904
176467260
593181923
830640516
689485816
806067036
10409706
76015315
19570088
924194296
122933505
484050916
228755831
700338211
470883399
87810885
729573454
628957753
578030400
162549670
937413432
382843550
840444209
286382557
932163394
414655496
448406285
335627224
446460342
38890258
253342203
15587743
162369910
413542460
365604544
53863924
346810127
181090998
749375596
830695969
879369880
807472806
292202009
939478461
658205589
952032003
92921176
25138791
106609215
69845759
458412858
428759215
400757632
749672497
91062069
65753210
548879955
847599519
320371866
966738376
874810925
805660962
202008938
921041942
249736871
145979638
825206735
393164346
445982032
116364993
864714019
46356508
757244700
641863792
83763001
409281648
980387377
718041059
908971080
104669867
510754827
115645019
452544594
139699575
624006403
175652496
328719390
919157782
981119308
590468724
851290657
535534184
125542050
721424322
181459044
17108226
941383232
149910940
923004417
812825176
429184544
206229974
766028839
51869021
27278503
455739283
64728141
430169108
972463821
45743565
85552381
601215591
234780718
435578140
475679357
542778422
560293052
375506535
242056994
302945604
881796894
178555525
101373234
62110625
858609091
168778675
79825868
30701887
98387176
336318180
28203945
721527114
493454629
320635007
518002857
6944471
292961135
10128442
15127340
671017796
263834566
487497988
66603654
831978560
956038628
89162463
773219537
79903620
22393522
607015888
706746169
733708734
514220521
567440777
478666919
54204928
405064846
776225008
409556870
200614320
868769526
32375610
620177634
133351044
163509178
241754301
46565894
251733025
923606605
740123951
682261145
763923631
8800298
986869079
767894380
891618222
199621316
723633052
346115194
81740455
854835321
137458249
298093316
869727668
684181154
173311838
521500072
347271404
362304693
368286476
263966691
374204128
276854879
873850326
49998051
689252011
629794463
670644448
851197213
200021686
865793299
500229711
439995167
810511515
232882481
220063040
834685866
767902077
788792408
162555502
318381388
84152846
113146761
155180394
640550880
272433145
256440684
398090937
23823078
185360459
795898202
705037364
175278720
874114338
115748991
551386736
574707142
527461563
249941297
708332042
266752357
815349122
588480032
739171409
6137308
577264815
666351204
849039413
262028432
69694645
93309839
306525663
103341305
363137017
916928783
303196713
176333453
987178307
335013397
438043110
163553195
968380765
11430207
967985410
893213403
939875853
28803206
142000187
163992298
425338324
575380048
915490715
109532642
268124388
29942900
200122390
58893465
835001389
216109663
273186932
693768332
585674021
796813880
472209554
17679882
720179173
446662724
725316775
334350566
700645474
33466787
586485252
642420340
865373661
608272049
367548453
141117584
84458357
515588328
66509720
970049841
73896187
131327010
757746529
83911944
753623523
122927938
856703948
137355931
22972663
122522289
111732515
837773461
659478715
886785641
107034967
854530381
122765677
327135920
265326580
476291171
411610349
143680912
23777276
812592695
919700876
67825518
993450288
146531244
492929412
584157715
840083538
280032356
722868504
823476104
903335902
16738721
67438838
155195151
307773265
414033565
576332366
924239122
663529677
195925528
47905993
939855460
270380186
107671749
659213549
126856365
135497627
523090284
602093013
211514597
509148245
194636432
598891197
476685207
519854108
955244372
240418837
904803318
821761736
68381003
47462186
837480645
143472727
33195097
333803683
814628654
843581278
876880611
949588219
623697555
744354621
108746172
946519379
130325044
877045750
513847763
431880563
331812101
160000124
297801236
273431963
641114469
174560390
620717591
751002160
219194848
896945267
882286185
812591617
500235651
1806413
122645062
73298116
713413896
547619017
198150422
276130380
414723230
579240172
952764594
127913732
817348032
171586723
128721566
606713739
719569355
517286980
320192015
275085423
480580129
861571720
45086238
976851293
208966614
315176109
76720489
575060702
795670717
825779280
349784463
374552697
119638749
308172311
842905622
110433718
69913238
320221309
316602299
418807963
885316900
824437948
142604482
607337325
350348874
111184835
143843377
53353706
440878514
8823391
138110898
27646591
546971753
292430911
67759054
124370401
433447836
778845819
22593100
418370661
850228228
807684793
106556142
877013482
878857241
382845783
63699185
747481551
100975434
333036682
518739641
99328396
502629079
685699417
160329181
613997965
985640543
208107996
320266771
712501632
659675476
85216684
608049530
664022768
871297647
455067111
714294431
409466811
573072922
45692076
626658663
350060075
264355748
939619617
533535169
17628980
208735122
695250617
606140823
560389990
858241843
892928888
864932182
789532541
65865594
294741037
903709423
221716912
22985798
443172144
972750346
665408378
832650588
961341537
878721651
714553851
382644687
168643973
117110845
107089540
90384672
721426817
253101646
215950688
145172284
756751439
463431830
32783691
701135949
393483764
871154159
630971972
266039597
555612497
654111057
184567454
459267325
130324299
307784027
937146733
74459720
867569519
764269528
642185602
792225740
319518032
516282907
169045380
78363756
60770294
575468608
188534036
990747876
520168811
605527896
707907811
573552994
527841742
526453247
139890139
386003625
317246370
722340773
45835867
472029783
43553397
264254589
127806800
872600274
995965829
837389756
418271330
831686596
723810688
487025829
167816362
575407427
897467748
31464171
332051505
190907008
770403073
421698517
666772576
664795996
2479716
636005049
907782547
18975000
244054032
663411258
322031367
936992736
51719395
206526110
977661094
455961765
640185776
978273588
476282175
583175040
912857439
911527344
256528275
201572709
314690049
613871924
231718387
541246373
123703910
21090079
805814618
144340320
963839007
231480568
6480512
156162294
845046525
680712584
614367708
57876949
580799747
205591279
412868703
443510706
760307837
514142272
148289119
44010419
949738004
639319399
570065338
189854429
349490557
677723074
123550894
390837228
840783828
273762968
860764255
274617059
927969543
45099163
135423027
560863720
488874663
550063668
688608548
357272141
933680530
261594140
382341036
160419261
442490430
236973093
449703752
712146129
35025829
769838797
540708227
485921744
441658444
682790596
806302193
499609527
20765536
308764328
233403685
340837499
212639624
914866254
198139647
863558472
716375444
657521687
234826175
708911782
128608311
334717600
600177205
143891314
550732543
521565187
273198275
241802161
428904303
874535762
897974706
345902161
463927466
169523925
96647412
893560150
214900447
36725132
696878082
334408027
612304821
273206488
5504248
94638832
285958103
544266368
164173005
419811270
455091269
853670737
910724081
672902057
126376637
586837262
3393913
900634195
8144077
355038995
792028354
423685259
998800101
180645987
357021264
912319067
109502094
647680799
889219860
414331112
248602537
170020810
39328905
39777592
404197586
832579704
454871240
505308900
452710912
659456149
500281869
350853116
633646598
269702173
117375424
93507063
110604342
915996130
991705254
59253315
452719458
683048597
127595044
674174957
889518956
411851025
5824579
197831241
177584466
746466040
352332987
245910924
612124737
38763558
361502387
114995576
874828064
708403813
35690873
701489982
294884962
649947640
563290777
7710290
190458182
8398403
153186862
394953101
133539051
799619048
539396738
861960466
869353944
481093959
943947529
434011599
881707309
13568079
914238091
665937344
458323039
753145915
785350073
342749172
45093526
625685933
27832497
867209677
262539056
951252784
97558646
66503627
340408439
872913639
133921104
50748175
676427190
918015843
45799893
301634107
805066465
662210889
876202864
7209425
820495240
950648570
531210262
10182675
663969589
759990129
98671803
55986176
504394348
73343625
482946801
188547191
859202582
643202653
348429148
580008436
243620973
938290154
560928737
698636432
79679716
902154567
786675921
991659878
140647042
797843238
642139119
255711975
731250302
191757907
816631143
99332348
421544133
757495994
959760878
669157889
177898246
27278387
108306115
512972731
564809183
140214043
142374273
638999811
919846671
683121124
412805804
557879379
558359096
614718647
580382733
394776143
734567251
624874244
72403495
746427201
396789324
72765598
246887385
648902418
844163133
235578926
767335161
378356429
590205066
94786534
234712797
859869289
120705790
214378452
364277771
414341578
631891753
98866153
957731609
107692053
530798728
126536397
21965894
483971542
852510686
681285330
150144343
931175583
575472606
98843594
668309832
514622256
476755746
803008373
143088440
624711710
860219287
221595
96635976
369118883
839620243
157146428
974627687
989483709
210197760
691117534
475894143
589095020
93917534
85419268
231249033
691863905
882755456
521847779
347110742
152569962
602778305
974468193
562507585
48319171
587681588
50245698
971655069
148952468
840388552
49471273
401666181
417966638
395359965
228020171
251113301
760543733
71693217
572095153
16407218
321549656
583084841
621225440
778934590
790367488
2593910
622715655
102532476
867282328
855033595
289375054
142629165
360237255
38408065
933927355
556452517
435371956
463373424
6481771
124531057
659261579
710110843
914881048
28863255
327999046
753938814
690549558
47981190
600890080
554943697
178834005
371992937
316553408
83666746
474737251
674673666
114050829
712349962
476507056
398750765
231817444
58034054
27712915
506910376
359428600
8588040
735860795
776654969
297434059
766783897
38987583
846202859
21138486
47990956
357425321
928460005
127151668
5447080
92421689
205742137
627816456
721836136
601287870
945278803
804349992
332111204
668016546
681076949
321491926
177486536
77376353
732007149
578788915
803669950
784144993
38698661
608525017
463524698
914775391
904609266
95530434
660115597
576708101
282050507
10669158
261140904
957939308
144860709
12335889
614901534
122068244
289888544
691684388
953141696
148666913
782945706
135767886
7102733
844350321
679246738
176751530
497088985
166840437
556028756
550855201
309755189
182985191
318253605
344284414
31933730
529436877
941823074
646810242
535861494
927871742
372299919
515789623
278724696
289038644
250435721
39943742
543527578
670491323
629043155
655005900
56497422
919468498
596006507
4543811
571018211
768649993
170855940
418975790
774661770
727573324
116784885
931711290
668578631
215960564
829709928
501630589
751849083
291570892
117046239
745104660
607437872
215516916
85173899
308996434
620011508
482347661
873394371
564880270
740628368
82683220
628423514
37201084
991366741
694897857
837319371
825408209
149106033
415356168
261231218
510315682
70526097
223624203
135853320
79105195
114940300
855123575
254542886
432194853
426066135
710000980
370369356
572422784
194580375
40981676
37233263
304886074
341058398
92123873
381173797
525783770
