12 11
255186996
748430898
396287378
959606142
803342180
476197682
461957628
658937775
505456145
86868571
852073049
971287771
98073502
410908397
688536710
131202356
433381672
609663778
105567674
654220436
774377184
415300634
813554693
338640328
889971102
865293124
637668347
228439169
310883507
266925141
161616518
274349791
232561165
862939052
163613614
107681817
872264111
350152689
541409645
889843178
977800965
114320894
375376296
70183414
350386688
963163002
806846851
179966727
582218686
286529621
222979194
187728564
383373266
215927092
136211866
425333990
340218930
774145888
497177270
726884695
460170915
684661201
505217207
186297910
956597072
565712928
291420417
430979096
705871142
277136720
302022089
386169070
766474974
568697473
107477416
767565486
718432285
276305889
10800847
259025627
808564816
336947462
736794975
400780144
290353078
406306824
888435718
772034376
932734167
258608857
532722883
747103331
1156227
479264953
8215448
703537703
117591622
141391362
92119867
604509014
66532396
947959285
827483833
447749494
135829601
276004137
320824753
689772183
745444658
696671898
324948428
722647443
543245846
26424337
664998375
251669030
486526100
384417583
997552908
820260635
2995485
483793857
87994368
497997402
107822241
385258660
883434365
362058237
539680349
89384832
936619397
372225854
970717462
14508557
195984961
968237143
843129470
307912940
294902146
996101505
648045566
313738782
206670697
851576171
935816855
359121031
617767582
380688157
859315988
99378199
843090697
695463655
270939500
830539859
829769723
904241610
802958942
277280620
349029786
725626620
90344208
201254866
446398350
192978738
64498132
618656328
917289176
496391539
24836222
602999107
876781948
480764554
494252620
844346190
759665371
85377855
721381013
212794902
238984477
646511308
366512679
480261879
12066317
600822911
720553330
967831097
49643879
35684619
79257523
231195222
535846025
283623000
333418960
878680308
936575198
171107301
214299910
310513129
613369843
514562020
722465784
5289977
941990777
520733542
832169511
843514576
874023316
759001473
736819292
77784156
39298622
337263657
598195597
745810170
550633894
677971295
128896836
204602634
612728725
508643250
568779744
825929278
560013297
275214936
273972073
183567309
164419280
797324535
679283382
534881661
34866210
579226691
445814282
726576000
604361427
584686712
830001657
407844549
275549457
390420658
573725815
183108373
405611971
362032817
18905655
938081649
63329208
304033468
38933291
721144291
448348816
872117654
841643584
949579586
676352298
478590987
304290343
47730992
578699462
858877417
637325872
515874263
48256361
840039719
599802578
509996014
12801587
932163964
8221985
26319038
821240278
542024965
430429645
762172434
914486433
986040610
36329485
790152092
665810218
65680645
912555265
940627956
233989296
306114272
387179663
818297730
911541905
929741759
805054340
200179361
742626104
807330498
357169918
721517586
944192127
481843918
420943279
76946302
124718696
963576836
730355452
588606978
492883766
102155319
601371030
308313288
883202847
547515913
135185126
12631634
270073208
70669221
455669270
37848296
128174109
547390161
211570257
437480324
954232978
718571670
103087974
701882413
310646870
2869614
233090886
726110134
349715874
881236371
215871830
741958146
740125775
767500591
788043977
114288731
48840898
462023766
248818088
181566698
388034624
71084182
100787086
370663422
77050054
216093447
30065921
476888167
837082268
767311281
538089095
575585735
596462445
190793494
165921155
85262449
527503677
579767421
12087583
917807961
915481018
754241798
956740487
836337926
441071413
816051346
524279137
907844339
28272413
28739691
881460033
988780727
156290618
694401496
747322328
249198935
458709487
133769384
629903772
123199214
713646203
144994048
436367594
116483790
817121440
316772314
74374535
796552131
712397352
871188223
82452654
346121797
870897612
675471888
221534652
550033910
72792760
459274970
184065723
621721305
343822061
60013913
38713947
767292041
266685981
103390875
703483192
137819303
717386602
762524934
527690610
568611622
88841967
143142769
163805183
222773584
41458503
832838616
685604313
835472129
8432250
19477156
338126264
389900325
215618901
161665080
623393013
211583415
810684368
148774708
564569595
493518426
180323781
694787694
337563716
508136582
254352097
307911891
868798975
249682372
324998746
255474756
901587954
738776092
47034020
55631370
668891370
81755720
68503151
20166040
34525880
924074826
110135138
929275814
604754033
216288323
458016154
126508356
789212245
863950043
922867764
352592821
106490022
443504009
378885405
893672858
561840251
20847091
692899797
60791808
780174445
512954846
604817946
16138506
10695236
94863379
153495582
340795907
104841227
707819404
629002342
102511484
53261957
107627997
392526568
86744660
928963440
465845905
492924212
839781040
691932198
14964636
639761865
110628629
447270571
76832053
517175932
105438699
550406067
990278522
694534042
795490673
511542353
947393492
905174630
820788387
339860530
129306572
915783712
578925612
438606303
10965946
962749700
497714592
37530125
185430976
120985385
821722323
871271323
142589421
28743800
253318167
132404611
45871366
829122649
241188605
451682732
330317159
848907312
757941351
576150798
730666289
337396575
884296301
242922357
255761311
56171944
462731147
992193467
383536527
881120704
883673425
761206856
486488739
791376606
644094084
775002701
246241388
204160862
50534330
673425502
759437347
986972427
156560332
168508887
82536862
848078000
4068734
501393851
942163947
661872326
360661103
278622533
774060488
539661007
830223508
685425313
869954316
472717777
6215686
154441423
141429589
8235902
995832771
595383755
574409203
99876148
729118197
227006484
355791751
120677263
78481921
287279894
271753097
557894968
700987782
572884651
399689290
160609287
832342223
602479093
639979293
9493919
921157577
705149346
554526376
533886968
863673978
65268032
904833845
981980938
543351057
443144324
184291522
709163366
466049912
870431216
222201203
251420286
318231997
894484997
672816286
50654550
21373267
151824544
851757413
395692361
500257643
731567452
134757481
120408264
44324793
739648979
609374604
758516719
158536142
52844863
565800279
984117041
425320873
754247610
89261905
80194110
900500422
800729355
37934043
148500687
251475431
403638975
602550686
706504039
990984127
605764706
83697499
151444054
166655846
911255353
40989135
93161762
495435864
210574023
67361017
111704774
869000358
284632818
798052108
791266163
206649972
826336750
232968963
91847691
722925841
488029205
745962972
795489305
847835051
364020913
395579661
988442663
338200785
389612464
855345552
825153732
781893783
507526262
444578422
17525126
51227095
765085027
470002084
66735431
781032245
887771601
542166593
25917553
96349409
63495327
463106121
98371289
608385737
103388080
415157097
655630043
335391264
340470580
440578759
99138572
221566115
580833587
84369145
769378478
145284168
49121936
372352252
915125956
95153071
628328342
38319379
864828034
231778286
613228094
157614268
81118663
114394584
51181382
696057738
202229444
487688963
664850552
928625554
220932737
518294878
634399210
636229322
441593251
48466502
571939478
513163288
538838075
878709434
611409477
51403535
958712556
611289424
833870023
945021582
668375547
880177374
341625450
387532551
794206250
165192250
224349153
782059685
547302663
437445432
799941796
173729386
248712322
269449515
934657989
992566161
680301296
408172237
83160423
544835367
221863792
792681681
832860434
20362672
238280553
265587165
529873327
380425148
900694479
816900455
158567732
400303586
800809288
493177869
171745234
89261126
112270914
89286708
451889144
559214236
578797848
679075715
131670331
128410941
691004283
540841061
375770615
980102953
230397238
451893763
33854869
136486022
170324913
370020758
790301121
701338110
178550085
476493459
130445195
820637782
55077828
529353568
919084570
450839479
332029854
679716900
779413287
815573732
721292585
68523604
163419451
963902089
774687653
341404156
874262237
39828108
440276245
231538816
936218274
205424677
395534962
25069719
514152330
125301130
216666101
423525494
678789230
782060793
668239499
76910972
678586535
341658337
787001056
24345968
114145857
364917333
77792621
847459266
80668181
530724933
568872878
311429835
935706817
112870655
168252108
743481571
988407546
703212858
160547317
478884102
354627392
993265119
136154176
89653455
835058002
278213503
345705034
695670236
816438457
342284351
482357491
78231810
407886304
473333662
86667022
427491952
272689377
425026056
968762767
344421426
425245973
205721155
99698953
989333259
972474164
208462102
977085797
822265458
397890323
488154691
108533884
5530777
374312473
343813934
58934442
677004111
116975188
457511644
197397979
899597903
92766718
215641613
62713774
384460200
146591886
538063356
984127534
743020539
126190226
424785112
393182314
816602536
517450228
393358651
548078398
638680701
996714721
867584304
225297534
828546816
700022800
318074385
245781384
388440943
24741129
448083356
799023243
370817953
980951641
887935916
56469705
542631649
902776078
3994252
559462272
251372258
111679186
142696568
218448051
47557853
347692274
69297893
913432687
227811298
42045283
87706068
873865087
263609814
295713999
850392677
86916968
692049115
552690114
304820310
396427990
492638616
990223952
882937211
623817391
536261407
929106202
866938752
686990684
467050275
743840021
894906237
433319659
202249405
64469389
464267452
517386538
691565433
627283517
831526818
606859592
454172159
95847679
936620283
481897686
370115702
827999029
349520917
478191865
28131666
835997878
624445820
160356475
685769112
793424385
402893882
392946208
195293006
600046219
145998033
641781761
511951866
688257451
77442493
152881224
271425893
954244688
309480909
100175379
876188790
984662671
553960319
174613142
720032979
756381640
348584733
624006604
513437792
497716475
93904002
940033076
656166702
121321729
291687056
562883044
37743059
367145667
200654521
453344566
37329302
63910158
503322379
865620471
130388864
263799434
184909965
503054040
282310783
652963796
625910130
978319422
2945244
943854295
673815229
969307239
861057455
241229974
686072818
917828829
194332948
159644672
288604960
446640511
33591504
73087054
671134867
83820696
105742687
579440332
945778324
797329121
47362482
659899715
534019179
199695369
1695650
778529052
834361166
225427372
116129921
567308678
634142484
566457710
140061739
306239105
774975995
699025051
641694528
605914346
517006042
913299292
10640328
166269761
751045616
65025487
29146076
857913988
523585876
525693894
664459883
70283053
417850544
500294368
116799260
538643522
548612901
475615306
196689885
366164286
351007259
201806477
433113924
987264762
94726248
520378241
30742174
126982098
546946005
706227697
29533026
414836185
20193542
40764021
73861754
388180792
776635485
230706154
899727454
714497046
647473571
92690756
721036970
492635572
629167696
71899495
504056362
978647253
893539393
87335695
823425833
589729279
956686321
558660358
567530955
839597404
2464024
995740158
52083210
145924060
853551550
209761401
225471899
226572074
169606732
35736270
785851612
735455964
412612829
43180522
764874526
438097725
29194187
144795069
497658856
74675573
956183254
898558961
859349935
221785724
334608727
908988130
736805577
376268848
661952410
979207395
32588829
587304274
922397096
1460369
841709870
335750705
128687131
236888848
292270331
176199699
505692527
269953787
602351216
784435014
289253894
81855040
342854579
51764911
98021393
989220328
967794834
418708554
612352597
850759105
154914178
61241549
179136570
613999095
898749026
238547054
90750497
337211441
13886105
341344724
381465202
525483488
409672774
476336260
839714229
354813689
702822064
218677529
428696249
30314169
555540692
20718113
971617067
138663739
142664961
618440234
592084987
344644931
237412869
540338311
394044115
601038858
387146996
598686642
894277137
227074575
165653165
672806610
666687184
881410274
710099082
377561341
410109094
545733614
389409374
989056608
598123971
262397788
128724470
298458698
784044204
508077819
737088815
931598718
293172545
830740874
241761151
739635088
616054534
844482847
196400982
605601586
962345270
45977926
809725096
926771474
961688498
107487281
859125508
91459704
104282527
589465424
861367385
477248483
849729964
560881090
594018408
588874878
12025408
45781552
184300996
324023993
26561502
648808744
801800015
750785108
225110601
616401379
134346592
440876751
679932850
760551672
687481937
544456473
988199549
380227441
517882805
172217018
216773868
17874296
995701588
766052845
616335624
951743469
766154644
990271235
392272146
193089226
814569045
970127921
98484288
750310139
851625782
727265206
580471775
762174718
271559032
438916613
10957117
734005180
25239437
138164517
54656409
22403390
247927926
980508212
121566577
633288401
37199612
324048046
29429390
924167334
704652381
295645797
109583097
651525363
279506313
365921277
809524975
139938525
854646169
521904871
391697397
46490427
827602836
586237259
539569243
899650375
415395542
416322820
347475633
518989920
358281505
344318210
6409851
897417274
767717540
27796967
511792816
123716430
21630766
478838629
126207162
658626508
326075904
19509404
709679706
745861958
685131759
227382945
667597084
705738322
919758330
309984162
765485855
69519566
871189103
725686696
446515446
61334785
884745567
811865864
972614370
25004752
66722266
7744182
370653102
248243404
781917978
763986723
435002687
695907231
742647205
234849395
320484915
511972448
695303464
286980792
972780597
966258004
420368545
436885664
169083055
792552403
873186441
9881197
605190630
385815499
127754270
521299350
474728518
333585065
457306719
415966632
694342537
52483647
584424468
517140006
488172580
527927920
721143264
13257968
51980155
458355728
885291025
492844042
518425571
342870643
993597982
883176320
644927340
95522307
410316410
466972347
919901097
796683401
607691185
746371924
269418424
768924995
328618045
252330150
680962401
188064050
995277530
872012774
905458720
579330049
955834812
764640442
361598264
808563728
69814704
285750041
996566529
171871578
780588960
478278104
713872427
143813373
782124508
93075474
669938267
345643325
781981599
337992391
896998353
88242704
273323330
560677420
270046984
948785854
866890851
311068352
444237675
954356120
421888614
168936250
258186648
287791060
819614976
592473557
142513240
85708199
1931595
748759424
812214073
381474622
35671809
674208502
105064343
83348683
692833529
864662241
630778476
225504731
614646346
316568439
25745758
779248849
706794976
653787931
738605004
149517075
357385273
89395999
60690667
114823006
180350193
953029035
521496792
190256923
661933069
503697549
90245616
393188085
117935744
584834425
144173883
624106163
341273407
618124272
834858898
210368815
532627115
921245754
186832167
584994551
839787792
846072176
755610277
331366792
536237541
882874206
41121055
519848535
724822015
133133003
829305297
510288525
950160852
392562573
937844984
455739796
104458152
251762485
85911413
451921106
970151378
657864177
457661788
990987839
559566505
682725953
567115905
688867854
599960164
791886518
845772428
856509691
387404177
197973501
346780271
210848016
59194436
887623750
217365470
576825072
811672728
283046115
106129719
827242382
900840503
740122291
399516978
866795755
758188303
957799533
182513844
683284624
79963250
727308825
74284780
859690244
560043974
861226894
510723399
451696993
680966254
190666806
592461775
601619004
115195699
221642969
486143564
433405988
55967231
93171050
99953508
755661051
33839972
585233207
584369067
837839969
498902242
26359285
317352666
535207796
93202609
860789923
499612903
248139555
573815215
16939811
69476805
231468898
653229907
896808549
185023098
573491951
469708960
342619993
147964933
694740230
499722978
608057187
86848070
757458594
945291794
900754648
469044679
861958223
813818306
994174801
663844520
171399512
813059438
324823659
147047125
102344502
825193404
397118445
411549765
671873053
251793812
166293242
888867434
352771117
930181599
242101927
40818413
126938284
377681494
49808707
946517282
494718532
135940525
385225065
181594607
242013650
96581311
910832983
873942623
455760267
548684034
581705687
990274227
170899883
3575304
61511535
958881357
581874369
170881786
142273353
725733976
207573282
300601056
848838100
908860567
113881048
733689624
241944734
497105855
6383291
867588130
455068030
118435784
307687582
11058737
582867850
206712863
97263617
295712144
773852808
837534289
204685099
436181706
337512355
380545157
282072820
564195496
925917638
987408117
352499979
948148871
779170015
921706639
33527367
450729309
131511447
534248729
67448486
569202725
995594488
697679504
31398807
995860583
126684012
840015070
125502293
107509862
18777960
703979921
787767850
1850248
35921597
947072439
454990748
609460508
884213475
69901198
933981686
283389015
593171428
62778037
45996247
596716607
14910690
901912928
517459970
509332894
419643163
449029471
727262657
242777639
300982969
298313384
894235066
777645654
651280161
277819088
425359223
549945161
323000865
849960241
29439191
112173139
279136533
952477218
208571218
869969273
245672093
71995771
466153070
286019183
97136360
169536544
239915005
160622249
59558699
186199666
611061848
672056876
11571297
242495873
890908140
827588494
348503032
678908808
444237713
598787522
729451972
547054014
107272589
82974252
33183170
130052071
435795614
14395101
860803263
607877289
251719737
158810170
19199692
301980420
868568839
784008577
265769340
407247818
253503100
525934235
82500791
647573396
705141346
417870333
209388279
18944235
139377648
575185362
805984288
43547178
770281232
960222082
913639355
396844912
82186391
854231305
540490994
985058547
246397228
379339665
799509666
568621458
344280250
180253447
112432157
113538324
268702134
48417326
222727870
60982035
38490160
197688291
779792496
41916449
930414935
662651091
548468787
539721192
571033357
565707332
44787362
605825120
331030051
358641900
499555376
453320613
765104247
513167370
988909809
469202103
557550475
446932782
541891662
615123445
911005127
76284500
491176588
294405224
214701699
721102292
595795409
923870567
783890603
782992909
273387366
582892438
839324554
804054481
552505586
749438631
180000869
13732962
397788461
731982875
400273371
139463956
770179016
216406609
645328903
53084643
447819200
922564966
698976574
749603001
530978302
360014596
449854968
654564641
703247407
850938238
478045250
251868662
12869339
681019091
771935114
795472180
502636039
316999889
248300363
59450623
36547985
575990388
662660273
525035601
857288943
212217828
390921716
997349144
649221491
72151286
508406396
124359811
102167985
247859766
102067300
229286448
929090494
628894008
597837639
788329682
888641635
274574789
698477400
293978885
520792355
50057556
910202714
707541499
550946733
150443019
145775350
719562789
199646224
284670252
262679542
564193345
22434910
955657010
760079253
519858815
137036699
867618186
457274210
528386230
696986384
427755935
115966716
123219755
640152816
743348260
151620559
655138569
568408822
484458344
92728096
269028764
423612108
294869539
930986378
99531261
398269917
831748287
950541574
863309344
67610053
426718628
595215649
115636569
10177690
978032205
842636863
626112038
198788372
369250623
731209789
99451901
884570113
822316179
911439984
689430182
844714926
22117025
780044000
277051539
243130023
312074420
290020150
490530912
164589068
185280617
146252395
693376160
635726825
167555948
853999712
530882817
14517728
723658112
92324425
98639713
585750445
465903671
993367904
749403023
369742595
96088599
443197004
386906908
978919515
575703862
413031768
830990386
142783641
256620008
875163891
290697592
211093590
853339878
113552251
552151040
588392341
964707452
513778647
96633871
315584372
218303081
861115206
733093961
479195551
43451013
17953322
123514581
625606732
741433774
864709917
674040252
311918298
32346020
635666977
289186026
5118764
265839066
709730559
781668566
229452555
11882987
417680379
311840527
718707368
135086201
94112332
247509630
338338290
316632371
700229895
226324585
310409408
610302378
944165438
660126888
766745077
189921452
501236079
258607210
115737233
565654957
505442208
48283592
113020779
906561943
60659138
295690948
182085116
712580100
41720517
212390971
791735762
253341710
379586159
25295692
846783299
896509424
717547106
687130793
586063546
963178024
141870510
993078315
995088417
327520335
210855765
832612275
205371010
968985496
256408218
877854420
115661222
875067981
891327777
337340352
300074001
255359581
454883911
757851915
741268332
989173745
313118221
524424411
26613670
294918963
33738387
632713354
28694668
729662670
806406845
894540826
800348794
342662028
970605392
984060452
159327925
120033172
457465793
799127214
15477937
606134027
508631488
698236686
261832735
531959300
814226341
20868461
216225554
707330712
525901126
162774504
889460390
222387518
683860998
825225924
956727128
395987508
323931639
430015620
540334040
848487340
975157906
859919250
676133177
147335795
645645791
677932038
864346409
607883745
328932864
116862127
94176812
40150816
979100614
236008564
601978572
330844768
319556022
254374198
352035996
368574428
148343119
849542908
799081034
303251059
83890030
543535476
184621537
909204596
327441293
664717211
612763136
556370577
384032990
196841029
132815486
226972722
47477355
391716298
681106580
101489291
759576195
686292210
494237966
332426527
169295589
46021210
634175139
515122264
901644565
563946662
292005738
532356137
962891319
94969420
927187693
105378579
297542148
935587188
481349261
918129111
372765311
188211470
475093196
245143570
701885038
73110592
81299850
73916518
260207068
82650347
17935170
796983811
175689120
54705060
697772819
670113589
494397290
547168094
956483999
137550678
766978594
7838620
136680959
102116321
15403014
850085645
142768653
622728906
338365618
491976085
694902185
994598481
859838196
710245542
367507346
93713020
372704393
49539086
888859570
796153582
396843133
213939365
133517036
850293909
413535076
26392522
275019932
119811212
541725233
73762194
31806491
289170910
443177756
313313538
814287352
769560104
692763171
186931121
49273782
623612928
387756528
981460071
109316668
711857291
125098576
142227669
193592162
517843355
436698359
775712296
622266906
290349547
416772910
475240135
582081237
139825533
121161417
818531712
389599546
459920307
10932985
924821076
998554828
335021212
790329186
714175238
665716150
936567971
552845758
674641088
325084837
235599771
653572552
780821954
77468547
842787438
651870849
327153366
105851741
836067909
415152715
384158613
10195600
603905830
951486655
90866996
737759970
184255773
441078140
516991813
615305260
335062092
413864541
661231703
849136674
67803824
774881694
402061786
678685312
970778302
389943466
396065622
633446458
424920485
641203677
725729835
966621684
876825235
73643242
836594511
656432031
806376948
93424103
140344143
798677239
681147926
680737410
904064535
561913521
651776871
767580324
883137161
685120981
83726754
704434102
484967022
919489749
719759618
704034290
283689668
818240862
356021745
685052118
834979266
3099285
598481058
980195243
413541096
771349936
829612025
64311805
320158202
868788995
702951022
336794531
316109021
485503977
886576638
334658066
358360188
326234246
471579792
87894772
533475421
377882799
817478957
190760199
146309916
592432019
240583394
596599950
296529238
41567501
146863075
805402192
829491359
77762150
817565462
267932026
210383385
834968456
957373872
818575828
425470010
623083855
283130454
724665398
128966600
28352368
828318063
415399189
255592485
317684967
561856311
44047884
593798785
743366613
433697328
159163894
387316569
286901049
829683254
471937342
45904308
140450473
608514360
487570808
839439886
773579036
527709169
805872034
97211705
840454903
741642107
948092184
871219265
250938121
702034595
244749304
809901727
772640131
137013650
940134483
486962352
420478078
7475502
142946594
976206184
128889581
724365087
866049973
238086792
366450785
377868841
555889617
553018829
524436005
615301451
630661703
485535820
38144874
353773738
116320966
78921739
516448465
246505981
880434714
397194073
592437940
7910779
893746288
898931107
275233003
991671501
962448289
383850753
75872842
438831143
152675915
782499449
623569400
78415061
41466514
132561689
588944541
54789955
358700093
444724937
868627726
30341011
289740179
34840390
468325452
883045218
354144512
841258851
37625079
957772985
17399968
276169586
664873808
472467147
32186416
847735359
755716002
582768154
87841624
172215335
717927998
764243328
129573547
133258839
56195756
106950962
313084544
633989813
499654767
369751054
669570899
118465396
275381609
428397405
458829627
701424412
162580931
758084279
279938959
682085171
288012296
314631134
97983306
943967746
702549738
818045385
749711845
172459536
878760885
562401828
993933084
512761318
708886675
326077805
437445275
959859729
136799643
615502338
506815267
884986266
269897958
34503608
510235068
564835386
142539832
654942938
640485494
20260478
895214078
791418431
780970591
151729423
633242439
62812428
117070454
821620418
157379351
678349218
254975889
94392736
476962684
967945147
227212227
756030918
494802101
65616690
461585449
830950015
642101666
606883990
61783730
544608755
97101306
572448583
7107411
39636996
321073211
932151601
816858128
408235588
12656212
489401214
831665875
515711017
242393239
694616755
726842078
8200226
463670044
225854981
298124156
318918922
333680384
388806221
192863433
174846372
190404949
850691249
847524937
654532063
520622815
92058386
71796600
823464450
131912228
273796663
171016956
702043663
727749561
417763186
459144725
918500059
761138563
21732622
414028432
36794600
510698152
648303915
363941204
464022173
248923365
259667564
266579923
930227938
523361582
832149377
301042728
671263348
536667928
497693587
222770579
805860752
372822805
914520640
530892418
806489592
865253760
6138432
39301401
893846715
364842851
813409063
765995522
842706577
606204241
67203944
839966556
197356565
667280059
219283590
931140990
187549087
701578875
406877027
80600885
975842254
675755727
141248912
981646246
678890071
46794405
605276887
359189084
781911296
810549793
684840296
518363861
185855431
94598564
644571179
489724595
950815722
416885881
828839896
126250222
58915020
293747500
432681507
176494537
629129596
242752971
805863006
378648009
9571436
417617039
521680157
131220076
49688499
26791652
108151023
455043611
8564013
640047822
998382278
572426024
640975412
139668367
124072847
85131579
481678938
240678238
689892339
410119614
157477515
324787986
613054621
595836167
58097097
40618369
901385777
8810331
601533689
143889139
411684828
11849023
903018099
485100230
984060770
115167465
146977575
290921005
713011004
562142729
609244534
690937043
963498565
947719175
891739141
542027307
326794387
63805263
99832199
289215375
607206922
893309188
865142390
299803677
405765306
313576417
605153854
498054514
283851729
269523306
115064183
474713064
135344562
227062458
972130276
1468759
174386646
535435904
692277651
775266692
374565664
524838657
749065879
958279239
942493744
126368368
664811531
163717648
846304558
722512804
426181878
440480791
113894614
429340271
892237227
740315
669686447
378151899
214543445
322369794
114644639
414018509
953059411
227070766
545760080
515768573
403449990
125114254
641502493
195941157
42964498
731218889
337171731
655358227
443240941
69322976
23456828
518485914
341680629
408753065
385409602
552677026
218270465
69181157
177919322
21892294
122854061
379818442
265736759
134384580
218920744
967522887
361459487
929961206
739785719
13208960
580970400
298289817
783531072
836748453
732008136
65397938
470569485
109612620
12464810
455365533
216395026
950942305
348544570
272595663
532087334
95002728
245515375
856290370
375718240
568159275
837708857
501876062
662362752
354441756
311787240
963822235
227515629
979563387
160692984
208184432
943105104
412028338
754493349
303816910
686836285
748359152
456017703
59525541
633309732
812617448
596587648
301884216
806784980
38428833
338354669
334860362
944353283
725132683
221509463
420296145
542015587
263167252
588208294
413694255
342398389
523493869
852810071
839165801
400899282
580831416
997649157
424502542
930137365
849251978
923046703
244093038
200271646
127478178
698459369
137624733
988525510
293333653
654882161
200953592
722635812
493074047
707456611
287967715
483121726
741620319
79978476
76026437
315169807
151884023
239491358
962421560
135971284
698042562
975666427
96946344
296683566
505948574
14738111
580588896
271414738
274823700
295701116
964391956
162791305
205977442
473833714
714252047
649478160
756192858
2160675
580444846
980864018
640741
867242094
8444000
248247547
615934686
734662874
179758529
918751320
732615809
891283654
351492810
773822522
519514308
952884869
223466247
336090233
614507236
910828297
611407585
65162650
235180552
423278646
492634017
381983345
785414348
187838063
351605848
71440850
455999048
57887641
65930826
890973275
671932956
726632822
651976248
686334876
183072205
65454087
180058812
229915807
707630556
587733027
82499037
190059310
303554673
508854968
23527891
623906792
191881635
289088470
791634297
329117469
861170466
251452551
314376827
1921818
400469511
290386656
256475668
821628803
159947322
399860438
334055070
331940362
938677768
503431302
584686954
126057332
142392589
280152518
847626770
253516626
936225944
618561754
472140849
592511030
145395321
37399413
952637230
661976938
257168494
547868560
617817888
225383934
580602289
490620652
975777485
14958961
623982615
82131574
196571487
842696518
373852142
928585234
370249218
6132363
331226465
444413268
223374925
842127977
559185651
878763408
650459746
124193798
98640838
169499347
106612586
124442620
659731370
195938209
431611462
964756393
710762188
514968642
727743756
631619298
346451984
915104384
968437286
836700178
683078382
542373393
740102608
111590776
730827998
125268473
394100026
112412186
23699208
544053247
442635363
521307253
805771991
594073170
789970488
702824101
587471969
64180983
3498243
635488912
321460539
630259056
615849150
781370458
192722470
807210095
745455636
976929054
144391107
885338983
615101696
249203002
960421729
264295129
449192372
782492258
766693198
992784724
393048264
927877947
500254817
99144218
642302548
460719990
995711617
63314203
127942305
289004783
251164684
58200131
764177757
964271790
70355398
172691834
93740489
677089336
255343197
44867383
718798059
76422163
530853753
616677843
456930011
743442172
84817969
525979449
425017958
609574110
25766049
157945270
999945766
777888604
659888010
695481525
840243662
522242392
833002786
621199611
229007347
924194991
569740896
366869385
416715738
553742113
123278367
458992126
674762906
180527776
405759403
416011327
89344529
449628109
90900133
672172865
399062704
435144644
438253799
851371
131769340
929906119
295956691
51380221
367913534
97807014
551451000
289039647
897807221
374899040
319097154
367340491
483722148
210375995
855143071
263640189
127978674
254379296
626772985
679108762
916429535
862854375
92764704
796313080
301313610
889481193
400156539
309878039
150868453
250215413
114590176
921633321
370433326
248313408
505275981
712361148
428777663
392659926
212955606
78469846
284222419
537584082
251021072
87998611
258593505
562808847
10322459
570612196
232975393
44552161
375393794
802407004
727458801
925674768
965890301
664144975
563906761
445625510
626370578
119222114
649561606
490503497
867739537
751897304
289032710
601135117
622917726
59660166
29199067
917975445
14428731
32869892
290718454
421005017
677684738
244128365
280898906
391020298
333503068
407139091
25925252
262757113
779785904
365948671
590788552
428502019
309376716
51153756
667209936
656767650
94820144
19799766
788921256
516254705
71646333
281692063
839968046
487946904
923407437
778632650
812229993
295074447
400606001
991327944
85372259
504878312
814019837
590924228
942292682
927920787
504672773
929846285
182026901
554283948
65039879
255385263
67851124
14071848
437905590
76357936
114720404
31974221
132959775
15473249
999322726
499608838
497392864
239181246
337083216
814617933
147743386
83622526
185269358
106732089
262715153
440804000
989160203
518038441
658096217
51271159
104082486
682093803
748152406
552713034
122688565
97027926
318831327
931866919
569644543
331711130
17824673
663648509
99608308
100236516
593380591
829779618
900784393
748770079
651828749
644693977
676922561
864448572
963215361
474442083
327246152
163042016
334485617
547958974
883345574
988178334
559111734
621875195
614251959
473537487
231403081
785705073
200769500
243951428
648188795
34364454
829275508
575295209
762049174
751681206
52146074
58697703
732303225
984279962
436300253
935747113
954069061
629126121
342835102
125053601
35968532
304547854
55707240
664287177
290908799
957938938
314921578
339951272
829604123
260466414
351814111
658370282
450303354
488835291
610753189
948134503
686412147
647837336
680198598
802574485
351912718
924800361
128058911
43229096
586042794
33021044
794807691
440942085
368422879
245640960
910756813
988572997
739364983
687907377
603551740
44115161
627956870
312440940
503142308
464550065
116759683
146230208
820464238
51487638
178038344
419100236
219383785
450750613
140847651
617035139
481931655
792509460
194062538
272490170
828350896
90314248
889960021
635513633
807051903
240619516
827381365
723103366
184943045
796007382
588079170
593058027
699492839
26108507
785523333
302308786
153478848
889648931
687825406
700722635
285685017
43840451
724529323
435650769
268985304
17543733
960977497
28896911
213590132
418592772
948138855
259155914
514436066
256392775
842310533
276844097
70962602
211084166
573275647
565207731
75647944
952612872
791204371
178769819
972554781
739327995
404609317
685444075
782411708
141400160
738889612
14583700
853326745
327632978
529164379
230733583
566186876
15162431
721093263
100220023
671648629
375491216
300011829
772838907
599923401
617343298
928667464
556809487
678033255
907648033
856481114
865583268
161167947
104498787
864023881
339785155
626281937
245133940
553744996
810373417
100841270
669655317
345544522
563851045
84329024
780607021
408157072
523780490
747706578
429018354
162825336
563692980
938551453
953836693
114225054
921393772
803128132
73748699
470154486
600199339
83298265
821925687
410879281
429526476
944354886
716106556
830629555
522600230
139412082
616504398
180575214
923856110
250750785
371325060
325987180
895127216
529112019
297010670
605321470
466309072
603087763
79998670
388176811
110136113
394395338
753343882
251959329
538827388
283005818
607343106
703491906
667938079
228845268
487032303
745356904
834668142
839861258
172941497
64691067
362297758
569930833
707466612
410285602
978982142
100328065
89447915
210815215
988906027
186313335
24829276
216261530
948144851
409041142
966421585
880639700
798791735
39452630
577034443
601893123
114634618
392002236
848235688
383252755
245996662
934621650
716112991
615392148
10373077
895419510
220415977
279755043
529920666
643742442
334766424
968796786
11195576
617895122
104360635
547766592
138705721
120838452
118664345
923301804
16931651
856380678
94837466
746060470
60235424
924802202
938745224
581124544
636501336
833737864
974168915
835326937
831130946
980708721
297765890
865727534
793891464
825649671
172942138
71768687
68903351
13282993
607556585
318014363
270222854
501195227
415017639
543428900
377158310
196090569
871577663
298541262
366944585
543830638
781373419
662585635
129421066
547829387
571844643
558126977
149864643
148531282
797103820
463682147
22341364
39238972
682159675
582031530
237277795
419101929
297469342
752194179
780535086
61086281
241532872
229148486
791298863
526644786
694203352
851749621
14507384
306762107
630485112
267701883
111490459
786573568
478092314
796561022
142870400
559483980
581399166
457502272
13432381
776502074
343643419
862416274
31134224
267133209
655863181
159051329
402757229
103627266
777359182
22507555
84921167
111135709
3462938
823205880
99921219
584947228
178272754
881569251
155515255
545385757
22664080
959837897
56527402
686989703
828764912
24661454
194610769
512497347
54553280
128980724
784573304
334295950
562883584
883125098
972548429
705110865
124021151
665115156
19272315
566121523
569825973
996653050
173291795
329063721
122835423
334748707
479538625
138031529
794777111
244058319
897594903
410527180
99428595
669679845
436105711
675919064
34479937
199556091
907390980
277062996
736475149
869836370
137367641
614025177
795820661
890057421
414119688
771607282
911327987
162450326
634439814
757656036
992463870
911163716
853993298
45678061
740576102
656278494
7045822
97095310
700620540
782443024
878179699
656415802
761569255
372597556
818039484
837498533
338300621
68171887
462857748
296950212
348256099
71660925
1961977
83132665
120189931
633399974
18913123
275299673
509894972
47557981
381406309
190929260
307263644
8727323
716668715
715094971
85301669
476837908
230606711
574833708
676500433
152923265
346922623
123136274
238911481
314841565
833936953
196325327
678931674
502685641
429234685
242078828
664832902
531262953
681204860
260449232
676948058
534940136
760415355
465080166
726462647
208035985
136075552
371697684
901023162
51829701
39653723
570762287
463247896
892770281
947242394
495843683
188391006
84932351
72162962
146032862
610178226
195248342
983710471
954221274
890376534
205757800
247892685
985835237
130192028
734751005
320291176
531843205
160180556
92378406
799010731
422024161
150055553
424419749
257550381
2547660
845842519
61421917
533760711
584812478
75735384
469680975
959885266
368539966
41329101
27541160
829714113
995482267
580478999
654298024
15464124
585409232
774254902
417115257
254100602
33101760
85296241
401934104
61321896
252558353
206498547
91277353
363729078
21484484
843204882
418677173
295924732
710362379
69773561
282378769
984156614
571329796
426632176
44781853
527350136
247977188
515508029
559480970
592977088
646218871
274450308
286572928
349040817
87987383
48280677
913757594
877686789
125740792
639678837
45289133
655199901
229064145
492732983
669588053
619792402
323890760
249581619
633559896
734793077
397760518
682362723
168614727
957120560
923908355
972855195
877358485
898086157
55234309
332470477
928778798
45884890
311017972
504457982
669894400
85878800
40502397
931051750
580731785
525749478
418092186
414945820
140920575
7164521
998939156
49031053
4138607
159418450
305766099
393303800
874637070
517259135
349825192
507745418
801055329
409523220
539540060
464435300
663475190
799449684
359152316
368734485
659442396
676597502
669765707
422066147
445574035
261532913
627673411
159436587
955375472
390776291
311919188
560514363
265535773
581347005
76679951
536835598
695738194
786850637
793455063
408030671
98480021
568244424
9891764
803267919
855384751
732485465
839970740
190331946
203020329
819069704
820603565
878803843
976742403
405658343
29290585
408652999
584525208
21788118
431923589
276315189
183369131
986589309
908759692
511138643
66603536
878532933
399167982
62772041
829206241
638860178
42340249
210461830
152957182
225795590
99996129
800290595
535714331
491524640
989060930
147974154
432525055
184992849
640499954
980022835
265408333
504170009
613567106
260582910
648398952
448674635
999613281
519330843
677278066
990912002
383228761
738881738
757847133
16671973
17531277
764460922
273040385
874768291
638509154
686371713
34819591
732255673
25739670
401476242
793481465
719242460
12746466
412184906
406742911
215293777
718511181
437772936
290317497
715380720
331112743
966956757
41917477
394068852
945986349
192174904
400341753
808159291
628121391
481835268
649474062
49954289
136713446
547638942
763933189
234010201
643449836
24346052
298440421
73323198
149494551
120619353
780386645
336316637
579555090
547730985
105249222
604309764
611682630
143383068
292956961
820694436
800966845
317727580
594154548
640452753
988567097
732631791
575762259
495559248
269279716
407702239
345653041
771090853
145490461
537633039
425456790
427646680
300644211
394291339
605106477
525293177
161288218
748004743
354152265
836819743
502060170
829229145
180741426
212676591
133465034
220635996
236640976
522680852
17909760
789086403
137399341
999082524
465803963
45931870
813214813
284010064
253908852
962324635
676319086
544225743
710763451
710217477
194040548
513860103
743074266
545616804
458547116
406294478
258386481
963691554
332187967
582595370
320617931
326253122
958075774
359896867
218148484
257898411
123847309
372613673
165011108
895537743
710755190
116786846
649943384
23947427
338635257
325889958
642984244
644794000
492706478
708138575
125736087
527556974
366849516
589028559
469823417
504737846
