9 4
76465570
19637903
2579433
83955599
81233576
33504159
18782178
9942066
81812070
13962046
69509940
90334888
60049147
88468122
70583949
44742667
18751660
32303398
75791124
77388512
58226279
61350570
49622761
54315562
95318361
57491665
8900146
22796183
75327505
5254625
94214722
33452956
37878433
94728880
47635782
11021070
91095837
67027054
41441431
69397542
76346541
93794666
81237955
84982078
3062947
48080226
23534751
70225944
69787772
96652419
66631533
84933242
76575147
20761030
21022121
42032090
16059884
27645926
39173260
62774513
12238594
86370418
33768839
60424821
6253992
39748684
78116701
46546
19377394
99340588
96995659
33404446
79968019
2336675
64836555
55804479
14929626
32401377
91874161
96628695
96689238
56312014
67960417
9885425
19231075
80287530
81334368
12280159
86610341
23707202
54922805
77629401
93604276
38716621
87392197
12465697
92782078
17438633
95875990
80016203
88105802
41321646
43266659
15239483
85472879
23706867
96345497
81835834
24692373
59178292
66148699
26620285
85400328
26973108
40560931
28559891
17212799
86545041
9745398
53509794
7429213
53987228
51503754
64670429
38523423
38010588
57695105
97641557
64124950
61929422
499937
58752182
37334664
54431383
12502909
22788863
77990859
37496684
84067630
57036209
95933801
36168943
1400204
69306907
9655265
23847471
38710573
98001684
52619057
99885049
21269914
2880969
83589121
76297558
79930638
78490797
17067218
51723873
34954788
94015560
63978791
56658301
19335519
16936826
72503047
777261
83207902
85650616
91844478
67094893
74995275
4366352
65505942
39140349
9066365
58462268
3761833
12059348
90226793
39736070
43771733
79044683
34225515
22928137
32510863
69943596
82833748
13081967
56482031
50209775
31500626
11416927
6437061
69886944
48202245
72367480
66530085
4516681
80409507
71838763
68444154
19290049
42144127
96426655
394275
18513399
3685644
52268138
68913693
83725912
7381750
6558769
34853443
81832606
70432292
42132362
29761334
72574930
69279497
81445245
25393196
54175939
42686896
61807444
79729558
90736770
7833453
87297497
55888881
48609012
47694134
24167768
94842075
29971347
33105995
61595673
48509124
90358295
58834262
73047615
67468313
31247676
33376332
94538702
91644998
96142980
95305882
89701819
67082413
60751771
36750557
36076000
68330690
21432959
61845491
13989382
9985574
28874250
83414679
92174426
16277414
93555851
24446475
7918612
34213111
88799880
90105022
3125637
95958952
92388014
74469551
42525715
77710369
82429028
44569347
68294210
19325772
55049931
61299005
89309653
60531069
21260968
39170577
1529278
22637550
33031559
1410855
25840612
20133365
12463362
70254732
64339348
29053795
12390062
97106325
7717198
57467387
36015700
47496106
90447083
54897089
45076383
20716830
73252098
90085521
73254354
93029705
46916873
15484062
69215571
8481988
8147831
64676790
11324932
80812634
78598004
831267
74731783
59297898
44851383
85878506
43751506
99325875
85155549
83079092
37820406
42145039
60688760
63020900
15231808
66992778
11934166
51041310
76001631
46671254
79016760
9691972
68920426
88090184
77604142
69241681
8310734
15385265
40978900
22155693
91653715
42389598
96465121
5236922
75892961
29749186
93755964
82368653
10132115
69241843
3647149
15072421
37025469
47386847
83974671
96161059
13096779
29862338
37334125
55916613
61904224
40144182
56275264
4224897
28101850
25344076
40293376
54466779
6604783
49324252
80193765
19711230
22807855
24603278
38476434
86223853
40723838
77733358
25010452
33700760
65375944
5306922
82541936
54421681
35554453
64309837
31956405
97180726
59331213
94285853
91076495
61225137
83951204
56890654
21623114
35231385
35412028
15988469
99108522
37629344
15853991
55133719
33611437
18878958
62344528
77697559
4196633
65103652
62591169
82308137
46200697
86106856
87691502
7576650
93015461
32536138
72895459
17665979
55721308
22501276
4215943
82770476
76422992
1807889
19256543
6868253
51287798
7139283
71962687
86315127
54407579
59775799
54393829
63641566
67630764
65185587
83100864
96399324
40604759
22974425
88762158
29019121
84384183
69249140
88739131
19937702
44225060
96016291
45686618
1197830
86614533
33134334
28990847
34637492
70896205
48855181
47280307
54669758
46536905
52284616
73010482
77938591
74318533
44545415
46732378
69384509
50583441
9865371
57245795
75261051
56749873
10013012
4800249
11676306
75188593
36669213
71654969
38702078
3987876
53970752
32155038
38104612
95694839
63529700
36135606
33166566
82539846
19464170
69514141
20747051
67402938
76775500
72990366
66670658
42749343
60104823
10952084
39729664
19714388
92023802
59389504
71689188
80986989
37189007
78685291
33671553
74863182
