8 9
58513385
33503850
38630258
92307898
66406970
24493968
58570123
23236059
34560017
49869981
23021501
4375892
3069278
6427225
47803919
31952302
4200143
23299235
44018799
70806789
72809936
81385129
64732054
38940429
17706989
92317438
10855806
73988807
32598087
19006704
42685904
70059611
82377857
62448426
8619712
81125218
21385574
4264772
65371452
97191363
10065063
72115451
26640591
89495176
40223177
66446805
28571319
29750470
41939715
8891937
80477737
51053096
26339474
13465790
85731672
83085576
49318228
60738258
25585367
17494835
18558597
98308078
94669817
5505848
68314215
81155717
87573567
51672118
45616826
6675468
55304259
89826989
64921750
27607405
4552368
57337634
4760225
9787902
79170022
41827424
19965339
61497794
82638858
77742970
67446880
45571892
64216011
92912277
27267511
1344582
96157271
47540365
63177806
10841534
94256578
87787067
92197416
84797972
87713485
30668010
11182679
58480766
88121280
90666256
48411663
54391591
94499523
52326455
54017822
70617884
42663621
43670419
84159615
76129716
91710926
93462485
53374477
92809128
2656555
32439119
55143626
61602955
5938093
58836122
30900279
60693915
26929949
7852982
44112703
42400984
87043563
79910900
45934057
41265061
77260099
36124328
34004348
45616217
30873752
82908383
77999165
38816886
35120734
6482690
79755758
34366728
50975219
14632574
50691267
31482317
95227741
45131248
29951456
84327940
63300772
35740865
78786271
75828770
49549688
44853529
2470504
67045193
80215196
21189245
12035387
19979011
67736292
57202322
20326958
68980286
94398412
42517124
6584239
53812847
82990318
10325853
36573128
13959327
87392314
76521472
28281656
48464331
63091240
81256775
44264188
73824416
76045556
48455934
65167078
92458815
3652603
48665199
87763791
44002803
47202637
56224486
28730431
21815342
93360941
83399939
69628756
63541346
3801257
50691413
67238862
14651730
80758727
70368679
16502987
56959240
34342154
65232281
10705112
11429524
53738488
52685540
71349384
42882922
87596978
44859371
71494810
92388950
56583062
46312820
69454248
85715674
97897138
60156386
29988122
66168536
70275965
5303966
16231888
29058674
13760445
48486596
52288729
82661913
61953420
80685935
43031268
79245987
31818256
17117623
81406208
82159284
94095881
10186798
7560145
99439918
56894758
4896702
31812011
22380158
23970614
20888756
