12 2
76795837
116151725
773554018
723326184
748355849
397914981
751613767
732103558
238572411
611422001
344770085
87488815
935330351
846462636
131934956
248837089
961033003
709004013
77990575
678482734
86857390
407040828
288844689
122206400
719247106
820073886
881813252
736358960
115211596
299099189
905309319
556533549
824692526
222408302
118458086
851064645
78597084
767853255
273658860
705411054
56698092
345010334
125940711
874680134
443503605
756014076
831794554
366562287
455915441
137708246
220405989
208035063
726078836
651165963
807720752
23532410
933518358
746361180
273425911
155731886
387604322
342711967
857478456
672999791
489708687
555363698
269506160
157079082
424812830
962872414
400820864
711045307
873459072
230580
176397627
512732854
840536610
89536104
20965368
491626562
70566537
138327376
468681260
121833944
806381728
315130573
64793349
221602845
815962030
487242014
762890492
453681074
328687191
7723758
683954385
5010946
821808634
533597581
709704348
731209423
205537669
214351654
741645226
821491155
488852215
529282267
658363266
491140574
99740259
452679586
57489127
778805619
704408966
663539944
773770958
184718123
356941284
606616094
865881584
424350685
293255916
36416575
822488984
30336515
122517242
737226702
412057385
358637413
593029516
231723073
997727450
264847741
733466974
598771911
35261486
431639491
245271958
385054572
202041959
946995551
506113360
212030675
446837725
417118717
196894838
761580150
41744914
19065352
237286785
64448449
363434919
112721938
205972340
403874681
313906874
671233217
579176183
226420404
69327303
6496522
924103064
775653287
432295876
400767302
923815494
165041252
89526761
151844170
101974080
533024555
847260637
584555278
411518795
350620139
316450563
717916984
940871337
787253189
345996636
202763
982174741
306821688
694010404
985865154
333612293
468457946
900655481
58628167
436756997
433396241
381142918
41897120
112767995
835386799
97153004
839317382
538917743
370863603
88725197
565778920
6039989
660037870
113904845
703823123
573959992
301272317
100111093
641415918
984431891
949243635
388883890
930524916
181694579
762716650
783371771
986087624
867427094
691983635
444200065
929584060
591940944
695187129
973757834
398255517
705831830
733802157
177192245
39055888
81668980
990517946
214116872
338075315
630441299
773785808
888720095
229348112
842834480
653807178
949596017
60288638
155559844
3308316
48377278
165382372
97610267
256168648
450761793
294594348
597786311
669638870
570563899
731189984
891308853
935929564
103616032
198120379
746469016
188725417
537548932
652223647
280460670
522755953
33820969
197527895
86628358
946223090
473825722
787658496
55949739
685046959
193540203
673020071
706987270
812781019
435673811
522005388
769762292
401509454
90970495
83161374
10620730
583375017
37920785
714098049
324292679
628897395
101503958
959349872
146242374
548827174
442556941
326265171
132284338
657860752
359484136
190952735
340011760
49566014
225931752
1531354
983248617
971341254
125487102
110120041
877578351
269248620
77174036
505185029
786899939
818752537
27180840
241211686
84737281
514574664
831826496
714443326
808686529
250588126
729335140
961362613
135766801
430027605
27889188
949572115
251347054
87586611
429370901
347423119
695144994
417608674
966143683
207675727
342485496
811284335
446677532
116373587
4232469
422056526
813059216
736495192
683808495
972981820
20433874
63108374
92370961
448477081
336567935
214452037
966976086
328430022
20349295
316870918
66754561
400332259
198275313
604819217
157352532
842014158
59181101
277307558
767542383
127537051
116692408
684080013
149399728
735035833
27853185
600720340
738597111
852781997
369418830
449296527
58136674
684255625
839084784
862113710
703038854
581193188
34545562
41712534
456090566
837621714
71800798
775517821
987275655
527235543
771886314
58910698
366357365
786524018
302067335
138515381
87420736
793002721
958232600
460457962
184362419
981022375
986691786
511121438
134450315
828272531
185011087
133773545
41068269
930552302
619790401
676484876
705056334
379796959
135926153
615581700
862430166
56586450
421484271
853495354
144623977
61010874
414525110
102772990
917695990
722862171
795220158
229579838
240938915
225966079
698985834
939780267
710387988
714814945
68230439
862067229
147946615
584959751
874615299
865393503
107446794
734513508
207149620
558540737
710157799
76342718
295538912
230834226
787726525
490632473
909502288
587996222
642120948
104907174
331430963
466347841
787433849
283804621
664713931
196887157
388145365
700697279
146428178
258643814
455411518
28838451
485423681
821859877
314152012
744590435
369195165
476874157
696190855
635165265
590221946
366156971
266570677
787481262
458687454
664963239
476425035
75663541
274152587
53751765
757714950
334479960
641615491
834694694
621433045
391786099
527011005
307170803
96341620
151120880
996253086
242463807
13429727
787121799
521207267
874087404
765115443
940481731
628418761
125419007
74849621
694529659
954109212
928511907
283688301
345706238
60005432
579625213
680957505
249433966
224782267
487071586
690964347
102222598
32066221
569217253
751406663
503664041
779734836
612280150
849400656
772845721
703088476
76747223
142840735
269458544
112212684
229200905
977837266
12652833
661320513
75114389
636365879
961403778
866368346
876500806
938422363
138653309
130199776
428360703
720840601
610339205
947858818
927123717
67074675
484495045
769125637
290883401
300860092
40679825
180388809
886397058
494018405
114965397
32908135
468443786
23112323
531096519
56953825
73279218
534105150
87007684
92116433
564798423
25379819
500720619
597882850
790615274
135926371
321603474
140906526
408057145
538379436
136038786
80211797
206047393
559602115
680490394
201773765
59275831
955422275
211711305
2673270
714790884
265737899
696701073
819594163
705250819
177049621
146172257
999381864
670843842
703085720
494179167
344848094
26420601
695538766
314780618
142557466
714194991
431428237
643357781
229795900
806759515
30168801
69805843
394860654
582505300
518034170
553613358
35001859
32078882
182395994
833273810
815397460
218680919
939600638
926901248
34114560
904963325
665523708
168043177
518257433
701645763
251101598
889179446
179265884
854242458
150883551
682625683
329282107
234666223
36311614
986270350
957779283
95065517
249937215
393596997
77793874
460608057
403834944
94350454
665985681
77855011
701482000
950201374
72056279
723417748
113680922
366640278
33124364
627304713
868012767
103518770
934633133
404124378
599030085
907177739
567479253
381760848
398251199
176931363
136397413
871200591
477223260
59350985
471246720
965097132
564824799
436017084
610026341
61655286
350065943
224367493
9077068
311896622
177184257
875951584
154773341
948046019
808533941
62961778
580832274
852513284
490129270
914521862
953823980
188196875
275649312
226730747
250591319
893540596
19631058
738511476
676125196
65691273
15270727
818830553
247180657
457079461
986041586
162974706
755877000
752807870
495856533
340756050
308321439
926554301
139228070
425737155
157205492
708101569
31256928
138439454
578065722
253308342
629499698
812396343
315978230
589368153
410208856
190453982
888149545
734573410
611295413
739095807
484881482
550398407
76096787
32901944
104865784
975827344
704072064
553386301
324604009
183972131
765043527
508217187
82019012
999977349
128496611
879094966
529572000
717848118
191506251
462170679
78084147
392731124
965212451
897405054
108107751
761883361
633152803
7275500
27678518
74976208
826993785
863881322
189002102
98256678
770366192
530516722
117038470
260757281
185240785
402703818
363736009
839000613
120208244
484865675
778671239
402567844
370948552
734522143
116740094
14467395
792426145
113692380
172026738
229628935
474603605
87570168
58031445
754272876
764462162
726158712
107513146
13523850
459326542
98239678
872174777
221024803
646959436
993196857
820759124
484847669
697470485
555592249
104824009
697946360
508056694
965876548
118981261
597316997
561000928
565379897
287610246
23865411
237287419
263110750
288710818
546666880
207862346
595690191
71938503
926498697
659164129
405075282
989798530
261407911
657180402
401819863
563482854
368008398
11083658
162781984
435237992
920351392
529643467
61606885
951644257
223826803
519565267
236144212
930319868
104681537
607766654
597893127
302998704
690419639
424073601
628063821
341337590
100861346
229392945
293300631
559055307
437116341
960981892
138040483
240460206
304788144
520157541
593016789
464855752
727019069
373272600
835106647
744695913
486315316
6800442
54547185
287736635
746406183
263459600
556800863
331177762
66755735
577325520
101008164
533912916
625143377
132680327
600514618
13001467
804637772
621724450
433212799
309782157
817928655
16193716
703820105
914134482
298641201
783201594
107685157
159853351
450862380
93532001
680758667
243144321
699850516
706898207
685084773
635247874
810892255
463644390
565694970
884044154
155403492
365179662
585529892
609784424
316873480
77163514
94548757
383031503
47518536
375973122
976565295
348948328
30529413
321868572
530386617
49033217
849488442
114841910
851171463
926023688
419583026
118245713
185000594
31276918
579223285
671873288
945026747
554046452
461977823
74962678
567580132
982601531
171818502
336275170
670319196
353667837
576687667
762592470
603409031
243879231
268555469
651012920
379728652
978390080
500863643
529455440
335218722
644429780
272195679
47795761
281050678
73368104
683104265
367688752
597341165
758739607
43228072
868581009
659271165
853547920
102961694
110656879
661788376
421185993
677513702
832751348
207052763
428984448
278791054
186091401
135536207
341154455
238473271
350821184
25811267
733484694
684930545
459528625
457654884
364300811
784464666
135579323
361957609
571614907
439207825
544741729
675044163
372475778
98307036
358243563
635992908
190070748
30810939
13282498
287155379
704710624
94738949
650506850
171918379
999968493
227116851
714600353
238280252
685850136
62231806
187962242
883482950
91123601
174099210
486243791
419158676
88895366
106341449
547730837
707822893
798103616
271310211
956273005
520469686
924970229
840719747
145360275
980571729
129105387
787005410
313682872
150512551
706088487
497171225
386597098
200525204
110953129
70758461
93316192
949985593
408408994
477703484
538738031
350164889
146584100
255667336
95245589
825863343
306031152
21877445
437820441
856386772
161963956
815334181
567365142
719951598
707201326
814047118
281363896
140898352
248142041
24346823
201618482
530402920
9128742
454837323
112795419
127281682
455015135
516824722
87930203
867823748
391319201
694471080
763964114
27604463
728778889
228813007
780723487
72385850
723471144
925501333
134820340
774283570
647424238
923647895
137182618
374185436
415484443
726639059
8104433
573201144
95275236
120782894
197921057
90085053
575124297
453080088
208190296
742501991
925444136
749619973
199443379
822691988
152231367
131959669
938103959
894422471
840189384
171822151
45757228
338368486
592093793
136616392
392730796
130990491
179339878
547906698
526233188
106825946
302484697
928046214
894906267
396193432
386390170
454525484
882680823
470016611
126226632
223050772
624456881
834651427
76016161
129143759
792739942
114734394
412294698
483466151
19283058
265053359
81854365
161743880
469992578
405320543
85176614
470547420
114297486
418148490
999005317
558473794
527752808
539318693
598346618
27839171
302805163
11059251
445192539
250894701
490172357
5656332
505138039
375832848
426090801
950203768
276963009
274305617
6348755
929692708
618879706
211856304
681670558
698233538
682530510
106932689
11898923
134997304
977868758
950377079
987445508
786073084
19920846
229264565
486793677
543298745
443893468
963223787
385861323
548024089
299802345
533575421
831116186
247301431
978510945
69070264
8296490
512724891
95435038
464419846
182089108
405126788
539077934
635006006
913463517
636245883
214178472
786058071
403389054
451378908
10278113
205151729
255080850
301641950
535552164
537506281
102929698
465260960
937644930
228422139
448403285
171131954
62217869
573129104
964212035
717371918
75138382
117064155
404818025
762837122
922388327
46465821
102238308
15493375
869376385
141446477
307038246
105489215
704443349
731860418
639711431
15171366
343386743
188977757
277725909
687822842
82124335
850595142
335139656
524423893
818247763
47886060
401849012
264374288
224497058
181182394
246754863
934366341
196591481
203028049
523225033
802370097
413408668
195537460
308551754
916655762
802565767
57067749
920230375
736247168
807594998
996966065
439400013
307040622
328891458
270535478
950886452
600217910
261811310
475445260
498762683
369164159
814613297
483147299
422834985
353239795
177591673
230843323
578257988
849841055
822314727
170645825
422602569
353951015
807302218
563305831
887166212
84968777
34296211
252880134
767630342
827884420
114599743
72039378
91452383
470099284
36883664
722683747
859126847
847553064
499194544
828229755
77472827
978037473
836841584
40095548
248250312
274120270
966888870
276852039
395123075
507955587
707467979
58536208
364353849
31035591
474543873
734340687
660337612
364336953
199045059
291852169
288023066
52521496
512882422
233100674
758847047
893095890
23108313
241466122
706453414
301234255
356144308
282120434
695892669
791855825
387580675
636314393
703904648
427100223
328790305
855570430
234749726
106545852
334240416
487736010
983522529
129017542
116067924
536120435
39140017
11456810
871384131
467359114
643799400
416292116
130809591
863806395
887478550
74554544
998960314
538050237
418596571
22807648
181479381
897979988
278388425
519001897
570530510
166397098
338316207
455448089
558366949
529910707
47557975
217315446
286493890
761986821
478417060
471143820
25583177
816439068
227982038
892827505
545681129
725192410
626278757
220666243
222893508
60416738
320362438
733565049
135183770
82871001
424408154
790544835
580151166
843012021
736684336
137342258
621250939
209709799
941440950
545315269
426929471
278324161
156976523
349793148
418401476
350325907
892382834
187325645
487708223
173920172
778731468
423769405
595385252
130706403
582334950
950423824
68368420
361770678
88671103
719285108
435965428
122024363
576851470
741965996
630321912
419901876
284543654
149934258
278709158
777829193
102897981
57426287
947205958
9811750
33876340
199732022
259416040
176970062
345105343
264287479
685886715
426639661
584543125
963496878
323261239
336444159
331957168
74323822
49764726
28120385
613643047
239385987
384333492
572732092
170252995
74487883
75553965
731235613
73502079
921318305
709262331
188190027
626793049
130167908
744088032
414731711
873203185
839459225
508836551
841042510
546111462
208786768
86849924
137878906
450058970
688063215
45667839
856320466
751220451
554559981
475881763
960977022
711215929
543660311
282008267
485023973
39414903
175445687
20665206
241771576
309213801
24673680
712891113
629971206
781617879
137102287
513257562
320279442
339833503
143495335
415883474
583858983
14052238
333761186
131345434
209097329
785165984
213133692
424197809
661878762
443779914
916322085
530004611
433905987
495640617
137092579
776247490
475884601
89355904
703573738
698601669
983775054
790341993
661032370
110430282
658937886
277922655
606345992
539244182
751738283
763894552
508451440
161912686
793449299
4243339
119061157
464351484
781803513
167249551
541902009
195832676
83618013
243938500
717369617
465838057
464482049
120418710
155415809
879056862
660856246
31351275
226133603
428292098
386878837
956305748
745419729
138489031
440293122
628888340
313627815
156277915
880145588
796849292
73495948
481267952
41319266
224289335
449383277
937288471
104095412
791051022
131916689
522718167
856631610
508695142
865389052
206228721
20655334
891305290
829427656
475694022
991340242
696269310
365138513
8376954
789878412
947324173
25260661
316184653
120251748
260329091
131370449
297109960
105797490
334581764
267035440
402222859
38564723
246965202
165467987
429713626
725233414
287371969
367456857
689410880
317293901
523808405
928401975
211444563
16929917
88378111
957711266
42915629
803522379
602140035
399187630
280253759
614487678
128203279
413613879
366042874
782207766
47478629
802989743
925009866
516191966
555882874
192302564
311763520
116543876
732179711
981678560
282649412
979990033
381591060
451090333
554649806
931578674
803153251
424814715
126365679
11146008
835558867
414438601
50206563
309769120
517313045
889868770
705840365
699461870
328668658
408070336
121552230
513285231
87455437
364207895
654495404
82869841
48277065
408734955
684210192
16698148
278743181
42061604
739688750
564063161
462542883
854380252
515612117
365991307
13436426
729633771
397112156
282034454
546922400
998181338
192302531
394789980
143323947
308461191
482493435
846863699
790434399
14245917
244857547
640359557
68271795
631216197
753001001
629427207
761206870
510715681
705269294
732384391
19709177
873914162
98012967
179536549
184142980
11182096
169977681
806443646
102526141
493322014
159917213
475624029
822277024
177002875
123913301
564776175
286090935
919208529
454444484
510927533
659474500
218496106
662539868
886172568
119781152
70893418
963714404
73954290
870442874
254673305
967271500
908668857
928816944
816867907
253508525
131913989
749676203
379611169
614024830
256180830
187942140
864000778
547818632
98265954
945851707
874371658
929738511
736548993
518631466
960252769
552769263
769995164
76285276
31855331
749301977
317826364
14186674
231919409
443908386
682051017
49198638
704011787
919380167
469672003
763737760
76118253
269871686
48491349
1761658
428355693
830343004
92040890
504964789
140465141
524566781
130404638
877560605
912314956
940844251
572678907
480900533
270532868
441030859
852613540
925650714
237301906
859383623
965545806
949983403
591505207
739430766
52030934
867323740
310347025
62009788
906122150
399073001
731571911
95265067
185769581
407661471
918101578
893506287
813976022
255450042
42991552
381476613
852664349
269981441
442901951
211406885
905587700
699748106
87549376
11883805
312504346
175809811
83248079
901653515
709135633
100206721
990483222
166822230
954357128
999372852
495288004
392821498
269466939
689752772
661598530
405725403
223325184
356803299
328112237
620459918
317022162
4606529
428152703
895989210
564630795
27494771
614860882
546814521
719258763
113765841
695872705
796871909
947908305
227982568
621465747
82962291
121234965
126803218
958686798
591377427
231572303
631852474
183491787
939150074
875877570
51603941
339975528
356071604
261279533
353001449
885141950
424604942
311807985
162088798
378585922
355133497
75955847
87731070
904019600
608296816
267051761
846653653
13713234
349301074
159312256
993293699
89092786
473996591
524656462
77963492
625181826
926978519
598608045
839763348
888466449
129602371
65212323
738124523
88112821
99794078
594974881
94039496
547429406
89607525
227175549
945365695
385087791
814528472
505094308
223699041
136940039
70822569
687004517
9881841
943330689
920139194
214098678
20320785
158861754
261789982
230972729
954603336
86187751
439957640
94186675
388376948
83706910
696627177
775640181
275816962
187168379
806817914
544272533
578953401
364706560
538803824
570443853
204893165
825082423
438099154
295266725
134530755
92907036
385242276
791460217
456222786
749797854
371373751
312562663
242620749
289299220
473756143
113601667
282100042
741025980
132337235
443797566
382670174
587079378
543033354
596536369
512628366
123900559
307645751
742118253
814298873
446715598
883641771
140539151
664523620
722232664
929516357
537605570
730876489
316855546
58887164
705676048
3357508
825728039
452802256
594102687
748408224
39863313
100076299
905849009
268629887
68864999
869576444
517269036
106098232
250876337
654377376
323969819
570261180
524133829
958522966
875914523
780499536
234704392
379301030
559992434
426476729
146907142
445380740
400206144
126077390
326460222
316643314
268489650
59530055
555332534
651316468
263137790
99139092
853464721
437306648
93206136
92550625
961744145
520330475
176014712
33597024
464841626
439959651
735320814
702444500
379058452
545624784
908993057
805351617
890113046
971244813
620020348
509840720
186562961
694464878
713925910
310142057
193217850
479665689
804556869
208665390
874118569
47274940
673332677
55239628
87422365
318934786
76614979
209120997
15143758
898912099
18284865
272639840
404041767
137736993
138029301
127940569
184646889
357432420
267634397
391439393
704012580
152177644
394046203
813281451
790755126
402435956
676352324
541001207
245866745
753427957
55059417
622638122
483809758
60187392
579098041
129848794
563912388
215343506
225684
660908474
971027066
756885626
30852811
321937230
570336558
584951555
806888574
763595816
462894995
429165369
394831188
990208981
432523810
514175294
561139876
887947349
814705031
94479065
253881978
747132438
140957199
183090742
203386189
819169875
795688614
750120762
694251958
107523414
609969270
614065721
735430502
336237725
906471214
60188737
132701549
16767550
306586508
907138532
965710256
86679689
649535776
924731700
680733259
456891779
166509353
188876603
979110595
761175868
392069881
632389223
782707951
747149544
33464164
201705702
426506533
498373656
93842509
616140098
655193087
962298213
195700456
963817216
216027857
614279150
947545465
39606410
388947545
986704442
994668589
713981894
665168454
514814866
123024399
511557676
751701739
814100084
492898747
625059611
862583700
623586138
967148021
810063026
862067373
994921312
400282697
868855982
839152062
158963400
238614406
56586070
316732072
73054745
14648163
77618582
609845097
286944102
996824925
618404298
519512974
319561103
339507331
207857139
259102847
395872131
891156235
35208850
826443662
245733928
72217706
893464710
585868832
407101793
555106742
278683790
951257637
536906487
665400514
14992198
400773976
317531864
356053160
978764624
660341933
569608029
640917192
9666466
942817958
29607595
704264974
224290810
841403720
725568483
269874136
222913208
81649520
280339794
363408741
31924498
466812650
200940002
638844995
209793009
381653088
360490520
812588171
694879466
499164500
181434879
337264094
368036293
808514764
437174524
390481615
512797101
619346544
141765211
125038747
4199190
617320431
928109777
697301105
89141504
383861146
72439462
423855192
972963352
905246302
33073283
761638993
583916475
50763223
687899946
873734087
153224637
704469454
803478895
594470733
21406120
829491272
865644996
377608458
658524502
841517880
403416924
650330151
148385680
512604254
579006501
943576041
758071124
783823195
340216748
737247261
721969211
797245021
218007558
353590908
138289160
922111292
342220130
706364460
609222859
824768649
245044448
280866236
827976831
200262331
231647914
392613095
333441526
759283429
557018428
742801938
683734107
437998431
574146281
881787264
3639298
748669674
673209420
333965713
306191414
229263618
896883238
482957465
300013850
234673825
456947456
156375005
385128604
268838052
907238506
395024739
463780618
987836794
602470509
300316161
210778055
503554564
668841138
797213041
990551936
520484580
324415452
457774364
999231442
777369066
176404750
648170896
202601169
652279365
294990235
589912771
682972044
271072776
650731382
317256574
354923428
379015779
197745883
286424522
973357813
162153627
65452880
249720316
995910779
379252049
238902475
11553302
928355870
878377229
114827371
144120792
495882343
934265453
733313672
48794498
574641858
837623666
311817598
909675121
22988272
917017206
636416813
57916022
538219879
666309750
942167314
572981289
361980893
242795357
231436354
648162367
714963483
508160386
20339058
339186637
800272621
145961342
215630159
136059609
424620805
322467690
90572966
321204550
92365504
212966912
106275329
685450006
152385803
318855659
740475067
805148107
308399824
1107309
552048880
524264332
130870158
311861832
829946617
566790691
359253140
321019957
926127703
892859420
212613896
66650818
119910323
58399
375215704
826070986
532631903
568281271
278878105
728125583
689569154
484596489
133179117
745802882
337935859
776467398
800539165
664858771
305816478
601384564
529057451
66340378
265346187
740956271
81561556
145317569
419763776
490039241
384662225
667448067
758697133
70311599
309173628
35644128
453314005
423380856
196984942
860447743
996375561
908458290
234250884
101426029
665576751
929647350
340968317
307033726
639521659
622241013
713624944
999581208
815223912
946597995
65756013
269737415
354235149
860609986
568023527
713137543
747053339
794246348
390282331
983556440
35233703
238035489
173414597
547336715
872788376
778063983
133839960
680213829
148260346
479755999
757075402
123303049
320420303
509647615
938568963
819919950
910232200
316060344
112823497
685785269
736317649
657768444
119125716
737345293
487396366
46914148
548300464
786018848
336280210
342390126
430939151
588432168
6048131
189009887
9890875
625456168
82661882
606154432
143682857
542196305
763741842
155794721
684755712
477625126
783541304
757168819
6341502
391761433
582754949
52860669
967926711
825885345
753120144
297748503
117160851
589606326
57861478
596942350
749190596
647294099
862932148
608805181
922638997
31376953
451279696
459879706
687674192
263976710
265275959
747357427
760897088
132148477
535730269
286189383
468841856
468264538
401038476
21008051
84879285
309294136
116275000
744999417
793476349
303014834
958976444
48967297
673982062
886171529
569213608
582874195
400550189
482978513
481565104
182346028
294995647
132778799
849220854
186582706
982951291
408481899
117611159
725205568
513370842
422913904
890473363
881467548
472010077
6329744
738491133
739452624
447378935
633825927
158281688
386416828
233451074
657911198
813962549
625330365
149408259
15797978
545911776
862959819
393041972
280076947
76366781
626069393
156930630
429225898
839019641
263859392
500383128
98878947
514038780
36718199
826919547
249869837
701904829
425843173
515015093
338589479
146311271
968736390
203287451
855101459
332935012
661019152
848390457
151671038
444203059
433547183
844834813
626245195
714776450
137778690
548136542
186710064
894721928
249364567
424558237
423446934
423361186
309346327
419203968
292170763
173497036
45054627
194848751
60787103
548979995
477193626
823467664
421389580
802484855
729889978
128523336
909225875
790313428
446457738
335461163
357784202
4299515
325129979
350263369
174187974
147909369
998509753
149940048
83794495
732740775
553624278
600504420
287308932
711450772
652047640
125697347
820078749
256382573
670489136
251082901
401032618
563148585
426919631
13699068
418097974
786616009
608669778
789341648
592274358
804754871
38381429
174612916
566040711
798735205
767956221
296055084
431751082
590090160
112752132
518960187
33181870
807606636
799688822
16849445
493903304
987809952
725698644
409298444
100016725
676775546
636406299
935623174
779307659
28172833
535770937
82787501
587195600
255791999
825295953
338377873
100389157
237503401
195657116
724426337
775478352
619166909
222022305
234492071
365934656
735624581
556673953
278363561
60350345
88128660
567794041
633702636
79195745
351885554
413661376
607875017
856230074
291314310
767011766
28759334
972685463
458622056
785536710
161133722
129650146
376477637
494152469
41366775
680027678
933442113
826722329
144222613
48045078
474918823
561947217
622956198
643211031
718353166
550061123
275305933
33178020
86803123
355646537
634116750
155985833
735044471
104320439
692670350
258114294
204198953
402828834
817240088
515525066
105731135
645029178
928401219
184917305
37602383
16861567
977605574
663508072
56538230
83532978
868676578
725329357
670762662
905534291
70618703
60371732
169120445
397839679
266111735
876199379
300258408
776142154
462381678
259266114
229385059
602665935
905714272
658523775
351310249
946151437
376174345
573115121
140075623
325936973
228764199
38396091
210397568
131755844
513133729
696419816
777127919
60975705
146764766
943360513
770272870
102558576
133526981
407272397
176692943
96361200
177996984
474287190
106407550
413295826
309743821
16760513
238563584
215141271
375080769
516853853
813139534
246041100
545645563
990476672
132934836
173921483
903847664
7276491
53369703
308565217
335713150
336760266
630704949
123916779
146939180
357633980
559885533
491768506
858563209
839469353
317092610
477562100
234806252
732796989
387165022
370455744
305341289
400833307
464503702
18240749
477005320
41251610
898184942
737343383
235427447
41107647
781863112
721834628
296392127
426369358
59018508
884921838
912856680
192661812
806421913
625608555
425165277
996623030
61833836
694346136
875267529
149825371
287248823
270734808
93077956
868021246
171283043
641174616
944723973
287030474
445395534
640810447
104887118
855000831
777533173
203522789
538423955
730467060
937980935
391623121
655043914
90778855
20625972
468767397
82953263
609900305
629512521
333277224
823909448
260178471
113113419
409444890
76682556
393021754
832266651
588122739
601465199
584281949
162117527
923338571
41304109
414330107
34908208
121313326
548403719
437774415
750385176
733551192
201111455
34018510
669927282
65311070
892968675
56670732
167012937
788876291
917943175
117774209
57841219
121818145
785108902
63167054
335701079
817076916
19747749
314007126
311644152
962739065
407258045
839733011
82191869
468680367
455564259
55585349
579289747
36666231
649404260
66304613
309042273
201791216
470263122
439207995
163071152
103489360
759036212
564972076
586411623
822447850
432160116
74157620
698899728
428069488
61038141
689152376
44125817
454768120
51033157
347332373
770216615
569165644
891883922
193070365
11191363
906458948
131071516
622089314
760736288
639564548
714353710
326987848
56600252
476934039
627049713
424003221
131394525
209258224
428664219
240415609
224744959
491547827
129674564
590344819
513899094
341234107
768093905
87158632
256972467
72055100
235741020
297310857
802234118
814829650
61166581
165658294
334462494
47790903
195657561
978081685
23036339
962862701
322022062
123213044
176617066
652107794
99724101
827520191
635275894
398928409
416088209
912839871
50700722
98705845
207704594
193072579
102964478
575393346
754837393
445041786
908767895
794118032
266734002
619468695
381088761
243624752
680667666
835338465
930699611
38951769
647381356
455635403
655991232
912987865
31727793
29686159
142990315
142609401
94202396
663364937
610212279
165563372
444861275
128861588
182592057
993251434
814664429
455999856
334432041
63111789
943266855
704774538
521074791
549691824
213753290
326239117
256820161
138258553
188200
721753324
531457340
15294560
866958776
39570554
792771224
684865818
216385542
323591605
24325360
974517052
801430900
676120089
509811256
425871225
647385943
858101633
825190437
813689951
771447621
380141335
858149043
24196560
657571524
583029207
533566479
34947498
384245502
70029988
217668360
496895966
90357538
744005287
555986811
934114134
302853230
251408035
259797736
596438033
206177444
39646016
297318861
61291248
576522763
247880285
754662379
235114523
463707371
393255431
400937554
649357188
967117819
592733619
606038641
65491138
399331799
924094017
902195983
849091472
795163275
501038189
573238935
960304476
588733228
37147639
620248435
114344368
851556580
518585687
291751449
902780521
848301952
209622164
277899904
428773033
171999410
966345807
123642960
128010256
14825204
146581202
559557240
150924812
450319716
89948913
603248025
88077795
605570941
200533982
933590280
530176600
685477798
774928842
423498179
32207191
919875480
194549225
215785100
763061125
608335974
191370013
706094841
848478933
740696989
670697772
452356021
727823805
103589161
283333600
738079111
754637569
109431381
351044575
123873970
104711774
509866994
294715678
279661162
618379142
861573855
411564729
786705894
56831188
195888141
689643798
690870446
256564506
715170091
122312944
694107423
378743198
10453752
245182702
185995577
479512166
558966190
7506055
154340804
965412962
242011354
657571243
132940466
793682560
137381371
612190900
889423157
869540613
353896303
240795067
753019693
479627613
979680476
616040862
109289330
43413124
621443893
993918641
239099314
672482188
854398399
103953451
56898870
362508018
287207665
474294727
798493497
757404721
485800400
663658168
118689650
194354842
898900329
336954706
511906666
149048408
897380583
994842302
450866356
448830889
833780934
109184534
81252804
43619380
592533779
352761626
254664187
386533244
121271781
464253396
856902531
363179261
610497120
747949700
143335173
354083652
956509850
761039978
70839699
945282625
529453554
681702714
710555506
405797685
275165629
294523186
49632274
49767759
729131485
899161456
363509613
38449958
647953042
14923524
904523451
736175554
862166071
543651678
802928795
156235831
92227238
559625783
119307240
202715464
672499490
978123000
644801628
594784937
50597622
284299617
760643009
79158116
378538206
371041968
827485845
250944464
796608920
936918394
405300017
302193809
428015414
583880065
103510774
878011153
718736816
83471362
916531430
5073752
690648402
160510182
465009217
7407464
226635457
344997139
653570196
47077055
16613889
519135105
48022445
563619007
312086270
730511985
184896584
113453120
454649775
102996807
188590263
704830993
856366299
559813355
918525725
656418641
134030224
409944667
596361474
868733004
825813685
369018482
431211013
484685082
28024248
213134995
432706485
73801459
88224852
24080647
486017268
922661206
746092273
608217390
297786576
224729328
203062960
707285601
256087986
102138581
823967393
329037308
67380582
618515741
246710281
714319745
325165821
83442468
812826594
148109006
583089903
697303896
21973898
442173391
686584231
882497293
578224471
702686592
53699210
306579730
45038067
629687965
94612977
657618177
293761885
547983341
651405744
824612169
58691938
707221081
768863435
175692910
529346683
227068105
275195601
903113253
299736172
639870215
721333102
562725828
244906563
503372624
424762156
798182851
476648034
844504006
943825603
914687044
515991526
37720096
402845495
389735438
833958042
484667638
507730033
939893041
777258483
611003951
530030983
907661411
792468712
453917871
769904589
276984792
470201306
516425150
730006415
40559221
818943008
82454031
148360748
348786187
403450294
226927844
225441737
14538515
62765105
279545821
55396592
478578282
662882025
506190057
516600246
634259429
587856155
550197270
173704968
348063910
903010790
703049571
79815249
152044360
252416793
656311451
1176747
734614417
241160087
97969325
955267467
538029147
581750474
364306625
70030706
326153547
835911348
341568725
844894287
358063956
233155937
991771746
149462965
941678780
689114198
87802940
68765184
434236150
846223402
585035494
208684853
151075949
202671628
78940825
568145831
585646189
114299773
500287953
816295379
355550577
140334951
191102347
187192949
35174439
755407277
839252668
925868134
431210693
539783836
112059222
508782930
3926589
427632776
502615103
898944017
64806579
693156041
126124815
752152332
74020297
463022299
129357253
638632465
919087249
400646291
903135389
986737212
552218831
755776196
22608556
159034211
382096146
751249958
730210883
392344264
407227463
824793054
234883123
579283086
46330212
362098973
3120606
224364839
841071738
603671118
839779916
758568244
130922229
253438042
71234613
638140476
688359316
360999183
786723369
994104694
275302982
411145829
698520676
891358195
873086257
808965133
865239071
888466173
626850712
523334060
833370828
793169591
848673974
780452025
24389707
472352555
685604542
45125399
531843366
950668405
875956758
148600001
815973519
450992318
996788206
296254201
636371961
46472237
369123266
616226853
531237363
26356088
677010920
346233249
271407367
702433312
669831926
363260800
924431087
84557516
313714618
490123309
745658396
194445622
336089790
240697376
804932185
724576758
849152134
83907175
550807227
449275882
386092983
126491285
945620215
86858904
77568218
308060108
60575427
882983758
506427006
61488083
48729399
484049993
639539811
627080749
944997809
935247847
800335309
909009342
888840389
110742399
572070103
735678525
188589195
325514806
522181437
641951360
849744005
203090311
89092546
735382589
297610578
301452680
171180057
885161353
511490545
890719546
980982653
358935084
114175807
616041157
374651424
239213839
159411501
667221354
997240181
579079214
849807492
30605731
681078700
100215865
310229332
754460639
578966084
291902845
530855447
870058047
247267869
808699841
506465982
193999755
240821683
813154417
253418128
389422197
769290590
832806685
398040345
233948630
842961642
112520360
728536681
10244419
381751232
939390717
904592098
96421015
84133531
585632228
929899203
875407634
788571795
306469004
34904439
325342236
246625295
728261358
179633950
109023311
457436672
115864755
638634071
769336232
192745753
720442870
323955767
689428379
533403141
903113354
206035020
180047600
848615644
471640482
854914595
557689011
239447298
820445766
788840595
836819983
334918378
684272578
750934051
732123605
792681473
998763168
241666187
120073133
142528039
974577996
822798100
969509377
124385893
933054304
613097691
910482414
249467683
299983917
986474702
557787995
577414912
676167446
458679177
159732478
869818632
799046867
775252412
538428614
81173121
444623377
782619107
549381384
324819065
409329283
135289718
15736916
826622974
754173085
600685034
667590401
500760163
38464179
332748334
698523103
170582111
570204198
338575681
884885941
33582776
98624717
950977026
447029512
733342221
705797704
435507122
97927177
340102340
280933936
986902767
949932288
264546933
880202603
16415632
825355368
601875144
557575225
134171395
267658270
470893516
547597634
222522293
151414031
879457957
140467905
892922734
221505233
494370656
420196889
276579071
664993477
60067414
426736802
79161262
203184376
683108489
154551927
594162313
823800427
110493978
662221485
405492043
564567382
411532601
93887808
384713289
927985860
531794070
840597128
447607676
36368370
152442129
391192801
408860592
97429279
885861349
402131035
48901509
217007108
161590912
127567374
572392800
154934792
492141913
908780870
668068776
642820670
40803570
791120801
287808994
2890432
641446007
860959211
829629942
180256958
91663137
226082241
58391376
529955096
456054815
504814206
866673005
770016288
613496547
616225219
432637172
10549960
258748699
9864201
605530113
598658513
423354767
836865071
54224120
156557386
125095294
578862744
487061816
406468108
409781638
530373728
791516343
557663156
38097570
184560563
147085607
476438456
908967273
860817153
457433858
648315210
471526863
388718793
84275970
576551729
119666274
405931977
520566964
484606709
994600066
3991181
29520665
750362864
655513599
108976011
762386763
791163541
123450104
55410322
670542408
577089012
260959525
849292802
437003286
39854213
194738960
108146827
27427714
594380173
413158125
193901156
103145210
897927958
706248021
582392408
692044709
894192593
286374554
850766566
341513852
493293038
581089469
254115962
940626882
779223101
977411466
126048005
846251968
15244357
158539320
141237057
499160346
456278658
401906440
789820026
561337126
52545046
795655340
338691938
757430460
307284259
270030559
584034329
719097881
303101182
580739392
566141803
235463949
591341368
94908671
62527785
194623673
209652775
884089420
677187357
338352931
349971522
125135111
305163862
296942966
138307583
476612693
635558389
707536203
384237251
380491341
976406029
831426308
152714142
361215268
712216669
997769729
926421899
868725135
396860766
872595382
824310279
916405719
750303781
507832449
663798964
535831540
956701940
598965987
40971718
696428518
776835703
986078222
571827349
696282974
841632025
177848048
594461095
285456345
739458439
140898623
249661917
31392133
723606549
26577079
35082409
25968940
53781441
894654585
227818251
103680925
97374749
882276329
485033720
460732121
908354398
816003585
958209014
870607543
773792922
11532191
90307070
538740588
728329089
722481001
409981078
129710854
715835586
201972390
733334759
864575312
837312010
484580716
156383982
304161291
374843578
220706645
332707114
422485218
511350991
833244983
71311305
801649738
684252534
463501810
74840126
133630437
118375802
65047529
477885543
792032148
691557249
839062793
301336284
714477145
951047073
612172505
143474182
684724915
535514729
936996540
428991945
584525064
534957840
550060157
276097060
373849752
604388028
111708293
128295658
583544520
56689627
556174345
489530051
254488066
204775002
104025999
484163089
151120500
827087117
56119534
809609093
205409044
918364310
630844963
139239394
61218899
704665626
78836634
87744919
144475514
133231324
38559063
393685888
510162591
407731864
340710732
930136419
338467266
464951467
834015507
213286338
153107044
572843894
492716535
513788312
647603160
413373776
40291648
131967375
205508252
216925840
793223621
303657084
123929049
711739866
281680726
