12 13
999950488
548162954
350513791
99064720
388840068
767832192
659866468
130798968
65021567
190244096
510939385
784233540
133595028
739176480
846993833
424621958
687427622
181629062
442015914
728129740
687413751
969179965
143416821
2609022
144502526
589776677
674608503
718273528
344673271
638798986
655245788
177732632
248059182
424676351
444464407
148646459
390962103
529729053
864673200
415900595
995793696
473338150
628458515
651964665
401132162
737438301
981659923
447452757
187246450
978000990
454932067
273151631
736032539
244315435
423197589
648116249
223461335
65657782
319193784
365912967
106555941
735841288
738130407
175912533
673164659
918934296
26500676
505234932
323141018
703671671
144115935
69810992
544986819
650527605
781396109
376991416
710733447
593552855
621246174
662050282
226477117
478110062
242835980
505783415
46563876
462660929
473282071
379824764
885275589
58971441
341671928
223323433
856912168
355781725
42277496
586842650
337937256
924449803
120659262
469109103
673490945
84514580
4028898
614500861
656246789
69962762
455666437
204964146
158955646
297957929
601401208
240988057
757838367
707897653
892175506
103767887
460982200
104151763
730373261
762913941
755481206
111602219
375593971
25130339
95629080
747381060
993230581
104520764
561274014
416158739
222943239
236968463
99555763
554514889
434369526
173330242
925554921
18767649
121473824
820045388
969824898
59584520
829265606
559688587
68770150
254425916
961198417
933362862
40734783
779939477
454175293
117015673
920281736
64842518
134382976
290142875
991404931
364720400
12080476
795837879
722404297
407271929
911635152
903646876
26977317
928885019
150629971
624676411
271614156
417212663
3806785
990757392
418937295
846221693
108522438
12903648
82842598
716451094
361634661
194443578
280513714
49398618
77664431
542473011
312097157
342105599
745444187
486714671
104094822
590732810
504741100
664836960
465939572
554421557
742167784
859920497
505614008
843828976
392618429
870931196
792897571
264292237
578307096
366973251
493919017
663601029
272488656
840105908
874762606
10809028
325212478
285475502
323765054
663516851
653325429
117779550
536755813
650253824
733918855
969637113
43549038
926539951
35577146
771394126
985767189
116413219
227575878
741683269
673968928
847295437
722418858
754417803
408552321
555371948
25153123
213033588
46751950
429450118
820243105
983238296
801519325
47068164
860819818
282870567
235437826
856291792
98143771
973219484
73794528
148346173
100893743
425752830
835742990
129884260
252806460
238115063
977860126
512207302
991434518
582020777
251545321
27230379
736208162
185303624
583732501
818084863
656453733
588396477
128313730
338655334
481116145
772159450
623341800
52456292
102322890
247451339
943311734
437003783
272671461
611806910
852510405
372710010
779547232
659569419
691567876
726170592
226123434
54624206
158226173
561786770
948867633
117620334
427655135
465088223
261902540
672567699
204768320
472364323
815383812
575732514
36892212
982000558
477784073
826774791
333960366
751450505
399987725
826630388
422907490
371072759
164619264
953404067
778278602
466077945
121695249
990698960
309318427
68066498
190411728
805272294
576878361
332335365
453384436
174159885
680746654
34481137
537589461
274690297
363663865
782915400
148324780
21128370
721304357
63371254
47468416
309222884
854695718
220257165
447210696
939143146
952076472
802183177
137448445
355547021
58028528
639131009
425015740
51097767
961870699
466282353
945958152
307615749
574321616
755248490
351458134
909293226
150531031
955847112
387420537
726523557
221723676
458159256
984681562
790537279
429044878
36442996
509090166
96557942
469342460
537494709
278704969
679778809
415359411
213922001
722061622
686999329
181406424
289259404
90972446
834939582
569306671
885287613
495357820
20843204
67568259
567521322
672498363
859707342
748629149
36942759
432715384
748629857
700175279
242530583
54411345
58034665
7148056
241920633
26242484
561403394
821088214
372430908
253899463
379904459
637960933
549671480
478333439
856664567
994749435
659576635
241814287
23768930
432064834
614803052
70672455
708251529
910529245
405425851
742779409
126352239
489941185
789773628
830859915
948025096
404648959
475556070
221174658
39454780
139930710
584515843
1009403
57366283
780842046
160555675
349827036
265415160
125819450
89890073
602641425
410187697
416305611
366242745
148789022
166166825
439413439
975941577
29643455
395085678
143081353
799446765
856902964
801358514
658324831
942385239
17266518
38157895
792062196
774281874
464256001
127146770
971475889
583353880
780584812
889356628
594906657
927094163
286175846
85523291
957697421
18329493
213288775
559681394
260679695
684712920
908334926
832167772
302298061
158189547
564140230
940419783
17544199
471277091
733174634
579646016
741595459
854517804
723225281
796035220
42503054
617194027
403405486
988157619
111582937
816181288
256097899
63111030
857214976
931663760
367020676
940102921
623462291
130323013
905235337
229287218
60827703
936240309
682923131
887166091
876823723
492732559
352762518
566221140
841265752
231196276
937493162
357272082
585210097
106248209
594295023
760376439
596006940
423730207
982466026
493224197
42220104
994984963
945999597
37393133
914439600
183417952
947034415
353836060
572511006
144659305
370497177
299963284
254838084
521699822
714886990
460882041
395066033
245381195
720489750
60391051
948159060
274999163
77846759
182963268
285196494
531976387
755326737
420280670
35723918
925657578
720339757
185461318
274550665
698234351
45144845
682423188
629161797
406549585
618901391
623145438
941703420
322687538
28734019
213713369
503602457
392328673
705098017
882264716
4510512
955038842
895180842
325325362
281494400
796050298
452792118
132712295
809187043
223278928
478994638
719841852
852710314
123394362
819817655
313256452
96331986
425101602
59534933
405994914
680061552
743382135
81093112
119139454
418721989
83638519
675203795
855003691
452136255
383792876
496017903
853347222
87509528
69089613
928773003
496867094
892584694
20026896
35832205
406983651
228831423
478172056
566892983
581869925
472878365
928598263
11027643
683618526
330124410
168954286
620669906
292740890
59735676
878224631
158185540
277991624
240025178
795299973
86960147
666072777
305841442
466031875
191342849
491702768
824573153
350125483
363728576
708025811
556330942
188401781
533501779
482192241
27547145
566697332
943274435
137055152
465377327
84953013
44832043
716051608
94916381
124603306
641881550
566970671
423896009
943094326
773916809
346180853
125973187
912345012
806632991
162024780
655498385
684135785
322910222
459906623
309230192
36274608
542173731
774788780
146155577
915115221
96154104
793435537
587656194
861843280
939121130
1618323
834238298
454716425
264172447
731253802
639190406
354459005
463052939
361009665
865493734
622466976
86382634
203277004
469591384
669168877
63653094
139611194
586034622
527250876
366239397
589565921
486316895
473161747
110911069
360136681
702686401
415673483
765275733
402115151
574635002
428324022
233343553
707944911
126652593
52533892
511186752
642327246
304206900
23699421
69745041
260258016
141547234
283108111
147773535
946699006
792285305
97013593
501564247
379166227
820182818
67686420
564721962
251096127
555046629
661748027
588845378
927155264
27592396
729664263
466867346
614311703
132722892
406307238
299071951
616585735
430197947
264863146
770053082
722533396
119466947
57846339
56746975
286610451
464899403
47428352
194864725
620970018
859998695
967716757
338726658
958311762
188087900
57332330
216088873
334667482
224544575
51938217
584994064
784497467
883768057
866687846
329320739
633406571
829699268
255687625
184825471
731616072
31352902
680661170
625935899
640290494
988469740
628317962
41941583
435689633
94303196
611417186
20716127
555163203
126579443
289512992
308240232
878398826
479978426
832142928
372833957
399156715
590178499
291103926
115304852
193870739
556459014
42063802
347142395
539689618
138268996
583071919
12583785
275281869
296723791
407965935
929145274
30240125
763780395
441232699
81076099
167385785
502755787
177235418
100682767
57299011
597884247
851265383
405463350
18299050
927067193
162879547
496253492
593618220
882638837
142251903
229345712
142480490
985902153
648645453
316534363
643831900
572206276
204073202
989574177
493878122
384259827
810964042
476996955
872603467
97460199
380982222
470025230
42761315
981279879
680427263
702729099
513585412
777650400
832483509
982256616
29171996
219038258
365472796
660964717
833263393
360486514
268970597
571185305
937367175
68563216
204822026
422125832
304506999
3984706
582582877
691280148
818407246
268180556
668018745
480931317
653410970
756031489
879021064
433152427
41150218
190978774
817374345
383950135
137306558
901907312
384430252
576637583
280645774
378067797
266220320
84880948
897629896
962342187
123075781
128602652
641705315
25320414
577007067
66411816
273260808
286132371
429100225
419196569
71171102
554740670
507020209
983216982
736689307
903582804
784767977
347063516
993276187
120319528
769885143
767340863
157555297
407478519
449314523
789026323
900209963
873432614
740573931
382605336
810762887
560890418
116328564
3350597
983699735
226477910
392239792
932693060
458725989
80154376
330074432
461346698
248955374
827138757
2367033
18589889
988512289
502557024
295416411
478612575
152607547
104636470
217683350
533288469
801343037
48604578
109290859
970139037
609799325
138817076
217700293
186925989
917096154
814323802
279677886
507698293
790846244
991091396
172248243
491948244
563063262
853381241
610223376
43347292
43972718
12992006
339068961
270527455
668799826
406300972
825981625
273483318
453650009
697583346
649480750
598200104
939353534
49058048
26719733
645901989
182446530
951176047
987403776
802880028
566128059
84330210
819013952
657628594
32882903
15001152
555578069
579221531
442833263
144089912
111088295
104438680
286855129
32774092
678118824
757290548
132966473
219400941
646722240
542966127
695818891
315082651
941464681
621786201
67283492
306329229
255381871
186155443
72139707
982590554
887618797
228348713
697128090
240794542
481839181
983640465
633117998
704089575
587946284
917866907
38124841
519695566
27893353
803743557
916802681
722971561
848667462
957706293
749466103
781304450
901623235
212147962
833557098
209303302
598796847
524130170
79470231
676220526
570603990
547156949
418497245
762269475
726167822
154250384
874460644
460432294
833230449
43386653
738175247
380562717
511405390
395074687
44031946
513809845
990527144
660097278
752289232
11818133
606096665
392190656
629437495
860305667
57596346
413076542
31371368
29936678
180875013
142787688
50422892
874544435
26981685
812994801
962666031
512261659
410944984
554754401
149125319
307974548
256368007
390190191
712631208
755252326
482410866
685218030
644676622
221556118
215154592
533104102
50788107
874019752
420947851
888559353
465390713
861288747
572330173
402713993
23211582
761788211
147071373
395978077
21968323
726805286
352933655
16434347
744710000
877835917
391596997
303392497
253982688
880284297
41021101
733561147
862125669
804011839
760500695
405912881
916350648
238451886
100134399
374314923
621571348
148515194
714436406
111402266
911440140
454801637
876281975
979553151
239801744
43743737
422725100
608644252
662793905
652027764
909304575
91523802
97077392
14395324
480237006
349738202
639154354
795183860
254819777
821667369
738431274
793214991
28076634
529733780
409869512
586372361
7410025
415292423
65463985
49275992
311202786
994090312
105060421
140981844
890004235
280408435
894273441
835179529
754221228
720278140
113645944
744655987
463906808
571584516
126641592
513386423
185498704
733847699
774713800
331240007
578124213
405197201
206165741
675625276
742373736
734934178
874849198
380985913
580803554
64791622
839823488
524705804
854980362
252819658
552405287
976552298
611265659
903806437
538267799
782662835
32014611
362607073
755487251
865934331
652360741
224312
332511376
124077963
524579046
966790158
942029100
509189466
645840691
569019002
905185922
618994314
97558776
431866772
143306144
392184500
150100296
115109683
221749850
565984315
826411237
360480915
615396145
763673920
649000856
202848306
401432363
359612645
622173241
627903793
754540286
7166859
779215560
312277228
743863218
626708653
934938847
98371047
347471568
827545545
668986074
860691571
523325315
565360308
815436168
701343284
119778484
335141798
554754737
46873428
541847637
352219915
460517880
608466136
477058770
731595197
212844873
617279076
738631247
948473441
347928597
30996539
553373992
880619461
209779963
233005356
536190993
461966041
321684440
350289425
217215276
344635672
330959603
442820931
677141049
506127502
56616902
250671237
350094277
777091560
692885461
647500903
22925482
890696085
807090531
390715770
433423948
102137887
821919727
533323886
832791597
397630407
717663037
668458944
140411136
106637219
120593677
829031373
94049983
775043792
897182494
515855357
456716397
195611696
643671998
598208332
120265264
77599208
245724156
4262904
9926071
19807850
427493283
885614301
50238467
383542301
156349621
916159151
100098937
207024348
202561341
525971892
113947878
600631941
694513946
705583429
966221967
801481621
286713981
94220589
264489719
976630603
800842807
569022571
702398892
473887665
197123185
989095557
648545653
2715201
889265859
354499531
272083701
853612416
850738812
489065283
201584671
473063188
676660638
756870608
783582880
348787243
398896940
944895413
180659625
501324261
213844980
581918248
215639614
578627051
790804659
186529287
581541373
690032471
89379650
58751351
431055502
44952965
253772942
539221409
773044504
51331916
183558196
115342857
292113689
520442710
982763327
440762117
73626357
453443300
133175864
437644464
444668373
237514171
48882711
131056795
315785956
283425890
733511790
440841509
173169415
468712753
928677725
490439087
994454507
1938712
52780403
99478877
43153460
474888965
130636751
466960453
343864311
792721016
803132585
79662561
385805419
709601941
505823260
9708921
325684856
574077660
756924461
370505088
57256739
303794161
38905354
463781474
897044402
850788561
95999911
661529553
897441262
419195042
445051153
653662316
407981374
658919352
363072844
69767202
885731910
319821596
122382345
171720234
160097498
558037514
713892704
617719556
804834066
475109550
33370657
394802755
853034250
931868601
555976837
199124634
375687907
933761377
338522279
505829817
756698224
719280546
60463010
755205216
27934754
172742842
329728885
639161938
421822609
495215817
450022780
768106880
800767786
327886075
402476483
317380461
708418163
346660117
786672626
433825799
966480235
382825252
459233440
186793850
73788726
921968568
39729342
423347720
844208442
198209084
195512867
295209474
413527579
411884889
25471104
18023376
671525499
414396180
477554727
640951900
124881335
692478906
359732312
564138357
128465952
169381470
569808656
78015034
990616036
816852990
847232580
839178161
653300738
551565843
598685243
462416416
298044408
868640603
18121241
710235088
880277478
721901372
809506334
618387044
349736620
715411899
85705499
644158679
981022129
60385036
594111907
492589345
223320368
291637388
231572591
835250496
938925842
492079500
921722635
17033951
784245983
991199217
836008320
891493188
926370041
377225951
897642372
218445763
947902926
829067901
77924580
618056436
797862288
896714097
330913799
369589405
280722040
391927269
476105692
565183315
715735924
876074917
696078354
764221304
834285115
209663957
133102883
298024862
862238877
830055124
272943650
955726445
4700248
534377606
29167183
18609211
395902233
820297323
185343207
257197301
929721972
665379338
812850271
232885479
411712198
348081314
263371038
513058852
293304072
73957428
81655802
440661871
689134318
598257430
71920881
879317058
933182848
835996427
840748365
949734870
593499786
229352480
571361646
141814900
451454771
363767502
122807833
928838467
530086755
594571103
320325487
314579296
916580545
52093106
879477554
497511829
970619672
53578450
900702717
942810759
3542966
496174861
580744715
295480246
935747934
434821192
491815926
802072295
421808580
429623719
622936815
484121356
509687173
460023808
342487015
625230563
657585223
507583321
115756702
21111879
128265937
18104053
27637172
127607084
933708907
516663949
258942842
719614074
920865531
102112639
693482312
204573835
68005851
342477809
33230106
32521880
443576684
373690622
114202499
68108210
42728456
853405129
724032807
247015835
569972317
640498825
34638645
239039382
124675716
263991456
594269493
447697137
87081976
399377587
669626551
737339369
339910688
792782591
910341363
972978703
416080518
493706346
316570716
459475998
446425971
61094787
937015609
323916902
456228949
686770139
951660268
118874660
865197
482432697
371415104
955131682
453261411
701147927
271717531
752208495
185566222
147273124
751848807
69230906
111364766
360530488
895008596
260269540
383636928
333626331
502291691
983540285
420293827
447957727
848822996
458382229
170133638
119356054
693223535
206671220
272192762
295172364
846267545
181605426
6363168
771184806
787418778
277674497
828949010
295770070
55750852
489394617
866466505
400584487
743997287
113577176
916432056
581628842
97482323
790845673
90987975
414636839
433339150
144425995
439596819
416475259
46245201
180612008
299393341
876113537
540982467
133949045
561738198
370213580
893948397
799095049
492745640
597664607
502765732
400095600
152335644
503806740
250961156
987702742
920311548
597277888
271048623
561574163
162754799
102546499
269084777
208587295
619207174
20008889
606818956
120231428
17748835
23943954
556051546
324124157
388031492
481627301
600930788
872117083
441980985
292967284
397799072
7148780
97136991
571569414
130297248
115935554
122899076
921974411
817634238
776787688
134790180
783171094
399090379
156935464
795375125
848516586
734203410
665471599
689655938
989197660
786063543
392118694
442644062
19318270
295976312
529398639
56546702
408742853
468078435
689854242
719955147
780195952
201046881
221108782
877091521
964383084
377388983
553969719
629686549
580579462
381592641
324769605
789869983
101561422
800142973
749441108
182894549
325005813
939743216
576777726
921809335
65471027
184385900
701797768
972970545
656389279
904981224
303328899
933358859
590928559
132087374
380878274
124675018
461364646
900305616
6645918
333482652
435775601
686906174
261794058
296402599
544653759
380436986
207083493
108178879
179627084
451466737
57820546
11164559
234071587
433119355
108501819
47600414
915309957
698780593
290552548
567818023
167950655
926655576
870678048
461353029
273189219
148585218
850756499
12348423
700066144
203352014
416350317
490918391
94631770
449016281
771414596
68196270
176899915
816939423
643034661
808252545
982607193
491187781
105276953
703276955
553985130
618418014
810477619
830646598
832199955
952203207
422436367
398767372
310215495
569966193
420881698
920705224
165434794
392417526
269707414
511867426
376106276
357755578
803993784
460561178
804872273
547914684
222651271
91678645
455309918
447140329
61286483
398027133
442625566
90338934
809184980
343001209
352085218
514168908
716913146
133048912
494336678
888754131
359542107
412806296
852091086
1193421
166104569
70263818
253890915
699882461
840430350
61366290
789256277
859423069
929881856
192352417
287641147
111675009
14702826
204284065
42859078
170072384
362592008
930365544
359618611
817735358
39580817
808307572
111980567
372741420
909045824
104192597
428664178
430375262
88832215
960559661
149266884
239143893
768752075
484023281
561079686
985862935
716122500
667751401
597184929
263150975
627262873
629653379
279759220
903154477
379757498
584116158
258754476
384055639
705568972
264953996
686436201
583820367
11477930
930614331
768741252
531569676
791810840
75875144
723331782
944089987
288053726
840343134
392589327
362141390
909671784
491043105
430048137
752152972
437716468
795948565
179942672
723637062
738713134
63555392
208648507
84394562
688250332
786114201
747228397
31233722
933636404
208563275
978087406
132482950
31859580
73117908
845252567
543077278
591782022
427638912
116322525
89579560
262594509
834111285
112966651
970351907
179719094
595483198
229937670
619177711
12180326
778112858
128667299
802072478
390891117
581327151
688281006
376547324
776220454
851663232
113000923
105954717
643237714
120392346
694587250
592845464
434816438
465424522
637326562
180030517
361744864
236827007
550174808
930591630
894355897
911742062
883233687
705781659
743530774
537606494
598242758
882536088
990895
955406798
132251992
272063853
603467553
413199244
200051522
594350793
85695627
885548916
196217810
283886916
855368469
636114682
32115736
612391905
540813216
493214242
709869323
153947672
453628262
614031748
173150482
752869364
293501103
990341185
128461369
661808898
301409141
486235140
131068521
857391357
13023645
431768698
636998449
42083783
817925957
116465200
21779439
227807252
371915241
232825416
21554582
416344519
915852864
56655649
990125824
487136782
327431589
808917381
293941684
85969285
629532113
716248807
104636251
7095571
19413628
273575244
555901635
468880830
93919964
247209510
937084400
338122830
485970125
572725030
138545763
527724741
182338657
837576552
437805746
442298493
804931042
445920867
35049470
560614880
498248004
294016090
649302044
465957344
997174661
546909748
759965121
297484786
323472527
832695882
56818965
687142456
327970807
262290418
109225872
945951096
489667637
80519435
696184226
567230935
56326143
153008561
479299250
589702444
927490042
373111535
190098496
57442878
441462333
178142982
221790276
203439396
132876586
248339816
978728237
310181538
704890348
853216254
396626884
263613533
918761096
174870636
703820553
616926312
466313458
144301421
319904196
990238323
263932157
78450180
300870589
223122654
512579932
559233777
164432217
936529716
365006087
531192298
130994425
188878614
612479620
205952445
217652508
930033589
999232922
443749586
93589681
331187874
793400356
191807585
921173482
314692740
674214938
46334937
781478350
457480917
313871907
884105416
465515112
198766351
121315959
151307735
115448737
874414021
930168090
133080818
40011280
726388678
890018093
241128036
110675862
914306324
699761626
951041620
113403957
786601380
530879591
963351370
424654718
69524087
552492814
85772056
378648381
656289883
180837500
726914558
102045736
123873528
859653648
78956160
867122539
693192718
317738115
405466870
195494930
118294810
354835170
309629460
448951294
868674227
901203013
283221868
481093171
508130286
796491514
751474319
808491132
692620137
157591430
904128038
599436975
568346535
7239360
600381880
928524212
436716478
220965904
506912093
131465038
291524786
553125985
649052043
264096322
841381760
352323332
880455737
646773645
138906208
594183885
942987583
727419877
94568286
795600395
925938832
347413721
425860642
599855800
693081879
412244423
74456333
336061482
889185180
450656849
640084337
194072189
418293259
391232106
403156060
544621654
982401884
248678895
686623079
946571747
357737311
299975430
377800331
868141044
350335998
953857557
275526541
247081990
230809489
115226355
47593620
364669527
967646492
366487626
850248182
548763637
389854694
20440835
582744510
765256418
507449179
692760336
85374729
287501211
817064640
227714893
512735242
760012811
62602243
725528885
682983061
158007405
778802793
140959883
299057587
807150565
166192883
163260949
103599974
22962136
871991654
921652505
685772099
110963423
600977418
125555349
439283666
169198920
142123953
76794497
638258246
735561906
22307536
844508693
688709559
558311176
308669090
692328029
296746066
133758005
941966100
465810198
701717907
348979098
651844996
350890499
372118393
559454065
190713413
560889163
128797489
606455062
490122329
532798859
730508874
349378012
273531555
219662472
524660300
109507466
625705992
875054154
290005870
520111747
253213792
999388094
547030791
761217266
451238104
336132203
534620954
61965256
24108319
342008695
974734479
807132732
28414258
623233168
369698387
712089226
356384055
38978469
591466428
453550453
245522041
185539920
667664132
116741345
951194311
336619568
681557192
664857528
768053428
252600703
770995042
913879867
749822243
117754331
662080129
914088333
142098084
846956674
22138116
605474360
885796109
877368313
160807532
834631258
671153294
341239510
453513096
5780457
143537014
704814335
883325446
424942185
374706115
366372450
789634789
433990436
24217487
897121197
182920952
721533507
622138592
889259754
154862861
70916231
248670598
73268479
228499742
703549315
402680659
738023469
331203979
631483239
950118272
132471502
222476583
487852879
630454206
735329024
11786108
821266747
822473720
627760188
268038679
438925648
72222061
418643532
788897784
322231957
264668051
593840429
587041872
596523203
928636425
109018672
655280766
932265198
822196227
282760055
780080902
110288502
268450019
68791466
145662315
266328298
84687604
842024116
569536306
801407570
59804849
433326794
737223197
286665738
696205396
842070951
927833928
766757523
806182911
294366280
424757811
9725840
928467501
393302096
313376612
550474612
160968287
144935061
481839460
958148941
881596988
835019755
564319682
74099216
903263265
418868654
12764114
245625214
777377106
204244411
876540820
420311152
948759680
663873847
76332739
609405421
52248259
31596076
650664813
110716855
964755957
91124063
128408453
249025193
311953190
124547259
1143148
141433498
321468249
575142358
421683729
959950096
741213159
201490765
913143859
797328562
307841141
683684761
948148879
840364644
313142023
464788021
768353827
323754347
726328086
651402531
95112199
471706377
575900400
199448047
548118645
258759319
578891527
758640072
279111111
583257614
584542802
906598628
226561952
976208149
935980129
841577439
219220113
612717495
315447754
406538843
54006691
245783557
592407828
547587587
162621130
658923142
277316063
96081643
699508983
816225976
222963902
860897629
981862122
431399531
797419087
513097827
97740530
619905080
137206657
510094798
643251313
814480176
835508667
537132691
291089329
189364547
414748775
383937295
319264286
160845914
818056406
615207044
577056580
115321077
297065115
18986022
689460335
251706195
199273069
380420224
729050187
715281888
391479202
97670834
602446107
411184571
344343461
390036679
351481632
775553949
111603139
797540063
355226717
206027597
219756816
87437501
85291779
290787365
663969131
519379283
497156945
689329602
105236570
272875470
193670302
654750969
666730645
916341612
68458313
635464798
834248360
743706084
145385958
746555350
272506340
146690523
426592681
177872864
549787562
117954131
41489680
661308103
787919713
785218574
100013132
451828933
225722693
41895800
443650963
243326620
769342762
716136875
949489266
295330601
117760938
75156535
623118910
735738644
903779090
42035394
797422658
211774345
622171587
591076087
925779176
7093863
318222017
196178919
232098530
999390045
918767630
134007234
956722873
51289953
933693983
325591597
912281182
566397860
721722100
674399529
893402677
521901888
983514819
22350802
93966032
491027042
987585647
422376431
841268639
173359378
198422197
254058176
391215547
51475076
834057487
470374164
651494288
435202674
870309320
338543305
142886422
184738358
48004145
945897726
119716494
197549859
51191980
32765706
219811559
744918554
868402265
755711785
653060217
584783543
835307825
313301207
954145558
585384901
304999196
76738164
380083241
209791275
444007012
345215784
890860793
59361179
731397968
218835611
722035806
784637760
47856549
548717975
715221037
375974086
172835913
383505873
769212012
800062843
53106535
59375840
87076340
167607066
627164343
547374362
945763729
582568927
148297883
251221496
972707139
266420488
653214997
493911475
804783861
577753444
44275326
496417147
415508421
396051337
396050697
423687230
466628468
939811871
714106066
698731477
55470310
956003917
309740281
570513870
857458946
331200988
9662769
87580910
606467254
735333535
252556577
304095034
40291853
540242288
30928375
61347666
968841847
620623766
628527823
618234465
126598880
949244107
579895049
753969842
591700931
286550854
947340848
71277769
427168336
328676597
246497244
934888944
406080461
156675941
998473861
623594995
809929496
689834126
529380815
845919878
325718767
252805309
233947387
28543762
901448319
800156997
452293310
370935551
112696982
947570215
172634426
262603185
20887059
200739422
383316766
491951888
93101507
693943212
363550884
225429357
997150185
44854956
807409840
25847539
860304276
352528579
2206984
126393815
968659167
649392822
95966701
874693127
28214502
967614839
188731022
891591400
876803799
349771107
778717254
823155630
470768779
473199712
914783258
117316167
57043566
964890016
84152500
967723555
753560094
88899950
786017167
3096762
948352521
510330679
607557292
428412531
284810792
250494626
111653679
698926795
855611430
785375561
238273958
21234466
87146793
488943243
19232624
133107677
186307847
708294509
589829671
353177277
761999133
587770584
235331172
158010470
988534832
216838200
476642766
739995107
434781593
808124224
317023310
530345992
151690965
784138374
552994676
470130243
394901384
722091276
374979903
203127530
831334905
656675788
812683715
85655609
339895998
118897059
12363159
400907421
7928530
804408525
701352851
891534834
212987656
184399865
178952775
125676863
465855315
490623770
803798486
591943792
329293717
83173230
155137230
285993439
143602040
70952143
334066447
538616414
975481454
855779210
283641073
513943632
110275415
623196496
33645845
58384484
214096706
694148056
496998761
129877635
399036335
67779824
378294213
121378098
306586029
634907967
78069295
391720949
711264620
192304313
576616786
370182034
469654820
357748325
714225828
495376330
119296769
960219344
616007836
28310658
415708490
245902058
615994003
245829589
705725437
252785989
666053641
20047654
950225890
506133293
163216035
831068844
715863880
20509842
38699425
979295664
808297352
120862830
538157127
85933389
64805749
826088690
812485014
478425699
49149574
60183190
959163503
984433618
759746878
301835443
544679076
861048226
329815622
426583569
107073644
594245510
631008370
800284533
706363462
503015598
834396883
247471163
343584395
345692961
450175872
65898441
811495748
305350289
634950974
85658531
434417992
923783579
287259983
777029984
569662423
865798190
223101168
772415482
812343090
920573570
288266595
224524415
45647718
535076622
135045704
27586005
46338034
89781111
672399077
179619376
900724590
69782004
220710507
614616393
169014938
234692726
797207894
782761522
741231726
475389517
82317024
141999039
130198420
359827334
267763157
961767623
638801550
877158295
521775442
619709302
62455526
45644180
615221876
161335014
660357212
136885253
108388149
956087723
109863143
965944576
419564648
426044582
642567723
772613378
268580230
842387260
941974711
900875104
781915427
865013886
368874535
887961397
463660563
81665108
326240393
614990038
595784064
428651905
222079159
881157134
20811917
31360275
620536624
14656072
650778893
781008887
405337427
59438703
342462695
549527152
273813184
861524681
916628568
94102711
315694602
833090649
428973232
944583692
534049568
727918363
519296731
574052001
114470439
402058823
373765468
180549206
81946223
828647993
651821728
433365463
342348635
107852941
1731903
877881433
990071431
971082046
498686695
490446281
785762144
245497664
869857616
346182475
119874893
396394287
573426827
481041909
76479824
737652219
514309830
116144749
126499229
763396610
729511282
914628020
93384767
378233480
474992916
885626336
492906905
80813911
504633357
102849600
313220438
257930071
691311820
665629936
418551265
913488694
413995656
91180691
387585072
997039463
537271394
51029474
950304810
48162251
303166921
962013845
586519525
246577483
67112196
813662120
954011798
833692210
124742760
772047858
679577338
699302905
834918923
285675479
819720445
349953838
774875662
257002996
486869874
482045156
771328103
571987536
585222913
162545269
222997995
129352499
376110618
21366080
752621869
313046720
418842582
86211173
651979465
813544460
297624025
461302728
530130139
869396540
275407620
382799130
469581781
525106076
714776398
521513963
75146477
47827516
72973714
185258552
768488856
606271767
558161230
601797855
942600381
941416680
716506888
823300204
360563779
688254500
728092965
669455674
79900711
37830685
268935301
859997018
349729693
10302814
990775072
291715293
904815390
131563465
822970211
359235555
593633962
66655565
723143594
876822161
845807819
311101665
423285079
785511096
125116118
609761209
672195968
706891562
481714645
81286892
531523952
358755985
562716765
839876668
823910939
791987078
989121765
758855306
270017874
857595874
284430901
8570152
123261058
179529098
288637674
107225175
370343503
880488562
468343166
872416834
117289311
522578101
957050746
341008302
104949447
581280897
684478637
489450811
878076507
969803647
726424351
821704713
249536392
627883946
818401125
453696995
543446154
587906714
1853791
328959073
565839257
161812909
660860199
823635368
200513876
248299038
413470185
102089465
615510676
330959895
650103463
232251827
162808790
728863661
138982931
317465373
161275251
412194254
598377180
472589266
105411794
683972690
648188087
227213952
336911134
325273963
452237725
263241555
417929294
858095936
101733958
553509351
94121304
645507098
382333825
270638058
157447259
287837287
193077665
772623799
46283936
115975760
137932072
18534675
456656274
63759327
624807350
409567694
881199225
899143414
333638003
305959175
986082139
203737776
247116096
469912231
278169893
867066003
195838709
773921042
119839197
504919541
120899797
730713924
528196473
780183787
274147225
729117536
66970747
93679424
120275945
950824260
561904659
725794499
167261548
98724133
173068720
873457350
116538958
48708516
296728177
284756603
637907933
60551315
9939020
838520411
48144571
90654298
278671347
548145968
436146522
461021024
851134391
830153485
194601977
223018935
110203724
725504899
83319912
966054529
375041036
195762472
573033593
82107724
873399472
463504230
598723098
454571277
713346991
996779366
915713389
89442405
529901781
19217785
7545552
167283428
733729016
743614876
758007798
23368763
19993125
911788289
439035384
706128479
703924946
888372351
755673770
95913546
515727507
821323287
788333262
270360366
697288740
560024448
680883886
134455426
75654786
809780254
664141731
769791394
528795776
849495421
419449522
791033444
894189440
8160970
311576442
863108487
920363359
509788762
251192586
899047215
470856956
694245834
910170980
446981933
142852610
678763822
19630907
875156503
35594407
379261701
470312620
876602249
521381037
130433429
396374410
223904018
581312881
12544150
419022102
97562790
97329935
817062744
282235036
564680655
44727223
287631328
546188024
337335470
932394550
162236844
668184713
742669143
85492455
91843881
806154413
365753756
311796238
261560085
957976939
147122068
445839445
929756816
86247626
779402611
817756444
122896227
77033740
227309925
272624483
593157375
196598579
645997719
106448100
535422759
236445639
698708497
876348387
939744276
102432815
929189582
792665852
393734838
634994216
802544195
900167341
799034905
116932194
332206744
723242472
237273109
142584603
35749898
537718835
997702197
670378653
285785048
896929919
980868894
620517678
80988981
745928175
573813933
280580976
436037695
526730178
514460858
681183372
342375579
162391845
458029893
578300524
985139733
156334932
775047727
574969200
183760838
352316401
204709536
953466539
231741664
123316621
725964629
394435769
362613564
834295836
212914409
3646698
792950498
452436347
626811097
951470137
116568081
402965749
121542023
834437367
303600035
91521330
837564329
280371695
791282789
447475077
97854817
266895946
126625747
627870222
220195623
675216117
506737119
30179381
284595943
658143112
467729841
967809920
578727505
702208445
18434152
520553135
753153409
97190951
662437767
901902935
142526888
88687904
34097697
810247273
657916481
39512589
863284983
977625182
791859649
847335916
921003017
547884486
799599806
365330596
997868154
366586863
53505549
351380653
308494428
494634498
585738957
542156507
429655283
217316702
99330009
787388909
619739943
203617651
62419372
113835776
55651121
15981231
103983962
419853975
617635681
125875981
99620579
727990856
133004761
918391384
834664452
987074927
405051801
707735988
920427247
134848463
745398893
973999512
984366605
736684341
906224510
558741781
21202098
578301217
55206979
473213151
310544261
384908221
969612428
29077445
25640593
821730876
588054141
560665248
985348352
312415961
396021770
530795107
989593670
653007808
20956289
142615684
414061619
304784525
536691197
27396359
681140207
879919495
731099745
183826121
843859912
464170739
544394999
620341679
533084
279873301
199998044
668450528
513527902
831297452
535992004
743370375
634506029
864558358
58525530
429655335
704748313
678552542
302610923
30619992
540664579
797320907
309511513
588964525
659910838
633546362
983736674
789544573
547451581
69156091
590737700
772863313
508929991
760305695
122696918
444924119
170057259
529449618
17746060
790347001
717220918
112340397
33374538
807433459
223079835
88869079
857696206
288354289
90808130
629594288
598108557
566830023
961159280
157267588
885798381
614396478
86614875
133291259
467838624
845567423
496210009
85440303
126815407
296529382
385767985
447929414
59178729
95732122
9351191
840015939
121865120
913668845
724002034
562623963
764328519
826718427
38297466
64392038
747617543
383751697
569703565
280086569
430871645
778047437
543465189
38981046
47436954
691703205
865197215
345469501
493322506
597494347
509388159
653522417
528038518
761309195
341361677
630406332
198608552
27938980
299712083
662301450
59800320
353222186
462159673
55393425
746585883
577881401
570799304
238438211
241647900
381625676
576812376
991163939
263276454
498108417
915426124
115206716
94204224
250606825
492971773
904562816
551152953
534376181
38426368
81110616
939938923
435531812
464769091
210844746
121687227
650408271
382654042
328936233
17006653
429830501
65952905
375946554
552830632
229686439
698768739
41419953
879385975
954329836
835341291
915152902
586712713
653151470
48399567
921739342
361464641
65005360
46519921
335921681
125066949
86700395
247888491
420358147
212436992
390820271
184167052
302197614
850982031
95329867
563765700
525363697
467280303
942559307
295791958
860175370
334257387
186961258
342150673
854121944
8084832
787232949
84746267
980787974
419618756
730343119
716685900
923958120
338886057
141122817
650506357
95380736
265884891
349720382
115472736
506040089
771120250
322388587
982380204
141574913
5554465
204417856
215787589
248440012
394113951
180678159
761573097
679138633
63160847
21234629
960115561
817876939
880611589
554712326
731088153
679527423
876386238
975275309
621415601
317276772
209989415
669499882
922610312
164747520
854808633
598238117
27142253
668580838
220471449
145123681
634172995
882900414
879856600
994644511
455363697
425565683
983787724
698021436
750129332
338083409
733053477
624038479
843432441
222257511
292792697
388567271
18737442
731945242
712294911
82193356
686278694
223737953
573661659
819307832
42193887
479972035
371413283
114041301
822268216
195953900
213740151
878300211
202679551
3360527
829558845
82218242
604888749
913863541
714837276
171656488
434762952
336730309
780763547
811938171
11516949
547091925
813130949
24134320
39255896
849104231
841521580
926121647
29422582
45421575
991871701
359850535
497601468
862855708
857647109
55274533
836856127
432407319
76324379
509671995
523343360
5470252
699456117
746947592
982169799
66792701
874883958
884996044
145847488
809607767
897198385
256051402
13887753
163608492
861991352
839466997
825187162
339397315
132584890
439535555
598337908
712774244
454350074
135783999
251017867
127122698
317093024
182615106
815684042
891629954
253942437
590256297
523067509
103674084
789647991
328728333
852494559
747900070
199840943
366775548
47587224
831295338
378016471
232873084
400952810
99710451
596473854
951604283
993080210
903011509
163302543
691211657
241393826
755454857
90325173
178533296
326577531
426713840
801031387
113722800
152112927
75881525
580793541
814364238
927259361
827782491
564729931
294121179
630046816
637761993
38681889
680975963
10170853
157342683
393409659
33043991
41727042
80161903
532192223
97408842
97864854
275879871
337533374
568155209
476217082
214924318
719116716
957506539
173776977
264803599
247661402
991205813
218908391
437461909
471234552
133531927
484615953
465383435
789928139
566903862
19603
825849748
580351253
652365411
594543178
227066310
935849124
810738562
388715052
900140803
213003726
79353162
113966923
643523228
690180877
179205425
311352585
1641046
784286227
818558702
565799279
785141593
503928560
548735298
