8 2
732810961
155499845
969529553
754778140
12354096
779800333
837163798
871042411
624088194
456761920
567862948
859222713
47702700
993363924
479839752
501770849
124242434
700916513
500115864
102874702
295028468
312078501
508397448
650659090
428965701
926287139
832269286
44000465
832522771
686080610
28452581
495307838
685988150
536740398
784057827
58336224
985942786
282802224
27991557
709460468
526555332
812873114
162206098
556565375
618259473
46271815
380419756
278087894
400848684
812310645
773541433
822310129
703181527
411569542
817455574
696176274
846131757
985897362
882376247
873556324
512127161
45137845
381520540
961994776
318605393
712118061
951095550
39282151
117687407
654023087
886276416
106790399
186906217
261129168
488298048
568056220
365564576
412396953
570712164
55244728
152332962
758546352
346678046
350041644
665051962
206834829
295418538
139523019
196974479
851364211
143422797
955770116
460135135
440107220
769736856
317481333
898120374
14268170
564535050
97895009
88682267
19329510
369310224
938268024
224225909
971722009
422664335
223240822
326009211
195472667
350488348
724329110
5090046
220710384
236861789
481712393
104973850
144964918
867596122
98806186
146656234
146458812
974107867
360131851
615402888
261325665
405506678
202994974
207065550
69379595
261317581
204622115
282912226
559196337
89388672
204685409
26671196
59502111
67824625
839438550
3804577
765343911
898916861
496057967
6771799
515864397
394322081
91200995
378756612
801598918
431042201
116559792
618382329
568955790
72805148
509194864
462269001
716007535
81224906
536850748
75262204
656894123
334486995
766264031
730486830
939817564
797947629
225175477
131498275
49506429
185341139
25735390
87419623
972293348
347694969
76453667
393271229
627286450
881727981
186207813
480211447
777564389
459903043
927318108
259690251
712817097
136069528
962816752
882561078
879265818
998909033
481203307
720246023
82781877
332661667
559397808
562677555
941157724
825447880
754485503
861059368
79393533
373114802
119290587
812950897
603400581
600846982
785387130
994007452
30013010
755367746
400158076
100516912
440593896
757817973
755321581
278975666
813933000
481236281
434504948
760980536
523290802
756727005
33990607
960251000
34947655
436369984
404196101
928891944
874771418
775965232
52849727
109309127
968450743
680189809
527451166
955358700
644513443
46752528
652961480
716233201
651806152
990904991
710449819
961089582
675882591
893323032
295308188
145909809
785731558
113301647
110350
318625162
342189374
458884309
576140530
