13 5
1195407
742136989
631945937
23797708
64294765
264553260
278951540
399993836
350087273
16677823
796800829
393958668
410262674
963443781
150678939
265137325
705039429
408911456
299270322
409307380
92427651
363414107
249848704
53050614
871081211
180008665
276486411
847735451
249839105
533400770
263053699
80562128
784533977
940706923
410344012
461951251
598450731
647890860
288251412
845259689
730238040
118831262
48646404
204985562
282604100
215571033
540772574
7846285
11146084
563736693
142465383
229791712
99839175
699515776
412804259
544549172
310511839
908345295
942723414
236013174
89455761
964937046
218217504
480449696
799567553
909505237
736267530
450239370
248636632
815952447
151603357
695138127
379419882
477866786
662154117
208990595
6890420
138111825
837656019
36553771
603607659
258881111
755779984
172686365
877761768
963801715
456776564
735411192
58299431
130723824
840642096
296005697
652213054
469156851
471468752
935037032
720698694
324173573
851265125
389911633
525394808
137260800
273319267
257874894
96568191
91599163
630390394
742735716
586424558
92917511
892829739
342983298
511291978
232733290
478488277
12136510
819103199
307047680
730215148
902287904
94619638
766256455
88379448
549714615
151761390
753040288
622054397
966871134
386327368
521514279
31255952
105615811
736293752
74121145
100571274
586146926
960442286
263597627
28939147
95029660
421397858
665325376
726858470
309084170
479285190
263973223
243580990
226801445
27347248
41767965
651158080
5385766
314070954
84783467
768260498
180212257
968598536
400631290
374783072
219289633
87149978
669403649
180215528
446529863
703016065
731815949
573168098
644043318
900480049
198452069
844070191
562271725
85217643
288111739
266499965
741401218
947874732
317143546
280478995
450269202
821553272
207053996
165110850
356645284
841290061
53256711
218565977
540725765
14676029
685216534
91299970
892387714
98967411
246682478
919551111
420046957
5804216
460508860
262807386
530298581
890362176
846651178
560920735
872123632
877429749
528851512
480254935
71566242
672392523
194620139
27130737
803311643
998291667
239186573
399811748
963505615
619881287
657025549
233615173
706817029
602438096
812864741
39504425
844694016
586565577
935512232
41689005
992182949
145052468
503846693
919844424
341287294
140771779
815317588
311338058
168864421
384067737
820056434
644301599
118382807
363692162
471263280
166063288
4896756
29789053
532312030
216829735
785761063
276207686
330979652
422981003
900931460
300577088
107448023
319412522
145081483
61415770
144474348
531724550
685059152
357291119
883139360
109957247
180216731
43865096
59421985
237518261
84716131
236539995
136697610
376731343
269719729
107129224
871460458
658206434
712259005
446329979
52311869
470905294
130289039
234213949
889291800
94122414
46946254
363133900
869781751
440664096
952254847
396573245
567157728
133298880
770050754
528268720
67992868
608730879
962387754
189528469
576916191
858742825
854023276
40079809
496050403
864046765
730455938
661278245
590001966
89318101
320377337
812921395
718609883
549195409
856383594
171362547
143895558
332919830
146198784
53937168
281554043
947404538
4140983
381818523
692293246
233867799
27747327
308190706
57559164
627081233
814211884
939628072
442476669
668936486
391333088
807479217
270988032
819975977
598677339
525603159
690761060
197187404
167592730
634368758
603027129
825556933
339898949
424775928
286886057
601293736
626848505
579303839
965481647
113048869
797651225
113012957
179938769
206769648
601421287
52141978
443902821
620769596
983058260
541349737
123532673
510189640
775098767
591368821
967132608
128724761
398155508
796967822
711924720
789753873
678190479
822358649
749588804
107918128
571801675
682447403
433093297
659182096
390206948
549899015
898464718
111700643
776367577
238955497
201361005
486385653
598698406
178294162
384850521
884162800
331194902
260241885
226290627
948756066
715865998
992939872
120027915
320156390
623858123
419866663
98618194
344650219
761143320
629240093
697195705
164144755
493157024
221578020
84110046
888474790
507389666
592757006
25672847
315804855
287425263
547608086
269743903
474244345
926255453
842286602
541056082
63555710
661630160
962487664
572070743
274536244
841742888
600632072
571904768
928196235
232274583
69078404
543585003
904964629
63964865
508661898
454180215
935345302
725356642
71326556
753504582
657858969
790807759
16211812
47005198
384467435
335626443
311912084
681375818
454899000
898177964
253075240
669835590
824235323
546172940
16519781
474899403
620560143
194093811
146856035
7613070
314805101
277409330
45112155
286770210
966846112
139718168
943116883
421039838
981938743
760411834
325917278
836333972
191877739
334196696
352701861
440171807
498161915
657573645
994271223
627364044
968297934
911095299
753873493
877864059
294028452
650402541
187165755
997719951
484795401
728097898
801676055
230030488
804977975
299189967
749193278
403102286
769086835
765101241
799262140
435733094
39268935
624367846
47599608
112933747
498294228
520652386
341756614
56409794
396614755
374194969
648833605
675761480
481510716
843005388
722758964
302456608
919125263
363203831
564776664
587235872
187059210
15862950
289128798
891007425
877193497
937833646
917357636
159757509
157161165
745143808
523035524
938577930
255145614
618266101
293759636
9258375
965644050
74680001
191983526
38622632
657314625
34253142
763091799
671826945
533198109
518780130
101017664
496902788
120719274
859848431
962836527
489613693
732952000
888913421
609303857
432699570
979125448
486451324
23665737
636878212
53321137
626380929
332067934
102503804
55685619
640299019
527377390
80606118
839784673
373218168
407280545
264188001
388648954
96662094
223514537
808060126
312931351
596375297
702406700
808176394
254449779
484793358
947137197
634016936
533318456
827331523
12670334
251904833
486459272
895604675
812738179
134782208
996870291
886152756
920082648
997621129
137720783
580003782
2915060
215936325
349283810
708737048
136449461
259405741
107654019
459362577
191005347
225174357
64726555
232204779
422314126
697601638
841316092
4210994
425222359
22602801
68999656
268800201
127070281
700001180
811288875
749849473
138606600
357254526
99081821
14646781
844823008
867511721
268788401
908745175
448543271
990616627
781731587
152948662
935923968
581749710
454541631
243263843
988369556
538389375
68244934
478757857
69244587
55817035
472949960
548000192
704285030
667979360
558170547
514215822
221501940
838595447
111320736
906443230
191799066
385437584
118370729
79063879
26579381
23291790
761840893
8295523
124897516
640961717
132413744
332809463
232951959
313150538
63857612
858612894
240214261
807423286
665429384
820621358
15670249
45573736
961586625
85167490
881946912
115208194
821135460
133226560
371484079
446928028
806158168
909009886
70245099
894579021
35513871
254189227
607052775
382679375
251852198
84619344
748567567
665066812
523852501
326185610
936700653
707786887
750480380
41915256
982256930
505856611
114380662
890169242
155089620
485454305
489709378
531188201
764266653
113272404
757248186
505080503
627616319
342022143
653684075
998620363
744650277
387036682
816923862
34676408
831844339
709193768
93817227
148982448
665905476
79755829
10724405
274159067
571775279
541876350
878634566
615653633
845685121
686997258
18430296
221734405
370581337
10063579
285704741
506271387
743315130
850123098
298444075
15678830
121729661
94957496
514743010
424290418
916018498
311962222
665062096
622562850
916156111
579004074
625178628
886295525
98279062
891040121
656391848
653214357
946366752
941032786
758568913
786222877
11413333
653936756
715364195
985766423
298350593
298952859
701538685
752303570
183819175
15994127
588460852
561079687
389755258
226178780
934698479
409630278
361970009
419332877
421851695
139568740
615250567
325284423
116861214
718715678
956165004
348240900
751785651
154338682
159956393
217284234
334550338
140779917
862109855
808558346
401026552
401326514
310175003
844273426
135198380
604963490
662539672
286817010
60998750
26189897
364318803
863321710
683254950
562788924
580335894
845074345
25553684
457646795
33126214
725074554
162006871
981099865
144059887
88045215
752198063
664887339
533545021
569268650
102815227
876798350
759505842
755545437
206481182
200683331
811497646
606561236
334519125
385260688
471349090
801157669
115480056
22719888
882077987
286490432
504075418
781644425
732817052
135071108
296962761
773866798
58630687
917744813
399334131
3883930
960127237
429021597
15397916
59551755
652082426
659275123
880796757
95889207
228225118
937311239
110321099
33095597
102776252
230539318
226153630
357085174
211476489
253985954
885996160
625711695
281961780
156618617
243994591
421279816
651411288
338688188
625528304
989053855
49649071
808249724
382281580
627870027
986110486
206801914
587334937
112829
800221204
702074812
344934643
406582334
814957639
245028184
356347266
609668118
69199803
240863081
732763377
606850047
778849161
715868263
7187450
641213622
423227335
577325201
710668933
62444618
583424558
750829420
118183571
396470783
644327528
185998936
793799382
888919581
768193726
104095335
750597064
505999866
757893300
791746786
621189039
610892032
639779928
108666662
897541987
710005648
958139260
889262585
568309915
450010738
606574952
64430540
695593108
384617586
763762391
72664522
327832204
26497964
692010612
51318368
490392394
859200616
33137087
236719793
127379477
647995550
381068627
197021495
752232633
593646928
195533837
850625536
396352584
517767619
644917911
116948249
249914855
176446786
499333232
62876314
578889343
253259716
66160146
110210151
221318480
106532574
31144733
677042453
24692410
401891682
373789361
157135081
887394287
593921216
228324919
520303439
537363420
200783580
918735753
974046902
921195878
656717816
713057705
618704171
155806635
583039250
79976051
764289649
777429553
833897432
138603339
387146466
705197586
460903175
578020040
297548170
213122327
920398675
871731586
988152732
522239538
8299357
262662090
390330168
114369692
276091068
985201664
353807820
31727910
432007413
78669786
282183721
229955172
514964909
770287569
783372569
579389079
323728529
88397818
466035723
277015746
540630993
856920770
252925865
739938538
245121944
424237192
766128270
781704299
924814692
749095277
992753242
112160663
126521071
619422990
655446163
503390648
853833
687862799
153244293
728384917
499690598
122247205
668028978
427899013
439063399
297460361
498403748
492559651
580774365
243538269
528634556
272326172
673550460
292462328
157920967
628128628
936815152
434551239
229639004
491291017
992566815
142322571
819911321
596836602
716981859
21778071
538968722
397881227
528191941
508908915
557344095
29719665
247135654
904996803
386340359
806349696
371794833
240260144
29353710
20602362
380225188
324433817
8234826
979893928
488339144
367120578
982840108
922532181
123306604
211518238
787829995
678673873
97858106
29187239
654255874
954002113
374830871
118718602
652405288
720413619
108516070
845913914
91924764
61782681
47754555
310254437
820146674
849931537
531945749
30062633
162074677
670050191
580056713
90552434
365988444
794177901
600839561
305006330
142962919
211730184
153642995
82487708
837138120
399699672
332219439
144867249
14856023
393610555
718384861
560027778
838143355
301029477
147726462
702899828
240253398
620070252
344240640
487312472
248387292
644906754
378873132
394171215
630321080
178673909
906821120
265333878
193032280
472960092
600556843
234466072
649401657
886570391
336643916
329291797
114638800
435767182
77835950
522336031
991887474
796717008
451865433
561781918
179944108
292966164
175539911
56463382
821972960
50241074
570905731
142865134
452458526
373809385
647907923
806001276
25582859
494722406
29255843
688679180
521527413
442647513
817701261
622951020
963112675
584693991
982770430
477085419
223683422
689410117
900997001
28806491
613001539
143304120
195941488
479422755
412792961
389256318
516004847
827357686
106089230
582383315
104881053
227269281
82800664
494070351
721517587
873333103
143404819
299465308
142699229
102325854
355770956
727679748
720494415
212203949
783139454
372528192
724676143
720445629
116220217
793429007
376315280
297872088
368615716
964342414
906870477
195805213
306109795
582323163
282520173
702741518
462226144
300459667
340848492
329653872
364970877
624865108
637481114
319213097
772340476
433682723
697370248
366579774
824232624
5837813
414485308
301341882
926319914
359907480
401735182
226759651
56194168
729404448
908417711
613957818
93577971
872613690
839012509
547411215
508886253
503000169
186052701
997078303
5995895
164259317
269186236
519290937
39795195
874759975
502617847
615610452
147750785
370644583
68547147
25664581
435545203
789213915
877894211
950895935
32168075
96154600
212021911
639613479
432545241
352091726
133498074
955165110
974617803
781962510
825861753
914134874
777528196
129729619
507470700
325429553
223273001
49910594
143894728
557529045
824484295
726276948
720310827
270770528
288453834
919500347
583876117
468995311
450590344
539081206
204589038
870685508
447946510
918091873
432589675
174129959
416264635
621273862
49083824
552537646
628637080
189623204
860806482
16391294
453429621
706088259
718951561
310231732
132545062
375443727
278674714
87973543
271307423
905448199
42413425
754750317
672831271
10226811
722397580
804144331
126647600
219967518
466435631
642650943
340069418
937825016
319168449
149938538
988164722
358311409
540282045
198608742
184508188
350582386
278935317
303041747
530011125
593979040
458661138
354900774
6293561
122448559
903076646
294212811
126292302
45468348
950628909
498262563
968537307
760408522
447183814
560668326
86005454
675005454
4936455
377640947
82565322
877777267
43699817
580143196
663645174
621186749
623318136
443462138
477059209
793764438
21747542
359532026
504121963
261694383
152544898
478646669
473908036
779714205
280382850
391847483
193201224
803342091
672314670
385022239
893776993
949960158
565160605
248184821
10006606
639171954
689485845
703159859
981362950
793639701
589397433
716130051
104126863
150583854
5388262
308038046
110894671
14819430
615987583
53801544
91155668
202702917
237775194
36581453
802825159
108930170
410706683
351426713
697019915
448390658
810264393
771015582
437488424
786553473
589359289
647190423
373755125
911873912
935369442
764817202
87618344
533969229
85405768
285900181
941751076
512338067
221116768
980133023
301273204
561929889
314348820
738688510
670268048
610471770
880146302
795241611
631275189
113972824
114583694
266350739
440955170
993389656
778162814
213283920
648543378
465096736
27701986
46884490
459876730
368601106
591560648
938542996
695684352
540062681
348263655
652486379
793659217
771750546
133861434
946942651
715385121
430909582
185761975
344927138
142216901
852218041
34136727
379451020
712691975
531393059
5135319
136118912
288524084
253807558
354100436
395757150
208399494
394587083
266364843
146974753
387512418
160178060
641678334
400116098
634814211
613708742
468228700
532434944
917483705
679304723
695855260
299587644
288939845
124942721
249241977
817190909
46558397
917771482
363802436
861996304
294297128
733227836
186422952
935033555
645878108
517996512
110918883
573337028
883069977
409088480
719432553
856047780
59562101
970643228
117764037
403575848
255638436
713395078
662428516
592520981
178792541
827225213
463820596
264295106
358753457
401392401
900733564
681500006
776132137
28092322
303330086
187447968
127530969
6917502
991461239
84618824
797904837
604734437
999896832
685325269
372849643
336749464
958978997
969625570
990557609
469158243
167238127
983198086
152665490
333488283
105842828
638150135
157993616
307599971
606525375
75956197
154572460
473625878
93307096
6561404
140000234
63494911
551031555
840420706
175646665
236956807
983876197
198102313
879575794
611348410
696060681
719119068
510897917
268632472
187220271
15225024
27850167
443048183
863420722
753495239
900169608
921412873
289154466
136666013
450802585
646254902
938398427
81866121
48814804
616701078
66810102
110070270
311253294
128736567
8392057
144013852
652808182
626245930
137960510
246431836
554826559
992953656
468976365
526827916
507451864
563496564
381180893
711497516
645039063
444835806
67945737
612141615
178725803
652031485
100114494
140159093
240781805
548881869
566930187
248898623
79416025
465013034
108731066
121973917
364597104
763720091
10325668
666688958
879892978
603903521
106335482
418822580
705068272
121685541
53636965
561693643
825814814
994429137
428981068
50014498
24498980
420360415
67186677
386639186
276181877
624877527
79692488
53207273
237219212
109959733
796949425
531226505
525211292
50038108
254252646
106501963
232721732
783148179
223526188
953142986
884268670
119234703
6757847
184640414
103043783
520150970
161768702
558195804
102851292
471614812
434120218
610671500
52847527
848635287
951710457
296626357
684601981
816774859
712332408
369583843
197821611
873301658
24828391
655803720
95314869
341115935
506201824
618932247
259447258
752222303
594679863
741549014
938860888
632237935
960090228
468337463
473426146
132987170
612081064
821582215
356383472
54466539
673270256
13929653
529681197
169772375
9722278
74782161
549490571
66686057
541712252
776395646
361440634
249310607
334154159
956171805
237788079
387192749
120619920
537257728
670335810
980488203
246816551
605311446
117021693
609404089
670044923
434872868
530881430
700730935
739209371
298292761
125846973
65225174
478583506
512891405
226222858
613888319
819122495
588333964
651043381
36592447
128774196
590234654
396972212
571178725
36772600
983667812
69316681
482449393
933460630
780584130
21078738
570149567
555109580
184074479
41236763
944859987
344513367
611412402
550789940
666719460
808339227
925955446
47904996
147268736
682134225
944875490
645668711
389672796
461331316
855897256
838498256
937647244
177887778
124561592
419691948
359736008
478947928
91439455
878242390
847737861
1952158
91649141
768103113
134305153
72415505
483910341
756442992
133508944
774794997
663149972
713691986
615299999
208214565
33605301
661894625
234611835
520750988
627498818
560637156
464451465
707954216
981940914
592119596
718910236
86512366
151940447
42322370
948210599
119416661
374567744
840474356
710136978
503887603
74295268
764343891
45211657
483640383
456774947
950507908
320294861
398250907
523457081
84739051
194524781
264234065
821978074
148938092
37111521
570387724
828142781
310141575
895121787
928814040
888388241
404558522
795662197
94238740
959442811
919660182
72425467
547739639
252657117
605718605
299979231
733383221
913034666
622801902
77020634
63213717
826014690
805322390
261179908
984677408
737715095
454870603
117604600
442856940
859186790
719522771
307847565
982415190
583994349
213938353
200798218
573248627
79406993
1682322
940724081
888451691
812495665
222388673
158576963
760846747
690603090
573617620
731230215
806775138
722205127
215061527
348039142
756606038
509062687
274745630
908450069
663445620
990898309
589663410
84470750
281001664
110567156
679557131
356345308
104272686
131053667
21844210
174364755
339215112
148127236
188704348
578218194
790505077
536614261
555383154
191087328
600741687
389014924
379127280
183257697
524124954
729304611
8096329
327285643
990032425
99355490
280810984
647568755
127910026
837447698
560286541
998215276
67428852
745712224
780707056
959724376
570892640
996989430
519545037
334247679
620833618
707447302
34696321
800740290
71954214
808471484
146045516
17143084
83771907
769680925
681933316
120323038
944182624
724606618
627066394
912865391
729542177
783003362
531012022
725714549
546218831
275237146
344202069
695056049
773108883
112372286
120766038
965015628
50247021
255204400
54629984
855681281
830222370
232791143
371734381
231419588
432804748
81389227
471521009
900777864
299187020
202776601
406026275
710541492
45921654
622172869
220609071
455708267
845454032
19459718
850368143
920437452
426713501
958886775
193353069
938322034
82134837
659580027
714929706
177107790
731903523
83889623
537341544
483174706
637852647
76670808
247088366
650090172
759673295
672371992
274600375
856214979
936147121
337670825
99691390
77954874
936235064
334105302
981299717
520142993
109833865
590495198
259325362
997963993
11129275
356692681
232784031
62261263
128680960
265676948
826302170
789430791
799914536
466314803
540052427
125947899
585192466
535178364
143309155
959846294
787854184
308337791
29662112
82270526
319526105
670405757
292280439
422188608
925244140
720809644
887600166
526270694
105925823
840535114
435590548
295310632
744374949
305275936
379106689
192261455
68671718
967660020
779030977
885202695
321673128
151913520
266150655
909080063
260097673
602892888
760372659
271840674
578810860
483327365
18923125
854974157
242751615
108015310
171401871
307297878
226753599
301632067
219544269
66958217
946712303
4427526
176800118
996935925
997075555
473327766
145350381
686185888
166593483
780411706
83128407
990666836
979514633
658215366
112134485
223401123
526723146
87906959
2568183
892836568
885709294
22405071
232890268
413635605
392251738
507846819
436900816
928441067
982977486
684086070
784314944
256327883
442632029
438946818
323790552
329484908
73481072
342107283
737048229
924564549
83981386
75581424
482335686
692801535
545876714
717552420
462892665
713179976
430612995
930217913
67929834
715050924
452379844
75662850
849150295
179127927
869474006
362596791
131203195
32285149
222656347
323814962
975458042
391497935
528619984
95338841
126774721
358945102
602823687
330348740
597525488
488495324
765805237
97872742
302645074
414353135
984680861
628322417
406446566
667221063
810479624
560811450
577641954
543260542
749720801
323713590
5589881
770609608
402561603
850650038
182267997
198775984
938905635
373633497
5767763
2713982
201792906
102442680
817989954
277131863
793346962
686771823
587283688
597881935
809765167
130160795
636378381
79717834
634465618
848996973
769210326
473981964
13264251
869713545
837848031
293925923
984790192
370945655
348328400
306863023
192690010
893379622
208988116
11750300
240839407
7059634
845847184
235679160
385662626
1725747
904115850
446608833
365567870
767252092
616573860
4151797
98803650
45736465
915305537
339026254
137186963
478941891
921540719
573415298
924926533
264970304
7833563
510936100
456144154
871857788
223183489
350460124
236221993
342968339
132722833
578957604
139306162
40876462
254502985
326392055
665563811
360906659
503993325
411030879
823699266
433878052
661898868
82749721
397055732
974014395
958349179
98005445
817279277
732445353
286095728
432558886
466044883
582852811
100046779
420939601
509898834
951039883
728781994
672420784
219598071
872548727
18883642
32690499
218084761
130422826
628953187
818032992
915015427
468350522
918505268
729894468
104845418
484961578
610931558
271236017
182396061
142746394
251408781
497637180
339027451
542290552
33092368
594202579
253925319
51417093
638854205
708684872
615369841
770555870
121492964
612684399
103670678
71672637
402214458
316289681
574953419
487124617
818084115
231638856
140556237
309679232
125867468
60912346
624692951
463000768
454468986
896768707
672307690
493092864
201002766
160183850
284973729
649292672
419886129
538846969
777581950
803000363
115687498
993870039
104854013
472826472
66064014
60730757
285256573
846899596
918658750
639222717
299668890
832857231
27752122
946162327
831201290
67269326
55671403
947071808
524656124
339790580
311106781
594907764
983724897
224686827
296344605
676044488
14657295
650100361
60879528
145104833
615684647
20451343
685013157
893895698
405707382
161526095
459641122
21655510
53431812
685373498
916697643
927634851
526670065
153538280
835824278
129604609
63704410
12268844
723831797
311454743
582269347
470103201
876719892
554326201
317987051
206421823
104850187
244401142
276587978
105974143
891504734
999446006
953870923
589732350
486452203
902283938
487871567
934798584
370608798
655865360
877417574
280084453
531565756
222581409
255975015
516630166
944292945
775654598
549591179
638209733
117378518
102921441
618368537
679999610
684660172
519051363
417756671
683661224
352825332
723686578
197529786
239321255
103385085
756753260
521072612
879597559
814892426
913783378
325933525
286913803
411931822
883324315
572088680
113175994
182393420
204474807
683889422
286203353
871885289
921253616
325082336
71780841
602103337
832859160
860799182
672556930
47186520
949812033
485277369
110896627
277619795
745139157
96658471
950647636
210503699
397793318
96404868
550617653
838784966
702994480
515504814
631849171
731437531
459730241
306831030
806018225
808089309
725657289
882858942
982470608
85055750
173417556
798283356
688676862
870148738
819973993
39579991
638324941
174697075
874860418
31978323
412238168
662705872
844302528
739161476
230424647
702846168
153433076
76246747
545358929
654443753
90103862
565073218
557924213
603870648
11521063
28555868
470747960
666303519
10358395
556786089
736789431
730721441
145010441
464573736
521219966
958780893
529476428
263091906
687950485
573251941
925415090
552795977
28260281
2584397
365658554
671142977
141581132
79973728
903225504
450323947
427127672
707063980
887438500
528281307
285082879
956138218
645174622
642197602
180499627
488656724
246750649
703076978
720963529
142315332
80111633
606852032
631909467
704839187
275568516
235651335
188850414
829019506
138795244
371598115
654050179
892549446
520764840
236847685
180231479
846651621
930675912
252997713
853125058
537469725
132344893
734642577
400196440
643835735
533759083
214020773
944857194
28314571
42264562
64100057
826651998
243915047
686973898
538309052
141226310
911105068
873560324
812052208
407087393
661214558
563895117
920202528
601174263
949224078
206914056
271594076
17690327
377102599
662921915
159875097
132724012
88291114
973441067
73803231
525053590
614510038
609987050
711761267
964275830
141129797
320674953
55024834
56195115
574423112
254098009
696371138
89519861
656539224
781265487
964412680
847665757
694442944
175005781
788627477
118365808
399735085
879833662
964389160
655957124
65352437
414107580
667692820
344117685
299931047
731815580
367193082
499197324
707784332
262185761
117177939
212497406
654030474
525890491
363817174
287046013
482084390
917240118
962499397
100239870
991728020
692923004
742976003
407999286
298203668
60376637
363062967
415540981
83840032
165984133
977726652
424072935
216571085
558938718
96373980
447015724
639111119
277825062
411254601
490719881
7830856
283251895
583862141
546772475
929078423
657212495
765631766
800173130
129183899
297146940
950073589
193088660
34868714
781439358
480312089
74573797
687761461
945445925
682534166
190118505
465078632
661096992
596756895
772194756
161344726
489653956
862652129
892743242
558524748
119059941
510703058
804631098
276955432
182172164
371139062
417328457
991914696
99219740
716308609
841200442
115444796
4414052
619353181
665170549
449696648
196434923
638163572
599567516
488419874
389041349
688673812
442594965
407951538
905718054
861389918
943061568
197492037
41161738
608087982
789308751
943247265
535876842
311458098
609844085
936759109
908975979
833734404
648349026
842617664
502639613
572837086
165316747
185054506
112089897
854466494
6900987
462445573
4762861
902989978
541704761
989900889
536785408
501255509
863360985
759467590
637556521
29196468
466241757
444022267
290886077
142511122
374848399
776895506
70163924
822434090
265431070
908989881
151118662
957668778
579883590
992992632
89999029
230537115
882559684
113057892
206803538
717768231
692864727
808715661
93378962
846706843
344607884
730285766
861330067
401446597
459028184
54892902
88061196
797531333
417787032
158283607
124351089
692406685
792691370
303041577
730834270
38314005
873519974
411485665
27822936
893004444
265086404
506066155
867659251
836527622
34424567
454964411
743266438
51771719
61587882
809389262
307165075
763309376
518992633
80943565
534979938
641948477
195091742
75366107
105764587
4288420
571502220
422034191
873196906
522383812
73574341
504609046
199739593
251136213
988422398
264544247
659181576
58187646
895108488
961228746
297055587
669874692
971271870
626222177
628933692
840539242
815264849
414298695
276550149
27287949
93414487
60627111
953013242
967784894
802599354
780364053
719899445
249377802
285992320
147968471
996853483
719375063
267509735
903720725
949637331
17405126
114222757
483647131
188720726
344565880
788563456
870079970
370492676
578294985
954593716
924795380
253393907
866263074
872038624
981050134
137269722
399813031
847093712
794773806
757101057
967073267
881849307
700751505
682831942
209680991
239493285
599051144
495053655
415733078
835880771
509042784
44918838
20287418
436811756
361208821
108776093
745363765
297247801
297911740
244394267
678950155
483283300
61801411
449272064
240522703
695997787
914751080
93949607
827091609
528226831
884937564
642834828
676111907
730682872
193970498
132277709
244732277
150234402
820852956
416625514
597020096
83621154
735990591
418751501
479568702
960557204
572320552
360525935
119132643
893921028
269514261
65486734
173778521
32033772
144906473
872761746
426619044
733433573
939222820
560627886
696238147
428206214
69833963
224900432
390264173
835409043
460927071
838094279
979648879
539670333
56383416
8775612
111443440
610310025
916270071
340616539
96728415
257383759
515344141
877355954
245839973
680787882
851624228
122731493
82633440
187547441
56735997
761233837
699580515
123261045
357643706
984489501
382443212
120784854
121982391
404380957
780470846
889361497
467354026
757694932
104760347
921939389
69283529
591034039
16362912
655086312
510994847
4153797
528404700
835889646
240470079
897663539
74511372
328594538
818215982
963794534
606085038
622008413
117494720
37977461
908735187
324649568
996750314
855387436
912724600
162871516
87325410
337222948
55518016
302126319
256305286
437677281
957955844
358616038
33365585
314539691
778764756
418495821
120992308
252539285
879241035
817482134
400005456
32648663
3830216
187059782
15298160
218478237
138075657
464488077
605199761
740639065
801689819
62533335
54494483
86822270
141094692
925770466
914121645
307046001
405250493
929652662
48008838
348306758
970709815
438667469
451440460
91796460
359537368
117186028
162311626
917960131
746335763
115682337
847560633
359192948
117970267
930031335
692749860
794629259
503462646
361716437
748683595
217946185
49267912
813300213
460694375
65585938
258355404
730148978
976364066
537731023
196921370
906368028
933863261
451350108
662686857
45724682
515639562
510743449
304284366
209641000
101234266
717783988
75599655
221944590
533163639
341687102
974833082
796741235
485637316
581820425
793783969
929323860
40624612
370804403
817637803
640721550
653845269
314582342
563252750
10187613
432746860
739109013
184974214
452600618
875691112
803249781
496615959
439569684
368501241
114418748
900515731
369318243
488318611
68921249
405601984
759038011
698193698
467373492
896053856
693824287
654646796
10477386
605379209
211194205
313067067
279071203
919146196
35544434
2463700
597073718
154683601
109296472
512727350
325841078
78003935
870477479
993411420
636545814
949158593
437899518
638371747
145379014
940469055
623440169
732153607
468961705
83752175
802541216
777076967
416241727
882936892
248958423
560632022
847112517
983234577
84880637
192447947
325678767
514811066
77735622
60514820
974877078
237421847
720688413
826865114
961022913
919340574
192039744
614693156
624293907
944418632
496877376
399228402
98754792
165723971
522976411
65622530
81579856
787919052
85730771
514215414
452560336
620952839
320693140
495175287
789068051
361895862
43143975
319780755
546207210
15917671
999589586
675290740
344706665
261256736
329099495
223769421
231590312
291169027
34778332
319144602
450163796
143647251
2193113
187271684
24345290
29226351
765729243
4714921
113903435
12124608
587049363
494918684
290923908
762912002
899975516
822384811
829864828
456968070
101897101
782648455
778023141
539849811
663654295
600296036
107891912
683921232
235769748
394285814
873911606
510015796
68552749
195813721
815643825
500584499
295473620
458309817
24175263
804730210
424056174
940160244
557921830
987835168
187038520
515583715
127126999
261432733
302382201
457659013
223444384
987460271
62130863
531693530
692950826
25655956
137854379
850518964
854928885
462000705
968625393
730623054
679835331
787201591
731470390
159406728
399212180
255382338
546273494
508588295
238076521
836951154
64626297
209435265
90066106
775282051
290070057
228741416
4059165
346810278
729466347
697897670
57613355
311686336
77293518
214083345
164694902
123590048
732161482
136750110
377707487
652486517
497459759
564055383
204675338
266126315
575266884
800377888
997383663
284951959
233777584
953670713
260921411
328522096
172332268
296459661
192346014
535279660
599418773
117332294
468639709
167483435
284493982
703223030
996025450
491609861
195770086
715911279
427529105
91996071
837244652
432665437
641245902
308474257
545740517
155661790
210941699
674139197
383115262
455456731
666278902
283895237
453284660
339061072
23704734
377021871
144809767
472205605
301898539
79004049
603156148
155554052
304367293
101785440
3705900
781050972
714185501
650930459
811892391
97147014
829197368
419446823
510969944
586833098
500196692
275712383
455580265
104851235
78763324
648452535
777675046
882246474
714183270
938400129
73716305
723765818
371839307
862668686
408796274
254996633
382593551
395025042
949063453
800664021
678985049
305323557
477679301
616408458
731557668
245761517
938281302
199910732
379137642
453884294
956793045
833869477
95334983
54995653
187893647
402243561
139178716
553203654
998184992
506176199
324770295
544426397
111329338
857919965
774263473
680064927
18330976
272458070
434776353
463511237
139983256
940514924
604327200
808953340
663524506
96786261
48852739
771827573
999584880
537248258
413475999
431175144
514757688
236079701
41366542
68570336
586084866
379816412
185994222
5823656
856641423
597214332
131325773
339177174
69686361
458079762
834472004
444607746
222624554
811666705
870795411
768451609
174566689
49675972
1449355
307782321
50920861
829344999
693618109
22405246
208735956
809327323
59202577
230477431
53591512
18529245
464411432
955652689
91543858
144430367
395010713
113790603
7698617
361531594
321940832
765521177
22907271
609917833
291883463
675502351
224245337
278613330
439701222
327986175
663153643
544565691
197470081
150852186
548107756
593718606
69866062
496520985
666109425
849624168
439883697
592663440
471990913
700882432
504522497
53463213
380423311
114125117
893942406
206036441
853803258
741429344
116710771
393664041
482911096
46515763
945120608
235445576
821899213
292090092
694670155
886270056
9426726
636482176
371726350
331925448
990893127
219914164
834072777
795137358
40235473
972977727
203296439
590489175
634917966
132598036
552552505
40695750
440300166
448656849
169970198
13464177
684961367
129939194
31705382
893870759
432705206
634768980
470275164
429118181
601638424
668212336
38575447
979704513
723798297
804201422
576555289
907514624
906276316
346030596
623482415
745822611
17343273
716653606
329639705
15174395
802962960
711464971
709632341
123333078
207411663
635971415
579818870
125885658
916420270
152429692
42352996
455295859
837190733
186800615
988942742
968698386
410944401
522760600
725926708
937798159
898997137
892518290
119471852
874470268
179359722
764758819
354065415
428322714
544424589
666812094
107266957
47612599
823032855
252027347
122770412
263377909
641370834
822351981
360380675
593236321
236824939
446063421
741729025
537421664
214881040
614273018
745355956
876105150
223556600
353094435
158200572
73630350
386134682
37665558
748031403
746066983
720127197
264735820
751176584
345366237
907041244
745907625
737368358
758242768
336506816
836874362
465330334
600848436
706157782
138647159
682458918
767354104
566462032
260451562
816465880
449394023
999879467
245044170
3386939
242947628
222229015
347041152
122953773
640046337
702370686
486889574
566110531
44708427
555042578
77186682
137384733
922449965
842645029
554647070
538867798
153544921
787140579
1936200
723590240
736171895
692696901
766618387
181323721
800950029
672701588
934172403
912208015
49431247
741914721
851428570
133088327
530101243
474570812
72027608
339422475
923625664
627992761
370707957
261084237
524769649
846001842
347631515
625499612
493904926
515274686
647213205
815281312
479835841
489139302
766613034
462984861
693494256
378102604
65975253
190735331
822074802
52547279
66588698
172155707
553850182
775589771
163418726
617779894
74727731
900675735
105956701
961117272
483094556
357631488
256585123
242386299
421660751
202589791
9326628
466161283
336577296
480136853
881733097
637156544
795305920
954830201
634334394
108135519
909046720
541362042
516940468
403797139
450981043
181039843
484170995
956209908
99480879
715964115
332993755
18515062
685748774
992932982
778323334
899953548
100404344
886166548
13232328
77335679
959141477
956983034
676632556
635403247
631856546
82664780
917290634
152795523
11062610
785919944
76833711
892766749
981468235
943887949
981739526
147836710
803251497
354560348
69909963
906032169
396623243
906737297
50871741
619515295
37218397
8019851
155171680
815494661
900163640
844256704
566164746
136688541
675657632
587085505
720475891
499568002
750422947
888563518
76920969
232148936
138756939
281522845
639955422
476927716
867796644
835930455
289202543
389533181
768336151
371221984
607812171
780325957
925578045
24662648
889698089
135202799
136174107
132565764
986539015
491384967
732124178
592288980
787080581
473454355
66068435
786699233
67653889
911921755
664668165
147989636
74822103
678545800
362614927
126950937
701812697
585437401
346372860
477424952
138368268
523508815
52412994
219475038
252364028
974365237
560772687
559640999
48622417
335532462
851861955
984977445
816885813
499006870
113157664
840258209
592758091
288819602
817364457
198696716
953377130
825328247
577824124
728254532
413033187
264580772
535739453
458071219
995834054
486736861
459139386
765592114
67928745
697279622
73992380
161706719
985842940
73837107
494272451
355531584
274282722
357748457
39965775
184053825
494628884
459585127
479786220
726071527
104308360
646776788
164722844
220919699
435120813
134086625
790430712
971132714
84544490
805187201
458658302
843767142
478532852
98800013
281851224
429544773
143914012
24935095
30179271
388421384
364377623
973496218
771969329
793672456
319365691
138595775
682015877
81129967
111071479
230149854
609986714
311621101
492858177
971162305
456125862
774068232
122087828
898751867
779632200
239355203
700705243
974346605
660584135
472016367
381223069
996046454
968065877
331298633
668715521
828654636
376553685
866145499
382767082
651348166
771604795
694032977
690610849
854272047
207577269
846549359
679375438
56686956
692355834
19795839
29350965
947638280
101739330
169564728
370382231
343079958
10586311
211411920
182861546
992392282
491604918
651132966
924326151
444943789
557756560
99872275
939446434
85512479
203815106
827890277
148828572
643005495
380848408
210860261
560151667
179154284
750091855
43198880
42117287
709319533
700836741
363832316
693886683
104857004
624600238
263913691
451897038
724623005
263322214
247091843
58460548
99545881
906316803
91948947
817964950
145782652
455177799
494649990
981016457
76544645
862964836
826907174
952962777
185256053
578725028
996481458
380388117
6141115
163403274
471101083
863843198
336394355
945604959
27847409
750123481
489517978
798402276
239514632
515070366
241981845
920874596
767948814
15383212
534254279
403038751
766419715
741292232
909047972
629102504
474118220
791964835
879221559
406097871
312919942
369074233
53584837
701544547
505960742
450687660
169066688
305078027
62440698
191673213
637710075
353301125
248781655
288863949
439174801
158700597
943618595
531112635
22476427
411161144
957652008
590260620
370635385
132737934
266424317
188885151
399817724
891266862
14927889
17374398
409646258
75612787
843867691
995073668
745096312
698242603
640096397
933031687
984813718
838627326
712933795
48227996
677655529
295552417
589923927
103098329
833468917
822034555
491685498
135298355
405660077
560346957
638452727
989098723
178599056
58789587
925190428
94031379
256217750
846557896
648967599
284564953
317023055
145299852
913354156
43566114
154054228
744968872
764855744
668338301
132383081
137672858
278596740
688594075
309772263
856447078
445878575
376997373
879124272
127740052
891039329
565267800
963648941
118980901
92030660
125988207
584361603
546779663
790073793
35373331
448978191
189999453
996153446
186041092
663275229
436115086
980503868
130617760
953917984
60286827
248406678
683535564
33365329
914980084
124222507
157316464
184338633
14643587
44917430
672384435
68540637
21770711
504692945
348256463
129662688
651335832
163623968
584388156
548003249
443160897
126602598
343204474
992249953
876702408
396029477
788095554
543227994
119979121
266610278
345478672
256742268
824369788
84893899
466682593
969623073
732004912
54440889
802386808
510112901
823597009
248285707
592482800
521689569
41051794
573338295
386106943
551721149
990537980
99920890
766307620
981008353
225867334
240881288
530272198
524702114
607352491
729950619
437809304
57003289
575233653
58416743
150597420
969917940
368120521
267533289
497575381
955389990
732419811
453047011
318777315
256405275
98086998
358994692
420497049
551313986
96206784
359672604
632628590
855010786
830295667
482636500
735952352
805178991
718873616
333231368
780033853
822665524
814217858
333069422
610196911
352032372
237237576
668897800
647151545
88431557
154351862
830391950
225784902
835153671
2579595
966698007
374058389
594947979
655444287
187818223
941940853
732768343
291166908
262998836
117999280
370820323
521579105
480632374
918928862
924026060
665840069
577426022
361676648
672591089
127679153
249038479
702131958
45433282
216867931
889657546
660548147
667355692
960254958
413858456
602067579
830577329
819618842
200023418
806598456
70692068
150176673
186103780
548178409
100742332
964219207
388135708
26583413
468236176
21685565
53554015
454011104
162197997
94430861
972771463
38315564
707949435
363270497
407887720
209111691
433616954
837281224
639521716
106897086
193699014
722025476
900065155
77700708
977693287
334645123
161831280
423019942
378002165
312662020
227567702
226893408
925777549
596586267
492620248
400596523
830396545
967761806
724863819
627619877
763890369
118240298
102036297
860865086
234443565
326512345
160453315
539146741
772919137
623802526
416844311
702750227
10526702
382663010
237142109
189134846
919099151
76773423
139666855
68005150
133618894
724113701
660212059
346315028
11928027
167823826
578335473
445018659
540516704
319748176
757386725
799577497
382971649
950376504
298353825
47286143
290041470
524327493
602593484
358556320
497717891
634634113
871682260
242652368
473624869
980998882
581335308
795387780
844056672
172381252
474566563
451501028
176265892
806605624
585972037
803026334
962297548
91420892
799275863
800357371
535908385
79727213
242977977
835831270
399805955
209229438
572439209
695929378
451729636
819169229
119047117
590325156
73551013
510376146
169186832
969775766
604199760
88486962
326263457
500058621
95303004
211773177
743739491
332041566
232500359
207358531
555404770
358567739
938555700
352943988
93070243
921762211
582424819
420783071
363391078
11006326
23524415
579534608
200216458
919011585
481133042
341336345
48730980
936411693
95202558
819078810
185767394
844144577
372773459
761493050
463294189
158932402
365842152
895673908
89247881
850390945
592897431
815560106
729461835
303819085
801863557
104188402
514918013
919584378
867034379
381068629
90148969
54458281
301013352
490589787
700129884
430769893
636000013
583956867
671886434
135886449
496669988
583268947
984278650
894766779
642724786
55411245
718873233
238244076
568442401
474154746
672911084
119800560
102672986
468521949
125348154
850096383
386429743
289885502
258123712
956344212
119385820
543566380
593051469
142383032
661680437
273739281
457685120
967773834
371024549
779625199
261103361
300386721
708406066
532824965
142040295
382172360
335906157
681090304
989489548
554632829
598494431
859230948
137462513
752590744
270375926
645596772
306458091
801819539
964276955
901656563
903733975
761798502
52467880
603880898
758474938
688544574
766922810
585025699
403905234
605042940
248534517
974453140
157242697
976109177
154840871
654464803
495226764
334975275
737408121
759492633
745953922
734200875
823087801
896182246
515349139
21494283
419841483
342943732
370706687
438775611
462895164
178601370
386227638
275611726
38664492
380310208
538664868
208478908
466215539
63572977
591439888
934749722
265967861
591782037
216807913
133176307
127795784
628887061
757881726
704912306
175335138
345492147
123068522
206729506
998325860
617894983
336067661
180425134
245449596
994603461
883997005
881825040
97168312
597095620
76851519
392376001
215987695
366303379
478002118
635751305
754083454
426235525
504342120
812623230
243559023
471903506
348577593
711326562
395095420
698245807
232589784
329903608
225980585
740508387
463157489
377416388
692319181
415036371
980717497
824837567
208499319
582643528
659204888
407989324
648882358
615168609
186146888
898391294
382646426
824916892
869036494
502363679
719006896
37434913
705869363
4319720
305575944
385282550
85973304
160626380
610655480
849545343
481653567
618139208
785084671
350064795
813987904
403438681
528666126
93181326
769294445
343679064
68447978
116732527
599395457
949530650
129850783
57824544
261224554
721592911
619528686
607306788
864955082
181080068
537768649
29084435
116573614
290383295
954791393
402912322
733634489
90166928
824443282
24681935
78659700
348923226
945564311
130155728
581073901
714394206
736765753
264237570
664249493
907826866
808544336
611412198
54045304
107565942
896510651
546325760
217317601
294112349
127876285
905294259
882648002
842238161
702278995
267558468
649311241
911440741
314640490
942173550
374541741
574710679
60751931
737195309
315953480
678616136
6858330
301507243
567976554
933877194
783929484
759739468
164251424
573037717
805808395
546090680
557251053
16942640
45059123
915689934
941927304
569143493
75216202
781330991
185086790
428640817
325599078
160420876
13516456
548537530
675116170
39290817
358149185
180052904
700941838
309134339
641054191
273874461
741742920
586680412
543618033
814129280
874707412
403699678
687400691
512508171
753335770
565026340
97587074
783628652
351842648
712092066
296715248
271807450
650492307
340225664
141312015
227638942
290058292
19145208
789711773
989531525
101235856
479521806
24233478
66646605
678370287
695925731
857405127
120573666
400507575
681737387
65849807
515077252
93888705
854929233
168168701
128095936
114221018
687931958
778134835
741174398
315710906
43548732
647743055
32622465
96400589
985250062
582442120
937254337
81265607
458937567
583520276
123718546
785030852
826205131
24626703
174250824
650561542
362408674
397930644
410704623
955146229
605331632
921700518
917376672
898926152
316242533
65900077
418534696
576736905
47403836
897513583
458093938
349066348
155847417
838465205
584864319
290136831
81728610
126707891
876254445
271534207
172536637
244155282
666119839
123474902
126410294
747139849
790167282
128815407
497656458
498926754
480558180
294059501
191397419
32199618
124601305
430895661
506829211
693858702
744485447
250699307
249366940
384511199
910331581
428369165
607655243
12769823
177223064
127809019
130360867
251672995
793516112
129274212
959072703
424832207
195318230
799185402
435859801
51760185
82424100
779224565
69786394
316453618
14629907
283342160
6246380
603145898
826025710
171381646
907377811
264441174
114258513
900636163
58210260
757799021
75327338
956266317
790007058
534235190
629438938
155281354
321310464
871482104
93891595
732657328
914399163
638314655
744419178
538453435
37049507
523400695
56164466
897851545
249863338
232632300
271407877
105107159
887068758
411134894
132498162
978169278
980593274
220686519
233993808
200435891
368281449
100456929
604571122
599542085
132779461
615417824
438753886
547047112
159607643
776942071
928554887
542629914
169964003
954568535
90222559
707356597
377076537
78623663
885901877
837269882
760991139
232204440
64053933
10070968
548049663
285983036
249610660
394267121
515397451
775052128
950860671
191148494
941092985
64755419
209761868
378585642
357305557
469695322
979583744
129536254
823691603
807328275
636879843
872097111
59808014
963354401
874482332
477419136
520679027
412472251
736805312
810285796
629403373
407821502
958042037
725646343
56502456
187496237
108684272
750451774
290854663
610695179
43057087
516936636
47793435
541351016
11867872
225872674
910804433
628364835
833620145
395959668
819358530
16488686
577609973
116802843
533092957
820690694
369463309
827572596
749639688
338884014
270762719
584038383
197881587
811916047
793408505
531890948
640576033
275389312
605416003
131503261
484583841
800076317
912665514
44105160
519337397
386301888
152582374
605197
544259285
780102191
303977164
967374263
730320548
189284400
131683301
826958060
102475284
222753640
247091019
379493370
388547191
641270280
13697045
467082887
299365817
692553929
800538141
789503036
986064370
876912824
640974671
42975057
277955824
479819359
709877087
732739090
25097631
663623656
39248748
837063186
364845554
345026849
68455834
39225161
893972484
966109575
361331535
77632049
198977897
402024452
565818737
779136799
242236725
927465513
334167799
569335936
836953604
786375174
678150898
133004199
64581697
957322472
62659309
532718846
273476586
326692534
139197739
299378154
531953292
629815347
17958282
285828704
731097951
548912512
122737595
609593244
199554775
791262839
965309895
522930101
506100046
791389157
460392005
662362640
651874015
83355428
121961445
626686034
147977512
282299799
435587989
62440164
134989684
4304408
267479446
400374850
957521356
506856759
929777967
370409613
325053959
46690377
347169112
231683333
626949473
35933157
9159612
779082596
880498274
516290943
817707736
147165607
639247819
860785067
504409759
916320471
163129434
301899504
363752160
119059933
675265478
729778793
103475579
557986362
497657323
12483918
113161934
396919663
465525815
976182744
70019664
346578761
290164760
137554073
431817888
774630303
404361122
612850843
12493919
102214520
51594220
817790832
413559212
171213038
99388719
41317058
708578042
35987328
979738632
604777574
638624676
169583800
414229364
5907347
169212683
654126270
930834214
614726136
737171108
734583335
433847425
432695467
945489754
51988663
208448931
703361687
531992060
270651364
494989233
273905673
362463484
909428521
973658584
697701721
880133060
671951791
38243935
415340206
56441858
70669135
137645304
755964139
816700950
87843104
16265861
101710531
543306496
13605100
550256171
748930479
842206348
55111427
271064342
625913107
637608315
234545031
885238473
787214810
533914643
432978769
339055655
917785808
531376190
277820006
788585067
68878862
37023476
95365494
573523815
605493625
666403885
183341126
854436264
846803935
927631359
471517012
306255783
131888879
696097918
267043388
626677431
657159697
504112923
701492359
346323338
488301162
872666388
30524132
465697256
654626391
673719033
215259284
345684584
189255798
3114174
327000617
981780081
264253469
191303751
882188702
611507655
677061385
353871234
654019786
260297335
15929470
89150019
332254971
515858750
612438619
113498057
788331175
895547365
976426240
946756923
459858771
57083997
389334567
380896904
76782579
727949851
753086054
99173885
59990740
655997475
19248099
551617421
917129936
35763067
311475973
303354135
30043469
294583952
313450574
552842076
156604080
110353349
328603784
564408638
827134589
560467991
482885357
475389738
833375498
74455280
120787272
70029053
96010855
908499355
728573164
884428320
201948113
641343633
796428145
602096606
645022006
971556500
297896239
766549357
201809297
838786532
868086560
879792305
540547639
209534566
561162670
310092056
894622589
22358445
918287935
288938749
361813553
542616887
666303766
312710273
851091176
327740057
801850206
694119667
912449709
449194604
88766054
422225961
817704788
310766248
318327710
822633580
842175861
74855202
914892066
454306637
9349407
863337384
674172549
691007756
895730370
375262662
699448341
355299837
507786560
218591843
547230274
210308602
682071987
281931328
47574492
397534780
793939926
343238711
952770420
776827564
404747630
977352420
234275563
741876378
706976494
682766237
29528409
723160815
953361376
544512375
210342516
305692761
56519555
8051157
574997670
311723710
569020299
168011256
839940324
711716532
953826003
726351695
800089878
99923385
196760469
992581788
307785033
501375927
864671589
701934446
21947544
857805414
10548097
46321999
356193880
524712882
487817659
8888670
15862666
953981212
146603044
895303645
370877779
412578852
647443085
399850593
566043109
349241533
209470283
800597307
695611776
598183955
917661394
205826429
602855069
102664206
747421215
544930728
589093151
510288438
397967095
481040124
339215065
988143294
122150038
861411854
415442607
814701570
10772123
310514452
369574258
985419405
132263271
642174839
151467933
473056576
608457325
796598441
828283309
384950790
76269507
660514771
650432008
919793731
549019147
713396947
780773730
635814638
633928018
37998186
269467891
88330062
495024944
173152546
240709618
476194020
467657089
676763732
629275306
510356232
113484484
499317645
118837159
845963822
322872148
834263249
831977547
66014496
554796956
981377117
332279583
752948682
289765854
388940681
773427144
197605412
871433127
853017254
17456303
387618134
319342205
903375366
710706900
39712546
223752921
924463407
673855197
779192763
968734274
263919348
344974230
931582852
93992048
593682884
934521700
190720816
76919664
664268574
171195890
266299242
716906402
156910108
470477434
55172872
678086211
83541417
710360644
563745011
81288273
458946784
460170061
509215182
117885645
278826437
877362982
146119571
809829043
864572026
74144981
466838968
799480245
413804485
587377836
97819528
651429690
259477747
655853373
986616068
65838743
765806447
139087640
304921291
865625409
837627105
895822886
630023063
153237085
369581595
1184778
958800763
694831328
748159361
144615348
847979532
296007289
277170686
183586961
812551990
276222878
540524047
480728483
795973863
236006745
485539411
111259157
605007301
686260143
949436283
988255592
272109723
973479677
948922233
406214562
902075753
11244171
903891231
905615700
686993405
934464126
747867298
26455841
263831813
999665729
833132419
157962072
900956776
862479031
728896406
184263343
495610249
892917219
893413580
606193912
388467604
954052258
707682696
870593675
712888063
711191225
101126423
897336184
45257821
686174753
689095551
14044089
119546681
759350864
953404416
301388952
873364526
321692291
711934141
415447106
185276577
555525431
977521804
7697149
557890636
51846884
739055458
118300413
11321774
186761556
70974400
10576415
888155988
648629842
78379482
926966136
793615380
240264594
506855298
772600567
186602830
708284236
82683239
159012876
461446539
194531721
378823391
833900289
964879984
43961423
130591479
840608459
155847123
834054812
980045364
738444501
377552488
887303846
49260407
548008878
278353924
978717970
670824845
656312942
236801444
286769331
435981571
382376096
85842522
836003353
236911797
837842134
833230896
739188966
247666549
318959815
560492244
118028698
108915476
356876191
22856921
873173461
41451677
394727582
282414390
241547418
317785489
670614617
45859504
153197668
938595671
2479237
51180371
474641034
119454838
70375066
587972222
430887087
433105856
512388174
466812917
244930506
196180881
629066867
429810859
506613960
42464792
826163866
442945999
33232986
411455429
104474669
795714634
871334861
289011915
408386409
340854885
429389455
529488946
682319067
929157816
598715028
643394335
88998786
299488547
232626002
358449249
630267153
439503375
509644718
68035738
529388261
208457134
456666868
565933369
32253921
977626992
20654181
599778188
515729422
84067850
14222232
755075660
876303703
839763827
943425680
634075302
927025074
654189412
109400622
781949063
267250374
868952358
363453412
131287792
80030464
421235185
345135899
84854557
580763247
669174724
940041816
647349149
13259006
963696791
144368421
319391141
715769905
830898502
410872063
921307852
261845980
83172920
305209973
141812625
451695183
87016133
339796888
808804004
379150454
533017177
34070010
311595546
618136751
706294359
639036661
579733061
834199888
231312557
186833882
509132405
353163214
825579403
282608579
862824664
978757548
745281836
992373164
735011515
775513260
293561752
205149411
279381398
430695361
610013661
826393483
846796209
126938244
124655859
935654357
507011119
116822609
549067700
494366744
677660532
87218467
219087123
405693554
70646713
366716000
331388543
172030713
49829785
275746138
322477911
830235637
885556743
529376620
418568873
209124152
708879300
668313061
834251494
669767790
598385808
75553921
732704014
615733494
377542841
123110754
179232624
267515610
26973998
972975697
87181394
834846091
94707847
642662515
754331378
854532196
555139038
43953493
954125440
888896845
584275231
692518215
387900535
303728667
369737375
632635425
607541836
127827172
78498529
330787243
356804730
586905776
868525171
224547030
70285003
111587979
38567835
451807939
617317995
815111700
839259792
687764193
494249518
200209994
205193301
809718225
674007563
527542086
429536660
687222699
122035838
96804106
132997293
65702773
306109951
251215410
92803956
95533040
812908168
690353643
211594678
861554999
386629681
710650372
804078715
202032076
336238836
836319064
782175105
365715461
216154304
208646003
16997546
350833216
387961360
510092705
60255415
600426968
929129471
605864155
638708241
243083251
810524956
600221217
801976612
16897516
517198467
833800434
419205303
939893291
534941264
988264598
502753084
124887758
528526055
407699023
322398322
325084201
880105502
165421518
642473770
291657042
736019259
62748631
586463763
839679832
445742095
391830044
344559879
505345533
545492573
990427730
343149543
801354482
37856877
42667341
18704816
893087644
501772563
633214292
944202667
908808135
182684349
933963505
689704988
631049006
208815270
13096972
540972172
262493849
342590340
595486434
280481113
110201296
535826601
380318023
826563161
725511473
669957630
125710514
215876584
272728183
130398680
122789149
169737850
931220773
134763617
674751373
635911483
624438163
748381232
240131850
309755389
846079796
53926445
167343017
287489952
40292738
3792324
49206587
465272056
288708207
159685102
377589099
91090694
934724267
41822843
958075123
760029026
949717186
710230209
744823974
779388927
678656177
559474922
101055464
256531825
76068478
231698460
121043520
1748693
973853327
964466109
434812360
567261270
905045221
301400344
390504116
956176410
329779339
42289358
758899480
390545385
669594374
677077078
975130742
126661558
747141260
306701500
80755767
123228887
732334690
763094162
57626307
37429319
696446385
904256203
432185315
880771320
855857046
622706415
152525694
42478364
320568587
911185532
55186419
737461866
205180771
685872954
114313
715914514
868266100
809963297
47918407
70550824
837356282
548619592
94739452
111605594
487861994
188005020
54718548
385023621
866080116
885253023
371489279
541007250
66358749
570031852
21841661
7647442
985557354
341499818
178573277
101279693
861849153
373006675
99201096
585492880
372080478
856933806
437799002
907169749
629867602
196024515
210434588
21742715
249394616
936464742
779350987
968129400
410721252
50954421
942767201
613481684
147053788
154966163
98091177
609304591
530235235
952036549
980043991
594862302
887136232
475779560
423800028
37587577
850991267
386764584
353780364
133555367
442922566
529353979
964157588
209958933
216259761
611999696
494792870
137517586
872045268
776233272
96991261
558855237
22474630
822332604
474301031
670867287
296703594
283998182
772317694
557719490
29290328
710390946
98326325
893422826
600066168
224003662
12058276
285807890
919401170
971702388
904623138
214865522
790575845
972969524
324391041
974540881
743774838
311099658
597352040
991502764
641370069
406524450
384947259
201979795
826690706
762495290
341347267
784723924
756754755
945332511
98333756
698879148
339186449
431959959
456309856
696664766
693139876
85641371
52186210
676975341
150326313
331016947
57600124
317921341
209003771
139030239
608422659
792171464
24051150
64167562
238830842
496875685
452698687
513830379
462120081
908993349
142953938
765885058
317052620
129767757
392001224
278394913
96211332
874147149
132684124
757680273
33530753
18046287
904042191
729983312
137781565
719002012
916281949
661179598
1282594
308114074
343725669
248718440
576856135
545017934
459569932
306993839
275048273
586612394
745032241
332690441
308163891
574750146
444287946
688475314
482775650
503293036
46496049
167605472
979984678
405018596
801089249
617312557
691905617
152445089
940388826
612368476
556491229
839517220
840619254
680972568
94202903
4821911
787011568
897351457
164794269
681146932
362404550
968400108
197194194
588998877
61507246
89329885
2371307
606144903
987463108
804778382
349654127
340384868
619695386
432330568
92818349
942144801
94563695
100899843
21178004
885158595
450385884
15487307
591501251
113462547
880895121
84667890
616587483
344969030
729122510
159121790
182764948
15393006
312671579
939089484
26626445
922814363
492687221
793450387
433439166
146415949
465441910
231223071
633003859
483291151
77856086
654944887
85415631
220156633
635009290
325764593
665094408
26421730
285235368
598668313
251503018
300346715
997337456
774214611
120117275
293858103
396774568
673690835
25759474
436323681
557824358
765885301
727418020
869530325
109163283
653038809
445849523
708564615
976612707
899169048
166408702
25820722
338245450
874817099
247340039
128507333
636679941
317218865
593486785
961525660
55921781
74128900
498820752
496507203
515488925
633908685
886568873
21738554
464940244
606585104
519180417
13422422
660754156
402266669
439104537
95393357
277597456
803768973
55120001
742582167
213472448
85705001
685500780
344021804
516131530
744478812
869683319
778985849
957436427
86431731
414804978
936840379
883304350
444010909
248007238
791824552
282760342
323726320
229987420
190553740
27686173
209703010
264419513
42694271
321830523
926558740
287306233
6630920
363704815
53784649
440451974
142811298
441936065
746420827
839260093
993591893
687980455
7155311
721244312
673086405
72764633
172738391
978850327
440371259
60730220
94099892
436359253
666472159
362070708
960451636
329295658
335660635
403520170
902954401
711740943
242036916
27081492
111957074
644625032
366869956
617622591
213619792
260415027
243345312
778407892
102338764
326671625
174214079
211626835
4004653
784685649
821362759
867088882
585527107
118918069
981629817
920420504
805272495
979656875
315529113
500445961
717477592
356764886
132428087
322813977
447678094
648164552
454564329
293352801
82187292
597043684
622964566
959458386
593456024
13600309
628506272
227162324
818119011
470807254
627988144
71427886
861025523
518806263
116714468
422704828
45813241
496312045
907527365
4576198
837549312
192715087
523273563
676493561
436081775
574978197
751154934
264916221
70929195
378609096
61008141
548645189
589271659
24414085
509626384
795077687
154748303
560980040
431853627
702232912
22209096
643695932
323807780
515009045
596852363
991194879
103695118
636555094
398698570
284175435
89442394
524343361
929771033
432690599
158329013
470260100
451685895
241018580
614368413
802559713
235168708
284492999
398705371
933993112
900959189
693902425
335932925
512469419
837026939
540077571
485852728
453041974
791804505
723641473
681573665
841427138
449682602
295109788
735331404
345247666
128411357
38768629
999135558
112824826
412912169
956835812
41830206
264515481
839793243
320028596
411900014
582902057
207502831
325658896
753838853
775887582
788036238
376846883
272643838
681024617
888516156
465577032
443455942
482539126
751689944
657372503
584081459
989570111
144698164
961298257
650219649
306686609
575602479
67567051
439949390
456276616
895134128
870887365
15601210
260008089
733961357
358155579
558852753
458662825
740197763
3491710
361481861
687934775
108877208
958281958
781453621
497792100
316784207
78596722
921663898
774876627
715753834
296763739
45501735
972545473
464947788
382031762
605797593
254179700
117693644
979072203
928521315
312328809
548109772
353559811
176078728
341219297
198602630
18940012
430627427
803328577
857325295
742555494
901215029
263327696
548328443
272869682
950328852
387394562
896824836
330820719
593650267
259221090
970347825
213469870
167621730
3162909
618352896
637770372
120176501
354068685
522457211
572743288
860674255
790553305
638540380
405915336
997573183
5162310
491666284
811613664
854095330
712751290
61007421
939801935
469095417
447557605
374212701
929548202
790183319
574223949
936655396
47530679
999188509
339451577
569882456
360227808
339995639
91814434
894257711
356911579
862402070
525389243
142790835
140906378
154691645
174268674
447504335
752050656
359770103
213200448
674436187
488633371
332044198
787710999
365925391
721135795
299863202
241963723
259984219
560773056
52220668
667225191
533683303
27539663
299351673
49365190
805156287
654427833
618013267
705663064
60310654
109255666
47033124
690260517
891782509
17133088
32942821
532066329
725776120
154888302
616969442
604166462
355218334
141691396
750760173
654794703
898496733
495688381
860129367
212130373
829167102
587785232
907937023
940648144
488584697
96444081
124910618
485474293
435227781
109647512
696838351
389784569
789931513
995092060
41125478
804161625
229288587
831972302
623807530
738907019
480618986
138352103
387073694
521063823
790462110
189926547
643574808
793128205
578781180
593320528
864097564
561043726
88407036
965039623
384043957
422396245
488088619
812277380
998786695
282256910
843851863
345368815
573447393
415431136
63791690
687119417
843467268
162044920
522697837
367164408
182612017
50407675
148818238
877570655
524637483
42590977
36642932
594396355
218916501
832556989
9209971
148497623
113173621
367300957
872004801
114848925
851416153
839034406
478589671
381290640
3213368
545388050
551195019
353233900
577515322
524018437
778616709
136021145
185328302
737344771
565564134
166115583
315395068
188441013
876765815
855581422
80007635
86952365
433956101
624504056
127078291
957543403
543909446
820029064
561483302
780113910
447708560
942713967
459613256
979385084
413993544
616277287
127209332
850043913
598698901
27603397
144930633
423133527
287882781
449503430
829986616
36095102
807194806
359921759
587468566
91536206
27456415
937650404
195765097
97418760
412735529
900901630
784836877
485292505
326330477
389277662
599159462
391110091
623019548
393191739
540101250
680214078
496529062
267308493
729503816
163610538
959545226
283068898
202084389
571244527
262091092
400994438
27576790
536466738
651647267
72581622
47193742
532211644
16978026
4882702
234472867
557074674
166141842
73393222
889046307
7933222
985985550
573670388
179610330
544089372
27398191
540937110
11008168
706311961
135265241
896032396
714623676
182470
324691132
548372382
109442806
533727835
243201958
492438883
201502621
269084362
372811934
272636939
799804771
119204378
726944318
494174742
409876915
580593257
775312105
445711917
760800424
733019738
451493642
574944076
24919000
771592698
553614850
510583975
479952331
633708517
637864872
52703500
594202098
884296999
387554704
51374784
935828539
891693586
224620212
149846197
503179887
647503274
182542858
268263709
219635067
567138822
105975616
735517088
15231330
421387227
562742797
998016329
281583133
79427455
437756433
238562800
743593320
820561620
513975981
628081871
795537285
817034404
42457967
969734332
299266627
538717644
140595671
374915675
486275698
350166656
787259357
176252755
129243903
528586970
612514043
366765159
711983022
126894234
781956804
146075464
838477626
142613906
672316345
289068623
614973141
294642145
169769527
144464611
941980495
832416809
231221250
162004139
468417334
767080383
860131118
228639646
579756276
497548221
941707783
44427070
21142414
541163859
369672262
621388048
820951879
284252383
277251033
139360951
48436280
526613678
868235996
631301103
768345883
991076000
939644458
925536176
977436318
4211990
117034421
96213732
619577717
104833530
515478240
461497365
823221507
391944551
604953300
21101588
567857512
771719703
497569438
82167129
843949337
656900135
965878380
918707699
527001030
86608420
879199915
642066474
941213575
127458402
34923277
43523798
444711280
740634770
14957405
567739977
673536826
683871335
561969897
20249741
589275271
679954724
669621184
490114622
136664971
88966690
901573490
571506797
951251368
367875499
706208428
900187389
236378815
887692966
42956696
106617953
293732776
921190284
794559932
135421410
264319092
522612229
218992184
608518162
382253926
64401367
916609162
192136753
739451047
738565730
312887791
9925523
274330813
874153048
223927500
75064188
808783445
627047644
294003313
989978387
252358130
334955838
370278896
121905537
602892699
901096793
465536454
591664055
469775924
793920439
919121552
790164688
307781661
894412626
991174040
141411415
390405957
931856862
93147843
397043843
999251092
112431139
387453635
82948954
835029677
188936506
61884206
26702705
755279101
818436315
824935346
966427761
89862954
55506165
491920158
794100537
473558821
669346330
742221384
170385813
952214968
764702112
506596290
69992270
140804011
270251385
242844879
973305437
361351601
398002129
661249151
222949372
42116820
253064831
326610107
210766783
41278644
784071470
785468116
944321572
762553765
5624992
696423795
338468223
563211590
984746229
766331194
560260110
598778976
605306371
166174811
68817941
660294770
738743948
644465975
509780359
148434398
714735451
588847670
238462211
453969916
239637729
951175615
763988163
19655711
898205051
14611995
721359470
320657052
799926108
655850891
364267665
707458396
533410752
654798481
865269823
577620866
498179263
126247081
905730508
131510270
998317435
990795867
369831710
203395784
479299208
211257334
755222597
744499796
34997480
966202477
334201702
818936740
803865814
22826465
981908863
628856823
530206657
832718952
46811612
811519976
926847274
952246112
396771190
934227426
153543127
619522538
465236227
301539313
68407444
611887602
775393301
939651173
708963210
6578945
67036185
919846075
358316345
80515500
513722279
718536814
828887759
861563282
393079317
482199180
504666269
728502535
319004974
444353763
127590040
706762575
461787832
848809888
108342161
849160440
63543286
868349150
167721744
609229908
618843806
723754695
218454897
902596824
450731988
538556985
406210814
9369702
1508346
275759154
797042765
955436527
803731321
533293734
727593849
136544402
955875594
195841161
646739799
373918268
897064878
525797978
601057683
136551265
692954687
360580906
531479888
688203340
642163886
427045312
77678036
243055735
892904951
201065594
304711335
624172964
294297987
305923091
224241079
819323950
311686767
239766763
293673625
439017616
488044379
16808372
227901046
861224142
232420042
859536012
934485483
30327153
397381036
546311173
103958971
793451387
239486349
439422081
717230337
199119741
350861588
615568625
193729372
767866954
945790978
161997615
71510957
779258367
635075770
885435095
519356688
738930651
91087621
377135235
11423962
113418858
537314624
965045107
585928836
36415054
19176147
177886007
487242049
774207306
566912410
341958162
292030179
932645042
542248664
986948536
617369862
425876317
734856049
955233189
329370202
953155611
781751991
202416043
71459356
917775428
30841389
921256712
602195360
316336162
326335397
480987104
902291888
547254406
589047325
640159776
48179050
871700089
869314305
752673162
345175841
574897367
544759370
386207352
615741629
31737860
241847719
517630241
276141517
663629206
682698902
83876192
12178877
521014320
639691475
316919136
930181524
279131004
124669116
25143994
879807224
667032177
387014270
447126354
820796737
995359869
940623973
670483962
872247353
224845574
232627500
78508451
729588235
393231005
59589775
890920759
269084769
747781201
457095806
961060114
532142833
980057912
710054142
66339495
80588743
300112464
57438418
413624547
783380909
921576379
171391613
961653616
49867133
909284656
371293197
778099560
423614584
744276661
622394611
480417702
322681114
304530429
843345898
134140493
386475586
230057107
194580861
576743537
260900970
554121893
292525844
50052034
434334941
421762237
106631748
344700714
729141262
60931912
750940866
138225213
163343184
819556477
526455465
438231902
455038515
58508265
58981268
108030955
39307624
623754030
421382501
164187345
384846620
195758519
815431022
970063257
47527134
784429162
907109303
347007577
641357689
44003092
942924765
111624958
649394688
315568066
182028060
104464290
572945310
295680620
39497534
130934747
843510046
688653962
830511780
713054275
212512201
390331453
48137847
552525129
393064539
850127335
631304193
532992897
272034578
528879781
41023874
699541143
95835355
112399738
140670915
619630560
87072061
283261699
911939259
481483291
292037970
851451996
180571680
690622966
565985314
62360291
684151671
394697759
254278009
256111105
17857384
138811374
736811999
69073587
756282746
270733492
420051560
570762273
325540925
146702995
753593327
17762523
57993850
827965169
531587974
35534402
688880935
980860666
18195313
206823669
974597799
564315801
588084928
490592812
775371890
829515551
310665469
801512456
326505882
902090813
62624181
733529625
811020118
477158024
562481605
407588186
565605290
951024882
254377557
212161456
789915961
763812715
645835183
130374590
808487011
708245919
86366531
76651778
280870753
609106435
726573427
739630549
142261577
500171640
595526477
247224940
214729348
372356307
411790778
486111
173845118
972372073
915645022
26877266
755448509
504904647
811939978
915489428
362292568
797659427
408582615
58932760
534896279
566463703
293335346
119029658
438724126
665353019
925642306
308313398
144111196
2876129
638637861
476971822
537344817
675743121
979287094
738801939
198727973
591571431
913482897
478954658
788824877
929011105
387146441
656498497
897310542
571790763
352677704
3165926
999654368
763236908
103372132
409390910
808061256
386417545
564671463
575284545
930536556
77879671
892268266
774464797
890516163
291454978
479108073
846646865
276177463
698625344
947760215
48141180
999506619
960074685
21195923
386974831
52874807
8203440
842077773
746353970
978161248
165143720
578004462
143903875
748096119
118330213
722788836
462261499
48409716
115538824
743991547
490472898
356599261
3033037
723468218
207574317
120566799
128728708
769871504
720793165
711577255
574457936
97550887
784125971
441303601
518308922
369321375
812905978
791555715
437989531
280113326
520122248
14171414
251914465
215973700
214825206
355595191
347180516
708353865
405266159
770672785
372909408
76300248
657600901
510180952
459071031
771208541
539459599
576364823
871707015
122047032
382965083
875167242
344549221
267345838
647443921
676714171
143400537
182142892
442020236
290704757
278476672
81014546
3618514
597672238
16812641
630588856
836648239
30601383
440837484
439261233
648616999
840556929
968010403
844722216
66051161
796401611
670072602
267634199
30174069
157917703
111400349
888866317
181148689
909309504
901889632
755042263
839198301
8520033
347673231
989958961
970686711
598307379
639081098
765779961
604801274
145255819
685186416
558105863
915724628
94073948
874967831
791021000
347338145
222129648
164728376
346540328
38221937
863536932
567667636
183037859
58272130
143484628
83385364
864060079
619105614
623703151
645417407
197424007
659739035
827658120
744712902
404122995
678855721
674323826
53364165
992271062
52321865
706084326
607767285
927694552
190505077
152859102
271463634
791940461
473464752
557178590
57390570
69791590
283934466
749885044
197143815
404757148
591864764
266912381
625871302
919878270
15613829
119984399
126486316
866577148
86911357
856657691
516320451
32367359
841761669
698437454
833022053
68504949
331451806
384898665
106114132
218811064
961461229
183536408
972026568
373014623
156080184
23054626
777980317
921449132
292386706
847575324
559241194
374268735
37759814
499448591
439036368
49505298
841489040
427000817
609915549
7151954
486646073
32158210
993562939
566196894
790723344
985634857
659180774
247981030
65997361
324535162
677211323
378131627
668795238
982370324
377791369
267288159
149130910
381788406
291302866
7893434
778940582
842040136
361734051
440441514
448482506
684254430
64275004
720376854
952939906
626444609
533267867
502480621
213915448
183848978
196397748
220137198
165728437
973973967
63682191
803750765
184120754
47798261
555590745
553911416
112503793
70051860
109208227
273597486
814384812
100454780
521191459
269505617
591253359
752304712
555851845
957539134
934303098
66351043
694362562
386346330
985590875
468834906
283723499
958840772
519949006
773791308
360845055
9089374
472536493
724654583
194637851
724791294
152738715
980737390
150023077
744367962
822296758
90447543
854156953
444737543
83807455
285841262
828160812
292466551
56686687
927523007
725783749
12648464
177366524
112293630
394539201
346702571
445324664
659117880
497367535
236501038
425058187
3571173
387061865
677085506
69180751
157523276
250182537
55236507
527041546
122839460
804547608
770325394
941285284
141075246
438291902
406433259
994798062
702315688
201189237
558532037
617059443
115570312
473303847
516043185
140277375
859920949
590080849
355925091
194415900
75994189
832008834
79893024
690329632
865200692
808198311
43835943
467134524
704938639
121130488
256920881
53193776
639947151
16556359
685410176
903064776
898152013
597426716
442851191
891073516
146141151
591627179
467231532
12066460
817092736
742251377
628151728
636464797
252305193
10814313
104051545
82908681
998932398
180379445
174602890
230452548
909400707
940320568
826845495
143322441
332620076
232713672
687864576
805506589
114205771
666000672
956041919
902514790
28823453
576645493
547113526
420736186
979694607
790019103
863055815
792914128
768964573
59698010
322716210
247421292
568683597
554797595
691790907
456151939
188418500
36413067
985651311
475717741
766823934
523227943
121435216
393288586
990258499
766765858
19679637
57112584
841280893
38453118
347723478
53379025
550290296
107459080
802903634
977080599
969354128
535845499
71231662
266669156
583300101
458580942
245140507
456153694
10695505
61813436
31665028
208962705
593536136
79108223
296026543
86904672
615287937
138734542
821035778
89469947
242475872
221922287
403394170
132455868
52513026
592491736
52302784
541415081
660655116
648781092
918975032
672814085
392005781
594804034
188984843
951856429
641789970
293667801
403055052
72928084
121810581
520430652
182953583
932630529
414930436
424445207
823904940
103467650
91580444
338438514
989459459
254470677
538807247
505865758
115221664
67135514
15182098
575851116
965084565
850234475
136366034
652007268
107298065
985727618
194764098
238107723
263267083
18039490
355080908
926962570
117845160
719729338
49196899
548682085
152705046
67994199
598711520
90252140
509210256
383661640
769457281
843406153
162751685
672550928
961171166
866441807
813787744
97583351
864305640
863019764
563942258
201495765
385927062
254736337
437032465
232027746
379446077
190660092
830486670
384887109
391724681
437959581
772334340
350295400
98827486
500995678
615322615
865222832
183799545
280715164
576950344
110137637
983649440
44626858
708675743
233115085
922170103
381427536
712439386
274317193
859122518
149169236
733300412
39714618
474835794
713538471
115405066
647344528
244254575
241463089
14331239
899659792
635969239
680492021
646268814
843058736
4206761
441434267
604226023
990174962
187148548
709006317
492382356
809813482
716228383
757063981
853316939
219100974
681937020
638871884
292328876
640573153
313173660
872140735
500740870
686498041
958176572
431607725
563056467
927376572
52112122
994692080
728672980
968188995
451219011
103753812
222683544
952211994
828249942
355404030
245008177
917333997
713983749
908074121
8259304
916101321
27723047
743018147
301346252
759190982
148221025
441051837
533992858
754152477
363938166
724874797
132793923
671409764
985501345
145340519
802022581
121595456
138447207
518099744
475368377
540313409
28692726
11794631
780328322
289529684
558106006
617574245
126627800
231347243
298693247
644420907
85124974
751251458
403654237
972930250
602775459
224539673
58328074
925713469
716077002
701007314
902935452
501297020
89650471
378840236
338447896
517686272
161343296
116067137
24493802
100685641
805778395
363196297
51239825
854164001
446925410
277978652
904458569
610269127
411343083
601400894
958555433
970351477
279523694
130821333
536079779
972019287
568383617
174742862
575709731
97035844
962178805
463759425
910328637
518951661
876353391
411944747
783954073
786779086
868052947
366907109
320361384
654383839
93654569
190038083
416092595
660934941
971243180
79619375
186444902
442021525
588949192
7831461
646650679
689194676
556140201
77783562
795927953
433237037
586898747
562211364
850697154
598826875
607701010
54889767
444677267
535616961
523351621
251263404
574784565
528225548
551894597
568165313
405898108
495867900
826308
523576076
83605513
545314924
