8 9
987448520
451623228
866874289
983348535
426426123
932283897
962543074
46977700
493677550
966156526
396733506
345221274
962271564
361039617
496921287
438541733
322353927
385411233
404375336
983781037
74146721
315568379
732673690
247405341
423864018
114496808
266004141
774948356
410731800
412890181
785655709
117163004
747032091
831678199
572938739
39356897
747731646
256646720
958768883
132493044
846387317
422683954
362661563
8635740
309744224
786277647
574842257
176768214
917351004
669539169
792319894
892488932
169558482
723521398
172726434
97845343
514248809
867487274
784807330
594501891
390266995
381705083
31393328
587794965
287702692
29747852
774835447
587227414
32253660
924038649
378968549
198294086
754537018
949657654
766955588
631413524
258389239
964347802
75559082
358013335
672753808
214989236
57768456
401383622
706901113
610840554
48374214
247904382
967693351
771877529
137141845
698435534
6190431
316812879
563428669
846307383
42559143
32575390
764616492
18346494
890325358
641905746
96681198
224583820
616583372
932269779
955524241
578637796
385836910
629397116
124853473
712511134
752400241
374103333
374776908
568546420
335093853
883325586
689776154
237248510
879936379
463104132
929058766
379898385
395982590
11480471
751931054
603916087
108570904
143198352
195728597
538002251
176956149
552135516
248852340
141176717
34519238
870896469
455833661
29110186
296890969
517824137
160817877
231380796
866548586
9073530
630357676
404633249
333671720
32025987
444456543
941194620
215285578
143669043
48359925
6785548
124636876
360839259
938510634
190665545
553415021
962583485
864565248
510371964
79920627
239282612
133352522
326836978
488642852
95846975
569759268
533936038
310330013
102447111
394682733
166419505
727038874
837544527
363394243
129978449
582524060
968020426
69562675
964908103
342319614
33233461
24887969
134144622
189772452
173429409
729224313
58643404
564764566
667821549
79583993
154384728
615099450
455301921
828850444
611968190
148484154
177088796
761169149
651894295
295266618
865437389
520217672
594384246
240619793
888048749
445548662
176927776
646703185
118302361
306781932
254305536
107087119
478641996
358987347
562213564
75584066
898493547
531820598
857580273
626842492
877898754
488191685
501804358
891592464
653827311
225519718
359664340
43618558
656558766
427068028
473494394
889519411
950148527
647916708
493391078
313459267
396171432
603825196
907961159
586215216
221490585
982006245
739052869
588316638
662630577
257177346
809935418
830763480
506652021
487813235
951844866
