6 4
876625015
755606913
379868472
741674164
649118258
302256503
465800183
338523008
875709189
888067017
83061770
649747684
878981898
752910904
680498058
947964683
350304958
646867976
137281011
226577949
31026453
937202285
744533820
287507242
948386766
96138756
184626178
537186180
637658185
697810224
279943750
734568021
42821352
127966098
72412846
102287137
10762398
814226888
69842176
197737673
378241555
930228426
985156591
806260605
159392629
500850064
356587183
563762228
73847805
538960714
952617739
388718037
328230039
783290779
524964943
287454601
514762308
62850357
960951378
713125231
198425894
629600710
62798060
943630701
