12 9
42587133
575689684
494749768
635920405
750184151
592022651
678867707
741363857
549638151
55075310
534747770
698393937
394293403
638942930
370596480
487546538
874192634
603476655
731073747
860496028
718131307
79817071
127611066
903382372
465524771
344443996
753177302
951274102
290342406
447855021
494226937
492062622
850096075
168496330
832009382
375196580
438748270
972819351
475562652
669482238
190988134
1580137
141674774
545894213
30179695
415661351
77508074
328169134
517714798
596715047
900035485
952948184
230865295
33188632
20032485
604945213
587389517
941994540
95745828
889874922
824301313
831031378
770163990
326813940
215128950
325416243
171972584
831142952
55826440
898566053
88929636
802795918
556295611
576817980
228247771
221883724
35613477
65391708
214322672
623693511
757465090
580208811
553954477
855728113
619742582
714789416
672239740
66327657
468660189
433389263
185300196
143584263
151082077
60362037
199844122
667626751
209578790
507281068
563561771
166655490
592666569
139187482
298990488
508197369
829510347
422979111
27970143
725409591
308699598
912446390
17783089
105230620
955094392
315193917
253515035
303849724
82899569
450624604
13831161
635291090
137610163
54854599
177903760
145843809
582346161
807309346
638941170
77192994
22566768
450979430
332521445
827967655
825904060
869337272
396575628
74301077
96979284
237471576
288415891
343085501
598184817
13986676
559903569
596239539
371941231
984068902
651617136
980924310
281405818
360180556
205399364
892107628
360475782
310704091
253441989
133463503
139442118
257177678
351647724
285398962
417341550
592892750
156814433
285287502
137821688
16509601
935606256
186597792
504646250
532685797
782743746
152988860
520010789
200197308
338190788
545045456
830972329
888895413
367188858
355717525
269847728
166164598
65077471
129555848
411338642
538780570
803185912
131345534
159314628
682777722
440794363
877986458
494215030
931601962
965856992
633631424
788680745
291727383
755369958
41439175
756118946
157007573
29441493
910616200
476335536
879968386
638182813
735593500
101074690
490213222
399972591
173411731
881333018
709916745
171446883
166205195
271175879
43314636
471500306
96134167
129937102
99064878
329968967
922378513
980620796
546430436
58669315
216953521
820754246
553808512
939443488
740068053
415439636
595432390
79754181
554770771
530509292
316092467
301534292
99946933
562653669
605516495
563316235
946651531
65258565
487348794
264326069
527752358
32715035
311670916
398253024
721211275
864870816
25914300
932057036
398045715
868605378
700549841
704167520
642534718
16024874
196662732
349576852
250026993
843763460
225155404
276370307
524156123
138670944
90468929
158394012
914240620
613517005
253436299
484239634
904185014
174657497
706163143
975832861
445552783
41721216
19425191
443014436
521316771
871002545
224126942
944165114
709393715
46261665
77900302
983319610
291333091
141334343
52640810
804333862
648879830
746303672
269958093
945714771
194358801
854780093
331136030
290163262
80353308
933809221
70370250
52234717
674761583
195680992
770957662
326076133
865274494
256371433
164841370
46510680
513348204
109459566
269888288
222543027
373353730
816117079
101241677
502201900
925165906
791665401
474267935
922837379
192065027
294715961
58140205
917826114
368526810
39128281
421578003
436768606
254223599
41286355
871687102
321551716
629418651
145578833
578074231
374265643
59899565
98591798
377546190
110878269
784074816
742394896
121639038
624461670
56817885
504458631
62898310
47326603
14588356
559576941
992617295
252721847
465060551
835210486
616706608
385201886
672216632
92415438
770065363
673454173
955497467
941935924
531463057
500150687
729389621
535997003
699463384
875086776
130506608
741099101
260363369
240580576
46582479
789562839
190308773
65024657
278704672
264737811
254209831
87725135
403675513
79208585
882942863
208513800
200935644
987157879
824791220
65949707
171016930
562566507
843628865
522723548
137637529
109079245
970514063
490589559
893144969
708458972
229958867
500090969
205894321
224387869
671064464
962745142
361762176
197159536
273989181
966740159
489418453
331149767
690822902
682644394
78009201
747367713
452708599
51259191
670712588
537559264
120039111
732800694
791642384
98068555
838924863
67507788
993776482
284020622
469614713
882577958
751865231
455811250
7948411
536268043
933321882
346927029
50706895
48587058
706186766
509157630
25594410
274713313
456232092
752195556
68448320
579782212
722426715
212996337
488568392
552315208
128619571
532724763
983890976
838732985
584247882
960153857
203708703
39262994
657415895
747165072
749715609
772412947
839958920
261123814
90040755
737134042
643355847
979379406
927173303
982742524
137943745
932484995
6657314
936284443
150328879
868211294
17547123
678127190
221005334
966001265
800280860
922709798
524189735
417550541
733443020
643023832
230322086
18661829
128120045
652885219
344254950
599165485
253987805
874930587
751072300
146936765
857517257
483402030
775733198
408132191
419322193
625917668
37634306
575696219
317592443
943819108
756017635
598095203
845540993
957675121
950493261
156055438
740748262
445073384
428050148
485864985
64784061
973639966
538373118
956908101
617339429
658710695
341198505
967348208
163477426
260355995
622202752
812035351
756038644
197008569
24875182
854953371
745844147
851728700
542057547
20131201
984278501
55127198
931224744
877241994
583876919
760335180
897577117
170987859
154796115
980361486
621726810
664974335
659740895
81379631
742416005
652218126
866912444
208342489
96314988
54781447
707401525
69676130
96278525
14542596
164211960
347152428
979202968
251323624
858017682
877705490
343094180
870795677
57108961
241653775
365198702
388382001
441276061
61895148
279511410
234757237
668439455
452577100
755681357
695435896
654919203
186118970
267533131
140410835
56004838
436821868
667042912
808837193
757040137
831659959
678191486
80928098
977811795
800458104
495089868
599063527
607266573
161742049
731149816
955432667
779695712
838236637
383081217
920549493
718384999
616119246
190980735
903964033
189302770
323040087
284278590
333443631
108656681
912118791
67826638
398793983
438773139
690500175
946366895
957666601
36532260
495409541
926726568
412149349
119632602
144611040
449716864
580166102
652652906
105147735
742455759
537094058
676161319
986911820
474746371
706578656
77400913
348732724
969382511
601188996
885031680
401249855
237430314
73362312
479355628
884543375
148051707
70285916
235984326
197006874
375354766
287341728
663792538
498442227
470755408
121394067
108453913
5707974
584504552
744382286
899793283
465864999
182934578
96963789
918608375
85545667
349226872
479718029
462231057
340203016
743904340
866917455
771552145
828088777
206360476
139437812
868506294
705452957
626078059
658933758
184495459
346456364
202386315
212138336
369161749
578404552
524263849
370636682
247816359
426028553
415681998
614466956
66475573
141371930
523989791
367813230
135293620
479437515
35283150
29385192
82641340
67755696
273624634
137911749
433895207
387736724
853051966
297927775
53319776
735167691
54314951
706698717
124264258
357563381
559366020
701842890
469495644
797628705
975953229
989569140
831192867
116044540
702790682
889644436
260902302
934438261
661337409
531974875
920397862
719005359
673482739
461214818
225912352
688013991
346009743
989696390
746498343
29179428
635824818
845156283
325641693
187937710
870181677
742276585
824352573
706967220
61288908
99060323
17395750
609715183
730736961
35485104
86523401
922244034
481582512
542778717
816591621
495398996
781250406
993968252
266308537
689360853
671149888
768821010
270184276
69389359
355445139
10585605
634876801
398219997
42148703
467320882
954361517
560085155
894095672
136238297
937567890
465231100
460908125
993355249
309351940
431925568
304103088
357237886
298863053
184913205
594205311
234161852
771446702
175885234
191711669
700554484
733490037
76093838
854695471
493862727
78038253
435180748
143675769
904139852
141859641
138211653
959945187
438598592
768554613
170925044
230011544
797283711
898913199
852245652
721025057
137118532
790758230
181313582
131293411
620682132
944429190
940938309
241847954
665928603
935095446
101632179
71995014
48600206
5924617
781400311
245919633
267401187
971661493
475886837
402667916
279006015
742145048
668164412
134758386
994515176
875142732
78487008
285695251
939339516
658450041
818686467
934522374
202473047
16398463
661988177
810611931
346823450
618042032
224857917
756876199
886953006
850926965
27044586
351819905
754858405
243583292
991053172
55354046
655476462
312866709
131804058
426688486
85761135
832676090
724333661
829842551
126020043
737093126
336939152
8754837
75817758
574996888
558993839
844812726
148495922
536090286
282913430
174694124
482748412
94954958
126684096
577843903
894120194
544433575
931316950
621665911
969632516
533898077
505174701
672165224
874463785
794607277
358718741
882072000
896065895
53805856
351828469
931545347
162738225
333160842
450635459
332489025
554482143
813029166
554896279
20456141
52493472
559344393
143747973
369065873
767617348
588196748
703306023
790064501
774442918
862764385
239250715
480391727
23174998
694172046
263796601
937884803
72452735
370846664
715215125
320345603
332116140
638591221
511055803
616756194
702091481
306995965
33535430
625450689
734232348
34512795
132216796
495672802
464656502
400969992
155853908
136143550
23366309
828146799
781183054
806094457
941189554
903739495
968124792
505483040
800199885
201013372
746812212
924688085
135528680
417248730
690216523
888481812
55525
233793502
584495985
126580270
356835561
596903657
617352931
31047815
195494991
686952713
96014177
495493186
967937591
525370139
984244974
643641788
732553354
278810941
251894930
108587303
731193576
149986184
13729373
299970564
211327037
69896409
960546166
288510529
271000212
59881441
580116929
674357054
910661850
823030428
513255316
540607737
929019330
658537199
396163985
572207116
689156322
43946877
14795983
527639926
197947212
99260027
437489018
441334136
107137483
808474631
806125507
38837854
287662830
446326943
768460955
904221456
186006844
553929026
382807631
755809648
282249671
659974904
811935847
97389920
334268214
62061643
462282368
442329919
567538122
986830816
446725748
933796301
789377780
287079370
60756815
499339720
284795423
941545478
467757944
335305039
746148527
734808519
614661448
452481571
342349305
801831166
229025446
205142811
768049152
233968323
570914817
136552891
129485579
749338756
566999284
250250484
790752424
842130587
988789136
85852790
929705455
152812629
178415986
411575225
739881692
153480534
528418420
816575102
284779967
477702291
730440419
99997642
433483980
580525061
467875127
91899667
930246903
724273373
565243481
815813885
657165899
625765307
719626089
750055120
90501792
693235933
977867370
962054777
1520917
265008499
315126776
764356850
358150778
864840347
122180710
215253009
50957874
727800707
533137773
54850220
163188863
348264158
682244530
905409225
663228749
726584080
41712094
719147155
970610680
138314467
491158908
462558365
876659164
963146258
124827370
565592934
839758671
133917511
104741513
984871566
945983661
806354504
285783175
167698451
230397756
922905245
777823911
646477157
350374548
975005649
593829654
13599251
515809487
107089409
222081685
950763942
775687147
749361378
68247587
622962867
192231526
991469825
360076335
57575866
799445278
552169537
994030642
618595491
207011273
130920199
372003412
556771431
166126569
113857534
893051912
81978941
698774639
86532094
2969860
697231319
712508713
566145061
381939385
524025506
115912549
876848610
798100719
156247489
822715628
538701349
124537406
788240932
370958555
161743851
233947557
342251440
191784766
204741153
56983326
121002345
83227327
824811564
326031682
351236533
96218378
732710269
438293708
555964639
356704146
146156492
986915168
970765498
75872911
96808018
303838392
169814230
502461547
234846760
380150730
919497318
98116294
140685730
935391415
774143342
545499136
802905204
114352245
523215937
312489547
209384545
308469702
29704510
86447199
569713568
533418139
827708445
877088403
489722514
428944952
434657885
817420360
135319651
159344010
83725174
369838093
778055875
431360258
599021741
877931770
928551461
142776373
538403886
213355223
980459487
223405497
618280442
966215873
908288203
774556093
583267813
410035305
357803619
494712399
903899421
519455817
484492328
639761612
136239590
599898946
319096516
669095342
248407906
72851984
652295745
749938359
911513165
709620314
370550373
542297341
562555036
994700725
57742465
731653551
115576097
917522854
94915753
65572736
781640599
121132173
229703009
792034449
673355753
371533337
52735317
288948400
957059838
893253308
938749733
625904583
691445859
142002562
55072064
40239735
914297254
756998329
704671441
599734051
81181597
538323552
738100397
415236993
255690913
930178891
369901445
237633837
129607860
236671970
423173258
160371858
975565409
772263185
956799194
715059851
35707756
128496425
942556132
363396468
556253761
463277066
64366740
341843926
412482369
608753311
547086653
804758800
978451708
174547951
211082148
161514397
182919106
298959341
100151875
434109378
203553497
12841725
820135259
787141798
118408425
107495584
569298371
74070236
532872107
58305357
922619836
991128635
570130510
857924758
130810812
828778737
693028330
396932251
711086689
556336389
119176273
273891262
800297427
931257233
19679866
88405906
489725441
536478410
289135935
957605480
397360096
139923469
372937436
956207122
106936726
112585830
126713348
813525963
702239326
311017607
787724441
873582812
862341271
908432105
200820967
257866757
3210357
973170380
551591583
100348041
201311330
415865298
78238696
111165313
629647127
878018397
583421753
907566579
801849260
867352116
491680220
972945489
825402922
159577206
767796663
638560251
345198991
456545057
284845018
3202850
777349072
91055151
382953810
398391855
118503769
402004866
100647799
128439009
905448707
843720725
365938334
80012796
11898654
233517330
753072749
443102145
41353089
12516816
91310770
375063434
326382645
831751958
347921396
659218489
70556612
489508562
633456669
762678613
894871664
257319911
983478778
883207557
129008426
845625133
836051499
178029317
579141919
116829236
531326121
269585452
699592702
569610379
428217689
517128249
722987847
942483365
378042998
122120135
941270610
282757784
35610289
516400964
363515368
712914059
823269784
181683949
971302829
842148205
837843865
213410284
150166701
365376327
545570974
467965085
71820825
582220165
99051208
619052639
950768042
19651192
579285987
262602011
77842883
47184896
822637866
816790740
664578501
454893584
297603495
626206166
810552128
220868971
958825173
773172174
99347391
338868876
629011288
537415096
496018872
726457884
93877312
489410594
134673685
89693687
120676887
517557561
508461896
998822334
100483267
465876847
597125423
681898404
871964064
160524701
487613418
960467199
11913329
362245940
769650281
737698057
143376561
368356352
262662112
5473280
686824292
282998995
560792031
942134794
639137674
882578448
920365392
354759047
104266309
186100051
944717401
471376773
24262566
85272003
16786845
873746113
447495937
469030319
799742679
100665530
32872958
455518900
279783846
514381224
453406687
401449408
730323347
664352373
317194816
923546094
692074220
788975021
374458864
714356389
413392728
469947619
850255831
379653020
3155986
295786733
426384871
589985126
988453067
590006182
794615154
589898319
579269702
899996031
350929713
773118394
42560106
651396762
198069136
969281330
603537633
25253394
315883556
49544918
450075970
920097916
640327835
598890034
971063657
771805375
680359645
923283040
482299932
674085120
845114731
960581180
644067310
770483046
860306055
457852862
116447598
78274301
463430511
168202251
732833419
352248002
222275904
136561030
738614233
988002386
994354203
396906493
137951043
980270449
750516347
752127346
393149383
644560418
371631106
997385158
27431598
778236667
469947200
189509966
861024135
160520287
946626475
430918041
139493134
664128985
841937251
339414310
934569919
61983376
69906769
899295707
574976240
759827725
413764432
924778218
270949983
440222712
450596563
871642399
487784702
696989532
809360656
519697547
25391633
383775527
492358892
244865231
981059530
126361428
52110119
761826053
326108297
199979613
722168367
345004485
199708838
914875305
348425771
945470687
767532569
837454919
663870995
292816995
456423797
793530352
654870416
182049858
738233567
728854873
989686366
525194517
2585135
759382470
47335735
345833987
455022673
874548913
806477952
840379645
993112570
242617183
953672928
427520654
505387387
55485809
631286744
416407672
521760461
826735898
640430999
489367116
247848506
752770041
823402529
602228352
477755466
53074663
426861759
62361208
37881416
60431807
48921369
897248290
660952135
500609073
335412602
261525167
917616050
164170902
682528321
328246090
84407648
136869184
556459733
652907371
526076025
356661106
880891873
855673089
27682764
245278982
306005425
845531513
179973865
760157194
879025069
199574515
768800323
522583776
854783736
795248091
116795151
734540867
422102360
417121311
208324131
754328167
50235651
851487977
275870243
715485293
991524819
980740780
742685944
728136385
991049498
103080157
893071158
850949835
650335912
187609758
335015618
678083194
936912403
435890873
961690682
295968435
859248964
245101311
405694798
94866354
522531519
185423058
428220358
8500877
52048713
610604214
40402143
564310378
235244237
730060346
393431944
405570410
813792944
737633392
358629570
428840602
891296338
106697717
234502384
729533013
300780676
584301234
202015384
39316593
740950881
780050167
668768250
619533445
833934785
144949886
729623101
489454524
453057449
33942629
408877272
659809972
853973125
112772715
801452469
806359030
503758104
471422285
875565042
182185153
149456337
858200628
977733712
352240518
7386281
275471359
79159726
613043064
430217762
535821027
123251059
264189176
332204
475608427
869467998
467664075
879845572
480785216
68325266
343639572
904412531
342879530
227440350
128762874
753859382
166199462
881952743
626482212
47329641
368719653
454875326
419619796
94213271
678242437
357492182
449349805
36150161
671139923
264566015
27002982
767003250
758660275
696458899
796848243
953876362
393198179
434900823
277129396
371328250
237916531
865284988
515814325
734311066
83638677
91319228
26596510
576102107
339724145
773788788
68001819
735013533
295288414
395437749
48271441
419419918
293472513
130175021
250121692
166836658
578716943
253664378
166520336
585716090
41550455
85949279
994234826
353608522
567954837
522970185
424621373
245867370
467037212
883943659
201508673
766757038
838828353
116619014
675375344
891297485
306990357
811629740
972703330
202623587
591294996
681908012
992049246
175884524
251433328
118130183
394639954
726267636
304249331
691934560
533942331
258628658
648158472
646141468
897178895
538899223
407004079
644138047
694085505
451950747
802219942
757718153
773893725
610946188
462374541
443430816
161120235
853095932
599995548
597288422
295389869
959865735
506280829
989470762
872100107
39595995
68344834
106586502
90793569
309210075
249074899
62710665
655565372
294012097
620058245
441410983
114748706
220732773
709780510
831489843
778534028
548554689
827413063
97243950
592717856
387838199
363749283
342406003
635281557
306337980
726124390
694054597
351627340
914310479
106855358
468127661
561799995
617876722
193389460
43363525
410763885
779027417
681208619
662804982
847758063
3512856
500673829
213245442
171547052
833256785
352758753
959763369
804817547
213377788
332462360
24985688
78187660
636081406
735041165
223661139
252621641
528402717
369188429
25799747
189195350
103509107
977123576
582574155
305603561
982520728
125354658
682319093
692224825
208284400
323009065
81907640
12689058
43901566
476579209
994052556
342062409
615405818
11961977
937293800
696859966
232419413
910066609
886114021
524591637
600942859
576021233
985570181
556857760
621829438
549762557
141545170
723144367
556022335
241996879
249776763
731642708
765254183
285613074
93138929
588951607
5133456
665770377
217174346
69280167
362342071
690561627
568416537
558933258
918588294
972131057
681236929
734676377
965835886
146706094
130197543
219338810
805968613
560005818
330654875
685490486
773666246
512582799
166267843
927785713
719263992
888929636
26190602
211652716
132430491
70755075
101208205
928727887
306386338
545582251
872828857
980393348
449676322
665532751
375381347
213049958
67802570
392489352
431922619
728744555
140730060
768292233
201002292
537781384
664398291
668980433
876461369
116223037
853390240
172243010
879722481
714999450
53908865
816300613
275956494
67727673
358151712
74301712
648054106
793708133
17068560
290993757
224378817
171862917
220965366
268934807
531029389
596342165
812962550
914523222
982529927
193593134
309522947
934839603
441815878
67703357
752976982
762849440
75429364
8639275
810446074
676602458
35753517
934272045
848455290
233213362
28421074
752712548
741468492
24996644
145021043
146572339
73591247
836913011
130853325
826549690
985525501
682806590
822234106
757319717
582894641
367397673
224624679
759430884
524991282
274891181
727109016
572182750
518687343
830503019
617866673
742401456
754968378
327983473
905292705
304718529
298887962
576283110
902291574
520487471
369604632
153173815
813750390
662324955
246514949
461293302
582991516
272724488
159420464
393923717
916490780
500787144
598169127
300739985
997039487
146154197
312470880
658788182
771166615
967324384
528656351
964066401
890653181
307633740
820664171
45246998
789171531
461119382
407605764
582302934
485718620
866480468
448053452
292252895
554753332
838897095
121554276
971157086
241579451
802170524
907703260
620435082
445689677
86495009
805082040
284385867
743771663
458135703
931391251
206577499
65425727
193274073
478860979
277463815
444663207
864688771
286906905
653079676
120208880
101518385
198348472
276919317
154537293
574712338
524203989
686895802
525177719
55544634
975777621
354146714
510493475
110880133
354840151
738267819
862335347
964109774
548761988
305723382
675555814
361384349
26768256
840121461
546902600
294143611
726098675
259771792
129305678
94664807
30745662
795601471
804684226
351871204
891295756
989050643
178191309
939912205
14427181
339891544
192761168
617405124
312593136
93436467
769720160
685456906
172112643
871589774
842405718
103211145
625845485
875718778
511867739
687045058
273473791
756378103
601272894
133091582
83912717
270220740
243991042
652644802
27794352
303549814
525841069
684588508
480833008
345935931
177625432
642836233
819177097
24394274
864321617
101092118
646966083
104060534
38208239
367713868
886795950
382878721
701416723
66513576
357439560
630223068
17611707
233200929
56281781
374600197
780346891
941936398
898429597
609472640
724511632
998475530
343710472
604965109
85140528
598243024
661570861
340835386
643459574
314320133
856466225
910697867
205198863
249435887
808739127
167934391
472599149
80376626
107352827
132621890
351150093
88747592
929074648
113525966
313956689
516117312
892834338
911277582
921068815
644350774
292378499
495616991
502083150
480942114
67514501
439457745
947091257
569959623
474655250
227376958
314649063
998879786
989260979
17438884
330641204
839305158
158231606
111395561
661705110
202476843
210842674
583804682
428226684
941320289
995518202
296005058
309595505
41776203
212937305
735252284
46433389
8566161
639974843
922223236
751394104
229851251
405598431
589279514
160564730
278368372
110680500
462118251
969039825
105976783
172703885
239491500
123654501
821162952
231256103
706513373
256519439
319319257
385986735
549768493
811056957
962692456
505296353
453364558
41851614
884758175
684235674
406739617
837746825
855365507
288178680
193185106
669028640
169652987
574384987
170460543
157186201
632335825
584516732
114848780
79922345
605055299
709042885
906742884
272823834
138527896
122771147
560176490
887428374
429595990
763490518
659636364
20813417
888579780
271260336
524676731
64385297
299092963
164486051
997052165
6153271
819089293
885918566
661685689
357520391
490096312
734029062
586224943
359242355
576767420
212207601
434713348
30459255
398528192
950401999
571872187
958660816
811773616
426425311
110715404
163592156
668623584
68414551
186594155
661404717
170354485
837963558
585399019
358426603
550727858
707475370
433322191
427411574
433986940
15884714
61827028
629611685
101840009
19433683
528951824
527714941
870959034
215608522
733401198
721241742
141859560
897367423
959483400
881804369
106541782
661423419
174939400
152170092
760524194
209976010
488008270
611482204
93732055
666176430
781216460
649423804
536418687
816502697
237015282
399535179
746440801
101497284
398213830
836473307
839962170
448110150
106421677
375549019
433677539
994707986
931215462
948490602
383174766
760403118
602835242
138444151
365024273
518755983
40155974
886814335
120275948
460910057
259639655
361983494
590095483
160834673
508456739
91804351
696369775
964143399
912838051
507381868
343169352
599344401
158784555
149891154
331593730
181819106
302975459
563872182
319792625
227131850
899304750
460964285
797446629
98472683
878078990
40118479
104421238
225669372
909595487
127830759
756808998
328514986
530629672
168381759
210923626
644531141
36462839
651301760
625341918
264489717
757161542
157133601
106969845
985088436
349091068
807770797
810732086
105685540
642010289
840875280
779011994
731685827
481410554
60696540
492091142
408266555
745914721
285969969
218336918
869313835
303611874
467747380
405982567
790792695
780136970
565312602
725407064
382973738
89708749
156459749
335578539
19323520
370614229
52186316
52650259
409390351
449716788
70245393
227048293
339320182
183582263
925742414
691796909
799846648
120976960
471498211
948573396
45036489
57718469
826870586
342147578
663478282
81327570
537229427
15399104
578221561
182449096
155184675
188945240
208158638
880301863
261840198
650353938
301909614
463270351
70236681
169714828
175701629
979347140
711650798
61891640
539976832
13884550
498778973
895859521
8810513
278985493
555915459
637033553
592691983
239255924
806925739
977109882
352937520
209435532
512281530
536411691
279774561
664616471
68699678
313065751
501463295
874390785
114423386
951478700
720804614
93770087
645068740
30955576
176244930
746014436
763264387
889580029
183082332
1005208
648285350
284373741
134185937
802395715
298090684
125247367
813187360
546789504
790755737
827925503
130774754
637181499
941306909
998135651
594452426
37986548
196577325
798670469
424509428
137997902
705689609
558506807
408501766
311440978
987106733
498179307
825657651
730640632
856162773
70355394
800961567
347426085
236887564
618402816
317971487
854250383
741658694
95233427
917561063
953729776
517758533
5282285
988169124
840417539
643275608
939131599
25911077
909009450
31869526
362974040
994541041
52136642
944400311
149899288
65312944
58260608
880490859
544152803
174439828
923416509
864612302
366218180
223116844
377094720
79002028
49012754
517467223
57349236
182010244
31758031
122982750
153754324
407209305
917228859
674329493
482587146
738688834
39392428
777191546
574217904
253756270
196555999
24853252
884881871
735758084
896057010
972336337
722921734
747033406
390175987
881478696
374722350
733175951
696624163
6895893
336896352
373037550
16312005
783945383
403028625
506438656
478528420
203830311
655794179
72503018
90347938
373326578
929507714
714485616
92118582
324033009
438521927
814668754
584592379
748489789
408897383
586925325
583277359
701701284
36718140
427442715
700493338
657001119
821389621
102637434
924372038
706158672
338506736
860202436
458874515
650356069
616300533
888063159
75819537
691987821
700633904
958934524
865872452
605876834
115636303
346835258
230809099
405678129
929463566
954824463
255145014
693317863
449227202
652091544
808989389
9376049
926021808
563741910
399060479
942606751
975186798
992646258
125616252
194845113
692935937
992872350
107042218
317757673
324094038
203161015
450868274
838645357
566767758
188874206
524205636
518965112
144531970
154045182
132144976
949394131
437012880
13731615
867302710
812331210
753519904
44970066
206476456
849322370
15343774
460716143
141622358
980796293
763872892
730369532
554621470
21075642
882928020
206432242
231990842
369146220
17285836
358138691
84370533
131118476
190631934
654356833
290718297
882436627
57032779
526393182
855561200
709599672
121542198
481560622
826247012
144654661
462962375
515298289
339432538
97967343
229709251
263609859
886655652
135457137
555446536
675455403
536387411
50103014
139255572
708788892
68652832
919707551
120203881
857497891
67307853
860388625
946675919
336421950
993771725
663050975
812824297
474678137
952931315
51645155
966237508
31580358
98842166
854086586
774994216
214550956
154297332
23783014
113967559
124730177
243876622
480304070
531715046
872540678
789234101
866583818
593391760
734056510
639811360
4560441
739943563
539382789
80496013
324001078
532428296
686761598
472124682
252877574
433147718
594824725
754007272
793083823
409783696
301786261
536866636
631001773
310881867
501592891
824882621
43727156
463824063
579268719
365472602
216558236
874535866
268064709
933244457
456053777
255033559
400657394
222528988
311028862
197251552
878540127
283090533
303035507
968496545
43993823
554411718
2536272
216695332
119829450
415022753
139244048
553771504
369032384
577355533
146277406
13004284
891752921
68994726
225359122
774201733
278294435
901215428
467394373
539241775
598212225
103868912
131854970
835135213
110618176
187470802
515255656
789018213
918753079
6292359
54347589
36886582
544009674
144233915
768291713
129856228
863353369
955478368
124343626
367562447
272323638
129359664
1638974
187034908
890936991
573880782
103377409
763224305
128441703
204758809
429331880
741680095
462068106
860131703
706333910
65921244
402194143
880093643
672352891
118940885
62303163
91720869
206325562
454508289
879273350
919007214
999552412
331562812
676054118
310744022
905902185
970340543
442786873
159649575
751931378
143386067
65496318
494686554
549260494
147433529
33795192
440246467
812012401
838143845
350319761
938353116
435473498
966144692
15904456
848518873
83050704
372413681
25601492
355847726
706284171
34890770
220105628
125246694
519234473
973822713
966456233
139465659
918158190
259606289
115698149
126378177
34398801
267360251
417075780
699438016
802889035
706990752
708039835
399014909
78095457
710493805
381369524
209227577
934637224
557518046
399431496
324007424
768802667
771689363
150436641
33968941
755203415
770443352
974315937
937872753
750709661
968717670
70570140
86596652
303224555
911122161
957537086
638491138
585759065
697434507
555724604
490080298
882959094
561362542
423907986
27677312
639827505
756369597
635565101
173281880
920559008
833519213
150654322
516816858
372429927
877612297
350278338
245274500
323351334
21148852
535054350
649900276
714601051
347863161
569739359
535343692
308761311
179987027
693066403
157063095
91151424
462033956
45072114
480121315
715056065
232668554
936565879
636017803
836682304
17217691
895874988
878063599
166904121
231358831
48116624
599919968
965221692
564820418
99292355
626918004
418075939
643099400
896524191
671622164
754507994
806449960
476567112
771529263
254220771
462331171
716242138
665310630
119590416
9397143
427575252
130575283
598682433
93403008
67092016
547044549
344453638
392895099
578704969
831434048
146092286
263586389
451975677
95352987
265733221
873523580
193922117
168617416
906801918
79222225
600553083
876313928
498892938
209011952
685498962
623636423
448015005
608836714
858721728
358030667
44108717
366837411
926508988
682115423
280570891
564517588
880945374
43013071
995524030
208572705
302014550
783236492
522192633
619566054
749643035
510233456
156400392
402870093
346514833
753015554
49686158
101378368
516671712
410138440
95192158
30450386
684916392
645814116
821705367
791307683
916149892
971826945
603396107
105456102
106842491
993751955
686866846
15923952
744963012
103447123
58998075
333896875
498344631
187720504
820195119
160145622
741638330
523449807
1396623
144453982
788805698
776736662
663445187
325551056
919430534
34321947
378798668
705613128
528973022
690482108
510978438
203669967
1394006
347146538
730461083
680324736
676579659
72705005
83195668
55101937
866922933
863534930
921973703
237130308
895957711
357949719
269921265
599722280
746880026
380780302
760989880
270892944
948941583
124412559
133997379
606212896
781886864
10845777
487622689
279552890
543019072
187072042
89825640
42988924
420492002
761182458
580248717
968039345
598158073
92649447
392970328
951399868
75728488
195649915
944391759
606078788
736652580
26663759
916819013
625111769
527243435
794697731
929841629
462509892
537655830
881673034
507797462
442155782
547521244
105356255
835279937
480473572
939693132
452131026
484572905
908246183
452926338
841369873
853553032
678681570
701058680
58025442
175942502
598048093
798770247
783670374
253585086
162657232
91598259
278818973
942331153
476910695
411265154
412430481
989178981
223953286
241244677
758487862
132938937
683276263
230327983
367141362
645173920
269857278
685772022
293079091
62513054
427916867
668275825
609106207
452480178
799478060
772763825
438883584
122543666
410668418
761057626
927577088
752205591
164793305
953532027
929247339
272125108
462313680
86827815
30257180
719875156
619313421
890457992
688319202
113743316
380513804
301256156
277526134
180065660
500627071
247841481
682397408
585645792
35066663
850923478
44946133
280516132
222867893
120076617
9312901
499620427
248043767
159927978
80879843
938720044
812852193
842938561
830777079
162493412
147264724
921191957
14029975
843831614
358805103
124019364
604393614
632808833
579535521
453791445
371649369
245259208
128810200
490566261
284205235
578591065
626719321
508921753
784000908
559873817
492536084
876986931
227786532
915106337
284105560
983227075
315798752
1294390
541872632
704734475
120148366
560209733
783955618
423659059
509726342
636933321
537484718
387464422
252431401
45595752
413596762
723608348
496283155
857285104
447450313
306540938
332681140
679561826
817242363
136839247
655409884
488879496
349030191
584361628
336264420
381039224
756947162
18990257
982510334
733372374
435840845
457265676
684054562
668736326
470496333
276369544
914340825
281748493
585945176
753544924
166760629
140567902
105219591
25526308
320158005
118717731
923522723
149293004
631993583
81854590
867409254
674551855
782377975
141804371
910745020
782671739
425206434
784401456
101072013
810727232
282132314
107337188
344225304
593358166
719716251
197791935
541346018
357822698
284761999
8928220
747440122
942600507
977676489
94506784
494355278
783891655
161343508
377522110
801767547
840711506
451807838
12630390
73359018
154037220
127578573
935064616
480009049
694847504
467210049
350611985
591981952
789729068
100262552
686125
298648700
677557943
12634485
529281592
90107204
466291391
327119508
848420428
6850762
892135928
316550160
418049597
678098709
28980268
631782765
854538648
102502265
338021358
772676918
524606017
20809371
286026904
22833651
909006987
422587266
386816889
727211480
410018485
903396038
10860368
63689134
410005501
775987978
935668970
840214865
869877969
932992887
578896270
894516787
512757652
68119
11206666
41779335
731306903
111153248
752313214
42172668
359435968
391675911
824002345
14324036
418977695
897240680
626010267
246836273
58570780
297932596
922796989
348801619
75149022
476884272
604963295
786517311
377829457
253613959
1476816
630452105
431431746
419040182
895657398
717127023
947242295
486652315
503339571
76785474
242786735
682401406
674144036
496247716
155515981
769051992
571009300
128458569
60768256
40058150
424739402
876881045
498694856
835736686
544570523
467454857
481735049
722493309
702950539
428854257
902046342
916734805
779861137
461569764
361397786
433319900
369267072
34438705
183010698
787971930
578394222
125864530
330255419
862015427
95661124
463644754
11703841
25082433
435247122
824822274
507562565
117941814
772050504
539053050
313666741
37579647
396157893
86100299
97756776
242062926
926498455
230472116
45270836
898317540
178518286
150984388
748874094
364082194
967303574
71386799
792832436
972348837
852432984
697577673
20559314
518543018
597659563
275458374
7742561
216796065
350675936
959720553
679153405
593708983
963407971
844387613
470470190
966180968
627870515
304119376
901385574
726831474
225990671
704868704
224388712
448103227
365759225
668179
960675753
62024764
357705553
46048280
972842927
244288557
372866883
770468499
543401830
132307472
188071723
711711884
541011725
21368226
840075555
405158858
445703298
456366505
864935121
520570529
184105949
188830714
845952690
907378755
794086092
466251530
598878973
443137314
196096849
193693193
954809008
192089358
355067919
27538163
407199534
607664765
211838211
159366423
661601631
82853097
755687785
475610406
236921776
987979526
997585303
638761423
324534373
69533157
728406141
676794644
412785415
907575093
16557686
316750279
914240303
891229841
294874028
709748525
506435330
34624450
707419307
131564712
861351328
361571344
163127233
600955807
163112045
175332043
18747507
5698656
726595617
16415530
436291744
74960263
81984045
473033986
122425472
185897793
513036578
419545999
481398244
16354735
970521124
474041487
83306095
779369889
27214897
488656285
822012782
519271938
571524300
452814874
842204369
541641424
806108157
453071769
347844150
625632427
981845867
90633253
979245536
562318821
815200261
64588248
743308768
463424489
54255925
878196502
558834199
376108254
509239696
431850493
396491997
549606858
976998164
812516556
90406398
677905314
683276028
227527401
352998674
150658739
623957824
703998912
155917409
878473723
235652613
13223434
710168721
33700612
932540959
175313759
265493489
149658729
544354320
569401974
760001507
772480175
235722395
674627968
657843444
908517366
578485800
410598765
77401886
963354833
442206047
22791650
31536274
192409324
201588721
73386533
898284169
40228811
691615730
378580335
583685501
4813931
172180250
397046736
522711298
60855240
415044292
969482045
79927346
175710933
197915024
996871256
846986978
139545638
688482606
415891525
966604952
157245424
864983574
667211143
836001705
681119372
742748251
260260190
187406836
116930837
483234260
696679552
81012945
618456948
690677455
669861327
362060756
922723086
604208162
960565461
108510987
322195163
122714740
41753091
806274563
599064860
773861742
872214738
484498883
381204313
908681094
500986455
703435990
89878951
110523364
700424546
701464408
814161712
146394034
92936188
930062403
585806702
758639921
288595258
271648715
513337332
952178184
437300002
48237922
771632138
433812448
98870636
649100868
450474206
556640776
619032665
714045944
839583158
63303352
180220343
15091161
566460913
481739723
124771816
163641061
82488517
48897921
754967891
661189457
529754377
188845649
234759062
98761323
427224827
890811024
890103892
297342953
147952569
830871988
787766831
493471831
365571935
670402440
37962086
317651407
993673774
571781469
749049282
960981167
308947061
462620518
8109433
640635564
892539420
529753218
483453574
47862548
943166731
716067279
601399779
793167197
765848648
531536014
26368579
515883354
637838809
579026366
217511575
525277848
582326870
511174529
208412319
106147306
152413173
615679960
990031420
357750420
98713146
551726187
14201619
926022491
264952211
75620548
553069052
809438839
622360364
525913280
572131148
457057848
778684943
667795647
301806077
416873443
387704590
949444600
45538809
243464403
17882201
109489386
253510114
538046549
183046792
743202926
989073047
681316008
488110331
976158788
320269361
98575648
554279483
115885678
171949069
688229955
278675688
936040412
229991639
688903727
354841954
932725205
12903742
221518830
868427397
478610224
626454864
887528563
233117811
35859209
67906455
472312922
844284090
728864688
905727456
890092453
38393543
641076266
119565880
793783926
351440593
36107634
47119832
972663987
151334061
199463233
115234583
31883819
11123147
514978593
577611142
799805850
6471621
324662399
746154582
458393292
297050524
84533246
245203455
414525650
772213950
370776116
853887680
25097345
624862234
395003316
234348368
318923433
255609690
562356467
141723678
961832004
111878923
226744870
542907940
209269542
468702402
735268474
125346737
811233460
66293274
131503688
342646276
446097089
415362055
106784573
78781076
625033763
372748994
838386113
309967683
725683037
223821510
647724881
290416091
634506199
910544249
422742799
644594454
221279264
578069418
104625118
220343778
920339194
812631749
495315805
529597840
804967631
165622858
437014112
248140219
148663724
