13 14
999784701
583536665
830774122
148379488
477907731
572641860
62608458
177150339
348783018
420463572
123949981
967653721
569577277
943464852
679646075
986825707
497010679
230824213
201981232
137242299
541563200
291081905
29052599
96135104
373001206
220347555
786414587
20062342
981653392
926936668
391274094
509987696
14523448
850099134
282300975
830676514
405958921
853173946
696356639
354015520
101502492
890204107
378033842
456894665
755717526
914881820
261407429
683614749
519073089
841538852
678275904
658172875
564710663
849871199
567006973
45552998
357897873
353443211
999744757
164124140
501074043
367565957
136801784
43407225
177231149
33447503
680012371
750675665
495945636
127781825
839212030
954112741
814150842
100020746
758531904
29152683
662867904
153897884
356318555
370394828
431385449
683477246
684369671
728671975
23103692
525439003
157928468
166113062
981321272
705009813
143547138
89193320
573352690
441369641
36067072
365287845
369142985
16607865
306233209
473327276
447591567
424739446
517396170
293594051
14633971
942449830
17402066
73938416
504959782
211478987
640764285
563859396
952176213
122224392
633627427
885413097
961804568
566678862
254493080
996068491
435574590
39543891
863223760
611339814
883296454
96008789
812957855
87296353
761881715
95195861
240074485
317484364
908765928
798188162
693007770
239702899
960934411
887531808
938639962
532482524
691888866
771214908
221712179
599151062
15328150
671222093
1060294
85382534
978077861
137678030
449020782
868150104
732252180
894915699
111600361
892737851
280321165
87041703
884579083
92889805
370167870
446227921
628999361
73518025
3380810
927444580
351913041
486695817
112412886
724130341
318972405
225100411
919244756
382523307
78313858
810155330
617641225
830258619
317133690
296706979
245661777
119561808
479224107
547521750
33408941
43893881
972404802
971394294
175342525
548987660
103220252
918790185
787181068
60211160
50815112
531545930
755046925
716161502
310547797
251206312
975423878
799976317
387447593
121480161
579615392
248009920
479649109
783787982
700178518
642357187
9024115
443489232
241317532
638220382
825803719
386306838
175134918
795463005
938790306
775768787
173378972
894560969
568138452
66757244
160922124
122796284
69832013
203938659
595609712
345519735
256636580
638975058
651550372
29756144
616080836
15897518
693695836
730296126
842889975
464106853
265909165
874619531
687678311
65951227
119521421
120549504
639476234
352554032
743067723
551709548
242677236
12920516
385240681
594604173
395033710
167182980
111966798
588924281
95412686
906258598
898315825
393828864
526143477
485513273
38519242
68542148
50480314
633123131
378336455
41291076
872594331
116761482
99841145
403673442
468509536
39475394
60184437
564988315
828295215
876965129
569869670
284499373
496087304
680759759
733656690
927055782
47941855
193434620
725091068
702579921
421003543
72415073
364693809
635164042
798970979
626038
865680393
139487291
942735616
992996151
11332747
390112892
976950063
73140522
148481919
717859478
204311289
699055013
25760163
117102533
74094399
817212158
928170750
220065046
133101536
789494450
596511969
516792021
420967891
9575033
174063160
798057550
201025335
626132355
196778794
578058482
932019111
551702319
251194815
247829203
126701645
138430185
842310886
419189149
150056845
36117765
677731715
744113917
142388471
286848544
403563223
176085395
130896118
452463753
711095468
462299221
936707164
807817973
879344278
440563953
181540519
140885713
958750847
265978703
460561925
865394186
840783639
186731388
625101022
714369330
190081570
557818029
786226912
67643214
814478035
306758201
232289682
682002780
350712173
103385444
375006841
324196657
913211411
127603257
353955799
913853309
63187137
691280843
515839929
468706887
13423540
119402124
397719082
256412388
933927454
858674672
164646409
65864485
961221590
786717682
726153046
52456916
88904061
797788728
776440909
267073881
548463244
619664180
688854322
866906896
203299834
911685604
858933839
33584715
735828193
595700525
877412832
922418839
108264842
95716214
502527678
579107392
807180681
561131239
50885603
966619888
368993812
931091372
879156424
174936429
186019216
155379682
110747976
225707350
454494689
464282055
635546975
93933070
3784757
988135160
57061898
868016110
91691998
49115184
47822783
854960333
62413335
461002831
438851393
755777168
872946911
959268357
883756075
137810452
349792078
518587930
650254651
437176213
773485768
236948648
12208740
671211391
34671217
64741511
23819786
882497348
835588448
76880574
852473637
219717704
758742512
145769214
228494003
25591845
711693020
10755649
857462668
784680526
786706407
620753066
24048134
224108173
833022411
881797237
758011949
669134371
431823232
145580085
710844495
884183199
801662793
30274417
866718656
733894930
594703914
564826405
623619708
766913125
189527220
834645553
62986825
415297748
733910517
109788297
793926338
846064505
815221913
310121206
995579299
660732255
180557726
496369109
984670015
908490867
526888742
844034226
125917417
280389588
44079637
88091927
112177613
49895087
505256962
174926912
182922547
953157125
37702072
899736213
845405056
729765129
524315639
35964791
108284252
512264240
155464802
425742798
851094048
625127879
436472141
49407210
420173990
611566415
172455476
716882015
148817739
576847456
220125798
377567386
677614063
256828489
667108544
120042597
492149831
380383115
958985109
700068449
349459050
567785317
984451268
42114057
425359922
92536626
330156722
213705644
687440855
445082636
313177732
21342651
685880850
906213178
449081372
230086808
408917193
986667764
988104270
1121878
648812308
520016629
360487839
132118730
714775479
992647455
324640577
197539093
336999759
907188576
623128868
212405341
510351161
35199354
714682774
28780940
178161600
254987069
331404070
662749772
263936053
77999239
20079139
598925076
719939414
157648842
487772524
108135628
306988482
524540541
435704177
486576806
556566819
237516477
114936736
769216305
804218081
880246643
798622007
51728260
130977299
471277163
601805249
387069478
2332367
367129967
263405397
181042552
456622365
591288520
791755025
357347420
40563046
862904254
743053325
158885892
943865705
9646247
713481603
42630903
194123355
729512191
844344007
194920321
858197772
176016846
425555967
152520370
667668207
987525415
320914557
220211294
682660613
175168857
367586410
801704459
841201558
697140105
803749611
400163950
473859081
302143690
939593852
759591265
449130045
178149103
457933240
885727865
419886610
496700887
540774829
598393011
808189844
283537021
937424767
522136148
743013879
338582193
691374373
44272049
82674578
638987988
722749063
652977574
808864368
236507608
450365304
287889483
776638765
114252475
8209675
130339552
667419981
383113261
884571201
79179391
913449265
402873018
930466381
661455501
961880496
680066611
585684749
64700801
86855494
199244665
247226998
450177571
862672071
434191216
51726906
214952689
134836669
816698326
406262122
114481280
885489211
982765318
601597740
47176690
516174739
895833978
923170603
220610142
907276270
389463228
21500594
691992404
193116405
147620032
688715367
431269231
472739420
679479362
309212543
467815844
374739070
162526761
304824734
187971977
430231529
405160567
648793310
364041756
796857938
366357699
198186281
99409883
261534314
192334450
101288317
53292313
38503410
432666204
559742726
947905173
441557179
9827239
481775258
653250455
677943762
353762206
470266478
775655176
34513925
404113906
383904990
966517315
50499121
583995915
107053000
171244596
20389373
11420630
244538975
272389368
947283876
811784470
135610478
451811017
222229117
663788795
400481631
568895634
528834066
22019626
234190998
109014808
24025856
57463707
247477945
192842369
558308607
59980431
188250608
157999386
633291233
678087882
691632462
76483486
768855435
267747515
215337243
989980439
122356784
912529896
356996958
430895375
859794141
34740460
988372657
601747433
600145859
361321110
596874454
484981661
172408125
809637732
1761310
634535827
636365241
135675276
835430440
466400505
295927577
859879722
927900553
920839546
877161232
86972950
86920825
325757841
321258072
570554493
330174827
212781589
286961773
250623043
426947710
136306101
381728517
989167205
142632657
468598246
709832670
287607013
838571278
941074883
987779129
954414874
281852191
171070461
751756062
706073679
904110193
827751749
505391110
217127219
919624573
26331276
101973637
357780697
249684606
262510687
421419899
493403379
357203810
440321918
675661053
682797910
893794796
866450617
29718755
145280339
689322433
329509644
663211879
463669887
418162987
625238212
375368040
107882084
459344345
881064532
315812118
541430954
161951640
562516923
617650739
73535236
876786587
105269080
433576952
120916176
317635236
133183505
482216391
267641754
739552688
801908126
4141432
658817852
596477477
223323327
691460977
267656547
510292265
126384114
568822284
140398611
531125484
892476481
77805962
294538857
962493856
301537254
685466542
122316226
514154099
813073965
451598714
504761896
643578220
347448727
733049060
41639676
651719753
629092379
770190696
667141830
72780827
12300078
335461618
1523217
659856696
23503201
354155824
532453841
502131471
770744399
897413699
65997504
758368456
260959029
62399729
327910630
212341572
593739088
939309213
543707009
86265772
475693996
914201815
495777181
556991473
884681113
821388452
525776206
518806541
132690285
962129562
120821762
963323606
568956609
517902705
130488832
172048198
791994541
986653091
295198578
53270163
338994996
809043284
82677111
566247374
190598250
402270146
802770080
255644733
509093428
423136008
986311978
713456854
415995032
191116680
290238958
543202481
873475984
745981423
121791261
919183741
952283064
832338479
944049101
540942465
971137975
323966079
191813078
551838062
151057109
690525578
292811304
36017558
842873042
556420072
829437528
769057069
80009816
846271931
674110231
908518896
568055886
950528366
402322862
813583513
822619783
947983276
970850693
92392336
380096910
761835519
234225384
181582928
927718311
577316136
417383965
293821038
457555985
33389829
687658967
366167255
632766089
544505981
235086878
489733050
568809314
573440000
910609340
899577325
644716476
105117305
926292456
72678798
876790013
424384064
69316961
796547376
74510700
794015422
936351899
155867533
514516522
508226664
646009696
740694281
139268385
101695704
374237183
459968092
777005884
159764617
880326343
543684397
314368550
320606189
445642304
105249904
681750642
79254000
837941187
101321452
888483699
151483465
105862974
153568844
138228181
611117640
747181859
988351489
511613099
739784451
487606513
28627959
585872597
940524682
676026344
923315448
657311755
272625625
863168637
77132780
612587575
678871631
535415427
401784209
31129947
123055104
398771598
928975626
117271956
871790814
220389747
97670502
139953395
62567697
567289169
316503170
172232554
295469273
643984469
206909552
60609333
480698679
51486689
484146341
966214181
49947437
46058069
241371918
55918164
553490698
949424607
668466398
972552035
722319815
306592958
801810780
554717693
582228861
61966177
720205924
16154790
567798818
213322137
418636374
803595208
388657107
776076139
569964870
836372485
548083854
52933712
776794292
467355884
663551902
847219007
474339323
19146303
953185660
907323310
868510167
663580629
513704521
690355708
419300750
883355534
160956172
48001312
291318317
5506229
789191884
535153082
407047074
198714505
254069755
715779008
299678888
889417912
306031564
135830138
610062648
519198003
41025677
170840673
828023641
721510214
968426347
367609278
608065070
967558501
955386541
882209401
114144793
660637322
617071437
315738255
537093393
589080220
287559337
690876002
702472836
141423378
580243783
82834174
664461530
585515441
413450914
15590086
994341225
67066029
484609667
938981379
14923651
201521406
782995536
490446429
877149364
45797963
946778910
915121059
652247739
25225194
82440298
53566764
455906982
63625222
116058922
208906966
81741261
281643199
526463109
467256222
218926141
56041085
679082518
866536979
632974594
29317183
557075565
201444639
787144913
156887363
9843964
606723442
790986082
400663473
189693579
535681003
65173764
859379008
457453950
836209018
193782518
214096929
78459995
423282748
174907788
151786705
427065249
117843184
114318232
305625815
604084147
22196143
852664124
936921708
535999390
936621492
628445506
946782141
121149465
802938753
455325468
728479841
522975376
370683119
45866962
245081031
808518987
866789
463664009
267892086
8893245
102705935
69595072
32410355
879907288
877518199
67174818
556497537
234923848
162119548
114580287
112132988
636067829
172567338
743990338
866284537
551777397
535462455
282353712
968236630
459132725
39462139
143190889
2502042
230445970
700219740
377966801
8659570
242653736
695459228
355109881
376432012
817917837
465751345
297753983
172336758
967284292
636154421
53526553
98085614
454712359
949410076
441162499
272536872
223783325
699995839
52629692
723238615
35627900
144374857
704902358
438927460
870183457
376085314
148123896
696202440
69260393
699942635
743740817
60874175
507404319
262472599
979768638
184138642
870195440
444956072
378354685
912848294
934014806
494670052
115257180
142596350
968478903
28576356
388219724
223783843
753452032
247696816
567919645
231753914
824806059
610132844
492032922
266333685
214144510
947250496
18488425
646734072
259448188
375732829
148024897
651327558
116785598
57724333
292479135
375567188
466608447
133545119
926581491
921871211
16798192
599842831
521907187
359023989
462480274
495547684
905897207
756954166
129468760
289693120
191515820
732167840
551608757
961104568
449306957
540129566
535573041
336234750
885986095
774665100
842612962
135414019
330186047
354876590
718555007
47106658
22482301
249201438
521608512
40645733
160692960
77641845
706041720
952711278
344687608
858835457
290014917
873913007
729923711
766665507
260311980
190734661
381322617
838522837
539449417
909328078
645417917
428934384
55985946
178764584
24096135
80372186
176095805
136745351
845486968
754276241
669315493
972082944
310047949
3179943
382080949
451565154
520738650
296093821
419923155
179667587
877076144
793034649
636578198
454480145
267094823
563837761
177536210
89770389
186448903
691891406
673870541
134782776
480919081
713024725
428445941
935704442
808117666
281882491
747768587
15166590
535622127
646483265
534140556
109645365
955855203
236119984
111068613
558050853
596559251
894871757
231019966
916997689
488385824
245673975
93734726
156945085
756560031
15916488
522414546
394761979
679293942
569803889
142521900
657115452
694570064
825151178
526915217
879425880
733817463
842068325
858691132
917413613
956229127
954206105
147137278
444772358
50346372
596930427
25473609
974358080
615300079
181293772
39583887
582886819
119864936
488441501
393997654
215121927
749610890
52986654
955218925
707666217
952656427
32838395
434223125
766132659
84411300
870150453
23220694
268601339
250253797
207498763
979573769
123625836
83454691
296233304
657739590
796324395
136528443
91898821
10091985
702908514
808748349
171902958
960709994
455777761
139295710
491169276
699556988
545308829
992529674
95381005
434749595
536199185
211653468
476747333
165585350
410132916
476932189
11354260
26256740
177921106
9334468
673388108
722747740
684006972
590093480
914903428
187087425
406072390
393640179
21056339
644481695
51603978
310238802
945508085
978361108
654548823
652954807
809964242
404758976
98837078
67876635
620771340
557319011
480265910
247886917
660983417
65291496
52030279
295529979
950841452
153353617
56580730
970859511
525274719
2593239
300479817
217308681
18668497
595080308
57637912
150112915
880180880
107966194
55753246
510558682
308761287
374592396
708094309
821441609
467746280
316425686
123567363
184615865
47572122
323434704
197466674
643585551
708769415
34224364
197942454
986145390
854937733
46386292
687832293
862471484
455446281
419746822
136483746
2241174
379390696
894239374
305384115
723816670
345780574
776912758
241799881
756865834
185775213
665056838
579120644
34340109
72360426
71152171
810318493
403211877
594088579
757775579
596797355
173839567
743125690
775048449
814793368
846583274
942108514
217513545
987481392
232867692
333117742
176240099
240203302
868262780
240276447
857957326
155833679
619154335
324707241
47142320
556107260
140844883
683825147
415885826
84759857
383062063
109905179
32383528
857478533
731183362
761702499
253500830
181488859
33864558
234479101
285746406
360729651
18932978
390050037
854614699
824333829
26805882
556591490
468321561
792755826
888088339
812434509
427861318
59010725
983879968
966530433
984379853
202397847
396872344
640505864
328421935
76165799
574355272
410502541
157837847
599264051
297151380
857864198
321195058
161925604
11615668
258213460
576283584
881892618
390609267
751293687
264928497
933295582
3770216
668491172
725790578
348900096
492908780
651735429
582525587
794947025
43644208
626310233
556759512
88379268
760771537
755914004
986019100
664752397
484536433
845793994
25672641
152399430
24884232
455265872
843957172
601141461
125839409
438593208
893677392
500960832
966539126
464241693
333365086
264275088
541150539
117225671
116199786
277702312
123612530
617750853
326813483
487950310
242932978
722475888
978253772
66806830
123192746
185807916
69942739
505481250
27375722
895162253
812244826
973801874
264834928
632884893
952929931
912632058
526050646
217104907
95343073
592431839
611645181
365665400
558971488
464067344
352747743
482386883
414637127
142892309
782213642
694147409
335872666
735976234
20046236
94683076
604507185
83578966
665743422
414985887
761906935
611902226
112808463
164670155
818364063
763118477
39468380
84161826
165714694
84435513
423936061
74894604
578950999
434953259
345443776
61358781
308485243
582481929
308403277
809017253
412964384
255466752
604568220
821630503
185750057
941683006
68814606
59977489
441375626
651881159
540205745
338981824
6002976
593424150
101693655
81826937
471207
868888092
773355441
425803967
865740553
781268925
399128636
358984758
478390561
134505558
845384814
28483243
96448631
559775687
718417351
267745302
260966100
476760714
96221331
2232714
67647652
84066508
88345650
571596333
685078906
659380104
264080670
185802206
836791667
329636503
528136970
402203727
849653911
420809638
95253630
280199373
109089100
794490215
228070777
929996918
427730902
145229045
64976259
40140635
219026599
606282525
343790549
694591502
80042038
401097820
830817094
50201616
353609213
266511369
670535541
878930934
613868133
92945444
425631394
195670691
676606996
510564963
508248266
976208998
7053320
32780284
132828143
38489482
70548490
520063076
659631500
81979441
888436866
189443523
954609395
45193831
362737995
49099363
568861180
420212798
198306636
480773957
155521812
335742436
203206525
651333799
924563140
491115162
17399952
848373471
45426056
264932087
846413845
5725739
122657506
27474525
969880
616375321
157728266
3643844
343760218
292599839
928649224
691520310
234462865
253663289
305693569
303474641
873797435
957908900
220858849
964925350
14888233
665556971
690379349
604108043
440306489
777143450
784786957
994358092
149676488
469034690
654575402
453973590
382299393
281525412
480335025
496834413
899902448
605804563
536419733
911777413
378052478
678291447
89847157
482918512
992316387
292942339
916146181
238805075
75116252
589172884
296974418
81426151
93870491
823011134
882627203
321230022
531204335
177994294
626135900
709817375
722797582
597032752
456687915
130954215
757962004
755342644
114478304
824162132
211113697
835837509
214345990
619053548
656443128
628561336
998740792
935430695
699725832
520969079
653760094
427585033
971102758
628372481
53671463
868592683
588057212
758023286
11058363
215472086
596160641
116450096
765406277
291245551
991126768
500112615
341129144
399383706
986808644
181612652
775913054
243881750
931318650
564941992
38765386
130239491
207785576
635745535
871514884
760649598
231033759
380947526
488938624
753259617
60862784
190931376
551952776
51170443
638522430
985397888
113713476
648600416
580165122
963385784
609295526
104967131
50505574
126438600
302488901
123217826
823229645
404412812
539935341
43245213
86358936
262422130
502467327
269266887
783039
52228119
671617768
570788026
97092027
614103322
671930436
341802042
628450057
491787763
806884499
869786609
329560615
887681182
725665282
252179674
396648218
281539364
911509055
838374504
560915948
235875962
878916507
219979948
348333386
268291864
351656799
303118370
439144740
46528322
497131432
642501718
92418865
398077553
64107979
439506406
324463882
311854504
859441010
618125672
893576293
40655367
384899560
118057276
580563690
527129131
585516789
235482753
725243728
930382804
211657172
104655739
964793853
791714748
211512523
192282922
469105982
334326792
687011899
742485985
866072530
924132045
260551661
455377856
108397582
454401869
614510864
908730952
712822566
66979747
65697483
472399478
991968586
387113646
332219272
83068000
915702778
27453506
886517766
96401674
757108444
151303471
255845317
75048776
80919682
614793478
27001419
311252677
279304101
975220163
495515134
652504722
813879224
70397335
523360977
384694579
423585424
100875567
41885172
231250913
895866301
238910605
492977072
176036456
624205478
812410495
878887821
803724922
301347489
70566308
566867509
384255760
16314161
868479591
716681444
85311851
701394308
942875610
59057359
340461521
818911582
165043347
49145650
751742933
519933447
19191154
76020556
184073942
254989053
648329407
783041284
865262111
307815181
331263236
452887399
703140981
816061814
103856641
543211774
529795385
802327211
552422858
99263777
848976091
668427761
354109203
195885754
108070425
221666133
20970470
465488701
797362147
227429895
119437958
398951533
205676250
55829941
180459197
845275041
120365068
952031331
219106795
303148567
761320129
283669662
889917891
910362184
965809020
695155837
524107191
567801669
797460214
360006417
43299595
440305166
646386499
645420576
253337860
500915373
62827813
190441698
123472158
866222291
545860286
135650613
813903281
149198043
600053398
642021283
548641300
730589505
166982386
219901060
704157805
522944032
272095758
598180963
646193859
955979405
542180421
505325023
981687432
484301962
711041832
713810140
523500961
893611836
757236290
517054215
593916203
751706115
972940544
841973402
777006716
341650153
598471087
205191851
74163651
769692427
383665320
327153354
743457223
878630767
712078806
810117314
987473641
716072253
689559708
251192712
506655333
708263180
202221848
412810322
868920452
953330109
899402430
838291827
40382346
513915183
976844810
945289522
90190134
49178964
366763006
53389799
713498698
72148936
964080658
557294026
624961481
939163078
304156444
431869623
448917658
456160093
675401326
90892601
156442661
429858718
926075278
572352929
980528204
173052252
668363097
703105142
806629560
295120848
81143704
551546397
762428696
308885050
491268350
821776157
325041756
628948904
14009067
852908461
755976491
228716997
118772071
470002068
922402308
515131244
153323703
403793409
363646366
678296718
629560982
32064703
920204897
29644264
262194733
182243963
929913765
967542889
819300785
98996083
426479058
964575286
437999109
227393354
997363940
720010545
338133761
605187557
180965905
732679030
182608128
556083908
512293874
867010825
966155568
164431789
460181892
565854118
894255492
612464134
331771654
590898230
106965508
520449290
534999327
9409648
131019401
145930394
953314168
500839413
701940481
209928818
865308816
406624616
152109847
793837554
134726566
791244573
851945160
513350795
138902408
532433469
864724436
353639894
751759170
628304828
975584459
723281887
899896455
829940280
89078839
950402892
646680711
599792398
854954718
777911090
679877648
118280797
43913067
98449482
719023437
86420087
158979393
684738116
174464534
414755029
485038983
79665236
746376061
703054406
631257511
511619216
784022273
909563025
437971624
592273629
29170719
270529466
903646886
259517464
21687092
244200333
5894988
893913492
41831768
454662604
368507805
881028928
645175384
962550681
670930463
964645741
25570606
503541109
980219832
259039610
161047366
551690012
3107004
260848478
33836850
152193280
485930709
706916315
165707418
790235037
733678029
744854169
327018870
574323038
142105615
185682858
876923478
354074474
584175427
818877635
685824848
510786709
461015131
126705575
558981409
926581375
190882835
192351904
826943824
620993846
671459437
51880970
493036714
343003686
911254015
399582077
543246736
546280249
711592316
989736154
501990478
97212813
842995317
475083782
890991058
46368587
224991947
665128262
435095674
67396230
67094020
198531226
172298238
159052342
464015899
195191397
998157706
818578153
435211948
239172466
811343778
321205564
720522258
978269708
725970146
93909109
787583629
98303291
696596402
486197261
105341531
792111861
82998002
512897332
786696036
788577170
555136972
89136748
126376115
197838305
411833260
549174617
836216526
73679434
815519292
143993963
402795712
690784284
297522290
111997384
498911034
57127940
526439064
137735556
670384611
97089873
265700743
957259648
264420784
365428904
154275330
31940180
111576288
500845552
721654948
407440136
981273363
835994842
104493607
286808596
82909671
360828183
588077151
653099919
668873822
585583988
715147803
43905234
611941489
434682364
815877483
123613842
557680992
102327956
781888607
275199046
568636575
358886970
806373931
487486011
251670680
30869101
800949897
332098472
793423618
857612334
807313713
922236914
85012719
246909152
61878147
453378867
441731770
842136923
174023116
540537616
886538183
259782688
415689007
967186439
793363667
814376024
623367643
93962228
862933726
455904095
770870163
663100372
955442378
186436972
710101375
402132711
767849232
822688093
15786713
479170319
634324901
580946650
927354902
785492252
322927781
109698587
742578463
115367851
42310847
142362505
264976475
865836319
42362051
443685864
8641377
522011423
707651489
678737765
861064987
961936410
136856335
81935429
19982717
488580927
202779146
486178203
151402788
256119777
439397223
805769032
31531229
5804758
437462506
572754111
588400488
779512842
935379334
608882586
487246546
768078571
933464694
146295233
212024253
259921460
319095147
401592013
780083542
610858373
889133931
170296411
579533087
475784239
692096724
243159819
699900363
499471740
685867594
602693740
997967970
512122340
649838391
956939711
683812356
833627872
100332058
774191522
577931249
190407221
725615234
97091031
838189968
532676289
356472131
524686444
141805730
235279185
598135294
277490039
332989600
905181281
191756370
743654579
176794882
272475632
710140078
45823008
402987643
8124084
56200198
221581341
268735500
502621202
704237738
681017401
686402018
137308293
382051098
388324010
138163133
954900842
460104759
47525113
959151361
906591817
56678939
436366307
359626988
506919314
467198471
52459328
493508253
903406230
147832659
935179597
584902970
395733718
28754321
183296095
275044922
160797534
274370382
93402528
900136301
43526432
17497142
6878111
788327842
47847853
334129679
508868867
648309269
753256148
192063930
425958900
943105033
220344045
559002821
348686081
42748562
207704010
817376856
12990772
163663665
73970628
328408139
88893158
445696160
983537891
47663524
81466099
593754550
981699778
754623806
118138721
960665940
131486571
460098167
525814421
701675349
589183366
665731727
600867536
290549800
410034729
177990579
606556469
527761081
269522055
111248106
107927104
866120931
784694810
494319337
92092422
845573634
111820269
24447760
473187221
94952888
818820203
575672407
699940567
909521090
59225808
791639645
281802682
915352279
129586271
117052015
89452151
898690723
586343798
537302395
806626206
161169486
707536401
699347505
733068718
937153978
909379389
900514205
679827694
394471861
301773805
453061664
337041775
14064963
58401954
380730116
777737964
226691386
781287692
787318148
697914766
637871362
720166693
209916052
261379080
688414230
150654437
280555656
166298965
384392686
945138408
100502360
653909564
814534542
47259313
143197775
341232570
951483108
841067144
211516052
919235977
52665320
326489741
584770795
900637652
513966230
82429939
323062268
21999016
136262563
695469834
64072637
772194579
560797779
4481416
722943465
53947475
706033537
586372298
456747799
790751418
764083889
225547528
298197121
216165783
183430175
53844249
481571005
383038642
64659700
174495584
519819497
427707344
499852677
710088621
766758678
726012478
499838041
458018786
565994762
433396031
789771464
558087738
414910876
264059011
939325564
380029800
645275934
857188240
16144818
836167221
822130158
312055265
343125138
124526931
214964713
447870782
306474400
726911616
289634791
243931963
822197660
587229512
591522461
537474923
473027835
109823348
388552657
945245377
249914788
227508744
707693483
731073177
956096653
474689828
90891797
848652849
756275510
920936839
682420562
221605653
104966848
890300390
593723358
816130556
893402462
915434053
728828432
282198712
214009729
822292693
493322368
516185180
73167381
380839069
408276206
666629091
936282623
400446135
358410724
103825291
921184443
602476539
468279712
42961324
440943172
216344100
124941912
570230595
609238968
186412598
753675334
884539543
312818614
451037155
136018989
128293129
515188409
679653242
627034268
519912654
26327934
880779203
134127106
9355645
66046344
244168897
145658429
265294556
417843240
675886006
970620757
473161400
772410976
640387981
618991282
863066986
127308228
375034721
158216859
169771695
586062619
892786414
508108847
295375145
525404880
272237518
56182979
632573785
135989358
818457407
60206633
766563991
543669974
606502473
300528444
773387580
131434827
741214326
269397178
878834683
250720941
40784702
879710865
66328908
23999316
525537290
948108063
265560914
367812548
620556386
256824520
742924991
952113418
590600723
916540111
618627069
455998201
48955482
103301569
443634466
853779834
293962392
307928343
222683931
140560597
567786007
143669080
261310829
741459131
941242359
735149008
134230149
49308339
142037691
68134438
721194985
63864725
940178288
627684811
57826407
602054023
839531977
461716823
736124786
44024016
222149282
724864234
85697042
255456753
327851544
262595956
372104642
920870009
138994370
361003295
88258242
776495658
8359861
905772957
661494339
704504744
233639037
896366252
464711430
654195250
80723996
782405247
264424259
377322028
565754263
961563362
51981309
20514141
405231636
92842908
539892381
960720485
430870347
381927339
280232922
769724990
428899743
378385356
928535977
909965843
600610928
516151970
627002145
514569043
583292415
300286966
319525517
950454437
633602194
696905889
669542693
778752880
887671126
714498312
315892303
75748005
983808959
465855409
974967936
426651706
86983805
906649328
26937555
679175710
304703360
481344622
458667881
14906468
184590721
874015045
175865551
453767557
874386486
879849271
771299912
2371491
495895003
842460618
557693701
414229478
125748927
22906538
83467581
91487315
284045052
508957793
631760911
384632603
709199641
110583942
837639921
682761037
709872127
975011784
414594351
951075633
31402157
707579592
345133067
42013887
675375965
609512447
535517451
203584794
103055384
605681590
817725138
765614750
14141851
442839960
311329610
910823096
931271021
489444486
107222864
31743999
956948086
365140102
579023396
680213444
885015717
47693695
986977584
74956886
665633932
70904180
414258551
854023000
615231483
740937529
669757323
936727324
384295939
244670781
217019312
963351955
695982673
946097396
130301480
436493422
180636548
290469187
54980879
893505107
877541753
627476713
118280412
46227267
577061518
244863179
125588955
850152256
600189012
553835355
122299396
213840204
217935893
9936507
920828842
589608088
102980073
513810589
931736878
151688792
35741120
704822940
100861983
391803810
476421667
130116172
448881377
28240800
60879912
943935037
800289089
235859442
109378534
63327634
411331840
471070025
142147411
58719531
839908771
335604369
983694169
622105987
879712661
903625999
540171499
452494028
941478134
974782744
186883286
583996045
584886486
697206559
627931371
986895101
31961940
448179767
634391305
420654628
917800157
722292839
889156116
77158409
99852135
186502099
486231410
2590161
954507352
505726756
306724343
399109223
380478605
391451544
806357696
724309535
73645136
638757530
515565843
758015566
380832655
833253088
134031103
651000016
88736199
415842745
312448252
50563642
30170369
608000689
182141215
159174684
261189561
605025030
346744365
247472872
390887814
669406253
382185165
684205338
71846088
798827548
258494840
958436333
124093299
796217640
472993353
476971286
697801472
537829462
237533786
255548328
169529819
516441828
143200114
647084816
916226165
128418212
751900517
402608992
93001169
49916258
179142786
868016646
222318082
196625745
116422651
214949748
435197830
13287069
324029120
813979786
694115839
431263983
530521956
584052846
469477327
527945866
320743287
610590495
814975344
10650131
491243141
836127622
851572776
398410635
50057745
470016966
710592164
4068551
392726095
733019056
5422404
298670210
808845126
466125482
735426228
705347100
57372635
749081045
614546078
160248622
121492575
815854846
225373191
277602939
785929429
192316250
125218513
696557859
189785105
789231504
27199437
152133028
80291595
672761626
646375174
577962652
63320996
697885319
13156981
41556333
29501543
255682476
316428323
327303059
82778566
106572397
617002466
495463407
481850643
497852530
153151863
667098034
30973289
779835752
143082373
625489140
841363953
523977990
208823440
684623192
882124403
556339344
982643047
540150387
214623056
894373459
52828225
94806757
376793616
277731386
679702518
799020206
588846568
263294241
158687636
16505101
832123057
751992503
404249555
151822203
106115074
213217603
98698781
27468620
948161592
598188784
915804776
22907335
403342575
969492396
872263085
768180095
300989432
393950803
166095297
949914076
122600499
406171571
342677597
998918161
51984442
214519207
754955681
429282224
4642677
928835130
641369994
226646301
577385197
7132864
803412881
50115109
19692444
207681165
751656148
365551743
931397138
726682319
411944645
900016106
945236850
502311376
832498925
89925001
383981943
564963711
885789808
140166982
117964837
103190241
367896934
857825560
129838526
102251275
490392840
11416922
711234594
121668273
859426300
265084668
189367003
507914593
707450513
550372974
355275415
304737733
562729656
256554286
802344709
8505467
370655431
992036763
182451377
250524552
133610710
346728256
478970803
898468204
911181840
811930319
410965977
718502753
303534680
553177739
434563907
800798221
501028681
682263832
757511689
141992852
430951068
999154370
548888183
871567067
826523173
876184477
262359441
175265536
713194
294304953
8635837
925208288
92161894
11400366
486044718
762092587
551228881
219000485
101345762
343085051
715507704
131674513
256179928
636654376
27216679
23357355
54140390
56262528
828855046
72639787
75461404
407038974
749926598
736359591
480490345
644441242
284923855
668841473
454019149
524323804
34518566
490291533
671921294
253291371
152999186
778473735
41805507
837112799
62261200
113378636
650359726
10659922
977403957
623219747
725812175
64488402
652100656
568894279
790201785
462955089
445782399
490691487
976179883
730321886
637936325
614077091
729977256
745426183
737018812
728436989
823326785
579758030
986585807
454328886
823068455
392538378
979017048
112943552
883028586
299184776
912174722
95664806
452782513
13557057
169945956
892187055
29474986
479870778
88216404
567826986
211763974
164765279
114868204
744829644
11095477
552331046
546653797
589913647
83224332
906876995
587572605
416135265
630374047
88107361
895002894
410494036
400011003
164651262
53606422
370432197
965745229
496625231
41266437
62530734
35541022
11711621
55033018
255696399
79920953
160895977
467006319
641483328
943436165
51753026
373350363
106152765
597796906
706816133
466161853
158411705
836648595
463136983
858510045
43591430
444145209
129114710
198219146
653472858
770539357
135693779
166854793
206488151
158588208
588375307
814426679
509899612
447160210
124894325
701151044
806051758
76180782
732161264
339908094
929418251
383797137
313551217
54843524
84461536
989994812
290404604
6607180
169273206
517782249
117825938
568629806
702342945
529392933
655763804
270452569
438955654
151969681
873890524
134513018
893733145
336652298
668606993
426640008
50580062
537929541
469263192
654552149
975104184
871615596
549150291
825202630
470706997
760070757
152154916
929763411
399130898
526049321
168493767
632787879
579759003
828458734
506051443
87355905
471567145
423328540
489334290
266266888
731357219
899144326
616098203
729565180
94605257
484066334
506865661
959523397
535566116
417523638
877440378
3275987
927240646
503807617
24257635
844610891
109858405
662816537
951475599
351537886
449393658
671983300
491843496
6134781
143741628
651964828
209955693
953978548
286507206
191150893
269086485
774209952
820862876
855930031
933603925
132760428
644353514
384926350
638878957
572334452
318090383
439506868
533096319
416116778
660314012
932102372
34197790
116184086
789645427
87617977
21183117
116354306
455133511
318731187
101707819
729421687
563162659
492968196
56896389
359036762
185654329
104559287
887818806
68176907
57109172
431733181
882529921
990827027
172857926
126311603
265450419
872771418
355937419
341333692
884767029
215420001
505893874
37734731
726885582
501605521
56565434
488709260
911725787
868345792
438824161
975196875
257169724
934857207
927817774
42598973
962024277
510470065
728631040
189879211
163937804
138877830
101522395
593989673
704671532
147090488
552660017
510313099
819817100
21503427
825720700
118006104
245537138
539011670
654408237
910866160
963042147
293112753
617122968
56935759
469413604
821139573
216641161
920822796
998778016
12730680
861906843
166083344
214468112
672353269
706403071
392755323
607653865
470553580
373914523
49921914
650988085
243409785
295669231
752091175
282520556
908052157
710721682
85053709
110526172
21932473
655076202
203458938
488531173
922111229
579893489
416141134
792695682
627653003
972165188
328917780
205671289
188963995
56812201
301732654
616433776
736672297
134879972
621536401
638656759
806459752
788497824
283257001
939793131
687819344
466112603
436779225
486052896
256155697
222672596
289287614
29847410
270629377
776839527
313783688
274985474
197186384
137042609
175360573
83530141
176647408
477650532
350230711
253858266
113231237
45809308
88309715
489748237
98195667
192876771
733843825
987665110
479536842
878017738
464835266
899824693
867000766
99062552
914424379
424541462
491345199
367341717
968048424
477780658
391350385
318049892
744248902
787551335
341606932
444463611
673486095
157316972
684968805
323189711
463395732
100180652
548365958
228420111
43037942
489673930
705450683
161351089
89640438
53526516
110805193
947293464
418596352
140476940
869778311
530824743
996203844
141920283
238670117
343465842
189479946
600000649
386127817
79296722
244184901
9185284
475078716
921019260
73680407
18115860
597029153
781795027
764140300
707090660
128699069
876464115
603616576
841245742
260478872
663677433
689697575
878553776
937725978
204835007
106766330
845878554
80897952
497832542
122839190
438767856
60787077
180170830
775990147
879314184
639859910
260910444
939782540
485293078
888676758
315094358
262739763
765107019
965176446
460074533
389855806
529667821
117259458
285596467
65366120
826187620
992861285
45352740
516627773
283635083
164856587
789696358
686199269
57219948
362641159
482185996
33487881
48043318
411858161
280481987
5647836
321530750
904416893
26164414
286028518
657875129
344157686
728587660
666730092
556027218
262211060
656976406
39099855
459939775
883415175
25726196
16401893
149984233
284602352
80596442
184190443
732345371
368248816
572231165
582772976
829746018
669234090
306580478
276213565
871530132
279129716
396716113
435011646
402994851
115285673
532520963
756132292
326429864
187167093
621377848
48018977
561905723
855153784
835189155
505511143
724913902
324062349
668927603
631923652
983659606
123442064
74294920
486001645
169902370
578267625
815862615
653114540
117633039
450542180
971321873
285498658
618120952
636767782
478327262
470812030
768407112
257754417
722573992
667193658
121203019
459502805
570080775
278902373
144914520
269508253
541131304
366176704
520725460
271334102
744030125
14713144
934116639
639496493
49049509
373461799
912542420
237991117
822334765
390940409
104502397
140266398
51600934
971164575
788903983
674977554
597710409
741658620
365803095
395644853
732085767
618043375
535548652
410913196
851667000
693853467
977969353
327939998
246905369
408486658
115759155
715022337
368288409
309072502
66159699
101800502
318917317
48954963
560440198
767255523
607133511
828597758
451889366
537069297
474565000
352825874
136923842
790178915
113061940
645851269
632038993
451063201
639829355
612930804
791959155
158975085
83336014
915784369
692283203
234706745
484097532
552594377
407165846
529580630
257320940
325573052
126987481
830415898
425963918
684815413
435865998
460372555
426656498
217023420
788980888
581180676
621410059
18909368
142748701
493133958
76583123
362203485
823955486
560819349
196089920
865075304
720794016
841844968
601786307
598175605
779741404
860642767
440139801
91872665
556353306
303176674
392894870
541951221
245928764
645889996
9982910
181471506
628408587
544112511
705685395
40085008
832561535
723888818
68746094
251004751
842782722
126204642
415626087
575383833
112830881
600166646
210644498
320013356
254560185
201903361
897589608
727451396
854296778
50995982
586945712
98217063
428086327
152875111
389409575
964771351
146250702
12505131
403284989
922250795
67275534
753688187
491804914
665621852
987285546
276950641
484028678
439561695
168683293
543830010
95961902
58482856
421888982
138993246
354923598
677755637
663240750
803636300
103771343
70719078
490671132
139511887
202553011
439279371
87301707
758799430
859850476
772288186
630614281
43632731
299046728
192197003
355738769
609887519
347256346
389820152
508324621
100939170
714773467
384766333
715508986
33743836
96219160
82747113
150295324
393455111
245215906
127418737
49600771
685169498
866770022
334089966
792389393
40374059
188713690
130178265
29827797
921776221
39921491
26936129
795689145
776228624
995423613
90408066
872176587
704465621
206900263
550076668
890876321
222335777
997204219
904785091
218903093
796187376
359265000
565254840
500313636
821660014
391582102
698805842
378165137
309342813
559614892
386745994
169232954
214727555
389545365
100544686
204744418
32839937
436516984
341419112
970093741
908264600
251156750
99979850
734851171
475693842
846130370
168201926
554096415
954354019
746366332
79943672
113640942
933466163
882361596
521048591
309020949
125435264
718141638
762904033
339485692
124629128
771238884
759501716
206024029
934839493
550295315
645501128
136980058
212880827
228475720
533196241
918771457
412863535
792563276
951853808
536268822
374839677
253264016
880086749
611823382
303076796
152357606
111978227
492983014
525955681
622421746
935292801
482195555
946495216
16861021
368981547
163093110
120665652
71580809
52562165
451654665
544042324
411250201
795555821
707909928
25714178
561741838
866369025
601294888
68971218
384326454
69380510
397032307
322031851
510904173
281266766
231286926
830674664
165884540
948882942
380719298
419451382
248705227
936412309
68606849
23857134
929970283
756702331
54564378
308114521
486986157
724610964
351149076
557109160
211568210
2570788
619545226
357444821
478762005
825525944
709308533
837600713
113615650
258124114
310937535
499944625
103545647
357292167
978566934
133752547
896875766
628910509
824638952
938304237
310570747
941036676
135528284
99619857
974956055
51380753
173775711
568136701
883369281
810930801
326892073
392753044
102499992
642237743
46849503
1042639
299432291
820229112
110901122
480775266
289761901
257666800
943102683
422617193
41046178
5158264
989949667
332107528
773735047
122284832
123064253
815082099
342562350
378626627
896262790
700930494
10459375
937749359
7655247
534339844
322497325
402077156
77351052
735887646
262037577
509432955
312482986
990531280
701016293
51124544
672795537
187654151
703100883
74780644
3657008
226501646
895854158
415639845
471046039
618472875
483270414
169278161
563368227
483125002
695676918
22557663
405484660
37770441
569657313
81802088
847427933
711380839
332641960
957452956
892299930
992467419
146670131
425915986
195369342
582930772
822866165
252947327
147564236
191152618
211572934
29249038
43849348
278069749
691408296
775070545
7360142
35077291
5475370
945973725
577867505
5741915
928150114
535965303
227980271
14614814
107743975
301557587
303694365
122582239
689111392
789503548
541959394
506544458
352959690
186767357
461057678
706338016
125300594
625125040
995976447
817100672
782170207
129743935
484766812
563347384
365148388
387483337
684873946
134503568
218001839
103623766
912411351
502897957
803515369
258057204
154963879
569822244
884866007
89618799
75719760
384262106
464252439
42035155
502645534
192274429
200580466
619950291
422627566
947576912
57024367
910278384
44019978
48513431
112412701
266277160
152892280
548667267
962031704
765159569
146020846
906939511
676548627
371335334
677847834
975662505
179464832
873050723
254634248
956092516
298953633
96281079
351317451
526591513
35797280
90555221
97142527
46700895
941723209
826416733
15003824
206179572
836854028
361335070
164816258
184373974
488191597
108951597
624963418
120435624
323149243
794263113
267043252
49670027
125635903
612604562
997629548
16995709
609521643
239078399
655773092
210004451
893353113
515285660
163806745
487911306
871649773
906014310
546345422
716155086
212574304
65720976
233404572
213428155
91757177
669109523
67729065
870110168
532294847
361506124
740064453
557456042
898083939
806249346
594219814
461615343
199877638
19824112
338339040
272267253
814458447
318788638
24411150
346657458
890302132
7207212
401070811
243329084
684394268
241869079
995060303
709591237
436074717
115913350
413914675
712693345
874385344
434445813
16177856
405186492
147259823
11827992
335569261
893457557
788163345
132335205
271695971
904490207
804098120
529922855
109956959
835642953
520018472
118106515
204427139
636402227
726994316
18899646
232856335
352266362
376692001
114224377
515885024
967546928
138360728
624411743
430227143
464019598
307469627
853952207
323412738
974635218
691683224
593240570
449152019
144363772
112611901
211330365
734629783
153556167
989313050
77698771
167132363
84030668
146573847
850412671
69192184
673038400
875960564
758205360
494365927
586445948
506435945
129271246
616078934
151216525
253271517
417451256
227861115
635922328
359754987
492749481
543135170
460930373
300490177
188613598
128293703
458408290
887097637
540738072
356243223
981190041
305309417
96387522
729767875
775993058
711281510
544599482
59119628
906393610
474995734
942938882
546044696
736609816
694542435
463162152
664721858
35579050
993722026
7506577
1289422
934517558
848941689
512267072
442471581
249916512
390942491
125394359
117649357
580547839
16161178
44577637
239563356
26883609
980546409
20163354
507289166
414778494
26467225
766225120
363483421
847719131
165116086
498024275
39787827
810327698
570664014
926609712
666000747
724162090
130599256
160190769
876551092
343759909
800814887
537097491
914624636
325770869
479718579
321992400
24582283
54216125
740162161
813236654
229444868
771446237
505050908
193778299
10731256
259628125
525524992
286505682
360233358
610024060
463037151
855008971
903561371
464766942
868047404
32436880
158247581
803772280
455157920
551819635
963998415
495719842
344747489
485168688
157132140
353100472
54184140
916970398
661013642
36265217
942239086
307093040
996741241
910337915
257718788
99565079
355828514
87889884
799968451
366030924
275193133
857429030
716591107
700037205
191192911
721339108
922501681
375100749
692902687
733708096
800263193
502628074
919909006
695658533
979978259
76546814
151579981
558929392
81338361
176223783
858315802
856283474
317090461
351804228
239906772
230133608
755051194
213303978
357240212
333940618
5221635
326393524
423000502
546911806
964553533
70271568
726487100
125982491
409151201
830004233
480569740
502488583
666083806
653622100
284311858
21657636
909667423
169751402
295696588
133620979
313133124
104109000
993207148
925840261
772530937
592297985
707948930
453460159
814118019
428629404
30197694
378917276
298204733
303797573
977410684
909596265
998448625
262604964
190228598
825166004
46537850
813727060
41059293
952740246
261971847
887917101
810131458
23553388
127955498
514875037
102016592
223842589
631231730
181483580
654627057
421161101
634674285
469967151
120145464
890262101
307255329
594490843
186518288
718566407
992242366
28409281
99263941
11395589
336288665
5851185
917382400
196986307
460652161
157447201
595444525
797064497
40098570
841552816
996153806
953510295
666722431
890341167
315459009
177674401
528461977
707960375
166990698
992792208
768938029
557635036
810573543
88068413
749604713
104276217
582450087
824232811
64706560
136458045
731276908
625075810
23507538
158535614
673864051
32404378
875682579
289903625
500024288
6036388
403502043
35728617
25733171
773633299
797844842
702763714
461978938
303623824
768402771
439225723
853953433
961043715
805796718
416673751
338992250
36733181
583060970
126152509
233478110
539840902
610795856
39171097
504957541
945951134
28357423
233349383
168123971
282638200
449277988
983679561
299563180
76541954
875529143
559398921
103298277
933052612
110127790
547749435
303568433
196521140
890841483
826006413
252396151
110004414
830400714
595044532
951794483
58950850
835404035
995170401
169859481
825944256
455004921
378980217
102965225
318818404
887475926
974734061
530131248
522065196
385479740
199931957
708271645
609027856
88919701
288164791
411902133
766487530
24278477
781100070
80877201
701900051
279359720
782478234
987653281
69905288
616516839
571109864
882454995
480775422
605361574
790455640
734452366
923732774
16986540
639429561
932307595
459800531
5890243
55062199
453871865
438634715
101041363
733037056
874659420
38798890
217263158
927257797
185003233
535221020
278814001
12160458
16286105
894846313
900481134
675522376
824256521
520466520
20304181
618062227
164336193
946025739
597051609
8183961
244274210
496629114
341675348
54739896
632984999
38156117
875456879
759773208
732851446
303588049
739900001
127552682
786256351
7562067
832962044
321939463
670436218
796050436
382711069
154272586
833367953
83671775
26952608
840422596
616690326
634681124
984693915
683532570
476851383
10929978
856836131
514966721
217553236
855493620
89686193
153630242
251349929
20325956
778493823
244173480
499389656
770643229
66642786
59187072
695324599
860790313
892038663
303981774
827052456
838205074
346023478
243252901
350784545
403112917
578736761
73020683
274140048
272002889
584759474
466147582
608498854
985221421
546349444
9636612
753517990
885849604
199533626
434233324
316230047
519299035
177797697
812430552
127178824
176881563
730322205
13525280
538967394
552724238
476265458
79421172
2771020
455968675
829958247
464465417
55384865
266342222
46926527
39447153
623605371
112375762
141632109
885406706
745626660
190055312
379287020
334621063
440671669
57161132
398606398
243230810
120743907
825081664
883083087
204152783
801204438
249026761
784038504
770066609
898236459
249544559
760673545
906587579
34762590
302147827
984456280
721714365
866350131
989346129
553110399
837784919
85711266
34155391
118412975
900609559
120486431
695383998
484712301
501709851
105294867
135037517
630205700
477060796
328166856
115636687
68384539
518422634
992187675
358111659
224631986
413074529
136055365
942579784
110979806
385565424
18211576
298362323
992315377
984017836
572204691
503299743
818905930
204199509
516890272
20438827
41176091
686354181
667790208
628655275
429910466
866936448
877208205
693871527
16538990
78615139
878138172
384050076
789394699
96655038
288758215
921748965
371727150
768468103
43161925
81335398
606278981
594352778
285362586
710522838
230784104
179334339
447853401
337654029
475342745
309739663
867458432
786103889
933645228
953352664
261987059
720599249
20497723
965580739
216490089
109663117
857138328
631957816
238976606
808837177
524263136
47223011
80463597
485510041
155369876
244922919
443139405
21124175
669099008
854402494
553889515
438759045
56968555
658850162
935974281
342686688
635183818
327027079
144691026
133133564
337503874
248751975
132661064
3590311
164711922
81805598
555644604
329756788
29830025
653231082
730895826
499430455
701835870
23755128
824518595
853372733
92859118
567492450
229644691
294627630
965216019
267229572
130188631
29894701
909676439
530873094
133129689
291747238
44464797
483032417
699883125
231721583
600151254
222804945
698809829
345881146
490794612
818375800
30938768
201273560
69187620
1244677
244030045
119628902
139918593
109001184
917248043
322112452
545761764
753091955
943583632
726413414
141560084
156691813
377648899
382599047
32047957
633007621
179277045
195951423
635529100
723728655
544960393
265711968
982791866
1613485
886714632
294905119
807682548
59441317
582070111
486288312
491045454
848475705
341404542
264468965
781704805
236339627
862062644
173843285
784047718
276574329
875885341
991518564
654403851
3672670
621886301
88259134
553944504
639508519
595177440
158094378
386058597
913707489
596723744
184878131
608656571
677418879
791885114
691800781
933958833
878421210
521130874
820759793
115424389
687802223
509112027
887739030
549109675
50511551
609251872
227611605
104570150
688762378
637235800
393443097
510101114
536038902
124044577
883286079
515610319
386067526
850507406
904713793
84817416
689484788
307414870
765135319
791670596
108760455
923670318
321609934
353172201
449903734
10023477
410311818
563162878
918227863
108222593
704579017
134699713
123999131
727591264
20822813
117259148
903853849
484256336
850529343
72705689
779660086
33211102
470864512
67622618
217694824
523986740
832945847
877314510
29978970
701349734
577014752
576632038
68447588
628756130
285469144
288454680
63683819
295800042
563384148
956677460
223107483
820875594
261922902
748175836
503472219
551583
64179229
749914285
493099243
381158681
474886415
88679786
417419676
315980539
162931620
303183701
661486351
30452840
116040795
813075585
499543098
633523463
98671421
100626555
6923296
126153871
514819418
595462507
97349398
21419954
7183734
443879124
639438920
148379179
919569844
226843912
314923666
958038491
685249539
172896584
21656797
388565023
160924550
941657371
339348768
235501742
876159128
805289610
445085538
877268114
934283509
924646118
531591279
753322168
65555484
648413794
832715082
770924408
144157076
907564294
417457367
551309695
525038352
405995024
910401354
265824136
291608826
694938937
122976309
229588083
691269427
454722858
306810517
32211
449549199
58442564
653358027
17480072
783250136
916180120
674638955
615449528
509907624
811048308
345344279
669274906
490824113
647897063
850371302
450197780
701538675
976263246
22290653
610756831
700325839
32416932
103138261
88455780
149118576
611979058
544959915
530436639
684586084
629239038
424197422
943527596
2554995
322841966
36078520
413489
926689657
687680905
739336025
977789164
836258560
962785399
211714726
512780867
466070084
590404670
175922123
555803551
822843861
960257271
542106048
753262774
25971599
233359679
471869020
132469472
137769305
510664088
958424805
52343046
363718035
390190325
227730712
179953661
796219520
595251120
148419456
878203175
630280954
850490194
130353513
585095604
536593911
286929481
522739250
656219842
648068626
330725410
251328335
805953989
352966040
445183653
732407121
992148832
300187520
642857874
644495154
268264079
555298290
859593238
929376434
443078401
413691495
442981676
600082308
95229692
735145052
19320195
691758674
816073964
559326189
144721051
51455527
215346564
517655097
418705947
561450488
210573258
199602787
832073847
554703081
718096491
331292753
130203716
725870984
838348071
716198200
59671273
374574826
19000166
205183849
47050239
680710626
409745560
847284968
255333578
160535085
516231465
557607257
753956373
251898717
43085171
711863123
108598246
61801755
723881022
595251452
683134802
636282831
745486317
281049498
954375815
691739245
284428212
770085053
433348990
971707886
316233592
876261554
261770133
735731163
507954344
316380306
426646415
216862607
594138654
817757599
881689401
716130168
146521979
874160315
269485787
54440087
948147125
201596227
954714525
322020993
812510833
515361234
241918448
6678532
423249673
796683261
137798840
81601876
672777167
723984054
421256424
695069507
399691378
266500370
209893005
877346423
565670362
562931520
455967168
920559736
469957561
574555445
949278064
554725477
803562214
480166063
32899619
143899718
123707745
833372681
857093427
141110845
150720786
723708976
679079576
354262219
89974241
310527007
104531631
697032552
505379509
5002262
497535425
815757525
84891659
121918535
828916539
217485960
40147528
733816495
495837350
850589469
773643888
589416561
729778015
441636116
127660899
45088102
786439286
704388237
578002037
227138359
91481861
56395953
148294905
746136598
897109628
773957407
484980352
15412428
891621750
683080484
836535494
531975598
123227555
486668348
956907070
791585222
928004574
668776609
533356062
540341970
594372181
580019859
66165458
710973098
934238077
337789185
973074605
554092356
991348576
221697976
164391932
242877729
560817310
582185869
139718427
511335685
80491302
484458981
653531776
955093025
121500459
548139031
623287599
723808267
72515997
362009892
357711283
154062198
138985726
883128269
592978503
10574539
440039277
827651444
595748790
371716037
46152239
419972747
477733252
692315919
520662240
583707793
112579246
807899187
294864505
549047032
788697538
109265008
879956685
142733049
493768937
229368777
405890237
502161229
67305282
401607841
744182765
16141807
857537645
809805853
9587499
37102998
717957245
795807613
175937186
528963041
449061702
833820804
434919573
690585717
342954484
297129404
608719816
538355034
117805748
703836427
6228551
905444384
385499172
97231904
317488412
676157152
110407668
772677544
80862991
70126272
951244015
312841219
2202856
117238101
934208587
119328210
278643874
122750167
63359399
947088189
436887189
943153959
34101599
465365366
434456762
556393063
51758079
504077463
681129085
21678297
897626661
788311467
175689847
94696355
862264277
794373907
836621197
241144907
393208410
533304776
592474797
410599619
109271762
398539383
674757913
767534602
401342343
589450212
154958113
999608405
660157289
454941267
812640536
521597025
51138747
397541369
991641997
951935355
154893582
727180000
656444929
553225653
779362719
627410282
270275547
826411564
196294609
284304047
432749835
722367802
576956968
299154183
966701160
770421554
169074556
517181010
727640519
14162810
605414427
514906159
138748379
387731666
845080328
356967284
524242677
44513321
734040578
674573008
505419541
58506425
635768916
98770861
815170338
335745639
272262801
522834552
532618
315215248
983906979
121761564
717121106
452731645
80378515
138039982
404977733
437121160
146484756
7105588
852536481
252871933
143681565
685940573
16382443
206423030
491528917
374680207
48748329
783443913
989893824
302724118
198769610
129671976
802619144
45530422
510310086
711565330
133391595
20476097
291601356
430358257
314280915
583949777
544335319
412370198
471285495
430241301
144283969
734094721
81709243
235160786
407877950
247868457
13879863
10051757
467841072
589477129
273848403
58762529
170349266
252918536
79184438
956820221
322955780
238471866
560344878
946309778
80413729
67847598
832481955
239842606
871145032
825241765
882901797
683816339
84206094
289420259
35444157
305509421
166708067
709285191
974406883
685476921
830381170
12291063
637952585
562559169
126080628
261934437
544804240
836506201
772225484
247825470
712782299
586623941
34250037
810132027
551205825
831124803
564225477
898132665
80010886
787608023
526083893
69849098
685201383
781645772
285466369
564425388
12402861
940997444
368685112
98205379
345553752
351611152
193581283
645962853
501304431
112693344
768052956
750048552
199240726
425437866
640982262
414553045
291137692
619819942
951814918
778955707
907668891
862129043
94798961
474479609
925826780
454074884
454746701
55988623
814651152
808200992
699622064
160793833
49772086
577240311
920420913
140672495
679810697
298548262
24743399
113185396
376207996
378283194
791839729
631384834
362426500
529289157
561332779
736325247
890260233
583019382
466588350
841979127
871716523
697431126
337520463
470556659
759021287
18960494
753404971
935812856
231024676
542143004
17431552
907719426
631115820
394147844
363681030
343209295
601413411
347497389
99498615
488231188
749403578
563463378
510896217
438072688
175337423
164188300
900250625
829878206
782404036
218527078
743596427
152521101
140025609
684929374
119399765
826383125
926211336
264214015
531294524
126703032
744362483
478895256
640428208
730225146
200388987
850009763
204275114
240019786
431574782
305369960
763970245
257805879
830021154
419611853
397260669
861835788
932274022
942235610
190639333
596864778
280334675
969624710
473515162
588661450
595665620
943336990
630634310
743772774
108068527
785599820
762289112
835203429
569492050
501152234
433111889
12973733
776207744
128976157
125338741
468293826
242761490
291752610
817536739
660582752
441021843
800219988
658411320
689168714
697453404
609256894
274020897
190975377
773043857
704047441
520768915
203267922
228068791
179561157
578230473
877705113
182918153
219252950
110239349
428696447
451937400
280830287
761642013
457463451
117133996
369369727
746361175
814717293
426605286
957904364
66814037
355613837
771345727
217373329
214981116
625473287
908184170
24700478
914479136
581039109
225264096
995407377
8637638
99767584
338110694
569965479
283316830
353589331
760081156
860084427
114736852
620898666
676805233
225908713
670889605
135049268
670037515
91290027
641695343
44671951
925074164
116393879
368468689
118170102
278321308
313407488
16301682
685815002
66305955
729316293
855444841
772961652
44160462
141485010
578600212
953284014
71675519
938371132
748585056
86289635
368556589
261303588
544626886
267933366
776693460
190591919
31090984
656746739
776594890
681526331
454239928
340009180
32420456
866514465
860682048
461826265
329108709
300262289
550324607
916710352
189213739
127801566
366541292
911533255
726040748
1679083
546030006
513528501
503366545
90167091
699904835
566128894
985836216
926917256
320587148
210956636
145401825
46439931
340843592
521348085
620304843
38238130
11788470
517805432
798856124
628422041
563780571
17309258
124391702
480191223
195329772
786478214
17829920
911152637
398423404
534117544
277124336
377142631
460252784
46686037
400193321
99772088
124081323
100508133
283469443
538790050
200375867
132400827
809968333
155274004
97933953
38183790
121746831
554456937
870564991
21005553
160994289
826651525
438459773
383196919
452797643
493570812
449450476
311986101
711764346
175387888
347490020
581677331
922586544
4281088
285262983
439622088
141977300
201935233
290755757
193028151
417079891
57484704
463971061
193753674
123625488
402678999
690636021
153154217
510998514
618284110
19514804
995978168
678504107
228333033
134116275
174684607
626464609
394064089
577035583
260015592
169984008
724349019
806321263
801069926
141972564
148499792
971394118
140914969
914389906
547794557
295698719
864191099
489739365
624299069
735775360
140224287
33390415
379579557
407915726
965315888
714546104
731671381
2238727
364926467
233030120
545617453
513104160
160099359
547877496
785226225
321402385
661422268
878993390
397324409
771837883
139563856
820661379
388279752
20534469
903002413
108616127
535126638
440704324
828176907
361255924
275838108
395783578
97131744
682327627
951144590
492121024
327234476
155305052
689427626
34803783
518864940
132129689
390094111
9284585
546340030
442874915
870024236
993838078
9977630
926179406
502751190
355944728
629967567
555008472
911871404
519060931
844227148
875925617
14163991
579288503
455902436
682283385
541918987
465510896
154431437
838275666
955974633
14526243
128637893
638900741
201115044
886732878
6062053
913806823
288806563
131410491
816371643
671351103
27444047
621326283
21191899
358821653
211755156
483624431
945922864
945233151
646793558
987236621
86046900
537586328
584083749
793128901
750652195
29662181
171079980
574959831
695299955
8039805
15314291
571334500
10593157
291326645
110564123
407586777
576327888
630758231
89890211
828215244
404000315
878441662
79194631
54805359
125299103
525326694
451061205
553844026
979144806
746264484
47897442
728328952
879249966
180959531
966215783
51218219
638852482
198910585
211327434
552901193
51333115
655606539
377577422
682564376
107088622
989620846
88915053
117195569
396847604
764525927
626321297
598210800
57675194
39959092
795681681
808362167
21683795
62400172
604302360
316689525
802611412
636318185
649884325
29414416
577096901
45151393
817517859
515203206
61927191
140207612
209652762
359537370
159550248
86093310
875384651
267102558
854469684
100732687
53246245
531246737
873837851
780367209
621585655
548774660
499188237
369303887
981229886
368065558
287434487
768102518
936727244
330742599
397440669
647235857
624735645
129819413
250518496
632155830
604427457
843828588
284981864
916454440
504136437
351743225
396050702
29361076
98969604
725378716
883811799
21441763
126132715
7925526
761739984
829255743
293451127
159983808
669866263
109609288
627634075
197555412
316942774
363623491
686148196
842649931
59810699
810102375
430031124
831845985
527181563
115239925
340916192
422374647
576727965
559905020
71296117
236340132
143665898
301247566
923397226
432058401
624950271
645756894
3106652
881388136
923511652
122739571
114333094
100450993
504806799
469352453
802068992
195641960
561230407
172500592
201338398
462993744
10564037
182035092
87886478
390972237
387027777
406910239
512059892
551406443
114807354
161126961
68064314
885495679
19980435
531591698
258397355
79236927
348849664
705349904
530385178
557702023
132183293
493603360
564970712
710042373
978265345
35388197
438473427
749696335
994004563
106883053
254881739
825227710
850129305
835390295
411357904
438841800
112330857
960483909
123708410
777199474
804837615
832748266
167069585
576834735
602655669
102209682
279996088
644723221
650185281
166290118
628503806
543672067
717043600
431372488
974722674
910836160
881387839
64302649
339750576
673902127
301085469
254916469
16149738
334466149
551040754
90683733
177217482
872298042
730245581
486495470
233493755
79889435
16988047
847017484
789864719
117650276
797446790
340347956
351356413
367771671
198308232
724493943
141538061
51151443
456820272
432760717
745030775
354897322
285921141
348676595
912839837
47572290
443399621
414008154
356408241
140232887
791033624
6711097
882016209
814388492
807944464
642833242
184383696
876356176
55310456
220181792
983817796
87908710
274779931
52010116
132829246
338020436
19723183
430973584
734495134
875898383
916413734
942344794
346220192
96617606
462313937
466564
110363428
675069727
282500669
30872068
258405137
141814478
76702771
585061811
85232927
461719908
132281952
898896518
196246427
876407331
634126041
162002574
649175815
866847856
992880718
904459270
943854398
512578839
149171220
746881789
637287557
195205280
5458028
972449100
560608608
355408953
769339259
218485110
238861757
748730536
222343587
511594168
140206505
715546892
839070808
306848465
558178415
5592156
135147435
305192466
184348635
892649910
29555573
204254742
796852640
961823845
74946344
43968517
401530936
264267321
544329730
787788888
778107894
342631921
704986735
617609069
140527527
348598221
102309172
149528704
226466246
330819504
758656154
518798009
264650310
400074154
45730984
571663741
263064629
532837364
99691896
895784504
360207935
721889166
835602551
93816590
802018577
749180541
854544798
357076251
300098632
7581951
703782626
760423723
491858164
468244398
489150981
19113202
907380317
975324341
907574919
352298452
622750595
646258406
460194989
110020994
129577734
89192811
114426671
852610828
55256539
914557279
954724140
508764382
23404408
726121131
104139604
420625900
787854802
606973908
202092758
746702834
407147225
511426460
880136478
385861801
457624903
55170454
423432349
334906925
882413074
90425265
473523009
440592715
483254690
95931773
789026610
498914932
565539749
573646657
999190522
269520030
452074831
109256365
557102392
168328102
84549712
326453988
101511369
31021609
755214561
369576510
230945242
198983025
37383096
482864611
25512854
108168603
591382450
759785612
374629847
437955839
876097557
747632209
299677932
739427337
749046630
740956053
772213900
862214598
129344268
830086130
247915097
36559930
357870851
941491437
81960949
135882829
429721380
552539126
328343515
319072637
327031668
29165639
332763564
663572401
309663942
792869549
454427991
819907906
700820604
631707314
726253191
312557372
752156369
970765427
634158074
770589619
669625790
247915819
38008710
166568896
153605801
588829461
456149950
54378569
508663017
27562959
2570055
818225674
101505267
100145643
406860787
845461366
88193109
28780568
570818125
376720461
928739950
529627480
72270808
474678840
359516453
386961311
563508318
348277116
318350415
171067278
552655972
65340594
934974946
272600494
753391550
492946611
679063458
547897041
520332075
395090683
399036230
32726838
680097121
417472613
425715869
15820222
234746993
39773454
429989848
815386125
708843903
121643910
296321980
540025140
476828488
239973173
834960056
273911289
741261224
918900329
901624975
113261842
126877908
888754439
245745725
143377429
265498774
100078229
6312700
93897394
145013080
13905543
12390075
193745380
325759606
140540387
659111554
491459285
836672922
247361787
454890274
526898493
526179889
839136828
438710597
298549875
400725798
334201387
53143030
51877766
791517591
137438583
888075987
495130735
84296757
89185291
359152506
14246850
292248020
441340751
686215106
268876856
482274644
304721481
396183393
67407910
82144417
795811947
962706055
490596634
429866126
451535357
443450250
793387486
443060986
157255157
506664394
2006652
676187347
432733478
559121123
161698592
446427112
292412371
977719258
517839753
216673159
604144738
844365705
132587272
68280001
568740291
413000393
638142535
253104227
573057414
100949829
292753057
616902419
383359063
898289426
995862336
128740780
232943438
619390883
742351187
49607587
979439094
999402152
233173123
58784259
143203645
211296218
76158984
561955095
29642262
929128680
764982869
753379436
757615231
472363383
932213762
230560794
38028154
18353947
480058773
593073593
519324592
40526318
34382975
506472971
874690866
9327957
103600005
696935074
293455406
578356371
315501419
489946014
620052167
465062846
442330639
801701676
16321505
626287309
44621712
458049119
861284389
172460600
428713485
977061385
959934044
84812253
67490836
631962558
489300577
134443813
74995557
945982128
382883540
299575459
66369946
77092059
721474771
946804344
58817293
323296206
624683423
29368651
64613245
996039013
334460667
135806546
552703915
902282415
927067030
561721603
682077695
706816438
140054348
60660334
902686631
918342580
657922155
615174267
118500582
758765707
611135866
605231955
433271916
812982040
486173918
478116938
920246129
535512691
600832336
156869888
35415391
242279543
188101754
33060257
441927888
767294229
639646145
596930299
357581386
246836691
137560761
156691213
95191710
913571042
117584882
166968928
451833012
300982598
864720639
34628045
208736173
828088261
131304431
432129034
834910918
97152604
13800332
199504586
641915657
37480903
417929360
558955081
413425761
81526992
880598156
304459560
163653361
703107040
404468667
139483473
860619876
136890837
323298728
111861303
869403800
156885798
424709722
641602863
929805314
825551898
119384555
167704797
755929476
557548591
294556265
707041580
353005430
370962955
93706364
539731676
683014843
106540784
164518622
436103044
467344237
558492540
469934722
158782396
90721020
297583204
109562201
136260830
758594495
58769358
815574568
99932669
604746025
378753651
58138146
587398240
627032299
495981612
501622513
921591403
993531201
589481883
80952649
125314060
834529664
413693158
700195722
686573404
649048486
990837037
23642843
45173062
598844667
630669060
60216292
588090655
777463278
631536786
748904785
430714874
54965278
453747004
627566725
814386195
870109190
461524078
541999871
895106427
506521471
956196020
300544576
556637377
93909588
738458803
121980760
833833074
30632500
540065584
73187446
276962249
555598361
930723182
122462086
577641389
424190162
685005311
297852920
368723747
378885737
250539657
367901235
709639747
93293294
53494036
603913092
25126271
456601896
200336638
373022003
655435721
630882722
87691307
584083461
621062622
910261050
665806109
20954651
150253909
460649880
393901336
196169749
30124349
912123221
101765900
443170215
878276231
833933307
648074217
112748429
372571462
634047139
337284048
778735428
582790323
86323283
898803508
130193300
31063346
463686674
594517953
103465907
127645250
505860516
796315542
931187963
910961872
245906893
170079889
913512005
174210011
65170553
353041047
630557317
927409630
805026584
931229562
791532607
177062895
86631930
996891210
773657717
732635246
832717819
449947916
248698858
97823978
13634881
250796647
402229097
82042952
14962783
692062693
604973905
500822682
692963012
4109588
879858399
562365387
485549547
25642933
540661402
741757624
994225164
664871750
395023772
949958454
56378475
918961295
544535752
542995615
838781493
125785708
549726071
484174742
297002536
626768639
340070883
93080682
286852273
684672303
334812035
159084138
27317627
58435359
687610276
527412451
801849889
259299299
300347274
963506784
927690555
157456326
179192499
855983617
12178353
194728961
578000855
921455126
844924352
163003035
384688846
935178248
140660963
125819912
385730536
573115308
378179689
172079710
713095996
386990068
679897615
824279095
545789391
808070445
810079384
697234509
81786695
193223560
951731030
861783301
666809775
52361100
174949279
314700552
470326060
595490333
123982231
769183598
215497172
463805913
8502575
530521297
535878800
626984686
639648555
481597006
21814162
592174797
199935724
708287011
296973389
704891481
836065340
422419284
823465456
78227279
433567073
328598575
555379994
586467657
922585605
104574908
649217146
844898571
969644250
112351075
364779040
10267746
806736994
115756552
109762447
112957242
687860077
989779648
944635098
237881135
786507671
460300137
287049343
708744426
983879581
43618472
236097140
951661539
141079938
882383878
862141897
575594016
603499370
782856235
938862774
98425883
410021473
33359909
590021750
791715899
989803509
99020333
764685748
485817105
458332193
944558147
641034268
969480020
444796772
854006120
874469369
663493534
119597255
395050120
49503403
715805729
47183868
540105326
912831372
805337875
94810020
818333862
505391728
740151528
534395972
244867959
661180721
730773491
497173686
260870574
438322772
120188166
41320579
478605942
192582795
292654950
75471527
208982101
66422182
352136231
132505287
348697734
221022813
30678724
925126761
719447124
377385288
412871235
852138657
43107166
256877610
100428381
988446276
775762265
149826955
341552068
544519521
38555781
30230540
468894969
946341446
492380140
11929103
796447131
716069500
720889232
156595321
66342683
19168368
386512924
693440006
897322612
633805851
908782363
27223815
314871267
655963577
24508452
148685469
523807807
379954376
245019046
24906730
160545472
949828743
721392384
134488869
22484548
814339553
10832629
481196591
50846452
83493853
446695014
251858356
220168690
78490575
530833175
593518712
136944358
957772215
866137946
399357353
701162091
623165409
9457143
729311318
243337356
18622567
950678118
39241796
756269761
337533520
69715024
762219736
430777495
85657005
945486928
675282003
547086694
670732870
675327028
860852863
704315458
832766128
512115380
337766419
623934990
336061530
27080195
84889808
245582891
689634593
14642771
706610390
108214280
977576075
125828362
353409856
671139164
926136937
730077257
31185500
722884468
77084632
66695164
395673701
494379954
535966330
35963210
358630931
772410910
179043913
163087638
36062071
273876456
289820224
761743802
704221497
906046693
800588865
963057510
909914546
166171769
927390411
284705247
597538925
295063068
434396202
641324241
147679495
708535493
85902277
620377612
530693876
302068458
77181770
807538233
986674312
94880428
672726390
649253467
345002407
462797410
19260617
578573720
147125923
15987690
843529485
72245839
783059303
330278848
239533522
474878447
418358593
38771868
606334762
606304521
694390559
999458797
82138562
399756054
689283843
301558385
67254622
55435776
120684295
447318696
381630775
292068001
422694398
116942787
938631828
516505247
331379754
15090555
318233480
276558354
621612591
839327034
956476676
76951114
518640855
85312541
506558923
569187375
95323492
852940627
660403414
326714724
519468920
495051961
665392548
729032226
300288258
305382573
11225264
765023673
649998751
825293924
191058235
307608770
107901067
851150033
436955595
733372517
373930457
327013933
788158454
149744641
474452288
730715346
994388818
570007009
237024876
178799781
605158396
854202580
161997623
100063881
473283679
167218259
623357665
95701518
444199552
870063655
842815430
146122656
871785800
546444810
491269355
108068743
170796066
808613945
562841123
648448575
935463311
736393726
527073283
701124480
700997971
103852356
688015092
576898529
670170252
777917476
556665289
510959246
874080748
910476376
103189670
842699055
354509016
51710515
22327491
757576972
837653461
31439512
388755862
95101061
91723588
841523562
68559694
681626825
921868436
440031578
917864467
230775835
171212437
899683242
614495906
822120391
732995303
209504522
104743618
614852510
825048846
137016093
458351626
361695411
717025671
797444006
357178766
953785765
96186438
7299107
277060519
790738068
631818644
557717146
810820049
709917726
90040076
78324829
729089836
42828827
186857917
162996602
255898545
965873919
696052084
443868933
955533305
243937802
634732248
55827188
598185775
797879435
468500090
334728994
109472795
796505266
887045882
526602717
902351693
286692505
572547245
699172333
155740244
131427319
670402324
19607839
447982042
376931876
699433987
990643817
423895365
513216246
499842090
425393596
403307969
911354075
516824658
791033265
315213056
392915168
842668006
190728364
678881219
56808823
153576912
744365231
954938662
525421045
129165008
696062436
729590689
851241183
569176135
661719118
7202613
623514986
508740308
865615686
351277729
69675331
603682800
824833020
570755087
588904157
109223702
783818712
601372140
34765771
976729583
545299253
689743721
71021787
2561006
650846444
421177246
970100703
658831786
719271415
990519932
420004266
3158317
609819649
986612393
578392982
350277926
718207286
833011398
291560
591161548
588822311
990518701
728142042
809292117
44608631
994136267
91619587
439191828
827779982
342624431
760265779
615018629
280651490
247275757
344610392
282142790
54953039
880951279
447781850
5887001
426355800
362923621
792430799
146421882
986814794
877056993
965216516
487600610
320291287
288792827
958715404
548881805
929046911
721349508
963775718
34039493
948303288
985588445
231791560
642019563
341760017
599543894
647637621
381521250
552641261
91155362
542179978
111309317
198819059
75494580
721501473
96551537
167015199
300282835
107048615
297013531
932369448
669620318
796231646
921046931
671437688
142130147
746395624
198752051
230068225
623032162
781734391
50129727
693919340
246419432
687114333
816983630
410458865
986026595
89512836
456930405
239776419
195589963
139399749
891149402
525398272
353981514
997967390
477973051
307728014
963478546
71758039
190869672
814593847
603761898
384850882
354286989
322139561
527713605
429556695
265753333
887646997
726853977
198591617
714127395
656210264
610490938
705778513
141609067
713041892
950142087
503976001
865709866
554356714
277380088
272775424
117698256
114332905
926527231
269846467
800138469
523016225
576344355
717151339
8750536
234085671
401605797
151246784
450290861
887846954
428310976
600098517
277725199
142204318
222202349
594344459
240362219
991670620
71592691
183326419
629222639
26441183
886021514
905646093
932805210
490993085
188496783
100636878
481870167
356637515
947100669
354789128
717268471
252023630
505993590
371393597
428565383
725136018
974720373
745338643
810582668
78724168
296448320
129038409
623949379
191594944
876511892
703113672
916176795
134274628
279991546
43769274
403975774
536920688
840757139
422421938
453375020
796881819
199628659
403214646
397916634
143065762
869869718
793108655
77282681
856920000
582692800
2439186
315570977
490399926
39386390
108110203
717707613
361192147
847006284
130635753
386606761
29103441
420464348
648163036
361561979
7380381
910900153
844181613
100989879
604044706
853642790
83480231
69907757
93731057
105777240
311726042
459195001
800727195
325749141
865001494
963013769
932933308
529502275
27112417
621039330
184225994
578756638
360957392
112957782
64953178
452711721
640198663
483368835
138351767
536995283
6018737
784646331
