62 32
618359 809472 398431 641635 504807 483144 896721 777876 10213 998377 250486 663639 796808 81370 639589 8863 265878 238388 447672 870612 726750 379290 715988 355271 450035 503942 126923 696892 147237 479004 398207 421359
492797 321397 840697 583869 489932 573278 120284 709708 326938 904438 480242 195337 875894 681578 284724 465545 788077 649390 392797 794295 226414 343236 46785 246001 539928 426629 337543 340837 609250 520156 214122 661964
695880 496486 780704 108444 731100 885967 735887 299829 904483 188999 433934 676776 530467 462059 997581 911435 408996 269036 335068 630417 992497 100904 559685 476320 183587 840679 794934 412817 406063 302250 236333 89848
593999 887808 179963 559111 232894 568822 825623 884074 765707 96421 569211 481773 653823 155957 314688 103317 414024 146048 266871 541523 881006 966207 92078 624990 488611 170373 617281 928042 626721 440256 405423 783348
533180 624024 411196 771174 891833 779676 443676 781364 657941 444827 332040 748713 747642 389299 588464 631356 211583 850724 72089 615840 269157 738195 104918 123280 542871 100459 529081 547552 975602 496759 476163 807765
523193 3063 144190 339947 632823 181750 158941 911164 756457 126115 314229 315074 898585 764463 652608 953263 898698 286151 35114 43027 516004 259491 846316 350109 251814 416764 83720 733410 227917 244094 358513 163444
11405 936319 2551 795030 368200 853829 382679 648216 208556 177602 136744 993115 281299 225255 677117 506342 751681 361165 438821 821079 243294 363837 30659 797 170445 874460 324388 461483 979528 423069 473671 493679
829277 128937 697458 701011 216983 752269 71897 998130 833374 890021 372232 508037 4482 521280 295486 656306 643619 207983 896500 101428 125505 588714 572123 500105 837949 42601 348457 136569 209225 825573 279366 991746
722824 956558 972453 618476 681672 627434 403460 37750 924667 32046 845104 504903 200090 335796 61720 22670 827417 43177 968788 327223 172341 418052 620448 710057 845835 208846 824276 756185 320214 311304 12863 182714
127702 626662 381874 50220 56041 54959 793306 456176 206322 767510 830099 353980 769611 127983 48931 761568 183662 426418 737362 499342 587933 531423 942892 432617 456593 583759 777999 855131 404614 373017 980094 171467
815902 197709 401287 448646 110559 988211 861884 548251 990336 993728 412195 706347 766888 839119 546762 399707 937784 531322 86428 767089 421757 12573 333543 344929 71445 807444 95761 23791 337243 488627 100553 110858
649543 245257 377513 197301 577814 903749 87085 306132 409116 471372 119898 819936 831410 102492 783093 261209 302963 473530 437440 385917 104367 481568 273057 391159 280342 216531 86222 968879 753257 48464 298958 738371
273430 522874 907069 419713 986543 251506 900068 375005 721041 101235 192457 626091 996157 729211 667002 231259 264912 773594 320984 154749 668095 198047 317772 651785 104090 495870 499844 565340 317689 24509 304517 12264
285736 66182 141788 516174 588068 58341 998817 6623 564067 915696 729862 303954 509308 689996 190545 477854 95866 302596 164332 719680 831430 644782 143555 976105 704064 866897 191353 623940 79330 54749 988962 964068
84481 198417 231257 359558 765632 479160 871183 503541 413712 803691 237918 679677 545035 177425 765870 743006 907410 792817 916087 774119 766699 530620 511985 200361 66885 630700 6105 763986 31615 893769 169456 753800
951306 249980 912934 143140 388481 338654 117293 667461 889605 685414 252813 990336 33128 63778 242082 807370 205021 897476 996800 416618 873127 433295 683264 408672 579148 530750 512379 716953 346502 734600 353820 208563
228947 182553 622720 35818 469960 863578 758192 814533 418212 148957 354274 48353 26952 310013 133556 339957 722393 800295 357987 374647 878164 513692 657468 590783 597107 753110 701927 54066 369586 981924 757041 936443
502237 423080 598079 838814 324246 707606 128885 386702 291896 880224 928223 301144 739717 21255 175693 282067 756212 398146 730114 300623 483670 990422 148578 348633 527285 541768 446020 762797 525591 903185 245193 585538
93475 722679 308433 574108 767390 296857 672817 498319 785073 597251 100254 399185 464053 823334 41862 589098 460300 365675 54005 824826 145518 6197 19444 522296 764901 433944 820807 882011 871472 285666 838468 670003
196246 857873 906238 545583 7948 228899 265140 449554 286750 347727 523875 331798 163699 555937 560831 745069 325710 91297 421411 806047 474530 105649 77306 677786 226774 234147 676617 602028 65140 49016 566505 992097
81431 286477 666344 247215 542733 98289 371383 343109 712125 315388 865131 623736 579772 274296 443251 240868 181520 160627 776811 226514 846540 799319 711587 413053 284132 591927 641641 11117 292062 68496 986009 73519
266618 560043 256066 132700 965965 50354 907035 127774 324932 418234 83876 231457 697796 976923 898515 257585 26775 744745 23396 197551 646153 186344 585091 932152 323716 613788 205230 343459 566119 729276 576269 692673
507078 669816 466749 258200 671351 24084 329457 589131 284191 94806 404557 851808 548032 945618 579276 357287 687135 537393 982098 551415 711646 196472 361681 376298 352227 629452 589641 258118 527542 571070 444951 944236
188707 535142 867966 696821 612719 239824 473957 506824 530018 637416 450263 869881 596943 122905 67369 963351 501331 353028 732436 696018 637880 822792 764023 872662 61850 706988 346964 871389 199345 345019 827841 706038
670529 317046 335706 808039 363374 398282 238767 210857 666754 983864 670778 520280 338318 451903 999438 136954 329997 739344 410463 207134 771037 193785 422006 439061 922828 799490 114476 417627 24497 446805 627418 505093
860701 703068 189216 432064 335641 667926 392984 211208 725254 372550 405630 707227 420075 797476 657768 123225 863728 900732 391556 403635 10355 876827 516344 876901 254061 585992 442172 419431 791267 228073 966207 743164
608342 622314 25691 10232 582491 866270 7574 16802 949099 833719 527360 653325 199969 608199 194886 429692 783049 230081 959341 692457 436701 917998 706052 600124 390382 898905 714860 165933 759725 688143 183700 712280
956937 301037 518708 301380 25565 429424 515622 42802 430858 303139 773228 949551 807504 629854 58720 948932 471323 99076 223264 30299 242368 432889 254017 943206 386851 679642 925785 281401 297321 582838 635646 378866
285913 706149 899339 452876 169726 568354 871883 699083 756793 277668 21232 865712 276777 264448 686275 916664 308093 937423 771712 770696 761507 261936 292422 448901 284510 616505 296871 335966 458555 846194 833613 399909
383821 215930 707576 216525 115990 735800 519951 59282 918749 726707 454337 915066 263043 907707 370703 885879 458265 119544 280166 128044 500842 220656 114042 7740 416591 942670 230024 235216 748202 296811 2642 519287
925340 768876 78119 969037 798839 409895 278952 88983 790221 385864 310140 45557 187487 919016 281806 493830 722010 130085 50481 959529 958411 373958 9586 646965 718033 21342 687793 702786 917766 370636 145518 383607
530630 495433 823466 64861 904741 325996 569926 106389 947215 28599 399317 97828 615300 334794 509122 988055 438626 239218 372431 337086 811585 526079 811857 679614 875523 722951 569587 777096 41667 413407 840391 496283
498142 836223 991421 603549 355823 171978 645764 100168 332985 114164 444408 434409 545183 512869 432439 519416 454974 344468 385414 232167 297284 178202 12930 442874 370483 824211 419318 323065 542239 805582 252419 173699
592833 680429 101560 195261 73588 742228 211675 271079 940650 99372 791770 944608 982329 720150 731368 55951 626361 293429 53784 809904 529988 350338 492189 650213 440159 873295 399657 878546 785466 879823 253484 93786
885813 177859 18897 403262 438036 935581 101335 196704 6024 535145 65901 800239 319919 922823 151758 713551 423144 846473 422898 940404 159005 976527 203269 504478 520825 100507 381160 108957 722785 937635 348036 251132
14291 721683 953131 252941 135869 587745 783168 322026 680350 757514 2035 872328 713791 463826 811722 214375 13692 43522 295433 714609 211825 355027 305572 815380 212204 824491 48267 356849 280029 736095 332471 30953
769354 348441 426788 932912 195843 442338 627836 692852 870109 930917 292657 168657 176757 641874 394415 476191 260232 19044 573389 544565 373306 959497 253726 902928 537071 93871 543475 422965 261030 745919 315583 131617
826213 978680 479878 462076 42120 874369 43551 626749 759571 120604 922006 963231 953505 913116 15791 596058 443917 723411 281263 165467 991583 788803 473380 279465 757643 246220 461531 881527 690031 434754 375754 374258
920172 248123 412972 346251 588866 836093 614670 235962 268227 441685 729336 141181 890136 989620 248097 530819 26232 960317 765202 299718 107644 415138 355585 671796 155115 343435 360207 132278 104526 381201 711081 376337
105239 768697 525089 138299 749881 75080 576210 122681 956325 682628 511528 481837 5367 457571 265314 182176 341232 300541 708776 399736 315962 359166 156222 127318 869006 93800 254360 135487 594213 521037 904192 188583
22069 961831 719493 802925 278098 27130 501603 139390 509443 382848 860312 284351 713733 411162 853468 561568 714645 726537 772666 304834 829169 511843 578793 808647 564001 709595 876799 241099 384239 74218 572586 533511
468140 500860 523482 671829 992674 418285 149756 628818 982108 54635 791291 262307 935230 610294 466029 531062 656401 920981 761489 535854 801522 995194 293679 663337 879767 490861 352882 51597 22160 149976 86891 375625
154963 796370 144517 297190 581610 313608 489806 231413 725791 767072 784718 22500 302671 748432 746517 304785 993046 284613 572632 478729 79069 199298 968231 660823 525112 761363 850942 861520 687785 155285 406472 19945
982313 582566 26995 876336 785986 233308 262951 615341 599858 382940 715714 381215 22118 796427 386443 948398 297475 955895 124391 742623 926061 729678 944486 986038 59712 939028 64508 944986 221038 54985 516977 30571
229901 681707 754547 767499 150615 773094 826620 616600 166518 927977 659869 222163 519318 132970 80727 422935 483989 961264 100352 819555 850179 773741 960095 908418 922491 673098 43874 198995 187958 546399 662491 839048
120520 113783 904294 275242 117747 834977 716118 152113 51450 307169 219308 391226 431537 325256 413412 950559 691493 916872 196418 733173 909036 918306 341312 528360 267320 591678 789394 227345 613129 650403 826210 207866
792308 391536 765598 874077 807310 968550 268349 912484 306424 492771 673600 961483 549566 124235 934196 764294 608008 578202 984386 123508 892189 145056 348089 680186 129049 685225 863334 884626 956877 614271 722217 118155
896462 513465 675567 55441 857463 348536 249019 778794 186038 271959 98979 655008 317406 994936 258179 146676 334294 810022 98413 488376 197658 744621 777916 718096 918317 26536 253488 709437 813250 847051 509423 142851
180176 532086 242219 517747 827952 678310 953125 625637 687524 372625 49564 302219 889569 330221 529402 264844 106780 815708 864131 811212 254224 893732 29102 76370 280098 342878 336278 570553 941520 526778 560470 144793
168502 973542 867937 500814 848005 358603 927463 556774 837972 596671 940011 81595 60294 340583 411642 725953 894272 992778 325380 122265 298939 471520 674070 345158 458942 232591 235193 726956 139299 620596 663151 75267
672540 970497 746242 901075 467555 138454 968393 601141 984922 955098 196401 775075 948673 767925 213725 925326 23037 67432 988860 307072 494217 213655 69221 806429 569541 922905 645860 580580 566973 769673 578947 953832
261505 543458 671792 147712 528488 95463 146373 66742 595189 391853 952168 137233 591174 87616 99499 829805 899609 182794 841631 449089 460133 736389 153065 882928 326395 293621 347052 129328 545384 4402 261400 851343
88375 597236 733570 771723 520004 490092 506578 333772 612419 8014 803463 393587 279175 991131 159872 303770 31729 584474 670369 73893 319252 179647 342456 820032 2210 273162 336909 782835 192422 676615 15980 217565
608526 978209 628593 834085 875899 794671 413616 234265 938914 758625 287341 387063 955357 15444 910021 284609 880786 428408 480860 982515 352632 852629 58325 806046 221869 426100 322008 877749 694379 771560 327379 655426
42241 784595 178503 51274 748814 489500 848183 852284 535078 250518 902146 828753 941260 919352 205430 488760 201660 462477 488222 425563 938847 725312 141619 194226 545200 354855 698428 350664 564721 629066 286470 209108
212719 65747 892904 224382 130820 882839 243674 588860 194722 765990 132616 169187 312078 188838 414895 287128 87470 460307 550056 312024 842472 445682 485801 58319 456516 273329 1721 245159 267959 152863 652521 626640
888369 721919 444326 172012 536243 375896 209330 652598 833572 845441 154544 14182 85116 685835 578649 334776 44040 743205 849790 698242 917607 460148 854168 280097 663279 890352 480022 753558 158660 808053 767979 660811
533503 551027 817294 138246 261794 547352 744369 349663 570902 89222 447922 329705 451768 132875 312973 234201 185606 847183 636455 438984 952647 522314 762138 730737 154071 734956 949200 775504 729163 128189 954246 308113
712620 644560 783998 522283 558443 923425 27302 376433 259006 419162 928260 812916 667088 456271 615193 923485 620628 615259 513218 144875 298330 312283 815587 644201 401950 564229 892050 998619 558851 769233 473238 784614
823405 564269 419562 708342 849594 214150 69527 355462 327276 595890 80883 617148 962536 244620 388591 355800 724790 221652 305362 897483 332287 387640 636035 568614 207066 200173 566656 159434 526631 848735 393367 734140
164761 400033 749412 99598 961031 475419 864467 441850 158746 880972 177893 127000 555471 458615 431520 914580 296541 197011 390412 618686 516154 694926 430913 899244 478849 516368 824983 853069 435431 498908 121998 761803
331225 650361 287511 373754 379387 71740 926360 707986 787809 399830 714637 892959 200323 550678 866977 257275 851792 50973 16372 826375 819243 861498 524502 857261 793991 202896 879474 332765 125066 241813 424824 757604
