89 90
185864 127601 209068 330680 950175 936146 604913 336127 272056 501098 962167 287617 901120 53857 293885 247382 198120 408884 118527 305285 865830 819531 634040 502737 992805 835029 221766 215387 211376 104488 229944 826661 292097 792436 767313 296601 323154 14706 474364 436461 665873 373373 977576 89141 592628 816388 114595 975030 946234 76848 947111 194933 774304 921703 925351 476487 293336 560062 803456 514711 85521 908815 388885 592902 570299 738086 409502 987080 441367 274882 867994 26671 203499 564234 16840 983089 442601 925840 770682 569628 880182 216570 479360 915432 830721 41450 564372 808249 592560 367141
606913 459873 811801 785632 907326 9781 790626 28003 589861 449489 614068 638483 1905 82255 543246 295094 174078 645513 338544 341306 89152 451119 905547 437022 648764 230681 931495 570776 653115 347916 516959 242831 951718 741844 435636 800997 492903 930926 249637 652325 125726 639513 736584 834653 361203 216883 634391 38125 397072 77421 537924 34385 142588 911187 913953 961818 361024 942662 868420 329542 444318 544645 342198 15981 216807 36498 988226 692986 136945 888651 18448 51008 602615 419741 234589 58099 355935 214343 834872 569348 937396 528869 876827 674746 519328 66082 766576 570888 263544 861354
613811 724323 469874 12184 602516 854402 913277 418640 262957 323675 734628 473465 160451 826598 262275 74923 392101 741890 773060 538601 846327 876476 453750 574260 481734 160968 703995 642167 272909 247780 66255 379675 314975 815108 309519 571447 662568 630860 311834 128067 748759 966596 905231 69835 365805 246430 798665 457737 417159 42955 246754 276734 473314 778642 611645 774811 588993 463586 41323 251927 730161 121394 334629 147895 328045 642472 283397 92946 953929 739936 26804 334185 480538 508451 489926 411195 233981 477320 138574 661232 162578 260111 567779 992705 287162 528096 305495 998819 855268 239435
536873 577274 287138 412831 119071 240392 210273 572453 221675 316343 840403 388620 847776 779217 733829 277501 710102 981642 181582 195587 925451 189264 912411 357471 60196 751634 887188 701785 37571 453176 248283 394362 349041 988608 299312 86450 105090 468271 480368 827696 709368 406673 947611 817127 792735 216433 480908 746818 14448 603881 146059 1826 681194 144938 882253 356139 510692 42511 703600 700076 422914 561431 546650 928813 309224 828187 364182 122542 334915 475363 676541 80226 866216 275056 563922 14612 540924 484014 639669 93768 366135 712575 259980 877175 517822 657294 811269 656548 934663 187734
337860 711783 185323 783066 157285 454581 593373 224605 729815 324216 217155 815068 918737 98438 199651 586941 169152 251239 155562 633393 646045 558316 942636 80269 461910 764806 411445 307985 941287 492985 56920 190190 779545 669499 485387 816628 678493 43504 278025 983874 414175 283835 898319 935198 340588 982021 765710 308481 775632 245770 551779 388496 987072 917028 117300 347672 959648 46146 286468 528377 185204 596025 993868 200939 213323 940567 144150 841814 962184 227459 24622 449004 733901 918385 354419 633213 663583 171868 699951 393911 819509 722743 200161 423872 761002 534339 258125 372605 938510 392051
423819 635819 663963 531670 624319 511028 545955 751006 110022 279557 414102 230755 838956 313007 164852 585255 432674 195953 807430 479715 182219 456591 595240 390765 108028 165475 163598 70219 776176 544324 93973 626251 71097 743325 622208 758934 767352 502147 274527 134837 937 807369 909923 575807 672646 248503 229244 51727 806005 167283 417935 441053 892038 186482 523345 429410 533942 763602 43811 857337 363242 755136 810980 697243 669297 477472 608851 516519 23003 476482 825342 123985 354940 516140 370805 195900 531917 640974 193237 614469 982126 396822 932306 681425 329635 241431 109695 555780 48714 138304
8795 759413 207659 344902 115651 82312 12187 612732 188846 425602 140513 149575 954581 722966 470540 895461 342192 60906 34154 451197 440307 89586 970477 193985 69725 454337 972826 717615 870576 22282 807306 272951 795070 673308 254879 13987 44448 192352 537991 326870 413068 985491 780861 645012 594789 884458 613525 87620 924339 390866 185364 174290 127295 178811 502213 416443 617605 642365 397787 470433 868980 900107 72007 517124 540126 966170 453825 894493 940190 564304 981186 570971 791930 220338 452520 615916 337079 113778 162597 631908 767238 928931 663915 106294 444433 610730 8111 578070 614054 555036
797279 480840 705977 549962 92636 14497 330274 243220 756114 376444 961658 70805 210411 284191 244952 905262 677647 744607 269482 299399 465764 164476 23736 347140 203765 231480 969295 903855 661158 634678 865152 399353 742149 992946 630766 34372 343953 275764 302042 341700 389162 390299 593651 909506 194289 924047 725120 248487 822278 923504 464375 392984 50356 461235 64289 418153 167900 491834 373389 164611 509528 407754 569583 932387 450665 689572 18691 193054 663842 288134 395506 845194 72945 60789 820934 674542 942432 21614 274350 30333 770617 853887 895681 632693 139405 340765 729551 321782 627974 382140
650575 187038 984410 955859 61033 67154 289218 258581 48129 659696 743243 601210 384915 93481 403816 268702 340201 86290 989527 210343 813787 333011 45489 564588 85594 261022 514850 296588 713973 70302 590620 943970 40942 553151 500053 447010 582400 87550 770696 58247 157558 490355 952274 578057 569464 915560 950253 42573 583407 227605 45805 118082 900715 165197 79877 808699 332025 526438 577517 927828 836179 75500 985089 67761 553859 382587 259195 514907 175613 714993 948746 716560 557726 533593 924050 388712 90789 967993 105365 463976 202771 617029 744032 179452 731327 120960 840535 869910 848552 15032
642654 484803 581274 153251 406938 621011 772902 281483 115456 392371 637620 28174 489179 512722 492672 791598 435784 822309 581011 513007 213458 255922 854779 953916 109191 804163 522425 370851 332349 798261 123675 611243 514283 709919 85752 644474 846862 721005 647366 506494 760426 403362 45419 561708 281163 788463 448612 955701 75477 811562 582012 187824 553992 17689 620187 945937 461017 212670 652944 604021 955386 124485 555191 839681 183396 701052 288576 405172 251866 83319 383895 43801 626639 570351 948388 459324 963661 95473 20441 545641 322512 803077 474385 873405 318020 715506 250006 251969 23055 416538
958833 443200 346169 999064 150012 401630 683244 117352 205275 394559 294947 104546 933086 581845 436553 887495 70965 629130 301806 411348 92937 532530 980666 535285 284641 956594 960692 167070 957012 855210 973431 817341 971722 259374 843706 426144 53006 291966 718320 644839 26581 658972 938555 842739 376454 896855 10481 222396 409446 837477 472328 729257 115056 758747 849909 469677 950249 926785 8951 38145 188409 410790 41864 993233 572061 81347 147317 462082 709539 368372 184184 880629 768340 187491 930644 44789 192562 568602 842997 880110 379694 182495 750079 168978 704422 359825 293268 861790 328989 384050
333344 842396 531798 13535 211744 305656 350098 908831 961945 486453 169570 867159 906078 606268 521612 976076 377336 877713 613407 835209 250503 302802 144634 493163 909080 686191 649921 688532 926048 407143 909802 795984 225577 333821 405114 377941 764201 655897 667444 472490 433428 51390 369668 650199 599641 109953 500241 576464 542703 682467 421844 362328 520446 987967 219943 847413 517804 475496 531984 107032 196777 550186 171738 982365 631642 114782 164734 145572 605904 781487 571163 260149 351462 149078 705616 635682 191184 983441 850546 114974 523797 465015 740650 648715 705564 23444 873873 192975 530181 779402
342883 952200 730138 696911 570921 556629 359220 198233 391706 658988 792983 466183 263794 817346 804266 786896 792548 898645 393352 132647 939428 204972 363061 980469 749216 383263 908033 366332 493793 171978 798168 363305 274267 668797 496074 685916 125215 900616 680270 925783 687844 982014 53695 342085 790847 121081 551921 58305 254444 863054 813906 571889 759023 297016 572024 582160 837605 150800 670514 204004 570119 417824 251346 181230 758927 853910 99265 426169 886046 843051 789797 748648 60682 711305 812871 491989 969082 231864 95509 991795 370292 925769 619449 244117 579413 84876 233185 480935 776708 172615
165303 158771 375500 958483 960755 607645 184374 279210 91402 518656 654493 121568 127274 598429 545588 861718 701575 756369 335838 265356 352243 627800 866282 330731 326869 472610 45015 124852 389230 717305 368513 915511 725799 4326 147287 147182 931306 779288 602537 830048 302802 417226 248024 707493 481426 702403 30082 796255 533318 36843 612322 171636 738288 993717 490361 602908 519706 880856 59273 93910 357123 520246 342513 446470 335424 320115 449993 903888 691490 446252 195980 889498 464325 215709 330330 760418 194210 481572 263948 295965 195114 201067 883608 370974 932860 462561 480577 484683 325481 52701
213771 54465 50939 773019 324536 445274 324297 684002 853624 181924 375634 312796 930608 673501 590288 980881 817285 691477 308034 583895 325973 922 730747 848996 482419 81814 234791 910277 251845 480438 965157 151108 924245 179533 570645 934010 88556 426431 756177 729335 626237 690690 42824 55469 565648 102790 882992 524191 642985 223946 316149 222440 226818 133791 390052 71862 794191 888163 768320 734640 29089 351893 502492 732728 622854 913260 51023 407138 219241 739388 371445 312017 469114 849491 558964 252805 113871 366188 734974 827402 915005 49582 570178 161093 608438 845669 925475 515816 584204 191911
256454 796069 329506 159422 412865 712564 49159 708005 893414 653608 680660 339942 705242 971318 602716 26384 453028 493917 774923 345479 810519 425696 970290 413791 95333 111734 299617 997382 626379 927639 111815 243026 620098 77422 219329 284980 941193 630099 866970 702980 536959 218961 467780 892660 199153 711846 407746 420805 952809 214413 275957 660218 222055 838467 915539 866570 910345 788523 880368 321525 651386 212902 855137 83310 546983 979196 497546 967146 449928 80332 176660 59597 83057 669334 960966 557480 486227 1594 961830 177630 101688 854622 447839 697334 239394 387204 257686 33223 219150 408728
925291 594733 769021 254381 405070 201725 441080 495771 211676 443490 719370 565943 961148 952460 902547 767071 481709 826470 415262 485504 160636 86990 544804 828521 427850 332871 564944 348830 544436 187123 485741 289853 386661 985832 845480 912193 696237 395406 354416 271077 150608 51203 491544 195935 685299 476126 176889 258773 236238 258158 396013 206963 171922 821908 229061 68119 315665 846194 716625 484026 375256 545791 224123 252406 707049 232402 713859 893545 423203 840517 490760 79253 658226 49371 621855 701580 8400 856105 87935 606574 286919 973255 531101 816325 376380 98898 816094 271110 3861 848906
622973 15865 777689 779095 741215 434594 293775 242569 700839 527775 94948 61203 579905 464062 16196 98090 216607 557150 794193 733780 831536 720114 276906 116542 458615 601006 491565 879034 212032 383257 687727 542681 102231 400908 377973 997707 318918 427332 779177 987584 576231 722287 291035 56504 467867 67714 903273 851719 793915 421389 630225 546551 499337 964477 313409 374255 176850 194569 304445 544355 540334 177513 699435 969692 558793 663482 945984 814409 85035 655597 204086 517797 722677 924531 128508 554948 48778 804720 135155 497787 513645 586936 953412 881492 927829 340462 40484 313361 388882 274453
158791 581133 812957 64220 470378 647874 414882 673703 184045 752917 964838 88826 198365 49792 305242 71201 368065 660588 442019 608758 412141 50219 199506 920791 888983 591346 937475 730199 259900 538469 236785 957039 106970 206697 78177 280413 691665 557324 928315 809753 659927 426166 999354 511932 859546 345546 651424 351526 959460 477850 575771 942253 958204 159448 108051 184213 976833 538420 427272 404725 558120 680165 317275 189424 433170 677917 577999 598052 198316 205982 126508 214789 302624 166006 980473 408280 814384 267931 703575 150471 126303 428734 647375 694627 687593 66368 563147 634364 682892 58346
908460 454040 64160 615588 769210 73200 920759 617007 588507 786107 530433 213867 37972 798821 132676 795566 352178 573461 259547 691236 791480 853100 812838 367303 389939 989407 771819 96846 927647 605952 282453 911568 816885 568014 40761 442107 49999 930727 229292 780616 419158 56803 365362 155248 411975 566213 887063 651902 264308 58105 428303 988747 755159 57650 198367 210556 299115 870782 390029 931031 928182 26427 905389 460053 990272 613609 255416 153433 719808 525391 363881 195932 608973 984317 14478 710365 847205 78724 926955 524308 679897 463607 685777 831192 795656 678637 312801 258994 653413 908060
148329 746294 851505 667640 884200 153973 968425 538446 365414 986551 203927 564422 721470 620017 801363 874051 115870 901216 759324 952609 321044 832621 913928 666215 86904 618153 181559 406469 139022 357888 296149 460592 314304 35799 492787 146611 961498 491413 577944 19070 897292 979247 496439 772880 472026 661 82166 50173 430228 855095 175179 359385 538128 669280 115550 353559 40927 557957 340023 703988 75667 729783 499710 801358 686788 653731 52682 695746 411386 149872 751658 900131 398672 38382 575677 990331 610769 684517 782572 364244 249431 466126 93033 362924 671057 68092 65032 946354 683403 956982
515464 651672 550900 973903 206943 181928 394755 278088 336505 881088 744113 400227 283598 779637 726588 144522 997646 860354 561695 979688 995660 183086 544187 725612 431833 281279 132679 118668 806226 865046 353701 169748 266621 635551 57640 750586 653835 624883 424745 219655 281042 647801 134360 625041 47253 247336 314505 290559 309309 569849 215545 301924 754630 740117 95197 818039 858454 95786 709533 226584 90007 758216 692974 622882 154987 360808 987351 683339 550686 361583 247128 580402 899142 630242 872759 238894 209711 407639 938893 64855 415877 833059 670907 431283 440828 951753 733582 730237 375689 180114
975135 210139 114558 983839 826376 239388 161659 787666 217211 348843 784729 243602 620017 860456 83936 418005 317709 395083 765456 849 443438 372456 811057 740322 812501 100812 310740 30372 676039 287122 107472 633382 766795 987913 789863 446176 121252 874430 419997 103319 486986 867595 234313 921182 260174 529296 722665 898342 449588 67977 457374 253069 22238 419806 254428 981850 893354 292131 323249 105606 663787 903141 803352 939113 841030 673311 83739 547158 304017 457411 303567 638946 773406 321407 35365 503864 388849 491391 39294 463282 434445 555037 427090 694096 468752 177236 203603 686534 654298 830563
4086 500397 99038 158146 49930 14587 172537 71402 536400 920455 741634 413292 802510 35264 666795 392629 219239 781345 899764 186566 304362 567587 472095 114121 643868 792782 153913 701186 858373 48540 772372 693111 542473 256613 657858 550 323895 376183 569442 585511 519933 717536 837097 236069 761398 823913 571341 546149 119781 830049 389739 816380 438980 537408 785376 26545 854669 920516 44537 101542 286150 478229 720115 161815 15805 183057 912693 324412 194099 680511 429406 952325 748794 881574 533843 155556 743050 700794 87160 293937 17672 521269 849736 499425 314796 231146 996652 397174 964338 718961
829376 855903 40903 911113 214972 567019 845643 789139 707177 535579 10746 347517 864555 434558 540095 449957 166325 57594 104638 454049 932053 777061 320151 419306 112012 617874 633642 240191 804995 207307 748125 865932 551389 31593 837028 442710 253797 1351 625815 799682 768811 379292 113429 437523 586168 731 174084 677438 105864 881494 464681 674873 380640 237209 342730 855898 440141 334692 302991 848364 428473 793498 768614 148633 840366 107378 568167 793399 374329 742684 707741 932325 144653 644367 622491 798526 567794 740308 131672 906960 347725 827228 595209 755712 277579 335873 837543 302669 147930 587783
531702 852299 986615 464350 381190 881577 877589 873690 734636 386313 744246 341410 959705 886775 176005 5596 955028 948528 420838 992361 613665 632395 965961 722632 46421 496650 892825 98305 293061 782606 705269 334596 869475 243397 685244 23616 779858 174368 518399 919803 191831 623023 641495 939629 293155 758529 479235 12141 382715 897084 813080 490604 44279 75841 288352 430078 933118 739021 816825 283272 262889 285537 93329 252515 420183 737676 48836 434022 447845 541442 678582 19548 873818 243267 532243 758815 738894 849322 665079 343111 884612 954075 427840 7118 367918 780509 807240 867682 407885 645438
588184 146615 220548 628758 602842 648427 418777 448878 69153 378262 701879 108877 621255 976852 356647 96694 80751 387332 406900 815799 54234 151195 278166 354434 759595 851614 435422 304412 797748 165172 603388 609385 81433 94607 328587 754569 196437 327125 945235 247159 845446 500636 5982 355134 95483 88416 874315 806456 935580 152495 438854 549234 475584 752948 605924 649866 758581 691193 687979 30036 666652 361481 457289 931696 563979 222350 882193 889648 336066 302314 971644 368743 518454 747336 859381 897215 338278 601531 257255 679585 216901 761046 346266 983077 31028 497302 631451 618953 722432 314948
972729 964442 522302 500207 262009 436594 12997 932293 657811 297714 280344 577880 378520 295454 584954 650858 654068 635184 82832 581942 13683 487771 891421 466902 385717 669988 363189 793434 986005 163807 76325 364851 509147 420607 580162 749977 728732 590553 811683 122613 593454 612665 875368 239523 434482 501574 483780 725885 820192 354667 806071 109891 162875 100290 183906 544830 989603 766171 21963 109544 894731 235915 581028 465185 219704 275913 720541 394682 372723 690709 878134 649266 981429 105579 61685 392706 610848 360319 840542 14859 59903 577593 256177 614233 568630 308454 259512 186636 948024 144878
639850 256715 180702 139303 538110 937303 326987 827320 799029 636711 273779 318556 89481 657418 923317 607867 929100 405836 319628 965365 632927 348311 953760 504594 410458 939523 533101 482839 935985 49214 482625 482690 731831 233831 577939 745141 957004 282891 243948 70359 529170 776569 324059 917146 749554 999818 789604 797811 754342 238910 406393 589737 564647 843973 170059 200552 251196 919935 227185 554091 389978 65346 458325 966622 632144 685782 525581 860309 199665 737762 289711 475541 758704 590326 248099 271825 727530 583818 860890 991120 41337 927822 70616 303664 103472 251647 917317 790519 571026 156966
434864 436842 600072 237569 223290 70776 152832 736537 969122 376003 419728 916367 718052 668308 805923 347444 685540 286900 984818 959517 162733 331650 580406 542083 225926 115925 699667 125525 21622 626651 321899 447873 802059 860630 461396 800366 9765 321263 675332 309781 327091 774317 633629 973835 346593 47411 380615 58234 552655 441894 755352 710708 568880 561903 171234 858254 710749 278102 545115 44336 465410 329863 165723 307671 534581 676384 649389 456285 352790 885090 966289 505528 159020 828296 468519 744118 807204 56135 73191 21479 14996 865907 467338 859376 163365 498316 770578 798917 682042 663449
777886 517450 214935 97177 558111 581584 523815 978752 14731 125672 299431 274082 437396 26257 729275 19051 466094 982585 465253 858638 107332 482245 118003 476299 441536 321198 955535 353343 795096 526733 132972 794069 401010 149259 193691 156167 671965 759716 116214 268123 52378 64778 734056 115889 29808 455867 433473 136662 516184 513315 234544 867427 348254 722058 148271 830945 282108 805491 298025 887150 691450 99601 932430 805783 873402 438449 123547 652467 3654 81184 272547 995396 490199 880831 755099 928494 116654 551606 601642 771975 960927 277580 995957 942022 249354 610946 931438 327313 297719 41627
909954 893574 805267 826742 322660 158400 792524 480789 800777 852531 691848 377330 78430 828574 954471 332069 842124 141133 443239 926285 488557 865452 793795 337698 434003 206149 594339 241183 730053 357399 370587 195359 354710 235180 325252 276974 612807 305369 827697 854876 600666 679058 332068 714042 808509 619794 238405 828902 173483 587348 224164 919382 538292 717025 461651 224334 674219 343650 368059 90457 765671 904608 657423 396136 878896 191741 967646 19152 416555 231304 76749 411536 280911 576572 939101 911135 20743 232861 112182 126188 677950 358490 294874 690473 815527 842515 217477 392681 819107 544037
839162 291161 866559 938934 656734 796631 275734 563188 878513 428446 981924 804282 184083 714768 644255 718735 993945 282687 432522 461546 676925 391326 544524 591773 90117 458516 184378 393296 876242 109465 117486 425859 253617 218626 640382 525814 549792 894912 781808 944555 71180 433255 259542 485990 602742 628444 336392 865471 893428 260634 1985 779598 378836 530618 587804 547511 723805 136030 437930 710616 387031 859773 322192 412092 263968 447197 124325 999906 576216 263674 252756 304829 822555 209590 54336 693973 960766 816518 525631 946109 448286 659577 292854 364667 517346 667110 231657 311933 383544 44743
39134 1552 904869 475795 192718 210396 6142 258089 849063 740343 922081 763239 168702 692637 619198 457495 236385 533003 635292 871154 798235 559126 124299 810457 95721 821233 121479 81342 709543 189145 317267 367783 533836 441900 95028 691166 76147 892599 470307 832245 552082 650818 658748 288620 897977 452127 907352 33021 218177 129184 885718 587292 342031 922248 467317 351108 878386 336927 19245 950867 672692 535173 263370 8961 835836 494575 271561 383009 628692 904201 365430 199109 679279 437290 183967 953190 78133 614213 49175 766983 558214 310490 297311 500260 779184 606716 982834 346758 9533 139388
547256 496052 420975 508011 594466 72973 209400 698420 3113 177668 536780 563982 722051 926120 614860 273003 940588 818600 719122 519532 721756 514700 443409 548251 380373 162337 981447 181255 206224 993924 896106 440710 686390 771789 870017 836933 946474 834851 765768 482223 43158 214011 878820 916771 531320 535719 585797 371431 340430 72128 973234 481229 88832 439356 729842 961780 911363 88148 74135 606532 244418 772181 733209 423102 16994 854371 633103 764661 863944 259023 67995 132888 763068 65001 287166 782326 9576 738727 191048 460417 113804 872029 185950 801298 351844 614954 382121 249010 328460 667681
426061 991776 205613 689581 201024 625234 660875 792530 985633 277341 394784 350689 956212 892364 289008 477571 869101 422268 768350 177999 213388 642814 523215 920754 796204 262202 443780 989025 730789 287866 65546 454627 14360 232816 83494 524421 977956 835207 404401 404159 454304 738765 348542 134370 418109 526411 269562 423965 325958 444843 242106 379803 329173 457677 109844 901524 65973 857237 284969 930681 561842 135895 897416 470721 785607 467089 90794 152354 673745 194254 497522 266521 587493 225830 827278 262465 846613 687585 55691 887773 334259 648103 702444 195924 383356 722664 724165 881197 208891 609050
620994 376302 597521 216636 517996 924826 106786 781786 28406 839858 416906 599127 227211 831506 144839 574735 749008 254068 281503 267789 552918 889327 170425 801363 160206 674597 579785 261933 371080 993148 914024 251061 669626 439395 364864 132402 891757 433831 74332 616783 302220 927962 874506 290002 458096 665792 96341 540584 351511 770878 504444 781909 221280 927881 642529 472785 581588 293559 32278 578750 370297 524101 548251 54880 362732 375204 736132 717978 200042 175306 506723 950645 458030 335441 365653 628762 221315 884530 993966 939748 836774 877078 167549 826206 635236 494365 644071 207666 459493 804462
15281 546121 952227 884334 135437 545099 453571 408097 822444 737441 203457 809441 866713 455145 490083 194829 491117 22595 321994 188224 519333 123274 922289 507136 217981 664937 46576 750090 472262 922362 923516 931343 876578 487654 828078 706915 715325 944921 961670 631128 561906 892268 779230 913902 382021 840135 369894 16866 71009 651534 931372 757080 368873 733445 778944 109445 647389 863885 308409 753290 716253 220339 9823 414792 45313 814615 540296 414005 408879 324527 489164 238169 889835 100394 544238 823919 910582 606676 547665 550 467384 412036 700302 444792 362213 700807 921947 878419 1472 653098
34710 929562 682643 368203 115024 930576 169564 441249 742211 849332 791158 926402 425220 452689 45070 443813 457384 919814 388856 423242 337021 466917 19201 41088 68575 925215 32088 423372 403765 380239 955241 468434 581391 805503 848026 844403 40670 137721 522665 63114 578254 539534 773295 53333 78717 975012 610431 383692 110529 169958 81055 694256 222677 878562 58389 480985 79031 478191 784654 287197 882023 393485 338636 404686 64130 747030 167181 838298 658156 619652 615347 437392 779535 23716 57163 929658 856651 68624 814776 108505 361637 154373 971111 461643 421300 966561 52556 338538 346854 241607
978458 734602 582309 146061 512018 95694 465980 731952 483042 552412 886133 741693 913609 515089 360819 427917 251387 435505 138955 213013 414 174810 763637 558187 678673 210767 725403 26883 294065 11334 425627 393323 86007 661270 949057 684451 659183 24298 360937 815328 217963 639026 409084 14786 886997 878782 245045 629422 603334 884285 948517 636010 42845 745045 628764 389794 604304 210213 801263 717593 213565 807003 809698 641550 925071 317092 978985 438212 144213 193039 486227 690180 6783 153165 666372 218524 75911 179911 435184 410827 106205 731493 206015 70158 420482 679780 586917 471421 865236 346142
437762 211201 648955 30377 996186 449802 78129 834008 188764 393359 927734 85554 532376 777026 425900 303030 30064 12667 96264 308642 975722 981034 446470 950233 479370 906922 71792 529795 249389 368810 720783 818202 659040 183388 686814 622832 823230 978122 730015 899672 748215 816522 501795 123163 888794 688772 699066 826408 114972 711747 195859 450285 358729 90950 152170 25578 162093 218486 615503 704957 697879 308101 138263 44452 595174 930906 971562 453973 975166 628950 387292 41903 574778 791824 455160 186588 184945 19456 361535 248347 584010 724032 663647 92512 6235 935570 788280 112087 78847 765798
860235 859206 598323 382187 150712 722544 909378 231352 704710 171317 671789 453096 696059 756251 160077 455258 477782 694138 920924 658485 133245 996412 266747 267901 778118 427645 684584 663680 903584 136868 980798 535526 303598 321855 438569 755129 272600 829228 567508 814345 356095 837117 628977 209329 589350 500709 797230 706360 386383 396028 539937 257289 255402 655835 28007 277956 25867 632959 932350 664941 94987 391920 229063 257618 24600 439794 498082 234342 75115 85578 278805 828556 775499 797387 27374 56238 260507 77781 262567 716693 369968 447394 635330 320266 592279 863183 711865 637439 508453 856026
968462 376176 903510 765645 314489 103893 928663 298060 500952 717499 949094 112530 551464 662759 71861 949751 427713 183686 240365 375144 67684 37756 116603 709219 52923 478061 311835 979212 265381 614344 432614 500671 966352 290611 782796 66186 477579 629406 406513 346579 803799 119939 15412 597868 807372 19482 655579 241523 975120 536742 936576 320559 482774 507035 822086 196051 744297 164739 867251 754457 388129 741850 87285 743019 609845 769321 172308 18575 467439 337967 620025 351921 215882 503578 624502 583727 712949 911377 608155 696541 821540 217808 965950 2309 864770 196799 433998 601683 535756 38298
907358 63459 254895 740381 108372 365339 755275 502823 900632 502676 664104 760084 345431 36523 489280 194367 3279 534853 960945 922028 29641 498658 947948 855741 9178 189174 127965 247551 788362 569938 83364 873989 986168 461361 693057 758098 969774 327994 919516 660917 866281 662009 85053 547568 889698 155161 156187 258174 52130 880864 499251 488627 95184 186220 706072 714152 294469 608523 831853 64610 4459 72222 821849 522882 750728 261177 691513 488044 829856 306785 273798 537826 487991 416987 479002 792736 306696 965951 69432 125425 906967 31432 739669 343928 622593 347146 385935 589948 363216 591399
787581 894681 720654 121507 548194 921297 910495 159200 631556 807958 921683 427330 90386 412456 472676 875799 458310 662703 191119 925454 315620 944075 62184 307570 545510 756609 428048 581530 598867 823983 566788 474974 399016 770534 429510 494761 164545 215242 137488 690507 291082 20441 362102 653599 722370 362570 469582 694274 243844 322710 119732 795002 950967 310627 878136 670740 352962 9063 521239 583412 781659 966049 186555 559504 933953 210541 384095 433582 530951 947803 111286 643806 947920 528399 126726 841947 498592 837773 349211 494720 514800 737620 913609 244259 255857 68544 309556 89285 233435 979901
745062 241825 695053 517669 774046 107453 89264 361515 595986 584324 346824 454796 822138 589567 640897 868558 746899 557163 462074 560771 135993 252035 246268 376365 774666 891792 871370 353330 101467 348259 188862 417214 308082 674542 757924 329517 186750 237965 228358 437533 330333 798674 97781 403063 622334 610794 713147 756848 964343 480779 655130 892800 666326 437908 823882 393734 596141 557214 515763 844852 41828 928612 870015 113646 995836 511918 463408 748395 110123 428104 282157 764971 553011 11376 638319 956531 695906 919106 302317 613823 557696 374896 440227 260562 334650 196017 401018 671819 761137 672429
776866 123444 831387 153195 973274 969396 589368 844161 144942 58223 509775 8940 510556 996201 492913 93276 997840 876054 211728 747920 345590 122234 254300 515222 110222 2863 573044 452174 956117 573594 972973 430799 158973 50586 977527 583169 220503 907007 447467 670605 265367 782960 184400 117059 519719 803235 416957 589782 479780 158060 619211 210259 563094 737454 315801 835535 155734 350819 401856 585337 330677 10279 84434 983922 990493 799649 310299 596521 451557 405006 304465 33395 853303 912872 498547 868990 187475 283254 79817 19047 707690 513631 353293 700431 899870 612587 24549 941872 996590 828885
766605 607907 593324 295094 336876 770787 899875 17267 912738 958320 710140 77215 550329 162530 856285 666404 681223 582864 721562 103962 817617 194057 326469 548712 317533 434293 876807 903095 145982 981494 567250 221854 649763 928825 57099 587607 452081 870075 910611 221277 454195 394158 216914 281485 535564 204046 239285 75205 295085 225596 882033 175468 268361 377050 75224 15649 39234 117132 106608 850809 797667 661352 692047 935405 145441 841223 67019 357106 698086 219914 477119 153715 118165 763603 617483 9957 827128 471201 198554 834849 460401 89159 309788 1856 838841 645229 81994 523904 708725 368944
617588 613617 164003 952946 238421 858850 133838 721156 919663 318485 910132 607349 458507 561662 178506 128992 244607 614276 896244 717815 329572 546378 673608 833789 709243 755425 786107 480453 757924 127481 814692 191138 301870 681703 485852 639932 735788 945275 160445 488584 840725 293741 364876 517977 161814 330689 492503 495669 273522 175808 567257 920625 18209 937507 2651 569399 682018 492499 876360 375262 57138 339124 866238 780363 175259 163791 586548 139274 234344 106120 630835 298166 178104 339069 789659 268265 543636 11800 149886 560658 43667 746564 510323 305985 89706 412858 438413 476382 7243 497222
878918 699240 495828 561922 332550 870699 425537 884479 254376 172149 179462 108797 157022 500050 800139 835102 439581 728328 142534 264607 135810 952867 314767 262213 665384 788485 8899 308739 661248 838459 854427 512164 696321 992355 233450 197750 675403 690020 130120 437486 256424 2408 160814 278915 625601 39557 520582 408535 890266 105821 581610 683509 318386 966450 833070 600587 97832 431896 970777 677200 540745 870384 635359 998246 155883 67190 821100 678458 179151 490977 339575 191979 604301 239775 986376 196398 543278 2257 879112 780510 813803 26495 529848 291223 989902 100501 225801 428022 415118 146701
437154 973618 581750 217517 542896 326950 308468 542251 483879 741079 16291 777330 968760 91048 50090 784691 360179 749351 186145 714339 801719 58504 296985 248319 808192 875338 279546 775658 747696 28202 471836 682108 671163 637918 955946 739493 761161 441078 615590 28816 941846 131897 166448 257584 768288 301891 799068 152178 530370 36291 605727 339655 148697 416795 212496 320606 40764 803623 556804 11325 13237 403785 798173 103493 960304 333888 681119 542970 717546 391718 374759 940338 107431 497283 673383 608107 983460 830800 531219 761016 878712 576554 286286 470897 453930 67331 224011 290416 847733 609554
610432 412177 122732 862444 259558 230255 97696 514919 765667 353288 203945 22934 694445 370868 854282 573704 939775 827951 838382 195174 143945 786016 636687 561045 483588 750076 745891 701406 695719 677124 608274 881376 207919 516196 864556 686587 872257 435671 841537 414792 153384 444702 623668 431892 44940 115341 610628 496694 896077 494304 470670 566234 851312 941947 978589 399643 320146 518765 13965 827144 836807 105668 959514 158711 220927 969780 941563 83141 522300 326155 244853 997532 736903 621557 105129 138907 322414 75733 546417 878212 760123 928895 391603 208394 60968 304470 729863 340235 933900 443654
814214 431919 133290 935238 113655 202009 609572 511510 788036 526311 799851 513410 661473 800297 655176 77108 993013 924750 927157 786745 654113 198801 97694 148941 1212 882146 723082 517550 655334 304773 519269 128654 290408 125152 513035 913656 583837 947833 442140 845048 700742 223898 819309 275142 201282 493727 11294 625842 701783 820466 258061 366832 784270 61239 842663 548714 602413 308397 566578 401233 466883 122457 881927 601407 437204 61204 164457 937385 246999 376118 522710 409613 497516 400541 10179 13669 625020 660166 463662 209846 928362 560902 499529 271241 239921 970696 633212 440121 683401 296376
969465 324503 241455 229680 30563 676391 506927 973582 411859 693889 621765 173810 125886 974399 262901 216573 538402 710564 605812 739192 33301 268920 310082 752102 876843 800594 819864 576391 291606 563794 319950 761353 193551 165680 815494 915238 337072 340278 435759 583797 847080 812272 925070 20134 46496 463170 362115 81847 701284 42271 712773 221193 740919 718183 721747 40281 948701 24633 328786 172690 401494 652028 991269 470265 236586 855672 998332 411392 51476 792084 854068 405785 117558 181971 307134 887745 861208 380353 797321 880231 534578 902695 989060 774059 791601 537256 177254 78895 306700 277831
502106 291776 612486 230652 524141 155692 805339 748228 560125 340497 197714 104969 98930 954595 250487 97644 808590 377783 749007 269260 344748 412483 480147 822544 435768 482352 984672 778395 950029 74139 721199 469248 775299 119082 559408 689560 15140 871186 839680 847239 484716 508839 775740 659828 578468 974203 917952 575162 860990 778824 449870 165178 37522 487080 861362 440298 77620 810740 230991 332695 354355 735516 169755 758633 369191 889871 216523 124998 863181 774558 641511 426119 687721 8966 966308 955445 731346 158515 61533 287727 352665 380918 332544 515721 601617 717944 682690 594694 542642 97842
20597 985047 74935 68379 793788 859278 454954 956634 184686 681173 389325 713323 755016 509431 230771 634955 283454 638973 942538 860671 174508 557049 506344 381122 660267 767254 626279 116859 898331 479433 128029 434553 839547 192689 301872 205375 538279 76991 816493 149160 838196 613805 832623 389943 853681 713809 849689 369879 746241 364291 682071 942529 688331 792997 36702 498064 453822 257242 688206 752770 651828 63782 650368 7555 708454 888652 782137 378026 900286 550410 138862 904279 463335 549917 506441 795040 90797 447482 334227 739546 929017 434477 64970 337301 692323 741251 737236 906661 23555 111863
562670 439639 839357 737699 494913 543197 860482 69456 114243 199359 493641 52514 151559 499330 613971 57886 841412 655715 438918 551669 391902 945613 331660 952115 864693 865600 657098 390574 905530 198090 631371 552155 313707 170210 201458 931798 889698 459234 147364 821143 147154 414058 692236 277903 558375 185715 376155 187537 43768 90496 23226 889044 470181 823585 283022 163974 380387 587901 825602 598428 49652 354920 907885 965782 731127 416208 507685 215543 990160 548503 22356 367541 672386 559325 804431 890333 64772 512651 538869 869784 799046 787740 171222 209365 194223 202368 513551 647950 517007 416738
280786 356979 402871 659759 129724 483554 801964 960666 107502 542004 910550 207147 656299 570087 364557 309477 304260 158198 488712 718647 76038 807441 936746 510547 167568 50902 729940 848153 941088 783630 392212 942833 83010 319798 264837 755213 957426 518661 329455 124495 657885 535551 859211 494650 61685 85169 665639 690424 847993 572746 701892 650546 905368 474136 83620 752792 547314 167928 110440 39695 308341 863956 89384 845 49208 347845 668521 491662 149629 982872 207557 894926 83339 319631 933121 490517 598115 299965 784318 168348 489682 246 368040 401221 930264 140689 597205 544541 478631 782478
678196 907802 258329 595462 928287 153334 734184 209586 4292 97529 838336 107115 77042 560679 392386 112588 220177 949224 909119 117210 666247 783200 286052 656805 377550 421741 566392 265545 444297 190798 445214 586771 764546 355293 598060 24285 531111 556428 288044 351267 785534 202302 759808 512724 287494 316046 880705 181957 616196 44608 863695 515709 500134 959240 685257 203914 655979 713645 128321 435521 672153 644448 871857 759178 628628 542383 271445 516058 76175 388717 352199 54860 853351 515234 301569 393411 764550 154307 3118 790121 392393 361081 909408 282675 434348 736135 966278 261302 367798 208436
295412 993851 618530 989102 949365 202086 486302 500240 505354 223027 945234 641382 194004 885755 388556 368818 236502 151828 187726 170883 363849 367467 66877 616722 357947 584552 379284 422685 28540 514069 773473 687635 719472 997059 123576 413392 238393 642446 215809 198580 242643 314399 468169 262698 212673 285600 913731 98179 50784 577011 650360 510663 526234 203303 939494 688591 621114 674081 707003 971012 699788 188788 261961 342840 766834 154338 982736 283554 451793 705432 110000 695866 20250 340776 552775 205016 286977 322577 847438 772287 928232 692153 127457 436172 857728 834362 396800 137755 533323 111553
632195 926248 549357 806610 625375 568333 959462 155656 922109 757053 244975 259614 938727 572189 525222 187231 228538 983768 710712 666659 441029 918629 170547 405040 871668 496123 894443 882543 844772 81411 530528 11963 408812 197778 711780 153410 957759 107237 91440 27032 421930 103075 657567 231498 621967 63920 305748 625536 438844 613297 787951 753292 483867 928728 700002 892639 349371 539998 461969 177151 79408 186475 794156 767188 307370 968348 116206 841120 740609 645564 220749 662541 513209 898413 46610 536188 986017 116684 170469 911405 866633 287405 578458 137718 586937 22798 277422 465583 320098 449718
797088 396008 276647 969416 13831 403679 286975 742645 203393 748892 271299 960582 15290 445757 811827 121282 915111 160861 840343 771613 89558 34560 484810 780200 466405 11244 165819 804656 489632 160412 899716 367500 419836 531740 318021 762001 758232 667241 515900 775713 274439 453670 739041 413442 425143 518650 564559 608238 580713 456215 979215 558434 978433 479998 428855 571292 87428 961947 654282 68938 598853 413583 381387 170272 943610 465190 295398 444860 846022 29487 593363 559765 267182 560757 393287 814463 354447 735016 211677 392561 970504 641541 707516 226779 173841 542682 205045 832669 375114 126721
625684 545076 924911 427705 407179 578927 496824 966397 581437 604646 816748 821265 483272 360016 620533 684737 148973 514715 790530 67200 184818 406017 874559 106450 495211 936033 454651 316139 273417 826080 667203 841798 705709 170606 410963 269822 726375 551530 728483 909192 664090 714454 396443 886311 778564 619367 332278 749584 248943 826012 169953 372412 360535 348035 135547 441305 462317 338506 296534 750456 432403 909150 791249 542693 892729 169667 743657 642188 376558 320763 338622 849895 698592 592105 570682 6765 187137 592015 955120 869164 764234 355425 932190 245120 594069 316737 997884 54147 177629 205524
605683 75204 861410 723511 262339 717749 864130 910211 454686 465090 435429 32090 148434 51184 442604 677459 100116 650181 770004 536744 45326 310138 739219 906926 375974 642273 922034 240246 721293 559308 866957 849909 802081 729341 812194 782817 806197 148808 623330 226949 846603 152453 641961 717459 77472 872382 714622 307839 14718 787676 13630 445520 682550 67793 441230 984233 530435 274206 237834 931043 911911 595030 189814 166870 837891 39131 827121 518350 413901 482228 495452 125220 934994 869118 396211 329618 552055 397304 377073 444515 222275 509618 800626 188988 861315 366970 401736 636290 607907 106065
78221 648718 20847 238839 676486 982631 512517 570700 436424 30747 300267 206467 382206 971262 864418 457870 430952 984686 507306 544734 412716 73074 685427 872341 675277 908943 851129 257701 520488 992926 301916 548189 58323 340586 774303 747500 905034 638297 823866 60511 550807 443535 908344 6787 627803 419950 527630 576329 239744 386231 937612 842475 598305 54773 360243 77953 101783 481999 1630 817033 333438 953471 920628 40526 30070 213745 354903 830308 197268 807689 66482 431263 158247 247830 898545 141853 368251 364191 111681 171951 41195 585693 476311 131448 847484 128961 292441 721749 393993 273320
424188 977644 633402 992895 858812 678941 835640 713836 454266 693072 687084 72739 430805 855422 735727 657948 343987 542496 998623 528859 916250 595798 628950 582890 764719 514413 660567 49192 546255 119712 362345 96321 491122 6774 123002 473063 818941 732111 201417 5604 791811 976348 629446 583866 435432 397793 363920 356291 466305 717016 96275 504088 896311 41549 667953 806858 985542 236941 662764 109712 791897 453426 643756 226638 343215 779518 464849 653979 37173 355592 86687 431672 145370 300900 416898 813008 401354 133277 954891 760861 949839 948127 606705 817587 98291 748147 431810 469183 100095 928315
977173 132810 23960 992931 463383 390070 542516 490756 827198 846271 871778 736452 284952 754186 197995 160053 188451 384220 910552 242574 681528 407345 745998 603313 567063 774041 850932 484982 582986 406932 526554 840395 803478 866605 390816 943275 25967 727809 388278 23347 327970 940130 992163 208858 547573 40303 546681 321512 796377 404997 185842 204705 541063 830601 504003 37438 702922 647566 669156 312397 915866 172554 153343 832456 706622 58119 807950 979939 991522 737624 631769 388068 889634 436220 233925 378141 805238 459670 383148 500719 731734 145384 992170 328249 710707 17537 689237 577258 795934 230754
276507 661974 469387 607720 150080 124932 49178 413043 185089 366468 595082 486425 523965 243827 638457 956073 410930 985696 334929 540924 714233 935742 605726 768330 366437 663072 826124 132067 495141 855419 27920 779894 321115 446914 985618 984366 223921 263693 495392 285856 549744 450383 867710 841130 164094 519773 275306 455691 169602 180031 51266 721450 51561 132946 984466 453376 355959 205067 589377 438796 706113 226052 961114 57491 681114 520015 63616 802744 630590 740642 629693 12627 39063 878800 264028 221543 185412 12119 310674 141666 277542 982955 630545 80251 815038 296071 665735 692983 295710 66867
443294 366780 791875 812587 495765 208922 815434 645727 986678 721910 842000 82598 880315 827969 103163 468218 782161 619814 490878 650619 626129 33154 986208 640933 805417 201642 851545 904431 70537 562466 570342 372979 325028 848596 279078 65583 952680 590169 287151 192471 834190 324057 281786 386475 516992 588400 929210 448584 117790 453120 481922 864099 664122 239499 48373 724715 509188 158188 766258 280520 576229 70460 524855 74293 395353 192746 509342 956427 737226 910919 879160 329647 68596 261139 440741 892134 880602 806943 518854 159176 997949 989214 844856 50418 622885 324485 502717 651867 734901 527954
478556 470365 374166 743310 194678 74432 100962 487767 926681 595121 980716 529571 255304 350086 768854 696657 380953 905640 202563 387152 291355 654396 57177 418396 301646 483200 475358 292031 216063 598568 93128 509736 837743 538255 899848 11079 349802 922178 305588 833467 391122 211784 693110 299437 838539 977038 222355 567671 107900 787848 36806 625109 808102 981366 914645 884336 147977 435394 166137 60997 208848 609723 108952 51175 226318 859160 538522 223500 623385 166941 837506 954119 27903 298490 981138 385864 686745 178295 571649 170230 222333 77736 380326 953117 544003 407826 257758 83370 293637 650734
833234 997465 886125 682298 175535 32674 240291 201670 690174 321522 883719 619698 631687 162686 465284 659772 769131 637106 105125 429271 327183 361719 354614 65045 358161 101114 958082 513119 416824 527060 20398 789810 797627 452767 269383 403761 330450 692367 942629 110847 571440 736567 614391 529514 293120 25432 36882 381823 839784 803136 80112 272174 955708 661196 818906 628792 328020 978208 937769 120822 523730 518238 721317 212756 931991 759555 998672 196576 810502 732039 393474 775572 726143 340680 767906 25834 792486 448991 50660 127309 361108 408570 966685 395469 549238 476182 900065 39072 864875 906314
403544 439904 434795 604164 491068 980566 52397 144068 111047 459038 984942 683538 717550 290758 863849 91284 464925 297130 665199 391301 123916 22694 626479 190974 338512 568547 684872 879735 139131 449246 265943 18955 496994 226795 968747 539875 406814 758249 813560 830112 399296 783410 656315 568061 217333 392857 128261 688284 683068 14110 365473 839880 220752 843333 520623 636130 681116 443522 248446 853515 457509 318724 749487 448464 106483 537576 137858 797840 903388 29840 710501 793089 654222 241423 6917 631557 475496 898984 847060 686115 933356 86195 184399 306928 969392 390900 490266 658479 321441 758680
381568 796809 227300 85866 273045 317720 851406 782250 478256 399430 921188 661856 712755 38485 582283 210059 991053 353025 941241 752206 670761 555911 219234 907511 123150 987981 43931 194345 836750 439616 356973 877826 105132 745682 978187 733193 779256 539489 224180 398061 278223 241093 810385 2139 409201 197516 269477 96614 847531 266168 966560 41271 728443 787604 869778 739170 766620 834492 263364 756849 475245 896505 638128 792617 189109 380774 620554 866754 106236 713860 22593 562198 717126 34419 86450 412853 401552 337574 253476 65621 891170 987118 155404 799806 965627 929950 32096 808918 106780 457660
749038 618006 235215 132661 196382 642695 218071 258622 480007 288698 165980 585654 722085 715490 563329 174702 160660 733873 325891 489003 261660 595481 159370 97879 498472 348619 528791 199084 260801 75702 943665 574492 653642 396709 265409 486995 283162 686830 564804 606194 483665 607080 633845 155788 410618 395943 933657 799026 627203 475273 916819 184354 13047 727994 273335 976795 481718 540513 160873 755244 503397 509896 144834 69127 978911 588531 124173 612195 84592 931675 720365 588735 419978 452263 124287 652775 169194 469891 436081 570737 739830 973642 542013 544110 589861 974127 711187 486599 871733 662465
213849 131201 454710 288451 891692 399807 50118 793164 786181 532313 634637 265191 729438 857091 439551 159500 202454 290273 834314 26449 952247 912506 771894 739120 808121 821598 264655 494590 50568 36153 826782 658133 322793 963420 230985 627444 625690 345799 101086 509773 850838 182229 799062 976511 372443 653954 463960 576868 507036 365962 944813 803822 836688 632073 824720 812123 73582 146626 399584 909366 801576 591790 326880 94651 179442 207203 642251 564625 408704 890002 342681 390631 442130 485633 206674 468328 305649 861778 864194 771411 747825 446987 931425 206825 573318 199569 601757 516998 784229 708383
348041 291213 516493 19450 929518 114883 255842 70024 960140 524519 403860 609841 858916 973110 964369 972868 602239 39337 274482 780671 498193 865941 397589 710076 173235 991818 444199 326753 99351 151994 997208 61583 424445 265050 337838 30952 51145 821552 53581 388022 206180 775939 312807 354568 600249 287754 907837 466528 726330 430318 276901 632849 651771 275386 138119 949986 954283 110479 347977 395632 396719 374627 604858 347095 330560 125423 730861 237629 386426 202652 461657 305839 236355 727108 691157 554708 199734 452278 416808 359741 770848 797866 269403 692907 999672 382183 926842 484675 206944 764555
211771 410475 223924 293060 139302 420798 294666 615360 879803 256337 809290 264052 173414 697695 864755 657258 848075 848296 938130 461695 323057 168861 471108 67705 385239 181900 128402 154115 426314 494232 210018 125744 215326 454016 641732 318308 678012 744649 190681 65084 121980 571059 533113 577903 899299 39189 649980 789662 140426 255524 566988 18576 710336 681845 674478 652681 17223 287987 117740 89502 900446 377793 713647 92381 565573 997244 697899 152846 59728 825783 895909 757281 143592 97828 754856 502146 559432 884556 886110 927551 129133 771043 498043 229238 483042 900494 339440 67638 838710 486102
372545 322416 541305 19430 186299 350857 74631 208843 775528 621757 267162 670943 977886 851860 779146 534216 69716 417444 13490 751014 942255 706138 778649 797749 634207 416130 602722 425044 345059 815786 718159 81394 268359 44915 494636 384747 793282 214232 294401 262513 649231 592227 30668 202983 682033 954236 429247 221673 956504 126877 989742 396934 886978 691669 962246 934048 701531 46230 605305 251696 492590 966382 614472 936327 844797 988541 773720 926303 772472 894520 754729 986321 785374 43807 588386 483251 529513 970972 936693 324627 503659 325710 49701 136029 563085 976453 205557 255973 874253 944477
535976 369079 765605 75457 633541 164750 102943 890749 786074 754866 625420 443341 850518 567053 516559 519533 896656 646351 176565 464488 266010 206180 366876 475438 166025 258886 771453 743154 462465 352567 645169 21791 115044 219527 729752 120970 308998 23948 439365 367231 271962 664241 660328 44919 111112 697322 861890 666229 981344 213794 738182 551182 988241 270809 589376 189450 935995 199033 38102 503947 59022 432853 548219 512252 980812 558140 85929 55939 104867 983233 391364 410751 795691 966186 539891 583 275452 164546 163316 991603 427659 431357 751842 259560 443686 212786 806282 194850 818979 353333
133371 256008 776051 25938 267408 604402 154602 8720 435766 602377 740491 594008 283131 472777 108601 484739 816459 40411 266007 924902 221897 819412 362459 555011 120066 225229 875517 972662 2419 384154 48657 660605 245422 531254 828353 110625 521716 926702 85499 636388 473742 585742 312170 842810 659213 177698 357966 873371 973400 413108 61094 675210 450616 347349 719104 526743 341253 36276 855861 617538 923236 430153 864358 611687 87072 804006 314222 802822 671556 525170 30808 974816 944770 863555 586720 535477 321082 731326 852103 657927 598039 926888 525145 537628 497598 568241 974581 347072 144151 7995
167433 150037 759922 404677 745459 700776 325092 905065 332888 742772 410654 202763 203434 992697 10498 368060 381571 43045 134246 744142 127964 95532 266361 36342 606222 773248 411025 204509 629801 33143 368911 488650 740842 869477 252506 54680 170322 747387 153973 145192 728280 235493 716627 41817 154345 574184 393566 474589 95392 556551 542738 896171 780833 810019 16982 229030 936455 286814 615051 64417 82043 871204 712099 9127 779736 868381 861813 112965 607660 839834 275569 394666 157203 741070 251871 756288 447111 275743 933554 426751 935575 1122 35675 689881 587620 732990 53729 691196 571027 3392
266495 75650 917540 500309 239610 7247 455523 486338 342968 453091 299373 41265 499356 387011 832386 68851 591606 140791 72354 128322 752361 24168 488788 669239 229010 178606 120004 229643 56068 410246 605550 200516 297332 496040 940065 905392 552514 555107 234390 118362 684372 11454 117276 250366 194430 160927 313113 894250 188313 25494 668771 150738 390833 183016 342091 721681 662327 728640 711401 21849 943936 880087 741089 187438 536637 779691 357173 465008 510351 681111 542853 625671 875187 630739 704506 384636 875066 896908 151195 763011 658424 209126 143404 447734 952305 364056 516333 149012 659745 392696
64991 936496 212981 716601 165518 413524 651614 481399 268459 822065 598651 361375 712707 756382 397202 655009 138358 587692 281929 870181 310935 955818 334326 671636 829141 520722 236171 560645 82177 907281 92736 196583 332559 107610 393626 450063 121333 462667 108032 72505 637262 73400 210169 111703 647661 526520 905950 842651 848774 168027 945373 803388 871443 792922 283061 398344 833460 202842 549888 759421 728367 731327 148234 20481 250922 572255 23584 884700 173794 27026 214408 621714 941102 539108 594774 741075 788232 941039 481900 199558 598443 386581 319441 82432 433994 881105 401062 467411 445887 519351
333163 175023 795256 313287 408339 879415 510345 894603 241397 991439 384208 343281 523714 465954 149034 513858 168773 782490 627106 890159 780034 276339 97990 166316 469706 169899 680858 221088 750319 316297 529325 761105 462996 390658 598616 492519 426812 924253 836403 423571 392692 324499 205864 856053 779797 478332 561559 447260 104350 880000 422463 639826 744740 80814 928073 277834 515949 126268 23838 818079 720757 641588 845427 858616 79159 210528 662868 192518 840088 869322 189238 368382 379570 478719 199159 693501 432941 662186 729311 167186 636642 142324 493148 76437 389922 835148 909622 838060 456476 479208
706106 549792 93871 216354 899317 790571 781560 135953 525598 878459 575917 22038 691759 175850 980657 693619 404522 255067 252198 654270 860240 552042 949053 915791 955516 817500 700334 71969 217228 808540 730350 960123 641804 485716 434022 94391 593415 856971 531166 913328 203212 413494 148883 228466 357302 905333 73324 150186 28430 980890 503920 669314 236857 43087 503077 599274 3198 5770 814816 26176 31193 908994 94061 603738 244592 763613 784081 849794 732584 602390 815421 654100 114482 602437 992549 250543 851967 635477 526577 299673 601479 988099 455114 322744 265832 432824 463765 948657 567215 397459
355782 217021 748360 303866 860248 220429 446373 521210 646929 799793 150342 782028 343336 667453 50171 797180 316260 398045 359697 293244 370806 411334 201437 12614 148738 157041 769114 439359 894435 703423 688520 887325 328906 779959 127595 26712 225975 19811 618562 838609 197532 905304 1963 875216 882426 425470 95298 990681 499238 778780 577645 149285 371184 719090 324792 932153 440356 591056 632424 176689 399694 416056 541297 345416 212683 568498 937071 373027 804061 373333 759765 981117 208596 324545 94197 870123 975107 754145 65430 530857 614479 62237 65388 626295 242441 990669 10464 630454 322906 811193
175673 178996 812146 406946 301013 825306 684213 300946 678055 845874 666838 866078 866222 55073 422992 660152 665253 702339 986341 605909 508207 296732 966899 248972 978139 410300 739823 155046 692587 336345 395218 601838 651091 615957 9431 608538 543901 996787 655095 812799 6739 954333 389370 57219 452432 391491 337472 889980 26256 360864 428229 627225 109322 615925 916676 629433 319188 717980 957036 794684 215100 965554 274384 222334 640306 84134 47550 995395 72966 877161 285879 398063 409540 138505 398620 234449 830691 199426 542588 304854 731090 437133 763942 809413 92591 665919 502526 242877 344181 143565
708613 753666 921781 53412 910609 10757 393625 210570 323612 759106 246132 884316 390673 339454 509636 124268 507482 631271 930683 236993 810867 15702 664417 820961 618225 207099 289184 952204 65146 145384 367045 835848 325931 417605 104014 96289 277097 51 122036 855154 398466 142637 837868 508428 919734 401955 298671 123051 310940 196311 78994 2536 307601 356789 319498 644039 692871 522281 423952 171312 967887 817557 769059 374874 773693 875643 169554 633498 74586 425863 251361 917407 218352 166900 776016 466266 467231 405418 379940 138797 466288 448099 214142 610760 658955 604022 531531 280557 420021 312805
252905 670561 415403 376145 897937 12937 185399 873925 773079 969629 403605 98107 437322 183098 50759 209348 123597 713031 148032 365037 941502 840790 36812 948276 578321 961753 120120 39335 753426 591123 15554 366872 349852 90877 587429 325781 782510 779962 521693 921240 560910 38399 794956 307782 542033 192631 192328 768465 295290 691052 707570 576354 693353 653403 417956 310366 879108 96832 115202 467141 528523 176057 76345 536142 95323 532112 232474 73748 95339 11778 938169 676749 580025 458134 985199 426541 687319 674230 954969 685837 462775 879392 640580 977963 430030 112851 943328 398684 28251 439233
