72 37
306323 316314 384513 376205 769469 693457 136887 40485 639305 698378 442330 459460 35161 472445 619384 502441 164798 837742 885924 345861 778971 178507 902008 222630 272218 274041 319748 874699 545332 598788 718141 844550 215793 484703 600365 999985 265564
857156 154767 524713 862794 541631 722363 26279 770802 210360 703746 55070 642102 855815 698671 475293 175577 848725 967718 341333 1745 372740 11851 308884 865023 234024 731994 128495 669612 317455 115008 119245 466769 162089 401106 610126 165651 449640
332957 715419 46051 411959 605507 592591 53789 808031 910091 718509 143050 611235 690177 66010 409687 624609 339198 297728 757106 828396 392780 158845 942087 644387 226425 273517 360872 215429 693585 986412 35730 341552 262963 482096 431840 15228 89942
490609 915867 445455 112340 254057 259305 688229 883132 158730 766954 903488 560348 51982 622568 242371 455742 877521 212789 886373 263473 27395 776548 393022 756746 748137 681168 996844 524716 43459 467063 961914 472136 322165 831862 762589 642482 843524
247145 581009 668697 796652 843264 977623 956601 26199 949688 954621 96033 306759 70390 572353 38514 729888 275981 644271 306331 568846 664915 506530 123489 868250 866936 359435 949324 449360 187879 660703 516099 965763 610513 491863 908880 836394 344003
975606 194649 894217 223954 647040 635464 988892 784323 651303 47925 527000 495440 730387 40946 232360 930405 124353 372185 985376 996872 138282 144911 354356 407649 984983 557662 167719 439003 709460 725982 292571 264796 877605 216542 911533 136794 845012
383534 420215 746893 963979 21051 888460 742115 886658 941615 175748 716379 658742 40685 777257 61042 155630 365808 122837 711657 12499 59496 894170 870866 55983 325454 605248 628028 212206 628662 152152 348609 478747 81523 356465 318307 761864 420966
574819 476881 562868 585378 917812 580042 259638 845675 651812 767052 490862 114622 662442 179350 517201 986788 416949 770251 354714 665745 296310 104112 230220 605074 737147 585093 169573 778380 831475 966250 562678 187239 68562 224896 615975 197557 392351
447563 736619 884302 207498 73447 474856 91059 692072 361960 22428 657723 865008 144943 478613 864375 740813 129122 867513 723688 596106 507879 768329 915109 174944 927791 46798 732163 616143 151412 328834 103322 185279 642845 36818 954092 671459 354617
755223 532495 316056 978448 365783 221858 697174 196249 800232 143389 650496 805885 298669 302326 696928 78989 979218 668633 659463 441469 266141 745893 855926 925237 846425 626170 978752 853998 278830 324882 566012 984141 302446 825440 365152 330638 406113
11056 25458 244138 543744 917631 996413 297470 490597 31577 276299 767642 208075 245872 354975 909335 618746 279755 40158 55073 715048 839897 469510 346463 798795 300073 929065 875097 630373 413808 462268 848177 425706 765715 790580 670481 663707 353277
94111 690645 204066 530078 333725 110577 941757 355819 578692 591787 168853 299402 954099 102623 705873 90488 369082 263707 342567 200625 137899 558445 966437 110070 943941 523563 983015 896569 768116 403219 979770 824816 704848 919236 816525 839492 607478
647094 152280 729592 80050 735256 929488 77244 165323 44161 296622 345524 762549 522573 572440 55053 879708 763500 261918 911458 88344 394200 597650 676646 446912 953753 233354 577810 281654 259851 242648 996219 705757 116550 566866 24430 322227 410554
355379 178945 986916 443582 494878 575494 627536 724123 727710 460975 226060 897667 238529 424222 904221 524653 969403 900482 359 703731 984240 737462 156093 172243 658367 312186 956701 509330 559425 167371 569156 519649 123027 561712 515571 301786 138414
959152 961164 341081 477958 338423 328097 552606 663627 397702 220299 203815 271538 823923 781937 341416 12706 738084 386664 145131 959876 303540 916789 847369 990938 786431 3386 199253 267856 855322 575243 905393 809136 438889 670884 458666 226875 748490
291861 717282 207234 225748 91032 804438 720425 583820 371110 39599 588606 234280 225066 359361 310931 352720 281961 387041 579828 518913 740762 16548 287163 652142 407237 493895 155009 652861 762556 529368 854411 336492 400194 684796 797286 259107 733120
217410 152187 583828 903528 109815 458013 40380 342948 211028 382829 152871 588933 198280 468412 192257 854578 479292 131039 262576 977014 296670 794634 212539 8067 976655 4133 145796 600505 412386 29649 849795 840932 353233 698763 489913 399964 412852
482222 86754 452762 126295 364981 356847 647675 552049 738878 798214 883312 737141 673432 136470 168968 680548 840829 944527 892480 616503 206172 110061 277623 411113 772283 910231 695369 437263 730271 746678 801360 427734 100933 423495 930697 186080 575092
344935 732043 837367 756901 369943 353616 500220 817847 64947 787248 175540 140193 134335 134741 687461 710296 167622 85932 575567 552212 894210 504450 205036 442045 303096 242358 431109 352152 148679 88213 134083 588010 847604 647592 472878 119633 664103
422718 384061 410273 974643 953958 661097 645707 786523 589745 994702 712252 802641 694774 341463 349213 318509 712946 104631 80174 430252 113651 8576 395447 163279 637377 533722 354981 528519 640027 69026 626511 785614 343322 650468 487501 249699 794113
233494 712854 72456 756712 807936 727904 242486 960219 394102 519283 40829 199160 119989 411628 93051 211836 358850 711179 876497 819214 817425 403355 396322 35412 32339 620031 106418 551365 64188 400107 879643 384866 340486 365321 855517 674722 526657
758878 768679 369987 604122 460558 501428 620262 982378 564495 849561 340238 482120 926034 810315 806490 288521 632393 199131 350674 693414 520716 280141 764380 886203 820757 182771 900088 362456 41811 794 4375 680600 801670 888136 769919 458514 426960
82827 323394 839118 618256 729829 185232 504319 376663 19598 867938 892968 583134 732068 61846 429828 924580 21056 106909 490298 679095 162348 456200 706855 4182 625903 397936 379316 268001 462863 264799 564201 506305 90487 896999 871083 189336 265001
435899 425607 94971 760104 331812 806324 840861 641032 259084 360000 42532 132235 467310 250954 948230 373111 255004 618527 335880 96871 303027 836936 263426 454520 396095 752708 226500 438626 470193 400971 12828 505142 157818 858755 237275 844079 483476
489257 85908 737231 939315 110145 242526 675671 125626 555959 971472 466162 943149 256982 723211 313807 652387 945639 109871 423822 797859 730165 258136 677617 722787 960749 426649 876340 513220 403776 863343 126451 914910 656129 134189 732782 403450 935093
477478 471060 286117 312049 383079 151039 617604 501999 885166 595565 267490 6070 918968 363081 564971 24976 443585 120814 407622 66275 524599 276648 699787 615080 653703 306827 986041 113237 821550 720605 514346 620645 260562 934907 713178 244910 517660
289980 180420 787575 652746 361668 353389 551840 655633 743622 588593 725876 198774 842246 507309 696339 287909 362644 943047 727103 861360 936362 136832 807741 857672 60389 804801 550817 211099 777870 436093 348077 168301 46672 714534 150135 405753 363425
432003 427186 867608 580184 159982 539624 524314 702161 54241 354514 259028 461575 155545 867014 329566 181332 377200 535812 22239 152709 316433 244728 508339 916513 704805 728538 366961 6284 283430 945028 101924 842329 941729 663641 508069 980551 734973
525732 353972 941457 402378 547272 247109 471887 538419 654195 788659 196153 870718 52429 494403 798176 612228 492661 384105 319922 47630 713822 270584 372938 741478 656242 301091 725201 454506 911535 335631 499793 257101 880396 804506 569006 953363 326894
782937 305602 947593 741123 51542 138216 242746 731879 20867 449241 265827 187696 704513 999068 996041 270073 41488 434200 539050 558280 513800 639204 366781 648889 593276 448073 73074 658612 859628 587887 475316 82958 999415 623731 7557 830404 277609
982406 295283 91070 94843 776498 759036 744810 609356 959032 71136 20336 800689 750685 946173 611085 102205 183590 202121 911677 144939 884108 959243 582177 617803 348174 287933 631682 96772 862558 511733 687060 539929 935811 289143 812533 722745 735551
968044 958145 855568 222456 927817 30960 202294 482381 45503 102944 755952 793151 417435 336738 813607 969436 893418 767587 191617 775274 139566 923739 430586 707752 584917 780172 984020 412578 978061 750978 325554 97198 492323 641588 432258 41524 810335
237803 424632 680294 563984 934387 785249 483347 546850 489850 380433 643521 407674 65269 159572 685630 886233 474866 305740 166645 994861 841273 161311 206613 789811 577554 182985 467938 145999 983685 370998 953309 77433 338359 857131 853366 888055 641935
510473 762876 168567 1666 788188 895428 689281 728319 160897 657380 427255 188431 890116 929078 654966 952917 131975 297141 936009 679326 993209 770455 836426 629797 447991 720035 914844 771105 90991 246215 884866 86345 802621 587549 851126 289093 482788
791970 453464 793963 426268 242327 661138 664045 780825 593842 817657 814350 839609 525123 745983 965553 930883 76848 384451 919354 808176 985380 648951 938861 334274 511191 113413 977382 196655 942392 373367 950808 129212 751089 765119 601970 973206 458760
348156 532899 128511 931787 46306 33317 860388 235961 421309 966377 294184 350927 390621 840599 313772 857045 523109 217089 296408 342712 217255 428831 809354 304353 511053 701799 657347 692903 811378 191025 362983 393062 496925 290517 259822 283536 891406
80163 313633 181422 52285 86648 350429 761480 338494 672431 130248 870409 566178 689816 544944 235406 734013 404725 281667 273220 38680 731758 682114 802726 761933 524404 163858 605945 124027 177743 204395 148245 113916 525267 994359 243017 646715 172811
941941 604993 518420 270686 56142 612099 33444 460208 693571 639580 756357 623480 614098 365307 961429 391038 557289 351407 803003 27432 852374 787985 552225 16344 738619 180638 965308 413670 914768 550056 725910 989840 842085 407210 740914 629812 641078
877164 736360 772758 957261 262955 164193 224395 404631 263310 920108 530227 780252 549609 480955 654731 60608 794684 62411 843145 948403 436588 411849 302966 860634 883559 378064 45246 826069 421947 389895 885544 345741 285361 662954 249547 678452 375635
682991 400540 208898 920693 779565 605057 628846 107202 693185 43896 523104 425198 879335 365621 190824 710229 242182 799193 721270 353621 803568 386505 380773 818611 634590 719977 75280 385050 528405 648016 249901 569560 725205 560403 979227 466646 817924
298271 436182 821635 61178 198327 352394 678594 626449 109949 423025 11957 690903 166063 51638 922622 389178 497835 990557 393907 401654 592837 794342 750816 526669 458937 661670 802869 237040 325807 993217 183630 140440 348497 336434 39435 978200 981890
249904 885698 248920 630950 565369 397231 1424 432285 285678 381919 459193 193758 374889 949142 979720 214465 608249 60557 77713 473206 189120 193961 752791 486187 796445 351151 714610 771931 103026 257259 446813 239974 862469 706529 444748 426055 679994
112136 954271 505361 656434 450943 592542 105421 930951 647635 218476 832460 204339 184534 730289 587098 665480 237446 899219 691537 342668 904073 408810 867675 117480 98160 445869 210656 502471 467789 543065 382949 825518 620216 565284 793654 397880 890876
702483 541458 881339 162776 116898 321498 889579 370520 477647 979481 853507 348715 686031 481432 752248 893953 238765 93239 614659 220392 502503 52064 832748 101991 188996 593316 407527 625813 526503 690236 727351 532017 476743 655440 136747 98229 196393
65825 580438 87414 280726 248403 701698 729415 560110 851966 853849 513792 410686 386236 699070 6588 256649 243681 799326 164382 986775 6918 300337 127938 806557 753037 458108 231129 384781 852392 317873 493587 404156 960277 387324 531845 335586 435998
109530 456428 738659 976257 907977 304684 119035 122033 978335 421140 518286 957499 968700 60400 627593 571053 984720 915774 833994 663659 122893 418021 177366 302018 251984 811416 443410 839008 721518 204003 313234 707197 208806 443262 997554 271187 158163
810667 469499 371942 317074 105154 358235 577189 483353 519712 139584 860449 560131 441387 33570 460483 925840 272122 211364 559549 718536 55320 350304 193169 988958 337223 383503 20217 641816 681240 540039 991108 473102 979283 848845 470103 440349 545222
514114 456300 101391 845299 251287 947062 20592 5248 545536 67558 870667 700644 525361 963711 118313 913922 140300 375124 231923 16279 494607 289155 367050 32203 830392 517075 539641 620290 684856 898655 977261 954443 711725 391611 955099 671295 330239
418116 284044 16762 71998 968296 523401 897494 241705 355033 569595 413368 120742 789674 356827 343238 152648 178698 880932 374300 239967 45090 495144 912969 713679 567219 706411 196206 977162 440501 248963 154942 722854 790443 569879 460868 912572 154733
663603 6542 703207 66418 959758 809533 787064 892983 259084 684250 21408 671372 877932 343350 965942 50746 252212 82854 184417 142246 819158 124257 89915 520887 855861 867512 674559 534524 395707 95144 854515 791386 347877 296763 179889 649915 532395
571826 264295 899670 219076 301641 392889 221411 562069 701905 617195 161965 989803 139098 553248 609388 51176 902382 655854 802015 76604 566192 757650 963920 794074 617334 411069 514975 352714 265041 645772 632044 851776 760426 403004 719584 284520 388631
918729 884505 548516 679465 4226 16309 905671 702503 166949 592227 943257 259113 28948 610273 153975 381177 509697 108011 53479 26851 336001 175199 268749 607146 219858 76669 973931 53747 285505 973129 142213 320827 795215 676301 377705 909958 278011
865803 624663 846237 750061 5947 673044 270838 366497 234252 106498 262086 815135 117183 114333 818159 495075 691173 280165 145398 291146 804647 903693 602637 246638 397229 318315 552384 236210 112677 307489 256978 928896 945474 623503 709738 390290 742334
15852 238059 302857 245449 509012 984024 486477 871530 207006 950184 796999 471452 221144 303461 393051 154354 750563 921333 513752 180556 585625 293565 374204 866262 189024 408194 708488 616379 725663 34998 705362 518779 552768 416450 939177 527725 408236
280223 448978 661659 471956 468953 454904 511431 230317 691783 243591 636042 958471 812492 425500 44066 506483 715134 694443 675164 648466 480109 605094 502669 116908 591671 713090 439835 428684 393649 759954 154329 655395 599996 882260 51203 39806 800630
78190 310108 69460 171980 459480 685163 20644 222821 527516 829161 34750 289871 326592 414192 149496 612553 105506 841080 663213 180833 910520 831133 90959 19906 752659 457333 517524 412214 181116 220609 641296 312638 66455 889793 585565 949473 330789
716685 896440 619269 938261 58707 455387 619720 722978 913059 294365 11776 254585 556613 622582 876172 712521 322026 102360 496522 959315 859763 525166 809691 294711 694180 330169 556722 904378 717556 333295 989948 590506 290128 560854 23672 311181 948675
580373 759571 389354 473371 45483 141635 190041 412895 363552 726766 423993 815732 983455 148329 151664 217626 157751 890474 455696 115723 125922 938864 430415 542829 567035 384269 728880 800093 56225 990653 832539 281667 188637 162940 704393 765394 547055
929370 710 285769 251975 160659 929630 299740 141367 347737 489167 760298 153224 399713 813608 875795 377002 55726 873661 185434 797950 409399 999621 343226 400156 759137 505361 244278 514213 390355 381025 324809 858094 519495 384971 853143 441794 818690
72811 463032 31323 512380 754664 278815 805159 318306 128619 771538 314608 421467 103298 643593 812069 815519 76106 564814 168219 975316 745041 698754 104127 64102 81819 828846 825768 85792 283651 342912 231252 562388 981038 13983 102090 277562 157517
224097 868591 470246 4239 205733 930939 798876 85125 28484 963052 299761 424636 515289 650388 447326 531213 900838 136659 372636 829253 388233 59890 831966 333887 176780 228911 733439 302522 31290 532838 647700 554850 433172 232316 923909 720265 492010
260241 891325 32769 308868 966388 846110 960972 196954 826324 883446 652256 562230 187380 63879 382022 928538 707915 312848 833737 885381 654533 905726 512121 557972 968356 820447 474002 865846 618223 680323 945260 844349 900708 268210 294773 165182 309911
634267 267114 907919 635236 138746 941655 473719 945039 192640 334305 62174 64464 47088 889773 855684 552470 963171 417231 366627 846940 408172 909426 682661 315690 919151 764855 537222 268870 743572 661377 822827 809516 18745 235484 593964 962148 566182
83280 535978 707974 268306 296322 98834 597666 310830 54555 662492 599799 590485 741429 181844 498181 814786 569695 727581 386707 227614 190674 258608 599375 939452 909853 213535 837599 767974 788142 615106 402945 21671 966110 37770 49119 591856 1352
258745 127354 407237 585354 243372 223907 152992 183845 714681 793268 505484 656358 735399 615034 25781 476904 979166 310983 913422 230189 598701 484917 373965 271314 935126 464380 865042 377416 101782 455994 903091 162999 926951 413543 411860 275494 542091
425189 705829 325149 491840 289125 105721 295355 145742 962157 596277 472752 624532 798712 712924 254574 765319 483773 352770 164788 261030 188548 415394 137708 808330 723064 740663 752207 666152 147569 132573 366762 12139 898850 738263 173745 480925 581074
440714 927579 802991 792211 675438 578429 694939 697692 912624 333780 559233 254018 823422 440333 13095 984419 691537 431499 690207 432342 701079 954387 433903 406668 814054 166681 417496 441716 808999 438588 891914 14957 931902 7318 474071 2046 782215
780627 755798 245091 332988 694085 14640 598616 999478 211087 956852 770429 867169 458504 149555 30457 254084 198184 965725 515579 606871 642429 463985 908417 785113 440702 970070 387649 480654 80636 504050 329313 737448 263287 713398 342566 818243 984516
575209 123449 918056 605835 557962 60464 626057 577122 620750 269098 415248 295618 301076 860375 90416 147615 402344 582097 875085 630937 993749 402293 836269 166424 482306 676831 971531 338296 198341 438895 807446 839390 843078 688404 189885 87491 436461
648642 670265 503937 64022 836466 12246 188405 414409 66391 636312 211336 158071 694584 343419 401918 515707 389157 475562 927698 87107 422032 4939 167842 38225 696961 723706 265184 970648 604334 794820 3820 641116 765319 74558 871471 668295 56352
821814 592581 879624 555166 817817 787601 929346 516642 950345 987572 402508 573893 246561 654920 478587 755679 968850 198135 194698 70235 978760 275511 533343 174784 791010 648476 398683 908605 301474 612879 460483 749900 718560 681928 1377 234808 321606
763940 511942 244200 338118 810813 505606 855491 570834 83087 369357 588004 339089 884442 367635 9451 322078 38685 413471 437937 745681 747122 126463 235812 982634 521432 239133 361134 718730 772623 843350 208339 313339 411199 829222 521400 604708 244382
