1 5
2 5
3 6
4 4
5 8
6 5
7 6
8 7
9 6
10 5
11 6
12 4
13 7
14 6
15 5
16 4
17 5
18 9
19 7
20 4
21 7
22 7
23 4
24 8
25 4
26 6
27 7
28 6
29 6
30 6
31 7
32 6
33 5
34 7
35 7
36 5
37 5
38 5
39 8
40 5
41 6
42 5
43 7
44 5
45 6
46 5
47 5
48 5
49 5
50 8
51 5
52 6
53 7
54 8
55 7
56 5
57 9
58 5
59 7
60 6
61 4
62 9
63 5
64 7
65 7
66 6
67 5
68 7
69 6
70 6
71 8
72 5
73 8
74 5
75 8
76 6
77 9
78 6
79 7
80 6
81 7
82 7
83 6
84 5
85 5
86 4
87 6
88 5
89 5
90 5
91 6
92 6
93 6
94 7
95 7
96 5
97 8
98 5
99 5
100 6
101 6
102 6
103 5
104 8
105 7
106 7
107 7
108 6
109 5
110 5
111 6
112 5
113 6
114 7
115 6
116 7
117 4
118 10
119 9
120 6
121 6
122 4
123 5
124 5
125 6
126 5
127 10
128 6
129 6
130 5
131 7
132 6
133 6
134 5
