1 4
2 2
3 3
4 3
5 3
6 3
7 2
8 2
9 2
10 4
11 5
12 2
13 3
14 3
15 2
16 2
17 2
18 3
19 3
20 3
21 3
22 2
23 4
24 2
25 2
26 3
27 2
28 4
29 3
30 3
31 4
32 2
33 3
34 2
35 3
36 3
37 2
38 5
39 3
40 2
41 2
42 2
43 2
44 3
45 2
46 2
47 4
48 3
49 4
50 2
51 2
52 2
53 4
54 2
55 2
56 2
57 2
58 2
59 3
60 4
61 2
62 4
63 3
64 4
65 3
66 3
67 2
68 3
69 2
70 2
71 3
72 2
73 3
74 4
75 2
76 2
77 2
78 2
79 2
80 2
81 2
82 2
83 4
84 3
85 2
86 2
87 2
88 2
89 2
90 4
91 2
92 2
93 3
94 3
95 4
96 2
97 4
98 3
99 2
100 2
101 2
102 3
103 3
104 2
105 4
106 2
107 2
108 3
109 3
110 3
111 3
112 3
113 2
114 3
115 2
116 4
117 2
118 2
119 3
120 2
121 4
122 2
123 5
124 3
125 2
126 2
127 2
128 2
129 2
130 3
131 4
132 2
133 2
134 3
135 2
136 2
137 5
138 3
139 2
140 3
141 2
142 2
143 3
144 2
145 3
146 2
147 3
148 2
149 2
150 2
151 2
152 2
153 2
154 2
155 2
156 3
157 2
158 4
159 2
160 3
161 2
162 2
163 4
164 4
165 3
166 2
167 3
168 2
169 2
170 2
171 3
172 4
173 2
174 3
175 4
176 3
177 2
178 2
179 2
180 2
181 3
182 2
183 2
184 3
185 2
186 2
187 3
188 2
189 2
190 3
191 3
192 4
193 3
194 3
195 2
196 4
197 3
198 3
199 3
200 2
201 2
202 3
203 2
204 2
205 3
206 2
207 2
208 3
209 2
210 6
211 3
212 2
213 4
214 3
215 3
216 3
217 4
218 2
219 3
220 3
221 2
222 3
223 2
224 2
225 3
226 3
227 2
228 4
229 2
230 2
231 3
232 2
233 3
234 3
235 3
236 2
237 2
238 5
239 3
240 2
241 2
242 2
243 2
244 2
245 2
246 4
247 4
248 1
249 2
250 2
251 3
252 2
253 1
254 3
255 4
256 3
257 3
258 2
259 6
260 2
261 2
262 3
263 3
264 3
265 2
266 2
267 3
268 5
269 3
270 2
271 2
272 3
273 3
274 2
275 2
276 2
277 2
278 2
279 3
280 2
281 2
282 2
283 3
284 1
285 3
286 2
287 2
288 4
289 4
290 2
291 3
292 3
293 3
294 3
295 2
296 3
297 3
298 2
299 1
300 3
301 3
302 2
303 2
304 3
305 3
306 3
307 2
308 3
309 3
310 4
311 2
312 3
313 3
314 2
315 3
316 4
317 4
318 4
319 4
320 3
321 3
322 3
323 2
324 3
325 2
326 4
327 2
328 4
329 3
330 2
331 2
332 2
333 4
334 2
335 4
336 3
337 2
338 2
339 2
340 5
341 4
342 2
343 2
344 2
345 2
346 5
347 3
348 5
349 2
350 2
351 2
352 2
353 2
354 2
355 3
356 3
357 3
358 2
359 2
360 3
361 2
362 3
363 1
364 3
365 2
366 3
367 2
368 2
369 3
370 3
371 1
372 2
373 2
374 3
375 2
376 2
377 2
378 3
379 3
380 2
381 2
382 2
383 2
384 2
385 4
386 3
387 3
388 3
389 2
390 2
391 2
392 4
393 2
394 4
395 2
396 2
397 3
398 2
399 3
400 4
401 3
402 2
403 3
404 2
405 2
406 2
407 2
408 2
409 3
410 3
411 2
412 3
413 2
414 2
415 3
416 2
417 4
418 4
419 3
420 2
421 3
422 2
423 2
424 4
425 4
426 2
427 2
428 3
429 2
430 3
431 2
432 2
433 2
434 2
435 3
436 4
437 2
438 2
439 2
440 3
441 2
442 3
443 2
444 3
445 2
446 2
447 2
448 2
449 5
450 3
451 3
452 3
453 3
454 3
455 2
456 5
457 2
458 2
459 2
460 1
461 4
462 3
463 3
464 3
465 3
466 2
467 4
468 2
469 3
470 2
471 6
472 2
473 2
474 4
475 3
476 2
