1 6
2 4
3 3
4 6
5 4
6 5
7 4
8 6
9 4
10 6
11 6
12 5
13 9
14 3
15 4
16 4
17 4
18 3
19 3
20 6
21 4
22 6
23 4
24 5
25 5
26 4
27 6
28 4
29 4
30 4
31 5
32 7
33 4
34 5
35 5
36 5
37 4
38 4
39 3
40 3
41 5
42 5
43 3
44 4
45 4
46 4
47 7
48 5
49 7
50 4
51 4
52 5
53 4
54 4
55 5
56 4
57 6
58 5
59 4
60 3
61 5
62 4
63 5
64 4
65 3
66 5
67 5
68 7
69 5
70 6
71 5
72 5
73 5
74 4
75 4
76 6
77 4
78 4
79 6
80 4
81 4
82 4
83 6
84 5
85 4
86 5
87 4
88 6
89 4
90 7
91 8
92 4
93 8
94 4
95 3
96 7
97 4
98 6
99 4
100 5
101 9
102 4
103 4
104 4
105 5
106 5
107 4
108 5
109 5
110 4
111 4
112 4
113 6
114 5
115 4
116 7
117 5
118 5
119 6
120 4
121 4
122 5
123 5
124 6
125 3
126 4
127 8
128 6
129 6
130 6
131 9
132 4
133 7
134 4
135 5
136 5
137 5
138 5
139 4
140 6
141 5
142 5
143 4
144 5
145 6
146 4
147 4
148 4
149 5
150 7
151 7
152 4
153 7
154 6
155 4
156 7
157 6
158 4
159 4
160 5
161 3
162 5
163 4
164 6
165 4
166 6
167 4
168 6
169 5
170 4
171 7
172 4
173 4
174 4
175 4
176 5
177 6
178 8
179 3
180 3
181 5
182 5
183 7
184 4
185 5
186 4
187 5
188 6
189 6
190 9
191 7
192 6
193 6
194 10
195 6
196 4
197 3
198 3
199 7
200 5
201 3
202 5
203 5
204 4
205 5
206 3
207 8
208 5
209 4
210 6
211 3
212 7
213 5
214 5
215 4
216 3
217 4
218 6
219 5
220 4
221 4
222 4
223 7
224 5
225 4
226 4
227 6
228 6
229 5
230 4
231 4
232 5
233 4
234 5
235 4
236 4
237 3
238 6
239 3
240 4
241 7
242 9
243 6
244 4
245 5
246 5
247 5
248 3
249 5
250 4
251 3
252 6
253 5
254 5
255 5
256 4
257 6
258 5
259 5
260 3
261 4
262 5
263 5
264 9
265 4
266 7
267 4
268 6
269 5
270 4
271 4
272 6
273 6
274 5
275 5
276 6
277 5
278 5
279 7
280 3
281 5
282 3
283 6
284 5
285 4
286 5
287 4
288 5
289 4
290 3
291 7
292 4
293 6
294 7
295 9
296 4
297 5
298 4
299 6
300 3
301 5
302 5
303 7
304 5
305 5
306 4
307 4
308 7
309 5
310 6
311 4
312 4
313 5
314 4
315 5
