1 9
2 8
3 8
4 7
5 7
6 6
7 9
8 7
9 8
10 8
11 7
12 9
13 7
14 10
15 11
16 7
17 11
18 9
19 11
20 8
21 10
22 6
23 6
24 10
25 9
26 8
27 8
28 10
29 8
30 7
31 8
32 11
33 8
34 6
35 9
36 11
37 8
38 8
39 6
40 6
41 9
42 7
43 7
44 10
45 9
46 7
47 10
48 8
49 9
50 9
51 7
52 12
53 9
54 9
55 9
56 9
57 6
58 9
59 6
60 7
61 8
62 11
63 7
64 8
65 7
66 8
67 10
68 8
69 9
70 8
71 9
72 12
73 7
74 10
75 13
76 10
77 6
78 12
79 5
80 8
81 7
82 9
83 11
84 8
85 9
86 7
87 8
88 7
89 9
90 10
91 8
92 10
93 7
94 9
95 7
96 11
97 8
98 7
99 8
100 6
101 12
102 8
103 12
104 11
105 9
106 10
107 9
108 8
109 10
110 8
111 7
112 10
113 9
114 9
115 8
116 11
117 12
118 7
119 11
120 8
121 7
122 8
123 9
124 10
125 8
126 11
127 11
128 9
129 8
130 10
131 10
132 8
133 8
134 9
135 11
136 8
137 10
