1 3
2 4
3 5
4 6
5 4
6 4
7 3
8 3
9 5
10 3
11 6
12 4
13 4
14 5
15 5
16 5
17 5
18 4
19 5
20 3
21 3
22 8
23 4
24 4
25 6
26 4
27 4
28 4
29 5
30 7
31 6
32 5
33 5
34 6
35 6
36 5
37 4
38 5
39 6
40 3
41 4
42 4
43 4
44 4
45 5
46 6
47 4
48 4
49 6
50 4
51 4
52 6
53 4
54 4
55 4
56 6
57 6
58 5
59 5
60 4
61 6
62 4
63 4
64 6
65 5
66 3
67 3
68 4
69 4
70 5
71 7
72 6
73 5
74 4
75 5
76 4
77 5
78 4
79 5
80 6
81 4
82 6
83 6
84 4
85 6
86 4
87 6
88 5
89 6
90 3
91 4
92 5
93 5
94 5
95 5
96 4
97 6
98 5
99 4
100 4
101 3
102 6
103 4
104 7
105 6
106 6
107 4
108 5
109 7
110 5
111 5
112 7
113 4
114 5
115 5
116 5
117 8
118 4
119 3
120 4
121 4
122 3
123 5
124 5
125 5
126 5
127 6
128 4
129 4
130 5
131 7
132 4
133 7
134 5
135 5
136 6
137 3
138 4
139 4
140 4
141 4
142 3
143 6
144 3
145 6
146 3
147 3
148 4
149 6
150 4
151 4
152 5
153 5
154 4
155 4
156 3
157 9
158 4
159 6
160 6
161 6
162 4
163 4
164 4
165 5
166 4
167 6
168 3
169 6
170 5
171 4
172 7
173 5
174 7
175 6
176 8
177 5
178 3
179 5
180 5
181 6
182 4
183 4
184 6
185 3
