1 4
2 5
3 4
4 5
5 4
6 2
7 2
8 3
9 2
10 4
11 4
12 4
13 3
14 3
15 2
16 4
17 6
18 7
19 3
20 3
21 3
22 4
23 4
24 5
25 3
26 4
27 5
28 5
29 4
30 7
31 5
32 3
33 2
34 4
35 4
36 4
37 3
38 2
39 3
40 3
41 5
42 2
43 6
44 4
45 6
46 3
47 4
48 4
49 4
50 7
51 3
52 4
53 3
54 5
55 3
56 2
57 5
58 3
59 5
60 6
61 4
62 4
63 4
64 3
65 3
66 4
67 5
68 5
69 4
70 2
71 7
72 6
73 3
74 5
75 5
76 4
77 4
78 3
79 3
80 4
81 4
82 5
83 6
84 4
85 3
86 2
87 4
88 3
89 4
90 6
91 3
92 4
93 3
94 6
95 3
96 4
97 3
98 3
99 3
100 5
101 3
102 4
103 2
104 3
105 3
106 2
107 3
108 5
109 5
110 3
111 4
112 4
113 4
114 4
115 5
116 3
117 4
118 4
119 5
120 4
121 4
122 4
123 5
124 4
125 3
126 5
127 4
128 4
129 5
130 4
131 6
132 4
133 5
134 4
135 5
136 4
137 6
138 6
139 6
140 5
141 3
142 5
143 7
144 3
145 3
146 4
147 3
148 3
149 4
150 3
151 4
152 5
153 5
154 3
155 3
156 4
157 4
158 3
159 3
160 4
161 5
162 5
163 3
164 4
165 3
166 2
167 4
168 2
169 3
170 3
171 4
172 3
173 3
174 4
175 3
176 3
177 5
178 5
179 3
180 3
181 4
182 3
183 2
184 3
185 2
186 3
187 2
188 4
189 3
190 5
191 5
192 4
193 4
194 4
195 7
196 3
197 4
198 4
199 6
200 3
201 4
202 4
203 5
204 2
205 3
206 3
207 4
208 5
209 3
210 2
211 4
212 3
213 3
214 4
215 5
216 3
217 4
218 5
219 5
220 7
221 4
222 2
223 4
224 4
225 4
226 3
227 5
228 6
229 2
230 4
231 3
232 3
233 6
234 5
235 3
236 3
237 3
238 6
239 3
240 3
241 4
242 3
243 5
244 3
245 5
246 4
247 4
248 3
249 4
250 4
251 5
252 2
253 2
254 3
255 4
256 4
257 5
258 5
259 3
260 4
261 5
262 3
263 4
264 4
265 5
266 2
267 4
268 4
269 3
270 3
271 3
272 5
273 5
274 5
275 5
276 6
277 3
278 3
279 4
280 4
281 4
282 3
283 5
284 3
285 4
286 3
287 2
288 6
289 4
290 4
291 3
292 3
293 3
294 4
295 3
296 3
297 4
298 3
299 3
300 4
301 3
302 5
303 2
304 3
305 5
306 5
307 3
308 2
309 4
310 4
311 4
312 4
313 2
314 4
315 3
316 3
317 4
318 2
319 4
320 7
321 8
322 4
323 6
324 3
325 5
326 5
327 3
328 4
329 3
330 6
331 5
332 5
333 4
334 3
335 4
336 3
337 4
338 2
339 4
340 3
341 4
342 4
343 3
344 4
345 3
346 3
347 4
348 3
349 4
350 4
351 4
352 3
353 3
354 2
355 3
356 4
357 4
358 2
359 2
360 3
361 3
362 4
363 3
364 2
365 4
366 3
367 5
368 5
369 3
370 5
371 4
372 2
373 2
374 5
375 3
376 5
377 3
378 4
379 3
380 6
381 4
382 3
383 3
384 6
385 3
386 3
387 4
388 4
389 3
390 4
391 5
392 6
393 4
394 3
395 2
396 4
397 5
398 4
399 3
400 4
401 5
402 3
403 3
404 5
405 4
406 6
407 5
408 3
409 5
410 4
411 3
412 3
413 4
414 3
415 4
416 4
417 3
418 4
419 4
420 4
421 3
422 3
423 3
424 3
425 7
426 2
427 3
428 5
429 5
430 3
431 4
432 3
433 5
434 3
435 5
436 5
437 4
438 3
439 5
440 3
441 3
442 5
443 2
444 4
445 4
446 3
447 4
448 5
449 3
450 2
451 3
452 2
453 5
454 4
455 4
456 3
457 4
458 5
459 4
460 5
461 5
462 5
463 3
464 4
465 5
466 3
467 4
468 2
469 4
470 6
471 3
472 3
473 3
474 3
475 4
476 4
477 4
478 5
479 3
