1 68
2 68
3 62
4 66
5 78
6 64
7 65
8 75
9 73
10 64
11 68
12 73
13 75
14 76
15 69
16 72
17 68
18 81
19 65
20 66
21 69
22 67
23 77
24 69
25 72
26 69
27 68
28 70
29 73
30 71
31 62
32 74
33 65
34 67
35 72
36 69
37 69
38 78
39 66
40 66
41 78
42 69
43 76
44 75
45 74
46 75
47 73
48 71
49 70
50 71
51 63
52 73
53 66
54 77
55 68
56 72
57 65
58 67
59 67
60 70
61 74
62 63
63 71
64 62
65 75
66 63
67 75
68 69
69 65
70 67
71 74
72 71
73 64
74 73
75 72
76 66
77 61
78 72
79 77
80 66
81 75
82 68
83 74
84 77
85 69
86 76
87 68
88 71
89 71
90 71
91 67
92 65
93 66
94 64
95 67
96 71
97 68
98 69
99 73
100 74
101 71
102 76
103 69
104 65
105 70
106 67
107 73
108 74
109 70
110 83
111 67
112 68
113 71
114 64
115 72
116 73
117 73
118 67
119 76
120 68
121 70
122 67
123 65
124 68
125 73
126 66
127 77
128 79
129 67
130 71
131 66
132 68
133 68
134 67
135 69
136 68
137 68
138 69
139 69
140 68
141 63
142 74
143 80
144 65
145 71
146 74
147 74
148 61
149 65
150 78
151 81
152 61
153 70
154 67
155 74
156 71
157 74
158 68
159 66
160 76
161 67
162 67
163 75
164 68
165 74
166 66
167 75
168 74
169 74
170 74
171 75
172 72
173 65
174 65
175 74
176 74
177 67
178 69
179 70
180 75
181 66
182 64
183 78
184 72
185 68
186 74
187 68
188 71
189 71
190 65
191 67
192 80
193 73
194 69
195 69
196 71
197 81
198 80
199 66
200 66
201 74
202 72
203 66
204 66
205 77
206 73
207 78
208 63
209 72
210 71
211 75
212 64
213 73
214 70
215 67
216 72
217 77
218 64
219 74
220 73
221 64
222 72
223 63
224 68
225 72
226 67
227 66
228 67
229 77
230 67
231 72
232 71
233 68
234 71
235 70
236 66
237 64
238 75
239 73
240 67
241 67
242 72
243 67
244 79
245 70
246 68
247 70
248 71
249 68
250 62
251 69
252 66
253 63
254 72
255 72
256 73
257 70
258 68
259 70
260 73
261 63
262 74
263 68
264 60
265 73
266 77
267 73
268 76
269 74
270 69
271 71
272 73
273 65
274 64
275 71
276 74
277 78
278 75
279 68
280 78
281 77
282 76
283 66
284 69
285 75
286 67
287 69
288 73
289 80
290 78
291 73
292 72
293 68
294 73
295 69
296 68
297 81
298 64
299 67
300 77
301 72
302 61
303 66
304 67
305 73
306 76
307 68
308 70
309 67
310 73
311 72
312 69
313 69
314 62
315 66
316 61
317 77
318 72
319 69
320 63
321 71
322 72
323 66
324 75
325 75
326 62
327 79
328 74
329 80
330 76
331 72
332 84
333 70
334 70
335 71
336 74
337 66
338 67
339 67
340 67
341 72
342 69
343 67
344 72
345 69
346 68
347 82
348 79
349 69
350 70
351 68
352 72
353 65
354 73
355 73
356 63
357 69
358 73
359 76
360 61
361 63
362 80
363 70
364 72
365 72
366 75
367 76
368 69
369 64
370 76
371 69
372 70
373 74
374 74
375 78
376 70
377 72
378 68
379 67
380 65
381 73
382 78
383 70
384 68
385 69
386 73
387 72
388 65
389 76
390 78
391 74
392 74
393 69
394 65
395 72
396 77
397 72
398 80
399 67
400 64
401 81
402 74
403 79
404 71
405 63
406 70
407 63
408 66
409 66
410 71
411 72
412 72
413 67
414 77
415 75
416 72
417 76
418 70
419 74
420 63
421 68
422 61
423 68
424 72
425 61
426 66
427 74
428 67
429 75
430 69
431 75
432 74
433 74
434 74
435 61
436 76
437 77
438 74
439 72
440 68
441 64
442 71
443 67
444 66
445 68
446 71
447 69
448 67
449 63
450 64
451 64
452 71
453 73
454 67
455 65
456 68
457 71
458 67
459 76
460 69
461 73
462 71
463 70
464 70
465 70
466 77
467 79
468 69
469 70
470 82
471 70
472 69
473 79
474 72
475 76
476 76
477 68
478 73
479 68
480 69
481 71
482 72
483 72
484 82
485 60
486 65
487 68
488 66
489 77
490 75
491 65
492 65
493 71
494 74
495 75
496 75
497 75
498 77
499 67
500 73
501 69
502 72
503 71
504 66
505 75
506 66
507 74
508 70
509 68
510 60
511 75
512 79
513 68
514 72
515 68
516 70
517 72
518 66
519 67
520 63
521 65
522 62
523 63
524 77
525 68
526 85
527 69
528 71
529 73
530 68
531 80
532 69
533 69
534 71
535 64
536 67
537 71
538 78
539 60
540 68
541 73
542 74
543 72
544 70
545 66
546 67
547 79
548 70
549 75
550 74
551 68
552 69
553 67
554 73
555 75
556 73
557 64
558 72
559 67
560 66
561 70
562 82
563 65
564 66
565 77
566 64
567 75
568 80
569 73
570 72
571 79
572 71
573 69
574 70
575 69
576 71
577 81
578 73
579 71
580 73
581 64
582 75
583 69
584 75
585 68
586 64
587 67
588 72
589 70
590 72
591 77
592 63
593 76
594 64
595 71
596 72
597 67
598 69
599 65
600 67
601 66
602 76
603 75
604 67
605 69
606 76
607 72
608 62
609 68
610 73
611 69
612 66
613 74
614 67
615 64
616 68
617 68
618 73
619 68
620 67
621 69
622 70
623 70
624 76
625 67
626 70
627 67
628 68
629 67
630 70
631 68
632 66
633 66
634 72
635 70
636 64
637 66
638 73
639 61
640 73
641 77
642 69
643 68
644 77
645 70
646 65
647 66
648 70
649 74
650 68
651 67
652 67
653 64
654 63
655 70
656 75
657 70
658 64
659 74
660 69
661 79
662 73
663 71
664 79
665 73
666 76
667 82
668 63
669 63
670 72
671 73
672 68
673 71
674 67
675 70
676 72
677 69
678 69
679 67
680 76
681 66
682 68
683 73
684 61
685 68
686 66
687 71
688 70
689 70
690 74
691 74
692 69
693 67
694 77
695 73
696 74
697 71
698 75
699 74
700 78
701 70
702 79
703 70
704 70
705 65
706 71
707 75
708 71
709 73
710 67
711 68
712 69
713 74
714 63
715 66
716 70
717 61
718 65
719 76
720 63
721 74
722 79
723 74
724 75
725 68
726 70
727 65
728 68
729 61
730 71
731 66
732 65
733 81
734 71
735 71
736 69
737 68
738 62
739 67
740 75
741 73
742 68
743 72
744 61
745 68
746 71
747 70
748 72
749 69
750 65
751 70
752 69
753 68
754 66
755 60
756 67
757 66
758 72
759 70
760 74
761 66
762 73
763 61
764 73
765 70
766 72
767 70
768 78
769 65
770 70
771 80
772 70
773 82
774 70
775 70
776 65
777 68
778 66
779 66
780 70
781 65
782 72
783 66
784 75
785 71
786 69
787 84
788 73
789 67
790 70
791 66
792 68
793 83
794 69
795 77
796 72
797 68
798 76
799 79
800 68
801 68
802 65
803 65
804 75
805 75
806 72
807 82
808 63
809 65
810 81
811 70
812 77
813 70
814 73
815 67
816 72
817 67
818 70
819 74
820 71
821 70
822 77
823 76
824 72
825 75
826 61
827 77
828 76
829 68
830 76
831 60
832 73
833 71
834 77
835 72
836 67
837 72
838 73
839 79
840 65
841 73
842 68
843 72
844 84
845 70
846 70
847 71
848 73
849 72
850 73
851 76
852 69
853 72
854 67
855 74
856 79
857 69
858 67
859 72
860 68
861 68
862 73
863 66
864 72
865 71
866 64
867 64
868 74
869 68
870 71
871 67
872 67
873 64
874 73
875 73
876 71
877 65
878 78
879 68
880 70
881 70
882 80
883 81
884 68
885 63
886 68
887 68
888 75
889 70
890 61
891 64
892 67
893 66
894 71
895 69
896 68
897 66
898 61
899 76
900 68
901 71
902 73
903 71
904 80
905 67
906 58
907 78
908 69
909 74
910 69
911 72
912 67
913 66
914 69
915 70
916 74
917 69
918 71
919 69
920 76
921 65
922 65
923 66
924 69
925 72
926 79
927 69
928 73
929 77
930 75
931 64
932 64
933 71
934 77
935 68
936 62
937 69
938 65
939 74
940 67
941 65
942 63
943 61
944 64
945 70
946 76
947 73
948 74
949 67
950 75
951 63
952 70
953 68
954 68
955 72
956 75
957 63
958 66
959 69
960 64
961 65
962 72
963 69
964 63
965 73
