1 9
2 7
3 7
4 6
5 6
6 7
7 7
8 9
9 6
10 8
11 6
12 8
13 8
14 8
15 7
16 4
17 5
18 7
19 6
20 8
21 7
22 10
23 6
24 10
25 8
26 9
27 7
28 9
29 8
30 6
31 9
32 7
33 6
34 6
35 9
36 8
37 6
38 10
39 6
40 5
41 5
42 8
43 7
44 8
45 6
46 7
47 7
48 5
49 8
50 6
51 8
52 10
53 6
54 6
55 7
56 5
57 7
58 7
59 6
60 7
61 10
62 7
63 9
64 5
65 6
66 6
67 8
68 8
69 5
70 7
71 6
72 8
73 6
74 10
75 7
76 7
77 5
78 6
79 7
80 7
81 6
82 9
83 7
84 8
85 8
86 6
87 7
88 8
89 7
90 6
91 10
92 7
93 9
94 8
95 5
96 6
97 5
98 8
99 9
100 7
101 6
102 6
103 5
104 9
105 6
106 6
107 9
108 6
109 7
110 8
111 10
112 8
113 6
114 5
115 6
116 11
117 6
118 7
119 5
120 6
121 6
122 9
123 9
124 5
125 10
126 7
127 7
128 8
129 7
130 7
131 8
132 9
133 7
134 7
135 8
136 8
137 7
138 7
139 8
140 8
141 7
142 8
143 4
144 10
145 9
146 4
147 5
148 5
149 8
150 8
151 6
152 7
153 8
154 7
155 8
156 6
157 9
158 8
159 10
160 9
161 8
162 5
163 6
164 5
165 11
166 7
167 6
168 7
169 8
170 8
171 6
172 7
173 6
174 8
175 7
176 5
177 8
178 5
179 6
180 6
181 7
182 5
183 7
184 7
185 7
186 6
187 7
188 5
189 10
190 6
191 8
192 6
193 7
194 8
195 5
196 5
197 8
198 9
199 9
200 7
201 8
202 6
203 7
204 6
205 7
206 6
207 6
208 6
209 5
210 10
211 7
212 7
213 7
214 7
215 8
216 7
217 6
218 5
219 6
220 8
221 6
222 6
223 8
224 6
225 7
226 6
227 9
228 8
229 7
230 6
231 9
232 8
233 9
234 8
235 10
236 6
237 9
238 8
239 7
240 9
241 8
242 7
243 7
244 9
245 6
246 6
247 10
248 9
249 5
250 7
251 11
252 9
253 9
254 6
255 7
256 7
257 7
258 7
259 7
260 9
261 10
262 8
263 6
264 7
265 6
266 4
267 7
268 5
269 6
270 6
271 8
272 4
273 8
274 8
275 4
276 6
277 9
278 6
279 9
280 7
281 6
282 8
283 8
284 7
285 7
286 5
287 6
288 8
289 5
290 5
291 9
292 8
293 4
294 7
295 6
296 8
297 9
298 6
299 7
300 6
301 8
302 6
303 8
304 8
305 6
306 8
307 7
308 7
309 5
310 5
311 8
312 6
313 8
314 8
315 8
316 9
317 7
318 7
319 9
320 6
321 6
322 7
323 5
324 7
325 5
326 7
327 5
328 8
329 7
330 8
331 6
332 5
333 6
334 8
335 7
336 7
337 8
338 8
339 8
340 7
