1 1030
2 1013
3 1003
4 964
5 997
6 963
7 986
8 982
9 966
10 1006
11 1008
12 994
13 1025
14 992
15 1015
16 1013
17 1027
18 986
19 999
20 1022
21 989
22 1020
23 986
24 1000
25 1049
26 997
27 978
28 1008
29 994
30 974
31 996
32 989
33 1035
34 1017
35 998
36 1002
37 992
38 996
39 1038
40 1016
41 1011
42 1027
43 1016
44 994
45 992
46 971
47 1000
48 1005
49 1001
50 1000
51 988
52 1009
53 987
54 976
55 1000
56 960
57 971
58 1044
59 956
60 1041
61 998
62 1011
63 1004
64 1006
65 988
66 1015
67 1012
68 1030
69 1011
70 974
71 994
72 978
73 1012
74 1012
75 965
76 988
77 1007
78 1008
79 1002
80 1013
81 970
82 996
83 987
84 1005
85 1011
86 985
87 1005
88 1007
89 999
90 1012
91 995
92 980
93 983
94 1024
95 982
96 986
97 1017
98 967
99 995
100 1009
101 967
102 956
103 985
104 1006
105 997
106 1050
107 986
108 999
109 1037
110 999
111 990
112 988
113 981
114 1006
115 1048
116 997
117 994
118 1011
119 998
120 980
121 969
122 993
123 1009
124 1014
125 996
126 1008
127 1010
128 1021
129 1008
130 966
131 1016
132 1000
133 1024
134 1006
135 1003
136 972
137 995
138 995
139 1013
140 1009
141 997
142 1024
143 978
144 996
145 992
146 988
147 988
148 1007
149 987
150 1003
151 994
152 993
153 973
154 1019
155 1025
156 1031
157 994
158 996
159 984
160 971
161 976
162 1021
163 972
164 1015
165 971
166 982
167 1002
168 1000
169 1018
170 1016
171 1049
172 1014
173 994
174 998
175 997
176 957
177 1000
178 1006
179 972
180 1004
181 993
182 1010
183 1014
184 1005
185 982
186 1003
187 1014
188 1002
189 1007
190 1020
191 995
192 993
193 1021
194 983
195 985
196 976
197 1000
198 1028
199 995
200 1001
201 994
202 987
203 1004
204 1004
205 999
206 994
207 989
208 997
209 1003
210 1004
211 1003
212 999
213 997
214 1007
215 1044
216 1008
217 1005
218 1007
219 1005
220 1007
221 1019
222 999
223 1048
224 977
225 990
226 997
227 995
228 997
229 967
230 976
231 979
232 1003
233 1004
234 1007
235 1005
236 994
237 1009
238 968
239 956
240 984
241 1011
242 1000
243 1016
244 1008
245 972
246 1026
247 990
248 966
249 986
250 1020
251 1030
252 995
253 1003
254 1016
255 991
256 1015
257 984
258 1009
259 987
260 1012
261 999
262 1010
263 992
264 1015
265 1007
266 980
267 1019
268 968
269 977
270 980
271 1032
272 1013
273 988
274 1006
275 1012
276 1017
277 988
278 983
279 1027
280 986
281 1007
282 1027
283 999
284 975
285 1026
286 988
287 986
288 983
289 982
290 1018
291 967
292 982
293 1010
294 1014
295 1017
296 982
297 956
298 1012
299 1014
300 1028
301 1004
302 983
303 1017
304 996
305 976
306 1009
307 992
308 1023
309 982
310 1005
311 962
312 1044
313 1008
314 1009
315 996
316 1004
317 1011
318 1006
319 973
320 1000
321 1042
322 1007
323 1018
324 1000
325 973
326 977
327 1004
328 983
329 1016
330 1002
331 1015
332 976
333 1002
334 1030
335 1016
336 985
337 964
338 986
339 1008
340 987
341 956
342 1001
343 1004
344 999
345 994
346 1002
347 995
348 1016
349 1006
350 1007
351 964
352 1012
353 1000
354 978
355 1000
356 1012
357 1007
358 974
359 958
360 957
361 992
362 1006
363 1001
364 1003
365 996
366 998
367 980
368 1001
369 1001
370 955
371 1018
372 1005
373 997
374 981
375 974
376 1022
377 1041
378 989
379 1000
380 995
381 1000
382 987
383 1018
384 999
385 1038
386 1020
387 1016
388 1039
389 1019
390 988
391 1027
392 991
393 988
394 986
395 993
396 995
397 996
398 987
399 1013
400 1020
401 991
402 967
403 998
404 978
405 984
406 1028
407 984
408 994
409 1001
410 1009
411 986
412 977
413 1027
414 1010
415 1010
416 989
417 1016
418 1013
419 977
420 970
421 995
422 1000
423 984
424 1001
425 1021
426 1025
427 1002
428 985
429 985
430 986
431 979
432 1004
433 997
434 963
435 986
436 992
437 1029
438 1019
439 1013
440 1027
441 1013
442 1041
443 991
444 1025
445 1018
446 971
447 993
448 1032
449 997
450 1019
451 986
452 994
453 1008
454 996
455 989
456 1010
457 1004
458 991
459 998
460 987
461 986
462 995
463 993
464 1015
465 993
466 1009
467 998
468 1000
469 1009
470 1025
471 995
472 1015
473 1010
474 987
475 1001
476 991
477 977
478 1011
479 1017
480 1002
481 1012
482 995
483 988
484 984
485 1011
486 998
487 991
488 996
489 1005
490 1034
491 982
492 1013
493 1010
494 978
495 991
496 997
497 986
498 1022
499 1019
500 987
501 983
502 1012
503 996
504 978
505 1016
506 1011
507 983
508 976
509 986
510 995
511 971
512 1035
513 993
514 1002
515 1018
516 1044
517 1006
518 994
519 1002
520 987
521 1007
522 991
523 989
524 1006
525 1009
526 988
527 1014
528 975
529 982
530 984
531 1043
532 1015
533 999
534 1013
535 1016
536 988
537 993
538 966
539 994
540 1008
541 984
542 1019
543 984
544 983
545 1014
546 993
547 985
548 1015
549 1002
550 1021
551 1015
552 986
553 986
554 1019
555 970
556 986
557 1005
558 997
559 1017
560 1018
561 972
562 1003
563 1027
564 990
565 994
566 999
567 964
568 981
569 969
570 1014
571 1031
572 998
573 1020
574 994
575 1016
576 1010
577 1011
578 1006
579 1015
580 1022
581 974
582 994
583 1005
584 1008
585 1033
586 984
587 1017
588 1018
589 997
590 995
591 1020
592 977
593 971
594 993
595 973
596 993
597 1017
598 983
599 1006
600 1006
601 994
602 986
603 1023
604 995
605 995
606 1022
607 1014
608 993
609 1004
610 1008
611 1000
612 1007
613 990
614 1026
615 981
616 974
617 1011
618 1004
619 1001
620 1003
621 1008
622 1017
623 984
624 1024
625 986
626 1021
627 1000
628 1050
629 1008
630 1013
631 1010
632 1015
633 999
634 977
635 1002
636 997
637 987
638 977
639 991
640 987
641 969
642 1020
643 994
644 1019
645 1033
646 1018
647 1003
648 1023
649 980
650 990
651 989
652 1006
653 1008
654 1011
655 1021
656 1008
657 983
658 994
659 972
660 1024
661 1044
662 998
663 1010
664 1001
665 982
666 1001
667 1039
668 1003
669 977
670 1012
671 1000
672 1012
673 981
674 1007
675 1019
676 1017
677 1013
678 982
679 985
680 989
681 1000
682 998
683 982
684 1023
685 1022
686 996
687 983
688 987
689 996
690 988
691 995
692 987
693 998
694 1041
695 1014
696 1019
697 1011
698 992
699 985
700 985
701 1012
702 997
703 1014
704 984
705 1011
706 995
707 1010
708 986
709 1007
710 1009
711 1021
712 1032
713 1022
714 1027
715 982
716 1005
717 993
718 999
719 996
720 991
721 1025
722 997
723 986
724 981
725 1009
726 1019
727 1011
728 1005
729 1008
730 1024
731 990
732 1020
733 989
734 989
735 984
736 1012
737 979
738 970
739 999
740 987
741 999
742 1021
743 1007
744 971
745 998
746 1006
747 986
748 998
749 987
750 996
751 1005
752 1008
753 1007
754 1001
755 973
756 1001
757 988
758 978
759 1030
760 1020
761 989
762 1004
763 990
764 989
765 1008
766 998
767 990
768 999
769 1021
770 1036
771 976
772 993
773 1008
774 1009
775 1011
776 1001
777 984
778 1002
779 997
780 1008
781 1023
782 994
783 990
784 991
785 995
786 1005
787 1020
788 983
789 1023
790 1038
791 995
792 995
793 981
794 1012
795 1024
796 994
797 995
798 1030
799 1047
800 957
801 996
802 982
803 1002
804 978
805 981
806 1027
807 1020
808 1020
809 1005
810 982
811 1009
812 990
813 1014
814 1016
815 989
816 1019
817 1042
818 978
819 1024
820 990
821 1011
822 975
823 1011
824 984
825 1032
826 999
827 1014
828 1010
829 988
830 987
831 1010
832 1008
833 982
834 999
835 1009
836 1003
837 1009
838 1007
839 1007
840 993
841 1031
842 1022
843 1019
844 980
845 992
846 985
847 993
848 1011
849 1011
850 1014
851 975
852 988
853 993
854 1009
855 1002
856 971
857 999
858 1006
859 1020
860 1024
861 1030
862 978
863 1013
864 1005
865 999
866 1017
867 1000
868 992
869 950
870 999
871 998
872 979
873 1006
874 1000
875 1013
876 997
877 986
878 1019
879 987
880 1006
881 979
882 1017
883 988
884 1016
885 997
886 1015
887 1021
888 1011
889 966
890 1012
891 989
892 991
893 977
894 1034
895 1003
896 1003
897 995
898 997
899 1003
900 1017
901 987
902 989
903 983
904 991
905 996
906 1004
907 997
908 1015
909 1014
910 992
911 992
912 969
913 1004
914 997
915 1011
916 993
917 1026
918 985
919 1032
920 1016
921 964
922 963
923 1032
924 996
925 1005
926 1005
927 1009
928 986
929 1002
930 963
931 1015
932 1006
933 997
934 1029
935 999
936 991
937 1007
938 986
939 1005
940 973
941 995
942 1004
943 1017
944 998
945 1013
946 999
947 985
948 988
949 988
950 992
951 977
952 984
953 972
954 1009
955 975
956 1007
957 1013
958 1034
959 964
960 982
961 992
962 963
963 975
964 1007
965 1015
966 1003
967 952
968 985
969 985
970 1007
971 1018
972 1016
973 1003
974 991
975 1004
976 972
977 994
978 972
979 1007
980 1008
981 984
982 1037
983 1011
984 1033
985 1035
986 1004
987 973
988 990
989 1009
990 982
991 1038
992 1013
993 971
994 981
995 1005
996 1005
997 1001
998 991
999 999
1000 1012
