50
5 12 4 2 13 12 
4 6 7 1 5 11 
2 5 13 3 6 13 
7 6 4 13 12 2 
2 6 4 11 2 6 
4 4 13 6 7 5 
12 6 5 2 13 4 
2 12 5 7 1 6 
3 1 2 6 4 5 
2 6 7 6 1 5 
3 4 4 11 1 1 
6 12 13 1 11 1 
3 13 6 12 7 11 
1 6 13 6 4 5 
12 7 11 7 3 2 
12 4 5 6 4 6 
6 11 12 6 13 3 
2 11 11 4 2 5 
6 3 13 7 1 6 
1 2 2 3 4 7 
12 5 1 11 4 5 
4 5 6 13 12 12 
12 2 1 5 13 4 
13 5 12 3 1 3 
4 12 2 1 5 7 
2 6 7 7 1 13 
4 6 13 7 4 12 
5 12 13 6 3 3 
3 11 13 12 4 7 
13 6 11 4 1 3 
13 2 4 7 1 1 
1 12 2 13 3 11 
12 7 1 4 11 12 
11 7 12 12 11 12 
5 6 13 7 4 2 
2 11 13 2 1 6 
1 1 2 1 3 13 
3 11 2 6 13 5 
11 1 1 13 2 3 
13 3 4 6 4 11 
3 12 2 5 3 2 
3 6 6 2 1 2 
11 3 1 5 11 3 
11 7 5 2 1 12 
3 6 2 13 2 1 
7 13 1 12 11 12 
1 11 7 6 4 4 
12 3 7 12 3 4 
3 4 4 7 6 6 
2 4 5 11 4 3 
