50
11 1 12 11 11 4 
1 1 3 2 4 2 
11 1 11 5 6 1 
4 3 6 7 11 7 
2 5 11 3 4 13 
1 7 1 5 1 13 
5 6 6 2 12 6 
5 12 2 6 12 6 
1 11 13 5 13 11 
7 4 1 12 4 4 
11 4 12 11 11 12 
12 5 1 12 2 12 
12 6 2 6 3 11 
7 2 5 6 13 6 
2 3 12 5 6 7 
2 11 6 4 5 3 
5 13 13 2 12 11 
2 6 3 6 12 13 
5 4 2 7 5 11 
5 12 2 12 6 7 
11 1 11 4 6 12 
12 12 11 1 2 5 
4 11 5 12 1 5 
13 4 7 7 11 6 
5 7 4 3 3 11 
4 2 1 6 13 12 
1 13 4 12 2 7 
5 2 13 11 4 2 
6 1 5 7 4 2 
4 2 3 11 13 5 
7 12 2 3 4 2 
13 12 11 13 6 2 
5 13 6 3 4 13 
4 4 1 3 5 6 
13 13 7 2 6 13 
12 3 7 3 12 1 
5 6 3 7 2 6 
6 3 7 7 11 1 
5 6 7 3 12 2 
6 3 12 5 5 7 
6 1 13 2 4 4 
13 2 1 7 1 6 
13 6 1 7 5 5 
2 2 4 11 4 3 
6 3 1 2 5 7 
11 2 12 4 4 3 
2 5 3 1 2 7 
2 11 4 3 11 11 
7 4 4 11 12 1 
4 11 13 11 12 5 
