100
3 1 4 5 12 6 
7 7 5 13 2 12 
12 12 7 7 5 6 
12 6 6 3 11 6 
3 12 7 3 5 6 
6 1 2 13 5 5 
5 4 6 6 12 3 
1 13 1 7 3 4 
7 2 12 6 2 3 
5 12 3 6 3 2 
7 4 5 12 12 2 
3 13 5 11 1 7 
7 12 4 2 1 2 
3 12 11 1 6 12 
12 3 5 1 1 4 
13 11 2 11 11 1 
4 7 13 3 13 4 
5 6 2 1 7 1 
6 3 7 13 7 12 
12 3 7 5 5 13 
11 12 6 2 12 11 
4 13 4 6 7 3 
5 7 12 3 11 6 
11 6 7 4 7 2 
7 6 12 1 7 3 
11 12 13 7 11 13 
5 1 13 2 4 2 
3 13 12 3 5 4 
6 7 3 5 6 6 
12 6 4 13 2 6 
2 12 6 1 6 3 
7 7 5 4 3 6 
13 7 5 6 3 12 
2 11 1 6 13 6 
2 7 5 1 4 2 
1 11 1 3 2 7 
1 12 7 5 6 12 
6 13 6 7 13 7 
11 13 11 1 7 2 
2 7 12 4 7 7 
7 5 7 7 6 4 
12 5 6 13 2 3 
7 4 2 13 12 7 
5 6 3 7 1 4 
6 7 3 6 3 13 
6 11 13 7 3 6 
5 11 7 3 13 12 
6 13 6 1 2 13 
13 4 5 6 13 5 
2 13 2 4 1 11 
1 7 4 12 6 4 
13 3 2 12 6 12 
5 12 13 3 2 2 
4 11 1 11 5 2 
1 4 1 12 7 12 
4 12 12 7 12 11 
12 1 5 5 13 13 
11 4 13 6 1 12 
5 12 6 6 7 2 
3 11 12 7 4 4 
3 6 12 5 13 6 
2 3 2 6 2 1 
7 2 6 12 7 12 
13 1 3 1 5 12 
4 11 2 6 11 12 
6 2 3 4 4 12 
3 12 7 13 11 13 
5 12 5 2 11 4 
11 13 4 7 2 6 
4 1 12 11 4 7 
11 12 5 11 6 3 
13 2 7 13 5 13 
3 3 5 4 12 2 
2 4 7 12 11 4 
12 12 4 6 4 2 
12 1 12 3 12 2 
1 6 7 7 5 5 
12 12 4 7 5 2 
11 6 12 1 3 11 
1 4 1 11 1 2 
11 7 6 6 4 12 
13 3 2 1 7 6 
13 12 3 6 5 11 
13 5 12 13 2 6 
12 6 7 2 11 7 
3 3 12 6 2 5 
2 7 13 7 5 5 
12 3 2 11 6 3 
1 4 7 1 4 12 
12 7 3 11 3 11 
1 4 7 6 3 4 
11 13 13 2 1 11 
7 2 1 1 12 13 
3 11 7 4 11 1 
2 4 11 2 3 7 
1 5 7 5 2 2 
1 7 5 4 6 7 
7 6 4 12 13 13 
2 2 7 11 1 1 
13 2 7 11 11 11 
