153 440
141
37
33
101
42
73
149
81
41
148
41
140
15
152
106
49
8
72
132
82
105
53
147
13
128
41
81
6
3
33
116
135
48
35
95
46
16
123
16
112
60
8
23
124
30
56
133
19
115
106
18
113
17
112
57
140
120
27
39
118
99
138
97
45
80
75
150
9
36
5
89
113
152
72
30
111
22
78
96
122
131
93
74
12
27
120
149
46
122
40
8
122
45
55
47
74
59
22
151
1
19
28
31
58
35
124
137
16
64
61
57
77
28
7
5
93
78
35
111
81
111
82
87
102
133
40
30
1
127
38
71
53
25
102
134
68
49
131
109
100
53
109
3
71
4
44
89
2
73
64
31
17
124
97
64
14
62
148
127
130
82
101
65
43
133
88
69
90
71
73
49
20
108
105
19
88
96
144
143
83
107
138
151
55
40
58
153
14
23
37
135
100
11
15
72
58
126
150
109
28
104
70
129
137
132
2
93
80
118
7
10
55
78
31
52
57
103
96
9
110
92
123
84
25
125
116
2
145
50
29
120
14
91
114
22
141
36
36
147
13
136
15
90
79
66
143
47
131
50
48
43
128
101
61
105
132
94
106
91
85
130
113
7
77
9
66
85
6
69
23
153
92
117
67
136
52
102
127
1
80
39
76
74
25
98
45
123
37
112
84
70
146
129
126
92
67
63
134
83
144
50
59
66
110
130
34
69
117
33
117
63
70
107
108
145
42
3
10
38
83
42
65
110
86
100
59
128
24
51
61
34
99
77
142
134
89
97
103
142
13
6
139
39
146
10
125
62
90
65
29
118
94
46
115
12
126
44
116
43
21
85
11
11
115
44
54
104
17
63
119
62
125
48
119
108
68
21
5
26
32
24
99
67
54
91
98
52
75
139
51
26
79
27
26
47
103
114
60
79
121
38
76
76
56
86
56
104
20
84
60
20
29
86
51
34
18
95
107
98
12
32
18
24
68
95
94
88
129
4
21
119
75
114
4
87
121
54
32
121
87
