423 147
65
57
136
58
342
310
194
115
372
395
41
104
40
393
13
423
196
235
143
158
231
390
123
160
379
294
384
202
118
93
333
403
132
184
358
50
366
257
422
191
347
279
223
160
180
211
339
42
297
188
334
320
83
389
157
213
46
153
358
326
172
221
303
285
416
300
338
408
313
200
184
79
350
45
122
65
355
253
262
309
309
295
127
193
74
310
71
179
74
287
363
226
248
402
344
130
118
350
179
263
107
145
176
262
141
126
18
276
137
423
285
369
251
249
327
243
42
406
367
43
290
280
318
44
226
199
423
186
408
173
365
200
410
393
375
277
206
66
347
240
62
319
2
335
190
96
159
