117 2957
100
22
97
22
20
50
43
112
35
46
57
114
37
57
20
16
83
15
47
77
15
102
52
47
84
75
24
57
77
95
68
16
72
112
2
40
35
84
42
42
81
92
78
12
102
15
36
60
67
30
13
94
90
104
112
65
20
107
41
116
25
112
9
40
26
9
106
27
73
50
97
19
59
113
64
41
86
36
7
39
45
18
73
55
107
23
26
66
72
94
83
107
23
77
114
4
111
5
4
17
79
105
46
6
114
62
96
86
74
64
6
81
47
91
18
111
25
44
47
82
98
40
86
16
14
106
109
4
44
41
47
69
89
52
87
23
110
31
72
13
115
60
23
28
64
61
111
88
108
70
96
27
110
85
81
75
95
106
54
50
18
90
85
94
1
46
66
115
76
40
74
97
23
117
90
61
72
41
53
46
106
55
113
106
70
75
23
53
59
103
29
36
52
97
36
62
77
23
38
87
7
58
113
105
37
54
91
4
94
72
44
88
51
44
48
81
35
56
114
108
65
76
59
40
34
5
73
2
74
25
23
40
66
29
102
12
60
56
27
103
63
80
31
100
86
96
107
105
11
108
92
106
76
62
18
45
20
55
42
29
57
48
10
52
52
107
53
67
40
72
56
59
117
8
115
51
21
87
27
37
44
68
41
35
104
110
57
18
14
102
59
103
103
78
69
57
2
88
78
70
101
17
78
93
105
54
102
109
41
98
43
45
59
82
9
69
115
109
112
23
33
15
15
49
116
5
22
21
18
78
54
2
92
76
84
83
32
93
88
88
62
114
5
115
36
77
79
21
22
40
41
49
78
116
85
59
62
27
20
43
12
116
101
22
16
40
114
65
46
22
109
6
89
85
111
26
101
72
10
18
90
25
4
10
75
51
108
105
11
67
9
27
87
63
98
88
84
69
35
27
1
115
95
56
64
81
40
28
2
99
15
28
84
39
27
6
105
5
82
102
31
17
100
42
21
83
105
84
24
92
102
106
45
38
30
113
59
95
15
107
58
97
108
73
44
38
39
2
39
37
6
58
71
17
47
24
107
22
18
20
39
19
72
38
8
111
46
77
41
58
42
97
54
46
19
41
93
30
18
96
42
16
8
110
49
17
32
59
11
95
76
107
45
36
112
65
24
108
56
22
36
110
68
36
8
47
53
35
33
57
26
12
90
99
36
85
41
51
41
37
30
85
57
72
78
40
88
54
57
94
67
106
60
95
87
15
56
93
95
78
108
33
13
70
30
87
39
31
113
50
51
113
114
94
44
60
81
75
78
114
99
107
104
17
98
95
40
52
52
42
41
6
19
76
17
56
14
41
82
82
27
101
78
111
85
12
45
64
18
2
33
71
41
63
117
48
25
15
112
12
57
60
33
99
90
60
107
63
8
42
32
64
98
14
76
41
109
98
14
97
12
100
79
117
3
67
5
51
26
26
55
58
42
7
9
68
76
59
106
34
61
64
53
52
114
13
82
60
71
17
94
58
28
5
23
22
1
22
52
39
91
53
42
68
32
66
4
34
18
92
112
13
111
114
111
3
113
42
47
72
53
57
96
43
80
65
29
48
8
24
104
52
63
68
100
56
33
21
56
63
98
109
112
39
98
99
34
85
75
55
108
94
60
59
68
14
83
6
25
2
25
37
66
84
100
85
83
46
62
103
98
34
110
83
73
56
108
105
105
35
14
104
92
7
36
27
102
91
75
66
76
77
9
31
29
116
33
44
84
39
19
111
85
97
14
94
111
21
32
38
41
15
26
64
31
20
117
112
14
85
91
56
48
97
89
18
113
45
117
94
28
86
24
90
96
45
10
63
48
37
39
92
102
34
32
100
38
91
43
61
115
23
65
24
103
50
37
17
17
105
113
6
107
21
116
1
33
61
56
95
18
86
81
67
15
98
57
99
42
75
74
21
97
97
44
47
51
27
38
100
113
24
97
75
70
16
96
93
89
2
79
72
64
88
42
2
90
15
91
105
45
91
98
42
104
78
38
69
75
106
64
60
106
58
94
96
92
34
29
34
16
110
56
92
102
32
85
72
19
79
107
106
37
30
76
46
56
57
90
97
70
3
9
20
74
54
96
79
74
69
55
106
89
45
97
67
112
45
87
1
69
39
1
30
72
46
79
22
24
8
89
51
115
13
96
48
18
32
2
100
79
37
18
43
104
1
4
112
45
24
74
18
58
97
14
54
25
67
108
98
113
37
94
24
67
31
115
83
79
70
33
64
97
13
77
19
12
11
42
40
102
94
99
114
35
47
103
83
13
86
88
75
52
15
108
56
108
17
73
84
54
8
30
7
1
7
89
90
16
53
24
82
108
90
14
55
35
51
75
94
76
5
94
90
94
47
101
113
109
23
63
61
85
49
33
93
77
31
78
6
15
24
26
108
23
1
22
83
73
101
90
82
114
15
8
68
1
40
80
20
14
93
57
2
53
107
48
100
16
70
65
48
83
117
112
59
3
52
86
37
62
41
96
4
70
60
71
19
81
3
64
94
49
32
23
42
74
107
96
40
45
91
17
23
72
3
55
58
116
45
23
53
43
110
56
99
86
105
55
91
110
110
89
85
105
91
41
57
14
117
51
59
73
102
50
109
38
82
50
114
29
80
40
5
15
36
100
23
112
70
18
106
14
46
54
101
40
48
10
99
112
29
97
37
64
70
78
112
10
108
66
37
48
47
12
55
18
3
6
50
9
59
117
39
92
115
29
5
45
7
81
110
36
84
107
92
6
107
48
12
37
31
43
29
99
105
41
12
63
87
81
26
89
42
104
100
65
48
92
62
82
75
72
100
1
106
18
46
90
45
36
28
21
69
87
38
20
38
31
28
113
7
47
56
26
103
95
39
39
14
90
39
83
79
99
48
67
70
88
116
49
95
116
87
51
27
14
26
62
82
36
105
97
62
24
9
12
27
76
86
65
70
46
87
45
6
74
105
48
42
65
29
53
42
99
30
15
28
31
80
105
56
1
59
79
44
101
100
12
7
92
49
103
84
63
35
91
101
93
37
14
68
4
33
67
51
57
52
110
76
18
20
3
43
58
10
56
116
63
15
75
19
64
22
28
13
10
52
73
98
58
110
33
61
5
68
21
96
56
43
108
29
51
17
117
37
81
16
100
108
84
8
106
27
2
27
73
87
24
25
107
76
49
41
109
58
35
30
112
24
61
26
95
102
90
111
6
73
2
25
29
71
52
41
95
44
35
105
13
31
4
35
69
51
77
92
6
39
67
83
84
54
8
19
109
30
31
116
8
77
77
72
80
82
26
19
18
19
39
104
27
31
115
107
100
59
95
108
115
26
28
20
52
94
52
88
62
75
4
27
8
40
93
74
30
91
2
101
12
39
73
25
21
100
96
64
48
104
91
73
16
107
72
96
14
50
92
49
21
96
15
100
99
31
11
91
1
101
99
29
91
34
34
110
114
40
34
51
93
14
7
106
42
14
47
44
11
90
74
49
64
71
41
69
18
103
108
109
4
38
99
81
58
98
46
69
23
3
52
70
1
56
49
94
79
67
70
113
9
14
75
80
22
51
117
110
22
37
13
31
31
67
115
96
61
20
58
43
37
25
18
29
61
72
57
45
43
92
3
53
6
40
63
80
14
96
100
49
87
103
85
96
69
1
20
59
26
47
82
43
78
1
1
17
53
57
26
73
117
2
44
26
74
39
76
70
103
7
12
18
87
19
24
76
56
80
36
89
1
7
8
63
4
44
47
94
87
56
13
44
92
75
58
110
99
46
11
41
80
52
36
30
66
37
5
60
111
56
30
41
99
74
43
60
35
60
39
24
42
80
67
38
81
77
98
91
25
9
64
67
93
74
29
71
101
51
15
83
86
87
94
91
102
57
54
19
84
56
93
10
30
97
68
27
116
50
52
48
116
78
42
96
31
85
36
40
39
21
86
3
14
54
4
23
115
15
117
101
89
51
13
57
61
23
96
16
13
17
38
116
113
60
31
90
9
87
65
8
100
64
114
35
21
77
55
76
32
9
3
82
109
18
24
71
53
8
66
2
85
20
51
29
72
37
12
89
23
93
6
4
88
52
48
29
26
57
83
18
30
88
12
43
28
90
16
22
50
65
80
33
45
10
19
117
54
65
32
64
1
21
40
31
7
86
61
31
30
82
28
66
38
98
106
85
36
23
4
41
9
50
94
80
109
52
70
46
26
1
63
39
31
81
16
104
62
65
105
19
63
30
80
23
103
16
10
35
114
32
57
63
105
24
109
72
16
83
70
37
9
88
102
87
29
76
17
50
89
99
13
67
108
64
1
15
78
9
28
84
6
110
7
46
64
1
23
42
12
27
79
72
39
111
94
66
50
87
89
32
46
89
71
32
81
75
105
82
70
55
72
69
50
85
13
66
98
30
54
95
109
110
85
112
104
43
102
35
39
42
9
70
29
66
69
46
8
76
22
42
8
107
104
111
68
105
16
65
98
80
17
22
109
65
14
54
17
10
27
50
97
101
68
85
78
117
83
29
82
102
7
8
75
109
32
112
39
21
1
27
89
12
27
60
31
97
88
7
112
52
44
35
110
31
102
66
67
4
93
16
86
83
8
16
36
97
31
43
46
69
101
104
101
31
97
13
107
4
51
71
29
43
65
110
11
61
87
66
77
80
77
105
75
84
66
116
104
73
113
99
112
105
58
85
104
32
59
67
8
49
9
112
109
117
107
14
28
37
108
83
13
87
77
67
48
90
82
62
19
11
37
32
8
34
97
117
81
97
106
116
91
32
23
114
84
95
103
95
45
70
110
25
14
98
86
109
50
60
98
69
26
45
105
73
114
11
24
92
3
32
28
87
101
109
17
47
88
95
32
94
71
60
25
112
96
58
38
25
117
30
91
2
40
26
47
12
20
99
65
38
16
5
36
51
72
89
15
23
58
72
78
60
102
36
10
100
12
19
90
53
65
1
29
59
50
36
68
35
87
111
51
4
54
116
9
71
16
19
37
82
25
61
112
65
20
13
110
44
13
27
72
44
78
11
67
94
80
32
83
55
53
21
82
109
74
114
43
13
25
1
30
59
77
74
13
7
2
85
64
99
61
66
4
100
49
59
17
91
46
60
52
61
43
58
93
55
5
4
99
83
91
102
4
77
86
48
93
15
47
67
117
49
76
53
70
92
103
64
82
111
101
96
58
12
2
76
87
112
45
13
45
49
55
32
61
77
34
90
44
25
51
109
117
6
51
107
60
63
86
100
13
74
34
52
87
4
5
48
9
109
48
47
79
49
44
44
71
82
54
101
25
36
100
104
80
92
61
66
22
73
1
4
77
13
13
78
89
28
62
76
103
95
43
25
79
6
83
104
74
8
5
93
107
101
99
95
11
3
29
65
58
69
114
44
66
114
2
26
80
91
19
69
86
71
44
26
58
30
117
103
19
11
59
61
11
7
26
83
90
90
24
32
43
65
75
49
114
83
48
16
49
49
71
98
65
116
34
70
111
91
2
47
26
68
49
82
24
66
90
11
30
109
76
32
92
74
7
44
47
103
20
78
96
3
30
98
63
58
106
4
26
98
92
69
10
111
36
4
107
61
32
111
73
109
85
59
67
111
75
24
73
30
68
102
114
69
114
25
2
21
100
54
22
6
38
48
38
85
6
30
40
93
106
104
106
19
57
28
103
40
44
55
116
32
5
65
101
92
33
55
55
78
34
74
48
115
27
70
79
6
108
113
89
58
108
66
68
71
50
75
17
66
101
25
59
49
25
76
101
22
76
83
91
45
101
63
96
8
5
63
71
86
15
71
81
29
104
47
104
92
49
22
38
75
111
8
111
58
35
103
33
106
82
35
86
51
71
61
3
50
33
3
47
117
38
24
114
55
50
43
6
80
43
79
22
98
104
88
19
29
64
6
38
116
78
84
20
6
50
6
61
8
104
84
11
3
70
74
78
89
7
61
16
10
110
88
3
103
62
95
82
15
17
55
53
34
86
5
95
62
27
116
16
9
38
19
101
116
89
53
64
49
22
5
9
43
92
116
104
69
53
16
38
102
61
3
12
98
73
10
59
104
20
25
88
79
117
36
79
27
57
17
53
106
3
2
93
84
102
2
62
17
11
62
28
60
16
46
89
106
67
47
75
3
99
65
11
108
63
88
99
103
46
22
61
50
2
46
45
9
74
12
17
95
103
80
50
54
93
73
49
25
88
5
12
81
86
103
68
3
77
79
73
77
69
89
53
89
54
62
116
73
95
113
78
22
93
53
74
66
55
79
38
12
73
67
68
111
110
108
81
57
95
28
60
69
79
115
84
9
60
19
68
24
93
89
66
110
93
80
54
115
79
68
55
35
34
113
10
9
79
9
17
53
55
115
28
116
19
80
7
34
81
80
73
46
34
28
74
77
68
81
35
63
20
93
50
74
60
55
63
80
63
28
84
115
53
68
103
113
11
68
69
86
28
3
69
63
62
71
111
71
62
11
93
10
66
79
117
5
20
55
33
88
7
113
5
62
11
68
88
5
115
7
117
102
71
54
88
3
54
28
20
11
35
86
84
10
33
54
115
7
86
34
115
28
77
81
115
71
3
81
28
84
5
84
7
62
34
113
21
102
113
81
111
10
62
21
62
113
71
113
7
33
11
71
81
21
88
35
34
11
20
5
34
34
20
10
10
11
20
115
115
10
33
10
10
10
33
11
21
21
33
21
21
21
33
33
33
