Teste 1
1 2 3 4 6 7 8 9 10 12 14 16 17 18 19 21 24 26 27 28 29 30 31 33 34 35 36 38 39 40 41 42 43 44 45 46 47 48 50 

Teste 2
1 3 4 5 7 8 9 10 11 12 16 17 18 21 22 24 26 28 30 31 32 33 34 35 36 38 41 43 44 45 46 47 48 49 

Teste 3
1 4 5 6 7 8 9 10 11 12 13 14 15 16 17 19 20 21 22 23 24 25 26 27 28 29 30 31 32 33 34 35 36 37 38 39 40 42 43 45 47 49 50 

Teste 4
1 2 3 4 5 6 7 8 9 10 11 12 13 14 15 16 17 18 20 21 22 23 25 26 28 29 31 32 33 35 36 39 40 41 43 44 45 46 48 49 50 

Teste 5
1 2 5 7 9 10 12 13 15 19 20 21 22 23 24 26 27 28 29 31 32 35 36 37 38 39 40 41 42 43 44 47 48 49 50 

Teste 6
1 5 6 8 9 11 14 16 17 19 20 22 25 28 30 31 32 33 34 35 38 39 40 41 43 47 50 

Teste 7
1 2 3 4 5 6 7 8 10 11 12 13 14 15 16 18 19 20 21 22 26 27 28 29 30 32 34 35 36 37 39 40 41 42 43 44 45 46 47 48 50 

Teste 8
1 2 5 7 8 10 11 12 13 15 16 17 18 20 21 22 23 24 25 27 28 29 30 32 34 38 41 42 43 44 45 46 48 49 50 

Teste 9
2 3 4 6 7 9 10 11 12 13 14 15 17 18 19 20 21 22 23 24 25 26 27 28 29 30 31 32 33 34 36 38 39 40 41 42 43 45 46 47 50 

Teste 10
1 3 4 10 11 12 13 14 16 19 21 22 23 25 26 27 29 30 31 32 35 36 37 39 40 41 43 44 45 46 47 48 

Teste 11
1 2 3 4 5 6 8 9 10 11 12 14 15 16 17 18 19 20 22 24 27 28 29 30 32 33 34 35 36 39 40 41 42 44 45 46 47 48 50 

Teste 12
2 3 5 6 7 8 9 11 12 13 14 17 21 22 24 26 27 29 31 32 33 34 35 36 38 39 42 43 46 48 49 

Teste 13
1 2 3 5 6 7 8 9 10 11 14 15 16 18 19 20 21 22 23 24 25 26 28 29 31 32 35 36 39 40 41 42 43 44 45 47 48 49 50 

Teste 14
1 2 3 4 5 8 10 11 12 14 16 18 19 20 21 22 24 25 26 27 28 29 30 31 32 33 34 35 36 37 38 39 40 41 42 43 44 46 47 48 49 50 

Teste 15
1 2 3 6 7 8 10 11 12 13 14 15 16 17 18 19 20 22 24 25 26 27 28 29 30 31 32 33 34 35 36 37 39 40 41 42 43 44 45 47 48 49 50 

Teste 16
1 3 7 9 11 12 13 15 17 18 19 23 24 25 27 29 30 34 37 38 41 42 44 45 46 47 48 50 

Teste 17
2 4 5 6 7 8 9 11 12 13 14 15 16 17 19 20 21 22 23 24 25 26 28 30 31 32 33 34 35 36 38 39 40 41 42 44 46 47 49 

Teste 18
1 2 3 4 5 6 8 9 11 13 14 16 17 18 19 20 21 24 25 26 27 28 29 30 32 33 34 35 36 38 40 42 43 45 46 47 48 49 50 

Teste 19
1 2 3 5 6 9 10 11 12 13 15 18 19 20 22 23 24 25 27 28 29 30 31 32 33 34 35 36 37 38 41 42 45 46 47 48 49 50 

Teste 20
1 2 3 5 6 7 9 10 12 13 14 15 16 18 21 22 23 24 25 26 27 28 29 30 31 32 34 36 40 41 43 44 45 46 47 48 49 

Teste 21
1 2 3 4 6 7 9 10 11 12 13 14 15 16 17 18 19 21 22 23 24 25 26 27 28 29 30 31 32 33 34 35 36 37 41 42 43 44 45 47 48 49 50 

Teste 22
1 4 5 6 7 10 11 12 13 14 15 16 19 20 21 22 23 24 25 26 27 28 29 31 32 33 34 35 36 37 38 39 40 41 42 44 45 46 47 48 49 

Teste 23
5 6 7 10 11 12 15 16 17 18 19 23 24 26 28 29 30 31 34 35 37 38 39 43 44 45 46 47 48 49 50 

Teste 24
1 2 4 5 6 7 9 10 11 12 13 15 16 18 19 20 21 22 24 25 26 27 28 30 31 32 33 34 35 36 37 38 39 41 42 43 46 47 48 49 50 

Teste 25
1 2 6 7 8 9 10 11 12 13 14 15 17 18 21 22 23 24 25 26 27 28 29 30 31 32 33 34 35 37 38 41 42 44 45 47 48 49 50 

Teste 26
2 3 4 5 7 8 9 10 12 14 15 18 19 21 22 23 25 27 29 30 31 32 33 35 37 39 41 42 43 44 45 46 47 48 49 50 

Teste 27
1 2 3 4 5 6 7 9 10 11 12 13 15 16 17 19 20 23 25 26 27 28 30 31 32 34 37 38 40 42 43 44 46 47 48 49 

Teste 28
2 3 4 8 9 12 13 18 20 21 22 23 24 25 27 28 29 30 31 34 35 36 38 39 41 43 44 45 46 47 48 49 50 

Teste 29
1 2 3 4 6 7 8 9 10 11 13 14 15 16 17 18 19 20 22 23 24 25 26 27 28 29 31 33 34 35 36 37 38 39 40 41 42 43 44 45 46 47 48 49 50 

Teste 30
1 2 6 8 10 11 12 14 15 17 18 19 21 22 24 26 27 28 29 30 31 32 33 37 39 42 43 44 46 47 48 50 

Teste 31
2 3 5 6 8 9 10 11 12 13 14 15 16 17 19 21 22 23 25 26 27 28 29 30 31 32 33 34 36 37 38 39 40 41 42 43 44 45 46 47 48 49 50 

Teste 32
1 5 6 7 8 10 11 12 13 14 16 17 19 25 27 31 34 35 36 39 42 45 46 47 49 

Teste 33
1 2 3 4 5 6 7 8 9 13 14 15 16 17 18 20 22 23 24 25 28 29 30 31 32 33 35 36 37 38 39 40 41 42 45 46 47 48 49 50 

Teste 34
1 2 3 4 6 8 9 10 11 12 13 14 16 17 18 19 20 22 23 25 26 27 28 29 30 31 32 34 35 36 37 38 39 40 41 42 43 44 47 49 50 

Teste 35
3 5 6 7 9 10 11 13 14 16 17 20 21 22 23 24 25 26 28 29 30 31 32 33 34 35 40 41 42 44 45 46 47 48 50 

Teste 36
2 4 7 8 9 10 12 13 14 15 18 20 22 23 24 25 26 27 28 30 31 32 33 35 36 38 39 40 41 42 44 46 47 50 

Teste 37
3 4 5 6 8 10 11 12 13 14 15 17 18 21 22 23 24 26 27 28 29 30 31 32 33 35 36 37 38 39 40 41 42 43 44 45 46 47 48 49 50 

Teste 38
1 2 6 11 12 14 17 19 20 23 26 27 28 30 31 32 33 34 35 36 37 38 39 40 41 42 43 44 45 47 48 49 50 

Teste 39
1 2 3 4 5 6 7 9 10 11 12 13 14 17 18 19 20 21 23 24 25 26 27 28 29 30 31 32 33 35 38 39 42 44 45 46 47 48 49 50 

Teste 40
1 3 4 5 6 7 10 11 12 13 14 16 17 18 19 20 21 22 23 24 25 29 30 32 35 36 37 38 40 41 42 44 45 46 47 48 49 50 

Teste 41
2 3 4 5 11 12 14 15 16 17 22 23 24 25 26 28 32 33 34 35 37 39 40 41 42 46 49 50 

Teste 42
1 2 3 4 6 7 8 9 11 13 14 17 19 21 23 24 28 30 31 33 34 35 36 37 38 39 40 42 43 44 45 49 

Teste 43
2 3 4 5 7 8 10 11 12 14 17 18 20 21 23 24 25 26 27 28 29 30 31 33 34 35 38 39 42 43 44 45 47 48 

Teste 44
1 2 4 5 7 8 10 11 12 13 14 15 16 17 18 19 20 22 23 25 26 28 29 30 32 33 35 36 37 38 39 40 41 42 43 44 45 46 47 48 

Teste 45
2 3 4 5 6 7 9 11 12 13 14 15 16 17 18 19 20 21 22 24 25 26 27 28 29 30 33 34 35 36 38 39 40 41 43 44 45 46 48 49 50 

Teste 46
1 2 3 4 5 6 7 8 9 11 12 14 15 16 17 18 19 20 21 23 24 25 26 27 29 30 31 32 33 35 36 37 39 40 41 42 44 45 46 47 50 

Teste 47
1 2 3 4 5 6 7 8 10 11 12 13 15 16 17 18 19 20 21 22 23 24 25 26 27 28 29 30 32 33 34 35 36 37 38 39 40 41 42 43 44 45 46 48 49 50 

Teste 48
1 3 5 6 7 8 9 10 11 12 13 14 15 17 20 22 23 25 26 27 28 29 30 31 32 33 34 35 37 38 39 40 41 42 43 44 47 49 50 

Teste 49
1 2 3 4 5 6 8 9 10 11 12 18 22 23 24 26 27 28 31 32 35 37 38 39 40 41 42 43 44 46 47 49 50 

Teste 50
1 2 3 4 6 7 8 9 10 11 12 15 17 18 19 20 21 22 23 25 26 27 28 29 30 31 32 33 34 35 36 39 40 41 42 44 49 50 

