69
13 95 20 96
18 49 21 38
16 63 33 91
31 45 50 92
60 68 31 80
27 57 57 78
10 88 18 73
23 76 24 70
41 95 17 58
7 43 11 78
68 69 65 95
51 86 15 62
5 46 61 92
22 73 34 70
9 39 6 83
14 81 4 54
21 75 11 70
27 40 47 80
60 74 10 11
11 77 15 23
14 23 27 95
48 87 47 80
85 86 52 82
18 85 5 44
5 68 13 83
59 92 18 29
17 40 27 79
1 68 90 93
67 72 5 36
15 19 52 57
33 52 8 21
17 64 64 74
77 83 42 56
20 85 11 89
76 90 43 67
12 42 33 60
20 83 53 65
68 87 38 61
52 68 10 68
73 84 66 93
1 49 7 73
18 33 8 61
27 59 50 52
34 38 20 64
6 80 25 92
47 85 81 98
5 90 17 40
10 62 5 15
58 64 42 87
33 47 1 43
2 73 63 94
9 36 34 41
58 88 34 84
64 95 51 83
5 52 18 90
46 61 32 70
9 18 63 93
16 63 35 89
64 81 3 51
36 89 29 43
26 94 14 40
41 97 90 97
31 100 12 15
46 76 37 81
16 95 29 31
9 16 24 71
48 73 36 75
61 69 16 54
30 47 39 45
