71
5 24 17 53
86 92 58 73
49 96 1 95
58 77 58 99
4 8 51 75
1 49 62 89
16 82 25 33
4 99 34 80
55 86 41 96
20 29 50 78
15 44 24 78
20 87 23 80
49 91 30 43
70 97 4 64
4 28 7 97
78 82 33 38
19 33 48 73
53 74 19 25
17 54 43 88
17 41 67 83
48 65 13 25
28 70 25 76
7 24 83 85
21 57 69 76
5 93 9 75
51 66 28 34
4 22 21 96
38 40 30 54
39 54 18 60
33 93 40 84
19 69 25 76
39 96 43 52
26 88 52 53
28 31 84 86
52 58 41 79
9 49 88 94
11 14 47 99
35 55 23 38
53 65 91 100
3 60 85 99
29 88 51 56
70 88 21 91
45 70 61 94
6 30 33 43
16 31 23 41
30 65 17 97
46 96 5 59
96 99 3 79
5 35 5 86
77 92 25 89
38 98 27 34
43 66 11 21
14 48 13 85
81 95 41 81
29 92 45 79
39 100 57 73
56 94 77 100
54 70 19 88
21 43 37 97
18 38 85 99
83 83 49 77
64 82 17 44
14 25 22 63
65 78 20 87
16 23 45 71
10 21 63 63
60 82 19 51
29 50 56 63
32 56 39 47
8 37 13 90
11 21 27 37
