89
51 60 55 73
57 95 74 98
1 82 13 57
35 58 46 63
21 86 7 57
6 10 25 54
66 73 78 82
22 47 20 49
26 33 73 80
70 82 53 63
65 71 57 71
23 34 2 43
19 58 2 76
19 26 29 91
7 91 24 90
80 95 64 90
20 63 2 43
32 96 54 64
60 87 11 34
12 20 29 90
22 30 66 92
7 94 35 49
52 58 83 90
53 80 47 72
42 89 25 25
36 41 79 96
27 41 46 81
9 52 25 87
52 90 17 96
3 98 1 97
60 86 64 84
65 82 58 88
12 70 6 83
52 61 53 78
1 33 4 75
14 42 81 83
17 97 31 66
27 51 10 67
2 12 29 74
13 83 52 86
24 68 9 76
13 28 5 80
32 46 39 84
16 45 13 21
51 64 14 79
29 45 23 41
46 48 21 28
6 60 31 36
74 92 53 63
4 19 1 33
50 68 39 46
12 83 46 59
14 37 43 59
33 33 35 78
33 55 44 57
39 60 79 85
30 93 34 38
12 22 13 86
25 89 11 23
69 88 1 20
30 57 41 95
62 81 46 70
26 35 47 90
20 64 31 46
20 65 31 76
16 41 40 81
50 92 3 79
70 74 32 78
3 26 17 18
7 87 62 93
3 64 39 80
22 75 25 39
41 55 34 66
5 22 14 14
55 69 24 92
23 42 2 45
1 71 7 61
58 74 21 51
77 90 3 100
63 76 41 55
58 82 4 88
54 62 16 17
8 22 15 92
45 83 59 83
15 71 72 89
39 97 25 45
80 96 27 42
19 24 5 49
36 76 8 37
