89
5 24 10 84
48 77 66 92
48 87 6 58
30 88 6 78
26 30 58 73
8 51 26 96
1 99 53 87
8 41 75 84
37 45 67 92
13 32 35 99
79 93 8 18
13 74 95 99
4 94 1 23
19 55 5 78
19 30 78 91
18 71 61 67
27 54 11 18
10 45 16 40
76 89 57 62
40 52 12 34
35 55 61 86
53 64 18 23
8 93 15 100
13 77 34 82
44 91 53 99
40 67 29 92
49 94 33 42
52 54 6 66
4 88 19 92
36 67 11 14
65 95 26 72
11 29 5 20
4 54 45 72
15 22 15 73
63 67 14 99
17 20 7 72
20 90 86 98
63 77 71 96
27 73 56 94
83 99 27 88
50 54 33 75
57 64 41 79
23 39 44 94
55 67 74 100
8 49 11 84
11 59 7 90
83 100 18 97
75 98 3 5
24 89 39 77
17 46 20 69
8 65 14 62
31 65 88 91
66 98 74 76
32 56 17 39
13 32 8 81
12 87 62 84
1 12 53 98
21 81 69 88
34 85 49 68
88 99 16 58
83 86 43 93
15 60 46 83
24 90 63 78
13 54 6 76
25 28 3 5
1 23 37 92
57 92 4 7
61 80 17 22
64 96 10 61
75 96 7 51
84 85 13 38
88 97 21 43
68 97 68 77
20 72 4 80
11 60 38 42
11 20 10 67
26 71 1 76
66 82 2 51
15 66 14 92
2 86 69 86
35 62 6 88
33 92 43 85
22 51 22 37
32 98 57 89
16 20 9 37
11 98 15 39
25 30 28 79
65 67 1 47
78 87 6 10
