806699 798
618801 1
618802 1
618803 1
618804 1
618805 1
618806 1
618807 1
618808 1
618809 1
618810 1
618811 1
618812 1
618813 1
618814 1
618815 1
618816 1
618817 1
618818 1
618819 1
618820 1
618821 1
618822 1
618823 1
618824 1
618825 1
618826 1
618827 1
618828 1
618829 1
618830 1
618831 1
618832 1
618833 1
618834 1
618835 1
618836 1
618837 1
618838 1
618839 1
618840 1
618841 1
618842 1
618843 1
618844 1
618845 1
618846 1
618847 1
618848 1
618849 1
618850 1
618851 1
618852 1
618853 1
618854 1
618855 1
618856 1
618857 1
618858 1
618859 1
618860 1
618861 1
618862 1
618863 1
618864 1
618865 1
618866 1
618867 1
618868 1
618869 1
618870 1
618871 1
618872 1
618873 1
618874 1
618875 1
618876 1
618877 1
618878 1
618879 1
618880 1
618881 1
618882 1
618883 1
618884 1
618885 1
618886 1
618887 1
618888 1
618889 1
618890 1
618891 1
618892 1
618893 1
618894 1
618895 1
618896 1
618897 1
618898 1
618899 1
618900 1
618901 1
618902 1
618903 1
618904 1
618905 1
618906 1
618907 1
618908 1
618909 1
618910 1
618911 1
618912 1
618913 1
618914 1
618915 1
618916 1
618917 1
618918 1
618919 1
618920 1
618921 1
618922 1
618923 1
618924 1
618925 1
618926 1
618927 1
618928 1
618929 1
618930 1
618931 1
618932 1
618933 1
618934 1
618935 1
618936 1
618937 1
618938 1
618939 1
618940 1
618941 1
618942 1
618943 1
618944 1
618945 1
618946 1
618947 1
618948 1
618949 1
618950 1
618951 1
618952 1
618953 1
618954 1
618955 1
618956 1
618957 1
618958 1
618959 1
618960 1
618961 1
618962 1
618963 1
618964 1
618965 1
618966 1
618967 1
618968 1
618969 1
618970 1
618971 1
618972 1
618973 1
618974 1
618975 1
618976 1
618977 1
618978 1
618979 1
618980 1
618981 1
618982 1
618983 1
618984 1
618985 1
618986 1
618987 1
618988 1
618989 1
618990 1
618991 1
618992 1
618993 1
618994 1
618995 1
618996 1
618997 1
618998 1
618999 1
619000 1
619001 1
619002 1
619003 1
619004 1
619005 1
619006 1
619007 1
619008 1
619009 1
619010 1
619011 1
619012 1
619013 1
619014 1
619015 1
619016 1
619017 1
619018 1
619019 1
619020 1
619021 1
619022 1
619023 1
619024 1
619025 1
619026 1
619027 1
619028 1
619029 1
619030 1
619031 1
619032 1
619033 1
619034 1
619035 1
619036 1
619037 1
619038 1
619039 1
619040 1
619041 1
619042 1
619043 1
619044 1
619045 1
619046 1
619047 1
619048 1
619049 1
619050 1
619051 1
619052 1
619053 1
619054 1
619055 1
619056 1
619057 1
619058 1
619059 1
619060 1
619061 1
619062 1
619063 1
619064 1
619065 1
619066 1
619067 1
619068 1
619069 1
619070 1
619071 1
619072 1
619073 1
619074 1
619075 1
619076 1
619077 1
619078 1
619079 1
619080 1
619081 1
619082 1
619083 1
619084 1
619085 1
619086 1
619087 1
619088 1
619089 1
619090 1
619091 1
619092 1
619093 1
619094 1
619095 1
619096 1
619097 1
619098 1
619099 1
619100 1
619101 1
619102 1
619103 1
619104 1
619105 1
619106 1
619107 1
619108 1
619109 1
619110 1
619111 1
619112 1
619113 1
619114 1
619115 1
619116 1
619117 1
619118 1
619119 1
619120 1
619121 1
619122 1
619123 1
619124 1
619125 1
619126 1
619127 1
619128 1
619129 1
619130 1
619131 1
619132 1
619133 1
619134 1
619135 1
619136 1
619137 1
619138 1
619139 1
619140 1
619141 1
619142 1
619143 1
619144 1
619145 1
619146 1
619147 1
619148 1
619149 1
619150 1
619151 1
619152 1
619153 1
619154 1
619155 1
619156 1
619157 1
619158 1
619159 1
619160 1
619161 1
619162 1
619163 1
619164 1
619165 1
619166 1
619167 1
619168 1
619169 1
619170 1
619171 1
619172 1
619173 1
619174 1
619175 1
619176 1
619177 1
619178 1
619179 1
619180 1
619181 1
619182 1
619183 1
619184 1
619185 1
619186 1
619187 1
619188 1
619189 1
619190 1
619191 1
619192 1
619193 1
619194 1
619195 1
619196 1
619197 1
619198 1
619199 1
618800 -1
618799 -1
618798 -1
618797 -1
618796 -1
618795 -1
618794 -1
618793 -1
618792 -1
618791 -1
618790 -1
618789 -1
618788 -1
618787 -1
618786 -1
618785 -1
618784 -1
618783 -1
618782 -1
618781 -1
618780 -1
618779 -1
618778 -1
618777 -1
618776 -1
618775 -1
618774 -1
618773 -1
618772 -1
618771 -1
618770 -1
618769 -1
618768 -1
618767 -1
618766 -1
618765 -1
618764 -1
618763 -1
618762 -1
618761 -1
618760 -1
618759 -1
618758 -1
618757 -1
618756 -1
618755 -1
618754 -1
618753 -1
618752 -1
618751 -1
618750 -1
618749 -1
618748 -1
618747 -1
618746 -1
618745 -1
618744 -1
618743 -1
618742 -1
618741 -1
618740 -1
618739 -1
618738 -1
618737 -1
618736 -1
618735 -1
618734 -1
618733 -1
618732 -1
618731 -1
618730 -1
618729 -1
618728 -1
618727 -1
618726 -1
618725 -1
618724 -1
618723 -1
618722 -1
618721 -1
618720 -1
618719 -1
618718 -1
618717 -1
618716 -1
618715 -1
618714 -1
618713 -1
618712 -1
618711 -1
618710 -1
618709 -1
618708 -1
618707 -1
618706 -1
618705 -1
618704 -1
618703 -1
618702 -1
618701 -1
618700 -1
618699 -1
618698 -1
618697 -1
618696 -1
618695 -1
618694 -1
618693 -1
618692 -1
618691 -1
618690 -1
618689 -1
618688 -1
618687 -1
618686 -1
618685 -1
618684 -1
618683 -1
618682 -1
618681 -1
618680 -1
618679 -1
618678 -1
618677 -1
618676 -1
618675 -1
618674 -1
618673 -1
618672 -1
618671 -1
618670 -1
618669 -1
618668 -1
618667 -1
618666 -1
618665 -1
618664 -1
618663 -1
618662 -1
618661 -1
618660 -1
618659 -1
618658 -1
618657 -1
618656 -1
618655 -1
618654 -1
618653 -1
618652 -1
618651 -1
618650 -1
618649 -1
618648 -1
618647 -1
618646 -1
618645 -1
618644 -1
618643 -1
618642 -1
618641 -1
618640 -1
618639 -1
618638 -1
618637 -1
618636 -1
618635 -1
618634 -1
618633 -1
618632 -1
618631 -1
618630 -1
618629 -1
618628 -1
618627 -1
618626 -1
618625 -1
618624 -1
618623 -1
618622 -1
618621 -1
618620 -1
618619 -1
618618 -1
618617 -1
618616 -1
618615 -1
618614 -1
618613 -1
618612 -1
618611 -1
618610 -1
618609 -1
618608 -1
618607 -1
618606 -1
618605 -1
618604 -1
618603 -1
618602 -1
618601 -1
618600 -1
618599 -1
618598 -1
618597 -1
618596 -1
618595 -1
618594 -1
618593 -1
618592 -1
618591 -1
618590 -1
618589 -1
618588 -1
618587 -1
618586 -1
618585 -1
618584 -1
618583 -1
618582 -1
618581 -1
618580 -1
618579 -1
618578 -1
618577 -1
618576 -1
618575 -1
618574 -1
618573 -1
618572 -1
618571 -1
618570 -1
618569 -1
618568 -1
618567 -1
618566 -1
618565 -1
618564 -1
618563 -1
618562 -1
618561 -1
618560 -1
618559 -1
618558 -1
618557 -1
618556 -1
618555 -1
618554 -1
618553 -1
618552 -1
618551 -1
618550 -1
618549 -1
618548 -1
618547 -1
618546 -1
618545 -1
618544 -1
618543 -1
618542 -1
618541 -1
618540 -1
618539 -1
618538 -1
618537 -1
618536 -1
618535 -1
618534 -1
618533 -1
618532 -1
618531 -1
618530 -1
618529 -1
618528 -1
618527 -1
618526 -1
618525 -1
618524 -1
618523 -1
618522 -1
618521 -1
618520 -1
618519 -1
618518 -1
618517 -1
618516 -1
618515 -1
618514 -1
618513 -1
618512 -1
618511 -1
618510 -1
618509 -1
618508 -1
618507 -1
618506 -1
618505 -1
618504 -1
618503 -1
618502 -1
618501 -1
618500 -1
618499 -1
618498 -1
618497 -1
618496 -1
618495 -1
618494 -1
618493 -1
618492 -1
618491 -1
618490 -1
618489 -1
618488 -1
618487 -1
618486 -1
618485 -1
618484 -1
618483 -1
618482 -1
618481 -1
618480 -1
618479 -1
618478 -1
618477 -1
618476 -1
618475 -1
618474 -1
618473 -1
618472 -1
618471 -1
618470 -1
618469 -1
618468 -1
618467 -1
618466 -1
618465 -1
618464 -1
618463 -1
618462 -1
618461 -1
618460 -1
618459 -1
618458 -1
618457 -1
618456 -1
618455 -1
618454 -1
618453 -1
618452 -1
618451 -1
618450 -1
618449 -1
618448 -1
618447 -1
618446 -1
618445 -1
618444 -1
618443 -1
618442 -1
618441 -1
618440 -1
618439 -1
618438 -1
618437 -1
618436 -1
618435 -1
618434 -1
618433 -1
618432 -1
618431 -1
618430 -1
618429 -1
618428 -1
618427 -1
618426 -1
618425 -1
618424 -1
618423 -1
618422 -1
618421 -1
618420 -1
618419 -1
618418 -1
618417 -1
618416 -1
618415 -1
618414 -1
618413 -1
618412 -1
618411 -1
618410 -1
618409 -1
618408 -1
618407 -1
618406 -1
618405 -1
618404 -1
618403 -1
618402 -1
