969937 901
811252 -1
283536 -1
252648 -1
679801 1
446579 1
549226 1
174104 -1
822540 1
904502 1
68988 -1
409862 -1
575508 -1
540417 1
98181 -1
350859 1
32103 -1
432184 1
461616 -1
254261 -1
337945 1
754955 -1
943510 -1
478609 -1
493121 1
54238 1
895844 1
152550 1
937874 1
754865 -1
460773 1
268092 -1
674575 -1
5376 1
75303 1
29929 1
428969 -1
734558 -1
885535 1
348453 1
180429 -1
260021 -1
82503 -1
569830 -1
740501 -1
514141 -1
755611 -1
864100 -1
418665 -1
150591 -1
522216 1
682531 -1
92053 -1
12646 1
638655 1
160814 1
518580 -1
168524 1
632818 1
724194 -1
846498 -1
938161 -1
407435 -1
915672 -1
421160 -1
412592 1
326308 -1
392094 1
619096 1
401178 -1
903437 -1
168920 -1
172696 -1
153023 -1
27269 1
772221 -1
773830 1
906252 1
157273 1
117967 -1
286420 1
563798 1
635905 -1
625816 1
488985 1
167135 1
682947 1
771816 -1
166127 1
497519 1
149484 -1
365616 1
248444 1
419544 -1
314148 -1
926931 1
122330 1
612661 -1
165082 -1
56484 1
502818 1
352098 1
300891 -1
625017 -1
11876 1
103729 1
98972 1
279802 -1
921313 1
36999 -1
44757 1
128765 1
463892 1
71333 1
119663 -1
238779 -1
903673 -1
379091 1
552737 -1
571954 -1
268785 -1
363117 -1
123255 1
756065 1
892870 1
429011 -1
283842 -1
613710 1
237672 -1
883193 1
566829 -1
437463 -1
263636 -1
365018 1
336358 1
768599 1
913814 -1
835580 1
46427 1
900544 -1
257168 1
255189 1
659299 1
221682 -1
114701 1
704410 1
310167 1
281766 -1
5119 -1
297310 -1
122192 1
418570 -1
548943 -1
219780 -1
637172 -1
423413 -1
318742 1
493278 1
867885 -1
295002 -1
115764 1
528224 1
444602 1
804654 1
717040 1
289729 1
695271 -1
734347 1
115841 -1
805974 1
367707 1
331922 -1
800203 -1
310750 -1
342394 -1
728854 1
839443 -1
330036 -1
358997 1
926300 -1
635716 -1
601053 1
843303 -1
749307 1
691287 -1
699885 -1
316392 1
937292 -1
210880 1
965983 1
221008 1
54155 -1
835090 -1
968567 -1
880508 1
910802 -1
264802 1
22369 1
798769 1
638405 -1
903461 1
540801 1
602425 -1
704984 1
721047 1
655547 -1
916212 1
368768 -1
468215 1
369614 -1
680677 1
882266 -1
437175 1
902510 -1
480207 -1
145454 -1
672166 1
496584 -1
863806 1
492812 -1
748184 1
53713 1
195473 1
756587 1
278589 -1
684508 -1
303284 1
474730 -1
403011 1
528459 -1
99021 1
795855 1
830974 -1
19904 -1
345762 1
657294 -1
386453 1
595334 1
390647 1
329197 1
557019 -1
119049 -1
841441 -1
266952 1
711024 1
29422 1
924271 1
400101 1
78412 1
691154 1
333365 1
584700 -1
887906 -1
562205 1
931476 -1
305525 1
750003 1
657517 -1
402332 1
882465 1
935056 1
523745 1
494416 1
48326 -1
498641 -1
663976 1
524935 1
304555 -1
48820 -1
328562 -1
511129 -1
852821 -1
673742 -1
966698 -1
265734 -1
379730 1
466755 -1
908780 1
519331 1
687294 1
368203 -1
21761 1
860872 1
767257 -1
164169 1
917139 -1
223746 -1
843109 1
485110 -1
334173 1
572325 -1
575350 1
637771 -1
937464 -1
748667 -1
43926 -1
879468 -1
855366 -1
705832 1
193015 1
729454 1
409924 1
245207 1
883858 1
869787 1
793317 -1
748865 1
54697 -1
215524 -1
830944 -1
457631 -1
174447 1
833755 1
810404 1
154979 1
823942 -1
222038 -1
575559 -1
644064 1
250007 1
267523 -1
186780 -1
356468 -1
63997 -1
170327 1
86990 1
427365 -1
742529 -1
403921 -1
679400 1
564892 -1
406731 1
894919 -1
386604 -1
263483 1
590168 -1
916137 -1
116424 1
641340 -1
427830 1
734613 1
407742 -1
248980 1
24293 1
163485 1
194763 -1
650157 -1
523196 -1
389311 1
52584 1
102797 -1
623749 -1
11218 -1
858103 1
468091 -1
838882 1
776286 -1
323512 -1
524058 -1
476504 -1
87291 -1
311552 1
180955 1
456813 -1
766900 1
317658 -1
816322 1
647295 1
114474 1
298913 1
564419 1
615893 1
187184 1
274743 -1
640163 1
519886 -1
643878 1
680859 -1
306157 -1
664207 1
621796 -1
78448 1
800128 1
768044 -1
30324 -1
5374 1
678154 1
941104 1
815945 -1
350471 1
253894 -1
18807 -1
139882 -1
805185 1
449166 -1
214589 1
170910 -1
560983 1
495100 1
608615 1
536992 1
704282 -1
98391 -1
93773 1
582919 1
741250 1
277347 -1
621259 1
917713 1
820973 -1
891853 1
308780 -1
525234 1
322657 -1
68240 -1
466469 -1
505397 -1
421329 -1
261074 -1
90067 -1
794160 1
599100 -1
374369 -1
937624 -1
212860 -1
651248 -1
346877 -1
515268 -1
300017 1
366494 1
968864 -1
228432 1
587166 -1
256053 1
543047 1
444060 -1
125952 1
603579 1
255104 1
890417 -1
92291 1
433919 1
939137 1
464309 1
467116 1
394926 -1
316783 1
905762 1
106578 1
186345 1
505420 1
262510 1
790447 -1
855241 1
213816 1
950807 1
184118 1
212842 -1
58399 1
835683 1
245737 -1
140131 1
473415 -1
768119 1
100292 -1
918021 -1
934281 1
549247 1
83054 1
450844 1
585629 -1
116932 -1
405289 1
72814 -1
395147 -1
650127 1
338833 1
744306 1
325232 1
123043 1
307621 1
929626 -1
710193 -1
536991 -1
55197 1
212266 -1
450181 1
18267 -1
65147 -1
578009 -1
446459 -1
695422 -1
421929 -1
418511 1
429993 -1
924367 -1
661917 1
7644 1
610086 1
955530 -1
496333 1
144107 -1
379923 -1
309345 -1
30219 -1
833466 1
397023 -1
960826 -1
939675 -1
92205 -1
637456 1
520621 1
699362 1
679709 1
134079 -1
823076 -1
256215 -1
76093 1
111248 -1
82582 -1
361198 1
312530 -1
283554 -1
841851 -1
679278 1
298366 -1
118091 1
90963 1
894160 -1
29079 1
431121 1
62252 1
963126 1
239001 -1
900231 -1
435996 -1
6638 1
122878 -1
227330 1
627569 1
681834 -1
733226 1
387059 1
285542 -1
886571 1
621576 1
754013 -1
805146 1
62389 1
827554 1
455691 -1
783693 1
660996 -1
17921 -1
127079 -1
1017 1
60600 1
711055 1
758996 -1
967835 -1
72590 -1
659105 1
690535 1
619077 1
853464 -1
241185 1
7843 1
659747 -1
436771 1
553755 -1
666428 -1
101112 1
62889 -1
533059 -1
125537 1
555130 1
41002 1
562511 1
23915 -1
784179 -1
289994 1
520635 1
178484 -1
694141 1
582711 -1
277998 1
64067 1
257841 1
596339 1
627747 -1
858049 -1
828077 -1
755222 1
644834 -1
61811 1
772422 1
943635 -1
81798 -1
691227 1
127119 -1
102827 -1
815793 -1
396195 1
723158 -1
303247 1
589981 1
862643 -1
663487 -1
168918 -1
319468 1
938690 1
227814 -1
642058 -1
808255 1
254017 1
806699 -1
612033 1
73794 1
326808 -1
698801 1
323937 -1
538803 -1
223744 1
50127 1
963374 1
401001 1
848507 -1
280021 1
632824 1
853457 -1
953900 -1
798542 1
451274 1
768900 -1
909424 1
954979 1
500916 -1
58314 1
949740 1
376489 1
968196 -1
501981 -1
506411 1
315146 1
610687 -1
397894 -1
881502 -1
825650 -1
132813 -1
631160 1
259191 -1
306531 -1
579822 1
853438 -1
137248 1
960408 1
277282 1
869084 -1
503841 -1
887655 -1
597870 1
690426 1
377455 1
275158 -1
456776 -1
804424 1
224676 -1
104458 -1
57657 -1
7104 1
897277 1
137848 1
7395 -1
732928 -1
474448 -1
144765 1
777057 1
605934 1
861405 -1
2091 -1
382780 1
969744 -1
543822 -1
629399 -1
320157 -1
606842 1
497714 -1
718727 1
794365 1
521392 -1
816375 1
361955 -1
884752 -1
394784 -1
537351 -1
380245 1
942422 1
658667 -1
652449 1
469121 -1
486482 1
841969 -1
909459 1
520186 -1
496173 1
809966 -1
532232 -1
174923 -1
45430 -1
699627 -1
140829 -1
410178 -1
32683 -1
591782 -1
381943 -1
713412 -1
168933 1
718690 1
202523 1
52708 -1
617438 1
766060 -1
93943 1
480175 1
702167 1
135023 1
145844 1
412224 -1
31173 1
23754 -1
579125 1
119310 -1
559864 1
139114 1
598691 1
471693 1
893074 1
863567 1
363211 -1
944503 -1
138590 1
651004 -1
247775 -1
401784 1
192666 1
808686 -1
314036 1
75633 -1
882697 1
869279 1
774924 1
306765 -1
240788 -1
65158 -1
79788 1
306499 1
209206 -1
412838 -1
316861 -1
514641 -1
321642 1
359744 1
536971 1
853665 1
39137 1
489433 1
193126 1
306373 -1
245590 -1
466896 -1
214355 1
727993 -1
966409 -1
700174 1
879137 1
645637 -1
534099 1
99342 -1
440377 -1
276038 -1
810801 1
534343 -1
821220 1
375152 -1
892875 1
241550 1
217857 1
573833 -1
540331 -1
399755 1
474842 -1
120272 1
130586 1
713690 -1
103911 -1
57300 1
274943 1
350070 -1
578010 -1
559601 -1
851604 -1
349306 1
649053 -1
645189 -1
594978 1
538357 -1
222443 1
707031 -1
204653 -1
58159 -1
612592 1
222911 1
210060 -1
648562 -1
685391 -1
357159 1
804467 -1
949426 -1
283675 1
333203 1
489389 1
782491 -1
231276 1
818645 1
208712 1
174000 -1
833603 1
909264 -1
846634 -1
798464 -1
851939 1
548736 1
826032 -1
881465 1
928670 -1
748757 1
468315 -1
537231 -1
796655 -1
895783 -1
268934 -1
375408 1
160864 1
410461 1
312452 1
781938 -1
37866 1
448313 -1
339773 1
650764 1
833152 -1
949547 1
555211 1
309959 1
214287 -1
438165 -1
197682 1
757115 -1
436981 -1
887401 1
100275 -1
87862 -1
208348 -1
894719 -1
509492 1
413021 -1
466503 1
734084 1
62977 1
811567 1
229341 1
268600 -1
590069 1
598723 1
132960 -1
597876 1
275644 1
30256 1
51591 1
365981 -1
289463 1
934025 -1
863662 -1
425882 1
210764 1
848346 -1
351533 -1
864273 -1
384114 1
493789 -1
276921 -1
867034 1
381631 1
614680 -1
754817 1
625517 1
762278 -1
518023 1
348615 -1
361135 1
581961 1
346538 1
