810383 310
612759 1
612760 1
612761 1
612762 1
612763 1
612764 1
612765 1
612766 1
612767 1
612768 1
612769 1
612770 1
612771 1
612772 1
612773 1
612774 1
612775 1
612776 1
612777 1
612778 1
612779 1
612780 1
612781 1
612782 1
612783 1
612784 1
612785 1
612786 1
612787 1
612788 1
612789 1
612790 1
612791 1
612792 1
612793 1
612794 1
612795 1
612796 1
612797 1
612798 1
612799 1
612800 1
612801 1
612802 1
612803 1
612804 1
612805 1
612806 1
612807 1
612808 1
612809 1
612810 1
612811 1
612812 1
612813 1
612814 1
612815 1
612816 1
612817 1
612818 1
612819 1
612820 1
612821 1
612822 1
612823 1
612824 1
612825 1
612826 1
612827 1
612828 1
612829 1
612830 1
612831 1
612832 1
612833 1
612834 1
612835 1
612836 1
612837 1
612838 1
612839 1
612840 1
612841 1
612842 1
612843 1
612844 1
612845 1
612846 1
612847 1
612848 1
612849 1
612850 1
612851 1
612852 1
612853 1
612854 1
612855 1
612856 1
612857 1
612858 1
612859 1
612860 1
612861 1
612862 1
612863 1
612864 1
612865 1
612866 1
612867 1
612868 1
612869 1
612870 1
612871 1
612872 1
612873 1
612874 1
612875 1
612876 1
612877 1
612878 1
612879 1
612880 1
612881 1
612882 1
612883 1
612884 1
612885 1
612886 1
612887 1
612888 1
612889 1
612890 1
612891 1
612892 1
612893 1
612894 1
612895 1
612896 1
612897 1
612898 1
612899 1
612900 1
612901 1
612902 1
612903 1
612904 1
612905 1
612906 1
612907 1
612908 1
612909 1
612910 1
612911 1
612912 1
612913 1
612758 -1
612757 -1
612756 -1
612755 -1
612754 -1
612753 -1
612752 -1
612751 -1
612750 -1
612749 -1
612748 -1
612747 -1
612746 -1
612745 -1
612744 -1
612743 -1
612742 -1
612741 -1
612740 -1
612739 -1
612738 -1
612737 -1
612736 -1
612735 -1
612734 -1
612733 -1
612732 -1
612731 -1
612730 -1
612729 -1
612728 -1
612727 -1
612726 -1
612725 -1
612724 -1
612723 -1
612722 -1
612721 -1
612720 -1
612719 -1
612718 -1
612717 -1
612716 -1
612715 -1
612714 -1
612713 -1
612712 -1
612711 -1
612710 -1
612709 -1
612708 -1
612707 -1
612706 -1
612705 -1
612704 -1
612703 -1
612702 -1
612701 -1
612700 -1
612699 -1
612698 -1
612697 -1
612696 -1
612695 -1
612694 -1
612693 -1
612692 -1
612691 -1
612690 -1
612689 -1
612688 -1
612687 -1
612686 -1
612685 -1
612684 -1
612683 -1
612682 -1
612681 -1
612680 -1
612679 -1
612678 -1
612677 -1
612676 -1
612675 -1
612674 -1
612673 -1
612672 -1
612671 -1
612670 -1
612669 -1
612668 -1
612667 -1
612666 -1
612665 -1
612664 -1
612663 -1
612662 -1
612661 -1
612660 -1
612659 -1
612658 -1
612657 -1
612656 -1
612655 -1
612654 -1
612653 -1
612652 -1
612651 -1
612650 -1
612649 -1
612648 -1
612647 -1
612646 -1
612645 -1
612644 -1
612643 -1
612642 -1
612641 -1
612640 -1
612639 -1
612638 -1
612637 -1
612636 -1
612635 -1
612634 -1
612633 -1
612632 -1
612631 -1
612630 -1
612629 -1
612628 -1
612627 -1
612626 -1
612625 -1
612624 -1
612623 -1
612622 -1
612621 -1
612620 -1
612619 -1
612618 -1
612617 -1
612616 -1
612615 -1
612614 -1
612613 -1
612612 -1
612611 -1
612610 -1
612609 -1
612608 -1
612607 -1
612606 -1
612605 -1
612604 -1
