897195 102
393179 1
393180 1
393181 1
393182 1
393183 1
393184 1
393185 1
393186 1
393187 1
393188 1
393189 1
393190 1
393191 1
393192 1
393193 1
393194 1
393195 1
393196 1
393197 1
393198 1
393199 1
393200 1
393201 1
393202 1
393203 1
393204 1
393205 1
393206 1
393207 1
393208 1
393209 1
393210 1
393211 1
393212 1
393213 1
393214 1
393215 1
393216 1
393217 1
393218 1
393219 1
393220 1
393221 1
393222 1
393223 1
393224 1
393225 1
393226 1
393227 1
393228 1
393229 1
393178 -1
393177 -1
393176 -1
393175 -1
393174 -1
393173 -1
393172 -1
393171 -1
393170 -1
393169 -1
393168 -1
393167 -1
393166 -1
393165 -1
393164 -1
393163 -1
393162 -1
393161 -1
393160 -1
393159 -1
393158 -1
393157 -1
393156 -1
393155 -1
393154 -1
393153 -1
393152 -1
393151 -1
393150 -1
393149 -1
393148 -1
393147 -1
393146 -1
393145 -1
393144 -1
393143 -1
393142 -1
393141 -1
393140 -1
393139 -1
393138 -1
393137 -1
393136 -1
393135 -1
393134 -1
393133 -1
393132 -1
393131 -1
393130 -1
393129 -1
393128 -1
