1000000 1000
638516 1
638517 1
638518 1
638519 1
638520 1
638521 1
638522 1
638523 1
638524 1
638525 1
638526 1
638527 1
638528 1
638529 1
638530 1
638531 1
638532 1
638533 1
638534 1
638535 1
638536 1
638537 1
638538 1
638539 1
638540 1
638541 1
638542 1
638543 1
638544 1
638545 1
638546 1
638547 1
638548 1
638549 1
638550 1
638551 1
638552 1
638553 1
638554 1
638555 1
638556 1
638557 1
638558 1
638559 1
638560 1
638561 1
638562 1
638563 1
638564 1
638565 1
638566 1
638567 1
638568 1
638569 1
638570 1
638571 1
638572 1
638573 1
638574 1
638575 1
638576 1
638577 1
638578 1
638579 1
638580 1
638581 1
638582 1
638583 1
638584 1
638585 1
638586 1
638587 1
638588 1
638589 1
638590 1
638591 1
638592 1
638593 1
638594 1
638595 1
638596 1
638597 1
638598 1
638599 1
638600 1
638601 1
638602 1
638603 1
638604 1
638605 1
638606 1
638607 1
638608 1
638609 1
638610 1
638611 1
638612 1
638613 1
638614 1
638615 1
638616 1
638617 1
638618 1
638619 1
638620 1
638621 1
638622 1
638623 1
638624 1
638625 1
638626 1
638627 1
638628 1
638629 1
638630 1
638631 1
638632 1
638633 1
638634 1
638635 1
638636 1
638637 1
638638 1
638639 1
638640 1
638641 1
638642 1
638643 1
638644 1
638645 1
638646 1
638647 1
638648 1
638649 1
638650 1
638651 1
638652 1
638653 1
638654 1
638655 1
638656 1
638657 1
638658 1
638659 1
638660 1
638661 1
638662 1
638663 1
638664 1
638665 1
638666 1
638667 1
638668 1
638669 1
638670 1
638671 1
638672 1
638673 1
638674 1
638675 1
638676 1
638677 1
638678 1
638679 1
638680 1
638681 1
638682 1
638683 1
638684 1
638685 1
638686 1
638687 1
638688 1
638689 1
638690 1
638691 1
638692 1
638693 1
638694 1
638695 1
638696 1
638697 1
638698 1
638699 1
638700 1
638701 1
638702 1
638703 1
638704 1
638705 1
638706 1
638707 1
638708 1
638709 1
638710 1
638711 1
638712 1
638713 1
638714 1
638715 1
638716 1
638717 1
638718 1
638719 1
638720 1
638721 1
638722 1
638723 1
638724 1
638725 1
638726 1
638727 1
638728 1
638729 1
638730 1
638731 1
638732 1
638733 1
638734 1
638735 1
638736 1
638737 1
638738 1
638739 1
638740 1
638741 1
638742 1
638743 1
638744 1
638745 1
638746 1
638747 1
638748 1
638749 1
638750 1
638751 1
638752 1
638753 1
638754 1
638755 1
638756 1
638757 1
638758 1
638759 1
638760 1
638761 1
638762 1
638763 1
638764 1
638765 1
638766 1
638767 1
638768 1
638769 1
638770 1
638771 1
638772 1
638773 1
638774 1
638775 1
638776 1
638777 1
638778 1
638779 1
638780 1
638781 1
638782 1
638783 1
638784 1
638785 1
638786 1
638787 1
638788 1
638789 1
638790 1
638791 1
638792 1
638793 1
638794 1
638795 1
638796 1
638797 1
638798 1
638799 1
638800 1
638801 1
638802 1
638803 1
638804 1
638805 1
638806 1
638807 1
638808 1
638809 1
638810 1
638811 1
638812 1
638813 1
638814 1
638815 1
638816 1
638817 1
638818 1
638819 1
638820 1
638821 1
638822 1
638823 1
638824 1
638825 1
638826 1
638827 1
638828 1
638829 1
638830 1
638831 1
638832 1
638833 1
638834 1
638835 1
638836 1
638837 1
638838 1
638839 1
638840 1
638841 1
638842 1
638843 1
638844 1
638845 1
638846 1
638847 1
638848 1
638849 1
638850 1
638851 1
638852 1
638853 1
638854 1
638855 1
638856 1
638857 1
638858 1
638859 1
638860 1
638861 1
638862 1
638863 1
638864 1
638865 1
638866 1
638867 1
638868 1
638869 1
638870 1
638871 1
638872 1
638873 1
638874 1
638875 1
638876 1
638877 1
638878 1
638879 1
638880 1
638881 1
638882 1
638883 1
638884 1
638885 1
638886 1
638887 1
638888 1
638889 1
638890 1
638891 1
638892 1
638893 1
638894 1
638895 1
638896 1
638897 1
638898 1
638899 1
638900 1
638901 1
638902 1
638903 1
638904 1
638905 1
638906 1
638907 1
638908 1
638909 1
638910 1
638911 1
638912 1
638913 1
638914 1
638915 1
638916 1
638917 1
638918 1
638919 1
638920 1
638921 1
638922 1
638923 1
638924 1
638925 1
638926 1
638927 1
638928 1
638929 1
638930 1
638931 1
638932 1
638933 1
638934 1
638935 1
638936 1
638937 1
638938 1
638939 1
638940 1
638941 1
638942 1
638943 1
638944 1
638945 1
638946 1
638947 1
638948 1
638949 1
638950 1
638951 1
638952 1
638953 1
638954 1
638955 1
638956 1
638957 1
638958 1
638959 1
638960 1
638961 1
638962 1
638963 1
638964 1
638965 1
638966 1
638967 1
638968 1
638969 1
638970 1
638971 1
638972 1
638973 1
638974 1
638975 1
638976 1
638977 1
638978 1
638979 1
638980 1
638981 1
638982 1
638983 1
638984 1
638985 1
638986 1
638987 1
638988 1
638989 1
638990 1
638991 1
638992 1
638993 1
638994 1
638995 1
638996 1
638997 1
638998 1
638999 1
639000 1
639001 1
639002 1
639003 1
639004 1
639005 1
639006 1
639007 1
639008 1
639009 1
639010 1
639011 1
639012 1
639013 1
639014 1
639015 1
638515 -1
638514 -1
638513 -1
638512 -1
638511 -1
638510 -1
638509 -1
638508 -1
638507 -1
638506 -1
638505 -1
638504 -1
638503 -1
638502 -1
638501 -1
638500 -1
638499 -1
638498 -1
638497 -1
638496 -1
638495 -1
638494 -1
638493 -1
638492 -1
638491 -1
638490 -1
638489 -1
638488 -1
638487 -1
638486 -1
638485 -1
638484 -1
638483 -1
638482 -1
638481 -1
638480 -1
638479 -1
638478 -1
638477 -1
638476 -1
638475 -1
638474 -1
638473 -1
638472 -1
638471 -1
638470 -1
638469 -1
638468 -1
638467 -1
638466 -1
638465 -1
638464 -1
638463 -1
638462 -1
638461 -1
638460 -1
638459 -1
638458 -1
638457 -1
638456 -1
638455 -1
638454 -1
638453 -1
638452 -1
638451 -1
638450 -1
638449 -1
638448 -1
638447 -1
638446 -1
638445 -1
638444 -1
638443 -1
638442 -1
638441 -1
638440 -1
638439 -1
638438 -1
638437 -1
638436 -1
638435 -1
638434 -1
638433 -1
638432 -1
638431 -1
638430 -1
638429 -1
638428 -1
638427 -1
638426 -1
638425 -1
638424 -1
638423 -1
638422 -1
638421 -1
638420 -1
638419 -1
638418 -1
638417 -1
638416 -1
638415 -1
638414 -1
638413 -1
638412 -1
638411 -1
638410 -1
638409 -1
638408 -1
638407 -1
638406 -1
638405 -1
638404 -1
638403 -1
638402 -1
638401 -1
638400 -1
638399 -1
638398 -1
638397 -1
638396 -1
638395 -1
638394 -1
638393 -1
638392 -1
638391 -1
638390 -1
638389 -1
638388 -1
638387 -1
638386 -1
638385 -1
638384 -1
638383 -1
638382 -1
638381 -1
638380 -1
638379 -1
638378 -1
638377 -1
638376 -1
638375 -1
638374 -1
638373 -1
638372 -1
638371 -1
638370 -1
638369 -1
638368 -1
638367 -1
638366 -1
638365 -1
638364 -1
638363 -1
638362 -1
638361 -1
638360 -1
638359 -1
638358 -1
638357 -1
638356 -1
638355 -1
638354 -1
638353 -1
638352 -1
638351 -1
638350 -1
638349 -1
638348 -1
638347 -1
638346 -1
638345 -1
638344 -1
638343 -1
638342 -1
638341 -1
638340 -1
638339 -1
638338 -1
638337 -1
638336 -1
638335 -1
638334 -1
638333 -1
638332 -1
638331 -1
638330 -1
638329 -1
638328 -1
638327 -1
638326 -1
638325 -1
638324 -1
638323 -1
638322 -1
638321 -1
638320 -1
638319 -1
638318 -1
638317 -1
638316 -1
638315 -1
638314 -1
638313 -1
638312 -1
638311 -1
638310 -1
638309 -1
638308 -1
638307 -1
638306 -1
638305 -1
638304 -1
638303 -1
638302 -1
638301 -1
638300 -1
638299 -1
638298 -1
638297 -1
638296 -1
638295 -1
638294 -1
638293 -1
638292 -1
638291 -1
638290 -1
638289 -1
638288 -1
638287 -1
638286 -1
638285 -1
638284 -1
638283 -1
638282 -1
638281 -1
638280 -1
638279 -1
638278 -1
638277 -1
638276 -1
638275 -1
638274 -1
638273 -1
638272 -1
638271 -1
638270 -1
638269 -1
638268 -1
638267 -1
638266 -1
638265 -1
638264 -1
638263 -1
638262 -1
638261 -1
638260 -1
638259 -1
638258 -1
638257 -1
638256 -1
638255 -1
638254 -1
638253 -1
638252 -1
638251 -1
638250 -1
638249 -1
638248 -1
638247 -1
638246 -1
638245 -1
638244 -1
638243 -1
638242 -1
638241 -1
638240 -1
638239 -1
638238 -1
638237 -1
638236 -1
638235 -1
638234 -1
638233 -1
638232 -1
638231 -1
638230 -1
638229 -1
638228 -1
638227 -1
638226 -1
638225 -1
638224 -1
638223 -1
638222 -1
638221 -1
638220 -1
638219 -1
638218 -1
638217 -1
638216 -1
638215 -1
638214 -1
638213 -1
638212 -1
638211 -1
638210 -1
638209 -1
638208 -1
638207 -1
638206 -1
638205 -1
638204 -1
638203 -1
638202 -1
638201 -1
638200 -1
638199 -1
638198 -1
638197 -1
638196 -1
638195 -1
638194 -1
638193 -1
638192 -1
638191 -1
638190 -1
638189 -1
638188 -1
638187 -1
638186 -1
638185 -1
638184 -1
638183 -1
638182 -1
638181 -1
638180 -1
638179 -1
638178 -1
638177 -1
638176 -1
638175 -1
638174 -1
638173 -1
638172 -1
638171 -1
638170 -1
638169 -1
638168 -1
638167 -1
638166 -1
638165 -1
638164 -1
638163 -1
638162 -1
638161 -1
638160 -1
638159 -1
638158 -1
638157 -1
638156 -1
638155 -1
638154 -1
638153 -1
638152 -1
638151 -1
638150 -1
638149 -1
638148 -1
638147 -1
638146 -1
638145 -1
638144 -1
638143 -1
638142 -1
638141 -1
638140 -1
638139 -1
638138 -1
638137 -1
638136 -1
638135 -1
638134 -1
638133 -1
638132 -1
638131 -1
638130 -1
638129 -1
638128 -1
638127 -1
638126 -1
638125 -1
638124 -1
638123 -1
638122 -1
638121 -1
638120 -1
638119 -1
638118 -1
638117 -1
638116 -1
638115 -1
638114 -1
638113 -1
638112 -1
638111 -1
638110 -1
638109 -1
638108 -1
638107 -1
638106 -1
638105 -1
638104 -1
638103 -1
638102 -1
638101 -1
638100 -1
638099 -1
638098 -1
638097 -1
638096 -1
638095 -1
638094 -1
638093 -1
638092 -1
638091 -1
638090 -1
638089 -1
638088 -1
638087 -1
638086 -1
638085 -1
638084 -1
638083 -1
638082 -1
638081 -1
638080 -1
638079 -1
638078 -1
638077 -1
638076 -1
638075 -1
638074 -1
638073 -1
638072 -1
638071 -1
638070 -1
638069 -1
638068 -1
638067 -1
638066 -1
638065 -1
638064 -1
638063 -1
638062 -1
638061 -1
638060 -1
638059 -1
638058 -1
638057 -1
638056 -1
638055 -1
638054 -1
638053 -1
638052 -1
638051 -1
638050 -1
638049 -1
638048 -1
638047 -1
638046 -1
638045 -1
638044 -1
638043 -1
638042 -1
638041 -1
638040 -1
638039 -1
638038 -1
638037 -1
638036 -1
638035 -1
638034 -1
638033 -1
638032 -1
638031 -1
638030 -1
638029 -1
638028 -1
638027 -1
638026 -1
638025 -1
638024 -1
638023 -1
638022 -1
638021 -1
638020 -1
638019 -1
638018 -1
638017 -1
638016 -1
