1000000 1000
681942 1
681943 1
681944 1
681945 1
681946 1
681947 1
681948 1
681949 1
681950 1
681951 1
681952 1
681953 1
681954 1
681955 1
681956 1
681957 1
681958 1
681959 1
681960 1
681961 1
681962 1
681963 1
681964 1
681965 1
681966 1
681967 1
681968 1
681969 1
681970 1
681971 1
681972 1
681973 1
681974 1
681975 1
681976 1
681977 1
681978 1
681979 1
681980 1
681981 1
681982 1
681983 1
681984 1
681985 1
681986 1
681987 1
681988 1
681989 1
681990 1
681991 1
681992 1
681993 1
681994 1
681995 1
681996 1
681997 1
681998 1
681999 1
682000 1
682001 1
682002 1
682003 1
682004 1
682005 1
682006 1
682007 1
682008 1
682009 1
682010 1
682011 1
682012 1
682013 1
682014 1
682015 1
682016 1
682017 1
682018 1
682019 1
682020 1
682021 1
682022 1
682023 1
682024 1
682025 1
682026 1
682027 1
682028 1
682029 1
682030 1
682031 1
682032 1
682033 1
682034 1
682035 1
682036 1
682037 1
682038 1
682039 1
682040 1
682041 1
682042 1
682043 1
682044 1
682045 1
682046 1
682047 1
682048 1
682049 1
682050 1
682051 1
682052 1
682053 1
682054 1
682055 1
682056 1
682057 1
682058 1
682059 1
682060 1
682061 1
682062 1
682063 1
682064 1
682065 1
682066 1
682067 1
682068 1
682069 1
682070 1
682071 1
682072 1
682073 1
682074 1
682075 1
682076 1
682077 1
682078 1
682079 1
682080 1
682081 1
682082 1
682083 1
682084 1
682085 1
682086 1
682087 1
682088 1
682089 1
682090 1
682091 1
682092 1
682093 1
682094 1
682095 1
682096 1
682097 1
682098 1
682099 1
682100 1
682101 1
682102 1
682103 1
682104 1
682105 1
682106 1
682107 1
682108 1
682109 1
682110 1
682111 1
682112 1
682113 1
682114 1
682115 1
682116 1
682117 1
682118 1
682119 1
682120 1
682121 1
682122 1
682123 1
682124 1
682125 1
682126 1
682127 1
682128 1
682129 1
682130 1
682131 1
682132 1
682133 1
682134 1
682135 1
682136 1
682137 1
682138 1
682139 1
682140 1
682141 1
682142 1
682143 1
682144 1
682145 1
682146 1
682147 1
682148 1
682149 1
682150 1
682151 1
682152 1
682153 1
682154 1
682155 1
682156 1
682157 1
682158 1
682159 1
682160 1
682161 1
682162 1
682163 1
682164 1
682165 1
682166 1
682167 1
682168 1
682169 1
682170 1
682171 1
682172 1
682173 1
682174 1
682175 1
682176 1
682177 1
682178 1
682179 1
682180 1
682181 1
682182 1
682183 1
682184 1
682185 1
682186 1
682187 1
682188 1
682189 1
682190 1
682191 1
682192 1
682193 1
682194 1
682195 1
682196 1
682197 1
682198 1
682199 1
682200 1
682201 1
682202 1
682203 1
682204 1
682205 1
682206 1
682207 1
682208 1
682209 1
682210 1
682211 1
682212 1
682213 1
682214 1
682215 1
682216 1
682217 1
682218 1
682219 1
682220 1
682221 1
682222 1
682223 1
682224 1
682225 1
682226 1
682227 1
682228 1
682229 1
682230 1
682231 1
682232 1
682233 1
682234 1
682235 1
682236 1
682237 1
682238 1
682239 1
682240 1
682241 1
682242 1
682243 1
682244 1
682245 1
682246 1
682247 1
682248 1
682249 1
682250 1
682251 1
682252 1
682253 1
682254 1
682255 1
682256 1
682257 1
682258 1
682259 1
682260 1
682261 1
682262 1
682263 1
682264 1
682265 1
682266 1
682267 1
682268 1
682269 1
682270 1
682271 1
682272 1
682273 1
682274 1
682275 1
682276 1
682277 1
682278 1
682279 1
682280 1
682281 1
682282 1
682283 1
682284 1
682285 1
682286 1
682287 1
682288 1
682289 1
682290 1
682291 1
682292 1
682293 1
682294 1
682295 1
682296 1
682297 1
682298 1
682299 1
682300 1
682301 1
682302 1
682303 1
682304 1
682305 1
682306 1
682307 1
682308 1
682309 1
682310 1
682311 1
682312 1
682313 1
682314 1
682315 1
682316 1
682317 1
682318 1
682319 1
682320 1
682321 1
682322 1
682323 1
682324 1
682325 1
682326 1
682327 1
682328 1
682329 1
682330 1
682331 1
682332 1
682333 1
682334 1
682335 1
682336 1
682337 1
682338 1
682339 1
682340 1
682341 1
682342 1
682343 1
682344 1
682345 1
682346 1
682347 1
682348 1
682349 1
682350 1
682351 1
682352 1
682353 1
682354 1
682355 1
682356 1
682357 1
682358 1
682359 1
682360 1
682361 1
682362 1
682363 1
682364 1
682365 1
682366 1
682367 1
682368 1
682369 1
682370 1
682371 1
682372 1
682373 1
682374 1
682375 1
682376 1
682377 1
682378 1
682379 1
682380 1
682381 1
682382 1
682383 1
682384 1
682385 1
682386 1
682387 1
682388 1
682389 1
682390 1
682391 1
682392 1
682393 1
682394 1
682395 1
682396 1
682397 1
682398 1
682399 1
682400 1
682401 1
682402 1
682403 1
682404 1
682405 1
682406 1
682407 1
682408 1
682409 1
682410 1
682411 1
682412 1
682413 1
682414 1
682415 1
682416 1
682417 1
682418 1
682419 1
682420 1
682421 1
682422 1
682423 1
682424 1
682425 1
682426 1
682427 1
682428 1
682429 1
682430 1
682431 1
682432 1
682433 1
682434 1
682435 1
682436 1
682437 1
682438 1
682439 1
682440 1
682441 1
681941 -1
681940 -1
681939 -1
681938 -1
681937 -1
681936 -1
681935 -1
681934 -1
681933 -1
681932 -1
681931 -1
681930 -1
681929 -1
681928 -1
681927 -1
681926 -1
681925 -1
681924 -1
681923 -1
681922 -1
681921 -1
681920 -1
681919 -1
681918 -1
681917 -1
681916 -1
681915 -1
681914 -1
681913 -1
681912 -1
681911 -1
681910 -1
681909 -1
681908 -1
681907 -1
681906 -1
681905 -1
681904 -1
681903 -1
681902 -1
681901 -1
681900 -1
681899 -1
681898 -1
681897 -1
681896 -1
681895 -1
681894 -1
681893 -1
681892 -1
681891 -1
681890 -1
681889 -1
681888 -1
681887 -1
681886 -1
681885 -1
681884 -1
681883 -1
681882 -1
681881 -1
681880 -1
681879 -1
681878 -1
681877 -1
681876 -1
681875 -1
681874 -1
681873 -1
681872 -1
681871 -1
681870 -1
681869 -1
681868 -1
681867 -1
681866 -1
681865 -1
681864 -1
681863 -1
681862 -1
681861 -1
681860 -1
681859 -1
681858 -1
681857 -1
681856 -1
681855 -1
681854 -1
681853 -1
681852 -1
681851 -1
681850 -1
681849 -1
681848 -1
681847 -1
681846 -1
681845 -1
681844 -1
681843 -1
681842 -1
681841 -1
681840 -1
681839 -1
681838 -1
681837 -1
681836 -1
681835 -1
681834 -1
681833 -1
681832 -1
681831 -1
681830 -1
681829 -1
681828 -1
681827 -1
681826 -1
681825 -1
681824 -1
681823 -1
681822 -1
681821 -1
681820 -1
681819 -1
681818 -1
681817 -1
681816 -1
681815 -1
681814 -1
681813 -1
681812 -1
681811 -1
681810 -1
681809 -1
681808 -1
681807 -1
681806 -1
681805 -1
681804 -1
681803 -1
681802 -1
681801 -1
681800 -1
681799 -1
681798 -1
681797 -1
681796 -1
681795 -1
681794 -1
681793 -1
681792 -1
681791 -1
681790 -1
681789 -1
681788 -1
681787 -1
681786 -1
681785 -1
681784 -1
681783 -1
681782 -1
681781 -1
681780 -1
681779 -1
681778 -1
681777 -1
681776 -1
681775 -1
681774 -1
681773 -1
681772 -1
681771 -1
681770 -1
681769 -1
681768 -1
681767 -1
681766 -1
681765 -1
681764 -1
681763 -1
681762 -1
681761 -1
681760 -1
681759 -1
681758 -1
681757 -1
681756 -1
681755 -1
681754 -1
681753 -1
681752 -1
681751 -1
681750 -1
681749 -1
681748 -1
681747 -1
681746 -1
681745 -1
681744 -1
681743 -1
681742 -1
681741 -1
681740 -1
681739 -1
681738 -1
681737 -1
681736 -1
681735 -1
681734 -1
681733 -1
681732 -1
681731 -1
681730 -1
681729 -1
681728 -1
681727 -1
681726 -1
681725 -1
681724 -1
681723 -1
681722 -1
681721 -1
681720 -1
681719 -1
681718 -1
681717 -1
681716 -1
681715 -1
681714 -1
681713 -1
681712 -1
681711 -1
681710 -1
681709 -1
681708 -1
681707 -1
681706 -1
681705 -1
681704 -1
681703 -1
681702 -1
681701 -1
681700 -1
681699 -1
681698 -1
681697 -1
681696 -1
681695 -1
681694 -1
681693 -1
681692 -1
681691 -1
681690 -1
681689 -1
681688 -1
681687 -1
681686 -1
681685 -1
681684 -1
681683 -1
681682 -1
681681 -1
681680 -1
681679 -1
681678 -1
681677 -1
681676 -1
681675 -1
681674 -1
681673 -1
681672 -1
681671 -1
681670 -1
681669 -1
681668 -1
681667 -1
681666 -1
681665 -1
681664 -1
681663 -1
681662 -1
681661 -1
681660 -1
681659 -1
681658 -1
681657 -1
681656 -1
681655 -1
681654 -1
681653 -1
681652 -1
681651 -1
681650 -1
681649 -1
681648 -1
681647 -1
681646 -1
681645 -1
681644 -1
681643 -1
681642 -1
681641 -1
681640 -1
681639 -1
681638 -1
681637 -1
681636 -1
681635 -1
681634 -1
681633 -1
681632 -1
681631 -1
681630 -1
681629 -1
681628 -1
681627 -1
681626 -1
681625 -1
681624 -1
681623 -1
681622 -1
681621 -1
681620 -1
681619 -1
681618 -1
681617 -1
681616 -1
681615 -1
681614 -1
681613 -1
681612 -1
681611 -1
681610 -1
681609 -1
681608 -1
681607 -1
681606 -1
681605 -1
681604 -1
681603 -1
681602 -1
681601 -1
681600 -1
681599 -1
681598 -1
681597 -1
681596 -1
681595 -1
681594 -1
681593 -1
681592 -1
681591 -1
681590 -1
681589 -1
681588 -1
681587 -1
681586 -1
681585 -1
681584 -1
681583 -1
681582 -1
681581 -1
681580 -1
681579 -1
681578 -1
681577 -1
681576 -1
681575 -1
681574 -1
681573 -1
681572 -1
681571 -1
681570 -1
681569 -1
681568 -1
681567 -1
681566 -1
681565 -1
681564 -1
681563 -1
681562 -1
681561 -1
681560 -1
681559 -1
681558 -1
681557 -1
681556 -1
681555 -1
681554 -1
681553 -1
681552 -1
681551 -1
681550 -1
681549 -1
681548 -1
681547 -1
681546 -1
681545 -1
681544 -1
681543 -1
681542 -1
681541 -1
681540 -1
681539 -1
681538 -1
681537 -1
681536 -1
681535 -1
681534 -1
681533 -1
681532 -1
681531 -1
681530 -1
681529 -1
681528 -1
681527 -1
681526 -1
681525 -1
681524 -1
681523 -1
681522 -1
681521 -1
681520 -1
681519 -1
681518 -1
681517 -1
681516 -1
681515 -1
681514 -1
681513 -1
681512 -1
681511 -1
681510 -1
681509 -1
681508 -1
681507 -1
681506 -1
681505 -1
681504 -1
681503 -1
681502 -1
681501 -1
681500 -1
681499 -1
681498 -1
681497 -1
681496 -1
681495 -1
681494 -1
681493 -1
681492 -1
681491 -1
681490 -1
681489 -1
681488 -1
681487 -1
681486 -1
681485 -1
681484 -1
681483 -1
681482 -1
681481 -1
681480 -1
681479 -1
681478 -1
681477 -1
681476 -1
681475 -1
681474 -1
681473 -1
681472 -1
681471 -1
681470 -1
681469 -1
681468 -1
681467 -1
681466 -1
681465 -1
681464 -1
681463 -1
681462 -1
681461 -1
681460 -1
681459 -1
681458 -1
681457 -1
681456 -1
681455 -1
681454 -1
681453 -1
681452 -1
681451 -1
681450 -1
681449 -1
681448 -1
681447 -1
681446 -1
681445 -1
681444 -1
681443 -1
681442 -1
