1000000 1000
196414 1
196415 1
196416 1
196417 1
196418 1
196419 1
196420 1
196421 1
196422 1
196423 1
196424 1
196425 1
196426 1
196427 1
196428 1
196429 1
196430 1
196431 1
196432 1
196433 1
196434 1
196435 1
196436 1
196437 1
196438 1
196439 1
196440 1
196441 1
196442 1
196443 1
196444 1
196445 1
196446 1
196447 1
196448 1
196449 1
196450 1
196451 1
196452 1
196453 1
196454 1
196455 1
196456 1
196457 1
196458 1
196459 1
196460 1
196461 1
196462 1
196463 1
196464 1
196465 1
196466 1
196467 1
196468 1
196469 1
196470 1
196471 1
196472 1
196473 1
196474 1
196475 1
196476 1
196477 1
196478 1
196479 1
196480 1
196481 1
196482 1
196483 1
196484 1
196485 1
196486 1
196487 1
196488 1
196489 1
196490 1
196491 1
196492 1
196493 1
196494 1
196495 1
196496 1
196497 1
196498 1
196499 1
196500 1
196501 1
196502 1
196503 1
196504 1
196505 1
196506 1
196507 1
196508 1
196509 1
196510 1
196511 1
196512 1
196513 1
196514 1
196515 1
196516 1
196517 1
196518 1
196519 1
196520 1
196521 1
196522 1
196523 1
196524 1
196525 1
196526 1
196527 1
196528 1
196529 1
196530 1
196531 1
196532 1
196533 1
196534 1
196535 1
196536 1
196537 1
196538 1
196539 1
196540 1
196541 1
196542 1
196543 1
196544 1
196545 1
196546 1
196547 1
196548 1
196549 1
196550 1
196551 1
196552 1
196553 1
196554 1
196555 1
196556 1
196557 1
196558 1
196559 1
196560 1
196561 1
196562 1
196563 1
196564 1
196565 1
196566 1
196567 1
196568 1
196569 1
196570 1
196571 1
196572 1
196573 1
196574 1
196575 1
196576 1
196577 1
196578 1
196579 1
196580 1
196581 1
196582 1
196583 1
196584 1
196585 1
196586 1
196587 1
196588 1
196589 1
196590 1
196591 1
196592 1
196593 1
196594 1
196595 1
196596 1
196597 1
196598 1
196599 1
196600 1
196601 1
196602 1
196603 1
196604 1
196605 1
196606 1
196607 1
196608 1
196609 1
196610 1
196611 1
196612 1
196613 1
196614 1
196615 1
196616 1
196617 1
196618 1
196619 1
196620 1
196621 1
196622 1
196623 1
196624 1
196625 1
196626 1
196627 1
196628 1
196629 1
196630 1
196631 1
196632 1
196633 1
196634 1
196635 1
196636 1
196637 1
196638 1
196639 1
196640 1
196641 1
196642 1
196643 1
196644 1
196645 1
196646 1
196647 1
196648 1
196649 1
196650 1
196651 1
196652 1
196653 1
196654 1
196655 1
196656 1
196657 1
196658 1
196659 1
196660 1
196661 1
196662 1
196663 1
196664 1
196665 1
196666 1
196667 1
196668 1
196669 1
196670 1
196671 1
196672 1
196673 1
196674 1
196675 1
196676 1
196677 1
196678 1
196679 1
196680 1
196681 1
196682 1
196683 1
196684 1
196685 1
196686 1
196687 1
196688 1
196689 1
196690 1
196691 1
196692 1
196693 1
196694 1
196695 1
196696 1
196697 1
196698 1
196699 1
196700 1
196701 1
196702 1
196703 1
196704 1
196705 1
196706 1
196707 1
196708 1
196709 1
196710 1
196711 1
196712 1
196713 1
196714 1
196715 1
196716 1
196717 1
196718 1
196719 1
196720 1
196721 1
196722 1
196723 1
196724 1
196725 1
196726 1
196727 1
196728 1
196729 1
196730 1
196731 1
196732 1
196733 1
196734 1
196735 1
196736 1
196737 1
196738 1
196739 1
196740 1
196741 1
196742 1
196743 1
196744 1
196745 1
196746 1
196747 1
196748 1
196749 1
196750 1
196751 1
196752 1
196753 1
196754 1
196755 1
196756 1
196757 1
196758 1
196759 1
196760 1
196761 1
196762 1
196763 1
196764 1
196765 1
196766 1
196767 1
196768 1
196769 1
196770 1
196771 1
196772 1
196773 1
196774 1
196775 1
196776 1
196777 1
196778 1
196779 1
196780 1
196781 1
196782 1
196783 1
196784 1
196785 1
196786 1
196787 1
196788 1
196789 1
196790 1
196791 1
196792 1
196793 1
196794 1
196795 1
196796 1
196797 1
196798 1
196799 1
196800 1
196801 1
196802 1
196803 1
196804 1
196805 1
196806 1
196807 1
196808 1
196809 1
196810 1
196811 1
196812 1
196813 1
196814 1
196815 1
196816 1
196817 1
196818 1
196819 1
196820 1
196821 1
196822 1
196823 1
196824 1
196825 1
196826 1
196827 1
196828 1
196829 1
196830 1
196831 1
196832 1
196833 1
196834 1
196835 1
196836 1
196837 1
196838 1
196839 1
196840 1
196841 1
196842 1
196843 1
196844 1
196845 1
196846 1
196847 1
196848 1
196849 1
196850 1
196851 1
196852 1
196853 1
196854 1
196855 1
196856 1
196857 1
196858 1
196859 1
196860 1
196861 1
196862 1
196863 1
196864 1
196865 1
196866 1
196867 1
196868 1
196869 1
196870 1
196871 1
196872 1
196873 1
196874 1
196875 1
196876 1
196877 1
196878 1
196879 1
196880 1
196881 1
196882 1
196883 1
196884 1
196885 1
196886 1
196887 1
196888 1
196889 1
196890 1
196891 1
196892 1
196893 1
196894 1
196895 1
196896 1
196897 1
196898 1
196899 1
196900 1
196901 1
196902 1
196903 1
196904 1
196905 1
196906 1
196907 1
196908 1
196909 1
196910 1
196911 1
196912 1
196913 1
196413 -1
196412 -1
196411 -1
196410 -1
196409 -1
196408 -1
196407 -1
196406 -1
196405 -1
196404 -1
196403 -1
196402 -1
196401 -1
196400 -1
196399 -1
196398 -1
196397 -1
196396 -1
196395 -1
196394 -1
196393 -1
196392 -1
196391 -1
196390 -1
196389 -1
196388 -1
196387 -1
196386 -1
196385 -1
196384 -1
196383 -1
196382 -1
196381 -1
196380 -1
196379 -1
196378 -1
196377 -1
196376 -1
196375 -1
196374 -1
196373 -1
196372 -1
196371 -1
196370 -1
196369 -1
196368 -1
196367 -1
196366 -1
196365 -1
196364 -1
196363 -1
196362 -1
196361 -1
196360 -1
196359 -1
196358 -1
196357 -1
196356 -1
196355 -1
196354 -1
196353 -1
196352 -1
196351 -1
196350 -1
196349 -1
196348 -1
196347 -1
196346 -1
196345 -1
196344 -1
196343 -1
196342 -1
196341 -1
196340 -1
196339 -1
196338 -1
196337 -1
196336 -1
196335 -1
196334 -1
196333 -1
196332 -1
196331 -1
196330 -1
196329 -1
196328 -1
196327 -1
196326 -1
196325 -1
196324 -1
196323 -1
196322 -1
196321 -1
196320 -1
196319 -1
196318 -1
196317 -1
196316 -1
196315 -1
196314 -1
196313 -1
196312 -1
196311 -1
196310 -1
196309 -1
196308 -1
196307 -1
196306 -1
196305 -1
196304 -1
196303 -1
196302 -1
196301 -1
196300 -1
196299 -1
196298 -1
196297 -1
196296 -1
196295 -1
196294 -1
196293 -1
196292 -1
196291 -1
196290 -1
196289 -1
196288 -1
196287 -1
196286 -1
196285 -1
196284 -1
196283 -1
196282 -1
196281 -1
196280 -1
196279 -1
196278 -1
196277 -1
196276 -1
196275 -1
196274 -1
196273 -1
196272 -1
196271 -1
196270 -1
196269 -1
196268 -1
196267 -1
196266 -1
196265 -1
196264 -1
196263 -1
196262 -1
196261 -1
196260 -1
196259 -1
196258 -1
196257 -1
196256 -1
196255 -1
196254 -1
196253 -1
196252 -1
196251 -1
196250 -1
196249 -1
196248 -1
196247 -1
196246 -1
196245 -1
196244 -1
196243 -1
196242 -1
196241 -1
196240 -1
196239 -1
196238 -1
196237 -1
196236 -1
196235 -1
196234 -1
196233 -1
196232 -1
196231 -1
196230 -1
196229 -1
196228 -1
196227 -1
196226 -1
196225 -1
196224 -1
196223 -1
196222 -1
196221 -1
196220 -1
196219 -1
196218 -1
196217 -1
196216 -1
196215 -1
196214 -1
196213 -1
196212 -1
196211 -1
196210 -1
196209 -1
196208 -1
196207 -1
196206 -1
196205 -1
196204 -1
196203 -1
196202 -1
196201 -1
196200 -1
196199 -1
196198 -1
196197 -1
196196 -1
196195 -1
196194 -1
196193 -1
196192 -1
196191 -1
196190 -1
196189 -1
196188 -1
196187 -1
196186 -1
196185 -1
196184 -1
196183 -1
196182 -1
196181 -1
196180 -1
196179 -1
196178 -1
196177 -1
196176 -1
196175 -1
196174 -1
196173 -1
196172 -1
196171 -1
196170 -1
196169 -1
196168 -1
196167 -1
196166 -1
196165 -1
196164 -1
196163 -1
196162 -1
196161 -1
196160 -1
196159 -1
196158 -1
196157 -1
196156 -1
196155 -1
196154 -1
196153 -1
196152 -1
196151 -1
196150 -1
196149 -1
196148 -1
196147 -1
196146 -1
196145 -1
196144 -1
196143 -1
196142 -1
196141 -1
196140 -1
196139 -1
196138 -1
196137 -1
196136 -1
196135 -1
196134 -1
196133 -1
196132 -1
196131 -1
196130 -1
196129 -1
196128 -1
196127 -1
196126 -1
196125 -1
196124 -1
196123 -1
196122 -1
196121 -1
196120 -1
196119 -1
196118 -1
196117 -1
196116 -1
196115 -1
196114 -1
196113 -1
196112 -1
196111 -1
196110 -1
196109 -1
196108 -1
196107 -1
196106 -1
196105 -1
196104 -1
196103 -1
196102 -1
196101 -1
196100 -1
196099 -1
196098 -1
196097 -1
196096 -1
196095 -1
196094 -1
196093 -1
196092 -1
196091 -1
196090 -1
196089 -1
196088 -1
196087 -1
196086 -1
196085 -1
196084 -1
196083 -1
196082 -1
196081 -1
196080 -1
196079 -1
196078 -1
196077 -1
196076 -1
196075 -1
196074 -1
196073 -1
196072 -1
196071 -1
196070 -1
196069 -1
196068 -1
196067 -1
196066 -1
196065 -1
196064 -1
196063 -1
196062 -1
196061 -1
196060 -1
196059 -1
196058 -1
196057 -1
196056 -1
196055 -1
196054 -1
196053 -1
196052 -1
196051 -1
196050 -1
196049 -1
196048 -1
196047 -1
196046 -1
196045 -1
196044 -1
196043 -1
196042 -1
196041 -1
196040 -1
196039 -1
196038 -1
196037 -1
196036 -1
196035 -1
196034 -1
196033 -1
196032 -1
196031 -1
196030 -1
196029 -1
196028 -1
196027 -1
196026 -1
196025 -1
196024 -1
196023 -1
196022 -1
196021 -1
196020 -1
196019 -1
196018 -1
196017 -1
196016 -1
196015 -1
196014 -1
196013 -1
196012 -1
196011 -1
196010 -1
196009 -1
196008 -1
196007 -1
196006 -1
196005 -1
196004 -1
196003 -1
196002 -1
196001 -1
196000 -1
195999 -1
195998 -1
195997 -1
195996 -1
195995 -1
195994 -1
195993 -1
195992 -1
195991 -1
195990 -1
195989 -1
195988 -1
195987 -1
195986 -1
195985 -1
195984 -1
195983 -1
195982 -1
195981 -1
195980 -1
195979 -1
195978 -1
195977 -1
195976 -1
195975 -1
195974 -1
195973 -1
195972 -1
195971 -1
195970 -1
195969 -1
195968 -1
195967 -1
195966 -1
195965 -1
195964 -1
195963 -1
195962 -1
195961 -1
195960 -1
195959 -1
195958 -1
195957 -1
195956 -1
195955 -1
195954 -1
195953 -1
195952 -1
195951 -1
195950 -1
195949 -1
195948 -1
195947 -1
195946 -1
195945 -1
195944 -1
195943 -1
195942 -1
195941 -1
195940 -1
195939 -1
195938 -1
195937 -1
195936 -1
195935 -1
195934 -1
195933 -1
195932 -1
195931 -1
195930 -1
195929 -1
195928 -1
195927 -1
195926 -1
195925 -1
195924 -1
195923 -1
195922 -1
195921 -1
195920 -1
195919 -1
195918 -1
195917 -1
195916 -1
195915 -1
195914 -1
