100 100
4 5 20
99 18 96
38 61 24
38 64 92
37 46 69
56 46 47
62 3 25
33 42 90
69 1 17
91 9 95
51 61 83
83 23 87
77 67 3
71 24 93
11 57 6
17 7 56
92 17 25
74 25 8
55 66 82
59 81 32
2 82 35
70 47 80
24 97 65
12 98 21
93 22 41
25 14 80
99 19 86
78 59 91
67 63 100
16 81 17
23 1 34
28 42 84
31 24 33
13 47 91
19 24 17
49 14 64
2 26 12
95 18 23
12 54 6
22 37 62
77 52 100
56 40 10
8 70 47
48 87 17
37 79 26
3 10 76
75 63 72
46 66 2
10 23 93
91 27 7
82 3 38
100 3 97
82 57 4
81 38 61
12 56 8
27 9 65
87 78 31
36 58 19
36 65 97
42 93 6
23 27 74
63 51 99
21 9 12
91 46 44
89 88 29
34 45 13
68 59 29
40 100 13
94 43 11
90 55 65
57 10 96
91 34 50
24 71 35
36 26 43
48 22 17
22 69 41
86 23 70
70 11 6
4 4 44
61 12 39
53 25 52
100 5 74
73 59 26
10 68 45
78 27 6
55 46 54
100 23 26
26 75 75
7 54 60
10 16 91
49 38 10
85 83 71
73 45 26
46 6 65
15 26 23
79 3 26
24 40 1
26 46 99
71 18 14
65 62 86
