97 98
77 37 88
43 61 39
7 86 39
52 47 87
35 95 97
38 96 16
22 34 79
33 6 38
14 81 37
53 16 89
43 47 68
93 79 95
28 3 67
67 83 71
1 20 39
64 3 46
16 70 71
88 7 31
45 59 59
81 79 62
19 21 61
50 93 1
49 58 70
30 85 91
50 28 36
90 57 95
2 35 30
40 42 59
5 66 83
52 58 47
54 28 37
34 23 85
30 2 48
80 2 87
38 41 6
6 66 50
9 62 22
11 37 78
47 71 72
69 8 87
74 66 50
64 87 70
17 78 69
62 54 59
32 28 72
34 63 24
62 27 21
2 50 41
28 47 21
39 13 23
33 58 14
64 84 13
93 28 76
49 38 93
30 68 66
25 15 7
28 83 9
44 5 3
90 56 45
75 3 9
70 63 61
47 40 37
7 16 2
34 44 86
61 68 29
88 4 29
81 86 75
85 73 5
23 39 32
67 38 45
87 4 36
38 94 7
89 6 84
28 78 33
12 90 34
77 23 16
57 34 66
91 43 59
91 40 68
6 41 95
79 63 79
3 50 11
61 92 14
87 41 75
18 33 43
64 10 35
21 3 18
72 70 44
85 21 46
46 97 94
83 7 85
75 75 89
7 17 35
31 31 75
94 5 85
93 42 1
80 60 16
94 58 9
