89 86
43 10 50
50 25 51
23 44 30
59 47 28
8 39 24
15 11 12
53 12 43
16 27 16
62 53 11
55 8 43
20 35 22
83 12 63
64 9 39
76 43 73
47 8 38
65 23 22
21 87 3
64 53 26
38 84 15
51 26 64
50 66 65
76 41 15
56 40 66
43 36 32
33 53 31
84 80 38
1 49 75
13 26 72
66 73 45
39 55 66
34 85 20
33 68 13
42 19 85
33 78 69
3 57 78
22 81 62
53 41 37
73 1 76
30 71 77
15 67 24
29 2 78
30 32 53
8 58 52
87 40 16
8 76 53
10 17 9
67 49 4
63 69 83
36 49 28
40 19 69
64 71 58
78 5 35
41 56 47
78 50 32
11 13 37
60 53 79
18 71 5
2 55 21
28 73 82
25 9 75
51 67 16
17 29 89
15 26 13
34 61 49
19 17 88
71 16 7
33 26 8
69 86 74
40 46 11
32 78 25
63 80 9
82 21 27
62 42 3
74 45 50
12 34 88
63 12 14
66 39 18
12 36 38
15 68 49
70 28 57
59 10 59
42 7 25
15 51 22
30 16 38
35 2 81
26 19 31
