89 89
21 49 40
84 16 16
31 41 79
78 13 72
85 73 34
11 84 36
66 2 88
70 71 85
51 66 30
9 84 59
10 56 14
81 47 20
68 53 28
67 1 59
30 32 42
33 46 44
22 62 31
66 56 43
15 71 25
59 70 88
23 5 44
3 45 55
40 3 77
53 24 53
28 20 27
56 68 81
64 41 42
85 33 35
59 78 41
55 87 59
50 11 57
25 9 14
80 82 22
42 29 46
67 38 20
21 42 86
7 33 35
86 48 73
11 39 38
29 1 57
71 13 27
49 55 67
40 30 67
27 57 33
67 10 53
8 1 2
78 79 80
51 88 63
26 84 40
16 10 82
62 66 34
45 70 13
43 5 54
57 16 65
13 75 82
83 50 3
66 89 57
59 37 58
12 64 8
54 31 4
82 76 60
29 46 2
88 35 14
59 34 45
28 23 49
44 47 63
25 71 44
64 57 33
60 38 49
8 46 67
87 45 6
17 24 67
22 48 42
73 23 70
78 31 62
21 25 6
25 75 28
3 33 81
44 25 41
36 68 13
66 87 49
24 7 3
22 25 29
76 23 33
60 46 81
49 14 54
76 59 24
39 28 70
4 58 7
