72 86
40 2 19
15 3 27
30 40 27
12 18 54
72 19 2
68 55 34
54 46 13
49 47 38
48 48 30
67 51 45
65 32 56
35 67 53
23 25 15
71 4 14
20 48 57
16 61 70
63 2 22
57 40 10
23 43 17
22 27 18
31 38 39
9 13 3
17 38 16
22 31 3
20 67 62
71 42 68
43 72 16
65 48 13
67 21 37
13 4 69
63 58 53
34 45 42
20 45 10
40 21 57
33 20 20
3 23 44
4 68 42
47 27 7
63 30 52
23 15 9
10 33 3
18 45 5
22 70 4
41 43 2
40 11 15
11 67 29
9 40 72
11 55 60
49 58 40
50 67 7
20 72 42
44 10 42
50 10 15
4 69 12
22 64 6
46 61 17
6 60 23
67 6 12
54 25 7
14 15 52
60 63 10
53 45 55
42 39 23
19 37 50
65 6 2
42 52 53
53 28 31
44 43 11
66 68 46
18 69 47
9 49 4
25 53 31
22 43 33
26 5 5
13 24 43
36 21 56
4 68 17
30 5 67
34 43 15
43 51 57
55 31 46
32 52 43
14 46 22
65 27 33
16 25 48
26 15 28
