96 97
49 57 75
87 18 50
35 32 60
35 38 31
8 36 38
10 62 54
10 82 80
15 44 37
73 48 75
27 47 50
43 46 70
30 29 46
65 55 72
50 55 51
73 59 86
25 12 46
65 39 40
67 22 1
21 18 6
6 68 18
9 11 8
11 20 9
4 90 15
33 35 38
42 45 18
84 91 61
67 20 8
75 24 72
88 21 55
32 73 56
45 36 52
45 68 28
77 94 69
69 69 8
64 56 20
31 12 59
57 66 15
5 15 24
27 18 21
6 40 85
24 53 23
79 5 32
77 12 94
93 66 71
61 53 76
79 57 43
76 90 44
35 78 45
95 76 92
11 74 62
74 62 73
56 55 56
81 82 54
25 75 29
96 72 25
42 51 70
65 41 54
69 41 2
58 76 55
43 75 16
21 7 74
14 93 12
20 19 96
27 9 18
35 25 37
91 87 43
21 83 14
19 14 23
38 34 6
23 58 33
14 83 53
22 35 53
10 56 5
57 18 19
59 36 72
69 39 82
33 79 38
17 45 59
51 81 33
96 57 42
79 73 3
29 88 26
33 36 66
34 63 50
60 66 63
69 15 8
8 45 56
24 62 26
75 37 11
79 47 88
75 2 26
29 51 25
53 13 95
86 10 84
8 7 45
37 78 60
24 59 37
