100 100
51 16 50
49 9 2
92 57 91
36 79 41
54 89 54
74 15 71
6 82 33
63 20 94
26 67 25
26 75 47
95 37 11
90 86 13
91 91 38
57 98 70
88 73 86
52 44 10
84 97 68
26 24 16
46 66 85
40 5 25
72 71 99
100 74 13
38 63 46
48 9 70
65 82 53
33 33 9
93 6 42
79 48 12
40 80 59
29 79 54
71 53 5
50 15 97
43 47 6
59 59 95
17 75 64
99 74 88
59 54 64
93 58 78
77 47 44
87 13 90
72 11 49
92 29 15
59 28 4
47 25 82
98 10 54
80 91 6
86 73 84
12 36 79
69 91 50
72 22 91
52 90 76
3 25 79
54 64 4
2 6 32
46 73 46
48 29 3
56 42 61
65 8 8
9 88 52
17 11 85
98 79 94
80 71 32
38 85 13
8 72 27
19 69 41
2 36 69
55 57 86
4 13 77
65 41 58
78 30 10
36 7 72
73 58 53
71 14 61
33 99 69
65 88 76
38 33 74
33 38 36
46 21 90
58 37 76
40 18 40
97 64 55
15 38 11
72 75 35
84 57 26
88 36 100
18 19 75
91 91 14
8 88 97
9 58 12
4 73 11
18 46 84
9 76 67
39 7 99
19 55 43
36 78 36
61 94 43
23 80 76
28 66 85
32 55 32
24 76 28
