40 60
12 10 39
22 19 36
22 21 35
9 19 8
12 40 14
12 5 24
30 2 20
36 38 3
20 17 20
24 1 30
12 28 13
25 2 18
7 33 40
16 30 14
14 22 26
11 9 11
20 22 25
11 11 2
39 15 19
5 39 23
38 4 36
18 8 24
37 31 30
34 7 11
32 11 35
33 5 4
9 16 1
35 25 29
9 24 35
2 6 19
26 32 7
2 1 26
38 38 31
21 35 19
30 28 19
35 21 10
28 40 11
3 3 32
31 27 19
35 33 32
7 26 40
19 3 13
31 6 13
34 4 9
35 32 5
4 23 9
2 8 19
38 34 35
9 11 10
9 6 14
32 37 19
15 28 23
29 30 38
10 38 5
12 6 5
32 10 4
3 12 18
36 10 14
20 20 31
24 39 26
