100 100
73 40 20
1 66 72
68 88 30
62 88 58
37 80 61
53 74 94
76 83 4
60 64 16
70 97 38
84 89 100
72 74 91
59 92 21
69 51 66
9 30 69
78 67 41
16 21 76
39 40 20
2 31 67
92 6 70
51 6 77
15 39 69
15 14 90
62 19 47
87 82 39
7 18 67
95 95 45
24 63 13
97 36 43
97 65 76
13 39 31
33 60 32
56 15 14
12 70 57
49 73 97
25 60 98
53 30 56
68 14 36
45 62 73
52 6 99
43 93 77
57 35 83
11 73 36
15 4 94
4 24 66
11 80 69
90 6 64
28 50 43
45 20 23
41 52 73
80 95 45
84 75 35
36 46 22
82 58 40
80 41 87
12 11 44
93 12 57
4 26 27
84 59 48
2 12 14
78 96 77
36 98 86
85 58 95
34 7 50
67 78 13
61 90 88
45 97 13
30 25 32
58 77 21
18 19 85
100 19 70
77 1 43
68 71 21
16 12 24
84 92 33
55 39 3
94 60 79
16 44 31
22 100 97
58 49 29
12 9 38
17 52 2
22 16 40
6 78 84
58 91 34
13 18 82
1 92 69
76 79 1
61 69 42
100 87 74
34 10 74
68 13 95
81 49 74
75 61 24
67 57 57
64 87 54
4 55 15
97 65 79
1 90 91
10 100 50
9 43 16
