100 70
91 96 91
87 53 46
68 51 37
75 96 70
74 76 96
24 2 61
89 71 60
90 76 75
31 100 16
59 57 75
28 49 27
48 46 5
29 1 52
23 38 37
64 52 63
64 23 20
54 84 94
5 52 73
4 78 52
55 36 6
29 75 34
82 19 9
28 96 22
44 73 84
77 58 6
53 52 93
98 80 98
14 89 79
87 39 87
31 69 14
30 24 55
45 55 41
55 65 82
31 26 73
3 24 68
11 71 87
20 51 29
81 28 57
21 24 38
82 22 80
92 64 79
58 58 70
74 80 11
63 64 38
60 35 56
92 55 29
1 25 65
92 9 64
42 46 45
81 26 63
11 16 53
98 25 3
42 10 59
35 20 90
39 67 66
66 7 95
36 61 6
78 19 18
17 57 61
49 58 65
46 67 44
98 31 20
24 27 73
92 21 23
4 86 18
93 9 86
3 47 59
14 46 45
69 76 12
47 4 74
