75 93
21 38 30
25 4 43
65 3 59
71 75 55
36 25 13
41 74 45
11 5 69
26 54 26
23 21 47
68 10 34
35 32 18
59 48 55
37 13 47
44 5 63
70 69 11
26 49 49
46 56 60
19 55 33
40 42 1
25 36 49
56 12 46
45 50 53
67 44 20
68 52 64
13 13 71
52 64 10
57 47 67
36 20 18
26 5 62
55 35 29
61 3 47
14 68 9
20 23 2
18 8 62
68 61 29
22 3 55
60 55 60
24 57 70
12 62 66
62 62 15
72 67 49
4 1 62
18 23 31
73 68 24
14 2 50
26 33 15
11 63 74
26 38 69
26 55 62
40 12 48
47 30 48
36 67 50
5 10 34
36 58 67
60 60 63
28 48 39
57 70 13
19 45 29
52 24 54
68 31 54
11 3 71
71 35 5
18 39 11
72 40 71
8 61 60
43 21 62
41 27 63
10 16 14
2 10 74
7 73 21
67 69 24
58 10 61
43 50 49
26 56 45
74 19 57
32 11 40
15 43 34
49 33 69
26 42 23
2 7 11
23 16 65
59 38 27
19 43 51
10 11 21
27 8 60
5 31 40
66 19 32
13 49 72
10 18 46
43 46 4
26 26 36
46 62 70
34 53 60
