100 95
62 25 15
62 100 33
91 87 82
86 34 24
93 65 38
87 22 74
44 17 91
36 21 64
15 26 93
73 92 10
4 13 98
53 79 24
70 46 35
92 2 22
52 51 46
99 44 6
61 86 82
15 59 89
33 84 20
96 48 85
63 81 25
77 64 79
41 70 86
56 80 28
57 2 76
94 46 93
34 44 93
4 59 24
2 67 6
14 74 64
8 92 80
69 38 71
6 90 85
34 85 29
13 32 64
18 79 37
75 35 36
63 76 85
66 62 67
99 18 17
43 24 39
85 28 76
84 57 24
55 75 51
95 58 59
1 51 32
89 34 66
76 38 35
79 61 8
1 62 23
50 79 13
86 72 58
47 5 9
44 39 95
24 45 44
96 33 58
57 3 19
97 79 73
56 33 53
4 7 6
3 98 62
46 99 54
46 20 5
85 78 55
36 69 7
47 95 11
66 64 19
40 70 38
90 21 98
75 25 74
87 63 7
70 50 56
44 31 92
41 54 77
17 53 2
76 5 11
4 43 96
1 64 31
37 44 35
96 76 88
62 31 57
37 12 40
79 100 37
87 35 22
1 45 8
10 49 76
37 91 29
19 82 86
64 19 46
18 36 92
75 68 25
92 34 68
33 91 3
82 20 71
33 87 10
