55 85
18 51 52
51 54 34
13 47 25
52 22 22
19 6 38
23 28 20
2 50 34
6 16 51
18 5 53
5 17 55
37 41 9
29 39 12
40 1 23
9 22 10
11 52 14
38 10 23
47 22 43
36 39 53
6 19 49
41 39 31
30 21 38
34 19 18
7 31 40
11 40 15
35 11 42
15 21 39
9 5 44
14 9 14
46 17 2
42 54 7
13 30 5
16 28 27
48 24 43
16 12 45
49 51 46
25 54 21
34 16 5
17 23 26
29 30 45
20 21 14
33 52 37
14 51 19
46 27 2
18 33 28
46 29 47
27 6 42
47 19 9
16 53 42
42 9 27
40 38 52
24 47 48
47 6 27
30 54 25
49 25 10
21 28 19
48 13 20
12 19 9
44 55 52
52 7 48
21 42 40
29 55 32
17 22 6
41 26 39
9 6 8
27 24 23
39 24 28
5 40 27
19 42 17
38 13 15
39 30 50
1 1 23
36 51 1
19 33 50
3 20 46
54 15 50
42 42 31
51 29 9
22 48 2
14 38 38
49 16 15
12 6 11
33 17 37
13 43 45
40 43 42
24 7 5
