33 87
15 23 16
6 20 25
13 32 8
19 24 23
14 16 1
10 3 4
4 21 26
29 12 30
1 16 26
23 21 5
8 22 17
18 16 21
25 19 16
7 19 10
28 6 12
26 10 25
4 4 3
4 3 2
22 20 29
28 17 5
12 1 5
8 7 7
25 25 17
21 19 29
27 13 31
13 29 31
16 12 32
17 19 11
9 26 23
10 12 16
33 30 10
10 13 8
3 13 9
2 13 5
29 26 10
3 30 16
15 13 14
30 7 16
6 8 32
13 4 31
13 6 28
21 27 22
11 13 23
22 26 9
20 22 12
29 3 16
18 22 23
21 13 18
31 18 32
33 31 13
2 23 25
22 8 1
29 31 25
2 33 25
21 28 5
21 33 26
27 26 31
13 15 18
6 2 18
17 9 33
7 27 29
32 11 7
27 25 1
18 29 4
31 15 13
23 23 27
21 16 33
9 14 30
25 27 8
33 28 25
27 21 6
2 25 1
4 32 31
10 5 32
31 6 23
2 30 12
24 33 12
19 25 33
13 15 16
9 17 33
10 32 11
13 20 9
32 3 3
15 4 1
18 25 28
10 16 24
24 24 4
