42 89
29 31 37
15 15 5
6 42 4
17 25 2
15 5 28
9 7 7
25 40 13
26 23 19
35 34 24
1 22 32
6 5 33
21 18 17
1 15 37
17 35 37
3 1 2
10 36 36
5 14 42
38 16 19
42 6 26
20 34 3
25 40 9
39 40 17
7 1 13
16 9 30
35 38 21
2 17 20
12 40 13
13 19 23
8 41 28
29 13 20
4 28 36
22 24 16
38 4 22
7 14 13
24 9 16
5 25 8
36 10 12
16 41 15
40 6 11
29 22 32
26 27 27
30 16 14
4 19 32
4 25 31
38 14 26
34 2 16
1 9 22
37 28 16
13 42 29
9 32 6
1 6 20
23 27 15
22 26 7
33 29 27
41 18 15
7 11 23
18 24 5
19 4 36
5 7 8
15 39 2
42 38 12
42 18 6
37 38 13
16 3 33
16 36 14
29 29 25
38 41 16
2 7 8
42 34 32
11 42 3
32 11 9
34 12 21
38 31 10
30 10 22
8 26 15
22 33 26
37 37 32
31 7 33
24 15 12
37 34 9
31 19 7
24 34 2
13 4 9
6 40 23
17 6 14
1 25 3
13 35 20
19 6 12
17 17 24
