100 100
12 46 49
32 65 58
72 62 36
51 66 7
29 71 37
29 28 64
99 6 94
47 58 39
12 9 46
59 61 37
67 36 6
30 47 60
88 44 48
69 6 99
63 63 24
40 5 95
51 10 54
77 68 10
55 38 3
11 50 25
81 65 24
20 83 95
59 47 97
71 98 29
8 81 100
78 87 99
98 83 60
38 56 51
96 21 68
48 99 50
59 54 85
54 72 61
57 11 25
73 29 79
28 65 54
12 16 9
61 82 20
97 40 71
34 6 35
42 99 39
41 20 75
10 43 34
5 70 86
15 15 33
62 7 100
46 95 55
35 54 91
95 33 10
43 83 94
75 66 6
31 21 11
26 99 7
64 24 73
37 26 2
7 53 36
76 41 29
70 42 65
29 49 99
37 87 26
100 63 26
52 64 18
8 41 32
31 37 83
91 14 8
28 71 66
15 21 24
71 6 60
15 4 7
76 86 60
54 86 69
41 16 91
86 24 30
91 68 51
78 100 1
20 5 49
5 9 38
38 97 24
95 43 74
88 58 20
51 70 77
44 12 61
32 61 39
8 22 58
92 72 29
79 36 53
62 91 22
42 49 56
96 3 31
26 90 4
50 44 91
58 84 58
47 98 21
40 35 21
58 62 76
97 77 7
78 32 58
63 99 54
36 63 3
89 6 58
38 21 58
