100 100
91 78 84
63 72 32
50 71 87
5 14 71
58 91 86
24 27 72
14 55 13
75 64 5
73 4 26
89 100 95
93 13 95
76 46 80
16 15 37
37 7 85
83 89 86
48 13 76
65 6 89
64 51 96
40 65 27
30 11 25
24 28 51
70 47 100
40 14 91
53 64 4
81 13 77
79 70 2
46 38 81
51 95 22
80 18 10
81 43 75
41 34 1
14 62 99
32 98 60
33 23 28
85 94 10
89 64 84
57 80 18
87 94 24
96 95 13
12 38 2
83 1 94
90 31 35
76 93 14
1 1 91
19 69 48
87 56 59
94 91 60
66 55 34
22 17 47
99 68 100
48 12 27
88 14 48
85 61 28
13 45 53
88 75 76
28 54 97
17 52 49
60 17 4
77 52 14
78 23 4
28 94 42
9 30 8
69 13 74
33 88 59
59 82 90
55 25 91
80 40 15
67 57 93
38 10 51
99 76 80
14 71 49
77 76 76
47 33 55
30 61 43
57 88 14
58 73 19
80 100 91
90 14 15
22 22 84
67 57 9
33 41 27
22 69 23
5 44 42
51 44 40
42 32 4
58 68 15
35 47 56
12 40 99
18 1 23
95 4 56
14 21 27
66 96 17
70 18 48
68 41 6
80 72 6
79 36 51
66 70 28
95 57 85
73 69 15
26 72 46
