100 100
45 70 28
85 22 53
65 10 82
40 3 9
99 80 15
85 14 7
16 96 24
49 43 91
73 96 35
16 37 95
51 78 14
94 46 52
59 59 7
2 93 75
66 45 93
73 7 34
1 77 54
16 56 34
89 8 12
15 11 71
32 55 23
11 7 97
82 45 43
34 20 85
51 41 87
70 18 13
46 23 68
73 99 67
10 8 72
71 94 92
76 34 24
1 30 21
22 18 39
44 58 44
9 11 50
95 87 62
89 40 31
7 33 52
98 91 18
93 46 67
61 13 30
63 53 96
91 16 45
73 30 25
81 71 34
64 37 96
83 100 97
42 2 10
73 30 65
52 64 31
45 23 88
67 49 99
67 1 87
54 46 52
71 86 35
32 29 21
28 24 33
91 78 4
65 30 83
1 30 100
86 99 80
66 10 2
54 42 95
85 19 84
32 96 65
98 46 13
99 78 48
58 50 84
63 69 65
5 80 80
30 65 89
86 92 81
74 85 28
24 70 26
84 55 71
88 83 11
37 67 3
58 61 74
55 12 78
92 34 17
18 29 49
10 63 11
41 5 31
78 41 2
67 51 69
18 71 60
46 72 66
11 90 46
45 21 90
26 32 81
56 18 46
89 10 71
16 21 82
3 38 78
13 78 31
42 95 99
28 43 96
84 65 80
90 1 2
50 77 54
