100 100
64 99 73
82 88 40
25 43 10
54 86 22
3 47 19
10 39 94
26 49 28
47 47 10
9 24 36
25 70 67
23 77 27
17 66 63
100 83 47
100 69 29
20 80 9
27 75 63
87 24 5
61 48 12
34 45 55
9 73 59
99 72 87
83 6 83
33 12 22
68 36 69
10 83 30
64 60 43
52 77 1
35 30 40
61 10 44
37 17 32
33 99 70
47 43 36
39 44 15
30 17 41
75 40 46
9 93 3
92 68 99
90 33 74
51 8 33
65 67 25
46 24 67
36 37 8
85 58 50
63 69 8
60 72 21
32 1 97
10 56 40
12 25 87
66 81 11
67 55 99
63 19 27
31 33 75
33 30 94
97 97 15
9 70 20
59 55 95
7 97 78
57 63 52
58 76 60
92 44 11
44 85 66
21 15 32
55 88 31
28 3 60
63 82 79
10 79 87
66 17 45
99 10 13
59 45 47
89 78 89
61 31 87
39 51 77
79 44 88
37 92 78
78 2 43
39 56 72
70 97 2
96 19 94
80 60 89
18 17 93
78 4 43
98 30 86
5 17 55
13 13 73
66 35 75
36 21 23
92 68 11
92 43 75
18 17 88
45 68 29
24 95 31
18 65 89
89 86 38
34 78 66
19 95 1
12 88 62
78 98 94
77 51 35
3 33 17
26 5 56
