77 100
40 33 38
21 13 67
54 42 63
77 34 10
8 39 21
2 69 59
11 54 16
38 22 65
49 23 5
5 10 23
11 68 51
15 57 43
53 22 34
28 1 38
10 75 77
12 60 76
18 74 24
62 70 64
42 61 65
23 56 4
52 69 64
54 75 7
18 2 18
23 19 34
45 71 75
52 43 24
15 55 57
61 48 13
52 14 51
36 57 27
13 45 25
5 34 13
57 75 22
30 14 18
29 16 25
28 41 11
59 60 6
53 39 31
73 14 6
53 45 18
17 43 5
52 19 77
31 13 1
69 23 32
69 44 51
35 1 24
13 68 70
49 73 6
62 47 45
61 61 5
47 24 60
43 18 52
43 15 22
18 67 64
22 28 6
7 27 59
72 32 14
36 72 68
64 21 47
51 28 33
57 28 51
50 29 3
11 35 76
6 65 3
25 7 5
69 38 68
50 33 17
40 72 37
45 19 15
75 21 75
40 51 37
60 3 48
22 14 71
77 46 28
38 5 54
10 5 58
70 37 61
19 10 64
74 12 34
50 38 37
48 73 67
5 8 28
29 29 18
37 45 5
46 64 26
19 28 62
57 76 12
9 17 51
5 10 65
23 70 50
19 44 66
50 65 30
73 54 2
22 24 26
21 35 50
60 11 19
62 55 21
13 9 50
19 8 44
42 18 9
