Teste 1
1 2 3 4 5 6 7 8 9 10 11 12 13 14 15 16 17 18 19 20 21 22 23 24 25 26 27 28 29 30 31 32 33 34 35 36 37 38 39 40 41 42 43 44 45 46 47 48 49 50 51 52 53 54 55 56 57 58 59 60 61 62 63 64 65 66 67 68 69 70 71 72 73 74 75 76 77 78 79 80 81 82 83 84 85 86 87 88 89 90 91 92 93 94 95 96 97 98 99 100 

Teste 2
1 2 3 4 95 96 97 98 

Teste 3
12 68 

Teste 4
13 

Teste 5
5 

Teste 6
52 

Teste 7
4 34 

Teste 8
42 

Teste 9
1 

Teste 10
85 

Teste 11
3 

Teste 12
20 

Teste 13
26 

Teste 14
30 

Teste 15
42 

