1 100
1 8
1 9
3 6
5 7
6 7
6 8
9 6
10 7
10 8
12 5
12 6
12 6
12 9
13 6
14 8
15 6
17 8
19 6
19 8
19 8
24 7
24 9
25 5
27 5
33 6
33 6
33 9
34 7
37 7
38 6
39 8
41 7
41 8
42 9
46 7
48 6
49 9
50 5
52 7
53 5
53 6
53 7
55 6
56 5
56 7
59 6
60 9
63 9
67 6
73 5
74 5
75 5
75 9
76 7
77 6
80 5
82 5
82 6
82 6
83 5
83 9
84 5
84 6
85 6
86 6
88 9
88 9
89 6
89 6
91 5
95 6
96 6
107 5
110 7
112 9
115 7
116 5
116 7
116 7
116 9
119 7
121 5
121 8
124 5
126 8
129 7
131 9
134 9
135 5
135 7
136 8
137 8
138 5
138 9
139 9
140 5
140 8
141 6
142 8
143 6
