6 180
4 7
5 1
9 5
10 6
12 10
13 2
14 3
19 5
19 7
19 10
20 3
24 6
25 10
28 8
32 3
33 5
36 10
37 2
39 6
41 6
44 4
44 5
46 8
47 10
50 1
51 8
51 9
53 7
53 10
55 3
56 1
57 5
62 2
62 7
67 10
67 10
68 7
68 10
69 2
72 1
76 3
77 5
78 1
78 4
80 8
83 3
84 8
84 9
85 1
89 4
90 1
92 6
93 10
95 1
98 7
99 6
99 7
101 6
101 10
102 1
104 6
105 8
106 3
109 5
114 2
115 5
115 9
116 2
116 4
120 1
120 7
123 1
123 8
125 6
128 4
128 9
129 3
130 1
130 4
133 10
136 8
138 1
140 4
141 9
143 8
149 9
151 2
155 10
156 5
158 8
159 6
161 4
162 1
163 1
165 4
166 3
168 8
169 8
170 9
172 6
176 5
177 7
177 7
179 5
186 10
186 10
187 7
189 7
190 5
192 3
193 10
194 2
195 6
195 6
197 5
197 9
198 9
199 2
199 10
200 3
200 8
202 5
204 9
207 3
211 10
213 1
214 7
215 1
220 9
223 4
223 6
223 9
224 3
224 6
225 7
226 2
228 1
228 4
229 7
230 3
231 8
235 1
239 6
239 6
241 7
246 2
246 4
249 2
249 10
252 10
255 6
258 10
259 9
261 2
261 2
262 3
262 9
264 3
264 7
264 8
266 3
267 1
267 4
267 4
272 7
275 9
276 8
277 10
278 1
283 5
284 1
285 6
286 7
287 8
288 4
293 5
293 9
296 3
298 6
298 8
