1 100
4 5
4 9
7 6
13 7
14 6
16 5
17 6
17 6
18 6
20 6
21 9
24 9
25 5
25 6
25 7
25 7
27 5
28 5
28 6
29 5
29 8
30 8
34 9
35 7
37 5
37 8
40 7
41 7
42 5
42 6
42 7
44 6
50 6
50 9
52 6
55 5
58 6
60 5
61 6
63 7
64 5
66 5
66 5
67 8
67 9
74 6
74 8
77 5
77 6
77 7
77 9
78 8
79 6
81 5
83 8
84 8
86 5
86 6
86 7
86 8
88 7
89 5
91 5
94 5
94 5
94 7
96 6
97 8
99 9
104 7
107 7
110 6
113 8
114 6
116 6
117 8
117 9
118 5
123 5
123 6
125 6
125 7
126 6
126 7
129 5
131 6
132 9
135 9
136 5
137 6
138 9
139 8
140 6
142 9
142 9
143 5
144 7
146 9
148 5
148 7
