8 240
1 6
3 9
5 8
5 9
6 2
6 5
8 3
9 1
10 10
15 2
16 4
17 10
22 5
22 5
22 7
23 9
24 5
27 1
29 5
29 8
31 2
33 6
33 7
33 10
34 4
34 8
36 7
36 8
39 6
40 8
40 10
41 5
42 7
45 2
50 3
50 6
53 3
53 10
54 3
55 1
56 6
57 5
58 7
58 10
58 10
59 1
60 1
62 1
63 2
64 4
64 9
65 10
68 8
70 8
73 9
74 9
75 1
76 1
76 5
79 3
79 4
80 3
83 1
84 6
85 3
85 8
86 4
87 5
87 7
87 9
88 1
90 1
90 4
90 6
91 7
92 3
93 9
96 9
97 9
100 5
103 2
104 5
106 4
107 8
108 2
109 10
110 9
111 6
112 6
114 8
115 9
116 9
116 10
117 8
118 1
119 7
120 2
122 4
124 6
126 1
126 4
127 7
130 8
131 6
132 3
132 6
132 7
133 6
135 3
136 10
137 1
138 7
139 4
140 3
141 3
145 1
145 6
147 4
147 7
149 3
149 7
149 8
151 1
153 9
154 4
154 7
154 8
154 8
155 1
155 4
156 4
157 2
157 3
157 6
158 1
159 5
160 4
160 8
161 2
161 5
162 6
164 8
167 4
169 10
172 1
174 4
174 7
175 3
177 5
178 3
182 4
182 5
185 2
186 6
187 10
188 8
189 7
189 9
191 2
192 9
194 9
195 4
195 10
196 6
196 7
197 4
197 6
199 2
199 4
200 6
202 6
203 4
205 7
205 9
207 2
207 3
207 4
207 4
215 6
217 5
217 9
218 7
218 8
219 6
224 4
224 9
226 1
226 8
230 9
231 1
231 8
232 4
233 5
235 5
236 10
237 3
239 9
241 1
241 4
241 6
244 1
244 2
244 8
246 6
251 1
254 9
255 2
255 7
256 5
258 5
260 3
260 9
261 4
264 2
264 6
266 2
267 1
267 8
274 1
274 2
275 3
275 6
278 6
279 9
285 2
288 7
289 9
290 1
291 4
291 6
291 9
293 5
293 5
294 2
296 3
296 4
297 5
298 1
300 3
300 6
