779
1475 3702
1826 2677
1311 2552
1000 2274
1662 3884
1433 2177
1621 3739
1753 2575
1067 4645
1518 2968
1485 1659
1815 1223
1005 4862
1193 4352
1437 3610
1037 4511
1085 1582
1031 2392
1766 3916
1139 1134
1482 1111
1201 1852
1009 1388
1834 4721
1474 3904
1699 2817
1593 1787
1494 2934
1841 4370
1232 1192
1344 1803
1277 4684
1916 2876
1091 1180
1258 4417
1695 2892
1400 3021
1254 2724
1351 2165
1494 3198
1294 1978
1106 2630
1190 1883
1013 3334
1131 1442
1239 4294
1417 1523
1315 2741
1382 4404
1667 3595
1113 3471
1050 4399
1453 2066
1646 3800
1839 2342
1882 4203
1976 4531
1070 4593
1239 1601
1127 2263
1455 2285
1293 2435
1779 3451
1329 4950
1508 1226
1904 1776
1668 2395
1163 2540
1308 4099
1852 1283
1533 2329
1057 4605
1428 2505
1336 1122
1577 1816
1837 2251
1295 4210
1534 4367
1839 2129
1983 3173
1089 3130
1421 3143
1087 4404
1220 2428
1448 3667
1923 4440
1426 4516
1929 4904
1465 1286
1554 2368
1079 4079
1524 2948
1602 4941
1938 1343
1796 2603
1386 4463
1791 3125
1836 4319
1340 2516
1367 2469
1518 3381
1937 1568
1679 2153
1154 4215
1634 3716
1759 4630
1632 4766
1526 2402
1486 3646
1666 1732
1637 2154
1638 4991
1577 1148
1451 3216
1751 2655
1903 4554
1240 3977
1587 3735
1377 3710
1501 1413
1827 3281
1834 2718
1985 4855
1191 1187
1758 1136
1221 1863
1667 4523
1746 3115
1217 2076
1810 4865
1143 3732
1021 1979
1108 1311
1751 1822
1290 1969
1831 1112
1474 4814
1379 4146
1803 2167
1742 1522
1416 1858
1518 3882
1556 4007
1129 1928
1682 1122
1989 3292
1078 4495
1151 4529
1619 4450
1848 2916
1783 4127
1852 3608
1119 4509
1321 4581
1438 4265
1327 2528
1731 2523
1969 3840
1527 4830
1329 3554
1425 2866
1733 2919
1820 1434
1245 3518
1625 3365
1749 3467
1097 1034
1744 2301
1785 1195
1289 4337
1461 2675
1440 3792
1115 2777
1200 2589
1246 2260
1904 1251
1204 4960
1695 4266
1032 1369
1114 4002
1521 2969
1489 2529
1992 1761
1651 2682
1365 2511
1406 2442
1757 4133
1810 3024
1773 4587
1603 3607
1861 3747
1862 3951
1481 2451
1159 1727
1844 2744
1920 4028
1642 2200
1009 4195
1173 2905
1095 3157
1659 4409
1658 1024
1656 1307
1194 4012
1376 4667
1596 3715
1874 2094
1839 3222
1676 2334
1910 1311
1201 1386
1806 4042
1118 4486
1014 4547
1545 2933
1918 2029
1340 2125
1896 2458
1234 2987
1959 1613
1664 1574
1001 1433
1413 4782
1184 2824
1942 1329
1263 2993
1104 1708
1028 2553
1878 3211
1128 4108
1654 2113
1201 1185
1988 1430
1774 3593
1786 3014
1943 4047
1882 1575
1693 4053
1541 1148
1631 3614
1163 3097
1366 4010
1748 2427
1234 3433
1532 3749
1854 3345
1847 2078
1219 1020
1622 3513
1171 2646
1248 2783
1438 4702
1392 4234
1556 2192
1698 1383
1796 2838
1168 3660
1241 1759
1168 4258
1057 3226
1370 2881
1372 4369
1136 2544
1071 3831
1655 4296
1622 4367
1963 1775
1937 4084
1042 3481
1447 2636
1995 4232
1221 2655
1912 4062
1186 1959
1245 4545
1350 1506
1203 2433
1379 1122
1598 2232
1594 4780
1758 1204
1567 3504
1932 4755
1337 4943
1538 3490
1410 1298
1042 1672
1153 1878
1171 2557
1217 2440
1419 3002
1551 2569
1494 2479
1693 4224
1793 1834
1487 1197
1545 4363
1351 1832
1645 4854
1244 2325
1278 3343
1732 4133
1400 1594
1242 4241
1828 4810
1946 3121
1105 4516
1540 3856
1462 2773
1448 3795
1290 2266
1649 4927
1668 2859
1743 2000
1366 2134
1142 1872
1961 2917
1377 4288
1355 4677
1478 4681
1531 3109
1898 2081
1949 2858
1145 2379
1545 1288
1163 1142
1606 4500
1825 1740
1478 3509
1500 2367
1173 1738
1827 3927
1211 3485
1880 4004
1840 4330
1389 1685
1004 3548
1559 1986
1871 3488
1197 4825
1531 1218
1630 4399
1419 4409
1245 4423
1757 1719
1605 2293
1372 3411
1502 1360
1667 1843
1090 2338
1695 1099
1357 4055
1068 1369
1844 2170
1531 2558
1407 4016
1335 4071
1937 3933
1199 4274
1208 2072
1267 4955
1038 3690
1397 3125
1416 1597
1013 2293
1039 4821
1183 4646
1669 1696
1529 2321
1227 1269
1142 4326
1995 2091
1355 1111
1648 1002
1033 1090
1024 3977
1954 2317
1288 4039
1849 1648
1064 1437
1830 1337
1373 3400
1478 4910
1749 2570
1909 1804
1712 3473
1986 4304
1669 4996
1832 3106
1735 1168
1759 2223
1101 2490
1879 3374
1965 3555
1467 3913
1866 3401
1419 4620
1605 1567
1982 4442
1222 2182
1961 2686
1075 3237
1239 1657
1757 3635
1562 1062
1751 4743
1729 2242
1289 4880
1876 1496
1681 4000
1088 4550
1199 3283
1212 3421
1530 2208
1368 3030
1670 1133
1124 2001
1839 3941
1440 1698
1325 2957
1282 3650
1821 3689
1861 3441
1168 1769
1986 3296
1324 2178
1431 1200
1544 1208
1746 3437
1467 3044
1011 4582
1444 3503
1490 4486
1533 2432
1542 3321
1271 1568
1802 1502
1596 1460
1409 3931
1675 4035
1424 4641
1015 1387
1597 3013
1577 1747
1787 3163
1012 4226
1724 4259
1688 2856
1801 3765
1702 4941
1830 2579
1586 1895
1599 1134
1733 3790
1149 3344
1205 4684
1300 4174
1902 2060
1858 2709
1638 3143
1005 1738
1339 1680
1082 1874
1841 3934
1083 2675
1700 3321
1252 4273
1427 2331
1737 2782
1806 1078
1309 4664
1573 3508
1113 4586
1460 1882
1871 1615
1913 4220
1083 2990
1878 1618
1612 3670
1390 4682
1337 3005
1088 3756
1920 3087
1452 4400
1253 4430
1291 4710
1675 3080
1259 3068
1965 4683
1494 4435
1609 1827
1934 1160
1430 4744
1645 1360
1074 4597
1036 1827
1760 3844
1751 2646
1546 3937
1473 1251
1112 4236
1391 2393
1785 3409
1671 4353
1138 2498
1574 3804
1471 2882
1594 2359
1823 1871
1060 4292
1721 4588
1924 2830
1832 3241
1229 3947
1813 3493
1192 3032
1973 1024
1637 1849
1428 1612
1263 2976
1189 1864
1678 4795
1999 4160
1485 2350
1625 4160
1765 1735
1383 4341
1136 1005
1521 3230
1859 3725
1052 4121
1183 1261
1466 1163
1105 3219
1291 1999
1274 4951
1797 4221
1913 4051
1933 4594
1707 3009
1390 4134
1930 1153
1610 2602
1764 1412
1445 1416
1264 2943
1956 2548
1065 3371
1070 2156
1158 4525
1223 4106
1567 2386
1878 1332
1105 2353
1363 4039
1040 3438
1768 4333
1756 3280
1643 4039
1299 4027
1039 4611
1428 3773
1338 3521
1766 3237
1464 4727
1203 3355
1500 4078
1397 1788
1899 4755
1530 2775
1972 3657
1878 4849
1977 2557
1299 2603
1038 1584
1289 2637
1266 3984
1725 4238
1922 2280
1029 4416
1741 3549
1109 1748
1050 1966
1266 1008
1945 4539
1758 4853
1137 4545
1686 4800
1748 1203
1575 4087
1675 3923
1945 4912
1011 1009
1842 2819
1736 4031
1938 1512
1458 4684
1626 4694
1086 1185
1287 1140
1916 4466
1606 4695
1329 1081
1105 3430
1863 2994
1192 4784
1359 2096
1238 2160
1776 4331
1899 2845
1579 3880
1999 2497
1506 2294
1010 3338
1412 1105
1777 1652
1026 2109
1893 2612
1234 3952
1181 1872
1884 3767
1643 1216
1148 3807
1634 4706
1620 1375
1771 2914
1464 1804
1821 1394
1613 1143
1417 2231
1157 2604
1775 2622
1076 1595
1994 4317
1605 2391
1686 1846
1486 3559
1533 3742
1167 3628
1011 4148
1517 3634
1692 3168
1356 4892
1209 1410
1607 4505
1236 1005
1048 3499
1860 3959
1967 3863
1244 1184
1037 1803
1612 4605
1038 2739
1771 2629
1660 4738
1266 2311
1129 3113
1182 3642
1966 2172
1801 4723
1416 2055
1710 2531
1618 3269
1043 1954
1342 4623
1419 3363
1618 1231
1087 2652
1102 3763
1695 2409
1874 1410
1358 2643
1085 2265
1583 4696
1085 3726
1781 2071
1562 3771
1328 3082
1105 4278
1513 1708
1372 2949
1250 3476
1986 2741
1522 2994
1530 2514
1108 1564
1981 4596
1056 2354
1123 1888
1501 3380
1533 4779
1641 3091
1890 2947
1384 1546
1617 3201
1900 3267
1993 4188
1949 3609
1616 1308
1618 2106
1344 4384
1489 4976
1867 1477
1353 3183
1219 2335
1260 4726
1344 3779
1391 2662
1177 2173
1545 4083
1696 2781
1667 1127
1542 4092
1607 3635
1648 4387
1025 4968
1197 1926
1117 3717
1877 3751
1532 1681
1493 2677
1016 2361
1306 4659
1676 3125
1358 2178
1296 4480
1088 3227
1888 1460
1338 3454
1201 4767
1073 3248
1582 1404
1086 3174
1895 2161
1717 3119
1964 4016
1577 1542
1165 1945
1417 2677
1531 2625
1345 3684
1355 4244
1108 1085
1502 1044
1770 3159
1357 2123
1603 3888
1066 2842
1519 3499
1518 4579
1567 4301
1730 1740
1601 3994
1916 1177
1050 1904
1634 2521
1196 3595
1474 3286
1027 4658
1890 4347
1664 2333
1695 1349
1306 4264
1654 1206
1438 2251
1552 3456
1073 1935
1287 3426
1067 4813
1836 3654
1155 2106
1652 2228
1268 2026
1892 1598
1557 4466
1581 1828
1589 2758
1253 1236
1288 1031
