100 100
4 16
65 82
52 51
72 46
37 7
37 91
77 13
20 8
82 24
18 98
93 62
78 23
26 16
50 52
24 99
51 52
15 63
22 30
24 70
82 72
96 81
17 95
4 91
69 65
23 90
21 4
69 39
43 91
87 30
52 6
13 100
58 15
37 65
85 25
15 89
44 27
25 20
23 1
90 83
18 54
54 50
74 21
58 29
32 50
84 37
95 68
12 4
68 28
30 93
16 68
99 55
68 49
69 96
72 83
47 76
45 68
12 61
95 53
23 37
29 92
21 1
25 27
36 12
81 100
54 53
76 91
6 7
22 98
28 94
21 18
71 80
99 83
46 22
55 56
60 40
34 99
86 11
94 42
15 84
42 9
60 33
91 69
88 3
63 91
47 7
1 2
23 3
44 67
99 55
58 65
80 11
37 49
25 3
41 5
13 48
95 72
11 46
48 28
88 56
17 43
