100 100
37 52
100 64
75 28
76 46
66 66
74 53
99 40
64 52
40 77
85 33
74 40
94 5
27 63
32 89
62 64
52 29
88 26
63 59
11 97
37 1
18 44
36 54
29 23
12 12
31 31
15 88
85 83
13 8
77 49
27 62
54 91
33 18
14 92
91 33
46 93
16 45
53 98
21 72
33 93
48 28
4 89
5 76
89 97
25 18
88 53
9 6
78 100
40 54
90 53
90 2
26 5
37 57
31 39
85 99
58 72
21 75
13 10
26 24
68 15
61 18
33 69
19 32
100 65
45 75
97 48
39 57
68 68
49 70
38 60
47 58
22 3
57 75
32 75
5 95
71 24
97 33
16 48
82 76
21 80
52 26
15 78
75 5
70 32
38 29
16 61
54 32
70 2
92 96
30 28
21 41
99 82
2 24
14 1
6 11
50 5
23 30
20 83
17 56
81 38
46 87
