100 100
80 55
62 63
21 22
55 52
96 68
37 88
64 99
52 87
75 57
25 91
21 16
17 78
6 19
82 67
39 40
1 84
68 45
37 72
73 20
29 100
30 4
18 8
38 89
84 66
87 95
68 36
36 82
88 9
64 36
83 57
8 68
64 58
53 10
47 47
3 13
96 33
94 47
92 55
1 66
79 84
31 55
95 88
100 87
24 70
52 44
36 84
14 65
50 39
52 58
54 73
74 11
9 55
8 8
90 84
24 75
53 44
95 3
72 75
52 19
11 66
56 47
32 93
2 53
36 94
45 48
83 2
64 52
25 22
30 9
13 26
15 5
9 21
16 12
12 84
73 28
9 79
65 51
30 39
73 12
59 20
57 93
12 7
39 66
84 16
31 28
73 18
67 63
54 15
4 20
2 88
57 92
84 39
19 89
18 34
66 3
76 18
59 80
87 84
82 55
92 48
