100 100
39 88
6 61
59 55
40 75
68 79
32 40
7 92
65 81
70 19
58 89
17 53
95 18
50 24
31 2
97 59
9 76
73 92
62 90
34 29
45 65
7 45
14 39
94 55
43 62
29 50
44 82
64 53
68 35
55 10
18 54
44 60
47 95
62 66
82 46
79 77
20 33
63 10
77 92
15 62
64 25
45 87
30 34
77 16
6 57
6 40
87 18
92 37
35 55
46 89
19 30
49 50
96 83
66 9
24 27
85 53
11 41
57 66
77 67
17 82
35 30
63 24
10 63
2 97
13 19
61 97
48 80
28 56
22 81
93 60
64 90
28 61
99 62
33 15
20 30
36 15
44 33
79 53
55 65
73 22
26 32
90 95
73 80
45 12
75 43
99 16
62 6
59 92
57 51
79 27
82 62
12 34
63 95
84 96
51 63
7 99
27 10
18 31
21 33
76 53
67 5
