100 100
39 70
61 19
69 94
62 100
44 65
35 5
17 67
24 58
57 74
5 3
94 91
23 62
25 33
87 38
66 65
100 8
62 15
84 29
65 92
80 62
31 44
81 87
30 9
64 18
99 40
83 36
31 12
50 84
2 56
52 84
59 93
84 96
55 35
97 52
47 72
89 7
39 14
53 29
21 55
57 39
52 14
90 45
60 5
13 68
55 34
44 79
82 91
6 43
57 92
38 85
16 85
88 33
58 21
49 24
7 44
61 68
40 90
58 34
73 92
20 93
51 6
35 34
94 4
68 68
42 97
70 26
70 86
7 1
91 72
48 62
91 3
88 24
76 57
39 45
93 37
96 32
54 62
19 20
41 54
99 38
82 31
7 53
80 57
81 26
8 83
86 85
20 53
87 9
40 84
15 99
96 82
80 71
35 89
75 89
72 73
49 54
18 26
23 60
89 37
85 96
