100 100
61 96
12 87
55 36
47 46
37 79
69 49
34 65
98 51
11 1
45 52
24 10
58 68
69 75
19 51
6 36
76 73
65 96
60 36
60 17
33 71
71 27
92 72
33 27
81 21
34 88
9 93
51 96
25 73
78 3
14 49
9 38
18 14
56 1
17 94
7 9
7 55
1 83
44 88
19 23
12 77
81 65
96 19
17 67
90 21
62 5
49 100
57 45
74 66
94 60
82 12
11 93
53 96
90 17
76 18
24 77
31 43
55 7
50 37
54 64
28 50
16 85
30 11
14 68
66 32
13 91
58 62
63 75
58 89
2 62
1 38
66 41
18 79
10 56
68 64
95 55
3 100
85 93
51 81
63 51
20 33
96 45
45 86
9 67
83 68
24 57
35 91
59 71
13 1
92 36
26 18
76 56
53 87
83 44
2 50
33 42
23 97
7 91
86 80
65 17
56 73
