100 100
42 50
21 28
81 48
99 85
26 95
56 74
61 1
47 88
34 8
18 19
88 24
99 97
39 75
95 16
6 7
89 60
49 41
19 69
65 61
91 74
17 60
58 94
18 65
20 83
18 60
95 48
9 80
61 3
52 11
35 11
45 28
15 63
88 52
14 94
47 16
65 2
99 92
31 81
65 3
14 7
21 91
74 47
99 76
78 1
99 42
14 18
14 39
87 19
32 100
29 44
94 30
34 72
11 58
95 38
65 24
94 70
13 36
56 24
23 23
29 19
8 70
78 54
67 62
62 28
3 27
61 59
34 66
18 70
25 37
63 96
90 72
43 98
93 48
85 10
68 31
76 43
49 49
33 90
97 55
20 64
14 37
7 99
42 54
73 18
24 88
50 28
5 47
48 17
100 81
63 50
72 17
80 23
2 74
1 44
94 28
19 79
77 66
67 38
53 38
75 49
