100 100
6 76
24 23
10 88
15 42
70 50
43 7
75 93
63 69
51 25
69 52
87 7
85 23
94 92
29 48
89 98
58 46
34 53
38 76
88 56
75 6
98 86
22 91
22 79
73 42
90 51
97 65
12 38
60 2
80 15
6 86
53 22
1 30
88 54
92 43
93 10
19 45
36 86
62 85
52 55
12 38
47 34
8 90
13 86
17 92
72 68
1 6
60 100
96 33
69 74
47 27
81 79
50 57
89 52
61 46
29 70
62 49
75 95
90 74
46 100
58 95
88 45
19 93
29 37
92 29
73 4
17 56
15 73
36 28
94 19
26 22
20 89
90 23
78 96
52 15
18 24
63 78
69 34
59 45
51 24
9 31
50 94
16 4
40 52
69 81
25 55
67 40
44 61
69 69
76 23
55 23
72 41
44 20
11 34
50 36
86 93
13 93
84 80
54 82
93 16
11 59
