100 100
41 50
4 72
93 55
91 74
8 4
76 47
77 86
52 99
5 21
78 76
43 1
50 59
23 81
86 29
52 17
60 11
98 4
36 88
26 48
69 88
99 35
62 53
21 7
29 87
8 73
94 46
28 22
47 80
83 26
84 19
27 49
72 52
4 76
26 15
99 42
21 70
90 77
96 90
8 27
3 8
83 30
25 66
14 9
97 64
49 96
78 79
29 46
95 74
38 82
59 19
18 70
82 96
4 49
39 88
86 14
19 3
78 56
39 28
87 73
61 8
56 47
41 38
6 26
99 77
23 90
69 94
37 24
88 30
32 4
67 34
54 97
87 28
62 93
71 31
82 79
38 82
75 61
53 99
98 100
98 73
49 27
56 53
36 44
15 92
88 36
37 28
39 57
21 8
36 70
61 41
2 71
94 8
53 20
41 77
84 16
20 28
10 96
36 26
33 46
83 68
