100 100
54 87
24 92
66 2
39 53
40 7
33 80
45 89
77 61
12 74
40 39
96 62
65 65
92 6
71 45
40 78
46 79
87 4
95 14
16 86
47 38
89 1
96 38
43 93
64 19
65 42
9 24
17 91
32 59
60 72
17 23
22 24
59 80
25 4
10 37
34 62
11 83
35 62
41 60
25 41
73 42
29 69
99 52
33 96
17 34
97 38
79 93
68 92
58 20
43 84
43 31
97 72
41 89
45 87
92 16
13 87
61 17
47 33
42 90
67 55
78 67
85 27
61 23
76 59
31 1
60 56
40 40
13 6
63 49
82 11
46 75
50 21
97 46
61 55
24 49
69 20
88 50
23 57
43 74
50 44
98 53
47 73
89 71
94 85
45 90
24 52
53 76
88 11
91 72
85 83
46 48
69 81
99 40
60 57
15 60
46 60
59 25
54 94
87 49
61 97
53 57
