100 100
78 88
32 19
68 86
56 64
40 60
76 41
90 25
56 51
53 80
27 45
60 59
54 43
32 90
52 12
97 85
92 13
74 5
24 68
9 84
72 11
9 49
16 47
32 33
80 72
30 40
55 11
14 18
86 89
61 32
54 5
67 93
25 84
32 14
12 8
97 18
95 13
9 81
59 7
43 30
90 36
45 93
67 18
33 34
31 81
71 93
4 39
66 48
50 25
94 56
11 5
20 37
9 4
45 25
26 25
10 62
7 53
29 97
70 96
11 88
75 67
3 26
21 20
89 91
67 96
89 93
31 42
17 15
11 98
74 23
36 76
20 33
62 26
15 37
74 29
71 76
13 71
56 92
76 89
29 98
89 59
83 15
64 45
82 54
28 66
80 61
97 87
6 97
15 97
54 62
20 62
68 41
5 23
79 61
33 99
98 18
10 24
59 41
91 2
66 84
63 85
