100 100
49 25
82 100
74 52
86 7
37 71
53 96
12 2
89 80
40 82
2 45
27 26
23 97
83 41
27 83
4 86
41 73
64 34
81 83
39 87
96 41
53 65
68 78
10 66
86 55
83 60
13 34
35 10
19 24
3 34
84 63
48 48
25 37
45 72
16 75
36 26
59 72
34 68
19 85
20 68
97 39
13 32
15 72
77 26
83 28
94 74
8 81
38 78
95 87
17 83
20 75
42 46
47 11
20 4
64 74
34 1
84 66
27 34
79 76
66 49
8 15
18 18
72 92
98 48
23 89
35 94
18 46
41 26
2 86
52 10
20 17
35 60
90 14
69 65
50 5
81 39
98 36
17 75
57 11
22 38
79 24
62 4
43 69
58 66
57 33
20 9
50 14
30 89
8 50
63 93
20 68
26 16
68 71
94 40
75 99
44 90
69 48
58 40
61 37
19 90
26 99
