241 135 138 240
112 162 0
38 177 1
154 102 0
131 186 0
109 123 1
128 84 0
137 238 0
121 188 0
86 235 1
79 34 0
57 160 0
118 218 0
127 54 0
164 72 1
108 40 1
155 43 0
30 199 0
64 153 0
132 20 0
110 3 1
161 230 0
1 39 0
14 0 0
45 208 0
234 111 0
208 116 0
153 148 0
225 119 0
149 122 0
139 81 1
227 25 1
163 217 1
98 2 1
100 94 1
111 156 1
12 37 0
114 125 0
221 207 0
26 179 0
229 71 0
135 117 1
144 170 0
19 190 0
51 82 1
104 95 0
74 140 0
213 145 0
66 175 0
31 86 0
183 80 1
190 228 1
75 166 1
126 184 0
224 88 0
71 169 1
217 150 0
130 10 0
167 75 0
119 24 1
215 52 1
6 16 1
18 233 0
54 165 1
178 200 0
88 110 0
231 97 1
2 58 0
89 136 0
68 209 0
90 229 0
69 224 1
87 206 0
218 138 0
166 12 0
96 83 0
150 5 0
99 35 0
125 92 0
203 47 1
7 167 0
133 100 0
81 55 0
80 31 0
193 146 0
62 152 0
61 85 0
34 66 1
230 205 1
223 69 0
141 203 0
129 57 0
102 202 1
170 194 1
116 137 1
20 157 1
148 91 1
186 42 0
147 237 0
212 187 1
222 159 1
55 51 0
9 64 1
63 239 0
25 154 0
11 67 1
181 182 0
43 38 0
158 46 0
3 234 0
105 193 1
146 191 0
101 44 0
184 204 0
8 149 1
113 176 0
210 78 0
196 26 1
140 143 0
122 120 0
21 178 1
41 180 1
197 59 1
169 49 0
32 215 0
53 104 0
151 139 0
194 127 0
176 70 0
192 21 0
239 11 0
205 144 0
235 133 0
40 60 0
5 90 1
214 28 1
156 27 0
216 134 0
220 198 0
189 181 0
27 212 0
91 220 0
171 14 0
195 79 0
44 173 0
46 227 0
67 161 0
206 41 0
115 236 1
152 76 0
65 172 0
35 222 0
93 115 0
177 89 0
48 121 1
168 107 1
56 163 0
58 36 0
202 112 0
76 106 1
0 211 1
52 240 0
42 99 1
236 130 0
145 73 0
4 101 1
24 93 0
134 61 1
15 225 0
173 195 1
162 213 1
10 7 1
16 96 0
200 98 0
17 32 0
174 87 1
179 164 0
94 19 0
136 53 1
59 232 0
83 171 1
28 128 0
72 216 0
143 129 1
73 113 1
237 124 1
13 18 0
60 226 0
50 6 0
185 48 0
33 183 0
219 231 0
238 8 0
240 109 0
233 142 1
165 141 0
187 147 0
22 196 0
39 155 1
172 174 0
228 151 0
120 17 1
175 197 0
207 114 1
191 131 1
78 23 1
232 168 0
95 63 1
123 192 0
47 103 0
85 105 0
226 68 1
97 210 0
117 185 0
29 214 0
77 30 0
199 118 1
70 15 1
36 126 1
182 45 1
209 4 0
211 219 0
106 22 0
188 201 0
198 62 1
142 1 0
37 65 1
23 56 0
124 29 0
159 132 0
157 223 0
49 108 0
84 74 1
204 158 1
160 189 1
103 9 0
107 221 0
180 33 0
92 77 1
82 50 0
201 13 1
