242 40 192 360
66 186 0
40 217 1
40 97 1
189 148 0
198 41 0
220 192 1
57 192 0
43 63 1
119 192 1
40 239 1
216 192 0
162 19 1
3 47 1
40 173 0
78 192 0
40 95 1
128 77 0
40 214 0
40 82 1
40 66 1
188 192 1
176 192 0
40 221 0
40 202 1
86 192 1
40 127 1
171 9 1
61 70 1
19 192 0
40 76 1
40 83 0
181 195 0
16 192 1
39 201 1
185 192 1
40 21 1
40 178 0
194 111 1
160 57 1
166 215 1
209 50 1
34 241 0
40 174 1
89 60 0
182 126 1
40 200 0
208 184 1
40 25 0
22 192 1
42 54 1
201 192 1
51 96 0
27 192 0
183 92 0
237 192 1
143 144 0
40 196 1
36 192 1
132 11 1
170 192 0
130 192 0
221 91 1
87 192 0
40 168 1
40 5 1
238 218 1
96 192 1
172 185 1
190 49 0
164 62 1
14 0 1
127 130 1
52 27 1
40 124 0
5 13 1
40 181 0
35 192 1
40 52 1
219 192 1
40 108 1
40 58 0
240 192 0
72 32 1
225 192 0
2 151 1
229 7 0
40 208 0
40 238 0
40 103 1
40 132 0
118 192 1
40 234 0
31 227 1
92 192 0
40 136 1
40 162 0
135 192 1
107 192 1
126 192 0
40 129 1
40 46 0
155 131 0
154 192 1
180 192 0
178 142 1
40 51 0
40 1 1
206 192 1
113 222 1
65 192 1
54 192 0
40 203 0
139 85 1
202 87 1
203 35 1
40 150 0
111 192 1
207 24 0
184 192 1
40 89 0
40 115 1
40 100 1
40 39 1
200 15 0
9 192 1
152 177 1
40 81 1
105 192 1
80 233 0
121 220 1
40 207 1
140 192 1
33 78 1
40 102 0
40 43 1
40 99 1
40 74 0
40 194 1
98 192 1
84 125 1
40 193 0
222 192 1
136 116 0
168 37 1
73 192 1
233 192 1
175 141 1
40 61 1
199 12 1
40 88 0
40 182 1
103 179 1
40 4 1
112 192 1
117 114 0
40 147 1
81 65 1
49 192 1
0 192 0
93 192 0
38 86 0
40 189 1
56 225 1
90 192 1
45 94 1
173 135 0
234 149 1
40 160 1
97 26 1
83 67 0
76 205 0
149 192 1
40 121 1
40 190 0
151 192 1
40 133 0
156 192 1
40 134 1
24 192 1
40 167 0
40 23 1
214 231 0
115 154 1
231 192 0
145 170 1
211 216 1
40 45 0
40 3 1
40 198 1
40 197 1
79 192 0
12 192 1
114 192 1
106 232 1
102 188 0
191 192 0
40 53 1
40 187 0
217 122 1
40 117 0
108 212 1
146 192 0
70 192 0
50 192 1
40 48 1
163 157 1
20 219 1
40 171 0
40 55 1
4 235 1
40 20 0
48 28 0
110 192 0
25 110 1
77 192 0
40 211 0
91 192 1
95 90 0
37 192 1
150 105 0
46 138 1
13 192 1
40 155 0
40 128 0
8 192 1
187 118 0
223 192 0
74 240 1
144 192 1
157 192 1
69 192 1
116 192 1
40 172 0
205 192 1
55 169 1
134 22 0
141 192 0
195 192 1
101 98 0
100 223 1
40 2 1
99 120 1
158 192 1
82 140 1
40 164 1
40 166 0
62 192 0
68 192 1
40 44 0
137 30 1
167 75 1
239 68 1
40 17 1
29 158 0
40 139 1
120 192 1
210 192 0
40 84 0
32 192 1
21 161 0
165 237 1
88 226 1
123 192 1
174 10 1
40 159 0
40 6 0
228 230 0
212 192 0
40 80 0
40 152 0
215 192 1
40 38 0
40 145 1
40 14 0
109 191 1
40 56 0
40 175 1
40 228 0
186 192 1
7 192 1
64 123 1
40 224 1
40 42 1
40 106 1
40 59 0
122 192 1
131 192 0
11 192 1
227 192 1
40 29 1
53 69 0
148 192 1
6 104 1
40 229 1
94 192 1
58 146 1
197 18 1
40 163 1
159 79 0
40 31 1
241 192 0
60 192 0
230 192 0
40 34 0
67 192 1
10 192 1
204 16 0
40 143 1
177 192 1
179 192 0
44 206 1
85 192 1
18 192 1
226 192 1
1 36 1
63 192 0
40 204 0
169 192 1
196 210 1
125 192 1
40 109 0
71 192 0
59 93 0
104 192 1
224 236 1
40 113 0
41 192 1
40 165 0
138 192 0
40 209 0
40 101 1
235 192 0
161 192 1
193 180 0
30 192 0
142 192 1
147 8 0
133 112 1
40 199 0
26 192 1
40 183 0
75 192 1
40 72 0
40 137 0
40 153 0
40 33 0
124 71 1
17 156 1
28 192 1
153 176 0
129 119 0
236 192 0
218 192 1
47 192 0
40 213 0
232 192 0
213 73 1
23 107 1
15 192 1
40 64 1
