241 41 194 240
227 97 1
193 225 0
124 9 0
217 18 0
117 120 0
96 148 1
180 17 0
1 76 0
112 105 1
143 57 0
173 232 1
97 69 0
49 231 0
155 135 0
183 226 1
34 229 0
192 167 0
94 10 0
102 19 1
15 119 1
209 180 1
14 74 0
84 28 0
7 145 0
5 153 0
22 144 0
86 38 0
64 45 1
74 200 0
116 157 1
54 122 1
174 214 0
172 228 0
88 126 1
62 106 0
46 13 1
141 208 1
187 140 1
52 166 1
82 184 1
55 127 1
4 96 0
233 132 0
222 137 0
196 170 0
216 129 1
81 198 0
201 150 1
36 7 1
186 70 0
9 199 1
191 101 0
208 40 0
206 81 1
68 93 0
147 64 0
161 113 0
221 219 0
33 54 0
224 215 0
110 8 0
70 240 0
11 15 0
234 31 1
16 3 0
140 230 0
197 164 0
190 110 1
90 149 1
78 102 0
30 29 0
8 89 0
25 165 0
152 174 1
171 158 0
13 223 0
202 210 0
231 233 1
228 92 0
238 60 0
204 222 1
53 114 0
135 112 0
10 207 1
44 62 0
67 99 0
75 34 1
232 188 0
42 49 0
229 108 0
153 123 1
29 171 1
43 190 0
188 90 0
50 83 0
185 47 0
236 211 0
51 224 0
189 194 0
101 20 1
164 213 1
71 238 1
72 196 0
136 109 1
6 186 1
195 95 0
3 2 0
184 118 0
120 67 1
60 209 0
59 115 1
223 87 0
85 104 0
77 37 1
154 197 0
177 212 0
2 50 1
104 201 0
83 46 0
19 121 0
65 16 1
12 155 1
131 234 0
170 42 1
118 178 0
179 4 0
128 0 0
207 205 0
165 134 0
139 181 0
61 216 0
125 146 0
144 195 1
237 30 0
18 65 0
63 56 1
159 139 0
114 227 0
0 63 0
150 1 0
129 142 0
108 25 1
24 6 0
138 179 1
45 94 0
115 33 0
105 131 0
100 187 0
142 183 0
48 125 1
38 53 1
133 143 0
213 189 0
226 185 0
58 156 1
178 85 1
151 72 1
111 61 0
127 84 0
39 236 0
157 192 0
126 175 0
92 217 1
200 161 1
106 35 1
220 103 0
119 21 0
87 26 1
17 138 0
169 79 0
148 202 0
199 100 0
37 117 0
80 152 0
218 75 0
40 55 0
181 172 1
240 221 1
212 107 0
76 154 1
162 5 0
205 206 0
137 77 0
149 191 0
210 91 1
32 22 0
35 68 0
95 141 0
27 32 1
166 86 0
109 169 0
113 82 0
89 162 1
66 173 0
134 168 1
99 98 0
132 182 0
23 48 0
91 11 0
167 44 1
163 176 0
57 111 1
20 203 0
219 12 0
211 235 1
235 78 0
31 66 0
123 193 0
182 14 1
21 116 0
26 80 0
239 220 1
121 204 0
93 130 1
122 23 0
198 73 0
47 163 1
175 58 0
158 36 0
130 218 0
103 151 0
146 239 0
69 27 0
41 128 1
225 39 1
145 88 1
79 177 1
98 159 1
107 51 1
160 43 0
203 136 0
56 24 0
168 147 0
156 124 0
28 133 1
215 160 1
214 71 0
176 59 0
73 237 1
230 52 0
