242 181 153 360
11 153 1
42 153 1
81 45 1
197 174 1
181 17 0
64 20 0
181 1 0
108 153 1
181 81 1
107 153 1
69 158 1
181 194 1
181 31 0
181 231 1
36 153 1
181 75 0
182 153 1
21 86 1
228 153 1
181 69 1
181 221 0
204 125 1
181 241 0
181 132 1
221 140 1
10 153 1
58 127 1
167 66 1
97 47 1
31 73 1
63 216 0
28 153 1
106 94 1
181 175 1
134 153 0
70 88 1
116 153 1
216 153 1
146 72 0
135 176 1
165 51 1
160 153 1
162 36 1
26 153 1
181 46 0
181 87 0
181 19 0
180 37 1
234 153 1
54 222 0
72 153 0
232 234 1
84 153 1
181 150 0
75 171 0
181 24 0
181 44 0
181 126 1
181 135 1
124 153 1
181 185 1
9 153 1
125 153 0
181 15 1
205 107 1
22 228 1
191 153 1
4 153 0
132 34 0
155 157 0
20 153 0
181 29 0
219 153 1
201 62 0
136 10 0
181 99 0
100 153 1
140 153 1
13 189 0
96 153 0
213 153 1
181 133 1
168 186 0
73 153 0
29 160 0
44 110 0
147 153 0
177 151 0
181 159 0
222 153 1
154 153 0
225 3 0
105 23 0
71 11 0
166 215 1
181 95 0
94 153 1
181 170 1
231 80 1
120 98 0
82 153 0
181 92 0
181 142 0
181 70 0
139 152 1
8 76 1
24 187 1
130 93 1
181 109 1
181 178 1
181 38 0
1 207 0
181 225 0
181 155 0
229 217 1
181 139 0
181 120 1
34 153 1
236 153 0
181 21 1
117 122 0
12 235 0
143 116 0
181 22 1
181 212 1
184 153 1
131 153 0
175 184 1
181 146 0
189 153 1
239 153 1
148 153 1
192 82 1
215 153 1
190 153 1
181 196 1
181 101 1
181 177 0
181 205 0
208 153 1
62 153 1
181 114 0
46 236 1
195 119 0
37 153 0
207 153 1
30 153 1
149 134 0
194 102 1
181 63 0
161 153 0
181 64 0
172 153 1
174 153 0
92 48 1
93 153 1
181 59 0
181 78 0
98 153 1
181 6 1
109 156 1
65 208 1
196 209 1
200 124 1
15 111 0
164 191 0
226 153 0
181 104 0
181 230 0
51 153 0
110 153 1
181 71 0
181 179 0
202 7 0
61 153 0
181 195 0
181 162 1
212 240 0
137 153 1
185 238 0
183 153 0
233 153 1
68 153 1
211 61 0
181 49 1
187 153 1
35 153 1
38 154 1
240 153 1
181 229 1
123 153 1
86 153 0
41 239 1
127 153 1
141 188 1
181 106 0
115 153 1
145 153 1
217 153 1
156 153 1
181 202 0
203 153 0
181 168 0
95 161 0
188 153 0
181 16 0
3 153 1
99 183 0
150 148 0
220 153 0
223 153 1
181 192 1
0 153 1
114 224 0
181 53 0
181 83 1
181 211 0
181 165 0
118 206 1
238 153 1
181 136 0
181 144 1
181 13 1
74 153 0
181 55 0
173 26 1
66 153 0
181 57 1
181 105 1
181 167 1
5 153 1
133 42 1
50 153 1
227 96 1
103 32 0
102 153 0
181 8 0
181 33 0
129 153 0
88 153 0
60 153 1
152 153 0
181 118 1
80 153 0
16 30 0
158 153 1
170 50 0
128 153 0
181 97 0
181 41 0
40 0 0
83 5 1
181 193 0
181 232 0
181 204 0
157 153 0
27 14 0
33 35 0
101 226 1
23 153 1
32 153 1
181 200 0
176 153 1
90 153 0
181 163 0
163 108 0
181 130 0
179 4 0
181 65 1
49 213 1
218 123 0
113 85 0
181 199 1
14 153 0
48 153 1
144 28 0
199 172 1
237 223 0
79 68 0
210 84 1
181 173 1
181 138 0
112 153 0
181 103 0
209 153 1
181 180 0
181 218 1
181 52 0
181 149 0
19 203 1
2 9 1
76 153 1
181 227 1
193 169 1
121 153 1
87 145 1
181 40 1
171 153 1
181 164 1
181 237 0
119 153 0
181 89 1
55 219 0
67 100 1
181 12 1
181 67 0
53 220 1
181 56 0
151 153 0
91 147 1
178 112 1
25 153 1
85 153 1
181 201 1
6 77 1
52 18 1
39 153 1
142 25 1
18 153 0
181 91 0
111 153 1
235 153 0
169 153 1
181 214 1
56 131 0
47 153 0
7 153 0
186 153 1
230 115 0
181 79 1
181 210 0
104 60 0
181 54 0
181 117 0
198 90 0
17 128 0
181 113 0
181 197 1
126 121 1
45 153 0
57 74 1
122 153 0
78 39 0
181 166 1
181 2 0
214 190 1
206 153 0
181 27 0
181 198 0
159 137 1
181 143 0
77 153 0
138 233 0
224 153 1
43 153 1
241 182 0
89 129 1
181 141 0
59 43 1
181 58 0
