482 23 201 962
142 264 1
419 413 0
270 345 0
78 135 1
228 471 0
3 442 1
469 123 1
199 406 1
347 158 0
168 203 0
430 94 0
155 156 0
474 1 0
279 337 0
446 292 1
232 383 1
83 269 1
308 346 0
187 327 0
44 257 1
258 128 0
137 211 1
471 195 1
52 458 0
305 241 1
56 303 1
255 289 0
310 382 1
237 277 0
327 39 0
135 390 1
441 67 0
468 283 1
470 215 0
134 447 0
222 131 0
225 435 0
84 92 0
271 188 1
86 355 0
285 152 0
129 419 0
367 349 0
188 247 0
109 196 0
293 379 1
306 336 1
475 105 0
411 255 1
40 160 1
186 288 0
244 480 1
76 147 1
231 224 0
333 202 1
220 454 0
98 198 0
30 43 0
282 457 0
478 97 0
79 219 0
6 69 1
251 270 1
385 216 0
239 151 0
226 320 0
60 44 1
433 434 1
452 40 1
190 332 0
94 150 1
183 148 1
302 386 0
250 62 1
368 82 1
194 114 1
428 112 0
443 98 1
388 206 1
41 317 0
315 169 1
125 104 1
150 417 0
279 337 1
351 134 1
218 122 1
332 46 0
24 318 0
467 66 1
413 200 0
158 300 1
366 124 0
167 143 0
85 110 1
164 424 0
322 367 1
428 112 1
175 31 0
238 351 0
138 109 1
387 359 0
53 239 0
436 393 1
88 278 0
373 421 0
128 76 1
66 465 1
14 199 1
247 260 0
141 294 1
221 331 0
205 381 0
254 352 0
137 211 0
273 302 0
41 317 1
48 30 0
271 188 0
357 323 0
16 394 1
230 285 0
382 157 0
65 403 0
423 119 0
448 445 0
156 297 1
241 83 1
10 325 1
259 154 1
13 5 0
121 328 0
71 273 1
208 335 0
195 380 1
358 80 1
26 95 1
301 189 0
250 62 0
432 38 1
184 142 1
171 437 0
429 14 0
447 136 1
383 252 0
377 207 0
130 456 0
106 161 1
383 252 1
39 356 0
465 469 1
146 208 1
430 94 1
408 75 0
29 280 1
126 51 0
162 191 1
172 126 1
318 146 0
37 100 0
196 284 0
134 447 1
116 78 1
371 385 1
182 296 0
462 481 1
223 210 0
1 17 1
351 134 0
84 92 1
64 407 1
287 353 1
382 157 1
215 448 0
242 306 0
269 475 0
80 412 0
14 199 0
173 473 1
196 284 1
236 338 1
31 172 0
34 52 0
45 263 1
400 197 1
247 260 1
211 6 0
311 9 0
143 231 1
69 77 0
449 321 0
349 365 1
238 351 1
276 400 1
61 53 0
345 254 0
358 80 0
439 60 1
326 235 0
476 388 1
251 270 0
313 90 0
267 441 0
3 442 0
327 39 1
79 219 1
245 343 0
352 121 1
147 204 1
88 278 1
108 240 1
376 368 1
300 50 1
340 41 1
4 389 1
359 420 1
473 369 1
206 55 0
37 100 1
81 140 1
342 226 1
252 106 0
342 226 0
25 63 0
215 448 1
15 372 0
348 125 1
283 404 1
462 481 0
155 156 1
319 329 1
390 193 0
192 401 0
167 143 1
240 28 1
392 79 1
136 15 1
140 251 0
394 91 1
424 462 1
217 74 0
405 58 1
282 457 1
480 444 1
277 287 1
6 69 0
448 445 1
158 300 0
397 436 1
452 40 0
277 287 0
360 301 0
427 187 0
186 288 1
44 257 0
360 301 1
25 63 1
95 167 0
63 467 1
80 412 1
417 310 0
413 200 1
246 42 0
207 342 1
403 179 0
328 33 0
472 478 0
49 378 1
27 366 0
90 450 0
432 38 0
425 26 0
240 28 0
5 357 1
50 171 1
233 377 1
404 205 0
262 274 0
433 434 0
399 24 1
99 426 0
194 114 0
15 372 1
67 265 1
139 81 0
176 324 1
4 389 0
172 126 0
331 102 0
161 363 0
274 230 1
369 218 1
21 425 1
354 0 0
281 299 0
310 382 0
309 261 1
65 403 1
317 111 0
110 236 0
143 231 0
353 309 1
339 286 0
387 359 1
43 440 1
255 289 1
189 73 1
463 410 0
161 363 1
435 48 1
390 193 1
384 96 0
418 408 1
17 279 1
330 176 1
449 321 1
477 427 1
356 415 0
12 314 1
370 293 0
481 8 1
175 31 1
423 119 1
130 456 1
412 181 1
437 194 0
234 32 1
280 25 1
207 342 0
157 222 0
124 85 1
393 438 0
72 322 1
248 68 0
278 238 0
456 387 0
397 436 0
193 249 0
298 186 1
32 54 1
313 90 1
375 49 0
12 314 0
320 3 1
326 235 1
350 291 0
466 472 1
381 7 0
266 350 1
122 371 0
189 73 0
292 374 1
180 101 0
475 105 1
416 326 1
320 3 0
131 2 1
220 454 1
36 461 1
50 171 0
352 121 0
409 34 0
324 192 1
307 373 0
148 20 0
1 17 0
212 449 0
120 463 1
393 438 1
362 59 0
73 432 1
429 14 1
337 221 1
415 4 1
115 232 1
363 168 0
283 404 0
407 399 0
114 244 1
23 11 1
411 255 0
460 370 0
193 249 1
317 111 1
468 283 0
243 375 1
30 43 1
458 250 0
179 70 0
257 474 0
278 238 1
343 476 1
156 297 0
404 205 1
219 477 1
244 480 0
66 465 0
265 451 1
35 305 1
334 35 0
455 464 0
38 163 0
2 460 1
104 173 0
286 433 1
422 12 0
82 334 1
378 466 0
20 170 1
243 375 0
128 76 0
273 302 1
138 109 0
177 409 0
169 439 0
307 373 1
315 169 0
198 376 1
123 431 0
304 298 0
103 402 0
112 71 1
235 453 0
176 324 0
374 354 1
374 354 0
140 251 1
302 386 1
216 398 0
296 237 0
11 209 0
0 23 1
464 313 0
385 216 1
166 16 0
58 149 1
451 479 1
213 129 0
303 392 1
121 328 1
361 37 0
7 384 0
107 455 0
301 189 1
446 292 0
227 22 1
108 240 0
233 377 0
298 186 0
372 266 1
249 443 0
264 422 1
111 164 0
160 19 1
181 330 0
99 426 1
149 108 0
294 416 1
174 259 0
322 367 0
117 185 1
151 159 0
69 77 1
35 305 0
76 147 0
356 415 1
461 319 1
70 242 1
410 177 1
248 68 1
125 104 0
103 402 1
133 174 0
402 223 1
126 51 1
203 87 1
141 294 0
195 380 0
68 391 0
110 236 1
235 453 1
11 209 1
165 141 1
171 437 1
234 32 0
304 298 1
260 86 1
295 268 0
185 18 0
77 10 0
425 26 1
297 190 0
216 398 1
421 395 0
185 18 1
164 424 1
221 331 1
147 204 0
178 21 1
263 290 1
329 182 1
284 411 0
325 347 1
407 399 1
77 10 1
457 362 0
474 1 1
316 340 1
18 316 1
91 308 0
337 221 0
106 161 0
23 153 0
447 136 0
211 6 1
332 46 1
45 263 0
55 276 1
153 201 1
420 307 0
54 88 1
198 376 0
150 417 1
416 326 0
262 274 1
272 118 1
294 416 0
42 144 1
375 49 1
438 468 1
159 217 1
401 36 0
162 191 0
479 45 0
288 358 1
230 285 1
168 203 1
177 409 1
333 202 0
386 214 0
192 401 1
409 34 1
329 182 0
424 462 0
51 360 1
289 57 1
381 7 1
481 8 0
292 374 0
290 93 0
204 130 0
214 65 1
265 451 0
115 232 0
365 227 1
119 166 1
406 132 1
160 19 0
182 296 1
336 103 1
341 304 0
473 369 0
132 139 1
183 148 0
163 315 0
350 291 1
377 207 1
460 370 1
438 468 0
26 95 0
466 472 0
89 267 0
426 234 0
179 70 1
57 27 1
206 55 1
131 2 0
214 65 0
73 432 0
340 41 0
275 344 0
323 229 0
92 459 0
24 318 1
391 246 1
209 312 1
268 117 1
353 309 0
396 428 0
324 192 0
120 463 0
450 405 0
371 385 0
414 138 1
109 196 1
306 336 0
348 125 0
394 91 0
344 13 1
210 243 1
401 36 1
286 433 0
321 418 1
81 140 0
202 212 1
258 128 1
338 162 0
386 214 1
389 262 0
64 407 0
105 175 1
296 237 1
228 471 1
173 473 0
314 364 1
232 383 0
420 307 1
391 246 0
29 280 0
27 366 1
461 319 0
117 185 0
442 64 1
114 244 0
330 176 0
180 101 1
267 441 1
13 5 1
75 116 0
72 322 0
379 272 0
5 357 0
223 210 1
17 279 0
38 163 1
62 245 1
241 83 0
355 423 1
369 218 0
59 281 0
48 30 1
328 33 1
284 411 1
354 0 1
59 281 1
20 170 0
465 469 0
152 341 0
316 340 0
204 130 1
272 118 0
36 461 0
191 133 0
343 476 0
266 350 0
100 183 1
92 459 1
242 306 1
49 378 0
116 78 0
389 262 1
299 397 0
335 29 1
453 228 1
476 388 0
454 225 0
422 12 1
426 234 1
170 233 1
87 155 0
101 452 0
95 167 1
61 53 1
312 256 0
451 479 0
68 391 1
365 227 0
256 99 0
101 452 1
285 152 1
336 103 0
280 25 0
119 166 0
145 295 1
118 275 1
46 429 1
281 299 1
254 352 1
421 395 1
154 178 0
187 327 1
263 290 0
464 313 1
60 44 0
205 381 1
93 430 1
57 27 0
210 243 0
142 264 0
34 52 1
47 165 1
78 135 0
53 239 1
295 268 1
470 215 1
200 89 0
33 446 0
226 320 1
321 418 0
145 295 0
346 339 1
274 230 0
442 64 0
456 387 1
443 98 0
113 333 1
288 358 0
338 162 1
28 220 0
357 323 1
107 455 1
8 311 1
405 58 0
252 106 1
440 120 0
395 56 1
127 258 0
132 139 0
403 179 1
191 133 1
62 245 0
256 99 1
133 174 1
388 206 0
472 478 1
188 247 1
362 59 1
2 460 0
319 329 0
18 316 0
439 60 0
264 422 0
85 110 0
364 396 1
363 168 1
222 131 1
31 172 1
435 48 0
349 365 0
308 346 1
97 470 0
325 347 0
118 275 0
89 267 1
70 242 0
259 154 0
253 184 0
463 410 1
139 81 1
197 61 0
209 312 0
431 348 1
159 217 0
239 151 1
269 475 1
261 248 0
417 310 1
100 183 0
257 474 1
249 443 1
219 477 0
144 84 1
152 341 1
311 9 1
178 21 0
229 414 0
402 223 0
9 213 1
169 439 1
170 233 0
39 356 1
33 446 1
105 175 0
237 277 1
434 127 1
157 222 1
23 11 0
406 132 0
418 408 0
414 138 0
217 74 1
197 61 1
231 224 1
218 122 0
165 141 0
379 272 1
52 458 1
112 71 0
166 16 1
408 75 1
471 195 0
96 253 1
87 155 1
42 144 0
444 282 1
344 13 0
455 464 1
93 430 0
398 47 1
213 129 1
400 197 0
202 212 0
341 304 1
384 96 1
314 364 0
339 286 1
415 4 0
359 420 0
51 360 0
22 115 1
199 406 0
436 393 0
245 343 1
184 142 0
467 66 0
261 248 1
469 123 0
75 116 1
7 384 1
331 102 1
368 82 0
334 35 1
380 145 0
136 15 0
200 89 1
82 334 0
253 184 1
335 29 0
453 228 0
300 50 0
102 180 0
372 266 0
373 421 1
398 47 0
28 220 1
361 37 1
275 344 1
224 72 0
96 253 0
122 371 1
410 177 0
305 241 0
458 250 1
74 113 1
16 394 0
478 97 1
367 349 1
479 45 1
345 254 1
318 146 1
293 379 0
58 149 0
90 450 1
55 276 0
444 282 0
0 23 0
86 355 1
459 107 1
71 273 0
74 113 0
22 115 0
412 181 0
174 259 1
229 414 1
480 444 0
450 405 1
40 160 0
287 353 0
347 158 1
376 368 0
97 470 1
98 198 1
225 435 1
392 79 0
111 164 1
19 137 1
127 258 1
102 180 1
144 84 0
303 392 0
19 137 0
270 345 1
364 396 0
190 332 1
208 335 1
355 423 0
224 72 1
21 425 0
9 213 0
123 431 1
146 208 0
291 271 1
276 400 0
10 325 0
246 42 1
366 124 1
32 54 0
227 22 0
56 303 0
399 24 0
395 56 0
91 308 1
445 361 0
431 348 0
135 390 0
124 85 0
445 361 1
396 428 1
370 293 1
434 127 0
54 88 0
67 265 0
309 261 0
8 311 0
323 229 1
299 397 1
203 87 0
346 339 0
459 107 0
427 187 1
104 173 1
83 269 0
47 165 0
154 178 1
437 194 1
477 427 0
454 225 1
181 330 1
268 117 0
63 467 0
43 440 0
419 413 1
129 419 1
94 150 0
441 67 1
440 120 1
151 159 1
46 429 0
212 449 1
236 338 0
163 315 1
149 108 1
260 86 0
457 362 1
378 466 1
148 20 1
297 190 1
289 57 0
312 256 1
380 145 1
291 271 0
290 93 1
113 333 0
