13 15
823979 857952 359709 342599 200576 760497 846344 251628 599886 176450 366712 506420 903799 153565 181874
102958 14547 702632 991296 596823 236614 310684 311222 302500 785594 215984 138736 240408 362558 697118
668376 763312 6983 765179 355140 996760 805953 579644 391577 60626 356368 339335 934466 931370 592755
49329 128543 828612 976410 418419 34186 126889 440651 700582 79311 106591 578742 824455 182574 860285
600355 939395 498029 495573 652341 93073 26378 447883 361211 207190 543982 401044 397305 663988 289761
565943 551553 501406 197354 84168 150553 549384 693665 191327 587955 449938 936631 721179 621704 780784
19358 174993 757345 853754 12296 179460 215424 857793 590717 860446 452111 50525 445370 758892 80761
626279 196902 89958 20709 671778 329567 718319 298517 498816 880359 403266 744906 367126 622280 9531
794461 696907 74699 226639 209679 851282 372303 274932 149176 242279 292779 374602 992936 193102 251134
830141 464617 753698 937426 242289 169582 610595 329914 49006 842943 716069 835522 653282 598106 161822
275490 296109 834969 780217 780778 445990 337745 628829 526796 310580 423550 824554 711308 531016 830406
580260 556674 735114 721521 964004 145219 332617 673918 67974 24471 305344 584279 426827 150717 239313
911814 664022 481191 67291 763875 236667 436846 931807 769728 576516 301655 874375 64480 934937 116743
