50 50
309096 135152 206491 757819 62158 377232 708513 904915 379630 678154 496862 177792 142980 656010 926958 571510 19381 596615 955258 931385 910823 70692 642886 676183 561912 14503 24300 672377 181210 248817 51950 897230 324324 532121 551358 928113 749900 424551 938026 612770 278426 667762 902113 799987 972537 416863 855920 423227 908698 463412
863085 852370 944239 798616 180392 472738 799428 234272 799591 268611 398187 842306 287275 523628 248297 224082 298296 986565 25270 876015 848281 262488 864815 491729 442439 191101 906109 12261 593164 372071 679405 699329 943051 237362 142257 822771 921239 490127 762535 597954 580905 806074 575190 423809 428794 294467 733224 914410 801617 850996
689646 609539 759797 602963 822342 30935 850309 688626 412182 125005 184338 557842 348528 319431 532390 401604 536282 905671 962562 675559 563180 242794 543489 579747 932146 127042 861469 786695 825842 368159 324259 306468 532270 205770 157693 664736 982469 250344 564710 213371 323185 472725 81541 448256 636409 738486 807942 372082 219270 98876
935799 797943 725586 634882 84564 769942 746241 996418 57458 98064 449250 792217 146825 124949 920003 840452 381285 911391 123804 673886 665380 835410 570752 60602 611256 327260 989565 121829 701840 931010 632747 637318 909182 804363 338996 577251 876699 994580 596938 804225 569433 603018 591792 281867 914906 157621 406611 305698 364481 926107
103356 50751 670320 437684 565506 687984 118055 443497 560576 52623 305469 881972 123358 212522 591021 961710 792445 659359 34467 209124 505543 371696 949674 618743 702953 833761 724677 899860 861573 660162 926944 133372 819822 713084 696597 977261 721391 208922 284085 318931 645006 15540 261706 38726 268943 124733 333758 283471 591559 647998
894385 454170 469284 893993 94952 481365 796300 425296 446786 28857 618435 8131 116042 55845 508905 125086 484418 844261 624517 46599 124341 717629 75355 196834 645446 436657 474157 813959 438810 741674 757393 319595 908127 950686 889940 769094 517185 532312 759449 660393 788514 413907 142681 907504 99583 606385 870665 123525 784490 818418
346552 461674 157716 774695 72038 100829 832407 266894 335605 269907 262188 763985 307296 233926 149033 42922 396983 430586 39887 514827 371058 481688 594226 99349 719143 906696 109321 915221 528902 349651 608666 123321 402633 74526 253832 785368 51404 482810 856215 33071 276518 820836 620902 515973 317807 949232 931883 488962 565265 684370
420381 880640 524864 449128 884089 760161 658942 710438 935255 192296 322562 372517 843858 78292 853817 141413 655658 154263 890780 98322 753774 430761 950963 801311 144 468513 69581 178746 45964 598940 27230 49261 397812 506796 160738 84970 131090 130215 525960 474482 470697 124754 929189 3706 729251 847930 54058 84527 677897 4787
150543 768874 398911 449551 917572 598865 61250 750366 774353 388625 101413 720909 479656 601507 666929 322637 402780 785190 276319 903187 882836 729219 808135 309586 320392 303469 696777 789314 541717 775963 581169 948690 753233 264049 324307 197782 82816 579564 950453 785895 383924 337284 488839 574372 84936 823205 277648 346942 404442 797296
982539 606119 56509 432198 385862 221441 549357 778259 74888 896851 575604 75589 121966 515792 619689 500024 31711 949943 413802 392485 908403 717957 981185 56141 452237 931458 766879 954626 960408 635226 400681 764549 626043 945646 423273 649555 685403 215576 370381 269683 155604 844793 815551 122826 278390 743853 762221 554487 290429 916721
420602 153091 680483 115933 253168 771766 775168 145768 901052 350451 877291 637188 467146 336586 526782 126871 713382 366342 979706 65982 190442 34853 124833 127399 647514 882333 651673 428601 334810 997972 924100 237704 908116 5525 227892 468925 546135 269439 580231 28865 899646 339902 298942 464323 486395 346459 916784 644898 835168 925773
632130 538652 852798 518143 355990 796761 653210 443596 43477 533927 140340 41591 585748 696751 497464 563793 239523 964112 2686 198109 741814 574429 190882 90792 707250 567686 821144 54065 146843 49027 718708 597364 446200 500010 752620 314357 566884 298287 724281 574430 708978 262218 94864 1180 21123 660001 416913 731870 944611 50248
280914 816764 412127 30063 92937 977473 823831 325812 194544 955998 631503 179599 679008 773987 566157 60497 784651 823300 339887 903829 320994 28376 785731 284863 148898 577841 320314 736558 62326 402704 726169 286332 355575 682208 160509 816757 82412 952694 64275 42796 277495 661799 32311 377497 798726 297829 428278 253312 622902 95755
505393 242484 375468 106016 398310 632908 165748 454903 657648 661814 827157 536125 35201 975427 901305 778236 226028 796012 957322 423360 918186 856523 482985 336610 179359 166308 830425 415255 262981 748311 832378 370865 888551 429036 339435 970188 938737 747864 256868 711275 19873 903441 701960 115664 105702 83633 757852 586227 383354 384612
394624 130208 754995 57061 467466 210241 231102 907138 118353 860581 647718 101060 312831 804931 919277 290064 876529 215107 22691 192680 74244 551223 422617 490035 143445 484277 970431 944220 977356 597136 921913 17056 402275 531377 555560 315205 839257 652638 572464 926084 39762 568749 610636 37044 574549 891597 605556 187702 699113 189393
621492 522861 559825 850532 115131 562414 713056 558975 277475 246918 953646 764889 238329 455654 165818 189891 69546 321183 573980 315762 951216 614363 465753 516909 785030 271035 346175 73464 370017 941056 49628 573008 869875 817756 651961 19094 273311 147576 985080 424360 407583 812361 133579 401198 542141 448266 789503 665046 898582 333509
637028 841868 352645 1092 741650 194915 114575 361616 14556 45091 249797 345277 326482 708097 49538 371988 448897 679888 681007 655309 224294 805069 392294 651685 810400 11763 174803 233707 431934 407710 5206 138002 313061 638196 112495 298737 686912 204710 609334 100856 396624 247414 959675 788295 354462 183734 248478 47052 329281 664376
899603 597463 333136 917120 132834 811291 499144 573898 41966 394800 336258 159513 147587 916956 742538 218065 768197 921201 114572 488640 652555 939149 343309 53568 318501 465198 799686 174574 196099 783062 529710 824298 425892 29873 568414 198171 419803 502751 394060 755552 659040 559098 254871 355965 740028 528469 165276 608375 148378 474584
370206 686652 358244 945203 675484 146111 538895 690279 229078 33417 774111 770656 679307 159878 338218 216941 527535 416678 253638 17883 408072 575741 310040 447248 768665 33460 639254 695923 371044 323515 200646 220587 390436 122415 479519 801190 951935 585664 880234 806733 314381 637671 703207 783058 791330 764434 930909 18875 904284 659965
965861 928976 294272 6385 819707 769019 806 740199 356475 607627 857185 405673 57665 512583 780968 918339 367751 333048 569374 70945 164916 194014 680696 989725 905514 168298 211806 85394 836989 501578 514113 701195 641108 74169 349436 15551 438921 466986 225036 951017 195235 426611 193269 31562 841503 704334 414147 739499 482479 75941
694469 890220 657908 872841 899555 571230 42841 1584 25210 1722 139168 269204 88976 245255 339934 827994 199582 552104 343382 807871 868516 486112 815045 210582 92782 185540 706268 31372 46063 666475 952108 374878 527920 64154 809575 207871 126527 951277 730688 897834 417156 217744 969117 19362 341690 553536 622404 157067 167550 971762
245584 821532 409192 433684 720788 742027 691842 899147 619021 965035 453173 697083 685396 520482 400552 180069 361788 208016 883349 148497 928057 984361 494137 473385 95024 820975 799828 947631 872468 960939 722622 404557 620062 587620 667699 76477 177914 768484 534946 557042 378972 539153 588459 377028 533710 419923 201450 417613 317318 924432
484596 247051 3027 533717 60287 70811 997428 614804 909144 691931 923109 198105 512166 563704 41925 869888 993787 322234 53412 152959 767748 769348 374957 149398 257119 59453 4069 302999 638123 265826 272504 446144 608876 766539 974122 756695 851175 217477 933337 436622 906523 755133 482279 297167 475314 495879 138669 598148 847292 138050
82562 434505 36877 310403 581195 325286 811790 293396 22975 963382 828692 431625 613209 993346 514559 285804 427452 255479 724633 685583 488629 863042 962476 950646 859615 353152 538673 772894 655270 697900 273624 488637 61476 298953 596771 623919 291328 974839 367296 841156 251011 35011 726119 439679 74053 608349 400041 820655 609644 636959
308612 287929 118729 180009 93152 955913 493934 608988 394062 624789 132561 767603 773794 278490 465407 459807 123553 394543 90741 601898 34936 824566 448234 803651 874464 423708 160932 944181 408528 455483 196544 786200 606072 670189 177570 773940 341888 710637 781508 722140 858288 514323 698885 103608 68975 797967 992856 449287 735938 685828
567166 996094 676292 500164 390337 53597 997168 609173 936811 650853 777365 728794 237708 300064 56903 919580 934839 245527 730289 693904 705130 316391 314946 652875 475037 572749 259584 173268 535441 819529 723165 144613 259562 895479 676585 163283 835605 449548 917375 987385 670805 859271 631885 272640 776675 580992 556874 489942 81498 746190
478843 580226 763946 318794 738254 957749 92481 832591 878906 320322 73565 253951 479968 771798 345281 121810 237541 681036 42643 953621 310282 681006 850539 262818 923799 205965 647009 90940 933618 943223 223586 37194 997060 774478 704082 581768 798919 950886 824849 399324 341242 902583 997856 88758 148569 759541 565513 688488 689808 154213
338884 777539 787519 500972 57787 296572 14109 781847 944143 265473 379645 7373 864314 771414 143146 325753 550044 290357 552033 98982 832723 63329 284592 792731 356389 744622 467714 894844 889013 381156 324893 208084 239891 369960 813558 194811 207393 914203 400553 788655 672982 588011 342386 450639 374422 497761 253212 720113 436904 654644
207002 95016 21702 152385 307870 538277 527687 568505 328728 29564 414110 310952 246631 412105 619422 938968 954165 886370 649480 462510 89590 205107 71304 324240 371273 272274 450836 888265 440006 52251 743261 387317 479504 581175 13738 142546 602642 331076 819514 585642 538611 116813 8995 940418 742188 328536 430292 9728 956867 206951
634929 153618 112906 609238 108936 416669 421840 709640 563592 687810 661184 76059 24991 466400 25480 813198 731770 116662 979411 980747 493434 661684 290158 313774 190291 82066 672597 689957 476008 517279 163461 617851 644145 634836 688455 841271 662705 39352 116872 561735 891052 886530 57110 634101 249774 683132 457155 766113 97622 570567
788415 391999 715165 574991 839118 650923 739908 369603 382821 205701 733187 934506 754553 424305 79110 156167 526034 420395 867187 312756 464564 329106 243393 614856 58181 965997 832402 475004 441094 181392 343199 66911 234971 45861 930703 499087 888374 767652 560171 701801 631346 497180 724757 935247 326123 980846 818704 835475 777385 215452
141216 678801 533730 670185 474380 261229 761695 395703 970869 543958 378282 55502 434949 236664 589342 984820 168236 395266 179167 214302 267239 159040 39316 662132 443933 92569 298128 588056 137319 521309 130828 869524 390192 436036 586034 674022 881427 312452 78238 897709 783243 759735 166242 69871 111617 628262 791138 801870 765834 815361
789336 820606 22798 892496 559181 967761 328986 112199 655131 580738 486750 753380 550434 478437 884162 934991 165252 449428 93926 416719 147613 42135 745320 848379 543182 462256 35277 904415 948249 133453 24922 614661 638605 630528 104039 485985 462896 172792 788781 101106 518966 107483 641363 320703 159715 23156 311681 933672 643569 530522
949867 169285 524293 818737 929052 365907 514170 839516 555642 886574 230304 156324 289535 74987 700890 903517 711916 290469 349636 978427 779104 371246 53428 101650 706553 917381 769856 56103 509460 613217 724906 598686 860738 120796 632408 839820 541770 457125 359347 431791 587659 947049 656673 588312 951353 937934 423642 682165 517684 231215
673051 108214 929764 278456 201000 943749 490479 396062 552475 141367 367789 753706 405274 20925 164705 508281 990260 422051 266176 899603 724167 288097 102385 248785 278983 692986 880517 848252 854220 426271 447719 587611 288050 516812 722487 596509 751610 315232 739073 119037 356915 548830 411746 570134 890168 704635 968071 208793 704379 47188
901121 932807 291664 913309 731146 332800 258184 788235 782228 707395 973295 213308 206625 245638 517112 227670 219576 926326 243416 743689 734346 907005 172065 702194 558188 708531 968983 768774 975019 415707 733096 701709 803162 372391 536763 846570 982967 553265 336131 758745 979125 437227 735288 5302 38609 922995 236137 299615 843367 640340
195627 339452 755961 85488 232715 880916 548514 902244 346468 531445 805638 537684 419658 595345 628906 509639 62607 681090 575299 860259 201707 72391 119445 653875 315834 482114 227154 866888 479817 422333 706456 862023 173350 223600 906093 128908 270440 676049 557223 788372 431208 313876 302224 820272 794871 758525 878131 296063 18924 25362
378017 430165 251470 800529 310968 751747 66281 941129 832956 524468 66553 640771 992713 980557 184473 147382 797571 402310 409015 699989 476242 384362 81136 560818 323871 190186 149273 18728 737684 313165 102429 905779 470697 643727 244840 142197 180736 897703 675224 763349 170158 685931 742886 708438 889073 200679 908579 803030 605300 500756
204368 50131 375042 724757 806081 777340 529334 822226 374841 855732 726168 27349 639245 110659 813186 911769 353806 952222 360558 435383 37058 945896 520853 600264 347472 569611 568112 627663 257885 325993 980966 686360 329051 26424 636531 158100 927344 782031 648180 928861 576224 635778 639411 829988 249367 975676 29441 848561 107175 773233
898298 199687 327576 200920 587876 563663 494586 470452 721403 387477 770222 488567 331015 922992 401256 602843 268731 804000 194303 776617 740217 272466 451516 724642 296703 362653 593148 110698 804654 292848 729347 871577 94938 241421 786592 120911 185875 480594 277150 199027 143654 282077 334037 84938 957927 8631 458354 152755 892234 670343
358056 731970 943207 900215 942551 979601 587832 627494 699826 568027 395664 676532 373619 777151 267428 462087 707590 910421 670661 897516 489305 954234 867620 479877 745433 7627 564756 305374 574968 928204 903444 930673 202086 590539 208855 601633 654733 120318 320889 382776 378074 952054 754636 241011 750028 827128 937317 658839 134417 184187
606840 9257 868500 343636 349813 741359 597235 515345 622962 567106 125576 793089 313591 861719 529968 785172 527087 588801 546403 478628 370859 323578 208583 970311 766039 601174 647714 213596 945156 479591 764996 331667 173731 138054 857124 10199 206972 679847 93 192246 103519 364821 191645 710263 763539 941084 610099 574357 138600 899218
387723 627230 628992 547641 618681 925932 96891 157054 851828 35106 990700 788281 562075 947976 809560 185236 383660 387942 3333 557437 635612 98602 71309 609604 613302 482523 214360 605085 577460 693863 235704 21321 489110 387285 252956 806375 538978 651527 160289 853134 954956 852116 98874 940294 571007 831233 593934 555579 163381 86485
588667 116081 641513 612866 642790 673266 185525 247516 813707 166755 292414 824783 651434 242659 199184 714924 717770 41023 142041 384451 692228 785313 563091 246354 511527 468036 444559 46312 868604 54303 18564 404507 487107 943832 828826 465153 806950 606636 498878 226552 437951 393996 156533 377997 36952 220727 672255 966656 167519 703981
163110 83489 441689 155525 396118 884076 504972 676673 174758 554998 596501 256732 718247 472113 836754 876235 731120 462125 609546 955511 924765 227315 410110 247895 385453 95025 27225 276448 405347 43686 567854 365273 302830 686938 474018 74017 782847 583239 633298 650015 531758 912551 959056 850615 837512 522105 380062 932888 985751 403279
200614 674257 245227 400490 893557 281186 238764 965298 894987 910322 44740 915142 159263 104183 212032 812108 587580 709279 50566 884573 897471 166566 709753 530678 691805 451092 136296 790155 5008 289148 547159 688647 245271 637074 427260 750287 461508 196879 706930 959828 192983 41226 962053 20202 711136 186045 558528 396214 343698 285637
309132 626566 340211 25724 679905 6906 658269 388323 957741 543894 337040 782996 232177 117893 197788 246911 41671 898880 342291 67040 155241 81293 884491 467865 99859 49132 76600 524184 675950 778687 209872 428496 129586 24350 566654 284143 750315 20369 162120 967778 146069 740895 881811 457067 97387 380828 938955 642042 826463 604745
840397 711726 424797 230514 462124 52891 586820 603227 548146 427023 294612 724884 316279 357240 617308 752496 690794 902244 833020 293990 497627 703170 983994 815576 218685 635821 148500 739324 276721 293 894751 534908 433314 738078 890518 389357 554924 129667 622369 233662 514027 130332 854411 891207 325555 425796 379697 531711 207702 300889
918023 123085 238379 22056 649655 94996 745036 37882 881766 400632 810111 440926 87207 791102 44139 739572 976192 620020 523722 631695 130910 359245 915442 614649 899751 231627 915856 510840 888384 719452 291535 328207 254354 970353 764299 944090 693093 343565 471320 423528 157422 82113 656436 24189 969045 689820 989971 155424 626551 380748
544789 444695 685558 563082 4503 207843 56505 845616 377205 747673 735976 404432 19321 136578 738162 627296 526929 231932 32251 936661 366930 277341 905162 267371 541774 348507 971524 296288 106093 290149 236381 657937 681769 481347 201404 768138 902983 472846 91004 767483 821114 113746 287334 505043 20520 469771 7839 442021 553001 514814
