97 32
945343 283801 850330 35055 908385 34153 260922 605733 598179 357728 120735 349121 320479 361119 644 516937 120248 408522 365965 334623 323806 942520 739128 877268 86258 534523 559823 865140 73597 464862 222493 250261
50856 505431 310136 546051 294327 692390 367126 564835 92448 549743 755188 774812 527638 848999 288282 878796 417723 239885 725627 257952 380998 509438 381364 75092 37329 862569 649920 708507 850327 677856 143721 678723
736719 133958 596845 901449 830762 188437 229046 150854 29274 108894 996233 520596 510266 506907 426467 778987 740429 50 402517 237418 922491 789014 652550 365711 971909 63517 763349 388566 334090 620636 395632 766810
459230 649018 923469 828976 729734 222866 971648 564834 75771 45504 817710 713696 278003 606291 966909 517563 704495 540435 616187 850034 86855 989783 766420 1337 936368 33300 602564 717219 861867 313961 860156 597429
413999 891588 596748 880326 534182 521855 102064 708920 736221 663916 608557 151215 221283 888647 391710 657391 640540 715087 877108 564693 25168 843250 652236 463221 826601 314135 356159 144856 128131 786642 999481 860516
558247 183469 19967 838293 986671 172698 32943 671089 660250 728872 15652 905972 18093 896320 157122 919394 696931 241697 892677 840431 613720 3639 523417 446360 739840 548052 404066 902956 579675 259897 311651 669771
470117 146548 808011 284025 411084 69490 911031 752176 682901 449752 736069 284920 60334 263830 658916 404440 265671 470931 947606 429330 167923 482318 70318 774802 35175 66299 310651 815604 34646 383722 229617 810161
414662 650244 564747 597091 548674 504467 16990 195460 990867 483452 50107 788985 45010 691345 545097 116606 427649 36746 869226 75686 558865 765443 703124 788390 566031 788068 768928 200012 325491 63173 943957 766089
248597 984349 320403 449376 249056 887767 892498 255794 589925 508272 185706 341282 673290 282004 272859 151875 360353 370444 701695 547881 206718 682965 612162 456453 136824 63639 644884 903598 501844 357056 197303 850522
545094 47992 663008 308052 917541 960753 903578 436740 733669 328522 860229 97462 879831 477928 304351 840664 457671 543600 993085 823146 666524 396790 511168 220512 835 932841 885689 964602 867476 490744 740590 993213
2033 222473 272056 162620 148351 231208 935297 411452 653447 467618 743020 576812 616027 41029 474890 324084 627276 470791 536094 514342 872367 438914 80993 263 942322 418759 639887 732224 159083 579916 255160 616519
926168 200909 541826 932220 534431 883416 187427 350605 833985 465676 625645 877249 576772 438471 492383 312637 714832 460279 92714 305539 460777 7461 40431 854811 830567 331696 253825 804150 17037 691462 926424 443563
285322 440526 79483 707851 479172 90933 599696 571352 789500 475995 46509 748820 314038 823298 75815 308004 505342 877185 734977 212515 500827 850570 344945 33702 59497 220414 704138 475340 286244 449592 74760 662736
525992 952683 361288 493703 539511 936345 476228 829533 253562 36727 18868 540541 133727 764130 242017 410957 274479 679963 705514 672271 110030 177707 519610 665855 279218 210620 23040 512967 135676 868355 405676 680291
366849 944861 864752 158650 90640 488193 300339 242187 988937 720984 261211 724519 976572 309269 258533 124013 880227 457215 65709 101389 246012 366664 304813 576582 600896 797932 431654 246732 755768 658841 783808 463943
69135 29587 522135 261428 228831 715441 479780 397118 717428 778251 835478 414617 520447 11445 810115 477408 361912 411445 779021 353885 13787 699541 297954 724546 716615 618349 860958 143881 173050 649032 680547 268666
375276 980083 712714 35350 440167 442710 70417 97638 708578 581933 739094 918714 756936 372807 513953 449307 338809 198191 988659 464976 255121 971465 959845 355361 397625 891293 536367 6766 330502 395957 124533 468815
900036 198589 472016 884218 137041 60719 84273 52414 748259 416221 230461 721632 289320 224876 212508 113326 460284 646951 244191 476536 471393 973607 916626 190106 716025 77126 855470 12899 907425 638354 820760 644882
355796 548644 919550 567989 175711 810716 172124 772582 751967 311301 454515 913039 18047 818491 3511 41694 516415 745646 232604 459852 926041 667409 867783 252194 568689 717398 185878 928751 435603 883007 112067 291841
900582 454467 907338 744769 949926 639815 815740 750598 578511 556661 799285 756676 298865 183041 666985 489883 184941 960839 906163 254734 293765 616654 884715 662623 535424 488687 79566 756889 225416 522744 730276 954591
840715 484939 813324 838508 232476 435316 617134 168240 979153 193625 730460 251609 589991 602995 698309 721756 899366 600159 538488 714321 227711 602622 681641 392744 371979 449349 632879 761985 858414 896963 111395 739300
412447 456602 890427 131005 742085 877259 426203 225746 721964 773770 461641 228279 536248 224904 784700 949973 441540 860011 158399 650817 633784 701899 67983 894901 798331 873449 761319 302627 373630 292105 840993 588475
252146 205344 456354 841351 153170 858589 592867 205120 135722 189055 888940 559869 867991 574097 229309 742250 573361 66949 186739 196133 719582 733118 525755 824043 677050 169889 574677 287552 655848 142225 129793 579790
630844 831433 290600 233082 412024 946280 246915 54581 912221 726513 233335 865303 800503 152286 717910 227808 127288 187185 515352 354038 108540 723642 312656 717462 612760 950736 340012 755176 475373 766480 107609 688333
932616 914091 749350 353154 125749 493556 917373 921927 804221 846972 909516 442218 38367 785700 163243 815246 727517 82368 285489 422751 20140 56480 709921 948311 294753 263056 354860 222052 245251 654680 698669 648418
692641 576217 276522 234736 386025 206336 854185 9265 768099 240187 437468 3572 599074 629599 329233 234152 253532 631566 245699 292759 875426 784159 160940 945433 41233 945728 453919 685918 668739 527763 709869 874180
15273 376178 806627 803796 806102 197020 814824 747097 798905 878610 11754 778121 474592 301183 482824 614258 151815 599677 553957 38868 414566 87958 62858 301237 378704 419434 979585 517848 374764 188823 890489 802296
163662 91471 629372 227866 792333 30598 13314 2809 872339 264289 257879 6526 253354 88134 384887 970680 819437 380092 207085 448917 508984 704303 990027 876103 630007 708010 466451 12777 942165 597024 590408 867199
288898 211871 340526 125167 684468 294643 933620 256246 597424 711268 527574 414557 780858 715985 230253 699571 952481 275758 524477 743410 858653 796872 497062 194130 23683 127982 957189 149052 410925 774993 395680 376052
915696 579388 371687 976537 817168 67097 479379 452267 549193 279176 47928 127704 50404 821091 747489 923751 832031 481240 757418 954141 405385 255614 8740 486036 841743 904430 859507 915452 696032 65142 196647 254722
702366 633353 930858 786128 911292 119195 280144 158721 644907 608834 232407 898453 539118 169523 883387 621852 503766 119873 149900 709427 300424 701415 349644 121869 384655 236915 776237 889853 240651 114190 798811 511647
242158 282095 306273 986178 268779 611983 628389 106608 897052 45083 25945 185394 161821 691629 133929 664562 522717 813540 763867 657127 733275 839095 798533 661390 414061 883758 669210 135001 130481 898480 523964 901589
858349 130338 849725 407901 85127 776790 725671 512320 595993 186773 669329 728813 768983 971425 343848 796028 87168 468333 937425 806689 673401 188325 819740 632881 600343 635613 688692 449276 66530 100919 320564 618836
645343 132781 707354 108165 359355 543498 332943 116279 151012 478371 606540 702424 434080 716735 689648 167050 985598 822659 598878 430605 314044 989210 275445 20060 927356 683951 734575 108272 783552 142045 835317 961732
421286 619622 920395 626662 52131 758728 86181 131013 708940 628398 955068 638812 113718 433345 307707 28403 427867 49162 983615 840764 159815 880111 292100 595654 704122 541664 414927 166818 963427 322228 729672 370015
756631 952312 155212 599397 16908 141584 555773 608828 695286 491304 799705 143913 829936 407493 719926 154072 657865 675268 761756 667249 563294 527242 36322 174379 929866 482761 679165 79549 196873 890878 165198 107454
284031 113514 107565 602900 527564 698625 204377 745688 547340 517218 594954 449117 129394 73791 349546 91804 490399 992723 205032 379315 682558 611337 460890 380603 176798 30625 798824 665766 204598 433739 318789 944871
100577 940558 389813 258803 243231 124794 311418 528338 331583 167391 437086 577958 752095 323439 263709 970285 585501 983389 983145 392949 910809 216604 726713 377528 597882 790586 472357 935976 756374 964344 139623 456940
65528 424149 904606 930732 765569 135844 976528 814954 599919 488198 49355 833083 673347 163330 652801 842342 636264 284246 354960 37871 885964 296737 21689 916944 417846 59403 534944 386193 397164 762311 970522 81022
812776 818080 641575 530903 405439 469617 522500 324151 259945 493437 31072 659440 59085 849310 737457 264344 227043 924855 508110 516910 385571 319764 647632 208431 388852 581427 304806 508478 114208 359516 43212 300905
779312 540938 348522 873130 487628 864665 734966 830456 599421 200489 664931 295246 634270 266509 745118 596366 533808 507030 844903 117557 689006 287013 445395 357337 562797 170276 3036 967576 702852 417179 447244 156157
163909 393782 220607 510168 440604 409800 742648 679558 333554 727117 736825 97715 10078 853767 860133 714061 939773 826447 366355 303318 21833 682007 767679 55388 363776 537944 128440 887738 451631 616101 300165 20937
518905 607458 886551 171406 755233 424729 346049 645588 282119 415811 318851 325667 731564 873270 283 898350 144420 964366 907531 429443 153135 836572 965417 438667 887398 59835 941800 379710 280273 830429 198935 491114
801889 840193 426289 103892 792390 107190 989640 348678 744484 657057 648097 705533 865402 344054 490474 413935 298384 306995 858062 190688 447405 890965 582025 169552 862018 755078 958620 70286 874168 716953 89973 797790
365972 561426 987754 102810 344652 298117 662131 800508 634262 444853 582070 908655 693060 477029 448760 239133 647763 39172 455123 663976 24492 596299 87291 203511 172195 31816 424125 970168 82149 506686 155415 192022
48026 273418 817858 502059 973640 223045 888659 642622 643985 169264 84184 363488 378877 870531 669340 362715 856032 316018 602825 356080 433754 572936 144383 783707 350804 708234 390777 197258 498748 871662 140185 186813
230781 511036 390183 433010 992585 468152 767048 626917 145101 156070 924291 437937 958749 240378 784108 780508 961773 526789 209273 86663 817501 893027 598022 334827 412573 677301 468247 287348 109465 360892 506194 109166
198544 992022 65678 165589 894110 79400 532138 847682 556283 168409 556702 594375 256991 747595 108973 780524 5993 95502 773817 843120 803511 367414 197142 642282 364041 483659 555767 535016 262896 765994 111884 240037
894721 20204 931513 108567 409656 49297 838907 712745 220827 434898 627991 726894 248281 497438 806959 691289 142709 870294 563190 289291 116225 731647 743608 840389 901725 635707 231330 497760 157639 607966 378851 824240
763664 506887 872482 526932 999878 914967 700216 831286 72116 515207 77364 128541 874338 443658 787617 27001 931653 342790 69038 813363 1422 368284 450892 827946 468990 286455 525582 32194 263556 319540 759910 336127
682955 528588 142706 234336 561743 416817 821744 989587 791976 796489 240476 39328 73168 62304 946469 16433 65823 781852 384883 389002 326821 490016 606408 149087 618107 923209 908787 727206 2584 621394 891618 917526
191964 331564 560493 245379 849048 114749 98410 879106 452257 889169 526182 961068 569091 566481 11827 943879 365540 609920 310934 796085 251858 934967 134976 469485 855102 163578 978395 523364 599331 988162 268830 910880
814432 773558 834323 143323 530814 146175 358800 233235 729509 640840 165124 985576 54875 591866 697007 517337 693091 829235 439330 958923 273301 922282 640336 94062 414364 515856 416187 946851 194219 234552 840147 702872
678860 506183 499648 69420 545243 667810 505894 171657 343134 111195 133473 47667 849449 18391 869852 719927 265962 168941 378190 919129 522376 91909 786482 490114 83443 413196 561150 235100 438512 857987 696207 352268
741051 846992 210044 314557 999437 404944 967198 341172 842348 701628 213007 481574 326493 481130 846131 368621 507203 141372 729445 371728 990620 605543 541280 448011 923017 291491 473290 170539 509469 358768 164444 672021
386503 242575 995866 405833 487196 931409 487753 989013 434961 264764 535122 72660 607062 216489 721066 392582 954962 381631 669803 819862 262576 961095 123323 993911 128504 24990 589719 49277 721075 432979 836593 122372
469522 520397 641092 594836 586915 139884 336154 402915 445754 639913 986168 78015 753344 933734 166667 788740 625792 417890 112554 64193 658803 519174 689423 40512 692997 761866 246566 668574 741334 684183 568009 922760
125745 74641 196544 792019 214469 190496 496653 723525 467389 362065 123923 443695 640661 600337 375365 241217 122374 458076 159909 82598 368393 394857 930488 164542 781034 168929 116132 795792 200469 346455 114384 534325
611292 464660 824301 858167 230417 894018 857894 568743 584999 359527 816662 980073 954446 114567 476138 11000 481373 87921 495022 114252 739191 367791 151184 57987 2707 253076 470141 124890 88149 285298 382540 825687
120868 391135 620133 685791 658196 289712 529932 317135 131661 390703 929184 592238 937787 220864 372088 755620 996159 797302 387276 18034 75220 754412 963205 590638 876562 533661 965824 234669 944116 796189 737804 923345
346135 679293 846080 294711 20101 714241 634904 210913 915728 898249 592797 373189 444350 612833 418194 157339 183196 246625 167788 541921 214717 909104 928438 570749 808788 641599 174946 927032 700865 185227 150348 322305
47221 993049 278745 90304 632995 853207 765665 359384 389409 605233 349858 767652 806590 396576 244148 413818 959606 275001 249892 270850 386488 216219 773966 156742 758676 611169 542923 529046 66028 304614 647800 144850
616901 704131 188509 305762 851497 384286 710148 145341 305749 755167 789528 517702 588422 12335 554831 521835 239930 796337 396670 411360 457365 328032 4458 869937 299 517987 887991 485202 906355 663245 307360 571021
472944 625460 438479 252715 528985 543687 191181 381747 911393 282579 632348 827995 176769 61993 34054 626532 919462 555540 879580 869677 797167 792282 943676 594663 548537 67731 771466 270955 330839 49374 300690 476154
91052 587025 778855 679774 680776 862399 354675 690540 239135 534889 331184 413931 343322 328868 327793 357633 390021 395463 827601 498868 639573 9632 174856 706150 836062 982092 17067 718495 878152 690348 292643 467258
370075 508992 95398 620956 410203 29094 467548 767777 879379 982471 473552 450746 349211 81764 48053 641582 104382 367593 488855 487977 869834 283361 676804 434157 979452 638991 315208 263301 717861 718838 666327 609010
684398 682589 4513 809953 632788 525770 40369 207458 354441 151557 692700 674820 841067 662061 949427 895900 336537 952744 65127 214711 953812 547127 238363 256999 573070 185150 939869 312884 59161 875652 625785 793031
925727 886376 373436 208941 603364 503808 950158 954399 616380 262353 839933 329971 728101 511711 582550 492762 393200 241425 420585 71940 175935 854707 343892 587689 531495 887041 98374 690939 132377 331690 867991 643999
126195 935915 193485 171614 835082 263710 476251 257894 212813 932426 128489 56738 692755 54052 123085 226647 776006 721430 447225 435241 644940 814103 796880 967116 125840 253649 592270 178833 422985 846597 795758 987060
133508 968095 971090 368348 246024 872797 714738 717428 640428 168005 868090 827324 557249 794382 715892 486295 352098 369541 912805 34181 277315 412073 513918 932823 426017 4098 849190 957797 837123 310738 77357 670764
717759 920207 917591 45700 711246 199512 442596 160279 764258 565349 708344 199155 452569 383494 39383 875817 821990 37337 848058 97912 176292 60585 382757 514400 372572 780117 484026 149396 435654 395915 771440 840352
537168 385924 212799 448144 478204 364465 86900 30340 768237 265298 537852 408945 797613 963533 952314 106158 773777 210580 755745 43328 449504 129239 37653 531757 137453 164606 735778 629823 589911 191036 900898 749134
879008 264155 882196 118684 531645 251699 320066 235355 252075 437649 277954 872713 864255 204508 155290 445270 393510 639461 144094 523736 238965 484995 929396 919248 997953 548475 496015 532682 56289 300653 171558 601999
998194 161004 498776 955370 85455 317506 875841 410682 156438 518407 211156 605594 896711 581201 869474 262022 889350 84044 574608 401205 689342 866632 183744 665412 381173 325620 609899 283910 678950 786264 894289 388667
704254 76293 164209 987166 71932 24149 411687 909267 797550 684333 109547 875502 808356 827447 202259 216131 961319 108318 72452 498180 460071 462642 542962 196183 254658 630964 916345 5540 243493 896391 181502 840145
794893 516970 35738 793815 160840 12159 271192 623562 512088 766135 863868 731544 63705 502978 971568 792827 784075 445823 230027 994177 918812 905334 498723 681031 840245 281873 844182 877227 497516 761560 461942 235939
407146 7928 634148 479910 765583 91065 568429 463324 373653 365217 235848 350699 769313 689245 403993 867246 742547 476831 374263 950405 465654 101097 214971 284625 327004 160414 854236 20879 234344 285144 196859 742701
773543 767793 991955 335401 7767 804889 466066 282470 744125 759927 890721 378751 746939 428563 490608 735510 145506 671871 549208 462087 331850 992834 706212 492652 887472 635634 883811 193834 937044 357309 325937 330774
807287 823044 308264 649887 558709 597206 64153 642462 23331 51653 243697 800075 689622 497824 457931 636668 976268 522127 584458 850038 231689 570454 115461 267498 176761 628885 866257 245897 147033 671195 961898 748645
744735 460532 176962 76070 464117 885133 903097 582485 911881 632967 651186 632244 254792 828993 127665 731122 470124 282146 639565 881834 218776 325867 837964 75167 30364 472474 327539 574284 138177 242911 392264 567383
878913 998372 693002 774549 315492 632387 623599 576836 839950 869101 37383 998143 866615 750761 637239 722707 360025 106208 636254 517469 127372 770556 653064 182235 215181 725171 287713 319759 291741 431530 308927 495060
698755 757435 651481 994052 233962 970945 629382 376112 126838 324697 256676 531692 765642 48652 619461 362376 328771 231879 768604 2561 677911 305533 597030 35168 319548 835158 810927 295497 418780 14070 51007 837150
10290 788873 929940 831800 699582 256978 575731 440227 398459 218671 898341 148852 973731 211776 81841 418298 580622 696508 640252 201909 340536 910175 202780 708766 927582 346662 554084 692900 265306 472606 154808 395539
39737 184113 116473 511497 716872 90282 731312 43701 229687 5959 631891 724181 576432 366577 173833 688999 572849 806887 324612 327831 805066 642223 49580 353324 966659 188855 463319 233226 454016 922446 670345 723856
92609 849847 88509 348270 446288 728986 226390 553590 172162 902877 652312 965347 986339 704877 912112 844972 421615 18217 319668 481092 715572 813275 657318 869468 998256 751064 836472 177637 458903 937756 743912 795947
232088 923389 900348 656114 127624 773484 678014 822831 477683 888834 66361 114057 292943 627635 892722 57365 360735 300147 472125 211705 302318 9805 158873 988311 909482 66647 277685 233012 433883 674874 966647 876523
89273 473769 388795 109687 595703 108748 395962 769733 818761 753278 860276 757904 297717 833878 290140 773920 96389 418099 981578 68681 719767 327572 558327 441444 489381 641722 661493 607873 103494 678245 217244 920005
816421 455517 491245 429812 757233 123644 785783 749057 348827 125370 781275 814719 598274 508225 359159 358488 297881 194394 187051 661788 402143 334755 208159 399071 419385 18203 207840 794523 517140 340819 811984 324688
590417 50051 305214 465182 41431 506182 365024 125379 859983 925152 339582 149535 679809 564743 374874 509744 689286 18380 466346 124682 429373 168622 405917 831567 248740 821780 150999 800465 560720 16427 838271 439403
563111 250393 187023 308872 352455 944588 87737 498307 502690 961762 440093 860838 601917 310609 974265 542372 625819 507613 282921 376606 110576 367000 259867 968562 96138 770315 289009 778453 529835 193424 706979 584124
128445 548767 602960 65728 879947 10649 494368 387796 941535 294525 522023 388522 219406 209479 841538 130328 581780 68884 224881 121323 129131 644290 951063 60334 45749 957231 745840 423705 335787 62260 254430 701716
207289 295601 604178 448886 849582 952248 226655 770027 508434 457985 801315 610714 135235 523699 543144 319174 736601 989221 371528 624041 491234 522530 372434 472413 909934 512580 743281 774126 806970 784773 542306 645484
476010 202283 472277 636964 274464 580353 434137 385831 539444 929323 166452 595284 996291 126807 196007 5528 606751 172983 244055 152095 123993 233861 553403 472381 405636 312878 954083 49468 324278 860061 120947 981462
568455 100197 206224 941344 378050 888089 709987 962571 911845 144273 193446 454211 741070 504748 755243 729112 678831 260792 973489 755157 942022 208457 549190 163160 525605 710407 767625 391316 662109 59956 209924 188054
113695 58174 427674 166704 714442 5025 393699 222681 633661 662148 779204 969784 869435 958529 379853 884183 278700 606261 980912 118040 934751 509384 271258 919926 995189 31673 534587 309084 856885 680991 595969 697138
709814 57718 67745 532030 495530 545461 749843 672135 938742 831264 268614 888125 897780 658946 759718 550854 18135 652150 618148 748871 294401 710466 218005 503057 62087 761976 696280 533786 603494 416300 209031 149205
40422 854420 915850 497612 7079 995600 353001 860752 628146 466452 298338 54011 895777 749195 741073 642443 476328 704184 106220 994360 546719 734702 168653 560566 156198 498809 791177 707385 271663 217807 490460 598604
