50 15
465460 801657 43880 235138 977849 123678 726459 157577 399011 974156 780518 942264 258272 254099 230605
152933 237372 344101 205645 624350 110699 626282 960232 465191 264829 754359 251629 424372 373682 201427
292488 193393 834537 147820 604256 242534 504872 23767 518974 909848 724015 693680 506304 769380 950248
642037 432993 579483 636708 937450 878371 537521 371255 891546 813406 915384 308036 244090 749535 366616
123999 495028 949436 655736 79936 239574 723217 262044 219487 422311 33185 705717 497111 787886 617376
682163 398380 147571 887578 179836 596541 341558 377189 651803 759759 687002 250385 867418 736843 588347
895823 296282 67526 313125 488114 664057 48806 418114 783091 423027 411515 169098 269065 899097 638905
424796 46458 2942 641306 921928 765546 651497 207732 116855 6222 162197 825881 796136 351037 529398
453533 823378 897908 766051 38826 838732 574347 327650 550223 438157 39609 871529 761446 726454 88039
98469 988391 286187 378792 24140 699479 212018 236911 380998 60875 687868 16866 658894 79271 693738
214148 818820 382982 187176 346886 257635 715160 893674 816076 397193 694802 489911 591607 760857 398797
885346 893419 730062 732130 99523 318091 713528 406780 894079 162826 718155 961170 698141 490311 229321
507482 528626 618630 898293 66788 145038 250537 797361 984046 165274 509548 764145 748081 55902 468085
851051 419552 691023 392649 150010 137651 53098 880354 30856 923844 193691 376453 515504 270632 5615
758230 311353 400375 797932 444673 619577 55347 567843 768939 878794 894917 148585 622094 372783 256787
148834 63254 963707 534739 290586 375455 975212 32191 362923 505424 844402 576765 37631 953906 302111
636568 17116 445652 40738 412375 812228 767943 749162 735463 435051 182243 711667 61523 834979 897568
776598 772619 834535 412414 11684 167530 135141 193952 585790 776896 319747 258965 950671 112417 895893
38396 967693 282276 282938 462104 38254 905290 836558 651757 510137 466371 573232 951126 571090 755682
973452 197260 803454 441860 132361 448046 898502 47036 999595 554126 864722 201575 43660 927660 698526
550305 119067 692520 224360 406809 730552 320081 176346 265893 17675 619270 3633 602666 644435 450443
254442 926835 87068 872962 30019 185169 665001 223687 380354 515869 968991 884469 713052 148956 558235
859567 435423 242191 150539 738305 465339 67858 857132 987813 858162 71945 335631 579642 147910 877676
792291 616547 661769 349492 192624 716016 542118 238593 180845 252143 431160 328757 732493 912335 924478
711207 855611 408945 198357 849836 841942 747121 440271 501262 578952 195534 9353 82077 466395 470776
610061 48030 617142 400837 630057 863113 331151 789247 316636 116642 995431 321032 653203 863566 412318
519401 789147 933369 15432 409542 955144 669355 760472 618992 29900 144374 317598 236671 825691 367551
916717 195798 921562 682713 24423 175147 817819 30995 271463 414851 345496 311892 642124 805928 422101
820027 67458 212895 674285 701907 989512 865036 807834 376576 810078 195164 84546 208106 503381 800434
704429 151146 435036 31389 26445 885308 30590 760168 681844 534076 709269 519087 74720 339546 337179
274405 987139 764239 923434 228253 641276 735525 111553 123462 883934 461522 594393 948689 388100 559918
640950 160912 7237 445521 692370 549538 667667 74087 871776 383038 865221 341849 394376 791991 821918
715088 683615 577967 798279 939323 963653 917478 330637 950338 652720 340972 51266 794527 148203 924283
228452 836879 984290 935973 619115 48644 413321 7375 329133 638328 235054 399579 405179 585507 303191
832572 722157 470850 399732 868064 404508 870169 192530 591955 754201 849442 987077 593166 184905 650153
719542 82114 819004 260996 985503 826294 683213 417197 207324 442527 884442 322633 38179 837212 609163
715528 898000 809005 367462 776256 593915 167370 455145 314308 98926 660191 681954 443503 156015 555473
755969 28409 974246 450766 449450 79760 884619 908041 325273 581839 756222 703980 248222 305582 286256
396934 261829 185507 857155 658340 249136 99603 634517 36084 282421 576002 2114 399726 972309 767524
477537 473733 650620 535070 186875 720209 1817 557862 190817 212290 388833 380771 997581 447809 165836
190640 671257 323773 377522 864585 537933 62681 917063 326913 292914 872449 585464 517746 237674 55672
432356 506567 652679 207264 981726 530118 296194 573383 987371 379266 456141 318882 746545 464548 544477
662876 403996 129959 495306 427791 875599 319874 468434 63774 875532 880746 704973 286348 387094 801115
277794 65062 973342 961662 462851 389546 534647 930840 32992 912358 397700 307811 613092 261251 860725
559863 862866 152302 115132 826886 466487 511406 248036 42185 548846 736766 467942 677262 920354 994656
138411 451421 708805 33236 997191 421458 951136 108543 164415 555632 927138 457178 37221 195833 281010
747667 109501 848174 271177 325748 910617 211907 631062 175375 574168 706787 170673 283123 136504 937209
795989 173796 827849 241489 197731 40567 888670 121138 466008 220423 301807 218324 96725 586459 822876
359732 956773 971212 627637 801639 442563 758990 715272 7919 472370 995350 276397 517773 439546 11377
502447 22416 488284 637059 614117 781854 168934 587551 9832 211715 209947 584037 477894 495727 229856
