16 42
157974 160559 820466 687976 697734 416143 759313 638809 437688 866744 513480 645447 185624 920626 620930 412494 791180 543074 450881 317836 323655 393075 74182 894134 738732 836357 646799 767601 622437 912010 290933 704141 221420 260706 943798 653170 392985 767254 78988 996435 302077 774812
710537 567455 432045 270306 491492 125027 260779 317540 812004 820543 755801 435056 343457 352707 431600 808104 704165 964165 792463 659367 846441 15644 5584 614173 63002 96004 66537 251050 433006 59288 210323 250278 196607 172116 406117 932520 173864 557232 283567 746759 910196 885006
667914 869806 64128 141294 303177 180723 529474 319313 230678 121375 809598 142759 412343 873774 823976 442772 508516 580676 421352 451284 57480 374228 244790 644215 642139 708118 566396 783990 748993 514820 190961 528069 147560 355459 234606 87377 885365 696558 704352 785726 105194 134688
220055 373695 806016 103009 160093 774644 812616 212885 944352 765679 632020 754679 872656 128402 976735 280790 314862 126788 649839 290687 545456 556394 207187 479726 847240 299403 510959 646174 185366 500955 443987 702471 58789 971189 141169 371304 613169 357963 647991 694157 3948 605731
224506 241954 244036 489313 106181 422411 441793 240637 956414 786841 801312 730738 326106 883844 936468 647637 675453 713846 234277 458634 487007 528412 599070 931809 65629 54157 451800 482144 432657 136098 875596 570049 382297 213216 248658 343379 906410 562907 977705 764210 938226 465948
2714 983427 879823 910343 191840 685116 128102 568788 155550 360684 938323 815446 940192 356523 410443 363658 792131 802019 388492 387866 528983 11296 185191 423278 438347 519278 827027 297809 782910 43807 236068 491840 69726 970184 173960 657099 905013 831320 265981 751155 503681 601736
98325 341932 385550 669382 657850 663417 630567 90514 898438 455778 50931 462621 801041 870818 191549 929269 778738 689387 211243 822532 444517 504478 138044 853847 465854 418965 325949 526988 546000 643331 340218 111698 818557 46501 283490 936420 788785 988223 297783 16580 12243 751827
738942 355844 766744 992934 369953 939937 482681 762626 501092 276111 977580 685803 11345 724622 627146 723966 506330 354820 70015 261415 413235 999086 310695 693920 894569 468593 884802 887420 577656 292441 165129 306904 496825 646748 400259 945855 885976 653962 339867 14739 474544 735878
340055 232402 835192 627250 616341 928811 158233 970285 155703 205069 929869 181324 920812 3740 994509 880045 163927 587872 769206 120516 50593 444923 842019 77830 348395 873823 953414 865546 359566 243924 420291 219975 783836 491960 691175 178586 481721 982414 462849 736970 357931 986275
763319 92425 519626 905560 932952 35153 187836 971466 453421 495330 774111 326264 690324 399078 405347 135009 775832 557522 455808 166806 583412 312092 103476 279501 659094 586579 559526 938267 175096 462946 344443 842422 582444 894192 168060 240822 930276 576546 904889 485552 372911 435773
696987 83535 355476 397964 198924 20124 962003 699143 317053 932254 358817 425190 201890 830204 463073 496201 94039 80588 797074 453047 325579 287968 14025 38636 152311 979364 784295 860014 184936 302766 764396 204081 405471 110785 45560 359046 978877 599339 355275 477261 409210 132251
526903 550948 338423 3140 731846 647331 660076 696902 391901 753524 714239 685629 828315 195161 167502 764934 448076 989997 717440 584592 161278 287278 819021 174416 157428 853408 958177 813282 166523 555050 919091 983702 216944 203971 14644 482255 304631 255709 747380 661119 236673 435123
434772 373528 87822 359523 599900 854233 241755 504357 952210 461383 707917 996256 392955 703924 158926 828961 189472 195975 635761 757503 521815 566249 332100 19080 461891 835613 394353 535015 271361 883621 865433 887060 129610 336428 804884 600264 71009 548946 933143 598960 596225 950544
594855 947481 546150 882048 865397 825099 523505 321809 815140 980896 417330 111237 955702 270428 409416 96492 164596 353338 474087 52361 302697 993807 592745 151560 545843 691194 806773 360301 750937 23577 781393 755818 306387 179347 121561 459045 439330 827959 298667 530754 39152 168626
69349 115364 778780 995913 557643 677065 185340 921841 992745 106278 831752 992683 392681 231338 942973 159200 546556 854525 363743 529065 533980 770682 782531 402282 262485 673077 837093 195629 213779 231828 820817 782507 412240 87077 291311 761982 610201 504146 400621 516890 492810 22754
22588 812258 727592 480625 508772 874144 892930 965251 911761 453338 516025 819613 892696 835232 304915 870447 218878 965563 267991 978453 786229 552727 219377 32096 658249 239528 437929 77298 497791 330170 890632 143472 693204 421043 593076 900465 2910 668827 219804 669603 177826 566485
