100 54
843190 511552 156417 666300 1379 327604 610594 108704 149603 766775 339769 830036 683585 829982 392313 237614 491091 648067 729513 84020 558633 749478 691630 169604 965176 419732 173084 232242 116787 701946 330230 926106 400881 410036 692395 990291 644615 984044 315950 925104 544800 456279 467310 808623 29170 569856 601755 201628 496482 580450 383468 271252 199074 378380
192754 874055 183663 875146 692995 264128 586136 401445 731425 710582 743840 269463 845386 330054 723066 468224 285232 28690 911717 655105 162910 693843 207450 751386 696884 936852 785184 653976 4360 797438 722728 577827 869859 239093 940535 339227 909311 44983 619047 594047 785548 473045 664269 551050 290980 49447 232207 393995 33917 183944 739991 740256 590640 191613
803957 945760 386780 449766 956968 774816 941959 972468 573001 948053 595897 882637 706556 208336 172993 860262 363924 687056 504354 62574 882598 544390 473942 261777 223100 851466 758644 270000 895469 64276 221185 124921 773854 777021 737711 900959 113302 900012 695769 218621 535045 35831 658378 79091 270699 876489 424617 544569 448242 780374 895448 117705 395754 661858
319081 605314 670700 101853 505054 347551 756779 55015 336454 551329 177089 455805 896666 995593 692709 105752 103959 617179 114423 266356 365629 286150 238984 514580 467273 506430 53902 501834 664661 720903 805954 882816 989489 582076 493895 757254 534883 792143 56212 125628 961323 885672 551686 158020 172447 435095 312454 890927 335769 520754 432336 728863 229162 323611
466719 844422 910326 128751 870096 109150 254465 345783 995470 701341 975030 595587 807537 560909 64106 769983 924181 71785 998037 277201 892539 930244 77454 200630 523713 569171 878984 59988 545322 428629 305214 733563 50794 782515 621500 606477 309800 710417 889806 678750 724449 182739 582134 888888 887234 512332 314887 107737 552792 190945 809512 47605 531798 51866
967245 855475 10549 15990 215911 321751 653217 301184 809653 143331 884127 318090 855312 770212 152861 485321 299603 709838 210985 638042 816678 420588 325792 709967 144042 680004 344615 300241 831977 619476 281718 132003 209685 879305 879920 178167 463219 656855 301856 598029 288927 93901 214244 746170 66121 92421 755242 568462 903595 345369 6575 582934 419068 966131
968609 103632 661713 689321 648828 945739 934679 569468 645704 279237 646795 969353 892866 261132 393507 760463 32962 944838 38538 796567 20614 629564 265711 578487 265489 183788 554795 165911 137194 164846 574489 669401 355298 236844 240951 651929 929368 677000 926448 772666 567729 380577 29536 375376 831853 793186 306649 500147 543034 178565 515048 45817 427489 978201
232108 130646 271726 13243 444658 847028 831239 304898 519853 565191 159898 852405 825030 757187 714705 703854 14962 184285 602316 139177 330343 511901 940742 146767 926189 457595 440387 73488 384027 610958 484772 24927 606464 248457 699283 406014 504898 48658 988101 664576 625067 902928 644016 393086 767116 625174 843160 49677 35871 378856 442223 295198 16190 176387
393041 848185 205281 549128 243452 890553 125732 360855 942391 263158 159119 323240 443692 711554 293643 568713 312066 293421 204500 130865 370590 266269 424858 377204 711888 716319 27610 739883 412064 503068 57002 507081 940261 935206 247913 95302 769551 132305 854404 480405 595697 582036 19750 801687 248703 800588 995481 378419 482821 104230 38236 797480 289017 171604
784158 205648 490202 649994 38873 967140 589142 87295 520062 821378 76385 689494 375914 883529 126906 324193 88103 810048 21937 130917 56262 695139 605762 409094 792642 166194 108491 603243 524793 229413 298436 990517 924106 119722 67335 836083 401493 532480 376307 345384 255752 926872 129473 720979 997711 498213 443342 7336 564407 52557 832008 705683 169992 109293
53904 259278 996992 732422 835568 783271 125751 899980 992413 639279 690291 174161 924806 729519 236054 88603 384547 510793 825470 714189 872884 947526 891978 678467 495819 19582 777499 588136 982275 162536 926 490641 245529 127126 168744 719292 580326 627596 619568 505000 438619 733640 496940 994366 193528 538986 927052 10129 289513 62654 580138 970750 246660 678552
701784 240784 280001 23122 422418 538602 623015 215093 939930 75742 132225 381494 290721 336757 976497 530138 138648 920938 417454 114967 998813 735077 563572 435102 15497 79656 611147 882505 180407 509889 226793 405829 434322 460509 398765 761670 284995 494737 927077 155615 394466 361031 385776 58952 599893 588879 495429 97523 762416 441434 954001 624360 925201 711514
885058 49600 382090 644668 434744 469394 285458 368717 702186 617230 968274 386540 128768 546021 976677 64039 12571 29260 986559 963081 799538 452091 619923 401653 941535 8925 326079 329239 929172 383826 243191 74510 698660 116001 155429 170319 92141 993289 597469 333290 339708 798212 688381 903365 404806 209405 778812 609321 623993 866778 424959 660819 416351 500850
393777 776196 397754 832525 472131 281525 637327 312394 929146 231902 343846 43959 414363 298130 217663 168238 468944 186629 591459 490301 948605 677841 33802 965376 58554 427944 534465 656702 727049 788872 830312 901558 506733 815569 805976 459648 522887 115249 182547 585143 617556 188420 396635 713115 194622 77079 888979 523710 832645 620412 445339 981555 124716 821167
402938 976026 182439 490517 732454 733349 686716 737921 676685 307108 107076 51907 481145 344067 753465 33665 920020 623243 646039 296880 760335 475801 465209 883658 24027 841741 642586 644792 108824 682486 484333 858897 511301 403131 480075 648530 560834 723321 716357 440752 775463 703665 246294 481161 235790 908634 449718 425218 297850 274437 995533 398976 12524 887835
962658 240863 889097 200481 596985 556477 614512 701725 306991 535435 809799 738228 829621 958801 233086 298995 100463 797724 799749 178945 367948 431379 218811 485313 154034 825836 71924 160242 789219 302215 530915 688103 611191 772904 827015 298155 844966 954343 390671 246448 953979 397607 344190 63268 922098 882989 662388 603797 543109 393235 850279 715218 315047 41289
686244 777580 121996 725757 623210 478653 172965 594947 115473 670315 611301 195770 753740 812333 886555 962585 536556 168868 325644 745080 572431 442662 797094 548765 448079 325065 857092 984091 823822 521902 21409 741712 267029 108906 415576 319086 375231 787940 130825 175651 812650 795934 547561 443644 190996 542086 711663 849502 446915 762449 423744 593060 775481 785196
668758 458482 601113 102838 907241 24675 172990 844998 559813 684134 249339 266999 871218 415961 846600 906511 803121 703051 770332 621521 161450 915986 351935 25971 928412 849299 860660 174803 816917 637686 383910 832850 426225 129778 589485 896678 860822 24673 259628 171070 654671 614522 763302 183703 724568 478314 339127 48387 581884 283289 1032 350064 303829 31528
452352 547989 559947 774338 768992 971801 45185 216058 365775 52565 368820 485875 684994 50458 196516 621301 476539 988603 531148 898888 453286 548751 84199 226489 975153 661450 815686 373238 162523 560350 442816 777679 575182 527907 922838 593724 484231 197054 458760 307143 72196 839063 670987 365832 751312 744722 520432 482012 7650 629192 89130 352168 616219 257706
129702 567171 86463 842357 884157 823042 512707 633696 338282 753369 742451 211724 398777 574889 882899 503579 937814 562252 468454 161148 810153 286856 714982 797588 392010 452808 645170 213748 657310 817475 972007 730081 746311 109200 628572 645386 685321 411033 740991 799198 260704 190981 361594 915247 821356 674932 122198 55650 595193 756850 209349 943565 487686 659807
856610 711775 413379 40807 730259 91202 473209 433230 676918 803099 651467 599961 741186 979977 818756 209076 838758 950623 197335 746010 602231 119810 626976 8030 517118 174730 763174 378655 330258 374634 800533 258329 900732 955224 367555 3775 621257 338904 430942 400150 582713 927207 435257 641207 109250 448249 214742 478348 629039 302536 465895 423432 451475 324666
120304 219269 21059 210653 399875 882898 39172 758655 431600 629084 503013 247864 476545 892941 305669 868060 413816 710751 980280 235073 207016 477061 677576 12257 849382 45113 736276 262333 901064 969070 144167 109925 65024 950003 814863 211294 977865 569995 250936 932501 833845 158186 15888 862141 576240 933953 639361 313469 389697 870121 512598 591261 164495 621723
403789 714346 193775 204275 853231 84140 344270 799658 92196 866794 662687 959014 7486 892953 841532 669754 459485 310529 375330 360754 628897 843359 996889 404544 261269 905531 338238 953172 234831 394348 824884 649798 35651 111698 175923 662872 613900 540514 690456 290481 334622 96951 319132 965063 216900 733120 307612 484962 26569 553225 930131 721483 756169 763775
950067 843553 201594 901737 329555 418341 586987 990919 8527 236828 943419 611266 288547 680212 838177 468484 943495 473112 178463 31201 754783 274350 49939 201857 820202 346563 250802 961949 562949 759192 886647 922210 703226 709226 125678 704111 163409 233076 740322 291624 410680 241634 788771 301675 440471 854092 956349 470043 834276 692969 253892 915813 415622 553277
313714 232852 904400 243694 330049 210436 494355 9098 479078 5766 239918 117885 908835 643214 685763 233123 779188 8887 292415 502988 633207 212221 425112 599301 171741 159887 102117 445264 581116 763378 639795 781716 280902 243424 794145 350818 218505 130116 404961 390507 31157 827073 647275 161999 291236 145795 410846 310674 867672 218054 117427 815360 908922 370603
613600 661784 4474 58244 139822 819913 976099 876307 573408 637804 466527 505377 22807 81748 975387 586901 572723 6181 555277 452357 1120 767951 338049 721220 784109 994736 167200 906707 584895 141972 489048 91557 451245 552246 127414 704177 867481 498705 378945 556538 774814 158610 488031 316303 812094 242333 750242 73955 322463 151183 858907 156797 355767 460228
909140 419664 794886 909032 939166 780665 308508 453935 506443 241581 360691 630941 854783 702423 228999 135239 153599 164597 902714 921828 175378 364484 593162 912794 56226 990196 519607 193407 388881 464347 916804 943331 273103 239994 853752 256664 288826 436030 685673 145992 748715 94942 100214 52822 55886 139884 506800 859630 1412 761682 207149 564965 902654 12223
232008 498233 830230 308870 518949 920037 832495 261820 732263 128725 885306 267000 606570 338692 675642 106852 407442 889277 425333 669323 592271 81886 447015 823545 506020 487060 992904 929715 686348 669754 554115 183183 945360 191973 550858 302192 331415 87687 383912 993086 547269 528110 44791 625141 213696 425052 287385 531805 23139 793208 194651 722103 510352 688805
398943 548668 675706 21119 529851 800345 117147 265815 113490 160656 103249 631660 476365 556077 85392 157213 407445 757974 174663 323059 147041 442831 63262 784703 243791 451896 664844 709144 605894 197322 143832 61997 348987 706438 968477 932137 40016 81495 680059 456465 923192 198673 803714 706414 481762 692046 693443 488787 708080 410362 816350 323590 414258 254244
449835 597624 953461 290040 574 674448 278482 643021 271590 227580 865355 553963 186524 22774 183047 230045 803452 701256 86957 190481 683890 654474 791981 886962 326112 558724 637120 504236 775805 319042 565452 599629 406723 812821 302212 534225 312200 953314 646306 651176 511489 338153 709667 262353 339206 976357 659163 903640 703978 322471 100252 783608 523564 784637
4268 543919 550279 740871 318531 840581 502609 319329 5966 413201 911226 950226 149329 346510 71116 733563 243230 961781 479003 341910 309577 215127 616312 953754 852281 497100 941966 681707 371009 843639 402273 516958 508875 707606 714669 479436 194549 276874 706793 789722 256716 590168 648029 515433 147269 253003 306853 962905 179766 553999 446967 221508 727705 525150
807031 925200 702961 774964 519113 789951 934888 77620 99589 898316 650234 39119 882119 954760 259749 326500 253166 29147 825837 612389 652322 402736 849232 1698 213434 34647 266048 258147 430089 519758 76035 139931 431497 794883 671285 475074 257593 80009 293651 919233 175022 768143 409469 958973 393150 204205 448503 40329 94578 839142 104141 59061 442751 411664
332171 394879 376808 348314 38844 793488 215762 509387 937182 240400 282550 516021 312356 648097 150525 211185 683470 430608 968803 962256 625521 250957 221921 408414 468369 305256 50434 163726 863556 322080 243084 247730 698388 235897 796083 44643 775489 647177 892483 312454 37139 538219 859045 406966 154175 56253 664031 426555 202795 814549 402407 227145 716929 919876
886237 221456 382704 26388 456234 681375 622579 639016 178718 690885 944454 331411 165635 101845 211963 493876 866654 366218 670346 1357 185830 674922 467796 73378 843129 224061 727235 270562 387213 469209 545563 195997 881034 386137 311938 923767 904739 495116 459414 891910 213773 669867 436872 340733 132607 311092 795409 340403 411190 359724 715688 132974 425420 786979
959186 255420 427953 928686 642422 259094 969254 107904 90799 680930 629031 692735 708184 408007 514614 826613 219111 425967 701825 296978 366739 962082 826267 48371 586618 16186 613344 982520 749942 360960 8439 674289 669612 917941 952315 469685 42461 785356 456687 862005 262939 730948 34166 336061 385124 754348 549981 551919 790254 727681 762489 908440 624690 793851
62100 18745 763879 591533 814573 793671 962007 371077 408510 605182 263250 103949 783137 626258 919680 129465 218062 709481 325044 222482 908400 257914 922643 656018 495808 971806 489222 822851 932184 551424 102197 225831 999521 669866 738666 423948 355077 606604 544268 606294 108078 772383 593869 448490 73473 238407 563070 354328 29562 537001 5819 494999 900309 479945
658716 44076 775704 537261 295332 210865 21373 493846 133123 422435 657327 508977 917373 687 942044 166906 979550 475922 276419 705897 17259 514913 230936 572250 900713 581709 482306 465842 873345 298384 153750 477259 918697 549115 103380 409358 348896 364175 951515 526220 977426 984324 313453 543704 373182 58120 981242 414336 871929 30343 599895 543639 765395 673479
586763 387641 16834 885060 592628 533457 21565 138315 917618 235001 570570 84733 571397 572459 265451 279968 569462 144712 833273 483915 325804 833054 704288 906123 394686 520661 449869 309115 794036 765297 492322 815142 676753 563238 700791 263735 376483 677268 663812 826708 452763 399806 414309 957854 924093 752895 75831 724719 868447 942148 710432 919292 279130 399315
905073 144484 581637 389994 366634 441535 72664 108858 64393 404282 126010 758208 141411 720895 819531 270087 11694 798153 114557 650828 251719 615838 194230 58961 124666 186293 65129 303639 606830 683359 244469 103757 957549 430259 40104 710320 116544 713532 517723 164533 284443 268476 421047 317681 759272 114277 852642 57675 171149 948198 627561 54339 673050 936877
974877 806768 291298 388551 927400 900140 16324 662372 872616 806780 672180 12136 137841 844643 748660 751160 303508 949115 791617 779476 394125 155856 883223 88495 199413 528140 132283 849472 283791 32582 788914 42205 918341 28146 574110 77284 673457 742228 48429 825039 71750 576233 489118 197892 359838 463262 592398 900474 180320 254947 813050 875402 465210 532506
779665 546114 637751 754168 72449 90857 873541 420799 772897 387140 953741 318092 228121 988839 140244 539276 824081 731556 112525 461054 126167 710729 286149 834855 301053 211469 869216 233921 775783 851824 676922 162845 608255 264397 113411 179177 194389 113867 989931 731039 874520 261231 927746 720144 799715 458737 198482 741348 19347 437334 368876 278967 437169 383193
570898 904955 361424 494782 161141 555515 895733 658789 122034 528419 606973 999368 937642 564337 227958 644310 936486 764219 269578 317647 18813 118873 132703 49066 898423 818844 451695 590972 261236 807310 183475 557635 643678 275682 846075 58101 696895 947520 414335 926575 165922 389762 887340 805362 81056 527844 981581 787532 265462 167555 372932 147660 396802 774366
358997 939470 499540 539018 874673 231022 17971 655857 670906 765967 416965 603067 572307 825503 363068 106720 232998 581453 630613 480449 983939 572453 606280 876356 37653 452548 294097 954304 240015 698911 918631 768393 901588 192055 106501 866247 202820 763940 841079 255213 71800 293706 397579 869456 312235 831347 904368 225311 864061 766856 170295 642075 449076 286023
245780 365010 230730 658124 556629 165597 136990 589375 783685 500599 434890 199069 804965 915348 723430 9019 527730 815349 603047 992386 724021 430832 587305 759570 713167 585685 280464 307642 25045 756284 27015 697847 410394 581102 122807 610046 914802 969843 334870 894020 18612 580057 617170 898099 749925 987 484536 270558 802655 630240 880988 457631 25091 446892
838726 142279 477985 589698 931967 220561 172323 873722 64836 84495 813931 708010 16005 330710 787446 545147 225189 988394 602710 618118 801502 62292 885899 437845 676778 749847 410371 774564 408176 573157 450554 956767 215570 111414 450998 277056 335007 438217 2985 754755 784508 754607 854831 184672 945588 640515 263821 295751 718725 941916 648641 934927 556595 297701
75826 127629 829425 719873 62920 989557 632204 34002 376656 207814 189248 765196 285516 949678 280479 359630 794526 603316 65412 248044 700736 679901 996839 893920 150785 373345 531285 235507 682391 637253 477330 506482 621458 111341 324651 139723 275900 298321 515284 543739 601900 986969 7731 980509 442151 349080 418578 330543 708170 167527 627624 881660 286835 689341
385163 992560 209451 281368 360109 856759 93678 916996 781916 857628 117114 57731 296050 681484 171819 652730 155450 461010 307610 418515 918108 837110 710238 524533 130785 179288 680906 758683 819358 777151 245840 193141 661727 425281 304631 91293 220628 419012 457774 937241 255095 993755 586567 609588 978000 551097 533729 693586 325752 185248 99346 491277 952061 892591
158617 105512 552054 717974 137214 359772 831567 349566 464610 187860 416972 833115 583730 121040 684059 963354 536737 92391 741316 627480 947162 225746 752217 828093 700574 864786 392081 779801 643226 729800 522228 95936 475895 97379 475115 369744 226305 413800 378691 120327 177419 173632 252408 376635 751477 549424 462460 289747 401551 886742 502332 810321 565321 986623
307893 955223 931254 38054 709929 345551 18993 423065 933611 751622 589420 204996 913848 729112 51988 701626 922151 945473 447026 888270 644073 153617 698110 984158 233810 905726 726935 263612 229438 691589 498072 252987 378497 383960 340263 550365 41763 914365 963623 510775 454975 716123 633904 55528 492151 146599 992339 424410 320054 466763 861643 182168 451854 547697
709213 544616 714317 562233 698909 461286 680004 614779 969592 991132 264252 424961 824776 376410 420839 294261 911404 895187 24248 209434 267396 407376 863479 780199 954127 406242 550744 710133 898102 714076 239684 921222 231284 865569 329633 665553 798234 488614 716521 760600 366333 467400 757989 925997 144294 253836 836819 219585 526116 888216 697775 486450 717410 389298
329065 658574 243226 607171 490402 877249 351577 556050 752551 156 356079 643903 430129 927311 97923 227874 156250 206435 598740 543469 552387 226826 73125 442928 151918 676539 576116 105549 911621 103612 813694 885980 44274 35119 579671 306330 806214 262838 503611 219055 679370 984151 369858 956171 964200 466589 648948 411372 186129 663959 790761 18872 783808 394872
96589 25309 423637 256849 874873 139026 816015 621587 515239 401419 443371 186777 451087 67396 945536 916919 892080 132682 542954 961262 690956 430657 217439 546649 504578 348411 884208 501743 460293 885055 686595 191216 441041 120388 9699 651943 935190 203465 955731 377200 250778 977369 736873 486331 385141 352851 681551 553813 179707 145899 95537 211249 660261 798099
946288 817099 276509 400559 836622 998631 387196 482747 16183 673945 308092 5121 550383 788214 580444 111529 565548 679757 389947 773429 718004 129055 693631 434402 929356 562251 717563 793306 235093 902442 118889 844491 542143 747013 523906 90776 88745 44635 200157 946596 326322 798631 373587 286635 680040 311718 138406 19501 219207 140066 650461 922049 510354 230552
9002 495168 739474 816618 23883 586465 888218 562351 755506 256567 459711 764298 462378 464245 573579 59238 391722 730161 136606 15558 434686 70202 918636 254859 486247 861020 970495 395132 298573 654856 439892 855557 23749 826539 988525 950351 392512 657494 316691 830075 672850 211551 438219 991316 754835 799342 766556 969560 324136 92187 388636 563532 735841 514360
967731 272713 609341 611592 55924 85916 550751 559735 795795 709486 750996 980830 599916 726434 703828 533128 616421 668873 351881 272426 133907 118534 90585 886209 952623 114687 128780 952340 244875 266270 513668 186489 14872 83760 420938 905765 764038 531392 705219 787568 56311 530743 548058 700699 537178 210408 769409 600464 546885 917792 536665 955719 387712 820121
785174 698769 848569 718617 583579 658071 2138 431117 177029 418605 55498 123036 99469 840224 264753 827689 285889 438608 312938 368069 515376 547144 80294 117426 179665 95733 146684 450021 87727 347227 618929 512818 556410 426669 70898 985878 461620 467402 660878 606031 366726 701347 759742 587689 894323 366188 519602 298605 121078 164351 18367 292968 493436 284980
917997 994189 294815 273684 994047 268330 796566 841938 305681 704171 955786 506220 922097 52901 460074 696375 850210 486853 170120 477257 69470 139810 454523 388830 563394 229056 372774 832621 569099 513288 464564 392414 822678 699835 59690 863211 730211 268691 912183 780796 169294 100593 652399 565375 197923 306003 925190 120308 615847 392356 514217 229540 195651 949840
718806 576387 472433 993374 191472 788824 164732 414513 710432 506623 912032 401463 585383 697121 141926 309698 5123 150453 628579 535115 617338 193008 991603 502127 83705 428260 898152 274732 179213 16429 88785 854836 181815 39142 800929 93321 14295 112682 200676 656462 70409 295322 585241 842237 192606 800326 908487 502366 770166 638962 378386 249710 478287 322184
796316 783755 380752 105728 269104 734308 454520 447458 299607 955757 985157 119728 674386 183825 608561 758935 164073 127781 960937 914189 571719 478512 951508 130558 390648 660064 754648 718686 754774 834982 244528 246234 8142 515348 411089 785571 294147 114369 417809 456574 493527 909563 591734 80110 881467 608708 893589 288697 629026 502591 354321 425124 293313 202413
232471 34659 671883 901675 460896 994896 424329 792772 942327 960670 413080 342158 284188 45522 328868 950424 66417 608050 199289 824358 324170 202215 814576 647994 231190 600511 188389 761299 147247 45956 370738 494513 954553 479511 882465 693013 209251 356479 316077 448545 196259 445132 667683 661179 220715 267762 349485 746153 238132 939151 2540 129710 37526 362370
90142 269784 954487 863781 83457 152628 175738 952316 742653 807956 340257 17775 680839 507688 45792 589325 266912 244394 544793 235039 609557 668737 428714 348554 586805 496584 898674 486196 227991 172653 795158 427941 788206 134411 105971 220778 524065 395430 348096 659140 230279 200882 144134 303367 979530 478500 840792 955685 410967 284055 927487 466352 206346 384718
416125 290647 810251 370678 449725 334569 64873 422634 499533 640283 860296 529776 475818 580516 873640 778399 396020 186497 410403 878072 543374 749646 712674 9380 115022 389442 765561 680624 141435 150007 464560 90078 211269 325506 900962 971500 872067 92843 164401 317239 945828 436200 568662 19332 572281 94845 109894 944457 577890 678933 637673 244061 240008 673813
316804 973842 653521 912242 933852 611565 587936 769460 259814 594864 327593 819162 376307 839366 242333 320971 461880 373747 612323 718784 683902 147005 868762 932414 378861 150329 42409 667603 540169 856444 929357 140877 924068 195127 500546 746606 755686 361435 323563 909416 202543 748706 1352 445234 422002 886156 148203 868054 392245 183036 811187 64766 547213 374689
976728 105973 509177 441013 396800 60881 50042 239487 848544 49036 978105 659964 654700 429782 854141 580000 187222 296645 187745 908169 14296 102169 404802 370858 685703 725846 139428 714484 464388 314724 535575 157817 324153 977206 19124 582473 97637 307547 671369 441682 364751 808530 802180 642422 210657 941852 624587 523116 500252 760841 944060 808596 952848 614559
235519 225787 541511 974231 450046 844897 711647 528872 320471 863586 324771 841381 413529 870102 428722 944934 174175 925701 530831 356084 242526 664423 8586 766996 648678 918226 319826 93733 46887 482705 358455 527235 842935 840696 322729 495035 315239 661060 702826 137447 41434 676413 578117 875519 539220 971529 565153 882139 78034 127324 756259 892874 577240 645301
968015 405170 121031 39238 980410 951562 544419 618183 729389 926762 201180 126231 486680 751250 553547 77650 957275 937195 855956 211790 653673 189059 629830 456775 965458 153353 492842 722958 457742 725954 886290 620785 802265 762807 70057 571858 402294 256908 113325 126529 204779 937920 34246 496187 511997 523594 806389 267728 174342 14839 24499 215242 427578 126885
632925 698564 481345 687299 477678 736982 544619 791220 245664 628027 682581 382246 998476 387735 772963 156454 637804 568369 605859 413968 764463 19189 596037 986271 890127 447394 477879 543804 8510 974537 200618 807812 741034 74381 464609 161657 778989 314593 964792 130340 438536 386377 51413 131570 86441 938554 790215 902768 101133 688341 467590 202194 98204 724355
626815 136743 382918 608287 302099 793546 902501 16322 702537 226104 5447 487151 24445 861639 798843 55623 25639 238998 896238 376060 8042 68747 356170 709817 894786 564639 34723 225588 725292 381474 952369 253544 666027 812883 387467 821026 841370 504530 607770 488448 498986 391144 901377 169257 86059 864828 495532 201925 720459 507865 214902 443355 562254 670567
850582 157973 45961 305660 247779 696839 511754 991023 822041 704936 673078 616843 649850 949223 451354 391646 428084 691848 491823 363535 426511 706399 69150 185806 993106 917913 536479 902462 756830 972124 394540 834636 588928 490017 924640 191703 687749 154286 904671 573365 41272 401543 708078 15977 111058 914106 641591 495099 700899 423308 803451 517488 561138 278684
526545 870974 780973 830757 798488 944565 355281 763087 168638 32591 47995 846550 701218 532681 919246 287321 724128 319645 456773 911973 411663 727749 887717 646100 893530 568646 657839 31385 799046 292639 475881 960846 434467 354901 877177 750362 650619 979544 355552 422365 422031 58444 926553 261921 449177 975146 536824 934674 45092 660288 279452 208734 164924 802217
267405 996480 665423 264713 228693 864422 828205 266221 786826 55177 440567 844485 527506 466351 58442 310410 778304 768360 236220 264284 664191 707305 419295 557716 58767 217642 9676 208513 288766 701847 530084 124084 387109 863703 910518 127122 652609 805828 198587 670529 467289 812938 209282 957226 683604 963988 607387 883529 642977 12256 471145 611659 973518 713409
903396 253871 42559 651839 148869 949112 753944 888922 216786 326323 60372 656239 42686 822720 953412 272373 681045 516353 300638 420266 443127 52077 422151 956696 898484 644188 425458 573242 991665 56548 514853 912684 769271 754057 494967 373247 110714 847917 449135 879390 793890 66748 107601 627133 750035 121984 219387 989199 921831 125393 694517 933517 445041 682943
305479 330382 658930 348192 311412 298729 99300 587992 866082 551066 430935 902170 414147 68682 573266 635242 372422 556620 768480 876675 755734 56636 564553 450032 394184 60666 865342 827057 71273 331985 632565 996123 808304 477742 567553 68022 657927 510301 673270 585469 217696 729476 986189 128954 800149 22230 713072 385404 659731 349735 626485 978771 701124 723697
115244 482681 862137 504581 486200 772906 812884 635188 176466 607736 324975 573153 693424 876002 498206 576967 304235 77543 367709 641107 542465 345996 481486 573513 273469 841849 675078 326552 537395 924845 303728 524249 725479 665488 866197 163265 112660 318918 810806 729640 378643 461907 842390 680906 508475 170657 428604 249763 438772 199332 756925 240569 61226 960324
253889 623845 330471 363023 794946 305926 137826 541085 293067 933626 30155 223037 37056 33420 550832 807837 710306 510883 650133 842878 217066 496819 809822 590053 435755 281194 249953 630030 719933 353871 444390 791897 759824 207455 784452 206843 968852 23992 283528 458977 245248 363971 23464 623806 984631 153275 925482 761834 176367 920444 705616 591450 949795 724764
373604 612732 885587 798115 666446 111432 238471 984068 301276 735092 311285 985937 535993 257751 742760 221680 417332 687720 503420 785471 602546 499038 205903 885639 963572 682579 849518 252556 193223 191039 584081 750007 95118 995605 279099 182115 82691 207922 24876 476934 272488 809676 20685 631303 15511 145962 99676 606034 960853 156452 585633 137113 780820 35695
508821 64118 47844 347468 126149 733179 114832 379446 28371 726124 555739 576331 963383 807373 283746 433055 241959 308739 864198 337280 892764 518718 895283 446307 844437 340366 730307 767952 353808 83496 176386 723852 648919 454577 620470 810694 984050 497961 463056 611104 942715 572049 720193 954605 693285 353960 845882 394589 230091 963253 332159 450611 576596 701815
751603 51047 668391 846643 980309 482882 441116 530121 112256 374132 726322 18238 524404 140469 749474 819581 351509 275547 117109 237558 709266 471863 149181 869056 434067 831048 931628 70595 21240 987432 450245 210629 587216 914 554244 207762 808929 681506 156531 210307 713511 440166 739346 262899 78572 25071 622465 656431 79112 930767 590183 412781 844584 468854
997930 915989 650765 77730 273881 325711 222984 113542 356279 527780 518732 405673 68141 189803 198799 14853 696287 251967 184139 601819 458861 107327 188047 547024 152487 460681 734239 708171 978735 662955 243041 54280 19802 544551 981798 953475 770540 599854 329097 331880 647526 192311 940117 391879 681946 145067 341070 364604 979940 270852 778283 350672 159527 352239
672761 570025 681753 695913 927222 169430 450779 335870 672623 82620 284376 786938 561879 701587 337578 148983 352213 320316 756008 337660 555866 455630 722150 310097 332845 811018 86490 522631 307157 269738 192174 65938 499430 786757 458556 894648 576017 921038 516597 977704 787122 359046 200220 354738 123981 306034 735380 712380 349286 573016 909430 211143 695528 711928
9442 638992 971699 467482 182566 836199 81331 970924 624446 564128 33421 151580 124071 586415 73130 410909 918971 402845 949667 732998 534425 27557 224710 476260 112029 479498 758124 500295 697307 206744 546319 140997 510224 631181 196001 488206 901752 107737 461892 133413 187826 926698 874320 372534 326230 428414 658156 692815 557839 86889 966363 782933 968227 909703
169745 970452 931251 162748 98070 203151 877328 282502 126178 264724 838035 696179 779695 200038 586130 33734 46727 930890 313594 761627 973817 572485 110314 954577 482317 367683 195460 972808 637572 821174 468270 167029 770441 438033 337213 474161 296316 692881 327227 380557 286938 149540 633211 140912 339091 135917 573985 124815 633990 635657 165706 416254 843172 808126
490053 209578 486051 836049 689042 238961 726649 412546 282075 17504 165533 789678 241055 587495 664455 122641 176050 452098 174721 879762 213132 533157 189205 179185 958899 42652 59808 65148 748682 221813 400258 633932 816308 176659 992256 484881 222427 119141 23562 158648 565863 729115 262573 563659 825554 96236 921896 370071 988293 351654 382181 543705 307853 674376
47989 25901 140533 136850 21498 646690 429750 357912 402171 855932 435831 368203 584518 122426 604074 106550 802916 432737 20212 524350 20099 933318 199913 860716 623381 996702 798327 519919 798858 358921 296427 729990 998973 39819 682891 205916 81690 728360 977482 562231 646319 556471 493395 875703 711869 261958 907757 423872 653065 569418 3997 569113 168168 969077
134598 520111 700431 732733 261739 450085 92607 326342 781963 182744 79099 755926 178894 642767 288597 203003 475041 972071 533920 711505 261337 567533 696870 921182 217456 443256 933154 188143 855561 461285 483342 726795 921648 705299 814929 699811 840525 910856 103787 634680 114644 5677 869211 511070 205005 389424 365260 929646 818541 148136 675207 696149 199932 58281
597575 470609 123452 811669 760467 100835 802721 517644 994208 139490 778427 223097 497084 997744 373312 153507 130241 17041 794336 349514 973756 82546 657438 867932 972261 988984 876615 728348 94097 128951 13652 556316 264082 357996 208560 792208 731591 128708 216506 369235 908629 409201 20711 832197 881329 640647 921652 994308 646058 28981 93975 500673 659320 638094
871497 628887 949111 446917 580871 808065 671010 766821 700508 326223 554973 369889 564135 637050 647471 441715 361421 745887 521849 224848 194724 435930 853350 128771 940533 402923 840281 998461 152191 567210 612815 683668 470952 495868 184521 655808 411958 563253 628301 293303 200126 532184 566378 592838 203578 622864 430193 227495 87884 816941 336139 657826 132547 927793
309065 609969 480285 238766 188867 348877 17885 689163 903440 350791 131891 761252 215799 248516 945079 276545 698459 405468 178843 15944 797488 766604 87045 837936 761496 984431 660295 311396 922911 477359 470908 581589 485308 529479 920970 906110 296567 666937 344281 583478 990245 957593 574096 127570 11434 747803 313577 180022 244293 779724 883358 630865 369168 85854
926637 615052 979827 561351 869560 182616 418196 134317 130491 803736 398522 132704 169466 731794 473260 230768 835930 635993 962080 722730 717285 322939 481240 376896 901635 837211 427239 856875 230004 896399 701587 904317 253328 839216 433289 670486 618919 499701 581677 905021 206718 955972 925399 597178 785331 972289 333684 203252 245114 237458 775443 882187 564189 8510
637973 276843 797897 16223 216172 956508 345937 553519 808982 883156 659373 795541 701190 327282 293490 467917 680865 674480 974875 405949 502752 476888 110132 648249 833135 672971 165727 493903 701867 662262 903342 45664 257815 695181 51814 965091 459214 75011 283717 625296 627464 959498 910841 802595 945846 969047 373709 897794 710679 822204 730249 389038 286969 996655
826576 418048 671400 902172 664021 829384 822520 257143 703212 395213 140989 738042 22504 211858 207072 807879 958668 357253 274938 41644 463459 500714 53422 489304 161213 215584 547803 167947 860180 358406 398487 863824 222698 880723 235807 821584 379878 960752 313646 7528 899041 656044 111696 585953 617087 965999 384577 697136 876025 764167 903005 883752 649317 516572
646414 61137 635513 669543 230437 303527 897683 641457 78786 526230 72226 951654 504508 540654 928708 115034 443464 644826 549723 269929 283346 36708 188493 639211 305392 958557 543403 608133 410583 75209 468627 412101 637747 908841 202793 196329 250280 265103 276933 361485 946944 770448 162196 697644 463205 113673 924142 845064 976515 978129 193235 623973 474158 4701
683975 134088 782500 304174 686220 999360 205685 802406 140140 59557 664216 173418 508953 354927 217035 955911 690230 652109 733884 516995 802916 716056 381720 43934 632922 217782 138643 492694 594921 547088 787367 786495 29467 170447 727272 271906 848217 499986 191301 824267 240823 43569 49589 433114 510480 686474 178689 77669 3751 519106 22930 341459 591009 400455
840619 557164 518444 300356 651469 347992 154206 221333 414710 902213 339136 95692 530096 290056 792893 234172 304980 602743 479380 723376 576863 46274 1540 625582 407655 224095 666319 381997 225795 463657 579038 383714 516575 164859 72988 640234 75752 301723 118630 235026 591493 554199 496829 724820 869698 682977 566779 145209 426209 377080 161601 945281 117993 940221
631476 764283 800657 338792 531160 556767 179107 226044 6133 904 605905 795941 86862 871726 900993 453245 148908 544128 643638 841496 501151 531627 646813 316172 93045 294013 656911 316325 286416 746823 546479 463069 842137 241804 222839 879253 321111 133652 751060 231065 981949 425794 465456 288966 226746 114446 404183 471431 813862 790015 100162 410123 799406 324816
727683 337831 159426 744036 842046 694123 509286 271508 243722 398614 104351 542286 920343 843299 484323 833026 43671 886366 225630 344773 35566 103364 775257 997208 251549 432761 266255 164335 997555 145596 132340 384893 985781 154441 713814 322226 558865 149157 627597 41246 424867 167409 380004 172756 377161 448289 278465 820983 306731 913659 75781 384795 676830 427788
413741 373178 379940 789369 891777 726120 383762 265372 651600 851695 329411 937157 776503 896496 33013 789857 893050 907716 497779 283693 607373 550848 110621 895041 187647 65108 678534 36890 586785 308091 512082 365631 723876 184841 7145 645517 415332 797540 945395 810364 86156 453973 489830 640810 494886 903358 482320 482900 276843 48237 676688 896386 387554 319996
815068 143217 470612 204711 2552 218476 532315 516141 918335 818400 336748 905508 514897 840095 699188 731378 77668 182810 175443 828746 604330 230519 864598 22181 248365 239326 725537 366862 868818 196750 994617 813613 304534 617029 643731 885406 615277 908905 801359 403136 359486 220365 21702 862412 349399 767466 963149 657973 719584 834319 164661 358656 433525 822592
120408 279883 507096 911913 379101 20289 239959 852177 759539 570164 651986 2449 593190 593405 371631 226691 825535 435107 701752 123974 586595 496348 877219 694026 450856 979378 425262 172543 159206 2954 897242 526159 254023 282252 478425 323511 864671 251550 309788 513520 449076 818810 192182 682322 228996 733993 122937 754284 408630 890975 437949 74492 93407 155349
153154 32991 70602 580402 419350 812418 382406 590396 107401 260082 651362 823840 452185 291174 179430 290010 135630 99574 750476 696244 765895 470795 814238 441980 331741 500009 81382 715444 248569 114193 921559 628919 788596 754315 860954 989653 584729 30145 651215 800014 582679 26692 126112 246438 260289 975082 806985 884325 199328 938539 484177 366757 949283 326342
