10000 20
6150 6166
3494 3495
5710 5714
2903 2918
4216 4219
4129 4144
5207 5210
3630 3636
757 771
7239 7254
1128 1137
3484 3490
6549 6555
3479 3484
3834 3846
9146 9162
5239 5240
3136 3153
7810 7821
1678 1693
10000 20
6150 6166
3494 3495
5710 5714
2903 2918
4216 4219
4129 4144
5207 5210
3630 3636
757 771
7239 7254
1128 1137
3484 3490
6549 6555
3479 3484
3834 3846
9146 9162
5239 5240
3136 3153
7810 7821
1678 1693
10000 20
9757 9762
5005 5010
1778 1786
2731 2746
8462 8472
4309 4325
9216 9219
2954 2969
7121 7122
4334 4350
4419 4427
8636 8640
8984 8996
1077 1092
3463 3479
8330 8341
1849 1865
8728 8733
8369 8380
4240 4256
10000 20
2813 2826
185 197
7392 7395
5589 5605
3418 3420
8125 8130
4160 4175
7069 7085
6131 6135
6968 6970
4982 4998
8155 8162
7640 7648
8152 8161
985 991
7821 7828
6903 6909
9873 9877
332 346
3757 3772
10000 20
8118 8120
5691 5692
7730 7734
292 308
4495 4506
411 420
7281 7295
6570 6574
7819 7835
7118 7125
2084 2087
6685 6690
3940 3943
839 842
3337 3342
3897 3906
7921 7930
2416 2427
1761 1765
1450 1452
10000 20
6542 6549
8777 8783
3043 3053
9587 9591
5840 5852
193 202
8777 8785
977 987
8787 8789
695 711
4581 4582
2396 2398
1298 1310
650 652
9919 9929
2813 2820
7551 7559
4216 4224
1707 1721
727 743
10000 20
4108 4115
1279 1293
9925 9931
5403 5404
1119 1136
7702 7719
1272 1286
8559 8574
3767 3778
8590 8594
6768 6779
4607 4608
9806 9814
2587 2598
1524 1525
5822 5826
4679 4686
5283 5288
8223 8238
6433 6437
10000 20
3044 3049
4766 4772
1692 1702
253 261
3317 3320
5982 5984
4648 4665
7082 7086
7745 7758
6687 6702
8221 8230
4905 4911
5666 5673
7728 7732
1924 1935
2430 2439
8547 8561
7823 7833
2224 2236
8920 8928
10000 20
4663 4680
1359 1368
6128 6142
3899 3916
5394 5396
7014 7023
2063 2065
3822 3827
4767 4773
7582 7596
4872 4886
1514 1523
8407 8418
8001 8007
372 383
1220 1236
4097 4109
6168 6174
9760 9768
3034 3038
10000 20
8332 8347
9432 9434
1847 1857
9287 9294
3609 3616
8373 8378
6275 6285
4654 4661
9076 9089
9963 9965
2112 2126
8898 8914
8566 8577
1481 1491
1466 1476
3257 3261
900 905
4390 4397
1327 1338
4213 4223
10000 20
5162 5176
6595 6603
3585 3593
1892 1901
8114 8131
890 907
3445 3458
2811 2827
1087 1092
888 895
5485 5501
7272 7286
9779 9785
8829 8845
7705 7707
8974 8989
6894 6902
5227 5233
2882 2899
4386 4388
10000 20
7940 7954
2364 2370
7570 7578
3848 3858
1606 1609
67 74
4885 4897
1328 1338
248 256
6230 6233
2590 2604
5134 5137
6772 6778
4329 4333
7568 7572
4243 4256
2386 2392
8889 8893
6735 6750
6973 6975
10000 20
1477 1481
8061 8078
4040 4056
9696 9709
9814 9815
5545 5561
1974 1980
1835 1845
3274 3275
9904 9907
4779 4795
6247 6264
4805 4820
7636 7643
4747 4758
4575 4579
8620 8624
5367 5371
2577 2578
6469 6476
10000 20
7957 7958
7846 7857
3831 3834
2049 2053
2896 2904
3443 3460
29 35
3418 3419
4804 4805
2275 2288
4114 4126
3376 3392
9760 9773
2292 2305
2460 2468
5328 5340
1117 1119
5644 5649
986 997
661 668
10000 20
2650 2665
9018 9031
6140 6144
1574 1582
9586 9596
8395 8399
1507 1514
1913 1920
8663 8676
8872 8887
8747 8759
26 40
5127 5144
3167 3182
2680 2695
6269 6283
3145 3154
1039 1054
8410 8425
9668 9685
10000 20
9710 9723
3014 3016
1263 1278
2491 2505
1460 1468
4020 4023
961 971
6407 6421
5506 5513
8691 8705
2542 2549
3560 3564
8777 8779
9835 9845
6327 6334
6082 6086
9337 9343
9077 9079
9447 9449
2978 2993
10000 20
3311 3318
5084 5085
3166 3179
644 654
4900 4910
5686 5697
4936 4942
8705 8715
1106 1115
9868 9878
5734 5745
8448 8465
9355 9370
9415 9420
818 819
5285 5297
2822 2823
3887 3900
1178 1193
1086 1089
10000 20
8682 8687
8406 8420
8846 8858
3212 3221
3820 3822
8518 8525
1496 1503
2149 2154
625 629
3299 3304
8173 8175
5920 5926
3900 3903
6175 6191
616 624
6863 6865
3153 3155
783 784
9812 9826
6445 6459
10000 20
4565 4572
9572 9580
3043 3054
2704 2707
3839 3856
2363 2374
8239 8252
2039 2044
6337 6340
6718 6719
1761 1770
598 609
9815 9828
8906 8910
8481 8484
3421 3431
928 936
3529 3542
8779 8790
2960 2964
10000 20
3466 3479
3565 3568
7704 7721
5488 5493
5119 5123
4194 4198
732 742
7976 7980
8793 8806
3520 3535
3364 3370
2772 2776
8455 8458
6005 6010
7172 7188
3160 3175
5581 5593
474 487
6073 6082
9314 9323
0 0 
