95 80
18 26 13 45 30 33 70 66 68 4 78 46 20 27 65 35 38 10 72 19 52 8 73 53 79 7 34 11 3 56 17 5 50 59 22 80 44 69 39 67 57 1 28 23 37 55 2 74 21 9 14 60 63 58 40 12 64 32 6 29 15 76 77 41 54 61 48 16 42 47 71 62 49 25 51 75 31 24 36 43
3858 3866 3853 3885 3870 3873 3910 3906 3908 3844 3918 3886 3860 3867 3905 3875 3878 3850 3912 3859 3892 3848 3913 3893 3919 3847 3874 3851 3843 3896 3857 3845 3890 3899 3862 3920 3884 3909 3879 3907 3897 3841 3868 3863 3877 3895 3842 3914 3861 3849 3854 3900 3903 3898 3880 3852 3904 3872 3846 3869 3855 3916 3917 3881 3894 3901 3888 3856 3882 3887 3911 3902 3889 3865 3891 3915 3871 3864 3876 3883
1858 1866 1853 1885 1870 1873 1910 1906 1908 1844 1918 1886 1860 1867 1905 1875 1878 1850 1912 1859 1892 1848 1913 1893 1919 1847 1874 1851 1843 1896 1857 1845 1890 1899 1862 1920 1884 1909 1879 1907 1897 1841 1868 1863 1877 1895 1842 1914 1861 1849 1854 1900 1903 1898 1880 1852 1904 1872 1846 1869 1855 1916 1917 1881 1894 1901 1888 1856 1882 1887 1911 1902 1889 1865 1891 1915 1871 1864 1876 1883
2818 2826 2813 2845 2830 2833 2870 2866 2868 2804 2878 2846 2820 2827 2865 2835 2838 2810 2872 2819 2852 2808 2873 2853 2879 2807 2834 2811 2803 2856 2817 2805 2850 2859 2822 2880 2844 2869 2839 2867 2857 2801 2828 2823 2837 2855 2802 2874 2821 2809 2814 2860 2863 2858 2840 2812 2864 2832 2806 2829 2815 2876 2877 2841 2854 2861 2848 2816 2842 2847 2871 2862 2849 2825 2851 2875 2831 2824 2836 2843
498 506 493 525 510 513 550 546 548 484 558 526 500 507 545 515 518 490 552 499 532 488 553 533 559 487 514 491 483 536 497 485 530 539 502 560 524 549 519 547 537 481 508 503 517 535 482 554 501 489 494 540 543 538 520 492 544 512 486 509 495 556 557 521 534 541 528 496 522 527 551 542 529 505 531 555 511 504 516 523
338 346 333 365 350 353 390 386 388 324 398 366 340 347 385 355 358 330 392 339 372 328 393 373 399 327 354 331 323 376 337 325 370 379 342 400 364 389 359 387 377 321 348 343 357 375 322 394 341 329 334 380 383 378 360 332 384 352 326 349 335 396 397 361 374 381 368 336 362 367 391 382 369 345 371 395 351 344 356 363
5298 5306 5293 5325 5310 5313 5350 5346 5348 5284 5358 5326 5300 5307 5345 5315 5318 5290 5352 5299 5332 5288 5353 5333 5359 5287 5314 5291 5283 5336 5297 5285 5330 5339 5302 5360 5324 5349 5319 5347 5337 5281 5308 5303 5317 5335 5282 5354 5301 5289 5294 5340 5343 5338 5320 5292 5344 5312 5286 5309 5295 5356 5357 5321 5334 5341 5328 5296 5322 5327 5351 5342 5329 5305 5331 5355 5311 5304 5316 5323
5618 5626 5613 5645 5630 5633 5670 5666 5668 5604 5678 5646 5620 5627 5665 5635 5638 5610 5672 5619 5652 5608 5673 5653 5679 5607 5634 5611 5603 5656 5617 5605 5650 5659 5622 5680 5644 5669 5639 5667 5657 5601 5628 5623 5637 5655 5602 5674 5621 5609 5614 5660 5663 5658 5640 5612 5664 5632 5606 5629 5615 5676 5677 5641 5654 5661 5648 5616 5642 5647 5671 5662 5649 5625 5651 5675 5631 5624 5636 5643
6498 6506 6493 6525 6510 6513 6550 6546 6548 6484 6558 6526 6500 6507 6545 6515 6518 6490 6552 6499 6532 6488 6553 6533 6559 6487 6514 6491 6483 6536 6497 6485 6530 6539 6502 6560 6524 6549 6519 6547 6537 6481 6508 6503 6517 6535 6482 6554 6501 6489 6494 6540 6543 6538 6520 6492 6544 6512 6486 6509 6495 6556 6557 6521 6534 6541 6528 6496 6522 6527 6551 6542 6529 6505 6531 6555 6511 6504 6516 6523
6978 6986 6973 7005 6990 6993 7030 7026 7028 6964 7038 7006 6980 6987 7025 6995 6998 6970 7032 6979 7012 6968 7033 7013 7039 6967 6994 6971 6963 7016 6977 6965 7010 7019 6982 7040 7004 7029 6999 7027 7017 6961 6988 6983 6997 7015 6962 7034 6981 6969 6974 7020 7023 7018 7000 6972 7024 6992 6966 6989 6975 7036 7037 7001 7014 7021 7008 6976 7002 7007 7031 7022 7009 6985 7011 7035 6991 6984 6996 7003
7138 7146 7133 7165 7150 7153 7190 7186 7188 7124 7198 7166 7140 7147 7185 7155 7158 7130 7192 7139 7172 7128 7193 7173 7199 7127 7154 7131 7123 7176 7137 7125 7170 7179 7142 7200 7164 7189 7159 7187 7177 7121 7148 7143 7157 7175 7122 7194 7141 7129 7134 7180 7183 7178 7160 7132 7184 7152 7126 7149 7135 7196 7197 7161 7174 7181 7168 7136 7162 7167 7191 7182 7169 7145 7171 7195 7151 7144 7156 7163
7058 7066 7053 7085 7070 7073 7110 7106 7108 7044 7118 7086 7060 7067 7105 7075 7078 7050 7112 7059 7092 7048 7113 7093 7119 7047 7074 7051 7043 7096 7057 7045 7090 7099 7062 7120 7084 7109 7079 7107 7097 7041 7068 7063 7077 7095 7042 7114 7061 7049 7054 7100 7103 7098 7080 7052 7104 7072 7046 7069 7055 7116 7117 7081 7094 7101 7088 7056 7082 7087 7111 7102 7089 7065 7091 7115 7071 7064 7076 7083
2658 2666 2653 2685 2670 2673 2710 2706 2708 2644 2718 2686 2660 2667 2705 2675 2678 2650 2712 2659 2692 2648 2713 2693 2719 2647 2674 2651 2643 2696 2657 2645 2690 2699 2662 2720 2684 2709 2679 2707 2697 2641 2668 2663 2677 2695 2642 2714 2661 2649 2654 2700 2703 2698 2680 2652 2704 2672 2646 2669 2655 2716 2717 2681 2694 2701 2688 2656 2682 2687 2711 2702 2689 2665 2691 2715 2671 2664 2676 2683
258 266 253 285 270 273 310 306 308 244 318 286 260 267 305 275 278 250 312 259 292 248 313 293 319 247 274 251 243 296 257 245 290 299 262 320 284 309 279 307 297 241 268 263 277 295 242 314 261 249 254 300 303 298 280 252 304 272 246 269 255 316 317 281 294 301 288 256 282 287 311 302 289 265 291 315 271 264 276 283
2178 2186 2173 2205 2190 2193 2230 2226 2228 2164 2238 2206 2180 2187 2225 2195 2198 2170 2232 2179 2212 2168 2233 2213 2239 2167 2194 2171 2163 2216 2177 2165 2210 2219 2182 2240 2204 2229 2199 2227 2217 2161 2188 2183 2197 2215 2162 2234 2181 2169 2174 2220 2223 2218 2200 2172 2224 2192 2166 2189 2175 2236 2237 2201 2214 2221 2208 2176 2202 2207 2231 2222 2209 2185 2211 2235 2191 2184 2196 2203
3218 3226 3213 3245 3230 3233 3270 3266 3268 3204 3278 3246 3220 3227 3265 3235 3238 3210 3272 3219 3252 3208 3273 3253 3279 3207 3234 3211 3203 3256 3217 3205 3250 3259 3222 3280 3244 3269 3239 3267 3257 3201 3228 3223 3237 3255 3202 3274 3221 3209 3214 3260 3263 3258 3240 3212 3264 3232 3206 3229 3215 3276 3277 3241 3254 3261 3248 3216 3242 3247 3271 3262 3249 3225 3251 3275 3231 3224 3236 3243
818 826 813 845 830 833 870 866 868 804 878 846 820 827 865 835 838 810 872 819 852 808 873 853 879 807 834 811 803 856 817 805 850 859 822 880 844 869 839 867 857 801 828 823 837 855 802 874 821 809 814 860 863 858 840 812 864 832 806 829 815 876 877 841 854 861 848 816 842 847 871 862 849 825 851 875 831 824 836 843
2498 2506 2493 2525 2510 2513 2550 2546 2548 2484 2558 2526 2500 2507 2545 2515 2518 2490 2552 2499 2532 2488 2553 2533 2559 2487 2514 2491 2483 2536 2497 2485 2530 2539 2502 2560 2524 2549 2519 2547 2537 2481 2508 2503 2517 2535 2482 2554 2501 2489 2494 2540 2543 2538 2520 2492 2544 2512 2486 2509 2495 2556 2557 2521 2534 2541 2528 2496 2522 2527 2551 2542 2529 2505 2531 2555 2511 2504 2516 2523
4498 4506 4493 4525 4510 4513 4550 4546 4548 4484 4558 4526 4500 4507 4545 4515 4518 4490 4552 4499 4532 4488 4553 4533 4559 4487 4514 4491 4483 4536 4497 4485 4530 4539 4502 4560 4524 4549 4519 4547 4537 4481 4508 4503 4517 4535 4482 4554 4501 4489 4494 4540 4543 4538 4520 4492 4544 4512 4486 4509 4495 4556 4557 4521 4534 4541 4528 4496 4522 4527 4551 4542 4529 4505 4531 4555 4511 4504 4516 4523
6178 6186 6173 6205 6190 6193 6230 6226 6228 6164 6238 6206 6180 6187 6225 6195 6198 6170 6232 6179 6212 6168 6233 6213 6239 6167 6194 6171 6163 6216 6177 6165 6210 6219 6182 6240 6204 6229 6199 6227 6217 6161 6188 6183 6197 6215 6162 6234 6181 6169 6174 6220 6223 6218 6200 6172 6224 6192 6166 6189 6175 6236 6237 6201 6214 6221 6208 6176 6202 6207 6231 6222 6209 6185 6211 6235 6191 6184 6196 6203
2898 2906 2893 2925 2910 2913 2950 2946 2948 2884 2958 2926 2900 2907 2945 2915 2918 2890 2952 2899 2932 2888 2953 2933 2959 2887 2914 2891 2883 2936 2897 2885 2930 2939 2902 2960 2924 2949 2919 2947 2937 2881 2908 2903 2917 2935 2882 2954 2901 2889 2894 2940 2943 2938 2920 2892 2944 2912 2886 2909 2895 2956 2957 2921 2934 2941 2928 2896 2922 2927 2951 2942 2929 2905 2931 2955 2911 2904 2916 2923
3938 3946 3933 3965 3950 3953 3990 3986 3988 3924 3998 3966 3940 3947 3985 3955 3958 3930 3992 3939 3972 3928 3993 3973 3999 3927 3954 3931 3923 3976 3937 3925 3970 3979 3942 4000 3964 3989 3959 3987 3977 3921 3948 3943 3957 3975 3922 3994 3941 3929 3934 3980 3983 3978 3960 3932 3984 3952 3926 3949 3935 3996 3997 3961 3974 3981 3968 3936 3962 3967 3991 3982 3969 3945 3971 3995 3951 3944 3956 3963
4738 4746 4733 4765 4750 4753 4790 4786 4788 4724 4798 4766 4740 4747 4785 4755 4758 4730 4792 4739 4772 4728 4793 4773 4799 4727 4754 4731 4723 4776 4737 4725 4770 4779 4742 4800 4764 4789 4759 4787 4777 4721 4748 4743 4757 4775 4722 4794 4741 4729 4734 4780 4783 4778 4760 4732 4784 4752 4726 4749 4735 4796 4797 4761 4774 4781 4768 4736 4762 4767 4791 4782 4769 4745 4771 4795 4751 4744 4756 4763
6418 6426 6413 6445 6430 6433 6470 6466 6468 6404 6478 6446 6420 6427 6465 6435 6438 6410 6472 6419 6452 6408 6473 6453 6479 6407 6434 6411 6403 6456 6417 6405 6450 6459 6422 6480 6444 6469 6439 6467 6457 6401 6428 6423 6437 6455 6402 6474 6421 6409 6414 6460 6463 6458 6440 6412 6464 6432 6406 6429 6415 6476 6477 6441 6454 6461 6448 6416 6442 6447 6471 6462 6449 6425 6451 6475 6431 6424 6436 6443
3618 3626 3613 3645 3630 3633 3670 3666 3668 3604 3678 3646 3620 3627 3665 3635 3638 3610 3672 3619 3652 3608 3673 3653 3679 3607 3634 3611 3603 3656 3617 3605 3650 3659 3622 3680 3644 3669 3639 3667 3657 3601 3628 3623 3637 3655 3602 3674 3621 3609 3614 3660 3663 3658 3640 3612 3664 3632 3606 3629 3615 3676 3677 3641 3654 3661 3648 3616 3642 3647 3671 3662 3649 3625 3651 3675 3631 3624 3636 3643
5058 5066 5053 5085 5070 5073 5110 5106 5108 5044 5118 5086 5060 5067 5105 5075 5078 5050 5112 5059 5092 5048 5113 5093 5119 5047 5074 5051 5043 5096 5057 5045 5090 5099 5062 5120 5084 5109 5079 5107 5097 5041 5068 5063 5077 5095 5042 5114 5061 5049 5054 5100 5103 5098 5080 5052 5104 5072 5046 5069 5055 5116 5117 5081 5094 5101 5088 5056 5082 5087 5111 5102 5089 5065 5091 5115 5071 5064 5076 5083
3698 3706 3693 3725 3710 3713 3750 3746 3748 3684 3758 3726 3700 3707 3745 3715 3718 3690 3752 3699 3732 3688 3753 3733 3759 3687 3714 3691 3683 3736 3697 3685 3730 3739 3702 3760 3724 3749 3719 3747 3737 3681 3708 3703 3717 3735 3682 3754 3701 3689 3694 3740 3743 3738 3720 3692 3744 3712 3686 3709 3695 3756 3757 3721 3734 3741 3728 3696 3722 3727 3751 3742 3729 3705 3731 3755 3711 3704 3716 3723
3378 3386 3373 3405 3390 3393 3430 3426 3428 3364 3438 3406 3380 3387 3425 3395 3398 3370 3432 3379 3412 3368 3433 3413 3439 3367 3394 3371 3363 3416 3377 3365 3410 3419 3382 3440 3404 3429 3399 3427 3417 3361 3388 3383 3397 3415 3362 3434 3381 3369 3374 3420 3423 3418 3400 3372 3424 3392 3366 3389 3375 3436 3437 3401 3414 3421 3408 3376 3402 3407 3431 3422 3409 3385 3411 3435 3391 3384 3396 3403
2578 2586 2573 2605 2590 2593 2630 2626 2628 2564 2638 2606 2580 2587 2625 2595 2598 2570 2632 2579 2612 2568 2633 2613 2639 2567 2594 2571 2563 2616 2577 2565 2610 2619 2582 2640 2604 2629 2599 2627 2617 2561 2588 2583 2597 2615 2562 2634 2581 2569 2574 2620 2623 2618 2600 2572 2624 2592 2566 2589 2575 2636 2637 2601 2614 2621 2608 2576 2602 2607 2631 2622 2609 2585 2611 2635 2591 2584 2596 2603
2418 2426 2413 2445 2430 2433 2470 2466 2468 2404 2478 2446 2420 2427 2465 2435 2438 2410 2472 2419 2452 2408 2473 2453 2479 2407 2434 2411 2403 2456 2417 2405 2450 2459 2422 2480 2444 2469 2439 2467 2457 2401 2428 2423 2437 2455 2402 2474 2421 2409 2414 2460 2463 2458 2440 2412 2464 2432 2406 2429 2415 2476 2477 2441 2454 2461 2448 2416 2442 2447 2471 2462 2449 2425 2451 2475 2431 2424 2436 2443
4898 4906 4893 4925 4910 4913 4950 4946 4948 4884 4958 4926 4900 4907 4945 4915 4918 4890 4952 4899 4932 4888 4953 4933 4959 4887 4914 4891 4883 4936 4897 4885 4930 4939 4902 4960 4924 4949 4919 4947 4937 4881 4908 4903 4917 4935 4882 4954 4901 4889 4894 4940 4943 4938 4920 4892 4944 4912 4886 4909 4895 4956 4957 4921 4934 4941 4928 4896 4922 4927 4951 4942 4929 4905 4931 4955 4911 4904 4916 4923
4978 4986 4973 5005 4990 4993 5030 5026 5028 4964 5038 5006 4980 4987 5025 4995 4998 4970 5032 4979 5012 4968 5033 5013 5039 4967 4994 4971 4963 5016 4977 4965 5010 5019 4982 5040 5004 5029 4999 5027 5017 4961 4988 4983 4997 5015 4962 5034 4981 4969 4974 5020 5023 5018 5000 4972 5024 4992 4966 4989 4975 5036 5037 5001 5014 5021 5008 4976 5002 5007 5031 5022 5009 4985 5011 5035 4991 4984 4996 5003
1458 1466 1453 1485 1470 1473 1510 1506 1508 1444 1518 1486 1460 1467 1505 1475 1478 1450 1512 1459 1492 1448 1513 1493 1519 1447 1474 1451 1443 1496 1457 1445 1490 1499 1462 1520 1484 1509 1479 1507 1497 1441 1468 1463 1477 1495 1442 1514 1461 1449 1454 1500 1503 1498 1480 1452 1504 1472 1446 1469 1455 1516 1517 1481 1494 1501 1488 1456 1482 1487 1511 1502 1489 1465 1491 1515 1471 1464 1476 1483
6818 6826 6813 6845 6830 6833 6870 6866 6868 6804 6878 6846 6820 6827 6865 6835 6838 6810 6872 6819 6852 6808 6873 6853 6879 6807 6834 6811 6803 6856 6817 6805 6850 6859 6822 6880 6844 6869 6839 6867 6857 6801 6828 6823 6837 6855 6802 6874 6821 6809 6814 6860 6863 6858 6840 6812 6864 6832 6806 6829 6815 6876 6877 6841 6854 6861 6848 6816 6842 6847 6871 6862 6849 6825 6851 6875 6831 6824 6836 6843
4098 4106 4093 4125 4110 4113 4150 4146 4148 4084 4158 4126 4100 4107 4145 4115 4118 4090 4152 4099 4132 4088 4153 4133 4159 4087 4114 4091 4083 4136 4097 4085 4130 4139 4102 4160 4124 4149 4119 4147 4137 4081 4108 4103 4117 4135 4082 4154 4101 4089 4094 4140 4143 4138 4120 4092 4144 4112 4086 4109 4095 4156 4157 4121 4134 4141 4128 4096 4122 4127 4151 4142 4129 4105 4131 4155 4111 4104 4116 4123
5938 5946 5933 5965 5950 5953 5990 5986 5988 5924 5998 5966 5940 5947 5985 5955 5958 5930 5992 5939 5972 5928 5993 5973 5999 5927 5954 5931 5923 5976 5937 5925 5970 5979 5942 6000 5964 5989 5959 5987 5977 5921 5948 5943 5957 5975 5922 5994 5941 5929 5934 5980 5983 5978 5960 5932 5984 5952 5926 5949 5935 5996 5997 5961 5974 5981 5968 5936 5962 5967 5991 5982 5969 5945 5971 5995 5951 5944 5956 5963
6018 6026 6013 6045 6030 6033 6070 6066 6068 6004 6078 6046 6020 6027 6065 6035 6038 6010 6072 6019 6052 6008 6073 6053 6079 6007 6034 6011 6003 6056 6017 6005 6050 6059 6022 6080 6044 6069 6039 6067 6057 6001 6028 6023 6037 6055 6002 6074 6021 6009 6014 6060 6063 6058 6040 6012 6064 6032 6006 6029 6015 6076 6077 6041 6054 6061 6048 6016 6042 6047 6071 6062 6049 6025 6051 6075 6031 6024 6036 6043
7218 7226 7213 7245 7230 7233 7270 7266 7268 7204 7278 7246 7220 7227 7265 7235 7238 7210 7272 7219 7252 7208 7273 7253 7279 7207 7234 7211 7203 7256 7217 7205 7250 7259 7222 7280 7244 7269 7239 7267 7257 7201 7228 7223 7237 7255 7202 7274 7221 7209 7214 7260 7263 7258 7240 7212 7264 7232 7206 7229 7215 7276 7277 7241 7254 7261 7248 7216 7242 7247 7271 7262 7249 7225 7251 7275 7231 7224 7236 7243
6738 6746 6733 6765 6750 6753 6790 6786 6788 6724 6798 6766 6740 6747 6785 6755 6758 6730 6792 6739 6772 6728 6793 6773 6799 6727 6754 6731 6723 6776 6737 6725 6770 6779 6742 6800 6764 6789 6759 6787 6777 6721 6748 6743 6757 6775 6722 6794 6741 6729 6734 6780 6783 6778 6760 6732 6784 6752 6726 6749 6735 6796 6797 6761 6774 6781 6768 6736 6762 6767 6791 6782 6769 6745 6771 6795 6751 6744 6756 6763
6098 6106 6093 6125 6110 6113 6150 6146 6148 6084 6158 6126 6100 6107 6145 6115 6118 6090 6152 6099 6132 6088 6153 6133 6159 6087 6114 6091 6083 6136 6097 6085 6130 6139 6102 6160 6124 6149 6119 6147 6137 6081 6108 6103 6117 6135 6082 6154 6101 6089 6094 6140 6143 6138 6120 6092 6144 6112 6086 6109 6095 6156 6157 6121 6134 6141 6128 6096 6122 6127 6151 6142 6129 6105 6131 6155 6111 6104 6116 6123
4418 4426 4413 4445 4430 4433 4470 4466 4468 4404 4478 4446 4420 4427 4465 4435 4438 4410 4472 4419 4452 4408 4473 4453 4479 4407 4434 4411 4403 4456 4417 4405 4450 4459 4422 4480 4444 4469 4439 4467 4457 4401 4428 4423 4437 4455 4402 4474 4421 4409 4414 4460 4463 4458 4440 4412 4464 4432 4406 4429 4415 4476 4477 4441 4454 4461 4448 4416 4442 4447 4471 4462 4449 4425 4451 4475 4431 4424 4436 4443
98 106 93 125 110 113 150 146 148 84 158 126 100 107 145 115 118 90 152 99 132 88 153 133 159 87 114 91 83 136 97 85 130 139 102 160 124 149 119 147 137 81 108 103 117 135 82 154 101 89 94 140 143 138 120 92 144 112 86 109 95 156 157 121 134 141 128 96 122 127 151 142 129 105 131 155 111 104 116 123
4258 4266 4253 4285 4270 4273 4310 4306 4308 4244 4318 4286 4260 4267 4305 4275 4278 4250 4312 4259 4292 4248 4313 4293 4319 4247 4274 4251 4243 4296 4257 4245 4290 4299 4262 4320 4284 4309 4279 4307 4297 4241 4268 4263 4277 4295 4242 4314 4261 4249 4254 4300 4303 4298 4280 4252 4304 4272 4246 4269 4255 4316 4317 4281 4294 4301 4288 4256 4282 4287 4311 4302 4289 4265 4291 4315 4271 4264 4276 4283
1938 1946 1933 1965 1950 1953 1990 1986 1988 1924 1998 1966 1940 1947 1985 1955 1958 1930 1992 1939 1972 1928 1993 1973 1999 1927 1954 1931 1923 1976 1937 1925 1970 1979 1942 2000 1964 1989 1959 1987 1977 1921 1948 1943 1957 1975 1922 1994 1941 1929 1934 1980 1983 1978 1960 1932 1984 1952 1926 1949 1935 1996 1997 1961 1974 1981 1968 1936 1962 1967 1991 1982 1969 1945 1971 1995 1951 1944 1956 1963
418 426 413 445 430 433 470 466 468 404 478 446 420 427 465 435 438 410 472 419 452 408 473 453 479 407 434 411 403 456 417 405 450 459 422 480 444 469 439 467 457 401 428 423 437 455 402 474 421 409 414 460 463 458 440 412 464 432 406 429 415 476 477 441 454 461 448 416 442 447 471 462 449 425 451 475 431 424 436 443
4818 4826 4813 4845 4830 4833 4870 4866 4868 4804 4878 4846 4820 4827 4865 4835 4838 4810 4872 4819 4852 4808 4873 4853 4879 4807 4834 4811 4803 4856 4817 4805 4850 4859 4822 4880 4844 4869 4839 4867 4857 4801 4828 4823 4837 4855 4802 4874 4821 4809 4814 4860 4863 4858 4840 4812 4864 4832 4806 4829 4815 4876 4877 4841 4854 4861 4848 4816 4842 4847 4871 4862 4849 4825 4851 4875 4831 4824 4836 4843
578 586 573 605 590 593 630 626 628 564 638 606 580 587 625 595 598 570 632 579 612 568 633 613 639 567 594 571 563 616 577 565 610 619 582 640 604 629 599 627 617 561 588 583 597 615 562 634 581 569 574 620 623 618 600 572 624 592 566 589 575 636 637 601 614 621 608 576 602 607 631 622 609 585 611 635 591 584 596 603
5458 5466 5453 5485 5470 5473 5510 5506 5508 5444 5518 5486 5460 5467 5505 5475 5478 5450 5512 5459 5492 5448 5513 5493 5519 5447 5474 5451 5443 5496 5457 5445 5490 5499 5462 5520 5484 5509 5479 5507 5497 5441 5468 5463 5477 5495 5442 5514 5461 5449 5454 5500 5503 5498 5480 5452 5504 5472 5446 5469 5455 5516 5517 5481 5494 5501 5488 5456 5482 5487 5511 5502 5489 5465 5491 5515 5471 5464 5476 5483
978 986 973 1005 990 993 1030 1026 1028 964 1038 1006 980 987 1025 995 998 970 1032 979 1012 968 1033 1013 1039 967 994 971 963 1016 977 965 1010 1019 982 1040 1004 1029 999 1027 1017 961 988 983 997 1015 962 1034 981 969 974 1020 1023 1018 1000 972 1024 992 966 989 975 1036 1037 1001 1014 1021 1008 976 1002 1007 1031 1022 1009 985 1011 1035 991 984 996 1003
4178 4186 4173 4205 4190 4193 4230 4226 4228 4164 4238 4206 4180 4187 4225 4195 4198 4170 4232 4179 4212 4168 4233 4213 4239 4167 4194 4171 4163 4216 4177 4165 4210 4219 4182 4240 4204 4229 4199 4227 4217 4161 4188 4183 4197 4215 4162 4234 4181 4169 4174 4220 4223 4218 4200 4172 4224 4192 4166 4189 4175 4236 4237 4201 4214 4221 4208 4176 4202 4207 4231 4222 4209 4185 4211 4235 4191 4184 4196 4203
738 746 733 765 750 753 790 786 788 724 798 766 740 747 785 755 758 730 792 739 772 728 793 773 799 727 754 731 723 776 737 725 770 779 742 800 764 789 759 787 777 721 748 743 757 775 722 794 741 729 734 780 783 778 760 732 784 752 726 749 735 796 797 761 774 781 768 736 762 767 791 782 769 745 771 795 751 744 756 763
2978 2986 2973 3005 2990 2993 3030 3026 3028 2964 3038 3006 2980 2987 3025 2995 2998 2970 3032 2979 3012 2968 3033 3013 3039 2967 2994 2971 2963 3016 2977 2965 3010 3019 2982 3040 3004 3029 2999 3027 3017 2961 2988 2983 2997 3015 2962 3034 2981 2969 2974 3020 3023 3018 3000 2972 3024 2992 2966 2989 2975 3036 3037 3001 3014 3021 3008 2976 3002 3007 3031 3022 3009 2985 3011 3035 2991 2984 2996 3003
658 666 653 685 670 673 710 706 708 644 718 686 660 667 705 675 678 650 712 659 692 648 713 693 719 647 674 651 643 696 657 645 690 699 662 720 684 709 679 707 697 641 668 663 677 695 642 714 661 649 654 700 703 698 680 652 704 672 646 669 655 716 717 681 694 701 688 656 682 687 711 702 689 665 691 715 671 664 676 683
3138 3146 3133 3165 3150 3153 3190 3186 3188 3124 3198 3166 3140 3147 3185 3155 3158 3130 3192 3139 3172 3128 3193 3173 3199 3127 3154 3131 3123 3176 3137 3125 3170 3179 3142 3200 3164 3189 3159 3187 3177 3121 3148 3143 3157 3175 3122 3194 3141 3129 3134 3180 3183 3178 3160 3132 3184 3152 3126 3149 3135 3196 3197 3161 3174 3181 3168 3136 3162 3167 3191 3182 3169 3145 3171 3195 3151 3144 3156 3163
5378 5386 5373 5405 5390 5393 5430 5426 5428 5364 5438 5406 5380 5387 5425 5395 5398 5370 5432 5379 5412 5368 5433 5413 5439 5367 5394 5371 5363 5416 5377 5365 5410 5419 5382 5440 5404 5429 5399 5427 5417 5361 5388 5383 5397 5415 5362 5434 5381 5369 5374 5420 5423 5418 5400 5372 5424 5392 5366 5389 5375 5436 5437 5401 5414 5421 5408 5376 5402 5407 5431 5422 5409 5385 5411 5435 5391 5384 5396 5403
1298 1306 1293 1325 1310 1313 1350 1346 1348 1284 1358 1326 1300 1307 1345 1315 1318 1290 1352 1299 1332 1288 1353 1333 1359 1287 1314 1291 1283 1336 1297 1285 1330 1339 1302 1360 1324 1349 1319 1347 1337 1281 1308 1303 1317 1335 1282 1354 1301 1289 1294 1340 1343 1338 1320 1292 1344 1312 1286 1309 1295 1356 1357 1321 1334 1341 1328 1296 1322 1327 1351 1342 1329 1305 1331 1355 1311 1304 1316 1323
2258 2266 2253 2285 2270 2273 2310 2306 2308 2244 2318 2286 2260 2267 2305 2275 2278 2250 2312 2259 2292 2248 2313 2293 2319 2247 2274 2251 2243 2296 2257 2245 2290 2299 2262 2320 2284 2309 2279 2307 2297 2241 2268 2263 2277 2295 2242 2314 2261 2249 2254 2300 2303 2298 2280 2252 2304 2272 2246 2269 2255 2316 2317 2281 2294 2301 2288 2256 2282 2287 2311 2302 2289 2265 2291 2315 2271 2264 2276 2283
2098 2106 2093 2125 2110 2113 2150 2146 2148 2084 2158 2126 2100 2107 2145 2115 2118 2090 2152 2099 2132 2088 2153 2133 2159 2087 2114 2091 2083 2136 2097 2085 2130 2139 2102 2160 2124 2149 2119 2147 2137 2081 2108 2103 2117 2135 2082 2154 2101 2089 2094 2140 2143 2138 2120 2092 2144 2112 2086 2109 2095 2156 2157 2121 2134 2141 2128 2096 2122 2127 2151 2142 2129 2105 2131 2155 2111 2104 2116 2123
1698 1706 1693 1725 1710 1713 1750 1746 1748 1684 1758 1726 1700 1707 1745 1715 1718 1690 1752 1699 1732 1688 1753 1733 1759 1687 1714 1691 1683 1736 1697 1685 1730 1739 1702 1760 1724 1749 1719 1747 1737 1681 1708 1703 1717 1735 1682 1754 1701 1689 1694 1740 1743 1738 1720 1692 1744 1712 1686 1709 1695 1756 1757 1721 1734 1741 1728 1696 1722 1727 1751 1742 1729 1705 1731 1755 1711 1704 1716 1723
3298 3306 3293 3325 3310 3313 3350 3346 3348 3284 3358 3326 3300 3307 3345 3315 3318 3290 3352 3299 3332 3288 3353 3333 3359 3287 3314 3291 3283 3336 3297 3285 3330 3339 3302 3360 3324 3349 3319 3347 3337 3281 3308 3303 3317 3335 3282 3354 3301 3289 3294 3340 3343 3338 3320 3292 3344 3312 3286 3309 3295 3356 3357 3321 3334 3341 3328 3296 3322 3327 3351 3342 3329 3305 3331 3355 3311 3304 3316 3323
6258 6266 6253 6285 6270 6273 6310 6306 6308 6244 6318 6286 6260 6267 6305 6275 6278 6250 6312 6259 6292 6248 6313 6293 6319 6247 6274 6251 6243 6296 6257 6245 6290 6299 6262 6320 6284 6309 6279 6307 6297 6241 6268 6263 6277 6295 6242 6314 6261 6249 6254 6300 6303 6298 6280 6252 6304 6272 6246 6269 6255 6316 6317 6281 6294 6301 6288 6256 6282 6287 6311 6302 6289 6265 6291 6315 6271 6264 6276 6283
1538 1546 1533 1565 1550 1553 1590 1586 1588 1524 1598 1566 1540 1547 1585 1555 1558 1530 1592 1539 1572 1528 1593 1573 1599 1527 1554 1531 1523 1576 1537 1525 1570 1579 1542 1600 1564 1589 1559 1587 1577 1521 1548 1543 1557 1575 1522 1594 1541 1529 1534 1580 1583 1578 1560 1532 1584 1552 1526 1549 1535 1596 1597 1561 1574 1581 1568 1536 1562 1567 1591 1582 1569 1545 1571 1595 1551 1544 1556 1563
2018 2026 2013 2045 2030 2033 2070 2066 2068 2004 2078 2046 2020 2027 2065 2035 2038 2010 2072 2019 2052 2008 2073 2053 2079 2007 2034 2011 2003 2056 2017 2005 2050 2059 2022 2080 2044 2069 2039 2067 2057 2001 2028 2023 2037 2055 2002 2074 2021 2009 2014 2060 2063 2058 2040 2012 2064 2032 2006 2029 2015 2076 2077 2041 2054 2061 2048 2016 2042 2047 2071 2062 2049 2025 2051 2075 2031 2024 2036 2043
1378 1386 1373 1405 1390 1393 1430 1426 1428 1364 1438 1406 1380 1387 1425 1395 1398 1370 1432 1379 1412 1368 1433 1413 1439 1367 1394 1371 1363 1416 1377 1365 1410 1419 1382 1440 1404 1429 1399 1427 1417 1361 1388 1383 1397 1415 1362 1434 1381 1369 1374 1420 1423 1418 1400 1372 1424 1392 1366 1389 1375 1436 1437 1401 1414 1421 1408 1376 1402 1407 1431 1422 1409 1385 1411 1435 1391 1384 1396 1403
3458 3466 3453 3485 3470 3473 3510 3506 3508 3444 3518 3486 3460 3467 3505 3475 3478 3450 3512 3459 3492 3448 3513 3493 3519 3447 3474 3451 3443 3496 3457 3445 3490 3499 3462 3520 3484 3509 3479 3507 3497 3441 3468 3463 3477 3495 3442 3514 3461 3449 3454 3500 3503 3498 3480 3452 3504 3472 3446 3469 3455 3516 3517 3481 3494 3501 3488 3456 3482 3487 3511 3502 3489 3465 3491 3515 3471 3464 3476 3483
6578 6586 6573 6605 6590 6593 6630 6626 6628 6564 6638 6606 6580 6587 6625 6595 6598 6570 6632 6579 6612 6568 6633 6613 6639 6567 6594 6571 6563 6616 6577 6565 6610 6619 6582 6640 6604 6629 6599 6627 6617 6561 6588 6583 6597 6615 6562 6634 6581 6569 6574 6620 6623 6618 6600 6572 6624 6592 6566 6589 6575 6636 6637 6601 6614 6621 6608 6576 6602 6607 6631 6622 6609 6585 6611 6635 6591 6584 6596 6603
5218 5226 5213 5245 5230 5233 5270 5266 5268 5204 5278 5246 5220 5227 5265 5235 5238 5210 5272 5219 5252 5208 5273 5253 5279 5207 5234 5211 5203 5256 5217 5205 5250 5259 5222 5280 5244 5269 5239 5267 5257 5201 5228 5223 5237 5255 5202 5274 5221 5209 5214 5260 5263 5258 5240 5212 5264 5232 5206 5229 5215 5276 5277 5241 5254 5261 5248 5216 5242 5247 5271 5262 5249 5225 5251 5275 5231 5224 5236 5243
5858 5866 5853 5885 5870 5873 5910 5906 5908 5844 5918 5886 5860 5867 5905 5875 5878 5850 5912 5859 5892 5848 5913 5893 5919 5847 5874 5851 5843 5896 5857 5845 5890 5899 5862 5920 5884 5909 5879 5907 5897 5841 5868 5863 5877 5895 5842 5914 5861 5849 5854 5900 5903 5898 5880 5852 5904 5872 5846 5869 5855 5916 5917 5881 5894 5901 5888 5856 5882 5887 5911 5902 5889 5865 5891 5915 5871 5864 5876 5883
3058 3066 3053 3085 3070 3073 3110 3106 3108 3044 3118 3086 3060 3067 3105 3075 3078 3050 3112 3059 3092 3048 3113 3093 3119 3047 3074 3051 3043 3096 3057 3045 3090 3099 3062 3120 3084 3109 3079 3107 3097 3041 3068 3063 3077 3095 3042 3114 3061 3049 3054 3100 3103 3098 3080 3052 3104 3072 3046 3069 3055 3116 3117 3081 3094 3101 3088 3056 3082 3087 3111 3102 3089 3065 3091 3115 3071 3064 3076 3083
1138 1146 1133 1165 1150 1153 1190 1186 1188 1124 1198 1166 1140 1147 1185 1155 1158 1130 1192 1139 1172 1128 1193 1173 1199 1127 1154 1131 1123 1176 1137 1125 1170 1179 1142 1200 1164 1189 1159 1187 1177 1121 1148 1143 1157 1175 1122 1194 1141 1129 1134 1180 1183 1178 1160 1132 1184 1152 1126 1149 1135 1196 1197 1161 1174 1181 1168 1136 1162 1167 1191 1182 1169 1145 1171 1195 1151 1144 1156 1163
6338 6346 6333 6365 6350 6353 6390 6386 6388 6324 6398 6366 6340 6347 6385 6355 6358 6330 6392 6339 6372 6328 6393 6373 6399 6327 6354 6331 6323 6376 6337 6325 6370 6379 6342 6400 6364 6389 6359 6387 6377 6321 6348 6343 6357 6375 6322 6394 6341 6329 6334 6380 6383 6378 6360 6332 6384 6352 6326 6349 6335 6396 6397 6361 6374 6381 6368 6336 6362 6367 6391 6382 6369 6345 6371 6395 6351 6344 6356 6363
898 906 893 925 910 913 950 946 948 884 958 926 900 907 945 915 918 890 952 899 932 888 953 933 959 887 914 891 883 936 897 885 930 939 902 960 924 949 919 947 937 881 908 903 917 935 882 954 901 889 894 940 943 938 920 892 944 912 886 909 895 956 957 921 934 941 928 896 922 927 951 942 929 905 931 955 911 904 916 923
7378 7386 7373 7405 7390 7393 7430 7426 7428 7364 7438 7406 7380 7387 7425 7395 7398 7370 7432 7379 7412 7368 7433 7413 7439 7367 7394 7371 7363 7416 7377 7365 7410 7419 7382 7440 7404 7429 7399 7427 7417 7361 7388 7383 7397 7415 7362 7434 7381 7369 7374 7420 7423 7418 7400 7372 7424 7392 7366 7389 7375 7436 7437 7401 7414 7421 7408 7376 7402 7407 7431 7422 7409 7385 7411 7435 7391 7384 7396 7403
4338 4346 4333 4365 4350 4353 4390 4386 4388 4324 4398 4366 4340 4347 4385 4355 4358 4330 4392 4339 4372 4328 4393 4373 4399 4327 4354 4331 4323 4376 4337 4325 4370 4379 4342 4400 4364 4389 4359 4387 4377 4321 4348 4343 4357 4375 4322 4394 4341 4329 4334 4380 4383 4378 4360 4332 4384 4352 4326 4349 4335 4396 4397 4361 4374 4381 4368 4336 4362 4367 4391 4382 4369 4345 4371 4395 4351 4344 4356 4363
1058 1066 1053 1085 1070 1073 1110 1106 1108 1044 1118 1086 1060 1067 1105 1075 1078 1050 1112 1059 1092 1048 1113 1093 1119 1047 1074 1051 1043 1096 1057 1045 1090 1099 1062 1120 1084 1109 1079 1107 1097 1041 1068 1063 1077 1095 1042 1114 1061 1049 1054 1100 1103 1098 1080 1052 1104 1072 1046 1069 1055 1116 1117 1081 1094 1101 1088 1056 1082 1087 1111 1102 1089 1065 1091 1115 1071 1064 1076 1083
5698 5706 5693 5725 5710 5713 5750 5746 5748 5684 5758 5726 5700 5707 5745 5715 5718 5690 5752 5699 5732 5688 5753 5733 5759 5687 5714 5691 5683 5736 5697 5685 5730 5739 5702 5760 5724 5749 5719 5747 5737 5681 5708 5703 5717 5735 5682 5754 5701 5689 5694 5740 5743 5738 5720 5692 5744 5712 5686 5709 5695 5756 5757 5721 5734 5741 5728 5696 5722 5727 5751 5742 5729 5705 5731 5755 5711 5704 5716 5723
5138 5146 5133 5165 5150 5153 5190 5186 5188 5124 5198 5166 5140 5147 5185 5155 5158 5130 5192 5139 5172 5128 5193 5173 5199 5127 5154 5131 5123 5176 5137 5125 5170 5179 5142 5200 5164 5189 5159 5187 5177 5121 5148 5143 5157 5175 5122 5194 5141 5129 5134 5180 5183 5178 5160 5132 5184 5152 5126 5149 5135 5196 5197 5161 5174 5181 5168 5136 5162 5167 5191 5182 5169 5145 5171 5195 5151 5144 5156 5163
4658 4666 4653 4685 4670 4673 4710 4706 4708 4644 4718 4686 4660 4667 4705 4675 4678 4650 4712 4659 4692 4648 4713 4693 4719 4647 4674 4651 4643 4696 4657 4645 4690 4699 4662 4720 4684 4709 4679 4707 4697 4641 4668 4663 4677 4695 4642 4714 4661 4649 4654 4700 4703 4698 4680 4652 4704 4672 4646 4669 4655 4716 4717 4681 4694 4701 4688 4656 4682 4687 4711 4702 4689 4665 4691 4715 4671 4664 4676 4683
6658 6666 6653 6685 6670 6673 6710 6706 6708 6644 6718 6686 6660 6667 6705 6675 6678 6650 6712 6659 6692 6648 6713 6693 6719 6647 6674 6651 6643 6696 6657 6645 6690 6699 6662 6720 6684 6709 6679 6707 6697 6641 6668 6663 6677 6695 6642 6714 6661 6649 6654 6700 6703 6698 6680 6652 6704 6672 6646 6669 6655 6716 6717 6681 6694 6701 6688 6656 6682 6687 6711 6702 6689 6665 6691 6715 6671 6664 6676 6683
4018 4026 4013 4045 4030 4033 4070 4066 4068 4004 4078 4046 4020 4027 4065 4035 4038 4010 4072 4019 4052 4008 4073 4053 4079 4007 4034 4011 4003 4056 4017 4005 4050 4059 4022 4080 4044 4069 4039 4067 4057 4001 4028 4023 4037 4055 4002 4074 4021 4009 4014 4060 4063 4058 4040 4012 4064 4032 4006 4029 4015 4076 4077 4041 4054 4061 4048 4016 4042 4047 4071 4062 4049 4025 4051 4075 4031 4024 4036 4043
1618 1626 1613 1645 1630 1633 1670 1666 1668 1604 1678 1646 1620 1627 1665 1635 1638 1610 1672 1619 1652 1608 1673 1653 1679 1607 1634 1611 1603 1656 1617 1605 1650 1659 1622 1680 1644 1669 1639 1667 1657 1601 1628 1623 1637 1655 1602 1674 1621 1609 1614 1660 1663 1658 1640 1612 1664 1632 1606 1629 1615 1676 1677 1641 1654 1661 1648 1616 1642 1647 1671 1662 1649 1625 1651 1675 1631 1624 1636 1643
1778 1786 1773 1805 1790 1793 1830 1826 1828 1764 1838 1806 1780 1787 1825 1795 1798 1770 1832 1779 1812 1768 1833 1813 1839 1767 1794 1771 1763 1816 1777 1765 1810 1819 1782 1840 1804 1829 1799 1827 1817 1761 1788 1783 1797 1815 1762 1834 1781 1769 1774 1820 1823 1818 1800 1772 1824 1792 1766 1789 1775 1836 1837 1801 1814 1821 1808 1776 1802 1807 1831 1822 1809 1785 1811 1835 1791 1784 1796 1803
5538 5546 5533 5565 5550 5553 5590 5586 5588 5524 5598 5566 5540 5547 5585 5555 5558 5530 5592 5539 5572 5528 5593 5573 5599 5527 5554 5531 5523 5576 5537 5525 5570 5579 5542 5600 5564 5589 5559 5587 5577 5521 5548 5543 5557 5575 5522 5594 5541 5529 5534 5580 5583 5578 5560 5532 5584 5552 5526 5549 5535 5596 5597 5561 5574 5581 5568 5536 5562 5567 5591 5582 5569 5545 5571 5595 5551 5544 5556 5563
6898 6906 6893 6925 6910 6913 6950 6946 6948 6884 6958 6926 6900 6907 6945 6915 6918 6890 6952 6899 6932 6888 6953 6933 6959 6887 6914 6891 6883 6936 6897 6885 6930 6939 6902 6960 6924 6949 6919 6947 6937 6881 6908 6903 6917 6935 6882 6954 6901 6889 6894 6940 6943 6938 6920 6892 6944 6912 6886 6909 6895 6956 6957 6921 6934 6941 6928 6896 6922 6927 6951 6942 6929 6905 6931 6955 6911 6904 6916 6923
178 186 173 205 190 193 230 226 228 164 238 206 180 187 225 195 198 170 232 179 212 168 233 213 239 167 194 171 163 216 177 165 210 219 182 240 204 229 199 227 217 161 188 183 197 215 162 234 181 169 174 220 223 218 200 172 224 192 166 189 175 236 237 201 214 221 208 176 202 207 231 222 209 185 211 235 191 184 196 203
3538 3546 3533 3565 3550 3553 3590 3586 3588 3524 3598 3566 3540 3547 3585 3555 3558 3530 3592 3539 3572 3528 3593 3573 3599 3527 3554 3531 3523 3576 3537 3525 3570 3579 3542 3600 3564 3589 3559 3587 3577 3521 3548 3543 3557 3575 3522 3594 3541 3529 3534 3580 3583 3578 3560 3532 3584 3552 3526 3549 3535 3596 3597 3561 3574 3581 3568 3536 3562 3567 3591 3582 3569 3545 3571 3595 3551 3544 3556 3563
1218 1226 1213 1245 1230 1233 1270 1266 1268 1204 1278 1246 1220 1227 1265 1235 1238 1210 1272 1219 1252 1208 1273 1253 1279 1207 1234 1211 1203 1256 1217 1205 1250 1259 1222 1280 1244 1269 1239 1267 1257 1201 1228 1223 1237 1255 1202 1274 1221 1209 1214 1260 1263 1258 1240 1212 1264 1232 1206 1229 1215 1276 1277 1241 1254 1261 1248 1216 1242 1247 1271 1262 1249 1225 1251 1275 1231 1224 1236 1243
7298 7306 7293 7325 7310 7313 7350 7346 7348 7284 7358 7326 7300 7307 7345 7315 7318 7290 7352 7299 7332 7288 7353 7333 7359 7287 7314 7291 7283 7336 7297 7285 7330 7339 7302 7360 7324 7349 7319 7347 7337 7281 7308 7303 7317 7335 7282 7354 7301 7289 7294 7340 7343 7338 7320 7292 7344 7312 7286 7309 7295 7356 7357 7321 7334 7341 7328 7296 7322 7327 7351 7342 7329 7305 7331 7355 7311 7304 7316 7323
5778 5786 5773 5805 5790 5793 5830 5826 5828 5764 5838 5806 5780 5787 5825 5795 5798 5770 5832 5779 5812 5768 5833 5813 5839 5767 5794 5771 5763 5816 5777 5765 5810 5819 5782 5840 5804 5829 5799 5827 5817 5761 5788 5783 5797 5815 5762 5834 5781 5769 5774 5820 5823 5818 5800 5772 5824 5792 5766 5789 5775 5836 5837 5801 5814 5821 5808 5776 5802 5807 5831 5822 5809 5785 5811 5835 5791 5784 5796 5803
4578 4586 4573 4605 4590 4593 4630 4626 4628 4564 4638 4606 4580 4587 4625 4595 4598 4570 4632 4579 4612 4568 4633 4613 4639 4567 4594 4571 4563 4616 4577 4565 4610 4619 4582 4640 4604 4629 4599 4627 4617 4561 4588 4583 4597 4615 4562 4634 4581 4569 4574 4620 4623 4618 4600 4572 4624 4592 4566 4589 4575 4636 4637 4601 4614 4621 4608 4576 4602 4607 4631 4622 4609 4585 4611 4635 4591 4584 4596 4603
2738 2746 2733 2765 2750 2753 2790 2786 2788 2724 2798 2766 2740 2747 2785 2755 2758 2730 2792 2739 2772 2728 2793 2773 2799 2727 2754 2731 2723 2776 2737 2725 2770 2779 2742 2800 2764 2789 2759 2787 2777 2721 2748 2743 2757 2775 2722 2794 2741 2729 2734 2780 2783 2778 2760 2732 2784 2752 2726 2749 2735 2796 2797 2761 2774 2781 2768 2736 2762 2767 2791 2782 2769 2745 2771 2795 2751 2744 2756 2763
7538 7546 7533 7565 7550 7553 7590 7586 7588 7524 7598 7566 7540 7547 7585 7555 7558 7530 7592 7539 7572 7528 7593 7573 7599 7527 7554 7531 7523 7576 7537 7525 7570 7579 7542 7600 7564 7589 7559 7587 7577 7521 7548 7543 7557 7575 7522 7594 7541 7529 7534 7580 7583 7578 7560 7532 7584 7552 7526 7549 7535 7596 7597 7561 7574 7581 7568 7536 7562 7567 7591 7582 7569 7545 7571 7595 7551 7544 7556 7563
7458 7466 7453 7485 7470 7473 7510 7506 7508 7444 7518 7486 7460 7467 7505 7475 7478 7450 7512 7459 7492 7448 7513 7493 7519 7447 7474 7451 7443 7496 7457 7445 7490 7499 7462 7520 7484 7509 7479 7507 7497 7441 7468 7463 7477 7495 7442 7514 7461 7449 7454 7500 7503 7498 7480 7452 7504 7472 7446 7469 7455 7516 7517 7481 7494 7501 7488 7456 7482 7487 7511 7502 7489 7465 7491 7515 7471 7464 7476 7483
2338 2346 2333 2365 2350 2353 2390 2386 2388 2324 2398 2366 2340 2347 2385 2355 2358 2330 2392 2339 2372 2328 2393 2373 2399 2327 2354 2331 2323 2376 2337 2325 2370 2379 2342 2400 2364 2389 2359 2387 2377 2321 2348 2343 2357 2375 2322 2394 2341 2329 2334 2380 2383 2378 2360 2332 2384 2352 2326 2349 2335 2396 2397 2361 2374 2381 2368 2336 2362 2367 2391 2382 2369 2345 2371 2395 2351 2344 2356 2363
3778 3786 3773 3805 3790 3793 3830 3826 3828 3764 3838 3806 3780 3787 3825 3795 3798 3770 3832 3779 3812 3768 3833 3813 3839 3767 3794 3771 3763 3816 3777 3765 3810 3819 3782 3840 3804 3829 3799 3827 3817 3761 3788 3783 3797 3815 3762 3834 3781 3769 3774 3820 3823 3818 3800 3772 3824 3792 3766 3789 3775 3836 3837 3801 3814 3821 3808 3776 3802 3807 3831 3822 3809 3785 3811 3835 3791 3784 3796 3803
