71 83
740 704 741 687 673 706 738 733 668 672 701 737 707 671 744 747 689 699 703 745 666 676 674 721 708 712 746 694 691 682 734 724 711 709 696 730 698 720 719 743 685 680 736 728 726 681 723 722 710 713 735 678 690 729 670 717 667 702 669 739 705 684 693 714 697 700 692 725 686 679 716 677 718 727 675 742 665 715 683 731 695 688 732
2317 2281 2318 2264 2250 2283 2315 2310 2245 2249 2278 2314 2284 2248 2321 2324 2266 2276 2280 2322 2243 2253 2251 2298 2285 2289 2323 2271 2268 2259 2311 2301 2288 2286 2273 2307 2275 2297 2296 2320 2262 2257 2313 2305 2303 2258 2300 2299 2287 2290 2312 2255 2267 2306 2247 2294 2244 2279 2246 2316 2282 2261 2270 2291 2274 2277 2269 2302 2263 2256 2293 2254 2295 2304 2252 2319 2242 2292 2260 2308 2272 2265 2309
5637 5601 5638 5584 5570 5603 5635 5630 5565 5569 5598 5634 5604 5568 5641 5644 5586 5596 5600 5642 5563 5573 5571 5618 5605 5609 5643 5591 5588 5579 5631 5621 5608 5606 5593 5627 5595 5617 5616 5640 5582 5577 5633 5625 5623 5578 5620 5619 5607 5610 5632 5575 5587 5626 5567 5614 5564 5599 5566 5636 5602 5581 5590 5611 5594 5597 5589 5622 5583 5576 5613 5574 5615 5624 5572 5639 5562 5612 5580 5628 5592 5585 5629
4226 4190 4227 4173 4159 4192 4224 4219 4154 4158 4187 4223 4193 4157 4230 4233 4175 4185 4189 4231 4152 4162 4160 4207 4194 4198 4232 4180 4177 4168 4220 4210 4197 4195 4182 4216 4184 4206 4205 4229 4171 4166 4222 4214 4212 4167 4209 4208 4196 4199 4221 4164 4176 4215 4156 4203 4153 4188 4155 4225 4191 4170 4179 4200 4183 4186 4178 4211 4172 4165 4202 4163 4204 4213 4161 4228 4151 4201 4169 4217 4181 4174 4218
3479 3443 3480 3426 3412 3445 3477 3472 3407 3411 3440 3476 3446 3410 3483 3486 3428 3438 3442 3484 3405 3415 3413 3460 3447 3451 3485 3433 3430 3421 3473 3463 3450 3448 3435 3469 3437 3459 3458 3482 3424 3419 3475 3467 3465 3420 3462 3461 3449 3452 3474 3417 3429 3468 3409 3456 3406 3441 3408 3478 3444 3423 3432 3453 3436 3439 3431 3464 3425 3418 3455 3416 3457 3466 3414 3481 3404 3454 3422 3470 3434 3427 3471
4973 4937 4974 4920 4906 4939 4971 4966 4901 4905 4934 4970 4940 4904 4977 4980 4922 4932 4936 4978 4899 4909 4907 4954 4941 4945 4979 4927 4924 4915 4967 4957 4944 4942 4929 4963 4931 4953 4952 4976 4918 4913 4969 4961 4959 4914 4956 4955 4943 4946 4968 4911 4923 4962 4903 4950 4900 4935 4902 4972 4938 4917 4926 4947 4930 4933 4925 4958 4919 4912 4949 4910 4951 4960 4908 4975 4898 4948 4916 4964 4928 4921 4965
906 870 907 853 839 872 904 899 834 838 867 903 873 837 910 913 855 865 869 911 832 842 840 887 874 878 912 860 857 848 900 890 877 875 862 896 864 886 885 909 851 846 902 894 892 847 889 888 876 879 901 844 856 895 836 883 833 868 835 905 871 850 859 880 863 866 858 891 852 845 882 843 884 893 841 908 831 881 849 897 861 854 898
2068 2032 2069 2015 2001 2034 2066 2061 1996 2000 2029 2065 2035 1999 2072 2075 2017 2027 2031 2073 1994 2004 2002 2049 2036 2040 2074 2022 2019 2010 2062 2052 2039 2037 2024 2058 2026 2048 2047 2071 2013 2008 2064 2056 2054 2009 2051 2050 2038 2041 2063 2006 2018 2057 1998 2045 1995 2030 1997 2067 2033 2012 2021 2042 2025 2028 2020 2053 2014 2007 2044 2005 2046 2055 2003 2070 1993 2043 2011 2059 2023 2016 2060
5554 5518 5555 5501 5487 5520 5552 5547 5482 5486 5515 5551 5521 5485 5558 5561 5503 5513 5517 5559 5480 5490 5488 5535 5522 5526 5560 5508 5505 5496 5548 5538 5525 5523 5510 5544 5512 5534 5533 5557 5499 5494 5550 5542 5540 5495 5537 5536 5524 5527 5549 5492 5504 5543 5484 5531 5481 5516 5483 5553 5519 5498 5507 5528 5511 5514 5506 5539 5500 5493 5530 5491 5532 5541 5489 5556 5479 5529 5497 5545 5509 5502 5546
1819 1783 1820 1766 1752 1785 1817 1812 1747 1751 1780 1816 1786 1750 1823 1826 1768 1778 1782 1824 1745 1755 1753 1800 1787 1791 1825 1773 1770 1761 1813 1803 1790 1788 1775 1809 1777 1799 1798 1822 1764 1759 1815 1807 1805 1760 1802 1801 1789 1792 1814 1757 1769 1808 1749 1796 1746 1781 1748 1818 1784 1763 1772 1793 1776 1779 1771 1804 1765 1758 1795 1756 1797 1806 1754 1821 1744 1794 1762 1810 1774 1767 1811
2732 2696 2733 2679 2665 2698 2730 2725 2660 2664 2693 2729 2699 2663 2736 2739 2681 2691 2695 2737 2658 2668 2666 2713 2700 2704 2738 2686 2683 2674 2726 2716 2703 2701 2688 2722 2690 2712 2711 2735 2677 2672 2728 2720 2718 2673 2715 2714 2702 2705 2727 2670 2682 2721 2662 2709 2659 2694 2661 2731 2697 2676 2685 2706 2689 2692 2684 2717 2678 2671 2708 2669 2710 2719 2667 2734 2657 2707 2675 2723 2687 2680 2724
4641 4605 4642 4588 4574 4607 4639 4634 4569 4573 4602 4638 4608 4572 4645 4648 4590 4600 4604 4646 4567 4577 4575 4622 4609 4613 4647 4595 4592 4583 4635 4625 4612 4610 4597 4631 4599 4621 4620 4644 4586 4581 4637 4629 4627 4582 4624 4623 4611 4614 4636 4579 4591 4630 4571 4618 4568 4603 4570 4640 4606 4585 4594 4615 4598 4601 4593 4626 4587 4580 4617 4578 4619 4628 4576 4643 4566 4616 4584 4632 4596 4589 4633
5471 5435 5472 5418 5404 5437 5469 5464 5399 5403 5432 5468 5438 5402 5475 5478 5420 5430 5434 5476 5397 5407 5405 5452 5439 5443 5477 5425 5422 5413 5465 5455 5442 5440 5427 5461 5429 5451 5450 5474 5416 5411 5467 5459 5457 5412 5454 5453 5441 5444 5466 5409 5421 5460 5401 5448 5398 5433 5400 5470 5436 5415 5424 5445 5428 5431 5423 5456 5417 5410 5447 5408 5449 5458 5406 5473 5396 5446 5414 5462 5426 5419 5463
3396 3360 3397 3343 3329 3362 3394 3389 3324 3328 3357 3393 3363 3327 3400 3403 3345 3355 3359 3401 3322 3332 3330 3377 3364 3368 3402 3350 3347 3338 3390 3380 3367 3365 3352 3386 3354 3376 3375 3399 3341 3336 3392 3384 3382 3337 3379 3378 3366 3369 3391 3334 3346 3385 3326 3373 3323 3358 3325 3395 3361 3340 3349 3370 3353 3356 3348 3381 3342 3335 3372 3333 3374 3383 3331 3398 3321 3371 3339 3387 3351 3344 3388
4807 4771 4808 4754 4740 4773 4805 4800 4735 4739 4768 4804 4774 4738 4811 4814 4756 4766 4770 4812 4733 4743 4741 4788 4775 4779 4813 4761 4758 4749 4801 4791 4778 4776 4763 4797 4765 4787 4786 4810 4752 4747 4803 4795 4793 4748 4790 4789 4777 4780 4802 4745 4757 4796 4737 4784 4734 4769 4736 4806 4772 4751 4760 4781 4764 4767 4759 4792 4753 4746 4783 4744 4785 4794 4742 4809 4732 4782 4750 4798 4762 4755 4799
1736 1700 1737 1683 1669 1702 1734 1729 1664 1668 1697 1733 1703 1667 1740 1743 1685 1695 1699 1741 1662 1672 1670 1717 1704 1708 1742 1690 1687 1678 1730 1720 1707 1705 1692 1726 1694 1716 1715 1739 1681 1676 1732 1724 1722 1677 1719 1718 1706 1709 1731 1674 1686 1725 1666 1713 1663 1698 1665 1735 1701 1680 1689 1710 1693 1696 1688 1721 1682 1675 1712 1673 1714 1723 1671 1738 1661 1711 1679 1727 1691 1684 1728
3977 3941 3978 3924 3910 3943 3975 3970 3905 3909 3938 3974 3944 3908 3981 3984 3926 3936 3940 3982 3903 3913 3911 3958 3945 3949 3983 3931 3928 3919 3971 3961 3948 3946 3933 3967 3935 3957 3956 3980 3922 3917 3973 3965 3963 3918 3960 3959 3947 3950 3972 3915 3927 3966 3907 3954 3904 3939 3906 3976 3942 3921 3930 3951 3934 3937 3929 3962 3923 3916 3953 3914 3955 3964 3912 3979 3902 3952 3920 3968 3932 3925 3969
5222 5186 5223 5169 5155 5188 5220 5215 5150 5154 5183 5219 5189 5153 5226 5229 5171 5181 5185 5227 5148 5158 5156 5203 5190 5194 5228 5176 5173 5164 5216 5206 5193 5191 5178 5212 5180 5202 5201 5225 5167 5162 5218 5210 5208 5163 5205 5204 5192 5195 5217 5160 5172 5211 5152 5199 5149 5184 5151 5221 5187 5166 5175 5196 5179 5182 5174 5207 5168 5161 5198 5159 5200 5209 5157 5224 5147 5197 5165 5213 5177 5170 5214
4060 4024 4061 4007 3993 4026 4058 4053 3988 3992 4021 4057 4027 3991 4064 4067 4009 4019 4023 4065 3986 3996 3994 4041 4028 4032 4066 4014 4011 4002 4054 4044 4031 4029 4016 4050 4018 4040 4039 4063 4005 4000 4056 4048 4046 4001 4043 4042 4030 4033 4055 3998 4010 4049 3990 4037 3987 4022 3989 4059 4025 4004 4013 4034 4017 4020 4012 4045 4006 3999 4036 3997 4038 4047 3995 4062 3985 4035 4003 4051 4015 4008 4052
2649 2613 2650 2596 2582 2615 2647 2642 2577 2581 2610 2646 2616 2580 2653 2656 2598 2608 2612 2654 2575 2585 2583 2630 2617 2621 2655 2603 2600 2591 2643 2633 2620 2618 2605 2639 2607 2629 2628 2652 2594 2589 2645 2637 2635 2590 2632 2631 2619 2622 2644 2587 2599 2638 2579 2626 2576 2611 2578 2648 2614 2593 2602 2623 2606 2609 2601 2634 2595 2588 2625 2586 2627 2636 2584 2651 2574 2624 2592 2640 2604 2597 2641
1155 1119 1156 1102 1088 1121 1153 1148 1083 1087 1116 1152 1122 1086 1159 1162 1104 1114 1118 1160 1081 1091 1089 1136 1123 1127 1161 1109 1106 1097 1149 1139 1126 1124 1111 1145 1113 1135 1134 1158 1100 1095 1151 1143 1141 1096 1138 1137 1125 1128 1150 1093 1105 1144 1085 1132 1082 1117 1084 1154 1120 1099 1108 1129 1112 1115 1107 1140 1101 1094 1131 1092 1133 1142 1090 1157 1080 1130 1098 1146 1110 1103 1147
4890 4854 4891 4837 4823 4856 4888 4883 4818 4822 4851 4887 4857 4821 4894 4897 4839 4849 4853 4895 4816 4826 4824 4871 4858 4862 4896 4844 4841 4832 4884 4874 4861 4859 4846 4880 4848 4870 4869 4893 4835 4830 4886 4878 4876 4831 4873 4872 4860 4863 4885 4828 4840 4879 4820 4867 4817 4852 4819 4889 4855 4834 4843 4864 4847 4850 4842 4875 4836 4829 4866 4827 4868 4877 4825 4892 4815 4865 4833 4881 4845 4838 4882
3313 3277 3314 3260 3246 3279 3311 3306 3241 3245 3274 3310 3280 3244 3317 3320 3262 3272 3276 3318 3239 3249 3247 3294 3281 3285 3319 3267 3264 3255 3307 3297 3284 3282 3269 3303 3271 3293 3292 3316 3258 3253 3309 3301 3299 3254 3296 3295 3283 3286 3308 3251 3263 3302 3243 3290 3240 3275 3242 3312 3278 3257 3266 3287 3270 3273 3265 3298 3259 3252 3289 3250 3291 3300 3248 3315 3238 3288 3256 3304 3268 3261 3305
2566 2530 2567 2513 2499 2532 2564 2559 2494 2498 2527 2563 2533 2497 2570 2573 2515 2525 2529 2571 2492 2502 2500 2547 2534 2538 2572 2520 2517 2508 2560 2550 2537 2535 2522 2556 2524 2546 2545 2569 2511 2506 2562 2554 2552 2507 2549 2548 2536 2539 2561 2504 2516 2555 2496 2543 2493 2528 2495 2565 2531 2510 2519 2540 2523 2526 2518 2551 2512 2505 2542 2503 2544 2553 2501 2568 2491 2541 2509 2557 2521 2514 2558
1902 1866 1903 1849 1835 1868 1900 1895 1830 1834 1863 1899 1869 1833 1906 1909 1851 1861 1865 1907 1828 1838 1836 1883 1870 1874 1908 1856 1853 1844 1896 1886 1873 1871 1858 1892 1860 1882 1881 1905 1847 1842 1898 1890 1888 1843 1885 1884 1872 1875 1897 1840 1852 1891 1832 1879 1829 1864 1831 1901 1867 1846 1855 1876 1859 1862 1854 1887 1848 1841 1878 1839 1880 1889 1837 1904 1827 1877 1845 1893 1857 1850 1894
2483 2447 2484 2430 2416 2449 2481 2476 2411 2415 2444 2480 2450 2414 2487 2490 2432 2442 2446 2488 2409 2419 2417 2464 2451 2455 2489 2437 2434 2425 2477 2467 2454 2452 2439 2473 2441 2463 2462 2486 2428 2423 2479 2471 2469 2424 2466 2465 2453 2456 2478 2421 2433 2472 2413 2460 2410 2445 2412 2482 2448 2427 2436 2457 2440 2443 2435 2468 2429 2422 2459 2420 2461 2470 2418 2485 2408 2458 2426 2474 2438 2431 2475
3811 3775 3812 3758 3744 3777 3809 3804 3739 3743 3772 3808 3778 3742 3815 3818 3760 3770 3774 3816 3737 3747 3745 3792 3779 3783 3817 3765 3762 3753 3805 3795 3782 3780 3767 3801 3769 3791 3790 3814 3756 3751 3807 3799 3797 3752 3794 3793 3781 3784 3806 3749 3761 3800 3741 3788 3738 3773 3740 3810 3776 3755 3764 3785 3768 3771 3763 3796 3757 3750 3787 3748 3789 3798 3746 3813 3736 3786 3754 3802 3766 3759 3803
3147 3111 3148 3094 3080 3113 3145 3140 3075 3079 3108 3144 3114 3078 3151 3154 3096 3106 3110 3152 3073 3083 3081 3128 3115 3119 3153 3101 3098 3089 3141 3131 3118 3116 3103 3137 3105 3127 3126 3150 3092 3087 3143 3135 3133 3088 3130 3129 3117 3120 3142 3085 3097 3136 3077 3124 3074 3109 3076 3146 3112 3091 3100 3121 3104 3107 3099 3132 3093 3086 3123 3084 3125 3134 3082 3149 3072 3122 3090 3138 3102 3095 3139
2151 2115 2152 2098 2084 2117 2149 2144 2079 2083 2112 2148 2118 2082 2155 2158 2100 2110 2114 2156 2077 2087 2085 2132 2119 2123 2157 2105 2102 2093 2145 2135 2122 2120 2107 2141 2109 2131 2130 2154 2096 2091 2147 2139 2137 2092 2134 2133 2121 2124 2146 2089 2101 2140 2081 2128 2078 2113 2080 2150 2116 2095 2104 2125 2108 2111 2103 2136 2097 2090 2127 2088 2129 2138 2086 2153 2076 2126 2094 2142 2106 2099 2143
2815 2779 2816 2762 2748 2781 2813 2808 2743 2747 2776 2812 2782 2746 2819 2822 2764 2774 2778 2820 2741 2751 2749 2796 2783 2787 2821 2769 2766 2757 2809 2799 2786 2784 2771 2805 2773 2795 2794 2818 2760 2755 2811 2803 2801 2756 2798 2797 2785 2788 2810 2753 2765 2804 2745 2792 2742 2777 2744 2814 2780 2759 2768 2789 2772 2775 2767 2800 2761 2754 2791 2752 2793 2802 2750 2817 2740 2790 2758 2806 2770 2763 2807
3728 3692 3729 3675 3661 3694 3726 3721 3656 3660 3689 3725 3695 3659 3732 3735 3677 3687 3691 3733 3654 3664 3662 3709 3696 3700 3734 3682 3679 3670 3722 3712 3699 3697 3684 3718 3686 3708 3707 3731 3673 3668 3724 3716 3714 3669 3711 3710 3698 3701 3723 3666 3678 3717 3658 3705 3655 3690 3657 3727 3693 3672 3681 3702 3685 3688 3680 3713 3674 3667 3704 3665 3706 3715 3663 3730 3653 3703 3671 3719 3683 3676 3720
1570 1534 1571 1517 1503 1536 1568 1563 1498 1502 1531 1567 1537 1501 1574 1577 1519 1529 1533 1575 1496 1506 1504 1551 1538 1542 1576 1524 1521 1512 1564 1554 1541 1539 1526 1560 1528 1550 1549 1573 1515 1510 1566 1558 1556 1511 1553 1552 1540 1543 1565 1508 1520 1559 1500 1547 1497 1532 1499 1569 1535 1514 1523 1544 1527 1530 1522 1555 1516 1509 1546 1507 1548 1557 1505 1572 1495 1545 1513 1561 1525 1518 1562
4392 4356 4393 4339 4325 4358 4390 4385 4320 4324 4353 4389 4359 4323 4396 4399 4341 4351 4355 4397 4318 4328 4326 4373 4360 4364 4398 4346 4343 4334 4386 4376 4363 4361 4348 4382 4350 4372 4371 4395 4337 4332 4388 4380 4378 4333 4375 4374 4362 4365 4387 4330 4342 4381 4322 4369 4319 4354 4321 4391 4357 4336 4345 4366 4349 4352 4344 4377 4338 4331 4368 4329 4370 4379 4327 4394 4317 4367 4335 4383 4347 4340 4384
1238 1202 1239 1185 1171 1204 1236 1231 1166 1170 1199 1235 1205 1169 1242 1245 1187 1197 1201 1243 1164 1174 1172 1219 1206 1210 1244 1192 1189 1180 1232 1222 1209 1207 1194 1228 1196 1218 1217 1241 1183 1178 1234 1226 1224 1179 1221 1220 1208 1211 1233 1176 1188 1227 1168 1215 1165 1200 1167 1237 1203 1182 1191 1212 1195 1198 1190 1223 1184 1177 1214 1175 1216 1225 1173 1240 1163 1213 1181 1229 1193 1186 1230
989 953 990 936 922 955 987 982 917 921 950 986 956 920 993 996 938 948 952 994 915 925 923 970 957 961 995 943 940 931 983 973 960 958 945 979 947 969 968 992 934 929 985 977 975 930 972 971 959 962 984 927 939 978 919 966 916 951 918 988 954 933 942 963 946 949 941 974 935 928 965 926 967 976 924 991 914 964 932 980 944 937 981
1487 1451 1488 1434 1420 1453 1485 1480 1415 1419 1448 1484 1454 1418 1491 1494 1436 1446 1450 1492 1413 1423 1421 1468 1455 1459 1493 1441 1438 1429 1481 1471 1458 1456 1443 1477 1445 1467 1466 1490 1432 1427 1483 1475 1473 1428 1470 1469 1457 1460 1482 1425 1437 1476 1417 1464 1414 1449 1416 1486 1452 1431 1440 1461 1444 1447 1439 1472 1433 1426 1463 1424 1465 1474 1422 1489 1412 1462 1430 1478 1442 1435 1479
3230 3194 3231 3177 3163 3196 3228 3223 3158 3162 3191 3227 3197 3161 3234 3237 3179 3189 3193 3235 3156 3166 3164 3211 3198 3202 3236 3184 3181 3172 3224 3214 3201 3199 3186 3220 3188 3210 3209 3233 3175 3170 3226 3218 3216 3171 3213 3212 3200 3203 3225 3168 3180 3219 3160 3207 3157 3192 3159 3229 3195 3174 3183 3204 3187 3190 3182 3215 3176 3169 3206 3167 3208 3217 3165 3232 3155 3205 3173 3221 3185 3178 3222
4724 4688 4725 4671 4657 4690 4722 4717 4652 4656 4685 4721 4691 4655 4728 4731 4673 4683 4687 4729 4650 4660 4658 4705 4692 4696 4730 4678 4675 4666 4718 4708 4695 4693 4680 4714 4682 4704 4703 4727 4669 4664 4720 4712 4710 4665 4707 4706 4694 4697 4719 4662 4674 4713 4654 4701 4651 4686 4653 4723 4689 4668 4677 4698 4681 4684 4676 4709 4670 4663 4700 4661 4702 4711 4659 4726 4649 4699 4667 4715 4679 4672 4716
3894 3858 3895 3841 3827 3860 3892 3887 3822 3826 3855 3891 3861 3825 3898 3901 3843 3853 3857 3899 3820 3830 3828 3875 3862 3866 3900 3848 3845 3836 3888 3878 3865 3863 3850 3884 3852 3874 3873 3897 3839 3834 3890 3882 3880 3835 3877 3876 3864 3867 3889 3832 3844 3883 3824 3871 3821 3856 3823 3893 3859 3838 3847 3868 3851 3854 3846 3879 3840 3833 3870 3831 3872 3881 3829 3896 3819 3869 3837 3885 3849 3842 3886
3562 3526 3563 3509 3495 3528 3560 3555 3490 3494 3523 3559 3529 3493 3566 3569 3511 3521 3525 3567 3488 3498 3496 3543 3530 3534 3568 3516 3513 3504 3556 3546 3533 3531 3518 3552 3520 3542 3541 3565 3507 3502 3558 3550 3548 3503 3545 3544 3532 3535 3557 3500 3512 3551 3492 3539 3489 3524 3491 3561 3527 3506 3515 3536 3519 3522 3514 3547 3508 3501 3538 3499 3540 3549 3497 3564 3487 3537 3505 3553 3517 3510 3554
823 787 824 770 756 789 821 816 751 755 784 820 790 754 827 830 772 782 786 828 749 759 757 804 791 795 829 777 774 765 817 807 794 792 779 813 781 803 802 826 768 763 819 811 809 764 806 805 793 796 818 761 773 812 753 800 750 785 752 822 788 767 776 797 780 783 775 808 769 762 799 760 801 810 758 825 748 798 766 814 778 771 815
1072 1036 1073 1019 1005 1038 1070 1065 1000 1004 1033 1069 1039 1003 1076 1079 1021 1031 1035 1077 998 1008 1006 1053 1040 1044 1078 1026 1023 1014 1066 1056 1043 1041 1028 1062 1030 1052 1051 1075 1017 1012 1068 1060 1058 1013 1055 1054 1042 1045 1067 1010 1022 1061 1002 1049 999 1034 1001 1071 1037 1016 1025 1046 1029 1032 1024 1057 1018 1011 1048 1009 1050 1059 1007 1074 997 1047 1015 1063 1027 1020 1064
1404 1368 1405 1351 1337 1370 1402 1397 1332 1336 1365 1401 1371 1335 1408 1411 1353 1363 1367 1409 1330 1340 1338 1385 1372 1376 1410 1358 1355 1346 1398 1388 1375 1373 1360 1394 1362 1384 1383 1407 1349 1344 1400 1392 1390 1345 1387 1386 1374 1377 1399 1342 1354 1393 1334 1381 1331 1366 1333 1403 1369 1348 1357 1378 1361 1364 1356 1389 1350 1343 1380 1341 1382 1391 1339 1406 1329 1379 1347 1395 1359 1352 1396
159 123 160 106 92 125 157 152 87 91 120 156 126 90 163 166 108 118 122 164 85 95 93 140 127 131 165 113 110 101 153 143 130 128 115 149 117 139 138 162 104 99 155 147 145 100 142 141 129 132 154 97 109 148 89 136 86 121 88 158 124 103 112 133 116 119 111 144 105 98 135 96 137 146 94 161 84 134 102 150 114 107 151
4558 4522 4559 4505 4491 4524 4556 4551 4486 4490 4519 4555 4525 4489 4562 4565 4507 4517 4521 4563 4484 4494 4492 4539 4526 4530 4564 4512 4509 4500 4552 4542 4529 4527 4514 4548 4516 4538 4537 4561 4503 4498 4554 4546 4544 4499 4541 4540 4528 4531 4553 4496 4508 4547 4488 4535 4485 4520 4487 4557 4523 4502 4511 4532 4515 4518 4510 4543 4504 4497 4534 4495 4536 4545 4493 4560 4483 4533 4501 4549 4513 4506 4550
5139 5103 5140 5086 5072 5105 5137 5132 5067 5071 5100 5136 5106 5070 5143 5146 5088 5098 5102 5144 5065 5075 5073 5120 5107 5111 5145 5093 5090 5081 5133 5123 5110 5108 5095 5129 5097 5119 5118 5142 5084 5079 5135 5127 5125 5080 5122 5121 5109 5112 5134 5077 5089 5128 5069 5116 5066 5101 5068 5138 5104 5083 5092 5113 5096 5099 5091 5124 5085 5078 5115 5076 5117 5126 5074 5141 5064 5114 5082 5130 5094 5087 5131
5720 5684 5721 5667 5653 5686 5718 5713 5648 5652 5681 5717 5687 5651 5724 5727 5669 5679 5683 5725 5646 5656 5654 5701 5688 5692 5726 5674 5671 5662 5714 5704 5691 5689 5676 5710 5678 5700 5699 5723 5665 5660 5716 5708 5706 5661 5703 5702 5690 5693 5715 5658 5670 5709 5650 5697 5647 5682 5649 5719 5685 5664 5673 5694 5677 5680 5672 5705 5666 5659 5696 5657 5698 5707 5655 5722 5645 5695 5663 5711 5675 5668 5712
4475 4439 4476 4422 4408 4441 4473 4468 4403 4407 4436 4472 4442 4406 4479 4482 4424 4434 4438 4480 4401 4411 4409 4456 4443 4447 4481 4429 4426 4417 4469 4459 4446 4444 4431 4465 4433 4455 4454 4478 4420 4415 4471 4463 4461 4416 4458 4457 4445 4448 4470 4413 4425 4464 4405 4452 4402 4437 4404 4474 4440 4419 4428 4449 4432 4435 4427 4460 4421 4414 4451 4412 4453 4462 4410 4477 4400 4450 4418 4466 4430 4423 4467
5886 5850 5887 5833 5819 5852 5884 5879 5814 5818 5847 5883 5853 5817 5890 5893 5835 5845 5849 5891 5812 5822 5820 5867 5854 5858 5892 5840 5837 5828 5880 5870 5857 5855 5842 5876 5844 5866 5865 5889 5831 5826 5882 5874 5872 5827 5869 5868 5856 5859 5881 5824 5836 5875 5816 5863 5813 5848 5815 5885 5851 5830 5839 5860 5843 5846 5838 5871 5832 5825 5862 5823 5864 5873 5821 5888 5811 5861 5829 5877 5841 5834 5878
4309 4273 4310 4256 4242 4275 4307 4302 4237 4241 4270 4306 4276 4240 4313 4316 4258 4268 4272 4314 4235 4245 4243 4290 4277 4281 4315 4263 4260 4251 4303 4293 4280 4278 4265 4299 4267 4289 4288 4312 4254 4249 4305 4297 4295 4250 4292 4291 4279 4282 4304 4247 4259 4298 4239 4286 4236 4271 4238 4308 4274 4253 4262 4283 4266 4269 4261 4294 4255 4248 4285 4246 4287 4296 4244 4311 4234 4284 4252 4300 4264 4257 4301
3064 3028 3065 3011 2997 3030 3062 3057 2992 2996 3025 3061 3031 2995 3068 3071 3013 3023 3027 3069 2990 3000 2998 3045 3032 3036 3070 3018 3015 3006 3058 3048 3035 3033 3020 3054 3022 3044 3043 3067 3009 3004 3060 3052 3050 3005 3047 3046 3034 3037 3059 3002 3014 3053 2994 3041 2991 3026 2993 3063 3029 3008 3017 3038 3021 3024 3016 3049 3010 3003 3040 3001 3042 3051 2999 3066 2989 3039 3007 3055 3019 3012 3056
1985 1949 1986 1932 1918 1951 1983 1978 1913 1917 1946 1982 1952 1916 1989 1992 1934 1944 1948 1990 1911 1921 1919 1966 1953 1957 1991 1939 1936 1927 1979 1969 1956 1954 1941 1975 1943 1965 1964 1988 1930 1925 1981 1973 1971 1926 1968 1967 1955 1958 1980 1923 1935 1974 1915 1962 1912 1947 1914 1984 1950 1929 1938 1959 1942 1945 1937 1970 1931 1924 1961 1922 1963 1972 1920 1987 1910 1960 1928 1976 1940 1933 1977
2400 2364 2401 2347 2333 2366 2398 2393 2328 2332 2361 2397 2367 2331 2404 2407 2349 2359 2363 2405 2326 2336 2334 2381 2368 2372 2406 2354 2351 2342 2394 2384 2371 2369 2356 2390 2358 2380 2379 2403 2345 2340 2396 2388 2386 2341 2383 2382 2370 2373 2395 2338 2350 2389 2330 2377 2327 2362 2329 2399 2365 2344 2353 2374 2357 2360 2352 2385 2346 2339 2376 2337 2378 2387 2335 2402 2325 2375 2343 2391 2355 2348 2392
5305 5269 5306 5252 5238 5271 5303 5298 5233 5237 5266 5302 5272 5236 5309 5312 5254 5264 5268 5310 5231 5241 5239 5286 5273 5277 5311 5259 5256 5247 5299 5289 5276 5274 5261 5295 5263 5285 5284 5308 5250 5245 5301 5293 5291 5246 5288 5287 5275 5278 5300 5243 5255 5294 5235 5282 5232 5267 5234 5304 5270 5249 5258 5279 5262 5265 5257 5290 5251 5244 5281 5242 5283 5292 5240 5307 5230 5280 5248 5296 5260 5253 5297
1321 1285 1322 1268 1254 1287 1319 1314 1249 1253 1282 1318 1288 1252 1325 1328 1270 1280 1284 1326 1247 1257 1255 1302 1289 1293 1327 1275 1272 1263 1315 1305 1292 1290 1277 1311 1279 1301 1300 1324 1266 1261 1317 1309 1307 1262 1304 1303 1291 1294 1316 1259 1271 1310 1251 1298 1248 1283 1250 1320 1286 1265 1274 1295 1278 1281 1273 1306 1267 1260 1297 1258 1299 1308 1256 1323 1246 1296 1264 1312 1276 1269 1313
2234 2198 2235 2181 2167 2200 2232 2227 2162 2166 2195 2231 2201 2165 2238 2241 2183 2193 2197 2239 2160 2170 2168 2215 2202 2206 2240 2188 2185 2176 2228 2218 2205 2203 2190 2224 2192 2214 2213 2237 2179 2174 2230 2222 2220 2175 2217 2216 2204 2207 2229 2172 2184 2223 2164 2211 2161 2196 2163 2233 2199 2178 2187 2208 2191 2194 2186 2219 2180 2173 2210 2171 2212 2221 2169 2236 2159 2209 2177 2225 2189 2182 2226
76 40 77 23 9 42 74 69 4 8 37 73 43 7 80 83 25 35 39 81 2 12 10 57 44 48 82 30 27 18 70 60 47 45 32 66 34 56 55 79 21 16 72 64 62 17 59 58 46 49 71 14 26 65 6 53 3 38 5 75 41 20 29 50 33 36 28 61 22 15 52 13 54 63 11 78 1 51 19 67 31 24 68
2898 2862 2899 2845 2831 2864 2896 2891 2826 2830 2859 2895 2865 2829 2902 2905 2847 2857 2861 2903 2824 2834 2832 2879 2866 2870 2904 2852 2849 2840 2892 2882 2869 2867 2854 2888 2856 2878 2877 2901 2843 2838 2894 2886 2884 2839 2881 2880 2868 2871 2893 2836 2848 2887 2828 2875 2825 2860 2827 2897 2863 2842 2851 2872 2855 2858 2850 2883 2844 2837 2874 2835 2876 2885 2833 2900 2823 2873 2841 2889 2853 2846 2890
5388 5352 5389 5335 5321 5354 5386 5381 5316 5320 5349 5385 5355 5319 5392 5395 5337 5347 5351 5393 5314 5324 5322 5369 5356 5360 5394 5342 5339 5330 5382 5372 5359 5357 5344 5378 5346 5368 5367 5391 5333 5328 5384 5376 5374 5329 5371 5370 5358 5361 5383 5326 5338 5377 5318 5365 5315 5350 5317 5387 5353 5332 5341 5362 5345 5348 5340 5373 5334 5327 5364 5325 5366 5375 5323 5390 5313 5363 5331 5379 5343 5336 5380
1653 1617 1654 1600 1586 1619 1651 1646 1581 1585 1614 1650 1620 1584 1657 1660 1602 1612 1616 1658 1579 1589 1587 1634 1621 1625 1659 1607 1604 1595 1647 1637 1624 1622 1609 1643 1611 1633 1632 1656 1598 1593 1649 1641 1639 1594 1636 1635 1623 1626 1648 1591 1603 1642 1583 1630 1580 1615 1582 1652 1618 1597 1606 1627 1610 1613 1605 1638 1599 1592 1629 1590 1631 1640 1588 1655 1578 1628 1596 1644 1608 1601 1645
5056 5020 5057 5003 4989 5022 5054 5049 4984 4988 5017 5053 5023 4987 5060 5063 5005 5015 5019 5061 4982 4992 4990 5037 5024 5028 5062 5010 5007 4998 5050 5040 5027 5025 5012 5046 5014 5036 5035 5059 5001 4996 5052 5044 5042 4997 5039 5038 5026 5029 5051 4994 5006 5045 4986 5033 4983 5018 4985 5055 5021 5000 5009 5030 5013 5016 5008 5041 5002 4995 5032 4993 5034 5043 4991 5058 4981 5031 4999 5047 5011 5004 5048
408 372 409 355 341 374 406 401 336 340 369 405 375 339 412 415 357 367 371 413 334 344 342 389 376 380 414 362 359 350 402 392 379 377 364 398 366 388 387 411 353 348 404 396 394 349 391 390 378 381 403 346 358 397 338 385 335 370 337 407 373 352 361 382 365 368 360 393 354 347 384 345 386 395 343 410 333 383 351 399 363 356 400
491 455 492 438 424 457 489 484 419 423 452 488 458 422 495 498 440 450 454 496 417 427 425 472 459 463 497 445 442 433 485 475 462 460 447 481 449 471 470 494 436 431 487 479 477 432 474 473 461 464 486 429 441 480 421 468 418 453 420 490 456 435 444 465 448 451 443 476 437 430 467 428 469 478 426 493 416 466 434 482 446 439 483
574 538 575 521 507 540 572 567 502 506 535 571 541 505 578 581 523 533 537 579 500 510 508 555 542 546 580 528 525 516 568 558 545 543 530 564 532 554 553 577 519 514 570 562 560 515 557 556 544 547 569 512 524 563 504 551 501 536 503 573 539 518 527 548 531 534 526 559 520 513 550 511 552 561 509 576 499 549 517 565 529 522 566
325 289 326 272 258 291 323 318 253 257 286 322 292 256 329 332 274 284 288 330 251 261 259 306 293 297 331 279 276 267 319 309 296 294 281 315 283 305 304 328 270 265 321 313 311 266 308 307 295 298 320 263 275 314 255 302 252 287 254 324 290 269 278 299 282 285 277 310 271 264 301 262 303 312 260 327 250 300 268 316 280 273 317
242 206 243 189 175 208 240 235 170 174 203 239 209 173 246 249 191 201 205 247 168 178 176 223 210 214 248 196 193 184 236 226 213 211 198 232 200 222 221 245 187 182 238 230 228 183 225 224 212 215 237 180 192 231 172 219 169 204 171 241 207 186 195 216 199 202 194 227 188 181 218 179 220 229 177 244 167 217 185 233 197 190 234
4143 4107 4144 4090 4076 4109 4141 4136 4071 4075 4104 4140 4110 4074 4147 4150 4092 4102 4106 4148 4069 4079 4077 4124 4111 4115 4149 4097 4094 4085 4137 4127 4114 4112 4099 4133 4101 4123 4122 4146 4088 4083 4139 4131 4129 4084 4126 4125 4113 4116 4138 4081 4093 4132 4073 4120 4070 4105 4072 4142 4108 4087 4096 4117 4100 4103 4095 4128 4089 4082 4119 4080 4121 4130 4078 4145 4068 4118 4086 4134 4098 4091 4135
2981 2945 2982 2928 2914 2947 2979 2974 2909 2913 2942 2978 2948 2912 2985 2988 2930 2940 2944 2986 2907 2917 2915 2962 2949 2953 2987 2935 2932 2923 2975 2965 2952 2950 2937 2971 2939 2961 2960 2984 2926 2921 2977 2969 2967 2922 2964 2963 2951 2954 2976 2919 2931 2970 2911 2958 2908 2943 2910 2980 2946 2925 2934 2955 2938 2941 2933 2966 2927 2920 2957 2918 2959 2968 2916 2983 2906 2956 2924 2972 2936 2929 2973
657 621 658 604 590 623 655 650 585 589 618 654 624 588 661 664 606 616 620 662 583 593 591 638 625 629 663 611 608 599 651 641 628 626 613 647 615 637 636 660 602 597 653 645 643 598 640 639 627 630 652 595 607 646 587 634 584 619 586 656 622 601 610 631 614 617 609 642 603 596 633 594 635 644 592 659 582 632 600 648 612 605 649
3645 3609 3646 3592 3578 3611 3643 3638 3573 3577 3606 3642 3612 3576 3649 3652 3594 3604 3608 3650 3571 3581 3579 3626 3613 3617 3651 3599 3596 3587 3639 3629 3616 3614 3601 3635 3603 3625 3624 3648 3590 3585 3641 3633 3631 3586 3628 3627 3615 3618 3640 3583 3595 3634 3575 3622 3572 3607 3574 3644 3610 3589 3598 3619 3602 3605 3597 3630 3591 3584 3621 3582 3623 3632 3580 3647 3570 3620 3588 3636 3600 3593 3637
5803 5767 5804 5750 5736 5769 5801 5796 5731 5735 5764 5800 5770 5734 5807 5810 5752 5762 5766 5808 5729 5739 5737 5784 5771 5775 5809 5757 5754 5745 5797 5787 5774 5772 5759 5793 5761 5783 5782 5806 5748 5743 5799 5791 5789 5744 5786 5785 5773 5776 5798 5741 5753 5792 5733 5780 5730 5765 5732 5802 5768 5747 5756 5777 5760 5763 5755 5788 5749 5742 5779 5740 5781 5790 5738 5805 5728 5778 5746 5794 5758 5751 5795
