94 84
2714 2758 2729 2741 2750 2719 2710 2768 2744 2770 2756 2772 2723 2762 2718 2734 2751 2720 2721 2702 2764 2732 2715 2695 2690 2713 2730 2746 2745 2692 2761 2757 2733 2709 2736 2706 2752 2726 2754 2707 2769 2767 2703 2724 2694 2699 2712 2705 2698 2739 2743 2763 2759 2766 2738 2771 2747 2737 2716 2725 2708 2697 2700 2693 2740 2760 2728 2749 2748 2731 2753 2701 2711 2742 2722 2765 2735 2717 2727 2691 2689 2755 2696 2704
2294 2338 2309 2321 2330 2299 2290 2348 2324 2350 2336 2352 2303 2342 2298 2314 2331 2300 2301 2282 2344 2312 2295 2275 2270 2293 2310 2326 2325 2272 2341 2337 2313 2289 2316 2286 2332 2306 2334 2287 2349 2347 2283 2304 2274 2279 2292 2285 2278 2319 2323 2343 2339 2346 2318 2351 2327 2317 2296 2305 2288 2277 2280 2273 2320 2340 2308 2329 2328 2311 2333 2281 2291 2322 2302 2345 2315 2297 2307 2271 2269 2335 2276 2284
6158 6202 6173 6185 6194 6163 6154 6212 6188 6214 6200 6216 6167 6206 6162 6178 6195 6164 6165 6146 6208 6176 6159 6139 6134 6157 6174 6190 6189 6136 6205 6201 6177 6153 6180 6150 6196 6170 6198 6151 6213 6211 6147 6168 6138 6143 6156 6149 6142 6183 6187 6207 6203 6210 6182 6215 6191 6181 6160 6169 6152 6141 6144 6137 6184 6204 6172 6193 6192 6175 6197 6145 6155 6186 6166 6209 6179 6161 6171 6135 6133 6199 6140 6148
4226 4270 4241 4253 4262 4231 4222 4280 4256 4282 4268 4284 4235 4274 4230 4246 4263 4232 4233 4214 4276 4244 4227 4207 4202 4225 4242 4258 4257 4204 4273 4269 4245 4221 4248 4218 4264 4238 4266 4219 4281 4279 4215 4236 4206 4211 4224 4217 4210 4251 4255 4275 4271 4278 4250 4283 4259 4249 4228 4237 4220 4209 4212 4205 4252 4272 4240 4261 4260 4243 4265 4213 4223 4254 4234 4277 4247 4229 4239 4203 4201 4267 4208 4216
4646 4690 4661 4673 4682 4651 4642 4700 4676 4702 4688 4704 4655 4694 4650 4666 4683 4652 4653 4634 4696 4664 4647 4627 4622 4645 4662 4678 4677 4624 4693 4689 4665 4641 4668 4638 4684 4658 4686 4639 4701 4699 4635 4656 4626 4631 4644 4637 4630 4671 4675 4695 4691 4698 4670 4703 4679 4669 4648 4657 4640 4629 4632 4625 4672 4692 4660 4681 4680 4663 4685 4633 4643 4674 4654 4697 4667 4649 4659 4623 4621 4687 4628 4636
1958 2002 1973 1985 1994 1963 1954 2012 1988 2014 2000 2016 1967 2006 1962 1978 1995 1964 1965 1946 2008 1976 1959 1939 1934 1957 1974 1990 1989 1936 2005 2001 1977 1953 1980 1950 1996 1970 1998 1951 2013 2011 1947 1968 1938 1943 1956 1949 1942 1983 1987 2007 2003 2010 1982 2015 1991 1981 1960 1969 1952 1941 1944 1937 1984 2004 1972 1993 1992 1975 1997 1945 1955 1986 1966 2009 1979 1961 1971 1935 1933 1999 1940 1948
6326 6370 6341 6353 6362 6331 6322 6380 6356 6382 6368 6384 6335 6374 6330 6346 6363 6332 6333 6314 6376 6344 6327 6307 6302 6325 6342 6358 6357 6304 6373 6369 6345 6321 6348 6318 6364 6338 6366 6319 6381 6379 6315 6336 6306 6311 6324 6317 6310 6351 6355 6375 6371 6378 6350 6383 6359 6349 6328 6337 6320 6309 6312 6305 6352 6372 6340 6361 6360 6343 6365 6313 6323 6354 6334 6377 6347 6329 6339 6303 6301 6367 6308 6316
3638 3682 3653 3665 3674 3643 3634 3692 3668 3694 3680 3696 3647 3686 3642 3658 3675 3644 3645 3626 3688 3656 3639 3619 3614 3637 3654 3670 3669 3616 3685 3681 3657 3633 3660 3630 3676 3650 3678 3631 3693 3691 3627 3648 3618 3623 3636 3629 3622 3663 3667 3687 3683 3690 3662 3695 3671 3661 3640 3649 3632 3621 3624 3617 3664 3684 3652 3673 3672 3655 3677 3625 3635 3666 3646 3689 3659 3641 3651 3615 3613 3679 3620 3628
5822 5866 5837 5849 5858 5827 5818 5876 5852 5878 5864 5880 5831 5870 5826 5842 5859 5828 5829 5810 5872 5840 5823 5803 5798 5821 5838 5854 5853 5800 5869 5865 5841 5817 5844 5814 5860 5834 5862 5815 5877 5875 5811 5832 5802 5807 5820 5813 5806 5847 5851 5871 5867 5874 5846 5879 5855 5845 5824 5833 5816 5805 5808 5801 5848 5868 5836 5857 5856 5839 5861 5809 5819 5850 5830 5873 5843 5825 5835 5799 5797 5863 5804 5812
4814 4858 4829 4841 4850 4819 4810 4868 4844 4870 4856 4872 4823 4862 4818 4834 4851 4820 4821 4802 4864 4832 4815 4795 4790 4813 4830 4846 4845 4792 4861 4857 4833 4809 4836 4806 4852 4826 4854 4807 4869 4867 4803 4824 4794 4799 4812 4805 4798 4839 4843 4863 4859 4866 4838 4871 4847 4837 4816 4825 4808 4797 4800 4793 4840 4860 4828 4849 4848 4831 4853 4801 4811 4842 4822 4865 4835 4817 4827 4791 4789 4855 4796 4804
782 826 797 809 818 787 778 836 812 838 824 840 791 830 786 802 819 788 789 770 832 800 783 763 758 781 798 814 813 760 829 825 801 777 804 774 820 794 822 775 837 835 771 792 762 767 780 773 766 807 811 831 827 834 806 839 815 805 784 793 776 765 768 761 808 828 796 817 816 799 821 769 779 810 790 833 803 785 795 759 757 823 764 772
1790 1834 1805 1817 1826 1795 1786 1844 1820 1846 1832 1848 1799 1838 1794 1810 1827 1796 1797 1778 1840 1808 1791 1771 1766 1789 1806 1822 1821 1768 1837 1833 1809 1785 1812 1782 1828 1802 1830 1783 1845 1843 1779 1800 1770 1775 1788 1781 1774 1815 1819 1839 1835 1842 1814 1847 1823 1813 1792 1801 1784 1773 1776 1769 1816 1836 1804 1825 1824 1807 1829 1777 1787 1818 1798 1841 1811 1793 1803 1767 1765 1831 1772 1780
2630 2674 2645 2657 2666 2635 2626 2684 2660 2686 2672 2688 2639 2678 2634 2650 2667 2636 2637 2618 2680 2648 2631 2611 2606 2629 2646 2662 2661 2608 2677 2673 2649 2625 2652 2622 2668 2642 2670 2623 2685 2683 2619 2640 2610 2615 2628 2621 2614 2655 2659 2679 2675 2682 2654 2687 2663 2653 2632 2641 2624 2613 2616 2609 2656 2676 2644 2665 2664 2647 2669 2617 2627 2658 2638 2681 2651 2633 2643 2607 2605 2671 2612 2620
1034 1078 1049 1061 1070 1039 1030 1088 1064 1090 1076 1092 1043 1082 1038 1054 1071 1040 1041 1022 1084 1052 1035 1015 1010 1033 1050 1066 1065 1012 1081 1077 1053 1029 1056 1026 1072 1046 1074 1027 1089 1087 1023 1044 1014 1019 1032 1025 1018 1059 1063 1083 1079 1086 1058 1091 1067 1057 1036 1045 1028 1017 1020 1013 1060 1080 1048 1069 1068 1051 1073 1021 1031 1062 1042 1085 1055 1037 1047 1011 1009 1075 1016 1024
7586 7630 7601 7613 7622 7591 7582 7640 7616 7642 7628 7644 7595 7634 7590 7606 7623 7592 7593 7574 7636 7604 7587 7567 7562 7585 7602 7618 7617 7564 7633 7629 7605 7581 7608 7578 7624 7598 7626 7579 7641 7639 7575 7596 7566 7571 7584 7577 7570 7611 7615 7635 7631 7638 7610 7643 7619 7609 7588 7597 7580 7569 7572 7565 7612 7632 7600 7621 7620 7603 7625 7573 7583 7614 7594 7637 7607 7589 7599 7563 7561 7627 7568 7576
4478 4522 4493 4505 4514 4483 4474 4532 4508 4534 4520 4536 4487 4526 4482 4498 4515 4484 4485 4466 4528 4496 4479 4459 4454 4477 4494 4510 4509 4456 4525 4521 4497 4473 4500 4470 4516 4490 4518 4471 4533 4531 4467 4488 4458 4463 4476 4469 4462 4503 4507 4527 4523 4530 4502 4535 4511 4501 4480 4489 4472 4461 4464 4457 4504 4524 4492 4513 4512 4495 4517 4465 4475 4506 4486 4529 4499 4481 4491 4455 4453 4519 4460 4468
7670 7714 7685 7697 7706 7675 7666 7724 7700 7726 7712 7728 7679 7718 7674 7690 7707 7676 7677 7658 7720 7688 7671 7651 7646 7669 7686 7702 7701 7648 7717 7713 7689 7665 7692 7662 7708 7682 7710 7663 7725 7723 7659 7680 7650 7655 7668 7661 7654 7695 7699 7719 7715 7722 7694 7727 7703 7693 7672 7681 7664 7653 7656 7649 7696 7716 7684 7705 7704 7687 7709 7657 7667 7698 7678 7721 7691 7673 7683 7647 7645 7711 7652 7660
7082 7126 7097 7109 7118 7087 7078 7136 7112 7138 7124 7140 7091 7130 7086 7102 7119 7088 7089 7070 7132 7100 7083 7063 7058 7081 7098 7114 7113 7060 7129 7125 7101 7077 7104 7074 7120 7094 7122 7075 7137 7135 7071 7092 7062 7067 7080 7073 7066 7107 7111 7131 7127 7134 7106 7139 7115 7105 7084 7093 7076 7065 7068 7061 7108 7128 7096 7117 7116 7099 7121 7069 7079 7110 7090 7133 7103 7085 7095 7059 7057 7123 7064 7072
1202 1246 1217 1229 1238 1207 1198 1256 1232 1258 1244 1260 1211 1250 1206 1222 1239 1208 1209 1190 1252 1220 1203 1183 1178 1201 1218 1234 1233 1180 1249 1245 1221 1197 1224 1194 1240 1214 1242 1195 1257 1255 1191 1212 1182 1187 1200 1193 1186 1227 1231 1251 1247 1254 1226 1259 1235 1225 1204 1213 1196 1185 1188 1181 1228 1248 1216 1237 1236 1219 1241 1189 1199 1230 1210 1253 1223 1205 1215 1179 1177 1243 1184 1192
1286 1330 1301 1313 1322 1291 1282 1340 1316 1342 1328 1344 1295 1334 1290 1306 1323 1292 1293 1274 1336 1304 1287 1267 1262 1285 1302 1318 1317 1264 1333 1329 1305 1281 1308 1278 1324 1298 1326 1279 1341 1339 1275 1296 1266 1271 1284 1277 1270 1311 1315 1335 1331 1338 1310 1343 1319 1309 1288 1297 1280 1269 1272 1265 1312 1332 1300 1321 1320 1303 1325 1273 1283 1314 1294 1337 1307 1289 1299 1263 1261 1327 1268 1276
6662 6706 6677 6689 6698 6667 6658 6716 6692 6718 6704 6720 6671 6710 6666 6682 6699 6668 6669 6650 6712 6680 6663 6643 6638 6661 6678 6694 6693 6640 6709 6705 6681 6657 6684 6654 6700 6674 6702 6655 6717 6715 6651 6672 6642 6647 6660 6653 6646 6687 6691 6711 6707 6714 6686 6719 6695 6685 6664 6673 6656 6645 6648 6641 6688 6708 6676 6697 6696 6679 6701 6649 6659 6690 6670 6713 6683 6665 6675 6639 6637 6703 6644 6652
950 994 965 977 986 955 946 1004 980 1006 992 1008 959 998 954 970 987 956 957 938 1000 968 951 931 926 949 966 982 981 928 997 993 969 945 972 942 988 962 990 943 1005 1003 939 960 930 935 948 941 934 975 979 999 995 1002 974 1007 983 973 952 961 944 933 936 929 976 996 964 985 984 967 989 937 947 978 958 1001 971 953 963 927 925 991 932 940
3890 3934 3905 3917 3926 3895 3886 3944 3920 3946 3932 3948 3899 3938 3894 3910 3927 3896 3897 3878 3940 3908 3891 3871 3866 3889 3906 3922 3921 3868 3937 3933 3909 3885 3912 3882 3928 3902 3930 3883 3945 3943 3879 3900 3870 3875 3888 3881 3874 3915 3919 3939 3935 3942 3914 3947 3923 3913 3892 3901 3884 3873 3876 3869 3916 3936 3904 3925 3924 3907 3929 3877 3887 3918 3898 3941 3911 3893 3903 3867 3865 3931 3872 3880
446 490 461 473 482 451 442 500 476 502 488 504 455 494 450 466 483 452 453 434 496 464 447 427 422 445 462 478 477 424 493 489 465 441 468 438 484 458 486 439 501 499 435 456 426 431 444 437 430 471 475 495 491 498 470 503 479 469 448 457 440 429 432 425 472 492 460 481 480 463 485 433 443 474 454 497 467 449 459 423 421 487 428 436
7502 7546 7517 7529 7538 7507 7498 7556 7532 7558 7544 7560 7511 7550 7506 7522 7539 7508 7509 7490 7552 7520 7503 7483 7478 7501 7518 7534 7533 7480 7549 7545 7521 7497 7524 7494 7540 7514 7542 7495 7557 7555 7491 7512 7482 7487 7500 7493 7486 7527 7531 7551 7547 7554 7526 7559 7535 7525 7504 7513 7496 7485 7488 7481 7528 7548 7516 7537 7536 7519 7541 7489 7499 7530 7510 7553 7523 7505 7515 7479 7477 7543 7484 7492
5990 6034 6005 6017 6026 5995 5986 6044 6020 6046 6032 6048 5999 6038 5994 6010 6027 5996 5997 5978 6040 6008 5991 5971 5966 5989 6006 6022 6021 5968 6037 6033 6009 5985 6012 5982 6028 6002 6030 5983 6045 6043 5979 6000 5970 5975 5988 5981 5974 6015 6019 6039 6035 6042 6014 6047 6023 6013 5992 6001 5984 5973 5976 5969 6016 6036 6004 6025 6024 6007 6029 5977 5987 6018 5998 6041 6011 5993 6003 5967 5965 6031 5972 5980
3218 3262 3233 3245 3254 3223 3214 3272 3248 3274 3260 3276 3227 3266 3222 3238 3255 3224 3225 3206 3268 3236 3219 3199 3194 3217 3234 3250 3249 3196 3265 3261 3237 3213 3240 3210 3256 3230 3258 3211 3273 3271 3207 3228 3198 3203 3216 3209 3202 3243 3247 3267 3263 3270 3242 3275 3251 3241 3220 3229 3212 3201 3204 3197 3244 3264 3232 3253 3252 3235 3257 3205 3215 3246 3226 3269 3239 3221 3231 3195 3193 3259 3200 3208
7838 7882 7853 7865 7874 7843 7834 7892 7868 7894 7880 7896 7847 7886 7842 7858 7875 7844 7845 7826 7888 7856 7839 7819 7814 7837 7854 7870 7869 7816 7885 7881 7857 7833 7860 7830 7876 7850 7878 7831 7893 7891 7827 7848 7818 7823 7836 7829 7822 7863 7867 7887 7883 7890 7862 7895 7871 7861 7840 7849 7832 7821 7824 7817 7864 7884 7852 7873 7872 7855 7877 7825 7835 7866 7846 7889 7859 7841 7851 7815 7813 7879 7820 7828
6578 6622 6593 6605 6614 6583 6574 6632 6608 6634 6620 6636 6587 6626 6582 6598 6615 6584 6585 6566 6628 6596 6579 6559 6554 6577 6594 6610 6609 6556 6625 6621 6597 6573 6600 6570 6616 6590 6618 6571 6633 6631 6567 6588 6558 6563 6576 6569 6562 6603 6607 6627 6623 6630 6602 6635 6611 6601 6580 6589 6572 6561 6564 6557 6604 6624 6592 6613 6612 6595 6617 6565 6575 6606 6586 6629 6599 6581 6591 6555 6553 6619 6560 6568
5318 5362 5333 5345 5354 5323 5314 5372 5348 5374 5360 5376 5327 5366 5322 5338 5355 5324 5325 5306 5368 5336 5319 5299 5294 5317 5334 5350 5349 5296 5365 5361 5337 5313 5340 5310 5356 5330 5358 5311 5373 5371 5307 5328 5298 5303 5316 5309 5302 5343 5347 5367 5363 5370 5342 5375 5351 5341 5320 5329 5312 5301 5304 5297 5344 5364 5332 5353 5352 5335 5357 5305 5315 5346 5326 5369 5339 5321 5331 5295 5293 5359 5300 5308
4730 4774 4745 4757 4766 4735 4726 4784 4760 4786 4772 4788 4739 4778 4734 4750 4767 4736 4737 4718 4780 4748 4731 4711 4706 4729 4746 4762 4761 4708 4777 4773 4749 4725 4752 4722 4768 4742 4770 4723 4785 4783 4719 4740 4710 4715 4728 4721 4714 4755 4759 4779 4775 4782 4754 4787 4763 4753 4732 4741 4724 4713 4716 4709 4756 4776 4744 4765 4764 4747 4769 4717 4727 4758 4738 4781 4751 4733 4743 4707 4705 4771 4712 4720
4394 4438 4409 4421 4430 4399 4390 4448 4424 4450 4436 4452 4403 4442 4398 4414 4431 4400 4401 4382 4444 4412 4395 4375 4370 4393 4410 4426 4425 4372 4441 4437 4413 4389 4416 4386 4432 4406 4434 4387 4449 4447 4383 4404 4374 4379 4392 4385 4378 4419 4423 4443 4439 4446 4418 4451 4427 4417 4396 4405 4388 4377 4380 4373 4420 4440 4408 4429 4428 4411 4433 4381 4391 4422 4402 4445 4415 4397 4407 4371 4369 4435 4376 4384
3302 3346 3317 3329 3338 3307 3298 3356 3332 3358 3344 3360 3311 3350 3306 3322 3339 3308 3309 3290 3352 3320 3303 3283 3278 3301 3318 3334 3333 3280 3349 3345 3321 3297 3324 3294 3340 3314 3342 3295 3357 3355 3291 3312 3282 3287 3300 3293 3286 3327 3331 3351 3347 3354 3326 3359 3335 3325 3304 3313 3296 3285 3288 3281 3328 3348 3316 3337 3336 3319 3341 3289 3299 3330 3310 3353 3323 3305 3315 3279 3277 3343 3284 3292
614 658 629 641 650 619 610 668 644 670 656 672 623 662 618 634 651 620 621 602 664 632 615 595 590 613 630 646 645 592 661 657 633 609 636 606 652 626 654 607 669 667 603 624 594 599 612 605 598 639 643 663 659 666 638 671 647 637 616 625 608 597 600 593 640 660 628 649 648 631 653 601 611 642 622 665 635 617 627 591 589 655 596 604
4058 4102 4073 4085 4094 4063 4054 4112 4088 4114 4100 4116 4067 4106 4062 4078 4095 4064 4065 4046 4108 4076 4059 4039 4034 4057 4074 4090 4089 4036 4105 4101 4077 4053 4080 4050 4096 4070 4098 4051 4113 4111 4047 4068 4038 4043 4056 4049 4042 4083 4087 4107 4103 4110 4082 4115 4091 4081 4060 4069 4052 4041 4044 4037 4084 4104 4072 4093 4092 4075 4097 4045 4055 4086 4066 4109 4079 4061 4071 4035 4033 4099 4040 4048
5150 5194 5165 5177 5186 5155 5146 5204 5180 5206 5192 5208 5159 5198 5154 5170 5187 5156 5157 5138 5200 5168 5151 5131 5126 5149 5166 5182 5181 5128 5197 5193 5169 5145 5172 5142 5188 5162 5190 5143 5205 5203 5139 5160 5130 5135 5148 5141 5134 5175 5179 5199 5195 5202 5174 5207 5183 5173 5152 5161 5144 5133 5136 5129 5176 5196 5164 5185 5184 5167 5189 5137 5147 5178 5158 5201 5171 5153 5163 5127 5125 5191 5132 5140
5738 5782 5753 5765 5774 5743 5734 5792 5768 5794 5780 5796 5747 5786 5742 5758 5775 5744 5745 5726 5788 5756 5739 5719 5714 5737 5754 5770 5769 5716 5785 5781 5757 5733 5760 5730 5776 5750 5778 5731 5793 5791 5727 5748 5718 5723 5736 5729 5722 5763 5767 5787 5783 5790 5762 5795 5771 5761 5740 5749 5732 5721 5724 5717 5764 5784 5752 5773 5772 5755 5777 5725 5735 5766 5746 5789 5759 5741 5751 5715 5713 5779 5720 5728
7418 7462 7433 7445 7454 7423 7414 7472 7448 7474 7460 7476 7427 7466 7422 7438 7455 7424 7425 7406 7468 7436 7419 7399 7394 7417 7434 7450 7449 7396 7465 7461 7437 7413 7440 7410 7456 7430 7458 7411 7473 7471 7407 7428 7398 7403 7416 7409 7402 7443 7447 7467 7463 7470 7442 7475 7451 7441 7420 7429 7412 7401 7404 7397 7444 7464 7432 7453 7452 7435 7457 7405 7415 7446 7426 7469 7439 7421 7431 7395 7393 7459 7400 7408
866 910 881 893 902 871 862 920 896 922 908 924 875 914 870 886 903 872 873 854 916 884 867 847 842 865 882 898 897 844 913 909 885 861 888 858 904 878 906 859 921 919 855 876 846 851 864 857 850 891 895 915 911 918 890 923 899 889 868 877 860 849 852 845 892 912 880 901 900 883 905 853 863 894 874 917 887 869 879 843 841 907 848 856
4982 5026 4997 5009 5018 4987 4978 5036 5012 5038 5024 5040 4991 5030 4986 5002 5019 4988 4989 4970 5032 5000 4983 4963 4958 4981 4998 5014 5013 4960 5029 5025 5001 4977 5004 4974 5020 4994 5022 4975 5037 5035 4971 4992 4962 4967 4980 4973 4966 5007 5011 5031 5027 5034 5006 5039 5015 5005 4984 4993 4976 4965 4968 4961 5008 5028 4996 5017 5016 4999 5021 4969 4979 5010 4990 5033 5003 4985 4995 4959 4957 5023 4964 4972
7166 7210 7181 7193 7202 7171 7162 7220 7196 7222 7208 7224 7175 7214 7170 7186 7203 7172 7173 7154 7216 7184 7167 7147 7142 7165 7182 7198 7197 7144 7213 7209 7185 7161 7188 7158 7204 7178 7206 7159 7221 7219 7155 7176 7146 7151 7164 7157 7150 7191 7195 7215 7211 7218 7190 7223 7199 7189 7168 7177 7160 7149 7152 7145 7192 7212 7180 7201 7200 7183 7205 7153 7163 7194 7174 7217 7187 7169 7179 7143 7141 7207 7148 7156
530 574 545 557 566 535 526 584 560 586 572 588 539 578 534 550 567 536 537 518 580 548 531 511 506 529 546 562 561 508 577 573 549 525 552 522 568 542 570 523 585 583 519 540 510 515 528 521 514 555 559 579 575 582 554 587 563 553 532 541 524 513 516 509 556 576 544 565 564 547 569 517 527 558 538 581 551 533 543 507 505 571 512 520
4310 4354 4325 4337 4346 4315 4306 4364 4340 4366 4352 4368 4319 4358 4314 4330 4347 4316 4317 4298 4360 4328 4311 4291 4286 4309 4326 4342 4341 4288 4357 4353 4329 4305 4332 4302 4348 4322 4350 4303 4365 4363 4299 4320 4290 4295 4308 4301 4294 4335 4339 4359 4355 4362 4334 4367 4343 4333 4312 4321 4304 4293 4296 4289 4336 4356 4324 4345 4344 4327 4349 4297 4307 4338 4318 4361 4331 4313 4323 4287 4285 4351 4292 4300
6074 6118 6089 6101 6110 6079 6070 6128 6104 6130 6116 6132 6083 6122 6078 6094 6111 6080 6081 6062 6124 6092 6075 6055 6050 6073 6090 6106 6105 6052 6121 6117 6093 6069 6096 6066 6112 6086 6114 6067 6129 6127 6063 6084 6054 6059 6072 6065 6058 6099 6103 6123 6119 6126 6098 6131 6107 6097 6076 6085 6068 6057 6060 6053 6100 6120 6088 6109 6108 6091 6113 6061 6071 6102 6082 6125 6095 6077 6087 6051 6049 6115 6056 6064
6998 7042 7013 7025 7034 7003 6994 7052 7028 7054 7040 7056 7007 7046 7002 7018 7035 7004 7005 6986 7048 7016 6999 6979 6974 6997 7014 7030 7029 6976 7045 7041 7017 6993 7020 6990 7036 7010 7038 6991 7053 7051 6987 7008 6978 6983 6996 6989 6982 7023 7027 7047 7043 7050 7022 7055 7031 7021 7000 7009 6992 6981 6984 6977 7024 7044 7012 7033 7032 7015 7037 6985 6995 7026 7006 7049 7019 7001 7011 6975 6973 7039 6980 6988
3806 3850 3821 3833 3842 3811 3802 3860 3836 3862 3848 3864 3815 3854 3810 3826 3843 3812 3813 3794 3856 3824 3807 3787 3782 3805 3822 3838 3837 3784 3853 3849 3825 3801 3828 3798 3844 3818 3846 3799 3861 3859 3795 3816 3786 3791 3804 3797 3790 3831 3835 3855 3851 3858 3830 3863 3839 3829 3808 3817 3800 3789 3792 3785 3832 3852 3820 3841 3840 3823 3845 3793 3803 3834 3814 3857 3827 3809 3819 3783 3781 3847 3788 3796
5402 5446 5417 5429 5438 5407 5398 5456 5432 5458 5444 5460 5411 5450 5406 5422 5439 5408 5409 5390 5452 5420 5403 5383 5378 5401 5418 5434 5433 5380 5449 5445 5421 5397 5424 5394 5440 5414 5442 5395 5457 5455 5391 5412 5382 5387 5400 5393 5386 5427 5431 5451 5447 5454 5426 5459 5435 5425 5404 5413 5396 5385 5388 5381 5428 5448 5416 5437 5436 5419 5441 5389 5399 5430 5410 5453 5423 5405 5415 5379 5377 5443 5384 5392
1454 1498 1469 1481 1490 1459 1450 1508 1484 1510 1496 1512 1463 1502 1458 1474 1491 1460 1461 1442 1504 1472 1455 1435 1430 1453 1470 1486 1485 1432 1501 1497 1473 1449 1476 1446 1492 1466 1494 1447 1509 1507 1443 1464 1434 1439 1452 1445 1438 1479 1483 1503 1499 1506 1478 1511 1487 1477 1456 1465 1448 1437 1440 1433 1480 1500 1468 1489 1488 1471 1493 1441 1451 1482 1462 1505 1475 1457 1467 1431 1429 1495 1436 1444
2882 2926 2897 2909 2918 2887 2878 2936 2912 2938 2924 2940 2891 2930 2886 2902 2919 2888 2889 2870 2932 2900 2883 2863 2858 2881 2898 2914 2913 2860 2929 2925 2901 2877 2904 2874 2920 2894 2922 2875 2937 2935 2871 2892 2862 2867 2880 2873 2866 2907 2911 2931 2927 2934 2906 2939 2915 2905 2884 2893 2876 2865 2868 2861 2908 2928 2896 2917 2916 2899 2921 2869 2879 2910 2890 2933 2903 2885 2895 2859 2857 2923 2864 2872
5234 5278 5249 5261 5270 5239 5230 5288 5264 5290 5276 5292 5243 5282 5238 5254 5271 5240 5241 5222 5284 5252 5235 5215 5210 5233 5250 5266 5265 5212 5281 5277 5253 5229 5256 5226 5272 5246 5274 5227 5289 5287 5223 5244 5214 5219 5232 5225 5218 5259 5263 5283 5279 5286 5258 5291 5267 5257 5236 5245 5228 5217 5220 5213 5260 5280 5248 5269 5268 5251 5273 5221 5231 5262 5242 5285 5255 5237 5247 5211 5209 5275 5216 5224
6494 6538 6509 6521 6530 6499 6490 6548 6524 6550 6536 6552 6503 6542 6498 6514 6531 6500 6501 6482 6544 6512 6495 6475 6470 6493 6510 6526 6525 6472 6541 6537 6513 6489 6516 6486 6532 6506 6534 6487 6549 6547 6483 6504 6474 6479 6492 6485 6478 6519 6523 6543 6539 6546 6518 6551 6527 6517 6496 6505 6488 6477 6480 6473 6520 6540 6508 6529 6528 6511 6533 6481 6491 6522 6502 6545 6515 6497 6507 6471 6469 6535 6476 6484
5486 5530 5501 5513 5522 5491 5482 5540 5516 5542 5528 5544 5495 5534 5490 5506 5523 5492 5493 5474 5536 5504 5487 5467 5462 5485 5502 5518 5517 5464 5533 5529 5505 5481 5508 5478 5524 5498 5526 5479 5541 5539 5475 5496 5466 5471 5484 5477 5470 5511 5515 5535 5531 5538 5510 5543 5519 5509 5488 5497 5480 5469 5472 5465 5512 5532 5500 5521 5520 5503 5525 5473 5483 5514 5494 5537 5507 5489 5499 5463 5461 5527 5468 5476
1118 1162 1133 1145 1154 1123 1114 1172 1148 1174 1160 1176 1127 1166 1122 1138 1155 1124 1125 1106 1168 1136 1119 1099 1094 1117 1134 1150 1149 1096 1165 1161 1137 1113 1140 1110 1156 1130 1158 1111 1173 1171 1107 1128 1098 1103 1116 1109 1102 1143 1147 1167 1163 1170 1142 1175 1151 1141 1120 1129 1112 1101 1104 1097 1144 1164 1132 1153 1152 1135 1157 1105 1115 1146 1126 1169 1139 1121 1131 1095 1093 1159 1100 1108
194 238 209 221 230 199 190 248 224 250 236 252 203 242 198 214 231 200 201 182 244 212 195 175 170 193 210 226 225 172 241 237 213 189 216 186 232 206 234 187 249 247 183 204 174 179 192 185 178 219 223 243 239 246 218 251 227 217 196 205 188 177 180 173 220 240 208 229 228 211 233 181 191 222 202 245 215 197 207 171 169 235 176 184
4142 4186 4157 4169 4178 4147 4138 4196 4172 4198 4184 4200 4151 4190 4146 4162 4179 4148 4149 4130 4192 4160 4143 4123 4118 4141 4158 4174 4173 4120 4189 4185 4161 4137 4164 4134 4180 4154 4182 4135 4197 4195 4131 4152 4122 4127 4140 4133 4126 4167 4171 4191 4187 4194 4166 4199 4175 4165 4144 4153 4136 4125 4128 4121 4168 4188 4156 4177 4176 4159 4181 4129 4139 4170 4150 4193 4163 4145 4155 4119 4117 4183 4124 4132
1622 1666 1637 1649 1658 1627 1618 1676 1652 1678 1664 1680 1631 1670 1626 1642 1659 1628 1629 1610 1672 1640 1623 1603 1598 1621 1638 1654 1653 1600 1669 1665 1641 1617 1644 1614 1660 1634 1662 1615 1677 1675 1611 1632 1602 1607 1620 1613 1606 1647 1651 1671 1667 1674 1646 1679 1655 1645 1624 1633 1616 1605 1608 1601 1648 1668 1636 1657 1656 1639 1661 1609 1619 1650 1630 1673 1643 1625 1635 1599 1597 1663 1604 1612
110 154 125 137 146 115 106 164 140 166 152 168 119 158 114 130 147 116 117 98 160 128 111 91 86 109 126 142 141 88 157 153 129 105 132 102 148 122 150 103 165 163 99 120 90 95 108 101 94 135 139 159 155 162 134 167 143 133 112 121 104 93 96 89 136 156 124 145 144 127 149 97 107 138 118 161 131 113 123 87 85 151 92 100
5570 5614 5585 5597 5606 5575 5566 5624 5600 5626 5612 5628 5579 5618 5574 5590 5607 5576 5577 5558 5620 5588 5571 5551 5546 5569 5586 5602 5601 5548 5617 5613 5589 5565 5592 5562 5608 5582 5610 5563 5625 5623 5559 5580 5550 5555 5568 5561 5554 5595 5599 5619 5615 5622 5594 5627 5603 5593 5572 5581 5564 5553 5556 5549 5596 5616 5584 5605 5604 5587 5609 5557 5567 5598 5578 5621 5591 5573 5583 5547 5545 5611 5552 5560
7754 7798 7769 7781 7790 7759 7750 7808 7784 7810 7796 7812 7763 7802 7758 7774 7791 7760 7761 7742 7804 7772 7755 7735 7730 7753 7770 7786 7785 7732 7801 7797 7773 7749 7776 7746 7792 7766 7794 7747 7809 7807 7743 7764 7734 7739 7752 7745 7738 7779 7783 7803 7799 7806 7778 7811 7787 7777 7756 7765 7748 7737 7740 7733 7780 7800 7768 7789 7788 7771 7793 7741 7751 7782 7762 7805 7775 7757 7767 7731 7729 7795 7736 7744
26 70 41 53 62 31 22 80 56 82 68 84 35 74 30 46 63 32 33 14 76 44 27 7 2 25 42 58 57 4 73 69 45 21 48 18 64 38 66 19 81 79 15 36 6 11 24 17 10 51 55 75 71 78 50 83 59 49 28 37 20 9 12 5 52 72 40 61 60 43 65 13 23 54 34 77 47 29 39 3 1 67 8 16
3386 3430 3401 3413 3422 3391 3382 3440 3416 3442 3428 3444 3395 3434 3390 3406 3423 3392 3393 3374 3436 3404 3387 3367 3362 3385 3402 3418 3417 3364 3433 3429 3405 3381 3408 3378 3424 3398 3426 3379 3441 3439 3375 3396 3366 3371 3384 3377 3370 3411 3415 3435 3431 3438 3410 3443 3419 3409 3388 3397 3380 3369 3372 3365 3412 3432 3400 3421 3420 3403 3425 3373 3383 3414 3394 3437 3407 3389 3399 3363 3361 3427 3368 3376
2126 2170 2141 2153 2162 2131 2122 2180 2156 2182 2168 2184 2135 2174 2130 2146 2163 2132 2133 2114 2176 2144 2127 2107 2102 2125 2142 2158 2157 2104 2173 2169 2145 2121 2148 2118 2164 2138 2166 2119 2181 2179 2115 2136 2106 2111 2124 2117 2110 2151 2155 2175 2171 2178 2150 2183 2159 2149 2128 2137 2120 2109 2112 2105 2152 2172 2140 2161 2160 2143 2165 2113 2123 2154 2134 2177 2147 2129 2139 2103 2101 2167 2108 2116
5654 5698 5669 5681 5690 5659 5650 5708 5684 5710 5696 5712 5663 5702 5658 5674 5691 5660 5661 5642 5704 5672 5655 5635 5630 5653 5670 5686 5685 5632 5701 5697 5673 5649 5676 5646 5692 5666 5694 5647 5709 5707 5643 5664 5634 5639 5652 5645 5638 5679 5683 5703 5699 5706 5678 5711 5687 5677 5656 5665 5648 5637 5640 5633 5680 5700 5668 5689 5688 5671 5693 5641 5651 5682 5662 5705 5675 5657 5667 5631 5629 5695 5636 5644
3554 3598 3569 3581 3590 3559 3550 3608 3584 3610 3596 3612 3563 3602 3558 3574 3591 3560 3561 3542 3604 3572 3555 3535 3530 3553 3570 3586 3585 3532 3601 3597 3573 3549 3576 3546 3592 3566 3594 3547 3609 3607 3543 3564 3534 3539 3552 3545 3538 3579 3583 3603 3599 3606 3578 3611 3587 3577 3556 3565 3548 3537 3540 3533 3580 3600 3568 3589 3588 3571 3593 3541 3551 3582 3562 3605 3575 3557 3567 3531 3529 3595 3536 3544
5906 5950 5921 5933 5942 5911 5902 5960 5936 5962 5948 5964 5915 5954 5910 5926 5943 5912 5913 5894 5956 5924 5907 5887 5882 5905 5922 5938 5937 5884 5953 5949 5925 5901 5928 5898 5944 5918 5946 5899 5961 5959 5895 5916 5886 5891 5904 5897 5890 5931 5935 5955 5951 5958 5930 5963 5939 5929 5908 5917 5900 5889 5892 5885 5932 5952 5920 5941 5940 5923 5945 5893 5903 5934 5914 5957 5927 5909 5919 5883 5881 5947 5888 5896
3050 3094 3065 3077 3086 3055 3046 3104 3080 3106 3092 3108 3059 3098 3054 3070 3087 3056 3057 3038 3100 3068 3051 3031 3026 3049 3066 3082 3081 3028 3097 3093 3069 3045 3072 3042 3088 3062 3090 3043 3105 3103 3039 3060 3030 3035 3048 3041 3034 3075 3079 3099 3095 3102 3074 3107 3083 3073 3052 3061 3044 3033 3036 3029 3076 3096 3064 3085 3084 3067 3089 3037 3047 3078 3058 3101 3071 3053 3063 3027 3025 3091 3032 3040
1706 1750 1721 1733 1742 1711 1702 1760 1736 1762 1748 1764 1715 1754 1710 1726 1743 1712 1713 1694 1756 1724 1707 1687 1682 1705 1722 1738 1737 1684 1753 1749 1725 1701 1728 1698 1744 1718 1746 1699 1761 1759 1695 1716 1686 1691 1704 1697 1690 1731 1735 1755 1751 1758 1730 1763 1739 1729 1708 1717 1700 1689 1692 1685 1732 1752 1720 1741 1740 1723 1745 1693 1703 1734 1714 1757 1727 1709 1719 1683 1681 1747 1688 1696
2378 2422 2393 2405 2414 2383 2374 2432 2408 2434 2420 2436 2387 2426 2382 2398 2415 2384 2385 2366 2428 2396 2379 2359 2354 2377 2394 2410 2409 2356 2425 2421 2397 2373 2400 2370 2416 2390 2418 2371 2433 2431 2367 2388 2358 2363 2376 2369 2362 2403 2407 2427 2423 2430 2402 2435 2411 2401 2380 2389 2372 2361 2364 2357 2404 2424 2392 2413 2412 2395 2417 2365 2375 2406 2386 2429 2399 2381 2391 2355 2353 2419 2360 2368
5066 5110 5081 5093 5102 5071 5062 5120 5096 5122 5108 5124 5075 5114 5070 5086 5103 5072 5073 5054 5116 5084 5067 5047 5042 5065 5082 5098 5097 5044 5113 5109 5085 5061 5088 5058 5104 5078 5106 5059 5121 5119 5055 5076 5046 5051 5064 5057 5050 5091 5095 5115 5111 5118 5090 5123 5099 5089 5068 5077 5060 5049 5052 5045 5092 5112 5080 5101 5100 5083 5105 5053 5063 5094 5074 5117 5087 5069 5079 5043 5041 5107 5048 5056
7250 7294 7265 7277 7286 7255 7246 7304 7280 7306 7292 7308 7259 7298 7254 7270 7287 7256 7257 7238 7300 7268 7251 7231 7226 7249 7266 7282 7281 7228 7297 7293 7269 7245 7272 7242 7288 7262 7290 7243 7305 7303 7239 7260 7230 7235 7248 7241 7234 7275 7279 7299 7295 7302 7274 7307 7283 7273 7252 7261 7244 7233 7236 7229 7276 7296 7264 7285 7284 7267 7289 7237 7247 7278 7258 7301 7271 7253 7263 7227 7225 7291 7232 7240
2042 2086 2057 2069 2078 2047 2038 2096 2072 2098 2084 2100 2051 2090 2046 2062 2079 2048 2049 2030 2092 2060 2043 2023 2018 2041 2058 2074 2073 2020 2089 2085 2061 2037 2064 2034 2080 2054 2082 2035 2097 2095 2031 2052 2022 2027 2040 2033 2026 2067 2071 2091 2087 2094 2066 2099 2075 2065 2044 2053 2036 2025 2028 2021 2068 2088 2056 2077 2076 2059 2081 2029 2039 2070 2050 2093 2063 2045 2055 2019 2017 2083 2024 2032
2798 2842 2813 2825 2834 2803 2794 2852 2828 2854 2840 2856 2807 2846 2802 2818 2835 2804 2805 2786 2848 2816 2799 2779 2774 2797 2814 2830 2829 2776 2845 2841 2817 2793 2820 2790 2836 2810 2838 2791 2853 2851 2787 2808 2778 2783 2796 2789 2782 2823 2827 2847 2843 2850 2822 2855 2831 2821 2800 2809 2792 2781 2784 2777 2824 2844 2812 2833 2832 2815 2837 2785 2795 2826 2806 2849 2819 2801 2811 2775 2773 2839 2780 2788
1874 1918 1889 1901 1910 1879 1870 1928 1904 1930 1916 1932 1883 1922 1878 1894 1911 1880 1881 1862 1924 1892 1875 1855 1850 1873 1890 1906 1905 1852 1921 1917 1893 1869 1896 1866 1912 1886 1914 1867 1929 1927 1863 1884 1854 1859 1872 1865 1858 1899 1903 1923 1919 1926 1898 1931 1907 1897 1876 1885 1868 1857 1860 1853 1900 1920 1888 1909 1908 1891 1913 1861 1871 1902 1882 1925 1895 1877 1887 1851 1849 1915 1856 1864
362 406 377 389 398 367 358 416 392 418 404 420 371 410 366 382 399 368 369 350 412 380 363 343 338 361 378 394 393 340 409 405 381 357 384 354 400 374 402 355 417 415 351 372 342 347 360 353 346 387 391 411 407 414 386 419 395 385 364 373 356 345 348 341 388 408 376 397 396 379 401 349 359 390 370 413 383 365 375 339 337 403 344 352
3134 3178 3149 3161 3170 3139 3130 3188 3164 3190 3176 3192 3143 3182 3138 3154 3171 3140 3141 3122 3184 3152 3135 3115 3110 3133 3150 3166 3165 3112 3181 3177 3153 3129 3156 3126 3172 3146 3174 3127 3189 3187 3123 3144 3114 3119 3132 3125 3118 3159 3163 3183 3179 3186 3158 3191 3167 3157 3136 3145 3128 3117 3120 3113 3160 3180 3148 3169 3168 3151 3173 3121 3131 3162 3142 3185 3155 3137 3147 3111 3109 3175 3116 3124
6410 6454 6425 6437 6446 6415 6406 6464 6440 6466 6452 6468 6419 6458 6414 6430 6447 6416 6417 6398 6460 6428 6411 6391 6386 6409 6426 6442 6441 6388 6457 6453 6429 6405 6432 6402 6448 6422 6450 6403 6465 6463 6399 6420 6390 6395 6408 6401 6394 6435 6439 6459 6455 6462 6434 6467 6443 6433 6412 6421 6404 6393 6396 6389 6436 6456 6424 6445 6444 6427 6449 6397 6407 6438 6418 6461 6431 6413 6423 6387 6385 6451 6392 6400
6914 6958 6929 6941 6950 6919 6910 6968 6944 6970 6956 6972 6923 6962 6918 6934 6951 6920 6921 6902 6964 6932 6915 6895 6890 6913 6930 6946 6945 6892 6961 6957 6933 6909 6936 6906 6952 6926 6954 6907 6969 6967 6903 6924 6894 6899 6912 6905 6898 6939 6943 6963 6959 6966 6938 6971 6947 6937 6916 6925 6908 6897 6900 6893 6940 6960 6928 6949 6948 6931 6953 6901 6911 6942 6922 6965 6935 6917 6927 6891 6889 6955 6896 6904
2546 2590 2561 2573 2582 2551 2542 2600 2576 2602 2588 2604 2555 2594 2550 2566 2583 2552 2553 2534 2596 2564 2547 2527 2522 2545 2562 2578 2577 2524 2593 2589 2565 2541 2568 2538 2584 2558 2586 2539 2601 2599 2535 2556 2526 2531 2544 2537 2530 2571 2575 2595 2591 2598 2570 2603 2579 2569 2548 2557 2540 2529 2532 2525 2572 2592 2560 2581 2580 2563 2585 2533 2543 2574 2554 2597 2567 2549 2559 2523 2521 2587 2528 2536
698 742 713 725 734 703 694 752 728 754 740 756 707 746 702 718 735 704 705 686 748 716 699 679 674 697 714 730 729 676 745 741 717 693 720 690 736 710 738 691 753 751 687 708 678 683 696 689 682 723 727 747 743 750 722 755 731 721 700 709 692 681 684 677 724 744 712 733 732 715 737 685 695 726 706 749 719 701 711 675 673 739 680 688
3470 3514 3485 3497 3506 3475 3466 3524 3500 3526 3512 3528 3479 3518 3474 3490 3507 3476 3477 3458 3520 3488 3471 3451 3446 3469 3486 3502 3501 3448 3517 3513 3489 3465 3492 3462 3508 3482 3510 3463 3525 3523 3459 3480 3450 3455 3468 3461 3454 3495 3499 3519 3515 3522 3494 3527 3503 3493 3472 3481 3464 3453 3456 3449 3496 3516 3484 3505 3504 3487 3509 3457 3467 3498 3478 3521 3491 3473 3483 3447 3445 3511 3452 3460
6746 6790 6761 6773 6782 6751 6742 6800 6776 6802 6788 6804 6755 6794 6750 6766 6783 6752 6753 6734 6796 6764 6747 6727 6722 6745 6762 6778 6777 6724 6793 6789 6765 6741 6768 6738 6784 6758 6786 6739 6801 6799 6735 6756 6726 6731 6744 6737 6730 6771 6775 6795 6791 6798 6770 6803 6779 6769 6748 6757 6740 6729 6732 6725 6772 6792 6760 6781 6780 6763 6785 6733 6743 6774 6754 6797 6767 6749 6759 6723 6721 6787 6728 6736
278 322 293 305 314 283 274 332 308 334 320 336 287 326 282 298 315 284 285 266 328 296 279 259 254 277 294 310 309 256 325 321 297 273 300 270 316 290 318 271 333 331 267 288 258 263 276 269 262 303 307 327 323 330 302 335 311 301 280 289 272 261 264 257 304 324 292 313 312 295 317 265 275 306 286 329 299 281 291 255 253 319 260 268
2462 2506 2477 2489 2498 2467 2458 2516 2492 2518 2504 2520 2471 2510 2466 2482 2499 2468 2469 2450 2512 2480 2463 2443 2438 2461 2478 2494 2493 2440 2509 2505 2481 2457 2484 2454 2500 2474 2502 2455 2517 2515 2451 2472 2442 2447 2460 2453 2446 2487 2491 2511 2507 2514 2486 2519 2495 2485 2464 2473 2456 2445 2448 2441 2488 2508 2476 2497 2496 2479 2501 2449 2459 2490 2470 2513 2483 2465 2475 2439 2437 2503 2444 2452
1538 1582 1553 1565 1574 1543 1534 1592 1568 1594 1580 1596 1547 1586 1542 1558 1575 1544 1545 1526 1588 1556 1539 1519 1514 1537 1554 1570 1569 1516 1585 1581 1557 1533 1560 1530 1576 1550 1578 1531 1593 1591 1527 1548 1518 1523 1536 1529 1522 1563 1567 1587 1583 1590 1562 1595 1571 1561 1540 1549 1532 1521 1524 1517 1564 1584 1552 1573 1572 1555 1577 1525 1535 1566 1546 1589 1559 1541 1551 1515 1513 1579 1520 1528
4562 4606 4577 4589 4598 4567 4558 4616 4592 4618 4604 4620 4571 4610 4566 4582 4599 4568 4569 4550 4612 4580 4563 4543 4538 4561 4578 4594 4593 4540 4609 4605 4581 4557 4584 4554 4600 4574 4602 4555 4617 4615 4551 4572 4542 4547 4560 4553 4546 4587 4591 4611 4607 4614 4586 4619 4595 4585 4564 4573 4556 4545 4548 4541 4588 4608 4576 4597 4596 4579 4601 4549 4559 4590 4570 4613 4583 4565 4575 4539 4537 4603 4544 4552
6830 6874 6845 6857 6866 6835 6826 6884 6860 6886 6872 6888 6839 6878 6834 6850 6867 6836 6837 6818 6880 6848 6831 6811 6806 6829 6846 6862 6861 6808 6877 6873 6849 6825 6852 6822 6868 6842 6870 6823 6885 6883 6819 6840 6810 6815 6828 6821 6814 6855 6859 6879 6875 6882 6854 6887 6863 6853 6832 6841 6824 6813 6816 6809 6856 6876 6844 6865 6864 6847 6869 6817 6827 6858 6838 6881 6851 6833 6843 6807 6805 6871 6812 6820
2966 3010 2981 2993 3002 2971 2962 3020 2996 3022 3008 3024 2975 3014 2970 2986 3003 2972 2973 2954 3016 2984 2967 2947 2942 2965 2982 2998 2997 2944 3013 3009 2985 2961 2988 2958 3004 2978 3006 2959 3021 3019 2955 2976 2946 2951 2964 2957 2950 2991 2995 3015 3011 3018 2990 3023 2999 2989 2968 2977 2960 2949 2952 2945 2992 3012 2980 3001 3000 2983 3005 2953 2963 2994 2974 3017 2987 2969 2979 2943 2941 3007 2948 2956
3974 4018 3989 4001 4010 3979 3970 4028 4004 4030 4016 4032 3983 4022 3978 3994 4011 3980 3981 3962 4024 3992 3975 3955 3950 3973 3990 4006 4005 3952 4021 4017 3993 3969 3996 3966 4012 3986 4014 3967 4029 4027 3963 3984 3954 3959 3972 3965 3958 3999 4003 4023 4019 4026 3998 4031 4007 3997 3976 3985 3968 3957 3960 3953 4000 4020 3988 4009 4008 3991 4013 3961 3971 4002 3982 4025 3995 3977 3987 3951 3949 4015 3956 3964
7334 7378 7349 7361 7370 7339 7330 7388 7364 7390 7376 7392 7343 7382 7338 7354 7371 7340 7341 7322 7384 7352 7335 7315 7310 7333 7350 7366 7365 7312 7381 7377 7353 7329 7356 7326 7372 7346 7374 7327 7389 7387 7323 7344 7314 7319 7332 7325 7318 7359 7363 7383 7379 7386 7358 7391 7367 7357 7336 7345 7328 7317 7320 7313 7360 7380 7348 7369 7368 7351 7373 7321 7331 7362 7342 7385 7355 7337 7347 7311 7309 7375 7316 7324
2210 2254 2225 2237 2246 2215 2206 2264 2240 2266 2252 2268 2219 2258 2214 2230 2247 2216 2217 2198 2260 2228 2211 2191 2186 2209 2226 2242 2241 2188 2257 2253 2229 2205 2232 2202 2248 2222 2250 2203 2265 2263 2199 2220 2190 2195 2208 2201 2194 2235 2239 2259 2255 2262 2234 2267 2243 2233 2212 2221 2204 2193 2196 2189 2236 2256 2224 2245 2244 2227 2249 2197 2207 2238 2218 2261 2231 2213 2223 2187 2185 2251 2192 2200
4898 4942 4913 4925 4934 4903 4894 4952 4928 4954 4940 4956 4907 4946 4902 4918 4935 4904 4905 4886 4948 4916 4899 4879 4874 4897 4914 4930 4929 4876 4945 4941 4917 4893 4920 4890 4936 4910 4938 4891 4953 4951 4887 4908 4878 4883 4896 4889 4882 4923 4927 4947 4943 4950 4922 4955 4931 4921 4900 4909 4892 4881 4884 4877 4924 4944 4912 4933 4932 4915 4937 4885 4895 4926 4906 4949 4919 4901 4911 4875 4873 4939 4880 4888
6242 6286 6257 6269 6278 6247 6238 6296 6272 6298 6284 6300 6251 6290 6246 6262 6279 6248 6249 6230 6292 6260 6243 6223 6218 6241 6258 6274 6273 6220 6289 6285 6261 6237 6264 6234 6280 6254 6282 6235 6297 6295 6231 6252 6222 6227 6240 6233 6226 6267 6271 6291 6287 6294 6266 6299 6275 6265 6244 6253 6236 6225 6228 6221 6268 6288 6256 6277 6276 6259 6281 6229 6239 6270 6250 6293 6263 6245 6255 6219 6217 6283 6224 6232
3722 3766 3737 3749 3758 3727 3718 3776 3752 3778 3764 3780 3731 3770 3726 3742 3759 3728 3729 3710 3772 3740 3723 3703 3698 3721 3738 3754 3753 3700 3769 3765 3741 3717 3744 3714 3760 3734 3762 3715 3777 3775 3711 3732 3702 3707 3720 3713 3706 3747 3751 3771 3767 3774 3746 3779 3755 3745 3724 3733 3716 3705 3708 3701 3748 3768 3736 3757 3756 3739 3761 3709 3719 3750 3730 3773 3743 3725 3735 3699 3697 3763 3704 3712
1370 1414 1385 1397 1406 1375 1366 1424 1400 1426 1412 1428 1379 1418 1374 1390 1407 1376 1377 1358 1420 1388 1371 1351 1346 1369 1386 1402 1401 1348 1417 1413 1389 1365 1392 1362 1408 1382 1410 1363 1425 1423 1359 1380 1350 1355 1368 1361 1354 1395 1399 1419 1415 1422 1394 1427 1403 1393 1372 1381 1364 1353 1356 1349 1396 1416 1384 1405 1404 1387 1409 1357 1367 1398 1378 1421 1391 1373 1383 1347 1345 1411 1352 1360
