96 75
5309 5303 5294 5277 5316 5302 5307 5291 5313 5299 5320 5269 5288 5279 5263 5257 5262 5271 5283 5281 5300 5276 5297 5324 5274 5284 5290 5322 5317 5278 5295 5308 5282 5252 5312 5256 5287 5251 5318 5325 5306 5268 5261 5270 5285 5315 5298 5253 5259 5321 5319 5264 5304 5305 5311 5266 5301 5273 5280 5275 5310 5267 5289 5286 5255 5258 5293 5272 5265 5292 5296 5260 5314 5323 5254
5384 5378 5369 5352 5391 5377 5382 5366 5388 5374 5395 5344 5363 5354 5338 5332 5337 5346 5358 5356 5375 5351 5372 5399 5349 5359 5365 5397 5392 5353 5370 5383 5357 5327 5387 5331 5362 5326 5393 5400 5381 5343 5336 5345 5360 5390 5373 5328 5334 5396 5394 5339 5379 5380 5386 5341 5376 5348 5355 5350 5385 5342 5364 5361 5330 5333 5368 5347 5340 5367 5371 5335 5389 5398 5329
3434 3428 3419 3402 3441 3427 3432 3416 3438 3424 3445 3394 3413 3404 3388 3382 3387 3396 3408 3406 3425 3401 3422 3449 3399 3409 3415 3447 3442 3403 3420 3433 3407 3377 3437 3381 3412 3376 3443 3450 3431 3393 3386 3395 3410 3440 3423 3378 3384 3446 3444 3389 3429 3430 3436 3391 3426 3398 3405 3400 3435 3392 3414 3411 3380 3383 3418 3397 3390 3417 3421 3385 3439 3448 3379
4334 4328 4319 4302 4341 4327 4332 4316 4338 4324 4345 4294 4313 4304 4288 4282 4287 4296 4308 4306 4325 4301 4322 4349 4299 4309 4315 4347 4342 4303 4320 4333 4307 4277 4337 4281 4312 4276 4343 4350 4331 4293 4286 4295 4310 4340 4323 4278 4284 4346 4344 4289 4329 4330 4336 4291 4326 4298 4305 4300 4335 4292 4314 4311 4280 4283 4318 4297 4290 4317 4321 4285 4339 4348 4279
2834 2828 2819 2802 2841 2827 2832 2816 2838 2824 2845 2794 2813 2804 2788 2782 2787 2796 2808 2806 2825 2801 2822 2849 2799 2809 2815 2847 2842 2803 2820 2833 2807 2777 2837 2781 2812 2776 2843 2850 2831 2793 2786 2795 2810 2840 2823 2778 2784 2846 2844 2789 2829 2830 2836 2791 2826 2798 2805 2800 2835 2792 2814 2811 2780 2783 2818 2797 2790 2817 2821 2785 2839 2848 2779
2534 2528 2519 2502 2541 2527 2532 2516 2538 2524 2545 2494 2513 2504 2488 2482 2487 2496 2508 2506 2525 2501 2522 2549 2499 2509 2515 2547 2542 2503 2520 2533 2507 2477 2537 2481 2512 2476 2543 2550 2531 2493 2486 2495 2510 2540 2523 2478 2484 2546 2544 2489 2529 2530 2536 2491 2526 2498 2505 2500 2535 2492 2514 2511 2480 2483 2518 2497 2490 2517 2521 2485 2539 2548 2479
2234 2228 2219 2202 2241 2227 2232 2216 2238 2224 2245 2194 2213 2204 2188 2182 2187 2196 2208 2206 2225 2201 2222 2249 2199 2209 2215 2247 2242 2203 2220 2233 2207 2177 2237 2181 2212 2176 2243 2250 2231 2193 2186 2195 2210 2240 2223 2178 2184 2246 2244 2189 2229 2230 2236 2191 2226 2198 2205 2200 2235 2192 2214 2211 2180 2183 2218 2197 2190 2217 2221 2185 2239 2248 2179
5159 5153 5144 5127 5166 5152 5157 5141 5163 5149 5170 5119 5138 5129 5113 5107 5112 5121 5133 5131 5150 5126 5147 5174 5124 5134 5140 5172 5167 5128 5145 5158 5132 5102 5162 5106 5137 5101 5168 5175 5156 5118 5111 5120 5135 5165 5148 5103 5109 5171 5169 5114 5154 5155 5161 5116 5151 5123 5130 5125 5160 5117 5139 5136 5105 5108 5143 5122 5115 5142 5146 5110 5164 5173 5104
2159 2153 2144 2127 2166 2152 2157 2141 2163 2149 2170 2119 2138 2129 2113 2107 2112 2121 2133 2131 2150 2126 2147 2174 2124 2134 2140 2172 2167 2128 2145 2158 2132 2102 2162 2106 2137 2101 2168 2175 2156 2118 2111 2120 2135 2165 2148 2103 2109 2171 2169 2114 2154 2155 2161 2116 2151 2123 2130 2125 2160 2117 2139 2136 2105 2108 2143 2122 2115 2142 2146 2110 2164 2173 2104
884 878 869 852 891 877 882 866 888 874 895 844 863 854 838 832 837 846 858 856 875 851 872 899 849 859 865 897 892 853 870 883 857 827 887 831 862 826 893 900 881 843 836 845 860 890 873 828 834 896 894 839 879 880 886 841 876 848 855 850 885 842 864 861 830 833 868 847 840 867 871 835 889 898 829
1784 1778 1769 1752 1791 1777 1782 1766 1788 1774 1795 1744 1763 1754 1738 1732 1737 1746 1758 1756 1775 1751 1772 1799 1749 1759 1765 1797 1792 1753 1770 1783 1757 1727 1787 1731 1762 1726 1793 1800 1781 1743 1736 1745 1760 1790 1773 1728 1734 1796 1794 1739 1779 1780 1786 1741 1776 1748 1755 1750 1785 1742 1764 1761 1730 1733 1768 1747 1740 1767 1771 1735 1789 1798 1729
1259 1253 1244 1227 1266 1252 1257 1241 1263 1249 1270 1219 1238 1229 1213 1207 1212 1221 1233 1231 1250 1226 1247 1274 1224 1234 1240 1272 1267 1228 1245 1258 1232 1202 1262 1206 1237 1201 1268 1275 1256 1218 1211 1220 1235 1265 1248 1203 1209 1271 1269 1214 1254 1255 1261 1216 1251 1223 1230 1225 1260 1217 1239 1236 1205 1208 1243 1222 1215 1242 1246 1210 1264 1273 1204
659 653 644 627 666 652 657 641 663 649 670 619 638 629 613 607 612 621 633 631 650 626 647 674 624 634 640 672 667 628 645 658 632 602 662 606 637 601 668 675 656 618 611 620 635 665 648 603 609 671 669 614 654 655 661 616 651 623 630 625 660 617 639 636 605 608 643 622 615 642 646 610 664 673 604
5009 5003 4994 4977 5016 5002 5007 4991 5013 4999 5020 4969 4988 4979 4963 4957 4962 4971 4983 4981 5000 4976 4997 5024 4974 4984 4990 5022 5017 4978 4995 5008 4982 4952 5012 4956 4987 4951 5018 5025 5006 4968 4961 4970 4985 5015 4998 4953 4959 5021 5019 4964 5004 5005 5011 4966 5001 4973 4980 4975 5010 4967 4989 4986 4955 4958 4993 4972 4965 4992 4996 4960 5014 5023 4954
6809 6803 6794 6777 6816 6802 6807 6791 6813 6799 6820 6769 6788 6779 6763 6757 6762 6771 6783 6781 6800 6776 6797 6824 6774 6784 6790 6822 6817 6778 6795 6808 6782 6752 6812 6756 6787 6751 6818 6825 6806 6768 6761 6770 6785 6815 6798 6753 6759 6821 6819 6764 6804 6805 6811 6766 6801 6773 6780 6775 6810 6767 6789 6786 6755 6758 6793 6772 6765 6792 6796 6760 6814 6823 6754
4034 4028 4019 4002 4041 4027 4032 4016 4038 4024 4045 3994 4013 4004 3988 3982 3987 3996 4008 4006 4025 4001 4022 4049 3999 4009 4015 4047 4042 4003 4020 4033 4007 3977 4037 3981 4012 3976 4043 4050 4031 3993 3986 3995 4010 4040 4023 3978 3984 4046 4044 3989 4029 4030 4036 3991 4026 3998 4005 4000 4035 3992 4014 4011 3980 3983 4018 3997 3990 4017 4021 3985 4039 4048 3979
209 203 194 177 216 202 207 191 213 199 220 169 188 179 163 157 162 171 183 181 200 176 197 224 174 184 190 222 217 178 195 208 182 152 212 156 187 151 218 225 206 168 161 170 185 215 198 153 159 221 219 164 204 205 211 166 201 173 180 175 210 167 189 186 155 158 193 172 165 192 196 160 214 223 154
6359 6353 6344 6327 6366 6352 6357 6341 6363 6349 6370 6319 6338 6329 6313 6307 6312 6321 6333 6331 6350 6326 6347 6374 6324 6334 6340 6372 6367 6328 6345 6358 6332 6302 6362 6306 6337 6301 6368 6375 6356 6318 6311 6320 6335 6365 6348 6303 6309 6371 6369 6314 6354 6355 6361 6316 6351 6323 6330 6325 6360 6317 6339 6336 6305 6308 6343 6322 6315 6342 6346 6310 6364 6373 6304
5684 5678 5669 5652 5691 5677 5682 5666 5688 5674 5695 5644 5663 5654 5638 5632 5637 5646 5658 5656 5675 5651 5672 5699 5649 5659 5665 5697 5692 5653 5670 5683 5657 5627 5687 5631 5662 5626 5693 5700 5681 5643 5636 5645 5660 5690 5673 5628 5634 5696 5694 5639 5679 5680 5686 5641 5676 5648 5655 5650 5685 5642 5664 5661 5630 5633 5668 5647 5640 5667 5671 5635 5689 5698 5629
7184 7178 7169 7152 7191 7177 7182 7166 7188 7174 7195 7144 7163 7154 7138 7132 7137 7146 7158 7156 7175 7151 7172 7199 7149 7159 7165 7197 7192 7153 7170 7183 7157 7127 7187 7131 7162 7126 7193 7200 7181 7143 7136 7145 7160 7190 7173 7128 7134 7196 7194 7139 7179 7180 7186 7141 7176 7148 7155 7150 7185 7142 7164 7161 7130 7133 7168 7147 7140 7167 7171 7135 7189 7198 7129
4109 4103 4094 4077 4116 4102 4107 4091 4113 4099 4120 4069 4088 4079 4063 4057 4062 4071 4083 4081 4100 4076 4097 4124 4074 4084 4090 4122 4117 4078 4095 4108 4082 4052 4112 4056 4087 4051 4118 4125 4106 4068 4061 4070 4085 4115 4098 4053 4059 4121 4119 4064 4104 4105 4111 4066 4101 4073 4080 4075 4110 4067 4089 4086 4055 4058 4093 4072 4065 4092 4096 4060 4114 4123 4054
2684 2678 2669 2652 2691 2677 2682 2666 2688 2674 2695 2644 2663 2654 2638 2632 2637 2646 2658 2656 2675 2651 2672 2699 2649 2659 2665 2697 2692 2653 2670 2683 2657 2627 2687 2631 2662 2626 2693 2700 2681 2643 2636 2645 2660 2690 2673 2628 2634 2696 2694 2639 2679 2680 2686 2641 2676 2648 2655 2650 2685 2642 2664 2661 2630 2633 2668 2647 2640 2667 2671 2635 2689 2698 2629
5609 5603 5594 5577 5616 5602 5607 5591 5613 5599 5620 5569 5588 5579 5563 5557 5562 5571 5583 5581 5600 5576 5597 5624 5574 5584 5590 5622 5617 5578 5595 5608 5582 5552 5612 5556 5587 5551 5618 5625 5606 5568 5561 5570 5585 5615 5598 5553 5559 5621 5619 5564 5604 5605 5611 5566 5601 5573 5580 5575 5610 5567 5589 5586 5555 5558 5593 5572 5565 5592 5596 5560 5614 5623 5554
3734 3728 3719 3702 3741 3727 3732 3716 3738 3724 3745 3694 3713 3704 3688 3682 3687 3696 3708 3706 3725 3701 3722 3749 3699 3709 3715 3747 3742 3703 3720 3733 3707 3677 3737 3681 3712 3676 3743 3750 3731 3693 3686 3695 3710 3740 3723 3678 3684 3746 3744 3689 3729 3730 3736 3691 3726 3698 3705 3700 3735 3692 3714 3711 3680 3683 3718 3697 3690 3717 3721 3685 3739 3748 3679
3509 3503 3494 3477 3516 3502 3507 3491 3513 3499 3520 3469 3488 3479 3463 3457 3462 3471 3483 3481 3500 3476 3497 3524 3474 3484 3490 3522 3517 3478 3495 3508 3482 3452 3512 3456 3487 3451 3518 3525 3506 3468 3461 3470 3485 3515 3498 3453 3459 3521 3519 3464 3504 3505 3511 3466 3501 3473 3480 3475 3510 3467 3489 3486 3455 3458 3493 3472 3465 3492 3496 3460 3514 3523 3454
4859 4853 4844 4827 4866 4852 4857 4841 4863 4849 4870 4819 4838 4829 4813 4807 4812 4821 4833 4831 4850 4826 4847 4874 4824 4834 4840 4872 4867 4828 4845 4858 4832 4802 4862 4806 4837 4801 4868 4875 4856 4818 4811 4820 4835 4865 4848 4803 4809 4871 4869 4814 4854 4855 4861 4816 4851 4823 4830 4825 4860 4817 4839 4836 4805 4808 4843 4822 4815 4842 4846 4810 4864 4873 4804
2009 2003 1994 1977 2016 2002 2007 1991 2013 1999 2020 1969 1988 1979 1963 1957 1962 1971 1983 1981 2000 1976 1997 2024 1974 1984 1990 2022 2017 1978 1995 2008 1982 1952 2012 1956 1987 1951 2018 2025 2006 1968 1961 1970 1985 2015 1998 1953 1959 2021 2019 1964 2004 2005 2011 1966 2001 1973 1980 1975 2010 1967 1989 1986 1955 1958 1993 1972 1965 1992 1996 1960 2014 2023 1954
6659 6653 6644 6627 6666 6652 6657 6641 6663 6649 6670 6619 6638 6629 6613 6607 6612 6621 6633 6631 6650 6626 6647 6674 6624 6634 6640 6672 6667 6628 6645 6658 6632 6602 6662 6606 6637 6601 6668 6675 6656 6618 6611 6620 6635 6665 6648 6603 6609 6671 6669 6614 6654 6655 6661 6616 6651 6623 6630 6625 6660 6617 6639 6636 6605 6608 6643 6622 6615 6642 6646 6610 6664 6673 6604
3359 3353 3344 3327 3366 3352 3357 3341 3363 3349 3370 3319 3338 3329 3313 3307 3312 3321 3333 3331 3350 3326 3347 3374 3324 3334 3340 3372 3367 3328 3345 3358 3332 3302 3362 3306 3337 3301 3368 3375 3356 3318 3311 3320 3335 3365 3348 3303 3309 3371 3369 3314 3354 3355 3361 3316 3351 3323 3330 3325 3360 3317 3339 3336 3305 3308 3343 3322 3315 3342 3346 3310 3364 3373 3304
59 53 44 27 66 52 57 41 63 49 70 19 38 29 13 7 12 21 33 31 50 26 47 74 24 34 40 72 67 28 45 58 32 2 62 6 37 1 68 75 56 18 11 20 35 65 48 3 9 71 69 14 54 55 61 16 51 23 30 25 60 17 39 36 5 8 43 22 15 42 46 10 64 73 4
6134 6128 6119 6102 6141 6127 6132 6116 6138 6124 6145 6094 6113 6104 6088 6082 6087 6096 6108 6106 6125 6101 6122 6149 6099 6109 6115 6147 6142 6103 6120 6133 6107 6077 6137 6081 6112 6076 6143 6150 6131 6093 6086 6095 6110 6140 6123 6078 6084 6146 6144 6089 6129 6130 6136 6091 6126 6098 6105 6100 6135 6092 6114 6111 6080 6083 6118 6097 6090 6117 6121 6085 6139 6148 6079
7109 7103 7094 7077 7116 7102 7107 7091 7113 7099 7120 7069 7088 7079 7063 7057 7062 7071 7083 7081 7100 7076 7097 7124 7074 7084 7090 7122 7117 7078 7095 7108 7082 7052 7112 7056 7087 7051 7118 7125 7106 7068 7061 7070 7085 7115 7098 7053 7059 7121 7119 7064 7104 7105 7111 7066 7101 7073 7080 7075 7110 7067 7089 7086 7055 7058 7093 7072 7065 7092 7096 7060 7114 7123 7054
6734 6728 6719 6702 6741 6727 6732 6716 6738 6724 6745 6694 6713 6704 6688 6682 6687 6696 6708 6706 6725 6701 6722 6749 6699 6709 6715 6747 6742 6703 6720 6733 6707 6677 6737 6681 6712 6676 6743 6750 6731 6693 6686 6695 6710 6740 6723 6678 6684 6746 6744 6689 6729 6730 6736 6691 6726 6698 6705 6700 6735 6692 6714 6711 6680 6683 6718 6697 6690 6717 6721 6685 6739 6748 6679
5759 5753 5744 5727 5766 5752 5757 5741 5763 5749 5770 5719 5738 5729 5713 5707 5712 5721 5733 5731 5750 5726 5747 5774 5724 5734 5740 5772 5767 5728 5745 5758 5732 5702 5762 5706 5737 5701 5768 5775 5756 5718 5711 5720 5735 5765 5748 5703 5709 5771 5769 5714 5754 5755 5761 5716 5751 5723 5730 5725 5760 5717 5739 5736 5705 5708 5743 5722 5715 5742 5746 5710 5764 5773 5704
4409 4403 4394 4377 4416 4402 4407 4391 4413 4399 4420 4369 4388 4379 4363 4357 4362 4371 4383 4381 4400 4376 4397 4424 4374 4384 4390 4422 4417 4378 4395 4408 4382 4352 4412 4356 4387 4351 4418 4425 4406 4368 4361 4370 4385 4415 4398 4353 4359 4421 4419 4364 4404 4405 4411 4366 4401 4373 4380 4375 4410 4367 4389 4386 4355 4358 4393 4372 4365 4392 4396 4360 4414 4423 4354
5234 5228 5219 5202 5241 5227 5232 5216 5238 5224 5245 5194 5213 5204 5188 5182 5187 5196 5208 5206 5225 5201 5222 5249 5199 5209 5215 5247 5242 5203 5220 5233 5207 5177 5237 5181 5212 5176 5243 5250 5231 5193 5186 5195 5210 5240 5223 5178 5184 5246 5244 5189 5229 5230 5236 5191 5226 5198 5205 5200 5235 5192 5214 5211 5180 5183 5218 5197 5190 5217 5221 5185 5239 5248 5179
1184 1178 1169 1152 1191 1177 1182 1166 1188 1174 1195 1144 1163 1154 1138 1132 1137 1146 1158 1156 1175 1151 1172 1199 1149 1159 1165 1197 1192 1153 1170 1183 1157 1127 1187 1131 1162 1126 1193 1200 1181 1143 1136 1145 1160 1190 1173 1128 1134 1196 1194 1139 1179 1180 1186 1141 1176 1148 1155 1150 1185 1142 1164 1161 1130 1133 1168 1147 1140 1167 1171 1135 1189 1198 1129
2084 2078 2069 2052 2091 2077 2082 2066 2088 2074 2095 2044 2063 2054 2038 2032 2037 2046 2058 2056 2075 2051 2072 2099 2049 2059 2065 2097 2092 2053 2070 2083 2057 2027 2087 2031 2062 2026 2093 2100 2081 2043 2036 2045 2060 2090 2073 2028 2034 2096 2094 2039 2079 2080 2086 2041 2076 2048 2055 2050 2085 2042 2064 2061 2030 2033 2068 2047 2040 2067 2071 2035 2089 2098 2029
6209 6203 6194 6177 6216 6202 6207 6191 6213 6199 6220 6169 6188 6179 6163 6157 6162 6171 6183 6181 6200 6176 6197 6224 6174 6184 6190 6222 6217 6178 6195 6208 6182 6152 6212 6156 6187 6151 6218 6225 6206 6168 6161 6170 6185 6215 6198 6153 6159 6221 6219 6164 6204 6205 6211 6166 6201 6173 6180 6175 6210 6167 6189 6186 6155 6158 6193 6172 6165 6192 6196 6160 6214 6223 6154
1484 1478 1469 1452 1491 1477 1482 1466 1488 1474 1495 1444 1463 1454 1438 1432 1437 1446 1458 1456 1475 1451 1472 1499 1449 1459 1465 1497 1492 1453 1470 1483 1457 1427 1487 1431 1462 1426 1493 1500 1481 1443 1436 1445 1460 1490 1473 1428 1434 1496 1494 1439 1479 1480 1486 1441 1476 1448 1455 1450 1485 1442 1464 1461 1430 1433 1468 1447 1440 1467 1471 1435 1489 1498 1429
5534 5528 5519 5502 5541 5527 5532 5516 5538 5524 5545 5494 5513 5504 5488 5482 5487 5496 5508 5506 5525 5501 5522 5549 5499 5509 5515 5547 5542 5503 5520 5533 5507 5477 5537 5481 5512 5476 5543 5550 5531 5493 5486 5495 5510 5540 5523 5478 5484 5546 5544 5489 5529 5530 5536 5491 5526 5498 5505 5500 5535 5492 5514 5511 5480 5483 5518 5497 5490 5517 5521 5485 5539 5548 5479
509 503 494 477 516 502 507 491 513 499 520 469 488 479 463 457 462 471 483 481 500 476 497 524 474 484 490 522 517 478 495 508 482 452 512 456 487 451 518 525 506 468 461 470 485 515 498 453 459 521 519 464 504 505 511 466 501 473 480 475 510 467 489 486 455 458 493 472 465 492 496 460 514 523 454
134 128 119 102 141 127 132 116 138 124 145 94 113 104 88 82 87 96 108 106 125 101 122 149 99 109 115 147 142 103 120 133 107 77 137 81 112 76 143 150 131 93 86 95 110 140 123 78 84 146 144 89 129 130 136 91 126 98 105 100 135 92 114 111 80 83 118 97 90 117 121 85 139 148 79
2759 2753 2744 2727 2766 2752 2757 2741 2763 2749 2770 2719 2738 2729 2713 2707 2712 2721 2733 2731 2750 2726 2747 2774 2724 2734 2740 2772 2767 2728 2745 2758 2732 2702 2762 2706 2737 2701 2768 2775 2756 2718 2711 2720 2735 2765 2748 2703 2709 2771 2769 2714 2754 2755 2761 2716 2751 2723 2730 2725 2760 2717 2739 2736 2705 2708 2743 2722 2715 2742 2746 2710 2764 2773 2704
3284 3278 3269 3252 3291 3277 3282 3266 3288 3274 3295 3244 3263 3254 3238 3232 3237 3246 3258 3256 3275 3251 3272 3299 3249 3259 3265 3297 3292 3253 3270 3283 3257 3227 3287 3231 3262 3226 3293 3300 3281 3243 3236 3245 3260 3290 3273 3228 3234 3296 3294 3239 3279 3280 3286 3241 3276 3248 3255 3250 3285 3242 3264 3261 3230 3233 3268 3247 3240 3267 3271 3235 3289 3298 3229
3959 3953 3944 3927 3966 3952 3957 3941 3963 3949 3970 3919 3938 3929 3913 3907 3912 3921 3933 3931 3950 3926 3947 3974 3924 3934 3940 3972 3967 3928 3945 3958 3932 3902 3962 3906 3937 3901 3968 3975 3956 3918 3911 3920 3935 3965 3948 3903 3909 3971 3969 3914 3954 3955 3961 3916 3951 3923 3930 3925 3960 3917 3939 3936 3905 3908 3943 3922 3915 3942 3946 3910 3964 3973 3904
3884 3878 3869 3852 3891 3877 3882 3866 3888 3874 3895 3844 3863 3854 3838 3832 3837 3846 3858 3856 3875 3851 3872 3899 3849 3859 3865 3897 3892 3853 3870 3883 3857 3827 3887 3831 3862 3826 3893 3900 3881 3843 3836 3845 3860 3890 3873 3828 3834 3896 3894 3839 3879 3880 3886 3841 3876 3848 3855 3850 3885 3842 3864 3861 3830 3833 3868 3847 3840 3867 3871 3835 3889 3898 3829
1409 1403 1394 1377 1416 1402 1407 1391 1413 1399 1420 1369 1388 1379 1363 1357 1362 1371 1383 1381 1400 1376 1397 1424 1374 1384 1390 1422 1417 1378 1395 1408 1382 1352 1412 1356 1387 1351 1418 1425 1406 1368 1361 1370 1385 1415 1398 1353 1359 1421 1419 1364 1404 1405 1411 1366 1401 1373 1380 1375 1410 1367 1389 1386 1355 1358 1393 1372 1365 1392 1396 1360 1414 1423 1354
959 953 944 927 966 952 957 941 963 949 970 919 938 929 913 907 912 921 933 931 950 926 947 974 924 934 940 972 967 928 945 958 932 902 962 906 937 901 968 975 956 918 911 920 935 965 948 903 909 971 969 914 954 955 961 916 951 923 930 925 960 917 939 936 905 908 943 922 915 942 946 910 964 973 904
6059 6053 6044 6027 6066 6052 6057 6041 6063 6049 6070 6019 6038 6029 6013 6007 6012 6021 6033 6031 6050 6026 6047 6074 6024 6034 6040 6072 6067 6028 6045 6058 6032 6002 6062 6006 6037 6001 6068 6075 6056 6018 6011 6020 6035 6065 6048 6003 6009 6071 6069 6014 6054 6055 6061 6016 6051 6023 6030 6025 6060 6017 6039 6036 6005 6008 6043 6022 6015 6042 6046 6010 6064 6073 6004
5909 5903 5894 5877 5916 5902 5907 5891 5913 5899 5920 5869 5888 5879 5863 5857 5862 5871 5883 5881 5900 5876 5897 5924 5874 5884 5890 5922 5917 5878 5895 5908 5882 5852 5912 5856 5887 5851 5918 5925 5906 5868 5861 5870 5885 5915 5898 5853 5859 5921 5919 5864 5904 5905 5911 5866 5901 5873 5880 5875 5910 5867 5889 5886 5855 5858 5893 5872 5865 5892 5896 5860 5914 5923 5854
3584 3578 3569 3552 3591 3577 3582 3566 3588 3574 3595 3544 3563 3554 3538 3532 3537 3546 3558 3556 3575 3551 3572 3599 3549 3559 3565 3597 3592 3553 3570 3583 3557 3527 3587 3531 3562 3526 3593 3600 3581 3543 3536 3545 3560 3590 3573 3528 3534 3596 3594 3539 3579 3580 3586 3541 3576 3548 3555 3550 3585 3542 3564 3561 3530 3533 3568 3547 3540 3567 3571 3535 3589 3598 3529
5834 5828 5819 5802 5841 5827 5832 5816 5838 5824 5845 5794 5813 5804 5788 5782 5787 5796 5808 5806 5825 5801 5822 5849 5799 5809 5815 5847 5842 5803 5820 5833 5807 5777 5837 5781 5812 5776 5843 5850 5831 5793 5786 5795 5810 5840 5823 5778 5784 5846 5844 5789 5829 5830 5836 5791 5826 5798 5805 5800 5835 5792 5814 5811 5780 5783 5818 5797 5790 5817 5821 5785 5839 5848 5779
1109 1103 1094 1077 1116 1102 1107 1091 1113 1099 1120 1069 1088 1079 1063 1057 1062 1071 1083 1081 1100 1076 1097 1124 1074 1084 1090 1122 1117 1078 1095 1108 1082 1052 1112 1056 1087 1051 1118 1125 1106 1068 1061 1070 1085 1115 1098 1053 1059 1121 1119 1064 1104 1105 1111 1066 1101 1073 1080 1075 1110 1067 1089 1086 1055 1058 1093 1072 1065 1092 1096 1060 1114 1123 1054
2984 2978 2969 2952 2991 2977 2982 2966 2988 2974 2995 2944 2963 2954 2938 2932 2937 2946 2958 2956 2975 2951 2972 2999 2949 2959 2965 2997 2992 2953 2970 2983 2957 2927 2987 2931 2962 2926 2993 3000 2981 2943 2936 2945 2960 2990 2973 2928 2934 2996 2994 2939 2979 2980 2986 2941 2976 2948 2955 2950 2985 2942 2964 2961 2930 2933 2968 2947 2940 2967 2971 2935 2989 2998 2929
4709 4703 4694 4677 4716 4702 4707 4691 4713 4699 4720 4669 4688 4679 4663 4657 4662 4671 4683 4681 4700 4676 4697 4724 4674 4684 4690 4722 4717 4678 4695 4708 4682 4652 4712 4656 4687 4651 4718 4725 4706 4668 4661 4670 4685 4715 4698 4653 4659 4721 4719 4664 4704 4705 4711 4666 4701 4673 4680 4675 4710 4667 4689 4686 4655 4658 4693 4672 4665 4692 4696 4660 4714 4723 4654
4559 4553 4544 4527 4566 4552 4557 4541 4563 4549 4570 4519 4538 4529 4513 4507 4512 4521 4533 4531 4550 4526 4547 4574 4524 4534 4540 4572 4567 4528 4545 4558 4532 4502 4562 4506 4537 4501 4568 4575 4556 4518 4511 4520 4535 4565 4548 4503 4509 4571 4569 4514 4554 4555 4561 4516 4551 4523 4530 4525 4560 4517 4539 4536 4505 4508 4543 4522 4515 4542 4546 4510 4564 4573 4504
3134 3128 3119 3102 3141 3127 3132 3116 3138 3124 3145 3094 3113 3104 3088 3082 3087 3096 3108 3106 3125 3101 3122 3149 3099 3109 3115 3147 3142 3103 3120 3133 3107 3077 3137 3081 3112 3076 3143 3150 3131 3093 3086 3095 3110 3140 3123 3078 3084 3146 3144 3089 3129 3130 3136 3091 3126 3098 3105 3100 3135 3092 3114 3111 3080 3083 3118 3097 3090 3117 3121 3085 3139 3148 3079
2909 2903 2894 2877 2916 2902 2907 2891 2913 2899 2920 2869 2888 2879 2863 2857 2862 2871 2883 2881 2900 2876 2897 2924 2874 2884 2890 2922 2917 2878 2895 2908 2882 2852 2912 2856 2887 2851 2918 2925 2906 2868 2861 2870 2885 2915 2898 2853 2859 2921 2919 2864 2904 2905 2911 2866 2901 2873 2880 2875 2910 2867 2889 2886 2855 2858 2893 2872 2865 2892 2896 2860 2914 2923 2854
434 428 419 402 441 427 432 416 438 424 445 394 413 404 388 382 387 396 408 406 425 401 422 449 399 409 415 447 442 403 420 433 407 377 437 381 412 376 443 450 431 393 386 395 410 440 423 378 384 446 444 389 429 430 436 391 426 398 405 400 435 392 414 411 380 383 418 397 390 417 421 385 439 448 379
5984 5978 5969 5952 5991 5977 5982 5966 5988 5974 5995 5944 5963 5954 5938 5932 5937 5946 5958 5956 5975 5951 5972 5999 5949 5959 5965 5997 5992 5953 5970 5983 5957 5927 5987 5931 5962 5926 5993 6000 5981 5943 5936 5945 5960 5990 5973 5928 5934 5996 5994 5939 5979 5980 5986 5941 5976 5948 5955 5950 5985 5942 5964 5961 5930 5933 5968 5947 5940 5967 5971 5935 5989 5998 5929
1634 1628 1619 1602 1641 1627 1632 1616 1638 1624 1645 1594 1613 1604 1588 1582 1587 1596 1608 1606 1625 1601 1622 1649 1599 1609 1615 1647 1642 1603 1620 1633 1607 1577 1637 1581 1612 1576 1643 1650 1631 1593 1586 1595 1610 1640 1623 1578 1584 1646 1644 1589 1629 1630 1636 1591 1626 1598 1605 1600 1635 1592 1614 1611 1580 1583 1618 1597 1590 1617 1621 1585 1639 1648 1579
4484 4478 4469 4452 4491 4477 4482 4466 4488 4474 4495 4444 4463 4454 4438 4432 4437 4446 4458 4456 4475 4451 4472 4499 4449 4459 4465 4497 4492 4453 4470 4483 4457 4427 4487 4431 4462 4426 4493 4500 4481 4443 4436 4445 4460 4490 4473 4428 4434 4496 4494 4439 4479 4480 4486 4441 4476 4448 4455 4450 4485 4442 4464 4461 4430 4433 4468 4447 4440 4467 4471 4435 4489 4498 4429
809 803 794 777 816 802 807 791 813 799 820 769 788 779 763 757 762 771 783 781 800 776 797 824 774 784 790 822 817 778 795 808 782 752 812 756 787 751 818 825 806 768 761 770 785 815 798 753 759 821 819 764 804 805 811 766 801 773 780 775 810 767 789 786 755 758 793 772 765 792 796 760 814 823 754
359 353 344 327 366 352 357 341 363 349 370 319 338 329 313 307 312 321 333 331 350 326 347 374 324 334 340 372 367 328 345 358 332 302 362 306 337 301 368 375 356 318 311 320 335 365 348 303 309 371 369 314 354 355 361 316 351 323 330 325 360 317 339 336 305 308 343 322 315 342 346 310 364 373 304
2309 2303 2294 2277 2316 2302 2307 2291 2313 2299 2320 2269 2288 2279 2263 2257 2262 2271 2283 2281 2300 2276 2297 2324 2274 2284 2290 2322 2317 2278 2295 2308 2282 2252 2312 2256 2287 2251 2318 2325 2306 2268 2261 2270 2285 2315 2298 2253 2259 2321 2319 2264 2304 2305 2311 2266 2301 2273 2280 2275 2310 2267 2289 2286 2255 2258 2293 2272 2265 2292 2296 2260 2314 2323 2254
6284 6278 6269 6252 6291 6277 6282 6266 6288 6274 6295 6244 6263 6254 6238 6232 6237 6246 6258 6256 6275 6251 6272 6299 6249 6259 6265 6297 6292 6253 6270 6283 6257 6227 6287 6231 6262 6226 6293 6300 6281 6243 6236 6245 6260 6290 6273 6228 6234 6296 6294 6239 6279 6280 6286 6241 6276 6248 6255 6250 6285 6242 6264 6261 6230 6233 6268 6247 6240 6267 6271 6235 6289 6298 6229
6434 6428 6419 6402 6441 6427 6432 6416 6438 6424 6445 6394 6413 6404 6388 6382 6387 6396 6408 6406 6425 6401 6422 6449 6399 6409 6415 6447 6442 6403 6420 6433 6407 6377 6437 6381 6412 6376 6443 6450 6431 6393 6386 6395 6410 6440 6423 6378 6384 6446 6444 6389 6429 6430 6436 6391 6426 6398 6405 6400 6435 6392 6414 6411 6380 6383 6418 6397 6390 6417 6421 6385 6439 6448 6379
284 278 269 252 291 277 282 266 288 274 295 244 263 254 238 232 237 246 258 256 275 251 272 299 249 259 265 297 292 253 270 283 257 227 287 231 262 226 293 300 281 243 236 245 260 290 273 228 234 296 294 239 279 280 286 241 276 248 255 250 285 242 264 261 230 233 268 247 240 267 271 235 289 298 229
7034 7028 7019 7002 7041 7027 7032 7016 7038 7024 7045 6994 7013 7004 6988 6982 6987 6996 7008 7006 7025 7001 7022 7049 6999 7009 7015 7047 7042 7003 7020 7033 7007 6977 7037 6981 7012 6976 7043 7050 7031 6993 6986 6995 7010 7040 7023 6978 6984 7046 7044 6989 7029 7030 7036 6991 7026 6998 7005 7000 7035 6992 7014 7011 6980 6983 7018 6997 6990 7017 7021 6985 7039 7048 6979
1034 1028 1019 1002 1041 1027 1032 1016 1038 1024 1045 994 1013 1004 988 982 987 996 1008 1006 1025 1001 1022 1049 999 1009 1015 1047 1042 1003 1020 1033 1007 977 1037 981 1012 976 1043 1050 1031 993 986 995 1010 1040 1023 978 984 1046 1044 989 1029 1030 1036 991 1026 998 1005 1000 1035 992 1014 1011 980 983 1018 997 990 1017 1021 985 1039 1048 979
734 728 719 702 741 727 732 716 738 724 745 694 713 704 688 682 687 696 708 706 725 701 722 749 699 709 715 747 742 703 720 733 707 677 737 681 712 676 743 750 731 693 686 695 710 740 723 678 684 746 744 689 729 730 736 691 726 698 705 700 735 692 714 711 680 683 718 697 690 717 721 685 739 748 679
1334 1328 1319 1302 1341 1327 1332 1316 1338 1324 1345 1294 1313 1304 1288 1282 1287 1296 1308 1306 1325 1301 1322 1349 1299 1309 1315 1347 1342 1303 1320 1333 1307 1277 1337 1281 1312 1276 1343 1350 1331 1293 1286 1295 1310 1340 1323 1278 1284 1346 1344 1289 1329 1330 1336 1291 1326 1298 1305 1300 1335 1292 1314 1311 1280 1283 1318 1297 1290 1317 1321 1285 1339 1348 1279
584 578 569 552 591 577 582 566 588 574 595 544 563 554 538 532 537 546 558 556 575 551 572 599 549 559 565 597 592 553 570 583 557 527 587 531 562 526 593 600 581 543 536 545 560 590 573 528 534 596 594 539 579 580 586 541 576 548 555 550 585 542 564 561 530 533 568 547 540 567 571 535 589 598 529
1559 1553 1544 1527 1566 1552 1557 1541 1563 1549 1570 1519 1538 1529 1513 1507 1512 1521 1533 1531 1550 1526 1547 1574 1524 1534 1540 1572 1567 1528 1545 1558 1532 1502 1562 1506 1537 1501 1568 1575 1556 1518 1511 1520 1535 1565 1548 1503 1509 1571 1569 1514 1554 1555 1561 1516 1551 1523 1530 1525 1560 1517 1539 1536 1505 1508 1543 1522 1515 1542 1546 1510 1564 1573 1504
6509 6503 6494 6477 6516 6502 6507 6491 6513 6499 6520 6469 6488 6479 6463 6457 6462 6471 6483 6481 6500 6476 6497 6524 6474 6484 6490 6522 6517 6478 6495 6508 6482 6452 6512 6456 6487 6451 6518 6525 6506 6468 6461 6470 6485 6515 6498 6453 6459 6521 6519 6464 6504 6505 6511 6466 6501 6473 6480 6475 6510 6467 6489 6486 6455 6458 6493 6472 6465 6492 6496 6460 6514 6523 6454
1709 1703 1694 1677 1716 1702 1707 1691 1713 1699 1720 1669 1688 1679 1663 1657 1662 1671 1683 1681 1700 1676 1697 1724 1674 1684 1690 1722 1717 1678 1695 1708 1682 1652 1712 1656 1687 1651 1718 1725 1706 1668 1661 1670 1685 1715 1698 1653 1659 1721 1719 1664 1704 1705 1711 1666 1701 1673 1680 1675 1710 1667 1689 1686 1655 1658 1693 1672 1665 1692 1696 1660 1714 1723 1654
2459 2453 2444 2427 2466 2452 2457 2441 2463 2449 2470 2419 2438 2429 2413 2407 2412 2421 2433 2431 2450 2426 2447 2474 2424 2434 2440 2472 2467 2428 2445 2458 2432 2402 2462 2406 2437 2401 2468 2475 2456 2418 2411 2420 2435 2465 2448 2403 2409 2471 2469 2414 2454 2455 2461 2416 2451 2423 2430 2425 2460 2417 2439 2436 2405 2408 2443 2422 2415 2442 2446 2410 2464 2473 2404
4259 4253 4244 4227 4266 4252 4257 4241 4263 4249 4270 4219 4238 4229 4213 4207 4212 4221 4233 4231 4250 4226 4247 4274 4224 4234 4240 4272 4267 4228 4245 4258 4232 4202 4262 4206 4237 4201 4268 4275 4256 4218 4211 4220 4235 4265 4248 4203 4209 4271 4269 4214 4254 4255 4261 4216 4251 4223 4230 4225 4260 4217 4239 4236 4205 4208 4243 4222 4215 4242 4246 4210 4264 4273 4204
6959 6953 6944 6927 6966 6952 6957 6941 6963 6949 6970 6919 6938 6929 6913 6907 6912 6921 6933 6931 6950 6926 6947 6974 6924 6934 6940 6972 6967 6928 6945 6958 6932 6902 6962 6906 6937 6901 6968 6975 6956 6918 6911 6920 6935 6965 6948 6903 6909 6971 6969 6914 6954 6955 6961 6916 6951 6923 6930 6925 6960 6917 6939 6936 6905 6908 6943 6922 6915 6942 6946 6910 6964 6973 6904
1859 1853 1844 1827 1866 1852 1857 1841 1863 1849 1870 1819 1838 1829 1813 1807 1812 1821 1833 1831 1850 1826 1847 1874 1824 1834 1840 1872 1867 1828 1845 1858 1832 1802 1862 1806 1837 1801 1868 1875 1856 1818 1811 1820 1835 1865 1848 1803 1809 1871 1869 1814 1854 1855 1861 1816 1851 1823 1830 1825 1860 1817 1839 1836 1805 1808 1843 1822 1815 1842 1846 1810 1864 1873 1804
3809 3803 3794 3777 3816 3802 3807 3791 3813 3799 3820 3769 3788 3779 3763 3757 3762 3771 3783 3781 3800 3776 3797 3824 3774 3784 3790 3822 3817 3778 3795 3808 3782 3752 3812 3756 3787 3751 3818 3825 3806 3768 3761 3770 3785 3815 3798 3753 3759 3821 3819 3764 3804 3805 3811 3766 3801 3773 3780 3775 3810 3767 3789 3786 3755 3758 3793 3772 3765 3792 3796 3760 3814 3823 3754
6884 6878 6869 6852 6891 6877 6882 6866 6888 6874 6895 6844 6863 6854 6838 6832 6837 6846 6858 6856 6875 6851 6872 6899 6849 6859 6865 6897 6892 6853 6870 6883 6857 6827 6887 6831 6862 6826 6893 6900 6881 6843 6836 6845 6860 6890 6873 6828 6834 6896 6894 6839 6879 6880 6886 6841 6876 6848 6855 6850 6885 6842 6864 6861 6830 6833 6868 6847 6840 6867 6871 6835 6889 6898 6829
2384 2378 2369 2352 2391 2377 2382 2366 2388 2374 2395 2344 2363 2354 2338 2332 2337 2346 2358 2356 2375 2351 2372 2399 2349 2359 2365 2397 2392 2353 2370 2383 2357 2327 2387 2331 2362 2326 2393 2400 2381 2343 2336 2345 2360 2390 2373 2328 2334 2396 2394 2339 2379 2380 2386 2341 2376 2348 2355 2350 2385 2342 2364 2361 2330 2333 2368 2347 2340 2367 2371 2335 2389 2398 2329
1934 1928 1919 1902 1941 1927 1932 1916 1938 1924 1945 1894 1913 1904 1888 1882 1887 1896 1908 1906 1925 1901 1922 1949 1899 1909 1915 1947 1942 1903 1920 1933 1907 1877 1937 1881 1912 1876 1943 1950 1931 1893 1886 1895 1910 1940 1923 1878 1884 1946 1944 1889 1929 1930 1936 1891 1926 1898 1905 1900 1935 1892 1914 1911 1880 1883 1918 1897 1890 1917 1921 1885 1939 1948 1879
3659 3653 3644 3627 3666 3652 3657 3641 3663 3649 3670 3619 3638 3629 3613 3607 3612 3621 3633 3631 3650 3626 3647 3674 3624 3634 3640 3672 3667 3628 3645 3658 3632 3602 3662 3606 3637 3601 3668 3675 3656 3618 3611 3620 3635 3665 3648 3603 3609 3671 3669 3614 3654 3655 3661 3616 3651 3623 3630 3625 3660 3617 3639 3636 3605 3608 3643 3622 3615 3642 3646 3610 3664 3673 3604
2609 2603 2594 2577 2616 2602 2607 2591 2613 2599 2620 2569 2588 2579 2563 2557 2562 2571 2583 2581 2600 2576 2597 2624 2574 2584 2590 2622 2617 2578 2595 2608 2582 2552 2612 2556 2587 2551 2618 2625 2606 2568 2561 2570 2585 2615 2598 2553 2559 2621 2619 2564 2604 2605 2611 2566 2601 2573 2580 2575 2610 2567 2589 2586 2555 2558 2593 2572 2565 2592 2596 2560 2614 2623 2554
3209 3203 3194 3177 3216 3202 3207 3191 3213 3199 3220 3169 3188 3179 3163 3157 3162 3171 3183 3181 3200 3176 3197 3224 3174 3184 3190 3222 3217 3178 3195 3208 3182 3152 3212 3156 3187 3151 3218 3225 3206 3168 3161 3170 3185 3215 3198 3153 3159 3221 3219 3164 3204 3205 3211 3166 3201 3173 3180 3175 3210 3167 3189 3186 3155 3158 3193 3172 3165 3192 3196 3160 3214 3223 3154
5459 5453 5444 5427 5466 5452 5457 5441 5463 5449 5470 5419 5438 5429 5413 5407 5412 5421 5433 5431 5450 5426 5447 5474 5424 5434 5440 5472 5467 5428 5445 5458 5432 5402 5462 5406 5437 5401 5468 5475 5456 5418 5411 5420 5435 5465 5448 5403 5409 5471 5469 5414 5454 5455 5461 5416 5451 5423 5430 5425 5460 5417 5439 5436 5405 5408 5443 5422 5415 5442 5446 5410 5464 5473 5404
4784 4778 4769 4752 4791 4777 4782 4766 4788 4774 4795 4744 4763 4754 4738 4732 4737 4746 4758 4756 4775 4751 4772 4799 4749 4759 4765 4797 4792 4753 4770 4783 4757 4727 4787 4731 4762 4726 4793 4800 4781 4743 4736 4745 4760 4790 4773 4728 4734 4796 4794 4739 4779 4780 4786 4741 4776 4748 4755 4750 4785 4742 4764 4761 4730 4733 4768 4747 4740 4767 4771 4735 4789 4798 4729
6584 6578 6569 6552 6591 6577 6582 6566 6588 6574 6595 6544 6563 6554 6538 6532 6537 6546 6558 6556 6575 6551 6572 6599 6549 6559 6565 6597 6592 6553 6570 6583 6557 6527 6587 6531 6562 6526 6593 6600 6581 6543 6536 6545 6560 6590 6573 6528 6534 6596 6594 6539 6579 6580 6586 6541 6576 6548 6555 6550 6585 6542 6564 6561 6530 6533 6568 6547 6540 6567 6571 6535 6589 6598 6529
4184 4178 4169 4152 4191 4177 4182 4166 4188 4174 4195 4144 4163 4154 4138 4132 4137 4146 4158 4156 4175 4151 4172 4199 4149 4159 4165 4197 4192 4153 4170 4183 4157 4127 4187 4131 4162 4126 4193 4200 4181 4143 4136 4145 4160 4190 4173 4128 4134 4196 4194 4139 4179 4180 4186 4141 4176 4148 4155 4150 4185 4142 4164 4161 4130 4133 4168 4147 4140 4167 4171 4135 4189 4198 4129
4634 4628 4619 4602 4641 4627 4632 4616 4638 4624 4645 4594 4613 4604 4588 4582 4587 4596 4608 4606 4625 4601 4622 4649 4599 4609 4615 4647 4642 4603 4620 4633 4607 4577 4637 4581 4612 4576 4643 4650 4631 4593 4586 4595 4610 4640 4623 4578 4584 4646 4644 4589 4629 4630 4636 4591 4626 4598 4605 4600 4635 4592 4614 4611 4580 4583 4618 4597 4590 4617 4621 4585 4639 4648 4579
5084 5078 5069 5052 5091 5077 5082 5066 5088 5074 5095 5044 5063 5054 5038 5032 5037 5046 5058 5056 5075 5051 5072 5099 5049 5059 5065 5097 5092 5053 5070 5083 5057 5027 5087 5031 5062 5026 5093 5100 5081 5043 5036 5045 5060 5090 5073 5028 5034 5096 5094 5039 5079 5080 5086 5041 5076 5048 5055 5050 5085 5042 5064 5061 5030 5033 5068 5047 5040 5067 5071 5035 5089 5098 5029
4934 4928 4919 4902 4941 4927 4932 4916 4938 4924 4945 4894 4913 4904 4888 4882 4887 4896 4908 4906 4925 4901 4922 4949 4899 4909 4915 4947 4942 4903 4920 4933 4907 4877 4937 4881 4912 4876 4943 4950 4931 4893 4886 4895 4910 4940 4923 4878 4884 4946 4944 4889 4929 4930 4936 4891 4926 4898 4905 4900 4935 4892 4914 4911 4880 4883 4918 4897 4890 4917 4921 4885 4939 4948 4879
3059 3053 3044 3027 3066 3052 3057 3041 3063 3049 3070 3019 3038 3029 3013 3007 3012 3021 3033 3031 3050 3026 3047 3074 3024 3034 3040 3072 3067 3028 3045 3058 3032 3002 3062 3006 3037 3001 3068 3075 3056 3018 3011 3020 3035 3065 3048 3003 3009 3071 3069 3014 3054 3055 3061 3016 3051 3023 3030 3025 3060 3017 3039 3036 3005 3008 3043 3022 3015 3042 3046 3010 3064 3073 3004
