77 85
997 961 987 992 1001 998 972 950 1010 1007 983 962 979 978 965 991 949 951 957 952 1013 941 1011 947 967 996 1019 937 1000 964 1017 1006 977 1004 969 936 971 946 990 943 986 963 994 981 988 953 980 1012 976 975 993 938 948 968 1014 973 1009 954 1018 984 999 1005 940 1002 956 1016 966 1015 970 989 942 1008 945 985 958 982 974 1020 959 1003 960 955 939 995 944
5247 5211 5237 5242 5251 5248 5222 5200 5260 5257 5233 5212 5229 5228 5215 5241 5199 5201 5207 5202 5263 5191 5261 5197 5217 5246 5269 5187 5250 5214 5267 5256 5227 5254 5219 5186 5221 5196 5240 5193 5236 5213 5244 5231 5238 5203 5230 5262 5226 5225 5243 5188 5198 5218 5264 5223 5259 5204 5268 5234 5249 5255 5190 5252 5206 5266 5216 5265 5220 5239 5192 5258 5195 5235 5208 5232 5224 5270 5209 5253 5210 5205 5189 5245 5194
3122 3086 3112 3117 3126 3123 3097 3075 3135 3132 3108 3087 3104 3103 3090 3116 3074 3076 3082 3077 3138 3066 3136 3072 3092 3121 3144 3062 3125 3089 3142 3131 3102 3129 3094 3061 3096 3071 3115 3068 3111 3088 3119 3106 3113 3078 3105 3137 3101 3100 3118 3063 3073 3093 3139 3098 3134 3079 3143 3109 3124 3130 3065 3127 3081 3141 3091 3140 3095 3114 3067 3133 3070 3110 3083 3107 3099 3145 3084 3128 3085 3080 3064 3120 3069
4992 4956 4982 4987 4996 4993 4967 4945 5005 5002 4978 4957 4974 4973 4960 4986 4944 4946 4952 4947 5008 4936 5006 4942 4962 4991 5014 4932 4995 4959 5012 5001 4972 4999 4964 4931 4966 4941 4985 4938 4981 4958 4989 4976 4983 4948 4975 5007 4971 4970 4988 4933 4943 4963 5009 4968 5004 4949 5013 4979 4994 5000 4935 4997 4951 5011 4961 5010 4965 4984 4937 5003 4940 4980 4953 4977 4969 5015 4954 4998 4955 4950 4934 4990 4939
3037 3001 3027 3032 3041 3038 3012 2990 3050 3047 3023 3002 3019 3018 3005 3031 2989 2991 2997 2992 3053 2981 3051 2987 3007 3036 3059 2977 3040 3004 3057 3046 3017 3044 3009 2976 3011 2986 3030 2983 3026 3003 3034 3021 3028 2993 3020 3052 3016 3015 3033 2978 2988 3008 3054 3013 3049 2994 3058 3024 3039 3045 2980 3042 2996 3056 3006 3055 3010 3029 2982 3048 2985 3025 2998 3022 3014 3060 2999 3043 3000 2995 2979 3035 2984
6437 6401 6427 6432 6441 6438 6412 6390 6450 6447 6423 6402 6419 6418 6405 6431 6389 6391 6397 6392 6453 6381 6451 6387 6407 6436 6459 6377 6440 6404 6457 6446 6417 6444 6409 6376 6411 6386 6430 6383 6426 6403 6434 6421 6428 6393 6420 6452 6416 6415 6433 6378 6388 6408 6454 6413 6449 6394 6458 6424 6439 6445 6380 6442 6396 6456 6406 6455 6410 6429 6382 6448 6385 6425 6398 6422 6414 6460 6399 6443 6400 6395 6379 6435 6384
1677 1641 1667 1672 1681 1678 1652 1630 1690 1687 1663 1642 1659 1658 1645 1671 1629 1631 1637 1632 1693 1621 1691 1627 1647 1676 1699 1617 1680 1644 1697 1686 1657 1684 1649 1616 1651 1626 1670 1623 1666 1643 1674 1661 1668 1633 1660 1692 1656 1655 1673 1618 1628 1648 1694 1653 1689 1634 1698 1664 1679 1685 1620 1682 1636 1696 1646 1695 1650 1669 1622 1688 1625 1665 1638 1662 1654 1700 1639 1683 1640 1635 1619 1675 1624
1762 1726 1752 1757 1766 1763 1737 1715 1775 1772 1748 1727 1744 1743 1730 1756 1714 1716 1722 1717 1778 1706 1776 1712 1732 1761 1784 1702 1765 1729 1782 1771 1742 1769 1734 1701 1736 1711 1755 1708 1751 1728 1759 1746 1753 1718 1745 1777 1741 1740 1758 1703 1713 1733 1779 1738 1774 1719 1783 1749 1764 1770 1705 1767 1721 1781 1731 1780 1735 1754 1707 1773 1710 1750 1723 1747 1739 1785 1724 1768 1725 1720 1704 1760 1709
2952 2916 2942 2947 2956 2953 2927 2905 2965 2962 2938 2917 2934 2933 2920 2946 2904 2906 2912 2907 2968 2896 2966 2902 2922 2951 2974 2892 2955 2919 2972 2961 2932 2959 2924 2891 2926 2901 2945 2898 2941 2918 2949 2936 2943 2908 2935 2967 2931 2930 2948 2893 2903 2923 2969 2928 2964 2909 2973 2939 2954 2960 2895 2957 2911 2971 2921 2970 2925 2944 2897 2963 2900 2940 2913 2937 2929 2975 2914 2958 2915 2910 2894 2950 2899
402 366 392 397 406 403 377 355 415 412 388 367 384 383 370 396 354 356 362 357 418 346 416 352 372 401 424 342 405 369 422 411 382 409 374 341 376 351 395 348 391 368 399 386 393 358 385 417 381 380 398 343 353 373 419 378 414 359 423 389 404 410 345 407 361 421 371 420 375 394 347 413 350 390 363 387 379 425 364 408 365 360 344 400 349
2102 2066 2092 2097 2106 2103 2077 2055 2115 2112 2088 2067 2084 2083 2070 2096 2054 2056 2062 2057 2118 2046 2116 2052 2072 2101 2124 2042 2105 2069 2122 2111 2082 2109 2074 2041 2076 2051 2095 2048 2091 2068 2099 2086 2093 2058 2085 2117 2081 2080 2098 2043 2053 2073 2119 2078 2114 2059 2123 2089 2104 2110 2045 2107 2061 2121 2071 2120 2075 2094 2047 2113 2050 2090 2063 2087 2079 2125 2064 2108 2065 2060 2044 2100 2049
657 621 647 652 661 658 632 610 670 667 643 622 639 638 625 651 609 611 617 612 673 601 671 607 627 656 679 597 660 624 677 666 637 664 629 596 631 606 650 603 646 623 654 641 648 613 640 672 636 635 653 598 608 628 674 633 669 614 678 644 659 665 600 662 616 676 626 675 630 649 602 668 605 645 618 642 634 680 619 663 620 615 599 655 604
3462 3426 3452 3457 3466 3463 3437 3415 3475 3472 3448 3427 3444 3443 3430 3456 3414 3416 3422 3417 3478 3406 3476 3412 3432 3461 3484 3402 3465 3429 3482 3471 3442 3469 3434 3401 3436 3411 3455 3408 3451 3428 3459 3446 3453 3418 3445 3477 3441 3440 3458 3403 3413 3433 3479 3438 3474 3419 3483 3449 3464 3470 3405 3467 3421 3481 3431 3480 3435 3454 3407 3473 3410 3450 3423 3447 3439 3485 3424 3468 3425 3420 3404 3460 3409
3802 3766 3792 3797 3806 3803 3777 3755 3815 3812 3788 3767 3784 3783 3770 3796 3754 3756 3762 3757 3818 3746 3816 3752 3772 3801 3824 3742 3805 3769 3822 3811 3782 3809 3774 3741 3776 3751 3795 3748 3791 3768 3799 3786 3793 3758 3785 3817 3781 3780 3798 3743 3753 3773 3819 3778 3814 3759 3823 3789 3804 3810 3745 3807 3761 3821 3771 3820 3775 3794 3747 3813 3750 3790 3763 3787 3779 3825 3764 3808 3765 3760 3744 3800 3749
5162 5126 5152 5157 5166 5163 5137 5115 5175 5172 5148 5127 5144 5143 5130 5156 5114 5116 5122 5117 5178 5106 5176 5112 5132 5161 5184 5102 5165 5129 5182 5171 5142 5169 5134 5101 5136 5111 5155 5108 5151 5128 5159 5146 5153 5118 5145 5177 5141 5140 5158 5103 5113 5133 5179 5138 5174 5119 5183 5149 5164 5170 5105 5167 5121 5181 5131 5180 5135 5154 5107 5173 5110 5150 5123 5147 5139 5185 5124 5168 5125 5120 5104 5160 5109
6012 5976 6002 6007 6016 6013 5987 5965 6025 6022 5998 5977 5994 5993 5980 6006 5964 5966 5972 5967 6028 5956 6026 5962 5982 6011 6034 5952 6015 5979 6032 6021 5992 6019 5984 5951 5986 5961 6005 5958 6001 5978 6009 5996 6003 5968 5995 6027 5991 5990 6008 5953 5963 5983 6029 5988 6024 5969 6033 5999 6014 6020 5955 6017 5971 6031 5981 6030 5985 6004 5957 6023 5960 6000 5973 5997 5989 6035 5974 6018 5975 5970 5954 6010 5959
4227 4191 4217 4222 4231 4228 4202 4180 4240 4237 4213 4192 4209 4208 4195 4221 4179 4181 4187 4182 4243 4171 4241 4177 4197 4226 4249 4167 4230 4194 4247 4236 4207 4234 4199 4166 4201 4176 4220 4173 4216 4193 4224 4211 4218 4183 4210 4242 4206 4205 4223 4168 4178 4198 4244 4203 4239 4184 4248 4214 4229 4235 4170 4232 4186 4246 4196 4245 4200 4219 4172 4238 4175 4215 4188 4212 4204 4250 4189 4233 4190 4185 4169 4225 4174
317 281 307 312 321 318 292 270 330 327 303 282 299 298 285 311 269 271 277 272 333 261 331 267 287 316 339 257 320 284 337 326 297 324 289 256 291 266 310 263 306 283 314 301 308 273 300 332 296 295 313 258 268 288 334 293 329 274 338 304 319 325 260 322 276 336 286 335 290 309 262 328 265 305 278 302 294 340 279 323 280 275 259 315 264
5077 5041 5067 5072 5081 5078 5052 5030 5090 5087 5063 5042 5059 5058 5045 5071 5029 5031 5037 5032 5093 5021 5091 5027 5047 5076 5099 5017 5080 5044 5097 5086 5057 5084 5049 5016 5051 5026 5070 5023 5066 5043 5074 5061 5068 5033 5060 5092 5056 5055 5073 5018 5028 5048 5094 5053 5089 5034 5098 5064 5079 5085 5020 5082 5036 5096 5046 5095 5050 5069 5022 5088 5025 5065 5038 5062 5054 5100 5039 5083 5040 5035 5019 5075 5024
2867 2831 2857 2862 2871 2868 2842 2820 2880 2877 2853 2832 2849 2848 2835 2861 2819 2821 2827 2822 2883 2811 2881 2817 2837 2866 2889 2807 2870 2834 2887 2876 2847 2874 2839 2806 2841 2816 2860 2813 2856 2833 2864 2851 2858 2823 2850 2882 2846 2845 2863 2808 2818 2838 2884 2843 2879 2824 2888 2854 2869 2875 2810 2872 2826 2886 2836 2885 2840 2859 2812 2878 2815 2855 2828 2852 2844 2890 2829 2873 2830 2825 2809 2865 2814
2017 1981 2007 2012 2021 2018 1992 1970 2030 2027 2003 1982 1999 1998 1985 2011 1969 1971 1977 1972 2033 1961 2031 1967 1987 2016 2039 1957 2020 1984 2037 2026 1997 2024 1989 1956 1991 1966 2010 1963 2006 1983 2014 2001 2008 1973 2000 2032 1996 1995 2013 1958 1968 1988 2034 1993 2029 1974 2038 2004 2019 2025 1960 2022 1976 2036 1986 2035 1990 2009 1962 2028 1965 2005 1978 2002 1994 2040 1979 2023 1980 1975 1959 2015 1964
5842 5806 5832 5837 5846 5843 5817 5795 5855 5852 5828 5807 5824 5823 5810 5836 5794 5796 5802 5797 5858 5786 5856 5792 5812 5841 5864 5782 5845 5809 5862 5851 5822 5849 5814 5781 5816 5791 5835 5788 5831 5808 5839 5826 5833 5798 5825 5857 5821 5820 5838 5783 5793 5813 5859 5818 5854 5799 5863 5829 5844 5850 5785 5847 5801 5861 5811 5860 5815 5834 5787 5853 5790 5830 5803 5827 5819 5865 5804 5848 5805 5800 5784 5840 5789
827 791 817 822 831 828 802 780 840 837 813 792 809 808 795 821 779 781 787 782 843 771 841 777 797 826 849 767 830 794 847 836 807 834 799 766 801 776 820 773 816 793 824 811 818 783 810 842 806 805 823 768 778 798 844 803 839 784 848 814 829 835 770 832 786 846 796 845 800 819 772 838 775 815 788 812 804 850 789 833 790 785 769 825 774
6097 6061 6087 6092 6101 6098 6072 6050 6110 6107 6083 6062 6079 6078 6065 6091 6049 6051 6057 6052 6113 6041 6111 6047 6067 6096 6119 6037 6100 6064 6117 6106 6077 6104 6069 6036 6071 6046 6090 6043 6086 6063 6094 6081 6088 6053 6080 6112 6076 6075 6093 6038 6048 6068 6114 6073 6109 6054 6118 6084 6099 6105 6040 6102 6056 6116 6066 6115 6070 6089 6042 6108 6045 6085 6058 6082 6074 6120 6059 6103 6060 6055 6039 6095 6044
147 111 137 142 151 148 122 100 160 157 133 112 129 128 115 141 99 101 107 102 163 91 161 97 117 146 169 87 150 114 167 156 127 154 119 86 121 96 140 93 136 113 144 131 138 103 130 162 126 125 143 88 98 118 164 123 159 104 168 134 149 155 90 152 106 166 116 165 120 139 92 158 95 135 108 132 124 170 109 153 110 105 89 145 94
5672 5636 5662 5667 5676 5673 5647 5625 5685 5682 5658 5637 5654 5653 5640 5666 5624 5626 5632 5627 5688 5616 5686 5622 5642 5671 5694 5612 5675 5639 5692 5681 5652 5679 5644 5611 5646 5621 5665 5618 5661 5638 5669 5656 5663 5628 5655 5687 5651 5650 5668 5613 5623 5643 5689 5648 5684 5629 5693 5659 5674 5680 5615 5677 5631 5691 5641 5690 5645 5664 5617 5683 5620 5660 5633 5657 5649 5695 5634 5678 5635 5630 5614 5670 5619
1422 1386 1412 1417 1426 1423 1397 1375 1435 1432 1408 1387 1404 1403 1390 1416 1374 1376 1382 1377 1438 1366 1436 1372 1392 1421 1444 1362 1425 1389 1442 1431 1402 1429 1394 1361 1396 1371 1415 1368 1411 1388 1419 1406 1413 1378 1405 1437 1401 1400 1418 1363 1373 1393 1439 1398 1434 1379 1443 1409 1424 1430 1365 1427 1381 1441 1391 1440 1395 1414 1367 1433 1370 1410 1383 1407 1399 1445 1384 1428 1385 1380 1364 1420 1369
1252 1216 1242 1247 1256 1253 1227 1205 1265 1262 1238 1217 1234 1233 1220 1246 1204 1206 1212 1207 1268 1196 1266 1202 1222 1251 1274 1192 1255 1219 1272 1261 1232 1259 1224 1191 1226 1201 1245 1198 1241 1218 1249 1236 1243 1208 1235 1267 1231 1230 1248 1193 1203 1223 1269 1228 1264 1209 1273 1239 1254 1260 1195 1257 1211 1271 1221 1270 1225 1244 1197 1263 1200 1240 1213 1237 1229 1275 1214 1258 1215 1210 1194 1250 1199
2357 2321 2347 2352 2361 2358 2332 2310 2370 2367 2343 2322 2339 2338 2325 2351 2309 2311 2317 2312 2373 2301 2371 2307 2327 2356 2379 2297 2360 2324 2377 2366 2337 2364 2329 2296 2331 2306 2350 2303 2346 2323 2354 2341 2348 2313 2340 2372 2336 2335 2353 2298 2308 2328 2374 2333 2369 2314 2378 2344 2359 2365 2300 2362 2316 2376 2326 2375 2330 2349 2302 2368 2305 2345 2318 2342 2334 2380 2319 2363 2320 2315 2299 2355 2304
6352 6316 6342 6347 6356 6353 6327 6305 6365 6362 6338 6317 6334 6333 6320 6346 6304 6306 6312 6307 6368 6296 6366 6302 6322 6351 6374 6292 6355 6319 6372 6361 6332 6359 6324 6291 6326 6301 6345 6298 6341 6318 6349 6336 6343 6308 6335 6367 6331 6330 6348 6293 6303 6323 6369 6328 6364 6309 6373 6339 6354 6360 6295 6357 6311 6371 6321 6370 6325 6344 6297 6363 6300 6340 6313 6337 6329 6375 6314 6358 6315 6310 6294 6350 6299
1932 1896 1922 1927 1936 1933 1907 1885 1945 1942 1918 1897 1914 1913 1900 1926 1884 1886 1892 1887 1948 1876 1946 1882 1902 1931 1954 1872 1935 1899 1952 1941 1912 1939 1904 1871 1906 1881 1925 1878 1921 1898 1929 1916 1923 1888 1915 1947 1911 1910 1928 1873 1883 1903 1949 1908 1944 1889 1953 1919 1934 1940 1875 1937 1891 1951 1901 1950 1905 1924 1877 1943 1880 1920 1893 1917 1909 1955 1894 1938 1895 1890 1874 1930 1879
1082 1046 1072 1077 1086 1083 1057 1035 1095 1092 1068 1047 1064 1063 1050 1076 1034 1036 1042 1037 1098 1026 1096 1032 1052 1081 1104 1022 1085 1049 1102 1091 1062 1089 1054 1021 1056 1031 1075 1028 1071 1048 1079 1066 1073 1038 1065 1097 1061 1060 1078 1023 1033 1053 1099 1058 1094 1039 1103 1069 1084 1090 1025 1087 1041 1101 1051 1100 1055 1074 1027 1093 1030 1070 1043 1067 1059 1105 1044 1088 1045 1040 1024 1080 1029
1507 1471 1497 1502 1511 1508 1482 1460 1520 1517 1493 1472 1489 1488 1475 1501 1459 1461 1467 1462 1523 1451 1521 1457 1477 1506 1529 1447 1510 1474 1527 1516 1487 1514 1479 1446 1481 1456 1500 1453 1496 1473 1504 1491 1498 1463 1490 1522 1486 1485 1503 1448 1458 1478 1524 1483 1519 1464 1528 1494 1509 1515 1450 1512 1466 1526 1476 1525 1480 1499 1452 1518 1455 1495 1468 1492 1484 1530 1469 1513 1470 1465 1449 1505 1454
2612 2576 2602 2607 2616 2613 2587 2565 2625 2622 2598 2577 2594 2593 2580 2606 2564 2566 2572 2567 2628 2556 2626 2562 2582 2611 2634 2552 2615 2579 2632 2621 2592 2619 2584 2551 2586 2561 2605 2558 2601 2578 2609 2596 2603 2568 2595 2627 2591 2590 2608 2553 2563 2583 2629 2588 2624 2569 2633 2599 2614 2620 2555 2617 2571 2631 2581 2630 2585 2604 2557 2623 2560 2600 2573 2597 2589 2635 2574 2618 2575 2570 2554 2610 2559
2527 2491 2517 2522 2531 2528 2502 2480 2540 2537 2513 2492 2509 2508 2495 2521 2479 2481 2487 2482 2543 2471 2541 2477 2497 2526 2549 2467 2530 2494 2547 2536 2507 2534 2499 2466 2501 2476 2520 2473 2516 2493 2524 2511 2518 2483 2510 2542 2506 2505 2523 2468 2478 2498 2544 2503 2539 2484 2548 2514 2529 2535 2470 2532 2486 2546 2496 2545 2500 2519 2472 2538 2475 2515 2488 2512 2504 2550 2489 2533 2490 2485 2469 2525 2474
742 706 732 737 746 743 717 695 755 752 728 707 724 723 710 736 694 696 702 697 758 686 756 692 712 741 764 682 745 709 762 751 722 749 714 681 716 691 735 688 731 708 739 726 733 698 725 757 721 720 738 683 693 713 759 718 754 699 763 729 744 750 685 747 701 761 711 760 715 734 687 753 690 730 703 727 719 765 704 748 705 700 684 740 689
572 536 562 567 576 573 547 525 585 582 558 537 554 553 540 566 524 526 532 527 588 516 586 522 542 571 594 512 575 539 592 581 552 579 544 511 546 521 565 518 561 538 569 556 563 528 555 587 551 550 568 513 523 543 589 548 584 529 593 559 574 580 515 577 531 591 541 590 545 564 517 583 520 560 533 557 549 595 534 578 535 530 514 570 519
4142 4106 4132 4137 4146 4143 4117 4095 4155 4152 4128 4107 4124 4123 4110 4136 4094 4096 4102 4097 4158 4086 4156 4092 4112 4141 4164 4082 4145 4109 4162 4151 4122 4149 4114 4081 4116 4091 4135 4088 4131 4108 4139 4126 4133 4098 4125 4157 4121 4120 4138 4083 4093 4113 4159 4118 4154 4099 4163 4129 4144 4150 4085 4147 4101 4161 4111 4160 4115 4134 4087 4153 4090 4130 4103 4127 4119 4165 4104 4148 4105 4100 4084 4140 4089
1847 1811 1837 1842 1851 1848 1822 1800 1860 1857 1833 1812 1829 1828 1815 1841 1799 1801 1807 1802 1863 1791 1861 1797 1817 1846 1869 1787 1850 1814 1867 1856 1827 1854 1819 1786 1821 1796 1840 1793 1836 1813 1844 1831 1838 1803 1830 1862 1826 1825 1843 1788 1798 1818 1864 1823 1859 1804 1868 1834 1849 1855 1790 1852 1806 1866 1816 1865 1820 1839 1792 1858 1795 1835 1808 1832 1824 1870 1809 1853 1810 1805 1789 1845 1794
3207 3171 3197 3202 3211 3208 3182 3160 3220 3217 3193 3172 3189 3188 3175 3201 3159 3161 3167 3162 3223 3151 3221 3157 3177 3206 3229 3147 3210 3174 3227 3216 3187 3214 3179 3146 3181 3156 3200 3153 3196 3173 3204 3191 3198 3163 3190 3222 3186 3185 3203 3148 3158 3178 3224 3183 3219 3164 3228 3194 3209 3215 3150 3212 3166 3226 3176 3225 3180 3199 3152 3218 3155 3195 3168 3192 3184 3230 3169 3213 3170 3165 3149 3205 3154
1592 1556 1582 1587 1596 1593 1567 1545 1605 1602 1578 1557 1574 1573 1560 1586 1544 1546 1552 1547 1608 1536 1606 1542 1562 1591 1614 1532 1595 1559 1612 1601 1572 1599 1564 1531 1566 1541 1585 1538 1581 1558 1589 1576 1583 1548 1575 1607 1571 1570 1588 1533 1543 1563 1609 1568 1604 1549 1613 1579 1594 1600 1535 1597 1551 1611 1561 1610 1565 1584 1537 1603 1540 1580 1553 1577 1569 1615 1554 1598 1555 1550 1534 1590 1539
3887 3851 3877 3882 3891 3888 3862 3840 3900 3897 3873 3852 3869 3868 3855 3881 3839 3841 3847 3842 3903 3831 3901 3837 3857 3886 3909 3827 3890 3854 3907 3896 3867 3894 3859 3826 3861 3836 3880 3833 3876 3853 3884 3871 3878 3843 3870 3902 3866 3865 3883 3828 3838 3858 3904 3863 3899 3844 3908 3874 3889 3895 3830 3892 3846 3906 3856 3905 3860 3879 3832 3898 3835 3875 3848 3872 3864 3910 3849 3893 3850 3845 3829 3885 3834
4652 4616 4642 4647 4656 4653 4627 4605 4665 4662 4638 4617 4634 4633 4620 4646 4604 4606 4612 4607 4668 4596 4666 4602 4622 4651 4674 4592 4655 4619 4672 4661 4632 4659 4624 4591 4626 4601 4645 4598 4641 4618 4649 4636 4643 4608 4635 4667 4631 4630 4648 4593 4603 4623 4669 4628 4664 4609 4673 4639 4654 4660 4595 4657 4611 4671 4621 4670 4625 4644 4597 4663 4600 4640 4613 4637 4629 4675 4614 4658 4615 4610 4594 4650 4599
5587 5551 5577 5582 5591 5588 5562 5540 5600 5597 5573 5552 5569 5568 5555 5581 5539 5541 5547 5542 5603 5531 5601 5537 5557 5586 5609 5527 5590 5554 5607 5596 5567 5594 5559 5526 5561 5536 5580 5533 5576 5553 5584 5571 5578 5543 5570 5602 5566 5565 5583 5528 5538 5558 5604 5563 5599 5544 5608 5574 5589 5595 5530 5592 5546 5606 5556 5605 5560 5579 5532 5598 5535 5575 5548 5572 5564 5610 5549 5593 5550 5545 5529 5585 5534
5417 5381 5407 5412 5421 5418 5392 5370 5430 5427 5403 5382 5399 5398 5385 5411 5369 5371 5377 5372 5433 5361 5431 5367 5387 5416 5439 5357 5420 5384 5437 5426 5397 5424 5389 5356 5391 5366 5410 5363 5406 5383 5414 5401 5408 5373 5400 5432 5396 5395 5413 5358 5368 5388 5434 5393 5429 5374 5438 5404 5419 5425 5360 5422 5376 5436 5386 5435 5390 5409 5362 5428 5365 5405 5378 5402 5394 5440 5379 5423 5380 5375 5359 5415 5364
2272 2236 2262 2267 2276 2273 2247 2225 2285 2282 2258 2237 2254 2253 2240 2266 2224 2226 2232 2227 2288 2216 2286 2222 2242 2271 2294 2212 2275 2239 2292 2281 2252 2279 2244 2211 2246 2221 2265 2218 2261 2238 2269 2256 2263 2228 2255 2287 2251 2250 2268 2213 2223 2243 2289 2248 2284 2229 2293 2259 2274 2280 2215 2277 2231 2291 2241 2290 2245 2264 2217 2283 2220 2260 2233 2257 2249 2295 2234 2278 2235 2230 2214 2270 2219
232 196 222 227 236 233 207 185 245 242 218 197 214 213 200 226 184 186 192 187 248 176 246 182 202 231 254 172 235 199 252 241 212 239 204 171 206 181 225 178 221 198 229 216 223 188 215 247 211 210 228 173 183 203 249 208 244 189 253 219 234 240 175 237 191 251 201 250 205 224 177 243 180 220 193 217 209 255 194 238 195 190 174 230 179
6267 6231 6257 6262 6271 6268 6242 6220 6280 6277 6253 6232 6249 6248 6235 6261 6219 6221 6227 6222 6283 6211 6281 6217 6237 6266 6289 6207 6270 6234 6287 6276 6247 6274 6239 6206 6241 6216 6260 6213 6256 6233 6264 6251 6258 6223 6250 6282 6246 6245 6263 6208 6218 6238 6284 6243 6279 6224 6288 6254 6269 6275 6210 6272 6226 6286 6236 6285 6240 6259 6212 6278 6215 6255 6228 6252 6244 6290 6229 6273 6230 6225 6209 6265 6214
2187 2151 2177 2182 2191 2188 2162 2140 2200 2197 2173 2152 2169 2168 2155 2181 2139 2141 2147 2142 2203 2131 2201 2137 2157 2186 2209 2127 2190 2154 2207 2196 2167 2194 2159 2126 2161 2136 2180 2133 2176 2153 2184 2171 2178 2143 2170 2202 2166 2165 2183 2128 2138 2158 2204 2163 2199 2144 2208 2174 2189 2195 2130 2192 2146 2206 2156 2205 2160 2179 2132 2198 2135 2175 2148 2172 2164 2210 2149 2193 2150 2145 2129 2185 2134
2697 2661 2687 2692 2701 2698 2672 2650 2710 2707 2683 2662 2679 2678 2665 2691 2649 2651 2657 2652 2713 2641 2711 2647 2667 2696 2719 2637 2700 2664 2717 2706 2677 2704 2669 2636 2671 2646 2690 2643 2686 2663 2694 2681 2688 2653 2680 2712 2676 2675 2693 2638 2648 2668 2714 2673 2709 2654 2718 2684 2699 2705 2640 2702 2656 2716 2666 2715 2670 2689 2642 2708 2645 2685 2658 2682 2674 2720 2659 2703 2660 2655 2639 2695 2644
2442 2406 2432 2437 2446 2443 2417 2395 2455 2452 2428 2407 2424 2423 2410 2436 2394 2396 2402 2397 2458 2386 2456 2392 2412 2441 2464 2382 2445 2409 2462 2451 2422 2449 2414 2381 2416 2391 2435 2388 2431 2408 2439 2426 2433 2398 2425 2457 2421 2420 2438 2383 2393 2413 2459 2418 2454 2399 2463 2429 2444 2450 2385 2447 2401 2461 2411 2460 2415 2434 2387 2453 2390 2430 2403 2427 2419 2465 2404 2448 2405 2400 2384 2440 2389
6182 6146 6172 6177 6186 6183 6157 6135 6195 6192 6168 6147 6164 6163 6150 6176 6134 6136 6142 6137 6198 6126 6196 6132 6152 6181 6204 6122 6185 6149 6202 6191 6162 6189 6154 6121 6156 6131 6175 6128 6171 6148 6179 6166 6173 6138 6165 6197 6161 6160 6178 6123 6133 6153 6199 6158 6194 6139 6203 6169 6184 6190 6125 6187 6141 6201 6151 6200 6155 6174 6127 6193 6130 6170 6143 6167 6159 6205 6144 6188 6145 6140 6124 6180 6129
2782 2746 2772 2777 2786 2783 2757 2735 2795 2792 2768 2747 2764 2763 2750 2776 2734 2736 2742 2737 2798 2726 2796 2732 2752 2781 2804 2722 2785 2749 2802 2791 2762 2789 2754 2721 2756 2731 2775 2728 2771 2748 2779 2766 2773 2738 2765 2797 2761 2760 2778 2723 2733 2753 2799 2758 2794 2739 2803 2769 2784 2790 2725 2787 2741 2801 2751 2800 2755 2774 2727 2793 2730 2770 2743 2767 2759 2805 2744 2788 2745 2740 2724 2780 2729
3717 3681 3707 3712 3721 3718 3692 3670 3730 3727 3703 3682 3699 3698 3685 3711 3669 3671 3677 3672 3733 3661 3731 3667 3687 3716 3739 3657 3720 3684 3737 3726 3697 3724 3689 3656 3691 3666 3710 3663 3706 3683 3714 3701 3708 3673 3700 3732 3696 3695 3713 3658 3668 3688 3734 3693 3729 3674 3738 3704 3719 3725 3660 3722 3676 3736 3686 3735 3690 3709 3662 3728 3665 3705 3678 3702 3694 3740 3679 3723 3680 3675 3659 3715 3664
5332 5296 5322 5327 5336 5333 5307 5285 5345 5342 5318 5297 5314 5313 5300 5326 5284 5286 5292 5287 5348 5276 5346 5282 5302 5331 5354 5272 5335 5299 5352 5341 5312 5339 5304 5271 5306 5281 5325 5278 5321 5298 5329 5316 5323 5288 5315 5347 5311 5310 5328 5273 5283 5303 5349 5308 5344 5289 5353 5319 5334 5340 5275 5337 5291 5351 5301 5350 5305 5324 5277 5343 5280 5320 5293 5317 5309 5355 5294 5338 5295 5290 5274 5330 5279
62 26 52 57 66 63 37 15 75 72 48 27 44 43 30 56 14 16 22 17 78 6 76 12 32 61 84 2 65 29 82 71 42 69 34 1 36 11 55 8 51 28 59 46 53 18 45 77 41 40 58 3 13 33 79 38 74 19 83 49 64 70 5 67 21 81 31 80 35 54 7 73 10 50 23 47 39 85 24 68 25 20 4 60 9
3632 3596 3622 3627 3636 3633 3607 3585 3645 3642 3618 3597 3614 3613 3600 3626 3584 3586 3592 3587 3648 3576 3646 3582 3602 3631 3654 3572 3635 3599 3652 3641 3612 3639 3604 3571 3606 3581 3625 3578 3621 3598 3629 3616 3623 3588 3615 3647 3611 3610 3628 3573 3583 3603 3649 3608 3644 3589 3653 3619 3634 3640 3575 3637 3591 3651 3601 3650 3605 3624 3577 3643 3580 3620 3593 3617 3609 3655 3594 3638 3595 3590 3574 3630 3579
6522 6486 6512 6517 6526 6523 6497 6475 6535 6532 6508 6487 6504 6503 6490 6516 6474 6476 6482 6477 6538 6466 6536 6472 6492 6521 6544 6462 6525 6489 6542 6531 6502 6529 6494 6461 6496 6471 6515 6468 6511 6488 6519 6506 6513 6478 6505 6537 6501 6500 6518 6463 6473 6493 6539 6498 6534 6479 6543 6509 6524 6530 6465 6527 6481 6541 6491 6540 6495 6514 6467 6533 6470 6510 6483 6507 6499 6545 6484 6528 6485 6480 6464 6520 6469
5757 5721 5747 5752 5761 5758 5732 5710 5770 5767 5743 5722 5739 5738 5725 5751 5709 5711 5717 5712 5773 5701 5771 5707 5727 5756 5779 5697 5760 5724 5777 5766 5737 5764 5729 5696 5731 5706 5750 5703 5746 5723 5754 5741 5748 5713 5740 5772 5736 5735 5753 5698 5708 5728 5774 5733 5769 5714 5778 5744 5759 5765 5700 5762 5716 5776 5726 5775 5730 5749 5702 5768 5705 5745 5718 5742 5734 5780 5719 5763 5720 5715 5699 5755 5704
1167 1131 1157 1162 1171 1168 1142 1120 1180 1177 1153 1132 1149 1148 1135 1161 1119 1121 1127 1122 1183 1111 1181 1117 1137 1166 1189 1107 1170 1134 1187 1176 1147 1174 1139 1106 1141 1116 1160 1113 1156 1133 1164 1151 1158 1123 1150 1182 1146 1145 1163 1108 1118 1138 1184 1143 1179 1124 1188 1154 1169 1175 1110 1172 1126 1186 1136 1185 1140 1159 1112 1178 1115 1155 1128 1152 1144 1190 1129 1173 1130 1125 1109 1165 1114
4567 4531 4557 4562 4571 4568 4542 4520 4580 4577 4553 4532 4549 4548 4535 4561 4519 4521 4527 4522 4583 4511 4581 4517 4537 4566 4589 4507 4570 4534 4587 4576 4547 4574 4539 4506 4541 4516 4560 4513 4556 4533 4564 4551 4558 4523 4550 4582 4546 4545 4563 4508 4518 4538 4584 4543 4579 4524 4588 4554 4569 4575 4510 4572 4526 4586 4536 4585 4540 4559 4512 4578 4515 4555 4528 4552 4544 4590 4529 4573 4530 4525 4509 4565 4514
3972 3936 3962 3967 3976 3973 3947 3925 3985 3982 3958 3937 3954 3953 3940 3966 3924 3926 3932 3927 3988 3916 3986 3922 3942 3971 3994 3912 3975 3939 3992 3981 3952 3979 3944 3911 3946 3921 3965 3918 3961 3938 3969 3956 3963 3928 3955 3987 3951 3950 3968 3913 3923 3943 3989 3948 3984 3929 3993 3959 3974 3980 3915 3977 3931 3991 3941 3990 3945 3964 3917 3983 3920 3960 3933 3957 3949 3995 3934 3978 3935 3930 3914 3970 3919
5927 5891 5917 5922 5931 5928 5902 5880 5940 5937 5913 5892 5909 5908 5895 5921 5879 5881 5887 5882 5943 5871 5941 5877 5897 5926 5949 5867 5930 5894 5947 5936 5907 5934 5899 5866 5901 5876 5920 5873 5916 5893 5924 5911 5918 5883 5910 5942 5906 5905 5923 5868 5878 5898 5944 5903 5939 5884 5948 5914 5929 5935 5870 5932 5886 5946 5896 5945 5900 5919 5872 5938 5875 5915 5888 5912 5904 5950 5889 5933 5890 5885 5869 5925 5874
3377 3341 3367 3372 3381 3378 3352 3330 3390 3387 3363 3342 3359 3358 3345 3371 3329 3331 3337 3332 3393 3321 3391 3327 3347 3376 3399 3317 3380 3344 3397 3386 3357 3384 3349 3316 3351 3326 3370 3323 3366 3343 3374 3361 3368 3333 3360 3392 3356 3355 3373 3318 3328 3348 3394 3353 3389 3334 3398 3364 3379 3385 3320 3382 3336 3396 3346 3395 3350 3369 3322 3388 3325 3365 3338 3362 3354 3400 3339 3383 3340 3335 3319 3375 3324
5502 5466 5492 5497 5506 5503 5477 5455 5515 5512 5488 5467 5484 5483 5470 5496 5454 5456 5462 5457 5518 5446 5516 5452 5472 5501 5524 5442 5505 5469 5522 5511 5482 5509 5474 5441 5476 5451 5495 5448 5491 5468 5499 5486 5493 5458 5485 5517 5481 5480 5498 5443 5453 5473 5519 5478 5514 5459 5523 5489 5504 5510 5445 5507 5461 5521 5471 5520 5475 5494 5447 5513 5450 5490 5463 5487 5479 5525 5464 5508 5465 5460 5444 5500 5449
4822 4786 4812 4817 4826 4823 4797 4775 4835 4832 4808 4787 4804 4803 4790 4816 4774 4776 4782 4777 4838 4766 4836 4772 4792 4821 4844 4762 4825 4789 4842 4831 4802 4829 4794 4761 4796 4771 4815 4768 4811 4788 4819 4806 4813 4778 4805 4837 4801 4800 4818 4763 4773 4793 4839 4798 4834 4779 4843 4809 4824 4830 4765 4827 4781 4841 4791 4840 4795 4814 4767 4833 4770 4810 4783 4807 4799 4845 4784 4828 4785 4780 4764 4820 4769
4057 4021 4047 4052 4061 4058 4032 4010 4070 4067 4043 4022 4039 4038 4025 4051 4009 4011 4017 4012 4073 4001 4071 4007 4027 4056 4079 3997 4060 4024 4077 4066 4037 4064 4029 3996 4031 4006 4050 4003 4046 4023 4054 4041 4048 4013 4040 4072 4036 4035 4053 3998 4008 4028 4074 4033 4069 4014 4078 4044 4059 4065 4000 4062 4016 4076 4026 4075 4030 4049 4002 4068 4005 4045 4018 4042 4034 4080 4019 4063 4020 4015 3999 4055 4004
487 451 477 482 491 488 462 440 500 497 473 452 469 468 455 481 439 441 447 442 503 431 501 437 457 486 509 427 490 454 507 496 467 494 459 426 461 436 480 433 476 453 484 471 478 443 470 502 466 465 483 428 438 458 504 463 499 444 508 474 489 495 430 492 446 506 456 505 460 479 432 498 435 475 448 472 464 510 449 493 450 445 429 485 434
1337 1301 1327 1332 1341 1338 1312 1290 1350 1347 1323 1302 1319 1318 1305 1331 1289 1291 1297 1292 1353 1281 1351 1287 1307 1336 1359 1277 1340 1304 1357 1346 1317 1344 1309 1276 1311 1286 1330 1283 1326 1303 1334 1321 1328 1293 1320 1352 1316 1315 1333 1278 1288 1308 1354 1313 1349 1294 1358 1324 1339 1345 1280 1342 1296 1356 1306 1355 1310 1329 1282 1348 1285 1325 1298 1322 1314 1360 1299 1343 1300 1295 1279 1335 1284
4482 4446 4472 4477 4486 4483 4457 4435 4495 4492 4468 4447 4464 4463 4450 4476 4434 4436 4442 4437 4498 4426 4496 4432 4452 4481 4504 4422 4485 4449 4502 4491 4462 4489 4454 4421 4456 4431 4475 4428 4471 4448 4479 4466 4473 4438 4465 4497 4461 4460 4478 4423 4433 4453 4499 4458 4494 4439 4503 4469 4484 4490 4425 4487 4441 4501 4451 4500 4455 4474 4427 4493 4430 4470 4443 4467 4459 4505 4444 4488 4445 4440 4424 4480 4429
4312 4276 4302 4307 4316 4313 4287 4265 4325 4322 4298 4277 4294 4293 4280 4306 4264 4266 4272 4267 4328 4256 4326 4262 4282 4311 4334 4252 4315 4279 4332 4321 4292 4319 4284 4251 4286 4261 4305 4258 4301 4278 4309 4296 4303 4268 4295 4327 4291 4290 4308 4253 4263 4283 4329 4288 4324 4269 4333 4299 4314 4320 4255 4317 4271 4331 4281 4330 4285 4304 4257 4323 4260 4300 4273 4297 4289 4335 4274 4318 4275 4270 4254 4310 4259
4737 4701 4727 4732 4741 4738 4712 4690 4750 4747 4723 4702 4719 4718 4705 4731 4689 4691 4697 4692 4753 4681 4751 4687 4707 4736 4759 4677 4740 4704 4757 4746 4717 4744 4709 4676 4711 4686 4730 4683 4726 4703 4734 4721 4728 4693 4720 4752 4716 4715 4733 4678 4688 4708 4754 4713 4749 4694 4758 4724 4739 4745 4680 4742 4696 4756 4706 4755 4710 4729 4682 4748 4685 4725 4698 4722 4714 4760 4699 4743 4700 4695 4679 4735 4684
4397 4361 4387 4392 4401 4398 4372 4350 4410 4407 4383 4362 4379 4378 4365 4391 4349 4351 4357 4352 4413 4341 4411 4347 4367 4396 4419 4337 4400 4364 4417 4406 4377 4404 4369 4336 4371 4346 4390 4343 4386 4363 4394 4381 4388 4353 4380 4412 4376 4375 4393 4338 4348 4368 4414 4373 4409 4354 4418 4384 4399 4405 4340 4402 4356 4416 4366 4415 4370 4389 4342 4408 4345 4385 4358 4382 4374 4420 4359 4403 4360 4355 4339 4395 4344
912 876 902 907 916 913 887 865 925 922 898 877 894 893 880 906 864 866 872 867 928 856 926 862 882 911 934 852 915 879 932 921 892 919 884 851 886 861 905 858 901 878 909 896 903 868 895 927 891 890 908 853 863 883 929 888 924 869 933 899 914 920 855 917 871 931 881 930 885 904 857 923 860 900 873 897 889 935 874 918 875 870 854 910 859
3547 3511 3537 3542 3551 3548 3522 3500 3560 3557 3533 3512 3529 3528 3515 3541 3499 3501 3507 3502 3563 3491 3561 3497 3517 3546 3569 3487 3550 3514 3567 3556 3527 3554 3519 3486 3521 3496 3540 3493 3536 3513 3544 3531 3538 3503 3530 3562 3526 3525 3543 3488 3498 3518 3564 3523 3559 3504 3568 3534 3549 3555 3490 3552 3506 3566 3516 3565 3520 3539 3492 3558 3495 3535 3508 3532 3524 3570 3509 3553 3510 3505 3489 3545 3494
3292 3256 3282 3287 3296 3293 3267 3245 3305 3302 3278 3257 3274 3273 3260 3286 3244 3246 3252 3247 3308 3236 3306 3242 3262 3291 3314 3232 3295 3259 3312 3301 3272 3299 3264 3231 3266 3241 3285 3238 3281 3258 3289 3276 3283 3248 3275 3307 3271 3270 3288 3233 3243 3263 3309 3268 3304 3249 3313 3279 3294 3300 3235 3297 3251 3311 3261 3310 3265 3284 3237 3303 3240 3280 3253 3277 3269 3315 3254 3298 3255 3250 3234 3290 3239
4907 4871 4897 4902 4911 4908 4882 4860 4920 4917 4893 4872 4889 4888 4875 4901 4859 4861 4867 4862 4923 4851 4921 4857 4877 4906 4929 4847 4910 4874 4927 4916 4887 4914 4879 4846 4881 4856 4900 4853 4896 4873 4904 4891 4898 4863 4890 4922 4886 4885 4903 4848 4858 4878 4924 4883 4919 4864 4928 4894 4909 4915 4850 4912 4866 4926 4876 4925 4880 4899 4852 4918 4855 4895 4868 4892 4884 4930 4869 4913 4870 4865 4849 4905 4854
