91 75
1671 1715 1675 1706 1704 1684 1722 1670 1721 1661 1667 1680 1679 1697 1710 1716 1711 1709 1669 1682 1655 1702 1712 1658 1692 1708 1683 1659 1676 1678 1698 1672 1714 1656 1663 1691 1700 1718 1689 1685 1674 1705 1717 1653 1662 1652 1666 1651 1713 1681 1696 1701 1687 1665 1677 1688 1703 1693 1707 1694 1657 1660 1725 1720 1690 1654 1719 1724 1668 1695 1686 1723 1664 1673 1699
4971 5015 4975 5006 5004 4984 5022 4970 5021 4961 4967 4980 4979 4997 5010 5016 5011 5009 4969 4982 4955 5002 5012 4958 4992 5008 4983 4959 4976 4978 4998 4972 5014 4956 4963 4991 5000 5018 4989 4985 4974 5005 5017 4953 4962 4952 4966 4951 5013 4981 4996 5001 4987 4965 4977 4988 5003 4993 5007 4994 4957 4960 5025 5020 4990 4954 5019 5024 4968 4995 4986 5023 4964 4973 4999
171 215 175 206 204 184 222 170 221 161 167 180 179 197 210 216 211 209 169 182 155 202 212 158 192 208 183 159 176 178 198 172 214 156 163 191 200 218 189 185 174 205 217 153 162 152 166 151 213 181 196 201 187 165 177 188 203 193 207 194 157 160 225 220 190 154 219 224 168 195 186 223 164 173 199
3696 3740 3700 3731 3729 3709 3747 3695 3746 3686 3692 3705 3704 3722 3735 3741 3736 3734 3694 3707 3680 3727 3737 3683 3717 3733 3708 3684 3701 3703 3723 3697 3739 3681 3688 3716 3725 3743 3714 3710 3699 3730 3742 3678 3687 3677 3691 3676 3738 3706 3721 3726 3712 3690 3702 3713 3728 3718 3732 3719 3682 3685 3750 3745 3715 3679 3744 3749 3693 3720 3711 3748 3689 3698 3724
2121 2165 2125 2156 2154 2134 2172 2120 2171 2111 2117 2130 2129 2147 2160 2166 2161 2159 2119 2132 2105 2152 2162 2108 2142 2158 2133 2109 2126 2128 2148 2122 2164 2106 2113 2141 2150 2168 2139 2135 2124 2155 2167 2103 2112 2102 2116 2101 2163 2131 2146 2151 2137 2115 2127 2138 2153 2143 2157 2144 2107 2110 2175 2170 2140 2104 2169 2174 2118 2145 2136 2173 2114 2123 2149
1596 1640 1600 1631 1629 1609 1647 1595 1646 1586 1592 1605 1604 1622 1635 1641 1636 1634 1594 1607 1580 1627 1637 1583 1617 1633 1608 1584 1601 1603 1623 1597 1639 1581 1588 1616 1625 1643 1614 1610 1599 1630 1642 1578 1587 1577 1591 1576 1638 1606 1621 1626 1612 1590 1602 1613 1628 1618 1632 1619 1582 1585 1650 1645 1615 1579 1644 1649 1593 1620 1611 1648 1589 1598 1624
6246 6290 6250 6281 6279 6259 6297 6245 6296 6236 6242 6255 6254 6272 6285 6291 6286 6284 6244 6257 6230 6277 6287 6233 6267 6283 6258 6234 6251 6253 6273 6247 6289 6231 6238 6266 6275 6293 6264 6260 6249 6280 6292 6228 6237 6227 6241 6226 6288 6256 6271 6276 6262 6240 6252 6263 6278 6268 6282 6269 6232 6235 6300 6295 6265 6229 6294 6299 6243 6270 6261 6298 6239 6248 6274
6021 6065 6025 6056 6054 6034 6072 6020 6071 6011 6017 6030 6029 6047 6060 6066 6061 6059 6019 6032 6005 6052 6062 6008 6042 6058 6033 6009 6026 6028 6048 6022 6064 6006 6013 6041 6050 6068 6039 6035 6024 6055 6067 6003 6012 6002 6016 6001 6063 6031 6046 6051 6037 6015 6027 6038 6053 6043 6057 6044 6007 6010 6075 6070 6040 6004 6069 6074 6018 6045 6036 6073 6014 6023 6049
246 290 250 281 279 259 297 245 296 236 242 255 254 272 285 291 286 284 244 257 230 277 287 233 267 283 258 234 251 253 273 247 289 231 238 266 275 293 264 260 249 280 292 228 237 227 241 226 288 256 271 276 262 240 252 263 278 268 282 269 232 235 300 295 265 229 294 299 243 270 261 298 239 248 274
2871 2915 2875 2906 2904 2884 2922 2870 2921 2861 2867 2880 2879 2897 2910 2916 2911 2909 2869 2882 2855 2902 2912 2858 2892 2908 2883 2859 2876 2878 2898 2872 2914 2856 2863 2891 2900 2918 2889 2885 2874 2905 2917 2853 2862 2852 2866 2851 2913 2881 2896 2901 2887 2865 2877 2888 2903 2893 2907 2894 2857 2860 2925 2920 2890 2854 2919 2924 2868 2895 2886 2923 2864 2873 2899
471 515 475 506 504 484 522 470 521 461 467 480 479 497 510 516 511 509 469 482 455 502 512 458 492 508 483 459 476 478 498 472 514 456 463 491 500 518 489 485 474 505 517 453 462 452 466 451 513 481 496 501 487 465 477 488 503 493 507 494 457 460 525 520 490 454 519 524 468 495 486 523 464 473 499
4296 4340 4300 4331 4329 4309 4347 4295 4346 4286 4292 4305 4304 4322 4335 4341 4336 4334 4294 4307 4280 4327 4337 4283 4317 4333 4308 4284 4301 4303 4323 4297 4339 4281 4288 4316 4325 4343 4314 4310 4299 4330 4342 4278 4287 4277 4291 4276 4338 4306 4321 4326 4312 4290 4302 4313 4328 4318 4332 4319 4282 4285 4350 4345 4315 4279 4344 4349 4293 4320 4311 4348 4289 4298 4324
2496 2540 2500 2531 2529 2509 2547 2495 2546 2486 2492 2505 2504 2522 2535 2541 2536 2534 2494 2507 2480 2527 2537 2483 2517 2533 2508 2484 2501 2503 2523 2497 2539 2481 2488 2516 2525 2543 2514 2510 2499 2530 2542 2478 2487 2477 2491 2476 2538 2506 2521 2526 2512 2490 2502 2513 2528 2518 2532 2519 2482 2485 2550 2545 2515 2479 2544 2549 2493 2520 2511 2548 2489 2498 2524
6471 6515 6475 6506 6504 6484 6522 6470 6521 6461 6467 6480 6479 6497 6510 6516 6511 6509 6469 6482 6455 6502 6512 6458 6492 6508 6483 6459 6476 6478 6498 6472 6514 6456 6463 6491 6500 6518 6489 6485 6474 6505 6517 6453 6462 6452 6466 6451 6513 6481 6496 6501 6487 6465 6477 6488 6503 6493 6507 6494 6457 6460 6525 6520 6490 6454 6519 6524 6468 6495 6486 6523 6464 6473 6499
3846 3890 3850 3881 3879 3859 3897 3845 3896 3836 3842 3855 3854 3872 3885 3891 3886 3884 3844 3857 3830 3877 3887 3833 3867 3883 3858 3834 3851 3853 3873 3847 3889 3831 3838 3866 3875 3893 3864 3860 3849 3880 3892 3828 3837 3827 3841 3826 3888 3856 3871 3876 3862 3840 3852 3863 3878 3868 3882 3869 3832 3835 3900 3895 3865 3829 3894 3899 3843 3870 3861 3898 3839 3848 3874
5421 5465 5425 5456 5454 5434 5472 5420 5471 5411 5417 5430 5429 5447 5460 5466 5461 5459 5419 5432 5405 5452 5462 5408 5442 5458 5433 5409 5426 5428 5448 5422 5464 5406 5413 5441 5450 5468 5439 5435 5424 5455 5467 5403 5412 5402 5416 5401 5463 5431 5446 5451 5437 5415 5427 5438 5453 5443 5457 5444 5407 5410 5475 5470 5440 5404 5469 5474 5418 5445 5436 5473 5414 5423 5449
96 140 100 131 129 109 147 95 146 86 92 105 104 122 135 141 136 134 94 107 80 127 137 83 117 133 108 84 101 103 123 97 139 81 88 116 125 143 114 110 99 130 142 78 87 77 91 76 138 106 121 126 112 90 102 113 128 118 132 119 82 85 150 145 115 79 144 149 93 120 111 148 89 98 124
921 965 925 956 954 934 972 920 971 911 917 930 929 947 960 966 961 959 919 932 905 952 962 908 942 958 933 909 926 928 948 922 964 906 913 941 950 968 939 935 924 955 967 903 912 902 916 901 963 931 946 951 937 915 927 938 953 943 957 944 907 910 975 970 940 904 969 974 918 945 936 973 914 923 949
6321 6365 6325 6356 6354 6334 6372 6320 6371 6311 6317 6330 6329 6347 6360 6366 6361 6359 6319 6332 6305 6352 6362 6308 6342 6358 6333 6309 6326 6328 6348 6322 6364 6306 6313 6341 6350 6368 6339 6335 6324 6355 6367 6303 6312 6302 6316 6301 6363 6331 6346 6351 6337 6315 6327 6338 6353 6343 6357 6344 6307 6310 6375 6370 6340 6304 6369 6374 6318 6345 6336 6373 6314 6323 6349
321 365 325 356 354 334 372 320 371 311 317 330 329 347 360 366 361 359 319 332 305 352 362 308 342 358 333 309 326 328 348 322 364 306 313 341 350 368 339 335 324 355 367 303 312 302 316 301 363 331 346 351 337 315 327 338 353 343 357 344 307 310 375 370 340 304 369 374 318 345 336 373 314 323 349
5871 5915 5875 5906 5904 5884 5922 5870 5921 5861 5867 5880 5879 5897 5910 5916 5911 5909 5869 5882 5855 5902 5912 5858 5892 5908 5883 5859 5876 5878 5898 5872 5914 5856 5863 5891 5900 5918 5889 5885 5874 5905 5917 5853 5862 5852 5866 5851 5913 5881 5896 5901 5887 5865 5877 5888 5903 5893 5907 5894 5857 5860 5925 5920 5890 5854 5919 5924 5868 5895 5886 5923 5864 5873 5899
5271 5315 5275 5306 5304 5284 5322 5270 5321 5261 5267 5280 5279 5297 5310 5316 5311 5309 5269 5282 5255 5302 5312 5258 5292 5308 5283 5259 5276 5278 5298 5272 5314 5256 5263 5291 5300 5318 5289 5285 5274 5305 5317 5253 5262 5252 5266 5251 5313 5281 5296 5301 5287 5265 5277 5288 5303 5293 5307 5294 5257 5260 5325 5320 5290 5254 5319 5324 5268 5295 5286 5323 5264 5273 5299
1446 1490 1450 1481 1479 1459 1497 1445 1496 1436 1442 1455 1454 1472 1485 1491 1486 1484 1444 1457 1430 1477 1487 1433 1467 1483 1458 1434 1451 1453 1473 1447 1489 1431 1438 1466 1475 1493 1464 1460 1449 1480 1492 1428 1437 1427 1441 1426 1488 1456 1471 1476 1462 1440 1452 1463 1478 1468 1482 1469 1432 1435 1500 1495 1465 1429 1494 1499 1443 1470 1461 1498 1439 1448 1474
5946 5990 5950 5981 5979 5959 5997 5945 5996 5936 5942 5955 5954 5972 5985 5991 5986 5984 5944 5957 5930 5977 5987 5933 5967 5983 5958 5934 5951 5953 5973 5947 5989 5931 5938 5966 5975 5993 5964 5960 5949 5980 5992 5928 5937 5927 5941 5926 5988 5956 5971 5976 5962 5940 5952 5963 5978 5968 5982 5969 5932 5935 6000 5995 5965 5929 5994 5999 5943 5970 5961 5998 5939 5948 5974
6546 6590 6550 6581 6579 6559 6597 6545 6596 6536 6542 6555 6554 6572 6585 6591 6586 6584 6544 6557 6530 6577 6587 6533 6567 6583 6558 6534 6551 6553 6573 6547 6589 6531 6538 6566 6575 6593 6564 6560 6549 6580 6592 6528 6537 6527 6541 6526 6588 6556 6571 6576 6562 6540 6552 6563 6578 6568 6582 6569 6532 6535 6600 6595 6565 6529 6594 6599 6543 6570 6561 6598 6539 6548 6574
2646 2690 2650 2681 2679 2659 2697 2645 2696 2636 2642 2655 2654 2672 2685 2691 2686 2684 2644 2657 2630 2677 2687 2633 2667 2683 2658 2634 2651 2653 2673 2647 2689 2631 2638 2666 2675 2693 2664 2660 2649 2680 2692 2628 2637 2627 2641 2626 2688 2656 2671 2676 2662 2640 2652 2663 2678 2668 2682 2669 2632 2635 2700 2695 2665 2629 2694 2699 2643 2670 2661 2698 2639 2648 2674
2346 2390 2350 2381 2379 2359 2397 2345 2396 2336 2342 2355 2354 2372 2385 2391 2386 2384 2344 2357 2330 2377 2387 2333 2367 2383 2358 2334 2351 2353 2373 2347 2389 2331 2338 2366 2375 2393 2364 2360 2349 2380 2392 2328 2337 2327 2341 2326 2388 2356 2371 2376 2362 2340 2352 2363 2378 2368 2382 2369 2332 2335 2400 2395 2365 2329 2394 2399 2343 2370 2361 2398 2339 2348 2374
6696 6740 6700 6731 6729 6709 6747 6695 6746 6686 6692 6705 6704 6722 6735 6741 6736 6734 6694 6707 6680 6727 6737 6683 6717 6733 6708 6684 6701 6703 6723 6697 6739 6681 6688 6716 6725 6743 6714 6710 6699 6730 6742 6678 6687 6677 6691 6676 6738 6706 6721 6726 6712 6690 6702 6713 6728 6718 6732 6719 6682 6685 6750 6745 6715 6679 6744 6749 6693 6720 6711 6748 6689 6698 6724
4671 4715 4675 4706 4704 4684 4722 4670 4721 4661 4667 4680 4679 4697 4710 4716 4711 4709 4669 4682 4655 4702 4712 4658 4692 4708 4683 4659 4676 4678 4698 4672 4714 4656 4663 4691 4700 4718 4689 4685 4674 4705 4717 4653 4662 4652 4666 4651 4713 4681 4696 4701 4687 4665 4677 4688 4703 4693 4707 4694 4657 4660 4725 4720 4690 4654 4719 4724 4668 4695 4686 4723 4664 4673 4699
546 590 550 581 579 559 597 545 596 536 542 555 554 572 585 591 586 584 544 557 530 577 587 533 567 583 558 534 551 553 573 547 589 531 538 566 575 593 564 560 549 580 592 528 537 527 541 526 588 556 571 576 562 540 552 563 578 568 582 569 532 535 600 595 565 529 594 599 543 570 561 598 539 548 574
3921 3965 3925 3956 3954 3934 3972 3920 3971 3911 3917 3930 3929 3947 3960 3966 3961 3959 3919 3932 3905 3952 3962 3908 3942 3958 3933 3909 3926 3928 3948 3922 3964 3906 3913 3941 3950 3968 3939 3935 3924 3955 3967 3903 3912 3902 3916 3901 3963 3931 3946 3951 3937 3915 3927 3938 3953 3943 3957 3944 3907 3910 3975 3970 3940 3904 3969 3974 3918 3945 3936 3973 3914 3923 3949
3471 3515 3475 3506 3504 3484 3522 3470 3521 3461 3467 3480 3479 3497 3510 3516 3511 3509 3469 3482 3455 3502 3512 3458 3492 3508 3483 3459 3476 3478 3498 3472 3514 3456 3463 3491 3500 3518 3489 3485 3474 3505 3517 3453 3462 3452 3466 3451 3513 3481 3496 3501 3487 3465 3477 3488 3503 3493 3507 3494 3457 3460 3525 3520 3490 3454 3519 3524 3468 3495 3486 3523 3464 3473 3499
5496 5540 5500 5531 5529 5509 5547 5495 5546 5486 5492 5505 5504 5522 5535 5541 5536 5534 5494 5507 5480 5527 5537 5483 5517 5533 5508 5484 5501 5503 5523 5497 5539 5481 5488 5516 5525 5543 5514 5510 5499 5530 5542 5478 5487 5477 5491 5476 5538 5506 5521 5526 5512 5490 5502 5513 5528 5518 5532 5519 5482 5485 5550 5545 5515 5479 5544 5549 5493 5520 5511 5548 5489 5498 5524
1521 1565 1525 1556 1554 1534 1572 1520 1571 1511 1517 1530 1529 1547 1560 1566 1561 1559 1519 1532 1505 1552 1562 1508 1542 1558 1533 1509 1526 1528 1548 1522 1564 1506 1513 1541 1550 1568 1539 1535 1524 1555 1567 1503 1512 1502 1516 1501 1563 1531 1546 1551 1537 1515 1527 1538 1553 1543 1557 1544 1507 1510 1575 1570 1540 1504 1569 1574 1518 1545 1536 1573 1514 1523 1549
4071 4115 4075 4106 4104 4084 4122 4070 4121 4061 4067 4080 4079 4097 4110 4116 4111 4109 4069 4082 4055 4102 4112 4058 4092 4108 4083 4059 4076 4078 4098 4072 4114 4056 4063 4091 4100 4118 4089 4085 4074 4105 4117 4053 4062 4052 4066 4051 4113 4081 4096 4101 4087 4065 4077 4088 4103 4093 4107 4094 4057 4060 4125 4120 4090 4054 4119 4124 4068 4095 4086 4123 4064 4073 4099
5196 5240 5200 5231 5229 5209 5247 5195 5246 5186 5192 5205 5204 5222 5235 5241 5236 5234 5194 5207 5180 5227 5237 5183 5217 5233 5208 5184 5201 5203 5223 5197 5239 5181 5188 5216 5225 5243 5214 5210 5199 5230 5242 5178 5187 5177 5191 5176 5238 5206 5221 5226 5212 5190 5202 5213 5228 5218 5232 5219 5182 5185 5250 5245 5215 5179 5244 5249 5193 5220 5211 5248 5189 5198 5224
5721 5765 5725 5756 5754 5734 5772 5720 5771 5711 5717 5730 5729 5747 5760 5766 5761 5759 5719 5732 5705 5752 5762 5708 5742 5758 5733 5709 5726 5728 5748 5722 5764 5706 5713 5741 5750 5768 5739 5735 5724 5755 5767 5703 5712 5702 5716 5701 5763 5731 5746 5751 5737 5715 5727 5738 5753 5743 5757 5744 5707 5710 5775 5770 5740 5704 5769 5774 5718 5745 5736 5773 5714 5723 5749
3621 3665 3625 3656 3654 3634 3672 3620 3671 3611 3617 3630 3629 3647 3660 3666 3661 3659 3619 3632 3605 3652 3662 3608 3642 3658 3633 3609 3626 3628 3648 3622 3664 3606 3613 3641 3650 3668 3639 3635 3624 3655 3667 3603 3612 3602 3616 3601 3663 3631 3646 3651 3637 3615 3627 3638 3653 3643 3657 3644 3607 3610 3675 3670 3640 3604 3669 3674 3618 3645 3636 3673 3614 3623 3649
1221 1265 1225 1256 1254 1234 1272 1220 1271 1211 1217 1230 1229 1247 1260 1266 1261 1259 1219 1232 1205 1252 1262 1208 1242 1258 1233 1209 1226 1228 1248 1222 1264 1206 1213 1241 1250 1268 1239 1235 1224 1255 1267 1203 1212 1202 1216 1201 1263 1231 1246 1251 1237 1215 1227 1238 1253 1243 1257 1244 1207 1210 1275 1270 1240 1204 1269 1274 1218 1245 1236 1273 1214 1223 1249
6621 6665 6625 6656 6654 6634 6672 6620 6671 6611 6617 6630 6629 6647 6660 6666 6661 6659 6619 6632 6605 6652 6662 6608 6642 6658 6633 6609 6626 6628 6648 6622 6664 6606 6613 6641 6650 6668 6639 6635 6624 6655 6667 6603 6612 6602 6616 6601 6663 6631 6646 6651 6637 6615 6627 6638 6653 6643 6657 6644 6607 6610 6675 6670 6640 6604 6669 6674 6618 6645 6636 6673 6614 6623 6649
4521 4565 4525 4556 4554 4534 4572 4520 4571 4511 4517 4530 4529 4547 4560 4566 4561 4559 4519 4532 4505 4552 4562 4508 4542 4558 4533 4509 4526 4528 4548 4522 4564 4506 4513 4541 4550 4568 4539 4535 4524 4555 4567 4503 4512 4502 4516 4501 4563 4531 4546 4551 4537 4515 4527 4538 4553 4543 4557 4544 4507 4510 4575 4570 4540 4504 4569 4574 4518 4545 4536 4573 4514 4523 4549
6396 6440 6400 6431 6429 6409 6447 6395 6446 6386 6392 6405 6404 6422 6435 6441 6436 6434 6394 6407 6380 6427 6437 6383 6417 6433 6408 6384 6401 6403 6423 6397 6439 6381 6388 6416 6425 6443 6414 6410 6399 6430 6442 6378 6387 6377 6391 6376 6438 6406 6421 6426 6412 6390 6402 6413 6428 6418 6432 6419 6382 6385 6450 6445 6415 6379 6444 6449 6393 6420 6411 6448 6389 6398 6424
5346 5390 5350 5381 5379 5359 5397 5345 5396 5336 5342 5355 5354 5372 5385 5391 5386 5384 5344 5357 5330 5377 5387 5333 5367 5383 5358 5334 5351 5353 5373 5347 5389 5331 5338 5366 5375 5393 5364 5360 5349 5380 5392 5328 5337 5327 5341 5326 5388 5356 5371 5376 5362 5340 5352 5363 5378 5368 5382 5369 5332 5335 5400 5395 5365 5329 5394 5399 5343 5370 5361 5398 5339 5348 5374
2271 2315 2275 2306 2304 2284 2322 2270 2321 2261 2267 2280 2279 2297 2310 2316 2311 2309 2269 2282 2255 2302 2312 2258 2292 2308 2283 2259 2276 2278 2298 2272 2314 2256 2263 2291 2300 2318 2289 2285 2274 2305 2317 2253 2262 2252 2266 2251 2313 2281 2296 2301 2287 2265 2277 2288 2303 2293 2307 2294 2257 2260 2325 2320 2290 2254 2319 2324 2268 2295 2286 2323 2264 2273 2299
3321 3365 3325 3356 3354 3334 3372 3320 3371 3311 3317 3330 3329 3347 3360 3366 3361 3359 3319 3332 3305 3352 3362 3308 3342 3358 3333 3309 3326 3328 3348 3322 3364 3306 3313 3341 3350 3368 3339 3335 3324 3355 3367 3303 3312 3302 3316 3301 3363 3331 3346 3351 3337 3315 3327 3338 3353 3343 3357 3344 3307 3310 3375 3370 3340 3304 3369 3374 3318 3345 3336 3373 3314 3323 3349
1971 2015 1975 2006 2004 1984 2022 1970 2021 1961 1967 1980 1979 1997 2010 2016 2011 2009 1969 1982 1955 2002 2012 1958 1992 2008 1983 1959 1976 1978 1998 1972 2014 1956 1963 1991 2000 2018 1989 1985 1974 2005 2017 1953 1962 1952 1966 1951 2013 1981 1996 2001 1987 1965 1977 1988 2003 1993 2007 1994 1957 1960 2025 2020 1990 1954 2019 2024 1968 1995 1986 2023 1964 1973 1999
1371 1415 1375 1406 1404 1384 1422 1370 1421 1361 1367 1380 1379 1397 1410 1416 1411 1409 1369 1382 1355 1402 1412 1358 1392 1408 1383 1359 1376 1378 1398 1372 1414 1356 1363 1391 1400 1418 1389 1385 1374 1405 1417 1353 1362 1352 1366 1351 1413 1381 1396 1401 1387 1365 1377 1388 1403 1393 1407 1394 1357 1360 1425 1420 1390 1354 1419 1424 1368 1395 1386 1423 1364 1373 1399
4896 4940 4900 4931 4929 4909 4947 4895 4946 4886 4892 4905 4904 4922 4935 4941 4936 4934 4894 4907 4880 4927 4937 4883 4917 4933 4908 4884 4901 4903 4923 4897 4939 4881 4888 4916 4925 4943 4914 4910 4899 4930 4942 4878 4887 4877 4891 4876 4938 4906 4921 4926 4912 4890 4902 4913 4928 4918 4932 4919 4882 4885 4950 4945 4915 4879 4944 4949 4893 4920 4911 4948 4889 4898 4924
2046 2090 2050 2081 2079 2059 2097 2045 2096 2036 2042 2055 2054 2072 2085 2091 2086 2084 2044 2057 2030 2077 2087 2033 2067 2083 2058 2034 2051 2053 2073 2047 2089 2031 2038 2066 2075 2093 2064 2060 2049 2080 2092 2028 2037 2027 2041 2026 2088 2056 2071 2076 2062 2040 2052 2063 2078 2068 2082 2069 2032 2035 2100 2095 2065 2029 2094 2099 2043 2070 2061 2098 2039 2048 2074
3096 3140 3100 3131 3129 3109 3147 3095 3146 3086 3092 3105 3104 3122 3135 3141 3136 3134 3094 3107 3080 3127 3137 3083 3117 3133 3108 3084 3101 3103 3123 3097 3139 3081 3088 3116 3125 3143 3114 3110 3099 3130 3142 3078 3087 3077 3091 3076 3138 3106 3121 3126 3112 3090 3102 3113 3128 3118 3132 3119 3082 3085 3150 3145 3115 3079 3144 3149 3093 3120 3111 3148 3089 3098 3124
6171 6215 6175 6206 6204 6184 6222 6170 6221 6161 6167 6180 6179 6197 6210 6216 6211 6209 6169 6182 6155 6202 6212 6158 6192 6208 6183 6159 6176 6178 6198 6172 6214 6156 6163 6191 6200 6218 6189 6185 6174 6205 6217 6153 6162 6152 6166 6151 6213 6181 6196 6201 6187 6165 6177 6188 6203 6193 6207 6194 6157 6160 6225 6220 6190 6154 6219 6224 6168 6195 6186 6223 6164 6173 6199
6771 6815 6775 6806 6804 6784 6822 6770 6821 6761 6767 6780 6779 6797 6810 6816 6811 6809 6769 6782 6755 6802 6812 6758 6792 6808 6783 6759 6776 6778 6798 6772 6814 6756 6763 6791 6800 6818 6789 6785 6774 6805 6817 6753 6762 6752 6766 6751 6813 6781 6796 6801 6787 6765 6777 6788 6803 6793 6807 6794 6757 6760 6825 6820 6790 6754 6819 6824 6768 6795 6786 6823 6764 6773 6799
4446 4490 4450 4481 4479 4459 4497 4445 4496 4436 4442 4455 4454 4472 4485 4491 4486 4484 4444 4457 4430 4477 4487 4433 4467 4483 4458 4434 4451 4453 4473 4447 4489 4431 4438 4466 4475 4493 4464 4460 4449 4480 4492 4428 4437 4427 4441 4426 4488 4456 4471 4476 4462 4440 4452 4463 4478 4468 4482 4469 4432 4435 4500 4495 4465 4429 4494 4499 4443 4470 4461 4498 4439 4448 4474
621 665 625 656 654 634 672 620 671 611 617 630 629 647 660 666 661 659 619 632 605 652 662 608 642 658 633 609 626 628 648 622 664 606 613 641 650 668 639 635 624 655 667 603 612 602 616 601 663 631 646 651 637 615 627 638 653 643 657 644 607 610 675 670 640 604 669 674 618 645 636 673 614 623 649
6096 6140 6100 6131 6129 6109 6147 6095 6146 6086 6092 6105 6104 6122 6135 6141 6136 6134 6094 6107 6080 6127 6137 6083 6117 6133 6108 6084 6101 6103 6123 6097 6139 6081 6088 6116 6125 6143 6114 6110 6099 6130 6142 6078 6087 6077 6091 6076 6138 6106 6121 6126 6112 6090 6102 6113 6128 6118 6132 6119 6082 6085 6150 6145 6115 6079 6144 6149 6093 6120 6111 6148 6089 6098 6124
5646 5690 5650 5681 5679 5659 5697 5645 5696 5636 5642 5655 5654 5672 5685 5691 5686 5684 5644 5657 5630 5677 5687 5633 5667 5683 5658 5634 5651 5653 5673 5647 5689 5631 5638 5666 5675 5693 5664 5660 5649 5680 5692 5628 5637 5627 5641 5626 5688 5656 5671 5676 5662 5640 5652 5663 5678 5668 5682 5669 5632 5635 5700 5695 5665 5629 5694 5699 5643 5670 5661 5698 5639 5648 5674
5796 5840 5800 5831 5829 5809 5847 5795 5846 5786 5792 5805 5804 5822 5835 5841 5836 5834 5794 5807 5780 5827 5837 5783 5817 5833 5808 5784 5801 5803 5823 5797 5839 5781 5788 5816 5825 5843 5814 5810 5799 5830 5842 5778 5787 5777 5791 5776 5838 5806 5821 5826 5812 5790 5802 5813 5828 5818 5832 5819 5782 5785 5850 5845 5815 5779 5844 5849 5793 5820 5811 5848 5789 5798 5824
4596 4640 4600 4631 4629 4609 4647 4595 4646 4586 4592 4605 4604 4622 4635 4641 4636 4634 4594 4607 4580 4627 4637 4583 4617 4633 4608 4584 4601 4603 4623 4597 4639 4581 4588 4616 4625 4643 4614 4610 4599 4630 4642 4578 4587 4577 4591 4576 4638 4606 4621 4626 4612 4590 4602 4613 4628 4618 4632 4619 4582 4585 4650 4645 4615 4579 4644 4649 4593 4620 4611 4648 4589 4598 4624
4746 4790 4750 4781 4779 4759 4797 4745 4796 4736 4742 4755 4754 4772 4785 4791 4786 4784 4744 4757 4730 4777 4787 4733 4767 4783 4758 4734 4751 4753 4773 4747 4789 4731 4738 4766 4775 4793 4764 4760 4749 4780 4792 4728 4737 4727 4741 4726 4788 4756 4771 4776 4762 4740 4752 4763 4778 4768 4782 4769 4732 4735 4800 4795 4765 4729 4794 4799 4743 4770 4761 4798 4739 4748 4774
2946 2990 2950 2981 2979 2959 2997 2945 2996 2936 2942 2955 2954 2972 2985 2991 2986 2984 2944 2957 2930 2977 2987 2933 2967 2983 2958 2934 2951 2953 2973 2947 2989 2931 2938 2966 2975 2993 2964 2960 2949 2980 2992 2928 2937 2927 2941 2926 2988 2956 2971 2976 2962 2940 2952 2963 2978 2968 2982 2969 2932 2935 3000 2995 2965 2929 2994 2999 2943 2970 2961 2998 2939 2948 2974
2571 2615 2575 2606 2604 2584 2622 2570 2621 2561 2567 2580 2579 2597 2610 2616 2611 2609 2569 2582 2555 2602 2612 2558 2592 2608 2583 2559 2576 2578 2598 2572 2614 2556 2563 2591 2600 2618 2589 2585 2574 2605 2617 2553 2562 2552 2566 2551 2613 2581 2596 2601 2587 2565 2577 2588 2603 2593 2607 2594 2557 2560 2625 2620 2590 2554 2619 2624 2568 2595 2586 2623 2564 2573 2599
4371 4415 4375 4406 4404 4384 4422 4370 4421 4361 4367 4380 4379 4397 4410 4416 4411 4409 4369 4382 4355 4402 4412 4358 4392 4408 4383 4359 4376 4378 4398 4372 4414 4356 4363 4391 4400 4418 4389 4385 4374 4405 4417 4353 4362 4352 4366 4351 4413 4381 4396 4401 4387 4365 4377 4388 4403 4393 4407 4394 4357 4360 4425 4420 4390 4354 4419 4424 4368 4395 4386 4423 4364 4373 4399
2796 2840 2800 2831 2829 2809 2847 2795 2846 2786 2792 2805 2804 2822 2835 2841 2836 2834 2794 2807 2780 2827 2837 2783 2817 2833 2808 2784 2801 2803 2823 2797 2839 2781 2788 2816 2825 2843 2814 2810 2799 2830 2842 2778 2787 2777 2791 2776 2838 2806 2821 2826 2812 2790 2802 2813 2828 2818 2832 2819 2782 2785 2850 2845 2815 2779 2844 2849 2793 2820 2811 2848 2789 2798 2824
5571 5615 5575 5606 5604 5584 5622 5570 5621 5561 5567 5580 5579 5597 5610 5616 5611 5609 5569 5582 5555 5602 5612 5558 5592 5608 5583 5559 5576 5578 5598 5572 5614 5556 5563 5591 5600 5618 5589 5585 5574 5605 5617 5553 5562 5552 5566 5551 5613 5581 5596 5601 5587 5565 5577 5588 5603 5593 5607 5594 5557 5560 5625 5620 5590 5554 5619 5624 5568 5595 5586 5623 5564 5573 5599
4221 4265 4225 4256 4254 4234 4272 4220 4271 4211 4217 4230 4229 4247 4260 4266 4261 4259 4219 4232 4205 4252 4262 4208 4242 4258 4233 4209 4226 4228 4248 4222 4264 4206 4213 4241 4250 4268 4239 4235 4224 4255 4267 4203 4212 4202 4216 4201 4263 4231 4246 4251 4237 4215 4227 4238 4253 4243 4257 4244 4207 4210 4275 4270 4240 4204 4269 4274 4218 4245 4236 4273 4214 4223 4249
3996 4040 4000 4031 4029 4009 4047 3995 4046 3986 3992 4005 4004 4022 4035 4041 4036 4034 3994 4007 3980 4027 4037 3983 4017 4033 4008 3984 4001 4003 4023 3997 4039 3981 3988 4016 4025 4043 4014 4010 3999 4030 4042 3978 3987 3977 3991 3976 4038 4006 4021 4026 4012 3990 4002 4013 4028 4018 4032 4019 3982 3985 4050 4045 4015 3979 4044 4049 3993 4020 4011 4048 3989 3998 4024
771 815 775 806 804 784 822 770 821 761 767 780 779 797 810 816 811 809 769 782 755 802 812 758 792 808 783 759 776 778 798 772 814 756 763 791 800 818 789 785 774 805 817 753 762 752 766 751 813 781 796 801 787 765 777 788 803 793 807 794 757 760 825 820 790 754 819 824 768 795 786 823 764 773 799
996 1040 1000 1031 1029 1009 1047 995 1046 986 992 1005 1004 1022 1035 1041 1036 1034 994 1007 980 1027 1037 983 1017 1033 1008 984 1001 1003 1023 997 1039 981 988 1016 1025 1043 1014 1010 999 1030 1042 978 987 977 991 976 1038 1006 1021 1026 1012 990 1002 1013 1028 1018 1032 1019 982 985 1050 1045 1015 979 1044 1049 993 1020 1011 1048 989 998 1024
1146 1190 1150 1181 1179 1159 1197 1145 1196 1136 1142 1155 1154 1172 1185 1191 1186 1184 1144 1157 1130 1177 1187 1133 1167 1183 1158 1134 1151 1153 1173 1147 1189 1131 1138 1166 1175 1193 1164 1160 1149 1180 1192 1128 1137 1127 1141 1126 1188 1156 1171 1176 1162 1140 1152 1163 1178 1168 1182 1169 1132 1135 1200 1195 1165 1129 1194 1199 1143 1170 1161 1198 1139 1148 1174
4146 4190 4150 4181 4179 4159 4197 4145 4196 4136 4142 4155 4154 4172 4185 4191 4186 4184 4144 4157 4130 4177 4187 4133 4167 4183 4158 4134 4151 4153 4173 4147 4189 4131 4138 4166 4175 4193 4164 4160 4149 4180 4192 4128 4137 4127 4141 4126 4188 4156 4171 4176 4162 4140 4152 4163 4178 4168 4182 4169 4132 4135 4200 4195 4165 4129 4194 4199 4143 4170 4161 4198 4139 4148 4174
3771 3815 3775 3806 3804 3784 3822 3770 3821 3761 3767 3780 3779 3797 3810 3816 3811 3809 3769 3782 3755 3802 3812 3758 3792 3808 3783 3759 3776 3778 3798 3772 3814 3756 3763 3791 3800 3818 3789 3785 3774 3805 3817 3753 3762 3752 3766 3751 3813 3781 3796 3801 3787 3765 3777 3788 3803 3793 3807 3794 3757 3760 3825 3820 3790 3754 3819 3824 3768 3795 3786 3823 3764 3773 3799
21 65 25 56 54 34 72 20 71 11 17 30 29 47 60 66 61 59 19 32 5 52 62 8 42 58 33 9 26 28 48 22 64 6 13 41 50 68 39 35 24 55 67 3 12 2 16 1 63 31 46 51 37 15 27 38 53 43 57 44 7 10 75 70 40 4 69 74 18 45 36 73 14 23 49
1821 1865 1825 1856 1854 1834 1872 1820 1871 1811 1817 1830 1829 1847 1860 1866 1861 1859 1819 1832 1805 1852 1862 1808 1842 1858 1833 1809 1826 1828 1848 1822 1864 1806 1813 1841 1850 1868 1839 1835 1824 1855 1867 1803 1812 1802 1816 1801 1863 1831 1846 1851 1837 1815 1827 1838 1853 1843 1857 1844 1807 1810 1875 1870 1840 1804 1869 1874 1818 1845 1836 1873 1814 1823 1849
4821 4865 4825 4856 4854 4834 4872 4820 4871 4811 4817 4830 4829 4847 4860 4866 4861 4859 4819 4832 4805 4852 4862 4808 4842 4858 4833 4809 4826 4828 4848 4822 4864 4806 4813 4841 4850 4868 4839 4835 4824 4855 4867 4803 4812 4802 4816 4801 4863 4831 4846 4851 4837 4815 4827 4838 4853 4843 4857 4844 4807 4810 4875 4870 4840 4804 4869 4874 4818 4845 4836 4873 4814 4823 4849
3396 3440 3400 3431 3429 3409 3447 3395 3446 3386 3392 3405 3404 3422 3435 3441 3436 3434 3394 3407 3380 3427 3437 3383 3417 3433 3408 3384 3401 3403 3423 3397 3439 3381 3388 3416 3425 3443 3414 3410 3399 3430 3442 3378 3387 3377 3391 3376 3438 3406 3421 3426 3412 3390 3402 3413 3428 3418 3432 3419 3382 3385 3450 3445 3415 3379 3444 3449 3393 3420 3411 3448 3389 3398 3424
1071 1115 1075 1106 1104 1084 1122 1070 1121 1061 1067 1080 1079 1097 1110 1116 1111 1109 1069 1082 1055 1102 1112 1058 1092 1108 1083 1059 1076 1078 1098 1072 1114 1056 1063 1091 1100 1118 1089 1085 1074 1105 1117 1053 1062 1052 1066 1051 1113 1081 1096 1101 1087 1065 1077 1088 1103 1093 1107 1094 1057 1060 1125 1120 1090 1054 1119 1124 1068 1095 1086 1123 1064 1073 1099
396 440 400 431 429 409 447 395 446 386 392 405 404 422 435 441 436 434 394 407 380 427 437 383 417 433 408 384 401 403 423 397 439 381 388 416 425 443 414 410 399 430 442 378 387 377 391 376 438 406 421 426 412 390 402 413 428 418 432 419 382 385 450 445 415 379 444 449 393 420 411 448 389 398 424
696 740 700 731 729 709 747 695 746 686 692 705 704 722 735 741 736 734 694 707 680 727 737 683 717 733 708 684 701 703 723 697 739 681 688 716 725 743 714 710 699 730 742 678 687 677 691 676 738 706 721 726 712 690 702 713 728 718 732 719 682 685 750 745 715 679 744 749 693 720 711 748 689 698 724
3246 3290 3250 3281 3279 3259 3297 3245 3296 3236 3242 3255 3254 3272 3285 3291 3286 3284 3244 3257 3230 3277 3287 3233 3267 3283 3258 3234 3251 3253 3273 3247 3289 3231 3238 3266 3275 3293 3264 3260 3249 3280 3292 3228 3237 3227 3241 3226 3288 3256 3271 3276 3262 3240 3252 3263 3278 3268 3282 3269 3232 3235 3300 3295 3265 3229 3294 3299 3243 3270 3261 3298 3239 3248 3274
1296 1340 1300 1331 1329 1309 1347 1295 1346 1286 1292 1305 1304 1322 1335 1341 1336 1334 1294 1307 1280 1327 1337 1283 1317 1333 1308 1284 1301 1303 1323 1297 1339 1281 1288 1316 1325 1343 1314 1310 1299 1330 1342 1278 1287 1277 1291 1276 1338 1306 1321 1326 1312 1290 1302 1313 1328 1318 1332 1319 1282 1285 1350 1345 1315 1279 1344 1349 1293 1320 1311 1348 1289 1298 1324
3021 3065 3025 3056 3054 3034 3072 3020 3071 3011 3017 3030 3029 3047 3060 3066 3061 3059 3019 3032 3005 3052 3062 3008 3042 3058 3033 3009 3026 3028 3048 3022 3064 3006 3013 3041 3050 3068 3039 3035 3024 3055 3067 3003 3012 3002 3016 3001 3063 3031 3046 3051 3037 3015 3027 3038 3053 3043 3057 3044 3007 3010 3075 3070 3040 3004 3069 3074 3018 3045 3036 3073 3014 3023 3049
5046 5090 5050 5081 5079 5059 5097 5045 5096 5036 5042 5055 5054 5072 5085 5091 5086 5084 5044 5057 5030 5077 5087 5033 5067 5083 5058 5034 5051 5053 5073 5047 5089 5031 5038 5066 5075 5093 5064 5060 5049 5080 5092 5028 5037 5027 5041 5026 5088 5056 5071 5076 5062 5040 5052 5063 5078 5068 5082 5069 5032 5035 5100 5095 5065 5029 5094 5099 5043 5070 5061 5098 5039 5048 5074
1896 1940 1900 1931 1929 1909 1947 1895 1946 1886 1892 1905 1904 1922 1935 1941 1936 1934 1894 1907 1880 1927 1937 1883 1917 1933 1908 1884 1901 1903 1923 1897 1939 1881 1888 1916 1925 1943 1914 1910 1899 1930 1942 1878 1887 1877 1891 1876 1938 1906 1921 1926 1912 1890 1902 1913 1928 1918 1932 1919 1882 1885 1950 1945 1915 1879 1944 1949 1893 1920 1911 1948 1889 1898 1924
2421 2465 2425 2456 2454 2434 2472 2420 2471 2411 2417 2430 2429 2447 2460 2466 2461 2459 2419 2432 2405 2452 2462 2408 2442 2458 2433 2409 2426 2428 2448 2422 2464 2406 2413 2441 2450 2468 2439 2435 2424 2455 2467 2403 2412 2402 2416 2401 2463 2431 2446 2451 2437 2415 2427 2438 2453 2443 2457 2444 2407 2410 2475 2470 2440 2404 2469 2474 2418 2445 2436 2473 2414 2423 2449
2196 2240 2200 2231 2229 2209 2247 2195 2246 2186 2192 2205 2204 2222 2235 2241 2236 2234 2194 2207 2180 2227 2237 2183 2217 2233 2208 2184 2201 2203 2223 2197 2239 2181 2188 2216 2225 2243 2214 2210 2199 2230 2242 2178 2187 2177 2191 2176 2238 2206 2221 2226 2212 2190 2202 2213 2228 2218 2232 2219 2182 2185 2250 2245 2215 2179 2244 2249 2193 2220 2211 2248 2189 2198 2224
2721 2765 2725 2756 2754 2734 2772 2720 2771 2711 2717 2730 2729 2747 2760 2766 2761 2759 2719 2732 2705 2752 2762 2708 2742 2758 2733 2709 2726 2728 2748 2722 2764 2706 2713 2741 2750 2768 2739 2735 2724 2755 2767 2703 2712 2702 2716 2701 2763 2731 2746 2751 2737 2715 2727 2738 2753 2743 2757 2744 2707 2710 2775 2770 2740 2704 2769 2774 2718 2745 2736 2773 2714 2723 2749
5121 5165 5125 5156 5154 5134 5172 5120 5171 5111 5117 5130 5129 5147 5160 5166 5161 5159 5119 5132 5105 5152 5162 5108 5142 5158 5133 5109 5126 5128 5148 5122 5164 5106 5113 5141 5150 5168 5139 5135 5124 5155 5167 5103 5112 5102 5116 5101 5163 5131 5146 5151 5137 5115 5127 5138 5153 5143 5157 5144 5107 5110 5175 5170 5140 5104 5169 5174 5118 5145 5136 5173 5114 5123 5149
846 890 850 881 879 859 897 845 896 836 842 855 854 872 885 891 886 884 844 857 830 877 887 833 867 883 858 834 851 853 873 847 889 831 838 866 875 893 864 860 849 880 892 828 837 827 841 826 888 856 871 876 862 840 852 863 878 868 882 869 832 835 900 895 865 829 894 899 843 870 861 898 839 848 874
3546 3590 3550 3581 3579 3559 3597 3545 3596 3536 3542 3555 3554 3572 3585 3591 3586 3584 3544 3557 3530 3577 3587 3533 3567 3583 3558 3534 3551 3553 3573 3547 3589 3531 3538 3566 3575 3593 3564 3560 3549 3580 3592 3528 3537 3527 3541 3526 3588 3556 3571 3576 3562 3540 3552 3563 3578 3568 3582 3569 3532 3535 3600 3595 3565 3529 3594 3599 3543 3570 3561 3598 3539 3548 3574
1746 1790 1750 1781 1779 1759 1797 1745 1796 1736 1742 1755 1754 1772 1785 1791 1786 1784 1744 1757 1730 1777 1787 1733 1767 1783 1758 1734 1751 1753 1773 1747 1789 1731 1738 1766 1775 1793 1764 1760 1749 1780 1792 1728 1737 1727 1741 1726 1788 1756 1771 1776 1762 1740 1752 1763 1778 1768 1782 1769 1732 1735 1800 1795 1765 1729 1794 1799 1743 1770 1761 1798 1739 1748 1774
3171 3215 3175 3206 3204 3184 3222 3170 3221 3161 3167 3180 3179 3197 3210 3216 3211 3209 3169 3182 3155 3202 3212 3158 3192 3208 3183 3159 3176 3178 3198 3172 3214 3156 3163 3191 3200 3218 3189 3185 3174 3205 3217 3153 3162 3152 3166 3151 3213 3181 3196 3201 3187 3165 3177 3188 3203 3193 3207 3194 3157 3160 3225 3220 3190 3154 3219 3224 3168 3195 3186 3223 3164 3173 3199
