81 95
7386 7345 7361 7388 7371 7360 7376 7389 7352 7328 7322 7358 7367 7336 7398 7362 7355 7319 7327 7353 7324 7323 7405 7403 7338 7396 7333 7397 7407 7395 7334 7400 7359 7342 7410 7364 7348 7387 7384 7321 7347 7409 7317 7374 7393 7391 7377 7390 7330 7365 7369 7341 7316 7337 7399 7351 7363 7332 7350 7383 7354 7379 7380 7402 7339 7406 7346 7325 7401 7349 7326 7382 7343 7331 7340 7335 7408 7329 7404 7344 7372 7320 7394 7366 7370 7385 7357 7318 7368 7378 7373 7356 7392 7375 7381
5011 4970 4986 5013 4996 4985 5001 5014 4977 4953 4947 4983 4992 4961 5023 4987 4980 4944 4952 4978 4949 4948 5030 5028 4963 5021 4958 5022 5032 5020 4959 5025 4984 4967 5035 4989 4973 5012 5009 4946 4972 5034 4942 4999 5018 5016 5002 5015 4955 4990 4994 4966 4941 4962 5024 4976 4988 4957 4975 5008 4979 5004 5005 5027 4964 5031 4971 4950 5026 4974 4951 5007 4968 4956 4965 4960 5033 4954 5029 4969 4997 4945 5019 4991 4995 5010 4982 4943 4993 5003 4998 4981 5017 5000 5006
261 220 236 263 246 235 251 264 227 203 197 233 242 211 273 237 230 194 202 228 199 198 280 278 213 271 208 272 282 270 209 275 234 217 285 239 223 262 259 196 222 284 192 249 268 266 252 265 205 240 244 216 191 212 274 226 238 207 225 258 229 254 255 277 214 281 221 200 276 224 201 257 218 206 215 210 283 204 279 219 247 195 269 241 245 260 232 193 243 253 248 231 267 250 256
3016 2975 2991 3018 3001 2990 3006 3019 2982 2958 2952 2988 2997 2966 3028 2992 2985 2949 2957 2983 2954 2953 3035 3033 2968 3026 2963 3027 3037 3025 2964 3030 2989 2972 3040 2994 2978 3017 3014 2951 2977 3039 2947 3004 3023 3021 3007 3020 2960 2995 2999 2971 2946 2967 3029 2981 2993 2962 2980 3013 2984 3009 3010 3032 2969 3036 2976 2955 3031 2979 2956 3012 2973 2961 2970 2965 3038 2959 3034 2974 3002 2950 3024 2996 3000 3015 2987 2948 2998 3008 3003 2986 3022 3005 3011
4726 4685 4701 4728 4711 4700 4716 4729 4692 4668 4662 4698 4707 4676 4738 4702 4695 4659 4667 4693 4664 4663 4745 4743 4678 4736 4673 4737 4747 4735 4674 4740 4699 4682 4750 4704 4688 4727 4724 4661 4687 4749 4657 4714 4733 4731 4717 4730 4670 4705 4709 4681 4656 4677 4739 4691 4703 4672 4690 4723 4694 4719 4720 4742 4679 4746 4686 4665 4741 4689 4666 4722 4683 4671 4680 4675 4748 4669 4744 4684 4712 4660 4734 4706 4710 4725 4697 4658 4708 4718 4713 4696 4732 4715 4721
356 315 331 358 341 330 346 359 322 298 292 328 337 306 368 332 325 289 297 323 294 293 375 373 308 366 303 367 377 365 304 370 329 312 380 334 318 357 354 291 317 379 287 344 363 361 347 360 300 335 339 311 286 307 369 321 333 302 320 353 324 349 350 372 309 376 316 295 371 319 296 352 313 301 310 305 378 299 374 314 342 290 364 336 340 355 327 288 338 348 343 326 362 345 351
166 125 141 168 151 140 156 169 132 108 102 138 147 116 178 142 135 99 107 133 104 103 185 183 118 176 113 177 187 175 114 180 139 122 190 144 128 167 164 101 127 189 97 154 173 171 157 170 110 145 149 121 96 117 179 131 143 112 130 163 134 159 160 182 119 186 126 105 181 129 106 162 123 111 120 115 188 109 184 124 152 100 174 146 150 165 137 98 148 158 153 136 172 155 161
3681 3640 3656 3683 3666 3655 3671 3684 3647 3623 3617 3653 3662 3631 3693 3657 3650 3614 3622 3648 3619 3618 3700 3698 3633 3691 3628 3692 3702 3690 3629 3695 3654 3637 3705 3659 3643 3682 3679 3616 3642 3704 3612 3669 3688 3686 3672 3685 3625 3660 3664 3636 3611 3632 3694 3646 3658 3627 3645 3678 3649 3674 3675 3697 3634 3701 3641 3620 3696 3644 3621 3677 3638 3626 3635 3630 3703 3624 3699 3639 3667 3615 3689 3661 3665 3680 3652 3613 3663 3673 3668 3651 3687 3670 3676
1021 980 996 1023 1006 995 1011 1024 987 963 957 993 1002 971 1033 997 990 954 962 988 959 958 1040 1038 973 1031 968 1032 1042 1030 969 1035 994 977 1045 999 983 1022 1019 956 982 1044 952 1009 1028 1026 1012 1025 965 1000 1004 976 951 972 1034 986 998 967 985 1018 989 1014 1015 1037 974 1041 981 960 1036 984 961 1017 978 966 975 970 1043 964 1039 979 1007 955 1029 1001 1005 1020 992 953 1003 1013 1008 991 1027 1010 1016
451 410 426 453 436 425 441 454 417 393 387 423 432 401 463 427 420 384 392 418 389 388 470 468 403 461 398 462 472 460 399 465 424 407 475 429 413 452 449 386 412 474 382 439 458 456 442 455 395 430 434 406 381 402 464 416 428 397 415 448 419 444 445 467 404 471 411 390 466 414 391 447 408 396 405 400 473 394 469 409 437 385 459 431 435 450 422 383 433 443 438 421 457 440 446
3111 3070 3086 3113 3096 3085 3101 3114 3077 3053 3047 3083 3092 3061 3123 3087 3080 3044 3052 3078 3049 3048 3130 3128 3063 3121 3058 3122 3132 3120 3059 3125 3084 3067 3135 3089 3073 3112 3109 3046 3072 3134 3042 3099 3118 3116 3102 3115 3055 3090 3094 3066 3041 3062 3124 3076 3088 3057 3075 3108 3079 3104 3105 3127 3064 3131 3071 3050 3126 3074 3051 3107 3068 3056 3065 3060 3133 3054 3129 3069 3097 3045 3119 3091 3095 3110 3082 3043 3093 3103 3098 3081 3117 3100 3106
1211 1170 1186 1213 1196 1185 1201 1214 1177 1153 1147 1183 1192 1161 1223 1187 1180 1144 1152 1178 1149 1148 1230 1228 1163 1221 1158 1222 1232 1220 1159 1225 1184 1167 1235 1189 1173 1212 1209 1146 1172 1234 1142 1199 1218 1216 1202 1215 1155 1190 1194 1166 1141 1162 1224 1176 1188 1157 1175 1208 1179 1204 1205 1227 1164 1231 1171 1150 1226 1174 1151 1207 1168 1156 1165 1160 1233 1154 1229 1169 1197 1145 1219 1191 1195 1210 1182 1143 1193 1203 1198 1181 1217 1200 1206
4156 4115 4131 4158 4141 4130 4146 4159 4122 4098 4092 4128 4137 4106 4168 4132 4125 4089 4097 4123 4094 4093 4175 4173 4108 4166 4103 4167 4177 4165 4104 4170 4129 4112 4180 4134 4118 4157 4154 4091 4117 4179 4087 4144 4163 4161 4147 4160 4100 4135 4139 4111 4086 4107 4169 4121 4133 4102 4120 4153 4124 4149 4150 4172 4109 4176 4116 4095 4171 4119 4096 4152 4113 4101 4110 4105 4178 4099 4174 4114 4142 4090 4164 4136 4140 4155 4127 4088 4138 4148 4143 4126 4162 4145 4151
1401 1360 1376 1403 1386 1375 1391 1404 1367 1343 1337 1373 1382 1351 1413 1377 1370 1334 1342 1368 1339 1338 1420 1418 1353 1411 1348 1412 1422 1410 1349 1415 1374 1357 1425 1379 1363 1402 1399 1336 1362 1424 1332 1389 1408 1406 1392 1405 1345 1380 1384 1356 1331 1352 1414 1366 1378 1347 1365 1398 1369 1394 1395 1417 1354 1421 1361 1340 1416 1364 1341 1397 1358 1346 1355 1350 1423 1344 1419 1359 1387 1335 1409 1381 1385 1400 1372 1333 1383 1393 1388 1371 1407 1390 1396
6911 6870 6886 6913 6896 6885 6901 6914 6877 6853 6847 6883 6892 6861 6923 6887 6880 6844 6852 6878 6849 6848 6930 6928 6863 6921 6858 6922 6932 6920 6859 6925 6884 6867 6935 6889 6873 6912 6909 6846 6872 6934 6842 6899 6918 6916 6902 6915 6855 6890 6894 6866 6841 6862 6924 6876 6888 6857 6875 6908 6879 6904 6905 6927 6864 6931 6871 6850 6926 6874 6851 6907 6868 6856 6865 6860 6933 6854 6929 6869 6897 6845 6919 6891 6895 6910 6882 6843 6893 6903 6898 6881 6917 6900 6906
4821 4780 4796 4823 4806 4795 4811 4824 4787 4763 4757 4793 4802 4771 4833 4797 4790 4754 4762 4788 4759 4758 4840 4838 4773 4831 4768 4832 4842 4830 4769 4835 4794 4777 4845 4799 4783 4822 4819 4756 4782 4844 4752 4809 4828 4826 4812 4825 4765 4800 4804 4776 4751 4772 4834 4786 4798 4767 4785 4818 4789 4814 4815 4837 4774 4841 4781 4760 4836 4784 4761 4817 4778 4766 4775 4770 4843 4764 4839 4779 4807 4755 4829 4801 4805 4820 4792 4753 4803 4813 4808 4791 4827 4810 4816
1306 1265 1281 1308 1291 1280 1296 1309 1272 1248 1242 1278 1287 1256 1318 1282 1275 1239 1247 1273 1244 1243 1325 1323 1258 1316 1253 1317 1327 1315 1254 1320 1279 1262 1330 1284 1268 1307 1304 1241 1267 1329 1237 1294 1313 1311 1297 1310 1250 1285 1289 1261 1236 1257 1319 1271 1283 1252 1270 1303 1274 1299 1300 1322 1259 1326 1266 1245 1321 1269 1246 1302 1263 1251 1260 1255 1328 1249 1324 1264 1292 1240 1314 1286 1290 1305 1277 1238 1288 1298 1293 1276 1312 1295 1301
1686 1645 1661 1688 1671 1660 1676 1689 1652 1628 1622 1658 1667 1636 1698 1662 1655 1619 1627 1653 1624 1623 1705 1703 1638 1696 1633 1697 1707 1695 1634 1700 1659 1642 1710 1664 1648 1687 1684 1621 1647 1709 1617 1674 1693 1691 1677 1690 1630 1665 1669 1641 1616 1637 1699 1651 1663 1632 1650 1683 1654 1679 1680 1702 1639 1706 1646 1625 1701 1649 1626 1682 1643 1631 1640 1635 1708 1629 1704 1644 1672 1620 1694 1666 1670 1685 1657 1618 1668 1678 1673 1656 1692 1675 1681
7576 7535 7551 7578 7561 7550 7566 7579 7542 7518 7512 7548 7557 7526 7588 7552 7545 7509 7517 7543 7514 7513 7595 7593 7528 7586 7523 7587 7597 7585 7524 7590 7549 7532 7600 7554 7538 7577 7574 7511 7537 7599 7507 7564 7583 7581 7567 7580 7520 7555 7559 7531 7506 7527 7589 7541 7553 7522 7540 7573 7544 7569 7570 7592 7529 7596 7536 7515 7591 7539 7516 7572 7533 7521 7530 7525 7598 7519 7594 7534 7562 7510 7584 7556 7560 7575 7547 7508 7558 7568 7563 7546 7582 7565 7571
7196 7155 7171 7198 7181 7170 7186 7199 7162 7138 7132 7168 7177 7146 7208 7172 7165 7129 7137 7163 7134 7133 7215 7213 7148 7206 7143 7207 7217 7205 7144 7210 7169 7152 7220 7174 7158 7197 7194 7131 7157 7219 7127 7184 7203 7201 7187 7200 7140 7175 7179 7151 7126 7147 7209 7161 7173 7142 7160 7193 7164 7189 7190 7212 7149 7216 7156 7135 7211 7159 7136 7192 7153 7141 7150 7145 7218 7139 7214 7154 7182 7130 7204 7176 7180 7195 7167 7128 7178 7188 7183 7166 7202 7185 7191
6721 6680 6696 6723 6706 6695 6711 6724 6687 6663 6657 6693 6702 6671 6733 6697 6690 6654 6662 6688 6659 6658 6740 6738 6673 6731 6668 6732 6742 6730 6669 6735 6694 6677 6745 6699 6683 6722 6719 6656 6682 6744 6652 6709 6728 6726 6712 6725 6665 6700 6704 6676 6651 6672 6734 6686 6698 6667 6685 6718 6689 6714 6715 6737 6674 6741 6681 6660 6736 6684 6661 6717 6678 6666 6675 6670 6743 6664 6739 6679 6707 6655 6729 6701 6705 6720 6692 6653 6703 6713 6708 6691 6727 6710 6716
6626 6585 6601 6628 6611 6600 6616 6629 6592 6568 6562 6598 6607 6576 6638 6602 6595 6559 6567 6593 6564 6563 6645 6643 6578 6636 6573 6637 6647 6635 6574 6640 6599 6582 6650 6604 6588 6627 6624 6561 6587 6649 6557 6614 6633 6631 6617 6630 6570 6605 6609 6581 6556 6577 6639 6591 6603 6572 6590 6623 6594 6619 6620 6642 6579 6646 6586 6565 6641 6589 6566 6622 6583 6571 6580 6575 6648 6569 6644 6584 6612 6560 6634 6606 6610 6625 6597 6558 6608 6618 6613 6596 6632 6615 6621
1116 1075 1091 1118 1101 1090 1106 1119 1082 1058 1052 1088 1097 1066 1128 1092 1085 1049 1057 1083 1054 1053 1135 1133 1068 1126 1063 1127 1137 1125 1064 1130 1089 1072 1140 1094 1078 1117 1114 1051 1077 1139 1047 1104 1123 1121 1107 1120 1060 1095 1099 1071 1046 1067 1129 1081 1093 1062 1080 1113 1084 1109 1110 1132 1069 1136 1076 1055 1131 1079 1056 1112 1073 1061 1070 1065 1138 1059 1134 1074 1102 1050 1124 1096 1100 1115 1087 1048 1098 1108 1103 1086 1122 1105 1111
2161 2120 2136 2163 2146 2135 2151 2164 2127 2103 2097 2133 2142 2111 2173 2137 2130 2094 2102 2128 2099 2098 2180 2178 2113 2171 2108 2172 2182 2170 2109 2175 2134 2117 2185 2139 2123 2162 2159 2096 2122 2184 2092 2149 2168 2166 2152 2165 2105 2140 2144 2116 2091 2112 2174 2126 2138 2107 2125 2158 2129 2154 2155 2177 2114 2181 2121 2100 2176 2124 2101 2157 2118 2106 2115 2110 2183 2104 2179 2119 2147 2095 2169 2141 2145 2160 2132 2093 2143 2153 2148 2131 2167 2150 2156
736 695 711 738 721 710 726 739 702 678 672 708 717 686 748 712 705 669 677 703 674 673 755 753 688 746 683 747 757 745 684 750 709 692 760 714 698 737 734 671 697 759 667 724 743 741 727 740 680 715 719 691 666 687 749 701 713 682 700 733 704 729 730 752 689 756 696 675 751 699 676 732 693 681 690 685 758 679 754 694 722 670 744 716 720 735 707 668 718 728 723 706 742 725 731
4061 4020 4036 4063 4046 4035 4051 4064 4027 4003 3997 4033 4042 4011 4073 4037 4030 3994 4002 4028 3999 3998 4080 4078 4013 4071 4008 4072 4082 4070 4009 4075 4034 4017 4085 4039 4023 4062 4059 3996 4022 4084 3992 4049 4068 4066 4052 4065 4005 4040 4044 4016 3991 4012 4074 4026 4038 4007 4025 4058 4029 4054 4055 4077 4014 4081 4021 4000 4076 4024 4001 4057 4018 4006 4015 4010 4083 4004 4079 4019 4047 3995 4069 4041 4045 4060 4032 3993 4043 4053 4048 4031 4067 4050 4056
7291 7250 7266 7293 7276 7265 7281 7294 7257 7233 7227 7263 7272 7241 7303 7267 7260 7224 7232 7258 7229 7228 7310 7308 7243 7301 7238 7302 7312 7300 7239 7305 7264 7247 7315 7269 7253 7292 7289 7226 7252 7314 7222 7279 7298 7296 7282 7295 7235 7270 7274 7246 7221 7242 7304 7256 7268 7237 7255 7288 7259 7284 7285 7307 7244 7311 7251 7230 7306 7254 7231 7287 7248 7236 7245 7240 7313 7234 7309 7249 7277 7225 7299 7271 7275 7290 7262 7223 7273 7283 7278 7261 7297 7280 7286
831 790 806 833 816 805 821 834 797 773 767 803 812 781 843 807 800 764 772 798 769 768 850 848 783 841 778 842 852 840 779 845 804 787 855 809 793 832 829 766 792 854 762 819 838 836 822 835 775 810 814 786 761 782 844 796 808 777 795 828 799 824 825 847 784 851 791 770 846 794 771 827 788 776 785 780 853 774 849 789 817 765 839 811 815 830 802 763 813 823 818 801 837 820 826
2826 2785 2801 2828 2811 2800 2816 2829 2792 2768 2762 2798 2807 2776 2838 2802 2795 2759 2767 2793 2764 2763 2845 2843 2778 2836 2773 2837 2847 2835 2774 2840 2799 2782 2850 2804 2788 2827 2824 2761 2787 2849 2757 2814 2833 2831 2817 2830 2770 2805 2809 2781 2756 2777 2839 2791 2803 2772 2790 2823 2794 2819 2820 2842 2779 2846 2786 2765 2841 2789 2766 2822 2783 2771 2780 2775 2848 2769 2844 2784 2812 2760 2834 2806 2810 2825 2797 2758 2808 2818 2813 2796 2832 2815 2821
7481 7440 7456 7483 7466 7455 7471 7484 7447 7423 7417 7453 7462 7431 7493 7457 7450 7414 7422 7448 7419 7418 7500 7498 7433 7491 7428 7492 7502 7490 7429 7495 7454 7437 7505 7459 7443 7482 7479 7416 7442 7504 7412 7469 7488 7486 7472 7485 7425 7460 7464 7436 7411 7432 7494 7446 7458 7427 7445 7478 7449 7474 7475 7497 7434 7501 7441 7420 7496 7444 7421 7477 7438 7426 7435 7430 7503 7424 7499 7439 7467 7415 7489 7461 7465 7480 7452 7413 7463 7473 7468 7451 7487 7470 7476
5391 5350 5366 5393 5376 5365 5381 5394 5357 5333 5327 5363 5372 5341 5403 5367 5360 5324 5332 5358 5329 5328 5410 5408 5343 5401 5338 5402 5412 5400 5339 5405 5364 5347 5415 5369 5353 5392 5389 5326 5352 5414 5322 5379 5398 5396 5382 5395 5335 5370 5374 5346 5321 5342 5404 5356 5368 5337 5355 5388 5359 5384 5385 5407 5344 5411 5351 5330 5406 5354 5331 5387 5348 5336 5345 5340 5413 5334 5409 5349 5377 5325 5399 5371 5375 5390 5362 5323 5373 5383 5378 5361 5397 5380 5386
7006 6965 6981 7008 6991 6980 6996 7009 6972 6948 6942 6978 6987 6956 7018 6982 6975 6939 6947 6973 6944 6943 7025 7023 6958 7016 6953 7017 7027 7015 6954 7020 6979 6962 7030 6984 6968 7007 7004 6941 6967 7029 6937 6994 7013 7011 6997 7010 6950 6985 6989 6961 6936 6957 7019 6971 6983 6952 6970 7003 6974 6999 7000 7022 6959 7026 6966 6945 7021 6969 6946 7002 6963 6951 6960 6955 7028 6949 7024 6964 6992 6940 7014 6986 6990 7005 6977 6938 6988 6998 6993 6976 7012 6995 7001
3491 3450 3466 3493 3476 3465 3481 3494 3457 3433 3427 3463 3472 3441 3503 3467 3460 3424 3432 3458 3429 3428 3510 3508 3443 3501 3438 3502 3512 3500 3439 3505 3464 3447 3515 3469 3453 3492 3489 3426 3452 3514 3422 3479 3498 3496 3482 3495 3435 3470 3474 3446 3421 3442 3504 3456 3468 3437 3455 3488 3459 3484 3485 3507 3444 3511 3451 3430 3506 3454 3431 3487 3448 3436 3445 3440 3513 3434 3509 3449 3477 3425 3499 3471 3475 3490 3462 3423 3473 3483 3478 3461 3497 3480 3486
546 505 521 548 531 520 536 549 512 488 482 518 527 496 558 522 515 479 487 513 484 483 565 563 498 556 493 557 567 555 494 560 519 502 570 524 508 547 544 481 507 569 477 534 553 551 537 550 490 525 529 501 476 497 559 511 523 492 510 543 514 539 540 562 499 566 506 485 561 509 486 542 503 491 500 495 568 489 564 504 532 480 554 526 530 545 517 478 528 538 533 516 552 535 541
4251 4210 4226 4253 4236 4225 4241 4254 4217 4193 4187 4223 4232 4201 4263 4227 4220 4184 4192 4218 4189 4188 4270 4268 4203 4261 4198 4262 4272 4260 4199 4265 4224 4207 4275 4229 4213 4252 4249 4186 4212 4274 4182 4239 4258 4256 4242 4255 4195 4230 4234 4206 4181 4202 4264 4216 4228 4197 4215 4248 4219 4244 4245 4267 4204 4271 4211 4190 4266 4214 4191 4247 4208 4196 4205 4200 4273 4194 4269 4209 4237 4185 4259 4231 4235 4250 4222 4183 4233 4243 4238 4221 4257 4240 4246
3776 3735 3751 3778 3761 3750 3766 3779 3742 3718 3712 3748 3757 3726 3788 3752 3745 3709 3717 3743 3714 3713 3795 3793 3728 3786 3723 3787 3797 3785 3724 3790 3749 3732 3800 3754 3738 3777 3774 3711 3737 3799 3707 3764 3783 3781 3767 3780 3720 3755 3759 3731 3706 3727 3789 3741 3753 3722 3740 3773 3744 3769 3770 3792 3729 3796 3736 3715 3791 3739 3716 3772 3733 3721 3730 3725 3798 3719 3794 3734 3762 3710 3784 3756 3760 3775 3747 3708 3758 3768 3763 3746 3782 3765 3771
2921 2880 2896 2923 2906 2895 2911 2924 2887 2863 2857 2893 2902 2871 2933 2897 2890 2854 2862 2888 2859 2858 2940 2938 2873 2931 2868 2932 2942 2930 2869 2935 2894 2877 2945 2899 2883 2922 2919 2856 2882 2944 2852 2909 2928 2926 2912 2925 2865 2900 2904 2876 2851 2872 2934 2886 2898 2867 2885 2918 2889 2914 2915 2937 2874 2941 2881 2860 2936 2884 2861 2917 2878 2866 2875 2870 2943 2864 2939 2879 2907 2855 2929 2901 2905 2920 2892 2853 2903 2913 2908 2891 2927 2910 2916
2256 2215 2231 2258 2241 2230 2246 2259 2222 2198 2192 2228 2237 2206 2268 2232 2225 2189 2197 2223 2194 2193 2275 2273 2208 2266 2203 2267 2277 2265 2204 2270 2229 2212 2280 2234 2218 2257 2254 2191 2217 2279 2187 2244 2263 2261 2247 2260 2200 2235 2239 2211 2186 2207 2269 2221 2233 2202 2220 2253 2224 2249 2250 2272 2209 2276 2216 2195 2271 2219 2196 2252 2213 2201 2210 2205 2278 2199 2274 2214 2242 2190 2264 2236 2240 2255 2227 2188 2238 2248 2243 2226 2262 2245 2251
5201 5160 5176 5203 5186 5175 5191 5204 5167 5143 5137 5173 5182 5151 5213 5177 5170 5134 5142 5168 5139 5138 5220 5218 5153 5211 5148 5212 5222 5210 5149 5215 5174 5157 5225 5179 5163 5202 5199 5136 5162 5224 5132 5189 5208 5206 5192 5205 5145 5180 5184 5156 5131 5152 5214 5166 5178 5147 5165 5198 5169 5194 5195 5217 5154 5221 5161 5140 5216 5164 5141 5197 5158 5146 5155 5150 5223 5144 5219 5159 5187 5135 5209 5181 5185 5200 5172 5133 5183 5193 5188 5171 5207 5190 5196
2731 2690 2706 2733 2716 2705 2721 2734 2697 2673 2667 2703 2712 2681 2743 2707 2700 2664 2672 2698 2669 2668 2750 2748 2683 2741 2678 2742 2752 2740 2679 2745 2704 2687 2755 2709 2693 2732 2729 2666 2692 2754 2662 2719 2738 2736 2722 2735 2675 2710 2714 2686 2661 2682 2744 2696 2708 2677 2695 2728 2699 2724 2725 2747 2684 2751 2691 2670 2746 2694 2671 2727 2688 2676 2685 2680 2753 2674 2749 2689 2717 2665 2739 2711 2715 2730 2702 2663 2713 2723 2718 2701 2737 2720 2726
5866 5825 5841 5868 5851 5840 5856 5869 5832 5808 5802 5838 5847 5816 5878 5842 5835 5799 5807 5833 5804 5803 5885 5883 5818 5876 5813 5877 5887 5875 5814 5880 5839 5822 5890 5844 5828 5867 5864 5801 5827 5889 5797 5854 5873 5871 5857 5870 5810 5845 5849 5821 5796 5817 5879 5831 5843 5812 5830 5863 5834 5859 5860 5882 5819 5886 5826 5805 5881 5829 5806 5862 5823 5811 5820 5815 5888 5809 5884 5824 5852 5800 5874 5846 5850 5865 5837 5798 5848 5858 5853 5836 5872 5855 5861
5771 5730 5746 5773 5756 5745 5761 5774 5737 5713 5707 5743 5752 5721 5783 5747 5740 5704 5712 5738 5709 5708 5790 5788 5723 5781 5718 5782 5792 5780 5719 5785 5744 5727 5795 5749 5733 5772 5769 5706 5732 5794 5702 5759 5778 5776 5762 5775 5715 5750 5754 5726 5701 5722 5784 5736 5748 5717 5735 5768 5739 5764 5765 5787 5724 5791 5731 5710 5786 5734 5711 5767 5728 5716 5725 5720 5793 5714 5789 5729 5757 5705 5779 5751 5755 5770 5742 5703 5753 5763 5758 5741 5777 5760 5766
2636 2595 2611 2638 2621 2610 2626 2639 2602 2578 2572 2608 2617 2586 2648 2612 2605 2569 2577 2603 2574 2573 2655 2653 2588 2646 2583 2647 2657 2645 2584 2650 2609 2592 2660 2614 2598 2637 2634 2571 2597 2659 2567 2624 2643 2641 2627 2640 2580 2615 2619 2591 2566 2587 2649 2601 2613 2582 2600 2633 2604 2629 2630 2652 2589 2656 2596 2575 2651 2599 2576 2632 2593 2581 2590 2585 2658 2579 2654 2594 2622 2570 2644 2616 2620 2635 2607 2568 2618 2628 2623 2606 2642 2625 2631
2446 2405 2421 2448 2431 2420 2436 2449 2412 2388 2382 2418 2427 2396 2458 2422 2415 2379 2387 2413 2384 2383 2465 2463 2398 2456 2393 2457 2467 2455 2394 2460 2419 2402 2470 2424 2408 2447 2444 2381 2407 2469 2377 2434 2453 2451 2437 2450 2390 2425 2429 2401 2376 2397 2459 2411 2423 2392 2410 2443 2414 2439 2440 2462 2399 2466 2406 2385 2461 2409 2386 2442 2403 2391 2400 2395 2468 2389 2464 2404 2432 2380 2454 2426 2430 2445 2417 2378 2428 2438 2433 2416 2452 2435 2441
1496 1455 1471 1498 1481 1470 1486 1499 1462 1438 1432 1468 1477 1446 1508 1472 1465 1429 1437 1463 1434 1433 1515 1513 1448 1506 1443 1507 1517 1505 1444 1510 1469 1452 1520 1474 1458 1497 1494 1431 1457 1519 1427 1484 1503 1501 1487 1500 1440 1475 1479 1451 1426 1447 1509 1461 1473 1442 1460 1493 1464 1489 1490 1512 1449 1516 1456 1435 1511 1459 1436 1492 1453 1441 1450 1445 1518 1439 1514 1454 1482 1430 1504 1476 1480 1495 1467 1428 1478 1488 1483 1466 1502 1485 1491
6436 6395 6411 6438 6421 6410 6426 6439 6402 6378 6372 6408 6417 6386 6448 6412 6405 6369 6377 6403 6374 6373 6455 6453 6388 6446 6383 6447 6457 6445 6384 6450 6409 6392 6460 6414 6398 6437 6434 6371 6397 6459 6367 6424 6443 6441 6427 6440 6380 6415 6419 6391 6366 6387 6449 6401 6413 6382 6400 6433 6404 6429 6430 6452 6389 6456 6396 6375 6451 6399 6376 6432 6393 6381 6390 6385 6458 6379 6454 6394 6422 6370 6444 6416 6420 6435 6407 6368 6418 6428 6423 6406 6442 6425 6431
1971 1930 1946 1973 1956 1945 1961 1974 1937 1913 1907 1943 1952 1921 1983 1947 1940 1904 1912 1938 1909 1908 1990 1988 1923 1981 1918 1982 1992 1980 1919 1985 1944 1927 1995 1949 1933 1972 1969 1906 1932 1994 1902 1959 1978 1976 1962 1975 1915 1950 1954 1926 1901 1922 1984 1936 1948 1917 1935 1968 1939 1964 1965 1987 1924 1991 1931 1910 1986 1934 1911 1967 1928 1916 1925 1920 1993 1914 1989 1929 1957 1905 1979 1951 1955 1970 1942 1903 1953 1963 1958 1941 1977 1960 1966
5486 5445 5461 5488 5471 5460 5476 5489 5452 5428 5422 5458 5467 5436 5498 5462 5455 5419 5427 5453 5424 5423 5505 5503 5438 5496 5433 5497 5507 5495 5434 5500 5459 5442 5510 5464 5448 5487 5484 5421 5447 5509 5417 5474 5493 5491 5477 5490 5430 5465 5469 5441 5416 5437 5499 5451 5463 5432 5450 5483 5454 5479 5480 5502 5439 5506 5446 5425 5501 5449 5426 5482 5443 5431 5440 5435 5508 5429 5504 5444 5472 5420 5494 5466 5470 5485 5457 5418 5468 5478 5473 5456 5492 5475 5481
6246 6205 6221 6248 6231 6220 6236 6249 6212 6188 6182 6218 6227 6196 6258 6222 6215 6179 6187 6213 6184 6183 6265 6263 6198 6256 6193 6257 6267 6255 6194 6260 6219 6202 6270 6224 6208 6247 6244 6181 6207 6269 6177 6234 6253 6251 6237 6250 6190 6225 6229 6201 6176 6197 6259 6211 6223 6192 6210 6243 6214 6239 6240 6262 6199 6266 6206 6185 6261 6209 6186 6242 6203 6191 6200 6195 6268 6189 6264 6204 6232 6180 6254 6226 6230 6245 6217 6178 6228 6238 6233 6216 6252 6235 6241
71 30 46 73 56 45 61 74 37 13 7 43 52 21 83 47 40 4 12 38 9 8 90 88 23 81 18 82 92 80 19 85 44 27 95 49 33 72 69 6 32 94 2 59 78 76 62 75 15 50 54 26 1 22 84 36 48 17 35 68 39 64 65 87 24 91 31 10 86 34 11 67 28 16 25 20 93 14 89 29 57 5 79 51 55 70 42 3 53 63 58 41 77 60 66
6056 6015 6031 6058 6041 6030 6046 6059 6022 5998 5992 6028 6037 6006 6068 6032 6025 5989 5997 6023 5994 5993 6075 6073 6008 6066 6003 6067 6077 6065 6004 6070 6029 6012 6080 6034 6018 6057 6054 5991 6017 6079 5987 6044 6063 6061 6047 6060 6000 6035 6039 6011 5986 6007 6069 6021 6033 6002 6020 6053 6024 6049 6050 6072 6009 6076 6016 5995 6071 6019 5996 6052 6013 6001 6010 6005 6078 5999 6074 6014 6042 5990 6064 6036 6040 6055 6027 5988 6038 6048 6043 6026 6062 6045 6051
1781 1740 1756 1783 1766 1755 1771 1784 1747 1723 1717 1753 1762 1731 1793 1757 1750 1714 1722 1748 1719 1718 1800 1798 1733 1791 1728 1792 1802 1790 1729 1795 1754 1737 1805 1759 1743 1782 1779 1716 1742 1804 1712 1769 1788 1786 1772 1785 1725 1760 1764 1736 1711 1732 1794 1746 1758 1727 1745 1778 1749 1774 1775 1797 1734 1801 1741 1720 1796 1744 1721 1777 1738 1726 1735 1730 1803 1724 1799 1739 1767 1715 1789 1761 1765 1780 1752 1713 1763 1773 1768 1751 1787 1770 1776
4441 4400 4416 4443 4426 4415 4431 4444 4407 4383 4377 4413 4422 4391 4453 4417 4410 4374 4382 4408 4379 4378 4460 4458 4393 4451 4388 4452 4462 4450 4389 4455 4414 4397 4465 4419 4403 4442 4439 4376 4402 4464 4372 4429 4448 4446 4432 4445 4385 4420 4424 4396 4371 4392 4454 4406 4418 4387 4405 4438 4409 4434 4435 4457 4394 4461 4401 4380 4456 4404 4381 4437 4398 4386 4395 4390 4463 4384 4459 4399 4427 4375 4449 4421 4425 4440 4412 4373 4423 4433 4428 4411 4447 4430 4436
3206 3165 3181 3208 3191 3180 3196 3209 3172 3148 3142 3178 3187 3156 3218 3182 3175 3139 3147 3173 3144 3143 3225 3223 3158 3216 3153 3217 3227 3215 3154 3220 3179 3162 3230 3184 3168 3207 3204 3141 3167 3229 3137 3194 3213 3211 3197 3210 3150 3185 3189 3161 3136 3157 3219 3171 3183 3152 3170 3203 3174 3199 3200 3222 3159 3226 3166 3145 3221 3169 3146 3202 3163 3151 3160 3155 3228 3149 3224 3164 3192 3140 3214 3186 3190 3205 3177 3138 3188 3198 3193 3176 3212 3195 3201
5676 5635 5651 5678 5661 5650 5666 5679 5642 5618 5612 5648 5657 5626 5688 5652 5645 5609 5617 5643 5614 5613 5695 5693 5628 5686 5623 5687 5697 5685 5624 5690 5649 5632 5700 5654 5638 5677 5674 5611 5637 5699 5607 5664 5683 5681 5667 5680 5620 5655 5659 5631 5606 5627 5689 5641 5653 5622 5640 5673 5644 5669 5670 5692 5629 5696 5636 5615 5691 5639 5616 5672 5633 5621 5630 5625 5698 5619 5694 5634 5662 5610 5684 5656 5660 5675 5647 5608 5658 5668 5663 5646 5682 5665 5671
3301 3260 3276 3303 3286 3275 3291 3304 3267 3243 3237 3273 3282 3251 3313 3277 3270 3234 3242 3268 3239 3238 3320 3318 3253 3311 3248 3312 3322 3310 3249 3315 3274 3257 3325 3279 3263 3302 3299 3236 3262 3324 3232 3289 3308 3306 3292 3305 3245 3280 3284 3256 3231 3252 3314 3266 3278 3247 3265 3298 3269 3294 3295 3317 3254 3321 3261 3240 3316 3264 3241 3297 3258 3246 3255 3250 3323 3244 3319 3259 3287 3235 3309 3281 3285 3300 3272 3233 3283 3293 3288 3271 3307 3290 3296
3966 3925 3941 3968 3951 3940 3956 3969 3932 3908 3902 3938 3947 3916 3978 3942 3935 3899 3907 3933 3904 3903 3985 3983 3918 3976 3913 3977 3987 3975 3914 3980 3939 3922 3990 3944 3928 3967 3964 3901 3927 3989 3897 3954 3973 3971 3957 3970 3910 3945 3949 3921 3896 3917 3979 3931 3943 3912 3930 3963 3934 3959 3960 3982 3919 3986 3926 3905 3981 3929 3906 3962 3923 3911 3920 3915 3988 3909 3984 3924 3952 3900 3974 3946 3950 3965 3937 3898 3948 3958 3953 3936 3972 3955 3961
6341 6300 6316 6343 6326 6315 6331 6344 6307 6283 6277 6313 6322 6291 6353 6317 6310 6274 6282 6308 6279 6278 6360 6358 6293 6351 6288 6352 6362 6350 6289 6355 6314 6297 6365 6319 6303 6342 6339 6276 6302 6364 6272 6329 6348 6346 6332 6345 6285 6320 6324 6296 6271 6292 6354 6306 6318 6287 6305 6338 6309 6334 6335 6357 6294 6361 6301 6280 6356 6304 6281 6337 6298 6286 6295 6290 6363 6284 6359 6299 6327 6275 6349 6321 6325 6340 6312 6273 6323 6333 6328 6311 6347 6330 6336
4631 4590 4606 4633 4616 4605 4621 4634 4597 4573 4567 4603 4612 4581 4643 4607 4600 4564 4572 4598 4569 4568 4650 4648 4583 4641 4578 4642 4652 4640 4579 4645 4604 4587 4655 4609 4593 4632 4629 4566 4592 4654 4562 4619 4638 4636 4622 4635 4575 4610 4614 4586 4561 4582 4644 4596 4608 4577 4595 4628 4599 4624 4625 4647 4584 4651 4591 4570 4646 4594 4571 4627 4588 4576 4585 4580 4653 4574 4649 4589 4617 4565 4639 4611 4615 4630 4602 4563 4613 4623 4618 4601 4637 4620 4626
7671 7630 7646 7673 7656 7645 7661 7674 7637 7613 7607 7643 7652 7621 7683 7647 7640 7604 7612 7638 7609 7608 7690 7688 7623 7681 7618 7682 7692 7680 7619 7685 7644 7627 7695 7649 7633 7672 7669 7606 7632 7694 7602 7659 7678 7676 7662 7675 7615 7650 7654 7626 7601 7622 7684 7636 7648 7617 7635 7668 7639 7664 7665 7687 7624 7691 7631 7610 7686 7634 7611 7667 7628 7616 7625 7620 7693 7614 7689 7629 7657 7605 7679 7651 7655 7670 7642 7603 7653 7663 7658 7641 7677 7660 7666
6151 6110 6126 6153 6136 6125 6141 6154 6117 6093 6087 6123 6132 6101 6163 6127 6120 6084 6092 6118 6089 6088 6170 6168 6103 6161 6098 6162 6172 6160 6099 6165 6124 6107 6175 6129 6113 6152 6149 6086 6112 6174 6082 6139 6158 6156 6142 6155 6095 6130 6134 6106 6081 6102 6164 6116 6128 6097 6115 6148 6119 6144 6145 6167 6104 6171 6111 6090 6166 6114 6091 6147 6108 6096 6105 6100 6173 6094 6169 6109 6137 6085 6159 6131 6135 6150 6122 6083 6133 6143 6138 6121 6157 6140 6146
926 885 901 928 911 900 916 929 892 868 862 898 907 876 938 902 895 859 867 893 864 863 945 943 878 936 873 937 947 935 874 940 899 882 950 904 888 927 924 861 887 949 857 914 933 931 917 930 870 905 909 881 856 877 939 891 903 872 890 923 894 919 920 942 879 946 886 865 941 889 866 922 883 871 880 875 948 869 944 884 912 860 934 906 910 925 897 858 908 918 913 896 932 915 921
1591 1550 1566 1593 1576 1565 1581 1594 1557 1533 1527 1563 1572 1541 1603 1567 1560 1524 1532 1558 1529 1528 1610 1608 1543 1601 1538 1602 1612 1600 1539 1605 1564 1547 1615 1569 1553 1592 1589 1526 1552 1614 1522 1579 1598 1596 1582 1595 1535 1570 1574 1546 1521 1542 1604 1556 1568 1537 1555 1588 1559 1584 1585 1607 1544 1611 1551 1530 1606 1554 1531 1587 1548 1536 1545 1540 1613 1534 1609 1549 1577 1525 1599 1571 1575 1590 1562 1523 1573 1583 1578 1561 1597 1580 1586
2541 2500 2516 2543 2526 2515 2531 2544 2507 2483 2477 2513 2522 2491 2553 2517 2510 2474 2482 2508 2479 2478 2560 2558 2493 2551 2488 2552 2562 2550 2489 2555 2514 2497 2565 2519 2503 2542 2539 2476 2502 2564 2472 2529 2548 2546 2532 2545 2485 2520 2524 2496 2471 2492 2554 2506 2518 2487 2505 2538 2509 2534 2535 2557 2494 2561 2501 2480 2556 2504 2481 2537 2498 2486 2495 2490 2563 2484 2559 2499 2527 2475 2549 2521 2525 2540 2512 2473 2523 2533 2528 2511 2547 2530 2536
5581 5540 5556 5583 5566 5555 5571 5584 5547 5523 5517 5553 5562 5531 5593 5557 5550 5514 5522 5548 5519 5518 5600 5598 5533 5591 5528 5592 5602 5590 5529 5595 5554 5537 5605 5559 5543 5582 5579 5516 5542 5604 5512 5569 5588 5586 5572 5585 5525 5560 5564 5536 5511 5532 5594 5546 5558 5527 5545 5578 5549 5574 5575 5597 5534 5601 5541 5520 5596 5544 5521 5577 5538 5526 5535 5530 5603 5524 5599 5539 5567 5515 5589 5561 5565 5580 5552 5513 5563 5573 5568 5551 5587 5570 5576
5296 5255 5271 5298 5281 5270 5286 5299 5262 5238 5232 5268 5277 5246 5308 5272 5265 5229 5237 5263 5234 5233 5315 5313 5248 5306 5243 5307 5317 5305 5244 5310 5269 5252 5320 5274 5258 5297 5294 5231 5257 5319 5227 5284 5303 5301 5287 5300 5240 5275 5279 5251 5226 5247 5309 5261 5273 5242 5260 5293 5264 5289 5290 5312 5249 5316 5256 5235 5311 5259 5236 5292 5253 5241 5250 5245 5318 5239 5314 5254 5282 5230 5304 5276 5280 5295 5267 5228 5278 5288 5283 5266 5302 5285 5291
4916 4875 4891 4918 4901 4890 4906 4919 4882 4858 4852 4888 4897 4866 4928 4892 4885 4849 4857 4883 4854 4853 4935 4933 4868 4926 4863 4927 4937 4925 4864 4930 4889 4872 4940 4894 4878 4917 4914 4851 4877 4939 4847 4904 4923 4921 4907 4920 4860 4895 4899 4871 4846 4867 4929 4881 4893 4862 4880 4913 4884 4909 4910 4932 4869 4936 4876 4855 4931 4879 4856 4912 4873 4861 4870 4865 4938 4859 4934 4874 4902 4850 4924 4896 4900 4915 4887 4848 4898 4908 4903 4886 4922 4905 4911
6816 6775 6791 6818 6801 6790 6806 6819 6782 6758 6752 6788 6797 6766 6828 6792 6785 6749 6757 6783 6754 6753 6835 6833 6768 6826 6763 6827 6837 6825 6764 6830 6789 6772 6840 6794 6778 6817 6814 6751 6777 6839 6747 6804 6823 6821 6807 6820 6760 6795 6799 6771 6746 6767 6829 6781 6793 6762 6780 6813 6784 6809 6810 6832 6769 6836 6776 6755 6831 6779 6756 6812 6773 6761 6770 6765 6838 6759 6834 6774 6802 6750 6824 6796 6800 6815 6787 6748 6798 6808 6803 6786 6822 6805 6811
2066 2025 2041 2068 2051 2040 2056 2069 2032 2008 2002 2038 2047 2016 2078 2042 2035 1999 2007 2033 2004 2003 2085 2083 2018 2076 2013 2077 2087 2075 2014 2080 2039 2022 2090 2044 2028 2067 2064 2001 2027 2089 1997 2054 2073 2071 2057 2070 2010 2045 2049 2021 1996 2017 2079 2031 2043 2012 2030 2063 2034 2059 2060 2082 2019 2086 2026 2005 2081 2029 2006 2062 2023 2011 2020 2015 2088 2009 2084 2024 2052 2000 2074 2046 2050 2065 2037 1998 2048 2058 2053 2036 2072 2055 2061
4346 4305 4321 4348 4331 4320 4336 4349 4312 4288 4282 4318 4327 4296 4358 4322 4315 4279 4287 4313 4284 4283 4365 4363 4298 4356 4293 4357 4367 4355 4294 4360 4319 4302 4370 4324 4308 4347 4344 4281 4307 4369 4277 4334 4353 4351 4337 4350 4290 4325 4329 4301 4276 4297 4359 4311 4323 4292 4310 4343 4314 4339 4340 4362 4299 4366 4306 4285 4361 4309 4286 4342 4303 4291 4300 4295 4368 4289 4364 4304 4332 4280 4354 4326 4330 4345 4317 4278 4328 4338 4333 4316 4352 4335 4341
6531 6490 6506 6533 6516 6505 6521 6534 6497 6473 6467 6503 6512 6481 6543 6507 6500 6464 6472 6498 6469 6468 6550 6548 6483 6541 6478 6542 6552 6540 6479 6545 6504 6487 6555 6509 6493 6532 6529 6466 6492 6554 6462 6519 6538 6536 6522 6535 6475 6510 6514 6486 6461 6482 6544 6496 6508 6477 6495 6528 6499 6524 6525 6547 6484 6551 6491 6470 6546 6494 6471 6527 6488 6476 6485 6480 6553 6474 6549 6489 6517 6465 6539 6511 6515 6530 6502 6463 6513 6523 6518 6501 6537 6520 6526
4536 4495 4511 4538 4521 4510 4526 4539 4502 4478 4472 4508 4517 4486 4548 4512 4505 4469 4477 4503 4474 4473 4555 4553 4488 4546 4483 4547 4557 4545 4484 4550 4509 4492 4560 4514 4498 4537 4534 4471 4497 4559 4467 4524 4543 4541 4527 4540 4480 4515 4519 4491 4466 4487 4549 4501 4513 4482 4500 4533 4504 4529 4530 4552 4489 4556 4496 4475 4551 4499 4476 4532 4493 4481 4490 4485 4558 4479 4554 4494 4522 4470 4544 4516 4520 4535 4507 4468 4518 4528 4523 4506 4542 4525 4531
3396 3355 3371 3398 3381 3370 3386 3399 3362 3338 3332 3368 3377 3346 3408 3372 3365 3329 3337 3363 3334 3333 3415 3413 3348 3406 3343 3407 3417 3405 3344 3410 3369 3352 3420 3374 3358 3397 3394 3331 3357 3419 3327 3384 3403 3401 3387 3400 3340 3375 3379 3351 3326 3347 3409 3361 3373 3342 3360 3393 3364 3389 3390 3412 3349 3416 3356 3335 3411 3359 3336 3392 3353 3341 3350 3345 3418 3339 3414 3354 3382 3330 3404 3376 3380 3395 3367 3328 3378 3388 3383 3366 3402 3385 3391
3586 3545 3561 3588 3571 3560 3576 3589 3552 3528 3522 3558 3567 3536 3598 3562 3555 3519 3527 3553 3524 3523 3605 3603 3538 3596 3533 3597 3607 3595 3534 3600 3559 3542 3610 3564 3548 3587 3584 3521 3547 3609 3517 3574 3593 3591 3577 3590 3530 3565 3569 3541 3516 3537 3599 3551 3563 3532 3550 3583 3554 3579 3580 3602 3539 3606 3546 3525 3601 3549 3526 3582 3543 3531 3540 3535 3608 3529 3604 3544 3572 3520 3594 3566 3570 3585 3557 3518 3568 3578 3573 3556 3592 3575 3581
2351 2310 2326 2353 2336 2325 2341 2354 2317 2293 2287 2323 2332 2301 2363 2327 2320 2284 2292 2318 2289 2288 2370 2368 2303 2361 2298 2362 2372 2360 2299 2365 2324 2307 2375 2329 2313 2352 2349 2286 2312 2374 2282 2339 2358 2356 2342 2355 2295 2330 2334 2306 2281 2302 2364 2316 2328 2297 2315 2348 2319 2344 2345 2367 2304 2371 2311 2290 2366 2314 2291 2347 2308 2296 2305 2300 2373 2294 2369 2309 2337 2285 2359 2331 2335 2350 2322 2283 2333 2343 2338 2321 2357 2340 2346
3871 3830 3846 3873 3856 3845 3861 3874 3837 3813 3807 3843 3852 3821 3883 3847 3840 3804 3812 3838 3809 3808 3890 3888 3823 3881 3818 3882 3892 3880 3819 3885 3844 3827 3895 3849 3833 3872 3869 3806 3832 3894 3802 3859 3878 3876 3862 3875 3815 3850 3854 3826 3801 3822 3884 3836 3848 3817 3835 3868 3839 3864 3865 3887 3824 3891 3831 3810 3886 3834 3811 3867 3828 3816 3825 3820 3893 3814 3889 3829 3857 3805 3879 3851 3855 3870 3842 3803 3853 3863 3858 3841 3877 3860 3866
1876 1835 1851 1878 1861 1850 1866 1879 1842 1818 1812 1848 1857 1826 1888 1852 1845 1809 1817 1843 1814 1813 1895 1893 1828 1886 1823 1887 1897 1885 1824 1890 1849 1832 1900 1854 1838 1877 1874 1811 1837 1899 1807 1864 1883 1881 1867 1880 1820 1855 1859 1831 1806 1827 1889 1841 1853 1822 1840 1873 1844 1869 1870 1892 1829 1896 1836 1815 1891 1839 1816 1872 1833 1821 1830 1825 1898 1819 1894 1834 1862 1810 1884 1856 1860 1875 1847 1808 1858 1868 1863 1846 1882 1865 1871
5106 5065 5081 5108 5091 5080 5096 5109 5072 5048 5042 5078 5087 5056 5118 5082 5075 5039 5047 5073 5044 5043 5125 5123 5058 5116 5053 5117 5127 5115 5054 5120 5079 5062 5130 5084 5068 5107 5104 5041 5067 5129 5037 5094 5113 5111 5097 5110 5050 5085 5089 5061 5036 5057 5119 5071 5083 5052 5070 5103 5074 5099 5100 5122 5059 5126 5066 5045 5121 5069 5046 5102 5063 5051 5060 5055 5128 5049 5124 5064 5092 5040 5114 5086 5090 5105 5077 5038 5088 5098 5093 5076 5112 5095 5101
5961 5920 5936 5963 5946 5935 5951 5964 5927 5903 5897 5933 5942 5911 5973 5937 5930 5894 5902 5928 5899 5898 5980 5978 5913 5971 5908 5972 5982 5970 5909 5975 5934 5917 5985 5939 5923 5962 5959 5896 5922 5984 5892 5949 5968 5966 5952 5965 5905 5940 5944 5916 5891 5912 5974 5926 5938 5907 5925 5958 5929 5954 5955 5977 5914 5981 5921 5900 5976 5924 5901 5957 5918 5906 5915 5910 5983 5904 5979 5919 5947 5895 5969 5941 5945 5960 5932 5893 5943 5953 5948 5931 5967 5950 5956
641 600 616 643 626 615 631 644 607 583 577 613 622 591 653 617 610 574 582 608 579 578 660 658 593 651 588 652 662 650 589 655 614 597 665 619 603 642 639 576 602 664 572 629 648 646 632 645 585 620 624 596 571 592 654 606 618 587 605 638 609 634 635 657 594 661 601 580 656 604 581 637 598 586 595 590 663 584 659 599 627 575 649 621 625 640 612 573 623 633 628 611 647 630 636
7101 7060 7076 7103 7086 7075 7091 7104 7067 7043 7037 7073 7082 7051 7113 7077 7070 7034 7042 7068 7039 7038 7120 7118 7053 7111 7048 7112 7122 7110 7049 7115 7074 7057 7125 7079 7063 7102 7099 7036 7062 7124 7032 7089 7108 7106 7092 7105 7045 7080 7084 7056 7031 7052 7114 7066 7078 7047 7065 7098 7069 7094 7095 7117 7054 7121 7061 7040 7116 7064 7041 7097 7058 7046 7055 7050 7123 7044 7119 7059 7087 7035 7109 7081 7085 7100 7072 7033 7083 7093 7088 7071 7107 7090 7096
